c This is a uniform distributed  1-D DIMACS file 
c width height point_number
p 1000 1000 512
3 0
4 0
7 0
8 0
10 0
11 0
12 0
14 0
15 0
18 0
20 0
21 0
22 0
24 0
25 0
27 0
29 0
30 0
32 0
35 0
37 0
38 0
39 0
43 0
45 0
46 0
47 0
48 0
49 0
53 0
55 0
56 0
62 0
63 0
68 0
69 0
70 0
73 0
76 0
78 0
82 0
83 0
86 0
87 0
88 0
89 0
95 0
96 0
98 0
99 0
100 0
103 0
105 0
106 0
111 0
113 0
114 0
115 0
116 0
118 0
119 0
122 0
123 0
124 0
129 0
133 0
134 0
136 0
137 0
138 0
139 0
140 0
141 0
143 0
144 0
145 0
148 0
151 0
153 0
155 0
156 0
157 0
161 0
162 0
165 0
167 0
169 0
170 0
171 0
172 0
173 0
175 0
178 0
179 0
180 0
185 0
188 0
190 0
191 0
192 0
193 0
199 0
200 0
202 0
203 0
204 0
206 0
207 0
210 0
213 0
215 0
216 0
217 0
218 0
221 0
222 0
226 0
227 0
230 0
232 0
238 0
240 0
242 0
243 0
244 0
248 0
249 0
252 0
253 0
256 0
258 0
260 0
261 0
262 0
263 0
267 0
268 0
269 0
270 0
271 0
272 0
276 0
278 0
279 0
280 0
281 0
286 0
291 0
292 0
294 0
296 0
298 0
300 0
302 0
305 0
310 0
311 0
316 0
317 0
322 0
323 0
324 0
325 0
326 0
327 0
337 0
338 0
340 0
341 0
342 0
343 0
344 0
348 0
350 0
352 0
355 0
357 0
358 0
359 0
360 0
361 0
362 0
363 0
364 0
365 0
370 0
372 0
374 0
376 0
377 0
378 0
379 0
381 0
382 0
383 0
384 0
386 0
387 0
389 0
390 0
394 0
395 0
396 0
397 0
400 0
401 0
403 0
404 0
406 0
407 0
411 0
413 0
417 0
418 0
419 0
420 0
421 0
423 0
424 0
425 0
426 0
427 0
433 0
435 0
436 0
439 0
441 0
446 0
448 0
449 0
450 0
451 0
452 0
453 0
454 0
455 0
457 0
458 0
459 0
460 0
461 0
464 0
465 0
467 0
468 0
471 0
474 0
475 0
477 0
481 0
482 0
483 0
484 0
485 0
488 0
490 0
492 0
494 0
495 0
498 0
508 0
509 0
512 0
514 0
515 0
517 0
520 0
523 0
526 0
527 0
528 0
529 0
531 0
533 0
534 0
536 0
537 0
542 0
549 0
551 0
552 0
553 0
556 0
560 0
561 0
562 0
564 0
565 0
567 0
570 0
571 0
572 0
573 0
576 0
578 0
582 0
583 0
584 0
586 0
587 0
589 0
592 0
595 0
598 0
599 0
603 0
604 0
606 0
608 0
609 0
610 0
611 0
612 0
613 0
614 0
615 0
616 0
617 0
618 0
619 0
621 0
625 0
627 0
629 0
631 0
632 0
635 0
637 0
640 0
642 0
643 0
646 0
647 0
648 0
649 0
650 0
651 0
654 0
658 0
660 0
661 0
663 0
665 0
666 0
668 0
669 0
670 0
673 0
674 0
677 0
679 0
680 0
684 0
685 0
686 0
691 0
695 0
696 0
699 0
700 0
701 0
702 0
703 0
704 0
706 0
708 0
710 0
711 0
712 0
713 0
714 0
716 0
717 0
718 0
722 0
724 0
731 0
733 0
734 0
735 0
736 0
738 0
739 0
740 0
742 0
743 0
744 0
745 0
749 0
751 0
757 0
759 0
760 0
762 0
764 0
767 0
768 0
770 0
771 0
772 0
775 0
777 0
778 0
782 0
784 0
788 0
789 0
793 0
795 0
796 0
798 0
801 0
802 0
804 0
809 0
810 0
817 0
818 0
820 0
822 0
826 0
828 0
829 0
830 0
831 0
833 0
835 0
836 0
840 0
842 0
843 0
844 0
846 0
850 0
852 0
853 0
857 0
860 0
865 0
866 0
867 0
868 0
871 0
872 0
873 0
874 0
876 0
878 0
881 0
884 0
886 0
888 0
892 0
893 0
894 0
896 0
898 0
903 0
904 0
906 0
907 0
911 0
912 0
915 0
916 0
918 0
925 0
927 0
928 0
929 0
930 0
931 0
932 0
933 0
937 0
938 0
941 0
942 0
943 0
946 0
947 0
948 0
949 0
950 0
952 0
955 0
956 0
957 0
958 0
961 0
963 0
964 0
965 0
966 0
967 0
968 0
969 0
971 0
972 0
975 0
978 0
981 0
982 0
983 0
984 0
986 0
987 0
989 0
991 0
992 0
995 0
999 0
