c This is a uniform distributed  1-D DIMACS file 
c width height point_number
p 1000 1000 512
2 0
5 0
6 0
7 0
8 0
9 0
10 0
11 0
13 0
17 0
18 0
19 0
20 0
25 0
28 0
29 0
30 0
31 0
32 0
33 0
34 0
35 0
44 0
45 0
46 0
47 0
48 0
49 0
50 0
51 0
52 0
55 0
59 0
62 0
63 0
64 0
65 0
66 0
69 0
71 0
77 0
78 0
79 0
80 0
81 0
83 0
84 0
85 0
86 0
89 0
90 0
93 0
94 0
96 0
100 0
101 0
102 0
103 0
104 0
105 0
107 0
108 0
109 0
111 0
112 0
113 0
114 0
115 0
119 0
120 0
121 0
124 0
129 0
131 0
132 0
133 0
134 0
135 0
137 0
138 0
139 0
141 0
142 0
149 0
150 0
158 0
159 0
161 0
162 0
163 0
167 0
168 0
169 0
170 0
172 0
173 0
175 0
177 0
178 0
179 0
180 0
183 0
185 0
186 0
190 0
193 0
198 0
199 0
203 0
204 0
205 0
207 0
208 0
209 0
210 0
211 0
212 0
213 0
215 0
216 0
218 0
220 0
226 0
228 0
229 0
232 0
237 0
239 0
240 0
241 0
242 0
244 0
245 0
247 0
249 0
251 0
256 0
258 0
260 0
262 0
265 0
266 0
267 0
268 0
270 0
272 0
276 0
282 0
283 0
285 0
287 0
288 0
291 0
292 0
293 0
294 0
297 0
299 0
300 0
302 0
303 0
304 0
309 0
311 0
313 0
314 0
315 0
318 0
319 0
320 0
324 0
325 0
327 0
329 0
330 0
332 0
334 0
336 0
337 0
339 0
343 0
344 0
346 0
349 0
350 0
352 0
357 0
360 0
362 0
364 0
368 0
369 0
370 0
371 0
373 0
374 0
376 0
378 0
380 0
381 0
382 0
384 0
385 0
386 0
394 0
397 0
401 0
404 0
405 0
406 0
410 0
412 0
416 0
418 0
419 0
420 0
422 0
423 0
424 0
427 0
428 0
432 0
434 0
437 0
441 0
442 0
444 0
446 0
447 0
448 0
451 0
452 0
455 0
456 0
457 0
458 0
459 0
463 0
466 0
467 0
469 0
470 0
472 0
475 0
476 0
477 0
483 0
485 0
487 0
489 0
490 0
492 0
494 0
495 0
497 0
500 0
502 0
504 0
505 0
506 0
509 0
510 0
511 0
517 0
518 0
522 0
523 0
524 0
525 0
528 0
529 0
530 0
532 0
534 0
535 0
537 0
540 0
541 0
542 0
544 0
545 0
546 0
548 0
549 0
551 0
552 0
553 0
554 0
555 0
556 0
559 0
560 0
561 0
562 0
563 0
564 0
566 0
567 0
572 0
573 0
576 0
578 0
580 0
581 0
582 0
585 0
587 0
591 0
592 0
593 0
594 0
596 0
598 0
600 0
601 0
606 0
610 0
613 0
614 0
615 0
618 0
621 0
623 0
625 0
629 0
630 0
634 0
637 0
638 0
639 0
641 0
642 0
646 0
648 0
650 0
656 0
658 0
661 0
662 0
663 0
664 0
665 0
668 0
669 0
672 0
674 0
675 0
677 0
679 0
683 0
684 0
686 0
687 0
689 0
690 0
692 0
693 0
696 0
698 0
700 0
701 0
702 0
703 0
707 0
708 0
709 0
711 0
714 0
716 0
719 0
720 0
721 0
722 0
727 0
730 0
732 0
734 0
742 0
748 0
753 0
755 0
756 0
757 0
758 0
760 0
761 0
763 0
764 0
767 0
768 0
769 0
771 0
773 0
775 0
777 0
778 0
782 0
784 0
785 0
786 0
790 0
795 0
796 0
797 0
798 0
799 0
800 0
804 0
805 0
807 0
808 0
810 0
811 0
817 0
821 0
822 0
823 0
825 0
826 0
831 0
833 0
834 0
836 0
837 0
838 0
840 0
843 0
844 0
847 0
848 0
850 0
851 0
852 0
855 0
857 0
859 0
861 0
862 0
863 0
864 0
866 0
867 0
868 0
869 0
870 0
871 0
873 0
874 0
876 0
877 0
879 0
880 0
881 0
886 0
888 0
890 0
892 0
893 0
895 0
896 0
900 0
901 0
902 0
904 0
906 0
908 0
909 0
913 0
914 0
918 0
919 0
924 0
925 0
926 0
927 0
930 0
931 0
932 0
933 0
934 0
935 0
937 0
938 0
940 0
942 0
944 0
946 0
951 0
953 0
955 0
957 0
962 0
964 0
968 0
973 0
974 0
975 0
976 0
978 0
981 0
982 0
983 0
988 0
989 0
990 0
991 0
992 0
994 0
995 0
997 0
998 0
999 0
