c This is a uniform distributed  1-D DIMACS file 
c width height point_number
p 1000 1000 512
1 0
3 0
4 0
6 0
7 0
9 0
10 0
15 0
19 0
25 0
28 0
31 0
33 0
34 0
35 0
37 0
40 0
41 0
44 0
46 0
51 0
57 0
58 0
61 0
65 0
67 0
70 0
71 0
73 0
77 0
79 0
80 0
81 0
84 0
86 0
88 0
91 0
93 0
95 0
96 0
97 0
99 0
100 0
104 0
105 0
106 0
107 0
108 0
109 0
110 0
112 0
113 0
117 0
118 0
119 0
121 0
124 0
125 0
130 0
135 0
136 0
141 0
145 0
147 0
151 0
152 0
153 0
154 0
157 0
161 0
165 0
166 0
168 0
170 0
172 0
173 0
176 0
177 0
178 0
179 0
181 0
183 0
186 0
187 0
188 0
189 0
193 0
194 0
195 0
196 0
198 0
199 0
201 0
202 0
203 0
204 0
207 0
210 0
212 0
214 0
215 0
217 0
218 0
220 0
222 0
223 0
224 0
225 0
228 0
233 0
235 0
236 0
237 0
238 0
239 0
240 0
244 0
246 0
249 0
251 0
252 0
253 0
254 0
255 0
258 0
259 0
260 0
261 0
264 0
265 0
266 0
267 0
268 0
270 0
272 0
273 0
275 0
276 0
279 0
280 0
281 0
282 0
285 0
286 0
287 0
293 0
294 0
295 0
296 0
297 0
298 0
301 0
303 0
305 0
307 0
308 0
311 0
312 0
314 0
319 0
321 0
323 0
327 0
328 0
329 0
334 0
336 0
337 0
338 0
339 0
340 0
341 0
344 0
347 0
348 0
349 0
350 0
351 0
352 0
357 0
358 0
359 0
360 0
361 0
364 0
366 0
367 0
370 0
372 0
374 0
384 0
385 0
386 0
388 0
389 0
390 0
394 0
399 0
408 0
409 0
411 0
412 0
416 0
418 0
421 0
427 0
429 0
433 0
435 0
436 0
437 0
439 0
440 0
441 0
442 0
444 0
445 0
446 0
448 0
451 0
452 0
454 0
455 0
459 0
460 0
461 0
465 0
468 0
469 0
473 0
475 0
476 0
477 0
479 0
482 0
483 0
486 0
488 0
489 0
490 0
493 0
495 0
496 0
499 0
500 0
503 0
507 0
509 0
510 0
514 0
516 0
518 0
520 0
521 0
522 0
525 0
526 0
530 0
533 0
535 0
538 0
540 0
542 0
544 0
545 0
547 0
548 0
549 0
550 0
556 0
557 0
558 0
560 0
561 0
564 0
565 0
567 0
568 0
570 0
572 0
573 0
577 0
578 0
579 0
580 0
581 0
582 0
583 0
584 0
585 0
588 0
591 0
593 0
594 0
595 0
597 0
600 0
603 0
604 0
605 0
606 0
607 0
608 0
610 0
611 0
612 0
614 0
615 0
617 0
623 0
625 0
627 0
628 0
629 0
631 0
634 0
635 0
637 0
638 0
642 0
643 0
645 0
648 0
649 0
652 0
653 0
655 0
657 0
658 0
660 0
661 0
662 0
664 0
666 0
667 0
669 0
670 0
675 0
676 0
678 0
679 0
682 0
683 0
684 0
685 0
686 0
689 0
692 0
693 0
695 0
696 0
697 0
699 0
703 0
704 0
709 0
711 0
713 0
715 0
716 0
717 0
718 0
720 0
723 0
725 0
726 0
727 0
728 0
733 0
735 0
736 0
737 0
740 0
742 0
745 0
750 0
752 0
754 0
755 0
757 0
758 0
759 0
762 0
763 0
764 0
765 0
768 0
770 0
772 0
773 0
775 0
776 0
777 0
778 0
779 0
780 0
781 0
785 0
786 0
787 0
788 0
789 0
790 0
792 0
793 0
795 0
797 0
799 0
800 0
804 0
806 0
807 0
808 0
809 0
810 0
811 0
814 0
824 0
826 0
827 0
832 0
833 0
835 0
836 0
837 0
839 0
841 0
844 0
845 0
847 0
848 0
849 0
851 0
852 0
853 0
855 0
860 0
861 0
863 0
865 0
866 0
868 0
870 0
871 0
872 0
873 0
875 0
876 0
877 0
880 0
881 0
882 0
890 0
891 0
892 0
893 0
894 0
897 0
898 0
899 0
901 0
902 0
903 0
904 0
906 0
908 0
909 0
911 0
912 0
914 0
916 0
920 0
921 0
922 0
924 0
925 0
927 0
928 0
929 0
931 0
934 0
935 0
939 0
940 0
941 0
942 0
944 0
946 0
947 0
948 0
950 0
952 0
954 0
956 0
957 0
960 0
963 0
964 0
965 0
969 0
971 0
977 0
978 0
980 0
981 0
985 0
986 0
988 0
989 0
996 0
997 0
998 0
