c This is a uniform distributed  1-D DIMACS file 
c width height point_number
p 1000 1000 512
2 0
3 0
4 0
5 0
6 0
8 0
10 0
12 0
14 0
15 0
16 0
17 0
21 0
28 0
30 0
31 0
33 0
34 0
38 0
42 0
45 0
46 0
47 0
48 0
49 0
51 0
54 0
56 0
58 0
59 0
61 0
65 0
66 0
69 0
70 0
72 0
74 0
77 0
80 0
82 0
83 0
84 0
85 0
86 0
87 0
89 0
90 0
91 0
92 0
94 0
95 0
96 0
98 0
99 0
100 0
105 0
109 0
110 0
112 0
116 0
123 0
124 0
126 0
127 0
132 0
133 0
136 0
137 0
138 0
141 0
142 0
145 0
148 0
149 0
150 0
152 0
156 0
157 0
158 0
161 0
167 0
168 0
171 0
172 0
173 0
174 0
177 0
178 0
179 0
180 0
182 0
183 0
184 0
185 0
187 0
189 0
192 0
193 0
195 0
196 0
198 0
200 0
201 0
202 0
205 0
207 0
208 0
209 0
210 0
211 0
213 0
214 0
220 0
222 0
223 0
226 0
227 0
228 0
229 0
232 0
234 0
236 0
237 0
239 0
241 0
243 0
244 0
245 0
246 0
247 0
248 0
249 0
250 0
252 0
253 0
254 0
255 0
256 0
258 0
262 0
264 0
265 0
266 0
267 0
268 0
271 0
272 0
273 0
276 0
277 0
278 0
280 0
281 0
284 0
288 0
291 0
292 0
293 0
295 0
296 0
300 0
301 0
303 0
304 0
306 0
307 0
309 0
311 0
312 0
313 0
319 0
321 0
322 0
324 0
326 0
329 0
330 0
331 0
335 0
339 0
341 0
342 0
343 0
344 0
348 0
349 0
350 0
355 0
359 0
362 0
369 0
370 0
371 0
372 0
375 0
376 0
378 0
379 0
382 0
385 0
386 0
387 0
389 0
391 0
397 0
398 0
399 0
400 0
401 0
403 0
404 0
408 0
409 0
411 0
415 0
421 0
427 0
429 0
430 0
431 0
432 0
434 0
436 0
438 0
442 0
444 0
445 0
446 0
448 0
449 0
451 0
452 0
453 0
454 0
455 0
456 0
458 0
460 0
461 0
463 0
464 0
467 0
468 0
473 0
476 0
477 0
479 0
481 0
482 0
483 0
484 0
485 0
486 0
487 0
488 0
491 0
493 0
495 0
498 0
499 0
504 0
506 0
507 0
508 0
509 0
510 0
512 0
513 0
515 0
517 0
518 0
520 0
521 0
522 0
524 0
525 0
526 0
527 0
528 0
531 0
532 0
533 0
534 0
535 0
537 0
538 0
539 0
545 0
546 0
547 0
548 0
550 0
551 0
552 0
554 0
555 0
556 0
557 0
558 0
564 0
565 0
566 0
567 0
569 0
570 0
571 0
572 0
574 0
576 0
578 0
583 0
588 0
589 0
591 0
596 0
601 0
603 0
604 0
608 0
609 0
612 0
615 0
617 0
624 0
625 0
628 0
632 0
636 0
638 0
640 0
642 0
645 0
647 0
648 0
650 0
651 0
652 0
653 0
656 0
657 0
660 0
663 0
664 0
665 0
666 0
667 0
669 0
672 0
673 0
675 0
681 0
683 0
685 0
686 0
688 0
691 0
692 0
693 0
695 0
696 0
697 0
700 0
701 0
702 0
703 0
704 0
706 0
707 0
709 0
711 0
714 0
715 0
717 0
719 0
720 0
723 0
724 0
727 0
729 0
731 0
734 0
736 0
739 0
740 0
745 0
747 0
748 0
750 0
751 0
760 0
761 0
764 0
765 0
766 0
768 0
769 0
771 0
772 0
774 0
775 0
780 0
783 0
785 0
793 0
794 0
795 0
797 0
799 0
801 0
803 0
804 0
808 0
809 0
810 0
811 0
813 0
817 0
821 0
823 0
824 0
825 0
827 0
831 0
837 0
839 0
841 0
843 0
844 0
847 0
851 0
853 0
857 0
859 0
862 0
863 0
864 0
868 0
869 0
872 0
874 0
876 0
877 0
878 0
879 0
880 0
881 0
884 0
885 0
887 0
888 0
890 0
891 0
893 0
894 0
895 0
898 0
899 0
900 0
901 0
903 0
905 0
908 0
913 0
916 0
917 0
920 0
923 0
927 0
928 0
931 0
932 0
933 0
934 0
935 0
936 0
938 0
939 0
942 0
944 0
946 0
947 0
948 0
949 0
952 0
954 0
955 0
957 0
958 0
959 0
960 0
962 0
963 0
964 0
965 0
967 0
968 0
970 0
975 0
976 0
977 0
978 0
979 0
981 0
982 0
983 0
985 0
986 0
991 0
992 0
995 0
998 0
999 0
