c This is a uniform distributed  1-D DIMACS file 
c width height point_number
p 1000 1000 512
2 0
3 0
4 0
9 0
11 0
13 0
14 0
15 0
20 0
24 0
25 0
27 0
29 0
33 0
34 0
35 0
36 0
37 0
39 0
40 0
41 0
43 0
44 0
45 0
46 0
51 0
53 0
54 0
56 0
61 0
63 0
67 0
68 0
70 0
71 0
77 0
82 0
83 0
87 0
88 0
90 0
91 0
94 0
104 0
107 0
108 0
112 0
113 0
116 0
117 0
119 0
120 0
126 0
127 0
128 0
131 0
132 0
133 0
135 0
136 0
137 0
139 0
141 0
143 0
146 0
147 0
148 0
149 0
155 0
158 0
160 0
161 0
163 0
168 0
169 0
172 0
173 0
174 0
176 0
181 0
186 0
187 0
188 0
189 0
190 0
191 0
192 0
193 0
195 0
197 0
198 0
199 0
201 0
204 0
206 0
207 0
208 0
209 0
211 0
212 0
215 0
216 0
217 0
220 0
221 0
222 0
223 0
226 0
229 0
230 0
233 0
234 0
236 0
238 0
241 0
242 0
243 0
244 0
245 0
246 0
247 0
249 0
252 0
253 0
254 0
255 0
256 0
258 0
260 0
261 0
265 0
268 0
270 0
271 0
272 0
273 0
274 0
276 0
278 0
279 0
281 0
282 0
283 0
286 0
288 0
290 0
292 0
294 0
295 0
296 0
299 0
305 0
306 0
308 0
312 0
314 0
315 0
316 0
317 0
318 0
321 0
322 0
325 0
328 0
332 0
333 0
335 0
336 0
338 0
339 0
340 0
344 0
345 0
346 0
347 0
348 0
349 0
350 0
351 0
353 0
354 0
356 0
358 0
360 0
363 0
364 0
365 0
366 0
369 0
370 0
371 0
373 0
375 0
377 0
378 0
384 0
385 0
386 0
387 0
390 0
392 0
393 0
396 0
397 0
400 0
401 0
402 0
405 0
410 0
411 0
414 0
415 0
417 0
421 0
423 0
427 0
429 0
431 0
432 0
433 0
434 0
437 0
439 0
440 0
441 0
443 0
445 0
447 0
448 0
449 0
450 0
451 0
453 0
454 0
455 0
457 0
458 0
463 0
465 0
466 0
467 0
470 0
471 0
473 0
474 0
476 0
477 0
478 0
481 0
488 0
490 0
491 0
492 0
499 0
500 0
501 0
502 0
503 0
504 0
506 0
509 0
510 0
511 0
517 0
521 0
524 0
525 0
527 0
528 0
529 0
532 0
536 0
537 0
538 0
539 0
540 0
542 0
544 0
545 0
547 0
549 0
550 0
551 0
552 0
555 0
556 0
557 0
558 0
560 0
561 0
562 0
563 0
565 0
569 0
570 0
571 0
579 0
580 0
589 0
590 0
592 0
593 0
594 0
595 0
598 0
602 0
603 0
606 0
607 0
611 0
613 0
615 0
618 0
619 0
622 0
624 0
626 0
627 0
630 0
631 0
632 0
633 0
637 0
638 0
639 0
640 0
641 0
643 0
645 0
646 0
647 0
648 0
649 0
650 0
651 0
653 0
654 0
655 0
658 0
659 0
661 0
668 0
670 0
672 0
674 0
675 0
676 0
677 0
678 0
679 0
680 0
681 0
682 0
684 0
690 0
694 0
698 0
701 0
703 0
704 0
705 0
707 0
708 0
711 0
714 0
716 0
722 0
724 0
725 0
729 0
731 0
733 0
735 0
736 0
738 0
739 0
741 0
744 0
745 0
746 0
747 0
749 0
750 0
751 0
752 0
756 0
758 0
762 0
765 0
766 0
767 0
770 0
771 0
773 0
775 0
777 0
778 0
779 0
781 0
783 0
784 0
787 0
788 0
789 0
795 0
796 0
798 0
799 0
800 0
804 0
805 0
809 0
811 0
813 0
814 0
818 0
821 0
822 0
823 0
825 0
826 0
833 0
835 0
836 0
837 0
838 0
839 0
841 0
843 0
845 0
846 0
848 0
850 0
851 0
852 0
853 0
855 0
856 0
858 0
859 0
862 0
866 0
867 0
869 0
870 0
871 0
872 0
873 0
875 0
877 0
878 0
880 0
885 0
888 0
890 0
892 0
893 0
894 0
896 0
899 0
902 0
906 0
908 0
909 0
910 0
911 0
913 0
914 0
916 0
917 0
918 0
921 0
923 0
926 0
928 0
929 0
930 0
931 0
932 0
934 0
936 0
939 0
940 0
941 0
942 0
945 0
950 0
951 0
952 0
953 0
957 0
961 0
964 0
965 0
968 0
969 0
975 0
976 0
977 0
979 0
980 0
981 0
982 0
983 0
985 0
988 0
990 0
992 0
993 0
996 0
998 0
999 0
