c This is a uniform distributed  1-D DIMACS file 
c width height point_number
p 1000 1000 512
1 0
4 0
5 0
7 0
13 0
14 0
16 0
18 0
21 0
22 0
23 0
27 0
28 0
29 0
31 0
34 0
37 0
40 0
41 0
42 0
46 0
48 0
50 0
52 0
54 0
56 0
57 0
58 0
59 0
60 0
61 0
62 0
63 0
64 0
65 0
68 0
69 0
70 0
71 0
72 0
73 0
74 0
75 0
76 0
79 0
80 0
85 0
89 0
92 0
93 0
94 0
96 0
97 0
98 0
102 0
103 0
106 0
107 0
108 0
110 0
114 0
118 0
120 0
122 0
123 0
126 0
129 0
130 0
131 0
132 0
133 0
134 0
135 0
137 0
139 0
140 0
141 0
143 0
148 0
153 0
154 0
155 0
156 0
157 0
162 0
164 0
165 0
166 0
168 0
170 0
171 0
172 0
174 0
175 0
177 0
178 0
179 0
185 0
186 0
187 0
188 0
190 0
191 0
194 0
197 0
198 0
199 0
200 0
201 0
206 0
208 0
210 0
212 0
216 0
218 0
219 0
220 0
222 0
224 0
225 0
227 0
229 0
230 0
231 0
232 0
234 0
236 0
237 0
240 0
241 0
242 0
243 0
246 0
248 0
251 0
252 0
255 0
257 0
259 0
262 0
263 0
267 0
269 0
270 0
272 0
273 0
276 0
277 0
278 0
279 0
282 0
284 0
289 0
290 0
291 0
292 0
293 0
297 0
299 0
300 0
301 0
302 0
303 0
305 0
307 0
308 0
309 0
310 0
311 0
312 0
313 0
319 0
321 0
323 0
326 0
328 0
333 0
335 0
336 0
339 0
341 0
342 0
343 0
344 0
347 0
349 0
350 0
352 0
353 0
356 0
358 0
361 0
363 0
368 0
372 0
373 0
374 0
376 0
378 0
379 0
381 0
382 0
385 0
386 0
389 0
392 0
393 0
394 0
398 0
401 0
403 0
404 0
405 0
406 0
407 0
410 0
411 0
412 0
415 0
416 0
420 0
421 0
423 0
426 0
427 0
428 0
429 0
430 0
431 0
432 0
433 0
435 0
436 0
437 0
438 0
439 0
440 0
441 0
445 0
447 0
448 0
450 0
451 0
452 0
453 0
457 0
458 0
462 0
463 0
466 0
467 0
472 0
476 0
478 0
481 0
487 0
488 0
491 0
496 0
498 0
499 0
500 0
502 0
505 0
507 0
508 0
509 0
510 0
512 0
513 0
517 0
518 0
519 0
520 0
522 0
523 0
526 0
527 0
532 0
534 0
540 0
544 0
545 0
546 0
548 0
549 0
557 0
560 0
562 0
563 0
564 0
565 0
567 0
569 0
573 0
577 0
579 0
581 0
582 0
584 0
585 0
588 0
589 0
591 0
592 0
593 0
596 0
598 0
600 0
601 0
602 0
604 0
605 0
606 0
607 0
608 0
612 0
615 0
616 0
617 0
618 0
621 0
622 0
623 0
624 0
626 0
631 0
635 0
636 0
639 0
642 0
643 0
644 0
645 0
646 0
647 0
648 0
650 0
653 0
654 0
656 0
659 0
662 0
663 0
665 0
667 0
668 0
671 0
672 0
674 0
676 0
677 0
678 0
682 0
684 0
686 0
687 0
689 0
691 0
692 0
693 0
694 0
695 0
696 0
698 0
699 0
700 0
702 0
705 0
707 0
708 0
709 0
711 0
712 0
713 0
721 0
722 0
724 0
727 0
730 0
731 0
733 0
737 0
741 0
743 0
744 0
748 0
750 0
751 0
752 0
754 0
757 0
762 0
763 0
765 0
768 0
770 0
772 0
773 0
775 0
778 0
779 0
780 0
782 0
787 0
788 0
791 0
792 0
793 0
794 0
798 0
799 0
800 0
802 0
804 0
805 0
807 0
810 0
811 0
812 0
813 0
814 0
816 0
817 0
819 0
820 0
823 0
824 0
825 0
826 0
827 0
828 0
832 0
834 0
835 0
836 0
837 0
838 0
843 0
844 0
848 0
849 0
851 0
860 0
861 0
863 0
869 0
870 0
873 0
874 0
875 0
878 0
879 0
880 0
882 0
885 0
888 0
889 0
891 0
892 0
897 0
900 0
907 0
908 0
909 0
910 0
911 0
919 0
924 0
925 0
927 0
929 0
930 0
932 0
933 0
934 0
935 0
936 0
938 0
939 0
942 0
943 0
944 0
947 0
948 0
950 0
952 0
953 0
954 0
956 0
959 0
961 0
962 0
968 0
969 0
971 0
973 0
974 0
975 0
976 0
980 0
984 0
986 0
988 0
989 0
990 0
991 0
992 0
993 0
994 0
996 0
997 0
