c This is a uniform distributed  1-D DIMACS file 
c width height point_number
p 100000 100000 512
146 0
385 0
435 0
464 0
492 0
593 0
884 0
918 0
1131 0
1344 0
1359 0
1506 0
1547 0
1611 0
1716 0
1794 0
1796 0
2038 0
2158 0
2306 0
2643 0
3130 0
3717 0
3891 0
4004 0
4355 0
4439 0
4699 0
4825 0
5231 0
5421 0
5504 0
5680 0
5687 0
5719 0
5830 0
5997 0
6495 0
6528 0
6551 0
6619 0
7325 0
7571 0
8096 0
8118 0
8502 0
8506 0
9054 0
9059 0
9302 0
9466 0
9711 0
9742 0
9941 0
9958 0
9973 0
10749 0
11150 0
11151 0
11705 0
12003 0
12199 0
12375 0
14221 0
14647 0
14865 0
15018 0
15193 0
15214 0
15327 0
15449 0
15684 0
15837 0
15842 0
16132 0
16225 0
16431 0
16478 0
16541 0
16625 0
16679 0
16691 0
16737 0
16837 0
16913 0
17100 0
17225 0
17268 0
17876 0
17938 0
18278 0
18604 0
19329 0
19457 0
19738 0
19908 0
20054 0
20134 0
20397 0
20410 0
20512 0
20543 0
20547 0
20646 0
21246 0
21686 0
22084 0
22120 0
22219 0
22660 0
22680 0
22818 0
23213 0
24477 0
24495 0
24587 0
24647 0
24838 0
25078 0
25205 0
25491 0
25836 0
25949 0
26008 0
26034 0
26393 0
26594 0
26630 0
26839 0
27139 0
27222 0
27251 0
27431 0
27685 0
27755 0
28478 0
28714 0
28760 0
28780 0
29102 0
29106 0
29341 0
29570 0
29707 0
29829 0
29914 0
30003 0
30056 0
30287 0
30340 0
30771 0
30823 0
30852 0
31107 0
31343 0
31530 0
31770 0
31799 0
31918 0
31957 0
32099 0
32222 0
32579 0
32783 0
33106 0
33265 0
33397 0
33480 0
33524 0
33909 0
33944 0
34495 0
34578 0
34662 0
34669 0
34800 0
34872 0
34875 0
34993 0
35044 0
35101 0
35159 0
35222 0
35528 0
35703 0
35863 0
36001 0
36047 0
36351 0
36422 0
36704 0
36890 0
37063 0
37183 0
37350 0
37846 0
37964 0
38154 0
38202 0
38389 0
38481 0
38543 0
38561 0
38839 0
39037 0
39119 0
39516 0
39741 0
40027 0
40196 0
40451 0
40845 0
41132 0
41336 0
41461 0
41527 0
41742 0
41937 0
41942 0
42675 0
43155 0
43315 0
43580 0
43764 0
43937 0
44091 0
44231 0
44366 0
44862 0
44965 0
45113 0
45250 0
45895 0
46083 0
46145 0
46310 0
46329 0
46719 0
46803 0
46994 0
47386 0
47445 0
47496 0
47783 0
48197 0
48345 0
48531 0
48601 0
48873 0
49404 0
49469 0
49985 0
50285 0
50299 0
50404 0
50629 0
50834 0
51038 0
51045 0
51158 0
51176 0
51415 0
51604 0
51793 0
51968 0
52291 0
52393 0
52484 0
52594 0
52976 0
53187 0
53419 0
53553 0
53610 0
54032 0
54175 0
54389 0
54728 0
54829 0
54901 0
54967 0
55042 0
55293 0
55827 0
55941 0
56139 0
56289 0
56291 0
56712 0
57499 0
57580 0
57864 0
58143 0
58217 0
58554 0
59315 0
59349 0
59443 0
59798 0
60004 0
60091 0
60363 0
60377 0
60401 0
60558 0
60568 0
60678 0
60691 0
60849 0
60880 0
61120 0
61661 0
62290 0
62395 0
62957 0
62964 0
62991 0
63047 0
63406 0
63449 0
63729 0
63924 0
63942 0
64241 0
64266 0
64402 0
64599 0
64788 0
64966 0
65047 0
65074 0
65291 0
65350 0
65404 0
66107 0
66226 0
66336 0
66637 0
67072 0
67687 0
67971 0
68330 0
68345 0
68504 0
68512 0
68612 0
69039 0
69156 0
69262 0
69441 0
69685 0
69905 0
70022 0
70132 0
70133 0
70302 0
70326 0
70329 0
70699 0
71021 0
71383 0
71725 0
71845 0
72167 0
72185 0
72229 0
72295 0
72404 0
72585 0
72734 0
72883 0
73084 0
73475 0
73749 0
73941 0
74020 0
74384 0
75071 0
75488 0
75914 0
76052 0
76289 0
76377 0
76818 0
77155 0
77340 0
77717 0
77732 0
77746 0
77924 0
78102 0
78107 0
78193 0
78308 0
78391 0
78429 0
78565 0
78677 0
78750 0
79116 0
79190 0
79841 0
80002 0
80554 0
80717 0
80813 0
81314 0
81342 0
81478 0
81695 0
81797 0
82003 0
82368 0
82412 0
82523 0
82693 0
82703 0
82710 0
82723 0
83780 0
83802 0
83974 0
84199 0
84295 0
84398 0
84618 0
84811 0
85076 0
85246 0
85421 0
85676 0
86214 0
86221 0
86403 0
86510 0
86586 0
86597 0
86705 0
87142 0
87180 0
87392 0
87455 0
87573 0
87768 0
88110 0
88861 0
89244 0
89444 0
89497 0
89520 0
89683 0
89699 0
89707 0
89855 0
90252 0
90413 0
90431 0
90497 0
90539 0
90668 0
90834 0
91087 0
91103 0
91196 0
91747 0
92157 0
92304 0
92454 0
92523 0
92625 0
93176 0
93359 0
93587 0
93884 0
93917 0
94098 0
94241 0
94266 0
94357 0
94376 0
94512 0
94639 0
94852 0
95006 0
95528 0
95680 0
95823 0
96216 0
96227 0
96524 0
96696 0
96733 0
96783 0
96831 0
97197 0
97208 0
97657 0
97716 0
97755 0
97841 0
97931 0
97945 0
98061 0
98195 0
98465 0
98632 0
98758 0
99465 0
99514 0
99530 0
99556 0
99606 0
