c This is a uniform distributed  1-D DIMACS file 
c width height point_number
p 1000 1000 512
1 0
3 0
6 0
7 0
10 0
14 0
16 0
20 0
30 0
31 0
35 0
36 0
37 0
39 0
40 0
43 0
44 0
45 0
47 0
48 0
49 0
50 0
57 0
59 0
61 0
62 0
64 0
65 0
67 0
68 0
70 0
72 0
73 0
74 0
75 0
76 0
77 0
78 0
79 0
80 0
83 0
89 0
90 0
93 0
95 0
98 0
100 0
104 0
105 0
106 0
109 0
113 0
115 0
117 0
119 0
120 0
121 0
122 0
124 0
126 0
127 0
128 0
130 0
137 0
138 0
140 0
141 0
142 0
144 0
145 0
147 0
150 0
151 0
153 0
155 0
156 0
157 0
158 0
160 0
163 0
164 0
165 0
167 0
169 0
170 0
175 0
176 0
178 0
179 0
180 0
182 0
183 0
185 0
186 0
188 0
190 0
191 0
192 0
193 0
194 0
196 0
198 0
199 0
200 0
201 0
202 0
204 0
206 0
207 0
209 0
210 0
211 0
212 0
213 0
214 0
216 0
217 0
218 0
219 0
221 0
222 0
223 0
226 0
227 0
228 0
229 0
230 0
232 0
233 0
235 0
236 0
240 0
242 0
245 0
246 0
248 0
252 0
253 0
254 0
255 0
256 0
260 0
267 0
268 0
269 0
271 0
273 0
275 0
277 0
278 0
279 0
280 0
283 0
284 0
285 0
286 0
287 0
289 0
291 0
293 0
294 0
297 0
299 0
301 0
307 0
308 0
310 0
311 0
312 0
314 0
315 0
317 0
318 0
320 0
322 0
323 0
324 0
325 0
326 0
327 0
329 0
331 0
335 0
337 0
340 0
343 0
346 0
347 0
352 0
353 0
356 0
357 0
358 0
361 0
362 0
363 0
364 0
367 0
368 0
369 0
371 0
374 0
377 0
382 0
384 0
389 0
391 0
392 0
393 0
395 0
400 0
401 0
403 0
408 0
409 0
410 0
412 0
418 0
419 0
420 0
421 0
426 0
429 0
430 0
432 0
434 0
436 0
437 0
438 0
439 0
444 0
446 0
448 0
450 0
451 0
452 0
453 0
456 0
457 0
458 0
460 0
461 0
462 0
463 0
467 0
469 0
470 0
472 0
473 0
474 0
476 0
477 0
479 0
480 0
482 0
483 0
485 0
486 0
487 0
490 0
491 0
496 0
498 0
499 0
504 0
507 0
508 0
509 0
510 0
511 0
513 0
515 0
518 0
519 0
522 0
524 0
527 0
528 0
532 0
534 0
537 0
539 0
540 0
541 0
543 0
545 0
547 0
548 0
549 0
552 0
553 0
554 0
560 0
561 0
563 0
564 0
567 0
570 0
571 0
573 0
574 0
577 0
579 0
580 0
583 0
584 0
585 0
587 0
592 0
594 0
597 0
599 0
600 0
602 0
606 0
607 0
608 0
609 0
610 0
612 0
613 0
616 0
621 0
623 0
624 0
625 0
626 0
629 0
630 0
632 0
634 0
635 0
638 0
642 0
643 0
646 0
647 0
648 0
649 0
650 0
651 0
652 0
653 0
655 0
657 0
663 0
667 0
669 0
674 0
675 0
676 0
678 0
679 0
681 0
685 0
687 0
691 0
692 0
693 0
694 0
695 0
696 0
698 0
702 0
703 0
706 0
707 0
708 0
712 0
715 0
716 0
718 0
721 0
722 0
723 0
725 0
729 0
730 0
731 0
733 0
734 0
735 0
738 0
739 0
741 0
745 0
746 0
747 0
749 0
750 0
754 0
755 0
757 0
765 0
766 0
767 0
768 0
772 0
773 0
775 0
778 0
779 0
780 0
781 0
783 0
784 0
785 0
786 0
791 0
792 0
793 0
794 0
796 0
798 0
799 0
803 0
807 0
808 0
809 0
810 0
811 0
813 0
814 0
815 0
816 0
817 0
821 0
825 0
826 0
830 0
831 0
832 0
833 0
834 0
835 0
836 0
838 0
839 0
840 0
841 0
845 0
849 0
851 0
853 0
854 0
857 0
859 0
861 0
863 0
864 0
865 0
866 0
867 0
869 0
870 0
872 0
873 0
876 0
877 0
878 0
880 0
881 0
884 0
885 0
890 0
894 0
896 0
898 0
900 0
903 0
908 0
909 0
911 0
913 0
915 0
916 0
917 0
918 0
919 0
920 0
923 0
924 0
927 0
928 0
930 0
932 0
935 0
937 0
938 0
942 0
943 0
952 0
954 0
955 0
960 0
962 0
964 0
968 0
969 0
973 0
974 0
976 0
977 0
978 0
982 0
983 0
985 0
986 0
992 0
994 0
995 0
999 0
