c This is a uniform distributed  1-D DIMACS file 
c width height point_number
p 1000 1000 512
1 0
2 0
3 0
4 0
5 0
7 0
8 0
9 0
10 0
12 0
13 0
14 0
16 0
22 0
23 0
25 0
27 0
28 0
29 0
35 0
38 0
39 0
41 0
42 0
43 0
44 0
45 0
48 0
49 0
50 0
51 0
53 0
54 0
55 0
56 0
58 0
61 0
63 0
64 0
65 0
69 0
70 0
71 0
72 0
74 0
76 0
77 0
82 0
83 0
84 0
85 0
87 0
88 0
90 0
91 0
92 0
93 0
95 0
96 0
97 0
98 0
99 0
100 0
101 0
102 0
109 0
110 0
113 0
114 0
117 0
118 0
120 0
121 0
122 0
133 0
135 0
137 0
139 0
140 0
142 0
143 0
146 0
147 0
149 0
150 0
151 0
155 0
156 0
158 0
159 0
160 0
162 0
164 0
167 0
168 0
169 0
172 0
173 0
174 0
175 0
176 0
177 0
180 0
182 0
186 0
187 0
188 0
191 0
192 0
193 0
194 0
195 0
196 0
202 0
207 0
211 0
213 0
217 0
218 0
220 0
226 0
230 0
231 0
233 0
234 0
237 0
242 0
245 0
246 0
247 0
249 0
252 0
253 0
254 0
258 0
259 0
260 0
261 0
262 0
263 0
269 0
270 0
271 0
272 0
273 0
274 0
276 0
277 0
279 0
281 0
286 0
289 0
290 0
291 0
294 0
305 0
306 0
309 0
310 0
311 0
315 0
319 0
321 0
322 0
327 0
331 0
333 0
335 0
336 0
341 0
342 0
344 0
345 0
346 0
347 0
348 0
349 0
351 0
352 0
354 0
357 0
358 0
359 0
360 0
361 0
362 0
363 0
369 0
370 0
371 0
372 0
375 0
377 0
378 0
379 0
382 0
384 0
392 0
393 0
394 0
395 0
399 0
402 0
403 0
407 0
409 0
411 0
413 0
415 0
416 0
418 0
420 0
421 0
422 0
425 0
426 0
427 0
429 0
431 0
432 0
433 0
436 0
437 0
438 0
441 0
442 0
443 0
446 0
448 0
450 0
452 0
453 0
454 0
456 0
457 0
459 0
460 0
461 0
462 0
464 0
466 0
467 0
468 0
469 0
470 0
472 0
473 0
475 0
476 0
478 0
479 0
481 0
482 0
484 0
485 0
486 0
487 0
488 0
490 0
491 0
492 0
495 0
497 0
498 0
500 0
501 0
504 0
505 0
508 0
510 0
512 0
513 0
515 0
518 0
529 0
530 0
532 0
537 0
538 0
541 0
544 0
545 0
546 0
548 0
549 0
550 0
551 0
553 0
554 0
559 0
563 0
565 0
566 0
567 0
569 0
570 0
573 0
574 0
578 0
579 0
580 0
581 0
582 0
584 0
587 0
588 0
589 0
591 0
593 0
595 0
601 0
604 0
605 0
606 0
610 0
614 0
615 0
618 0
620 0
622 0
623 0
626 0
629 0
632 0
634 0
635 0
637 0
638 0
641 0
642 0
646 0
647 0
649 0
651 0
652 0
653 0
656 0
657 0
659 0
664 0
667 0
668 0
669 0
670 0
676 0
677 0
680 0
681 0
685 0
686 0
688 0
690 0
691 0
692 0
693 0
694 0
698 0
701 0
702 0
704 0
706 0
707 0
708 0
710 0
711 0
714 0
715 0
718 0
719 0
721 0
724 0
727 0
731 0
733 0
734 0
735 0
736 0
737 0
738 0
739 0
741 0
743 0
744 0
746 0
750 0
751 0
753 0
755 0
756 0
758 0
761 0
764 0
765 0
766 0
767 0
769 0
770 0
780 0
783 0
784 0
787 0
789 0
791 0
794 0
795 0
796 0
797 0
798 0
802 0
804 0
805 0
806 0
807 0
809 0
814 0
815 0
817 0
822 0
823 0
824 0
825 0
832 0
834 0
835 0
838 0
840 0
841 0
842 0
843 0
845 0
846 0
848 0
849 0
850 0
852 0
853 0
854 0
855 0
857 0
860 0
861 0
863 0
864 0
865 0
866 0
867 0
868 0
870 0
871 0
872 0
875 0
879 0
880 0
881 0
883 0
885 0
888 0
889 0
891 0
898 0
900 0
903 0
904 0
905 0
906 0
907 0
910 0
913 0
915 0
916 0
918 0
920 0
924 0
925 0
927 0
928 0
929 0
930 0
931 0
933 0
934 0
936 0
941 0
942 0
945 0
949 0
953 0
957 0
958 0
959 0
964 0
966 0
968 0
970 0
972 0
973 0
974 0
977 0
978 0
979 0
980 0
984 0
985 0
987 0
988 0
990 0
992 0
993 0
995 0
996 0
998 0
999 0
