c This is a uniform distributed  1-D DIMACS file 
c width height point_number
p 1000 1000 512
6 0
7 0
9 0
11 0
12 0
13 0
17 0
23 0
24 0
25 0
26 0
28 0
30 0
34 0
37 0
39 0
40 0
41 0
42 0
44 0
45 0
46 0
48 0
49 0
50 0
52 0
57 0
60 0
61 0
62 0
63 0
64 0
66 0
70 0
73 0
75 0
76 0
77 0
78 0
80 0
81 0
82 0
83 0
84 0
86 0
87 0
89 0
92 0
95 0
96 0
97 0
99 0
100 0
101 0
102 0
103 0
105 0
108 0
110 0
111 0
112 0
115 0
116 0
117 0
118 0
121 0
122 0
123 0
124 0
125 0
126 0
128 0
130 0
133 0
135 0
139 0
140 0
142 0
144 0
145 0
146 0
147 0
151 0
152 0
154 0
156 0
158 0
159 0
161 0
163 0
164 0
166 0
167 0
168 0
169 0
173 0
174 0
175 0
176 0
177 0
178 0
181 0
183 0
184 0
185 0
186 0
187 0
188 0
189 0
193 0
194 0
196 0
197 0
204 0
206 0
207 0
208 0
213 0
214 0
215 0
216 0
219 0
220 0
221 0
224 0
227 0
228 0
229 0
234 0
236 0
238 0
239 0
240 0
241 0
242 0
244 0
249 0
257 0
259 0
261 0
262 0
263 0
267 0
270 0
273 0
276 0
277 0
278 0
279 0
280 0
281 0
282 0
284 0
286 0
288 0
289 0
294 0
295 0
297 0
298 0
300 0
303 0
306 0
309 0
312 0
314 0
315 0
317 0
319 0
322 0
324 0
331 0
332 0
333 0
335 0
336 0
342 0
343 0
345 0
347 0
349 0
350 0
351 0
354 0
355 0
356 0
358 0
359 0
361 0
364 0
365 0
366 0
368 0
369 0
371 0
372 0
373 0
374 0
375 0
377 0
378 0
380 0
382 0
383 0
386 0
388 0
390 0
391 0
394 0
395 0
396 0
398 0
402 0
403 0
406 0
407 0
408 0
410 0
411 0
412 0
416 0
417 0
418 0
419 0
422 0
426 0
429 0
433 0
434 0
435 0
438 0
439 0
440 0
442 0
444 0
445 0
447 0
449 0
450 0
451 0
453 0
455 0
456 0
461 0
462 0
463 0
465 0
468 0
470 0
471 0
472 0
474 0
480 0
481 0
482 0
483 0
484 0
486 0
488 0
489 0
490 0
492 0
497 0
498 0
499 0
500 0
503 0
504 0
508 0
513 0
517 0
520 0
521 0
522 0
527 0
528 0
530 0
534 0
535 0
537 0
541 0
544 0
547 0
549 0
550 0
553 0
555 0
558 0
562 0
563 0
565 0
571 0
573 0
576 0
578 0
579 0
580 0
581 0
582 0
583 0
584 0
585 0
586 0
587 0
588 0
591 0
595 0
599 0
600 0
601 0
602 0
603 0
606 0
608 0
611 0
612 0
613 0
619 0
622 0
625 0
629 0
630 0
631 0
632 0
633 0
635 0
636 0
637 0
639 0
641 0
643 0
644 0
651 0
656 0
657 0
660 0
661 0
665 0
667 0
669 0
671 0
674 0
676 0
682 0
684 0
687 0
689 0
690 0
691 0
692 0
693 0
694 0
695 0
698 0
699 0
702 0
704 0
706 0
707 0
710 0
711 0
713 0
714 0
715 0
716 0
719 0
720 0
722 0
724 0
725 0
727 0
731 0
732 0
734 0
739 0
740 0
741 0
742 0
743 0
744 0
749 0
752 0
753 0
756 0
759 0
760 0
761 0
762 0
764 0
765 0
767 0
768 0
770 0
772 0
773 0
776 0
778 0
779 0
781 0
782 0
784 0
785 0
787 0
788 0
790 0
792 0
794 0
797 0
800 0
803 0
804 0
805 0
806 0
809 0
810 0
813 0
814 0
815 0
816 0
818 0
819 0
820 0
821 0
822 0
824 0
825 0
827 0
828 0
829 0
832 0
833 0
834 0
836 0
837 0
843 0
844 0
845 0
848 0
849 0
853 0
854 0
855 0
858 0
860 0
861 0
862 0
863 0
867 0
869 0
870 0
871 0
875 0
876 0
877 0
879 0
880 0
881 0
882 0
883 0
884 0
887 0
888 0
889 0
890 0
891 0
894 0
896 0
897 0
899 0
900 0
906 0
911 0
912 0
913 0
914 0
916 0
920 0
922 0
923 0
924 0
926 0
928 0
930 0
932 0
934 0
935 0
936 0
938 0
940 0
943 0
946 0
950 0
953 0
954 0
956 0
962 0
964 0
965 0
967 0
969 0
970 0
971 0
972 0
975 0
977 0
979 0
984 0
986 0
988 0
989 0
994 0
995 0
