c This is a uniform distributed  1-D DIMACS file 
c width height point_number
p 100000 100000 512
246 0
640 0
1340 0
1416 0
1430 0
1513 0
1781 0
1934 0
2054 0
2173 0
2175 0
2254 0
2277 0
2376 0
2562 0
2592 0
2631 0
2706 0
3045 0
3503 0
3638 0
3689 0
3800 0
3824 0
3854 0
3937 0
4304 0
4481 0
4814 0
4976 0
5638 0
5728 0
5750 0
5960 0
6389 0
6500 0
7091 0
7272 0
7388 0
7417 0
7569 0
7761 0
7792 0
7840 0
7954 0
7997 0
8434 0
8443 0
8617 0
8894 0
9037 0
9123 0
9124 0
9768 0
9786 0
9842 0
10108 0
10156 0
10296 0
10298 0
10720 0
10770 0
11533 0
11591 0
11624 0
11934 0
11993 0
12017 0
12153 0
12200 0
12276 0
12947 0
13304 0
13923 0
13941 0
14164 0
14290 0
14396 0
15204 0
15468 0
15629 0
15631 0
15797 0
15838 0
16145 0
16281 0
16409 0
16454 0
16572 0
16627 0
17081 0
17177 0
17210 0
17275 0
17392 0
17438 0
17846 0
18101 0
18235 0
18296 0
18315 0
18380 0
18456 0
18509 0
19290 0
19514 0
19610 0
19631 0
20091 0
20202 0
20318 0
20407 0
20540 0
20564 0
20691 0
20712 0
20828 0
20961 0
21188 0
21314 0
21393 0
21420 0
21759 0
21827 0
21939 0
22047 0
22461 0
22561 0
22589 0
22663 0
22840 0
23221 0
23462 0
23560 0
24271 0
24422 0
24424 0
25054 0
25589 0
26523 0
26767 0
26831 0
26833 0
27085 0
27209 0
27267 0
27320 0
28055 0
28242 0
28255 0
28385 0
28410 0
28606 0
28978 0
29129 0
29268 0
29273 0
29566 0
29877 0
29954 0
30148 0
30381 0
30398 0
30453 0
30479 0
30631 0
30678 0
30692 0
30728 0
31038 0
31169 0
31362 0
31577 0
31625 0
32360 0
32492 0
32503 0
32505 0
33080 0
33118 0
33278 0
33524 0
33560 0
33629 0
33678 0
33803 0
33912 0
34022 0
34310 0
34808 0
34857 0
35137 0
35181 0
35362 0
35384 0
35796 0
36055 0
36272 0
36389 0
37003 0
37286 0
37418 0
37438 0
37755 0
37837 0
37864 0
38152 0
38309 0
38937 0
39114 0
39392 0
39455 0
39501 0
39516 0
39632 0
39882 0
39885 0
39895 0
39996 0
40128 0
40288 0
40459 0
40597 0
41504 0
41594 0
41770 0
42009 0
42050 0
42323 0
42770 0
42863 0
42902 0
42929 0
43438 0
43548 0
43741 0
43813 0
44041 0
44204 0
44339 0
44450 0
44514 0
44845 0
45101 0
45151 0
45241 0
45490 0
45651 0
45789 0
45854 0
46149 0
46901 0
46928 0
47055 0
47315 0
47930 0
48091 0
48431 0
48640 0
48665 0
49394 0
49431 0
49596 0
49728 0
49914 0
50054 0
50457 0
50617 0
50654 0
50834 0
50880 0
50924 0
51670 0
51943 0
51975 0
52306 0
52816 0
53040 0
53042 0
53274 0
53346 0
53825 0
54104 0
54164 0
54230 0
54579 0
54597 0
54616 0
54802 0
54846 0
55009 0
55591 0
55597 0
55867 0
55895 0
56007 0
56455 0
56678 0
56725 0
56761 0
57084 0
57734 0
57750 0
58690 0
58854 0
59048 0
59062 0
59450 0
59451 0
59573 0
59892 0
59908 0
59955 0
60308 0
60508 0
60727 0
61432 0
61571 0
61665 0
61948 0
61951 0
61963 0
62003 0
62654 0
62791 0
62860 0
63179 0
63206 0
63301 0
63576 0
63700 0
63738 0
64067 0
64505 0
64763 0
65078 0
65106 0
65461 0
65497 0
65597 0
65854 0
66081 0
66147 0
66202 0
66265 0
66320 0
66389 0
66474 0
66651 0
66847 0
67858 0
68363 0
68496 0
68734 0
69076 0
69140 0
69193 0
69582 0
69594 0
69921 0
70300 0
70813 0
70846 0
70986 0
71339 0
71775 0
72028 0
72645 0
72786 0
72960 0
72981 0
73002 0
73302 0
73684 0
73852 0
74163 0
74220 0
74275 0
74555 0
74791 0
74928 0
74964 0
75061 0
75476 0
75483 0
75857 0
76357 0
76565 0
76718 0
76740 0
76873 0
77163 0
77231 0
77503 0
77553 0
77712 0
78072 0
78080 0
78451 0
78473 0
78638 0
78750 0
79447 0
79462 0
79621 0
79644 0
79687 0
79990 0
80038 0
80173 0
80549 0
80784 0
80881 0
81002 0
81070 0
81605 0
81776 0
81844 0
81982 0
82210 0
82216 0
82924 0
83125 0
83180 0
83434 0
83732 0
83741 0
83774 0
83850 0
84125 0
84227 0
84247 0
84369 0
84374 0
84573 0
84908 0
85168 0
85405 0
85498 0
85550 0
85575 0
85633 0
86105 0
86416 0
86482 0
87035 0
87108 0
87248 0
87448 0
87494 0
87516 0
87584 0
87590 0
87632 0
87653 0
87816 0
87937 0
88284 0
88850 0
88854 0
88877 0
88915 0
89642 0
89861 0
89878 0
89915 0
89973 0
90234 0
90236 0
91494 0
91524 0
91676 0
91771 0
92183 0
92250 0
92387 0
92753 0
92849 0
93025 0
93160 0
93177 0
93293 0
93319 0
94062 0
94106 0
94332 0
94416 0
94553 0
94907 0
95048 0
95664 0
95854 0
95931 0
96235 0
96362 0
96515 0
96736 0
96790 0
96971 0
97786 0
97917 0
98047 0
98316 0
98326 0
98654 0
98823 0
98880 0
98891 0
99084 0
99557 0
99599 0
99720 0
