c This is a uniform distributed  1-D DIMACS file 
c width height point_number
p 1000 1000 512
1 0
4 0
5 0
8 0
10 0
12 0
14 0
17 0
20 0
24 0
25 0
26 0
27 0
29 0
30 0
33 0
34 0
37 0
42 0
43 0
44 0
45 0
48 0
54 0
57 0
58 0
59 0
60 0
62 0
64 0
68 0
70 0
71 0
73 0
74 0
75 0
81 0
83 0
84 0
85 0
87 0
88 0
89 0
90 0
92 0
94 0
95 0
96 0
97 0
99 0
100 0
103 0
107 0
108 0
111 0
112 0
113 0
115 0
116 0
118 0
120 0
121 0
122 0
124 0
127 0
129 0
130 0
131 0
132 0
133 0
135 0
136 0
137 0
138 0
139 0
140 0
144 0
147 0
148 0
149 0
150 0
152 0
153 0
154 0
161 0
164 0
165 0
167 0
169 0
170 0
174 0
175 0
177 0
178 0
181 0
183 0
184 0
185 0
186 0
190 0
192 0
193 0
196 0
198 0
200 0
202 0
204 0
208 0
210 0
213 0
214 0
217 0
218 0
220 0
222 0
224 0
226 0
227 0
228 0
229 0
233 0
235 0
238 0
245 0
247 0
249 0
255 0
257 0
258 0
260 0
261 0
266 0
270 0
274 0
275 0
276 0
277 0
278 0
281 0
282 0
283 0
285 0
287 0
288 0
289 0
290 0
291 0
292 0
293 0
297 0
298 0
301 0
306 0
308 0
315 0
322 0
323 0
324 0
325 0
327 0
328 0
329 0
330 0
336 0
337 0
340 0
341 0
342 0
344 0
348 0
349 0
350 0
354 0
356 0
358 0
360 0
361 0
366 0
369 0
370 0
371 0
372 0
374 0
376 0
377 0
378 0
382 0
384 0
388 0
389 0
393 0
394 0
395 0
397 0
399 0
401 0
402 0
405 0
406 0
408 0
411 0
412 0
415 0
418 0
420 0
422 0
424 0
427 0
429 0
430 0
431 0
432 0
434 0
438 0
439 0
442 0
443 0
445 0
446 0
447 0
449 0
450 0
451 0
455 0
456 0
460 0
462 0
464 0
465 0
469 0
470 0
471 0
473 0
474 0
476 0
477 0
481 0
487 0
489 0
491 0
499 0
500 0
503 0
505 0
508 0
509 0
510 0
511 0
513 0
515 0
516 0
518 0
520 0
526 0
529 0
533 0
535 0
537 0
538 0
540 0
541 0
542 0
543 0
544 0
545 0
548 0
551 0
552 0
553 0
555 0
556 0
557 0
559 0
560 0
561 0
563 0
564 0
566 0
567 0
571 0
573 0
574 0
575 0
576 0
578 0
580 0
582 0
585 0
587 0
590 0
592 0
594 0
595 0
596 0
599 0
600 0
601 0
604 0
607 0
608 0
611 0
612 0
613 0
617 0
618 0
621 0
622 0
624 0
629 0
630 0
632 0
634 0
636 0
637 0
638 0
640 0
644 0
646 0
648 0
649 0
651 0
654 0
658 0
660 0
661 0
663 0
664 0
667 0
669 0
671 0
674 0
676 0
677 0
678 0
680 0
681 0
684 0
685 0
691 0
692 0
695 0
697 0
698 0
699 0
700 0
702 0
706 0
707 0
708 0
710 0
711 0
715 0
716 0
717 0
719 0
720 0
721 0
722 0
724 0
727 0
728 0
731 0
733 0
735 0
736 0
737 0
739 0
740 0
746 0
750 0
751 0
754 0
755 0
756 0
757 0
764 0
766 0
768 0
769 0
771 0
772 0
775 0
777 0
778 0
779 0
780 0
782 0
783 0
787 0
789 0
792 0
798 0
799 0
800 0
801 0
803 0
804 0
805 0
807 0
808 0
810 0
811 0
813 0
815 0
817 0
820 0
821 0
822 0
824 0
826 0
827 0
828 0
830 0
833 0
836 0
837 0
838 0
839 0
840 0
841 0
843 0
844 0
845 0
846 0
847 0
848 0
850 0
851 0
852 0
853 0
854 0
855 0
856 0
858 0
860 0
861 0
862 0
865 0
866 0
869 0
871 0
872 0
873 0
874 0
876 0
877 0
881 0
882 0
883 0
885 0
886 0
887 0
889 0
890 0
891 0
892 0
895 0
897 0
898 0
900 0
902 0
904 0
907 0
909 0
910 0
911 0
917 0
918 0
920 0
926 0
927 0
928 0
929 0
930 0
931 0
932 0
933 0
938 0
939 0
940 0
942 0
943 0
944 0
946 0
947 0
948 0
950 0
952 0
953 0
955 0
957 0
962 0
963 0
964 0
965 0
968 0
969 0
970 0
972 0
973 0
974 0
976 0
977 0
979 0
980 0
983 0
985 0
986 0
988 0
991 0
998 0
999 0
