c This is a uniform distributed  1-D DIMACS file 
c width height point_number
p 1000 1000 512
1 0
3 0
4 0
5 0
9 0
10 0
12 0
15 0
17 0
18 0
19 0
20 0
22 0
23 0
24 0
27 0
28 0
29 0
31 0
32 0
33 0
38 0
41 0
42 0
43 0
45 0
46 0
47 0
49 0
50 0
51 0
52 0
53 0
54 0
55 0
56 0
58 0
60 0
61 0
62 0
63 0
65 0
66 0
67 0
72 0
74 0
75 0
78 0
81 0
83 0
86 0
87 0
88 0
90 0
91 0
94 0
95 0
97 0
102 0
104 0
105 0
106 0
107 0
110 0
112 0
114 0
117 0
118 0
123 0
124 0
126 0
128 0
131 0
133 0
135 0
136 0
137 0
138 0
139 0
141 0
142 0
143 0
145 0
146 0
151 0
152 0
153 0
154 0
155 0
156 0
160 0
162 0
164 0
165 0
166 0
168 0
170 0
171 0
172 0
176 0
178 0
179 0
180 0
181 0
182 0
184 0
185 0
186 0
187 0
190 0
191 0
192 0
194 0
195 0
196 0
199 0
200 0
201 0
202 0
206 0
208 0
210 0
213 0
214 0
216 0
217 0
220 0
223 0
224 0
225 0
226 0
228 0
229 0
230 0
231 0
232 0
233 0
234 0
235 0
236 0
241 0
243 0
244 0
245 0
248 0
249 0
250 0
252 0
255 0
258 0
263 0
264 0
265 0
268 0
269 0
271 0
274 0
278 0
279 0
280 0
282 0
283 0
284 0
285 0
286 0
287 0
291 0
298 0
300 0
306 0
307 0
308 0
309 0
312 0
318 0
319 0
321 0
322 0
323 0
324 0
325 0
326 0
328 0
331 0
334 0
336 0
338 0
339 0
341 0
344 0
345 0
349 0
351 0
353 0
354 0
355 0
357 0
361 0
362 0
363 0
367 0
368 0
370 0
371 0
373 0
375 0
378 0
380 0
381 0
386 0
388 0
392 0
393 0
394 0
395 0
396 0
397 0
398 0
399 0
403 0
404 0
407 0
408 0
411 0
413 0
414 0
415 0
416 0
417 0
419 0
421 0
426 0
427 0
428 0
429 0
431 0
432 0
437 0
440 0
442 0
443 0
444 0
446 0
447 0
448 0
449 0
455 0
457 0
459 0
463 0
466 0
467 0
468 0
470 0
473 0
474 0
478 0
479 0
480 0
485 0
490 0
492 0
496 0
498 0
499 0
502 0
503 0
511 0
513 0
516 0
519 0
522 0
523 0
526 0
527 0
533 0
537 0
540 0
541 0
547 0
548 0
551 0
554 0
555 0
557 0
558 0
559 0
561 0
563 0
565 0
566 0
567 0
569 0
571 0
572 0
575 0
576 0
579 0
580 0
584 0
585 0
586 0
591 0
592 0
596 0
597 0
599 0
600 0
601 0
602 0
604 0
608 0
609 0
610 0
611 0
612 0
614 0
616 0
617 0
619 0
621 0
622 0
624 0
625 0
627 0
629 0
630 0
631 0
635 0
639 0
640 0
647 0
653 0
657 0
661 0
662 0
664 0
666 0
669 0
672 0
675 0
676 0
677 0
682 0
686 0
688 0
689 0
692 0
693 0
697 0
699 0
700 0
701 0
703 0
704 0
706 0
708 0
710 0
711 0
716 0
720 0
721 0
722 0
723 0
725 0
726 0
727 0
729 0
731 0
732 0
733 0
734 0
737 0
738 0
739 0
740 0
742 0
746 0
747 0
748 0
749 0
751 0
753 0
759 0
760 0
761 0
763 0
770 0
771 0
775 0
776 0
778 0
780 0
781 0
785 0
790 0
792 0
793 0
796 0
797 0
798 0
799 0
800 0
803 0
805 0
816 0
817 0
818 0
820 0
821 0
822 0
823 0
824 0
825 0
826 0
827 0
829 0
830 0
831 0
834 0
835 0
839 0
840 0
842 0
843 0
844 0
845 0
846 0
847 0
849 0
850 0
853 0
854 0
855 0
857 0
858 0
861 0
862 0
863 0
864 0
868 0
869 0
870 0
871 0
873 0
874 0
876 0
878 0
880 0
881 0
883 0
885 0
886 0
888 0
889 0
892 0
893 0
895 0
896 0
897 0
898 0
903 0
904 0
909 0
914 0
916 0
917 0
920 0
921 0
922 0
924 0
925 0
928 0
930 0
931 0
934 0
935 0
937 0
938 0
940 0
942 0
943 0
944 0
945 0
949 0
952 0
953 0
954 0
956 0
958 0
959 0
961 0
963 0
965 0
967 0
969 0
970 0
975 0
976 0
977 0
978 0
979 0
982 0
984 0
986 0
989 0
990 0
991 0
993 0
996 0
997 0
999 0
