c This is a uniform distributed  1-D DIMACS file 
c width height point_number
p 1000 1000 512
1 0
3 0
5 0
6 0
7 0
8 0
9 0
10 0
11 0
12 0
13 0
16 0
21 0
24 0
28 0
29 0
32 0
33 0
34 0
36 0
40 0
41 0
42 0
43 0
44 0
45 0
50 0
56 0
57 0
58 0
61 0
62 0
63 0
68 0
69 0
71 0
72 0
73 0
76 0
78 0
79 0
81 0
82 0
83 0
85 0
86 0
89 0
98 0
103 0
104 0
105 0
106 0
107 0
109 0
110 0
111 0
112 0
114 0
117 0
120 0
121 0
122 0
126 0
127 0
129 0
130 0
133 0
137 0
138 0
143 0
145 0
150 0
151 0
157 0
161 0
163 0
164 0
169 0
170 0
171 0
172 0
173 0
174 0
176 0
178 0
180 0
181 0
182 0
187 0
188 0
190 0
192 0
193 0
194 0
195 0
199 0
200 0
201 0
206 0
213 0
215 0
217 0
218 0
219 0
220 0
221 0
222 0
224 0
225 0
226 0
231 0
232 0
233 0
234 0
238 0
240 0
241 0
242 0
243 0
244 0
245 0
246 0
247 0
248 0
250 0
253 0
255 0
256 0
257 0
259 0
260 0
263 0
266 0
267 0
270 0
273 0
278 0
279 0
280 0
282 0
283 0
284 0
286 0
287 0
289 0
290 0
291 0
292 0
295 0
296 0
297 0
298 0
300 0
304 0
305 0
307 0
309 0
311 0
312 0
317 0
318 0
319 0
321 0
322 0
324 0
326 0
328 0
332 0
333 0
334 0
337 0
338 0
339 0
340 0
341 0
343 0
348 0
349 0
352 0
354 0
355 0
356 0
357 0
359 0
361 0
366 0
368 0
370 0
371 0
373 0
375 0
376 0
377 0
378 0
381 0
383 0
384 0
385 0
387 0
389 0
390 0
392 0
394 0
396 0
398 0
401 0
403 0
404 0
406 0
414 0
417 0
418 0
426 0
427 0
428 0
430 0
433 0
438 0
439 0
440 0
441 0
445 0
447 0
448 0
450 0
451 0
452 0
453 0
454 0
456 0
457 0
460 0
461 0
463 0
465 0
466 0
467 0
468 0
469 0
470 0
472 0
473 0
474 0
475 0
481 0
483 0
486 0
488 0
489 0
491 0
493 0
495 0
496 0
497 0
500 0
502 0
504 0
505 0
508 0
510 0
511 0
512 0
514 0
515 0
516 0
519 0
522 0
524 0
525 0
528 0
530 0
531 0
533 0
534 0
535 0
538 0
541 0
543 0
544 0
545 0
547 0
549 0
550 0
551 0
552 0
554 0
555 0
557 0
560 0
561 0
562 0
565 0
566 0
567 0
571 0
578 0
580 0
581 0
582 0
583 0
585 0
588 0
589 0
590 0
591 0
592 0
593 0
594 0
596 0
600 0
601 0
602 0
603 0
605 0
606 0
607 0
608 0
609 0
610 0
611 0
612 0
613 0
614 0
615 0
617 0
618 0
619 0
620 0
622 0
624 0
629 0
631 0
632 0
633 0
635 0
636 0
638 0
639 0
641 0
642 0
643 0
647 0
649 0
650 0
654 0
657 0
658 0
660 0
665 0
666 0
667 0
670 0
672 0
673 0
675 0
677 0
679 0
682 0
683 0
684 0
685 0
687 0
693 0
694 0
695 0
699 0
700 0
701 0
702 0
704 0
706 0
707 0
710 0
712 0
715 0
718 0
719 0
721 0
722 0
723 0
724 0
725 0
727 0
728 0
730 0
734 0
736 0
737 0
740 0
741 0
742 0
743 0
747 0
748 0
750 0
751 0
754 0
760 0
761 0
763 0
765 0
766 0
771 0
773 0
774 0
780 0
782 0
785 0
787 0
788 0
790 0
793 0
795 0
796 0
798 0
799 0
800 0
802 0
804 0
805 0
810 0
811 0
816 0
818 0
819 0
820 0
821 0
825 0
826 0
828 0
829 0
831 0
834 0
835 0
840 0
841 0
843 0
844 0
845 0
850 0
853 0
854 0
857 0
858 0
859 0
861 0
862 0
863 0
864 0
868 0
869 0
870 0
872 0
874 0
875 0
876 0
878 0
882 0
885 0
887 0
888 0
889 0
892 0
897 0
898 0
899 0
900 0
904 0
905 0
907 0
909 0
910 0
912 0
913 0
915 0
918 0
921 0
926 0
938 0
939 0
941 0
942 0
945 0
948 0
949 0
951 0
952 0
957 0
958 0
959 0
960 0
964 0
965 0
967 0
969 0
970 0
971 0
973 0
974 0
977 0
978 0
979 0
981 0
982 0
983 0
984 0
986 0
988 0
993 0
997 0
998 0
999 0
