c This is a uniform distributed  1-D DIMACS file 
c width height point_number
p 100000 100000 512
60 0
162 0
282 0
831 0
882 0
908 0
1317 0
1460 0
1520 0
1566 0
1600 0
1628 0
1688 0
1910 0
2163 0
2521 0
2626 0
2628 0
2865 0
3127 0
3263 0
4006 0
4273 0
4415 0
4448 0
4648 0
4810 0
4822 0
5101 0
5308 0
5326 0
5327 0
5577 0
5771 0
5906 0
6163 0
6493 0
6541 0
6837 0
7044 0
7088 0
7422 0
7492 0
7643 0
8238 0
8339 0
8390 0
8574 0
8717 0
8802 0
8819 0
8962 0
9048 0
9265 0
9365 0
9531 0
9579 0
9664 0
9904 0
9973 0
10321 0
10395 0
10498 0
10608 0
10832 0
11236 0
11582 0
11795 0
12211 0
12571 0
12594 0
12741 0
12862 0
12977 0
12986 0
13339 0
13505 0
13836 0
14408 0
14492 0
14573 0
14604 0
14706 0
14789 0
15152 0
15324 0
15359 0
15478 0
15656 0
15953 0
15955 0
16461 0
16504 0
17016 0
17252 0
17282 0
17285 0
17404 0
17447 0
17744 0
18320 0
18537 0
18578 0
18834 0
19397 0
19818 0
20310 0
20392 0
20629 0
20686 0
20784 0
21385 0
21425 0
21516 0
21692 0
21753 0
21870 0
22067 0
22083 0
22279 0
22281 0
22629 0
23311 0
23503 0
23547 0
23604 0
23848 0
23965 0
23999 0
24055 0
24252 0
24595 0
24647 0
24658 0
25050 0
25243 0
25300 0
25770 0
26375 0
26391 0
26424 0
27021 0
27182 0
27353 0
27397 0
27627 0
27691 0
27718 0
28009 0
28020 0
28028 0
28161 0
28240 0
28266 0
28287 0
28365 0
28408 0
28489 0
28712 0
28785 0
29044 0
29069 0
29232 0
29234 0
29471 0
29500 0
29536 0
29845 0
30162 0
30336 0
30545 0
30806 0
31110 0
31463 0
31480 0
31556 0
31702 0
31715 0
31739 0
31803 0
31906 0
31935 0
33038 0
33306 0
33486 0
33747 0
33786 0
34055 0
34215 0
34236 0
34771 0
34831 0
35224 0
35262 0
35345 0
35529 0
35659 0
36307 0
36855 0
37272 0
37343 0
37443 0
37517 0
37550 0
37563 0
37586 0
37964 0
38024 0
38212 0
38552 0
38872 0
39106 0
39217 0
39395 0
40022 0
40232 0
40498 0
40633 0
40714 0
41228 0
41230 0
41234 0
41431 0
41657 0
41801 0
41814 0
41839 0
42343 0
42676 0
42827 0
42896 0
43475 0
43578 0
43777 0
44104 0
44299 0
44421 0
44477 0
45223 0
46669 0
46754 0
47541 0
47653 0
47913 0
48082 0
48240 0
48355 0
49064 0
49090 0
49272 0
49300 0
49348 0
49404 0
50060 0
50687 0
50836 0
51932 0
52025 0
52183 0
52374 0
52404 0
52647 0
52711 0
52723 0
52759 0
52932 0
53122 0
53404 0
53571 0
53845 0
54284 0
54484 0
54516 0
55004 0
55277 0
55617 0
56173 0
56190 0
56207 0
56319 0
56504 0
56515 0
56690 0
56828 0
56945 0
57080 0
57087 0
57365 0
57575 0
57656 0
57716 0
57913 0
58819 0
59047 0
59254 0
59258 0
59374 0
59384 0
59460 0
59593 0
59814 0
60038 0
60175 0
60215 0
60387 0
60708 0
61169 0
61218 0
61267 0
61555 0
61635 0
61680 0
61967 0
61973 0
62128 0
62195 0
62380 0
62401 0
62510 0
62850 0
63049 0
63331 0
63485 0
64004 0
64014 0
64067 0
64396 0
64429 0
64539 0
64879 0
65370 0
67018 0
67289 0
67357 0
67393 0
67626 0
67664 0
67682 0
68396 0
68505 0
68624 0
68662 0
68741 0
68848 0
68929 0
69166 0
69474 0
69564 0
69755 0
69775 0
70300 0
70424 0
70429 0
70506 0
70507 0
70721 0
70722 0
71211 0
71223 0
71675 0
71705 0
71829 0
72007 0
72028 0
72463 0
73038 0
73409 0
73592 0
73773 0
73778 0
73792 0
74177 0
74321 0
74421 0
74560 0
74566 0
74960 0
75126 0
75281 0
75939 0
75996 0
76465 0
76513 0
76515 0
76691 0
77040 0
77046 0
77281 0
77360 0
77603 0
77763 0
78002 0
78555 0
78597 0
78736 0
78779 0
78825 0
78907 0
79490 0
79663 0
80150 0
80497 0
80527 0
80759 0
80760 0
80789 0
81004 0
81104 0
81233 0
81741 0
81807 0
82016 0
82191 0
82540 0
82918 0
83073 0
83322 0
83398 0
83514 0
84305 0
84559 0
84638 0
84681 0
84740 0
84924 0
85341 0
85441 0
85475 0
85482 0
85690 0
85784 0
85835 0
85930 0
86077 0
86155 0
86374 0
86750 0
86921 0
86929 0
87246 0
87343 0
87383 0
87719 0
87897 0
88153 0
88202 0
88247 0
88258 0
88321 0
88322 0
88636 0
88782 0
89607 0
89610 0
90040 0
90491 0
90555 0
90595 0
90658 0
91280 0
91316 0
91366 0
91539 0
91552 0
92891 0
92926 0
93029 0
93151 0
93339 0
93424 0
93689 0
93787 0
94125 0
94251 0
94774 0
94893 0
94909 0
95238 0
95446 0
95491 0
95606 0
95804 0
95863 0
95924 0
96090 0
96164 0
96596 0
96632 0
96665 0
96734 0
96805 0
96876 0
97082 0
97122 0
97137 0
97182 0
97555 0
98134 0
98233 0
98437 0
98642 0
98737 0
98786 0
98826 0
98830 0
98837 0
99396 0
99398 0
99600 0
99700 0
99704 0
99891 0
