c This is a uniform distributed  1-D DIMACS file 
c width height point_number
p 1000 1000 512
3 0
6 0
10 0
13 0
14 0
15 0
17 0
18 0
22 0
23 0
25 0
27 0
29 0
30 0
32 0
35 0
36 0
37 0
39 0
40 0
43 0
46 0
50 0
51 0
55 0
58 0
59 0
60 0
61 0
64 0
65 0
66 0
67 0
72 0
73 0
74 0
75 0
76 0
77 0
80 0
82 0
83 0
84 0
85 0
87 0
88 0
89 0
94 0
98 0
100 0
101 0
102 0
103 0
105 0
106 0
108 0
109 0
111 0
116 0
117 0
119 0
122 0
124 0
129 0
130 0
131 0
132 0
135 0
136 0
138 0
139 0
140 0
141 0
142 0
143 0
145 0
146 0
147 0
152 0
154 0
155 0
157 0
159 0
164 0
166 0
167 0
170 0
171 0
173 0
174 0
177 0
178 0
179 0
183 0
184 0
187 0
190 0
195 0
196 0
201 0
202 0
203 0
204 0
206 0
207 0
212 0
214 0
215 0
220 0
223 0
224 0
225 0
226 0
228 0
230 0
233 0
234 0
235 0
236 0
238 0
242 0
243 0
244 0
247 0
248 0
249 0
250 0
251 0
252 0
253 0
254 0
259 0
260 0
262 0
264 0
265 0
266 0
267 0
268 0
270 0
272 0
277 0
279 0
281 0
282 0
283 0
285 0
288 0
293 0
294 0
296 0
297 0
299 0
300 0
301 0
303 0
305 0
306 0
307 0
310 0
313 0
320 0
322 0
324 0
327 0
328 0
330 0
334 0
335 0
337 0
342 0
346 0
347 0
348 0
349 0
352 0
355 0
356 0
358 0
361 0
363 0
365 0
366 0
368 0
371 0
372 0
374 0
375 0
376 0
379 0
381 0
382 0
385 0
389 0
391 0
392 0
393 0
394 0
397 0
398 0
400 0
401 0
405 0
408 0
409 0
411 0
413 0
415 0
417 0
418 0
420 0
422 0
423 0
424 0
425 0
426 0
428 0
429 0
431 0
432 0
435 0
436 0
438 0
439 0
441 0
443 0
445 0
447 0
450 0
451 0
458 0
459 0
460 0
461 0
463 0
464 0
466 0
468 0
469 0
470 0
471 0
472 0
475 0
477 0
478 0
479 0
481 0
484 0
487 0
488 0
497 0
498 0
499 0
504 0
512 0
513 0
514 0
518 0
520 0
521 0
522 0
523 0
525 0
526 0
528 0
530 0
531 0
534 0
539 0
541 0
542 0
543 0
544 0
545 0
549 0
550 0
551 0
552 0
553 0
556 0
560 0
562 0
563 0
564 0
567 0
568 0
571 0
572 0
576 0
577 0
580 0
582 0
583 0
584 0
585 0
586 0
587 0
590 0
592 0
593 0
594 0
596 0
598 0
601 0
605 0
606 0
607 0
608 0
609 0
610 0
614 0
617 0
618 0
619 0
620 0
622 0
624 0
625 0
629 0
630 0
634 0
637 0
639 0
645 0
649 0
655 0
656 0
659 0
660 0
661 0
666 0
668 0
669 0
670 0
673 0
675 0
676 0
680 0
683 0
686 0
687 0
688 0
690 0
692 0
695 0
697 0
698 0
700 0
701 0
702 0
704 0
706 0
707 0
708 0
709 0
713 0
715 0
719 0
721 0
725 0
726 0
727 0
729 0
730 0
731 0
732 0
734 0
737 0
739 0
740 0
741 0
743 0
749 0
750 0
751 0
756 0
759 0
760 0
761 0
762 0
763 0
765 0
767 0
769 0
772 0
773 0
775 0
776 0
777 0
779 0
780 0
781 0
782 0
785 0
787 0
789 0
791 0
793 0
794 0
798 0
799 0
800 0
801 0
802 0
803 0
804 0
805 0
806 0
809 0
810 0
811 0
812 0
815 0
817 0
818 0
820 0
822 0
823 0
825 0
828 0
830 0
832 0
833 0
837 0
838 0
843 0
844 0
845 0
852 0
854 0
856 0
857 0
859 0
860 0
861 0
866 0
868 0
871 0
872 0
874 0
875 0
876 0
877 0
879 0
880 0
886 0
887 0
888 0
889 0
890 0
892 0
893 0
894 0
895 0
898 0
899 0
902 0
903 0
904 0
906 0
908 0
909 0
910 0
912 0
913 0
914 0
918 0
919 0
920 0
922 0
925 0
928 0
929 0
932 0
935 0
937 0
938 0
940 0
944 0
945 0
946 0
947 0
950 0
951 0
954 0
956 0
957 0
960 0
961 0
962 0
966 0
967 0
969 0
970 0
972 0
973 0
974 0
975 0
977 0
978 0
979 0
982 0
983 0
986 0
988 0
989 0
990 0
991 0
994 0
995 0
996 0
997 0
