c This is a uniform distributed  1-D DIMACS file 
c width height point_number
p 100000 100000 512
92 0
496 0
724 0
1058 0
1336 0
2041 0
2065 0
2082 0
2727 0
2779 0
2967 0
2992 0
3032 0
3058 0
3155 0
3528 0
3781 0
3901 0
3927 0
4243 0
4620 0
4645 0
4832 0
5066 0
5226 0
6000 0
6084 0
6102 0
6305 0
6432 0
6439 0
6743 0
6769 0
6778 0
6972 0
7646 0
8021 0
8027 0
8124 0
8268 0
8546 0
8731 0
8896 0
8924 0
9008 0
9166 0
9203 0
9542 0
9669 0
9682 0
9743 0
10179 0
10819 0
10837 0
11059 0
11320 0
11429 0
11594 0
11626 0
11710 0
12021 0
12554 0
12664 0
12913 0
13002 0
13348 0
13397 0
13670 0
14046 0
14147 0
14206 0
14415 0
14864 0
15042 0
15354 0
15523 0
15804 0
15884 0
16180 0
16206 0
16244 0
16257 0
16617 0
17090 0
17335 0
17462 0
17522 0
17649 0
18049 0
18190 0
18256 0
18820 0
18843 0
18844 0
19211 0
19537 0
19725 0
19964 0
20185 0
20233 0
20529 0
20719 0
20740 0
20897 0
20935 0
21148 0
21306 0
21394 0
21456 0
21690 0
21881 0
22021 0
22212 0
22357 0
22476 0
22596 0
22784 0
22948 0
22997 0
23120 0
23298 0
23324 0
23484 0
23715 0
23833 0
23910 0
23934 0
24353 0
24425 0
24727 0
24896 0
24901 0
25777 0
25847 0
25990 0
26221 0
26361 0
26566 0
26791 0
26913 0
26968 0
27068 0
27148 0
27177 0
27311 0
27726 0
27876 0
28033 0
28234 0
28485 0
28554 0
28573 0
28731 0
28754 0
28773 0
29090 0
29299 0
29331 0
29497 0
29635 0
30190 0
30283 0
30457 0
30978 0
31105 0
31150 0
31303 0
31472 0
31510 0
31627 0
31663 0
31937 0
31961 0
32279 0
33857 0
33900 0
34001 0
34833 0
34879 0
34881 0
34991 0
35103 0
35519 0
35630 0
35784 0
35796 0
35964 0
36294 0
36335 0
36409 0
36592 0
36771 0
37057 0
37226 0
37816 0
37970 0
37991 0
38014 0
38155 0
38282 0
38339 0
38376 0
39218 0
39332 0
39923 0
40201 0
40233 0
40594 0
40700 0
40880 0
41040 0
41072 0
41160 0
41315 0
41404 0
41427 0
41560 0
41619 0
41732 0
41742 0
42001 0
42019 0
42104 0
42464 0
43054 0
43236 0
43309 0
43337 0
43588 0
43776 0
43807 0
43903 0
44040 0
44321 0
44326 0
44327 0
44347 0
44546 0
44717 0
44718 0
45245 0
45448 0
45732 0
45745 0
45826 0
45971 0
45984 0
46044 0
46151 0
46252 0
46407 0
47028 0
47252 0
47311 0
47443 0
47650 0
48114 0
48200 0
48275 0
48533 0
48793 0
49150 0
49368 0
49425 0
49533 0
50032 0
50064 0
50076 0
50122 0
50267 0
50311 0
50525 0
50704 0
50811 0
50938 0
50955 0
51157 0
51184 0
51205 0
51340 0
51666 0
51880 0
51886 0
52132 0
52370 0
52565 0
52595 0
52657 0
52891 0
53036 0
53089 0
53192 0
53516 0
53542 0
53730 0
54137 0
54532 0
54735 0
54936 0
55051 0
55388 0
55429 0
55550 0
55608 0
55613 0
56027 0
56122 0
56352 0
56917 0
57058 0
57249 0
57250 0
57317 0
57368 0
57447 0
57522 0
57545 0
57579 0
58003 0
58038 0
58089 0
58197 0
58741 0
59070 0
59726 0
59929 0
59999 0
60051 0
60470 0
60518 0
60810 0
60859 0
60977 0
61045 0
61254 0
61274 0
61375 0
61960 0
62533 0
62705 0
62923 0
63311 0
63611 0
63713 0
64047 0
64221 0
64255 0
64465 0
64538 0
64690 0
64785 0
64854 0
65630 0
66115 0
66155 0
66169 0
66790 0
66901 0
67068 0
67154 0
67163 0
67480 0
67494 0
67531 0
67547 0
67832 0
67840 0
68419 0
68502 0
68848 0
69056 0
69101 0
69116 0
69291 0
69320 0
69326 0
69770 0
69920 0
70648 0
70656 0
71182 0
71276 0
72307 0
72647 0
72746 0
72791 0
72952 0
73138 0
73181 0
73527 0
73834 0
74024 0
74096 0
74270 0
74367 0
74651 0
74791 0
74906 0
75284 0
75390 0
75636 0
75697 0
75936 0
78187 0
78404 0
78825 0
78841 0
79216 0
79407 0
79873 0
80240 0
80329 0
80419 0
80572 0
80679 0
80693 0
81224 0
81243 0
81451 0
81697 0
81785 0
82086 0
82108 0
82124 0
82192 0
82389 0
82514 0
82799 0
82882 0
82992 0
83167 0
83645 0
83707 0
83866 0
83907 0
84278 0
84835 0
85087 0
85107 0
85306 0
85841 0
86081 0
86474 0
86486 0
86713 0
87399 0
87458 0
87519 0
87683 0
87767 0
88044 0
88538 0
88729 0
88986 0
89098 0
89117 0
89224 0
89316 0
90218 0
90235 0
90354 0
90501 0
90615 0
90701 0
90813 0
91057 0
91332 0
92579 0
93185 0
93241 0
93269 0
93326 0
93419 0
93505 0
93771 0
93812 0
93894 0
94066 0
94134 0
94542 0
94693 0
94731 0
94924 0
94948 0
95614 0
95705 0
96075 0
96081 0
96269 0
96575 0
96640 0
96668 0
96675 0
96718 0
96729 0
96732 0
96791 0
96975 0
96995 0
97001 0
97309 0
97395 0
97973 0
98073 0
98180 0
98382 0
98509 0
99003 0
99571 0
99628 0
99715 0
99828 0
