c This is a uniform distributed  1-D DIMACS file 
c width height point_number
p 100000 100000 512
645 0
1363 0
1367 0
1459 0
2355 0
2357 0
2610 0
2855 0
3533 0
3627 0
4214 0
4444 0
4974 0
5015 0
5192 0
6063 0
6117 0
6303 0
6426 0
6872 0
6898 0
6900 0
7089 0
7291 0
7914 0
7932 0
8007 0
8282 0
8490 0
8734 0
8844 0
9081 0
9220 0
9225 0
9290 0
9373 0
9581 0
9814 0
10202 0
11078 0
11465 0
11491 0
11555 0
11641 0
11755 0
11907 0
12115 0
12143 0
12223 0
12302 0
12335 0
12635 0
12804 0
12875 0
12889 0
13436 0
13547 0
13904 0
14603 0
14656 0
14661 0
14809 0
15199 0
15284 0
15348 0
15407 0
15435 0
16242 0
16429 0
16443 0
16539 0
16636 0
16674 0
16785 0
16797 0
16838 0
17299 0
17491 0
17520 0
17607 0
17890 0
17905 0
18219 0
18905 0
18949 0
18993 0
19030 0
19182 0
19258 0
19259 0
19546 0
20415 0
20592 0
20598 0
20857 0
20876 0
21157 0
21398 0
21518 0
21718 0
21893 0
22017 0
22254 0
22544 0
22860 0
23177 0
23244 0
23266 0
23562 0
23844 0
23890 0
24230 0
24278 0
24562 0
25197 0
25236 0
25373 0
25504 0
25551 0
25552 0
25974 0
26099 0
26561 0
26706 0
27664 0
28065 0
28119 0
28179 0
28396 0
28610 0
28750 0
29248 0
29359 0
29383 0
30092 0
30151 0
30393 0
30562 0
30625 0
30811 0
30996 0
31546 0
31577 0
32262 0
32275 0
32290 0
32481 0
32762 0
32795 0
32929 0
33343 0
33344 0
33425 0
33644 0
34040 0
34155 0
34296 0
34356 0
34372 0
35075 0
35199 0
35423 0
35462 0
35583 0
35664 0
35709 0
35985 0
36173 0
36185 0
36198 0
36262 0
36612 0
36701 0
37066 0
37353 0
37598 0
37612 0
37642 0
37840 0
38156 0
38445 0
38600 0
38745 0
38857 0
39154 0
39335 0
39455 0
39466 0
39518 0
39537 0
39545 0
39547 0
39698 0
39714 0
40146 0
40334 0
40479 0
40721 0
40919 0
41352 0
41429 0
41512 0
41863 0
41993 0
42421 0
42803 0
42919 0
43003 0
43403 0
43766 0
43769 0
44139 0
44497 0
44715 0
44812 0
44867 0
44930 0
45184 0
45340 0
45345 0
46130 0
46429 0
46490 0
46540 0
47123 0
47233 0
47241 0
47351 0
47443 0
47476 0
47509 0
47837 0
47888 0
49113 0
49297 0
49361 0
49392 0
49436 0
49659 0
50159 0
50256 0
50497 0
50559 0
50766 0
51079 0
51186 0
51565 0
51596 0
51758 0
51856 0
51963 0
51988 0
52019 0
52222 0
52569 0
52758 0
52906 0
52983 0
53251 0
53352 0
53362 0
53605 0
53681 0
53929 0
54292 0
54356 0
54417 0
55178 0
55322 0
55529 0
55553 0
55773 0
55894 0
55956 0
56122 0
56295 0
56416 0
56564 0
57083 0
57407 0
57868 0
57998 0
58270 0
58555 0
58655 0
58719 0
58857 0
58859 0
59378 0
59755 0
59799 0
60055 0
60107 0
60322 0
60367 0
60629 0
60839 0
61077 0
61215 0
61415 0
61650 0
61706 0
61709 0
62096 0
62326 0
62665 0
62777 0
62933 0
62939 0
63016 0
63429 0
63448 0
63608 0
63832 0
64011 0
64088 0
64415 0
64671 0
64978 0
65293 0
65476 0
66046 0
66475 0
66664 0
66696 0
66807 0
66816 0
67063 0
67197 0
67218 0
67365 0
67590 0
67639 0
67739 0
68302 0
68662 0
68695 0
68956 0
69217 0
69276 0
69287 0
69345 0
69498 0
69822 0
69983 0
69988 0
70038 0
70069 0
70113 0
70534 0
70589 0
70904 0
71023 0
71096 0
71135 0
71334 0
71482 0
71522 0
71533 0
71646 0
71669 0
71887 0
71913 0
72221 0
72222 0
72322 0
72600 0
72653 0
72817 0
72887 0
72996 0
73041 0
73057 0
73098 0
73822 0
73936 0
74130 0
74289 0
74776 0
75009 0
75571 0
75757 0
75773 0
75911 0
75987 0
76279 0
76333 0
76852 0
76855 0
77186 0
77351 0
77441 0
77466 0
77478 0
77484 0
77630 0
77703 0
77823 0
78610 0
79212 0
79375 0
79517 0
79538 0
79648 0
79833 0
80058 0
80408 0
80513 0
80633 0
80911 0
80939 0
80970 0
81350 0
81446 0
81588 0
81761 0
81980 0
82190 0
82281 0
82330 0
82372 0
82504 0
82551 0
82574 0
82842 0
82906 0
83125 0
83210 0
83818 0
83889 0
83973 0
84106 0
84183 0
84190 0
84312 0
84766 0
85375 0
85487 0
85523 0
85549 0
85905 0
85979 0
86472 0
86797 0
87130 0
87398 0
87499 0
87635 0
88048 0
88230 0
88243 0
88378 0
88411 0
88477 0
88558 0
88929 0
89042 0
89075 0
89224 0
89849 0
89957 0
89973 0
90073 0
90168 0
90211 0
90427 0
90566 0
90653 0
90790 0
91341 0
91412 0
91567 0
91878 0
92199 0
92556 0
92768 0
92897 0
93554 0
93644 0
94170 0
94249 0
94259 0
94577 0
94655 0
94736 0
94761 0
94836 0
94865 0
94883 0
94899 0
95060 0
95061 0
95449 0
95593 0
95844 0
95857 0
96169 0
96747 0
96899 0
96981 0
97184 0
97621 0
97708 0
97755 0
97761 0
97855 0
98152 0
98764 0
98839 0
99194 0
99474 0
99844 0
