c This is a uniform distributed  1-D DIMACS file 
c width height point_number
p 1000 1000 512
2 0
3 0
8 0
9 0
11 0
12 0
13 0
17 0
27 0
30 0
32 0
33 0
34 0
35 0
43 0
46 0
47 0
49 0
50 0
51 0
53 0
57 0
59 0
60 0
61 0
62 0
65 0
67 0
72 0
73 0
74 0
76 0
77 0
79 0
80 0
81 0
84 0
85 0
91 0
93 0
95 0
97 0
98 0
99 0
100 0
102 0
106 0
108 0
112 0
113 0
114 0
116 0
119 0
121 0
123 0
124 0
126 0
127 0
129 0
131 0
132 0
137 0
138 0
139 0
140 0
145 0
146 0
147 0
149 0
151 0
152 0
154 0
155 0
157 0
161 0
165 0
166 0
170 0
171 0
172 0
174 0
176 0
177 0
178 0
181 0
182 0
183 0
186 0
187 0
191 0
192 0
193 0
194 0
195 0
200 0
201 0
203 0
206 0
207 0
209 0
213 0
218 0
220 0
221 0
225 0
226 0
227 0
228 0
229 0
233 0
234 0
238 0
241 0
242 0
245 0
246 0
248 0
250 0
251 0
253 0
255 0
257 0
259 0
260 0
261 0
262 0
263 0
264 0
269 0
270 0
272 0
275 0
277 0
278 0
279 0
281 0
282 0
284 0
285 0
286 0
288 0
289 0
291 0
293 0
297 0
299 0
300 0
307 0
309 0
311 0
312 0
313 0
319 0
320 0
322 0
323 0
324 0
325 0
326 0
329 0
330 0
332 0
335 0
338 0
342 0
344 0
345 0
346 0
350 0
351 0
352 0
355 0
356 0
357 0
358 0
359 0
360 0
361 0
362 0
364 0
366 0
370 0
374 0
376 0
380 0
382 0
383 0
389 0
391 0
393 0
394 0
396 0
397 0
400 0
402 0
404 0
406 0
410 0
416 0
417 0
418 0
419 0
420 0
421 0
423 0
428 0
430 0
432 0
433 0
435 0
437 0
442 0
443 0
446 0
447 0
449 0
450 0
452 0
454 0
455 0
456 0
458 0
459 0
460 0
462 0
463 0
464 0
465 0
468 0
469 0
470 0
472 0
473 0
474 0
476 0
479 0
480 0
481 0
485 0
486 0
488 0
489 0
490 0
491 0
492 0
493 0
494 0
495 0
497 0
498 0
500 0
502 0
505 0
506 0
507 0
511 0
514 0
515 0
516 0
517 0
521 0
522 0
523 0
525 0
526 0
527 0
530 0
534 0
535 0
540 0
541 0
543 0
544 0
545 0
547 0
548 0
549 0
550 0
552 0
556 0
559 0
560 0
561 0
563 0
564 0
565 0
567 0
568 0
569 0
570 0
571 0
576 0
577 0
578 0
579 0
582 0
583 0
584 0
585 0
587 0
589 0
591 0
595 0
596 0
597 0
600 0
601 0
603 0
604 0
605 0
607 0
609 0
610 0
611 0
614 0
615 0
616 0
617 0
620 0
621 0
622 0
624 0
625 0
626 0
627 0
628 0
629 0
630 0
633 0
637 0
642 0
643 0
644 0
645 0
650 0
655 0
656 0
658 0
670 0
673 0
675 0
677 0
679 0
680 0
683 0
685 0
689 0
690 0
691 0
693 0
694 0
695 0
697 0
702 0
704 0
706 0
707 0
708 0
710 0
711 0
712 0
717 0
718 0
719 0
722 0
723 0
724 0
725 0
727 0
729 0
733 0
739 0
741 0
742 0
743 0
746 0
748 0
751 0
754 0
755 0
757 0
759 0
760 0
761 0
763 0
764 0
766 0
770 0
772 0
773 0
776 0
777 0
778 0
780 0
782 0
784 0
790 0
792 0
793 0
794 0
796 0
797 0
798 0
799 0
800 0
801 0
802 0
803 0
808 0
810 0
811 0
812 0
813 0
818 0
819 0
821 0
824 0
825 0
826 0
828 0
831 0
832 0
833 0
835 0
836 0
837 0
838 0
842 0
844 0
845 0
846 0
849 0
850 0
851 0
857 0
858 0
861 0
862 0
863 0
864 0
866 0
868 0
871 0
877 0
878 0
881 0
882 0
884 0
885 0
886 0
887 0
889 0
890 0
891 0
892 0
894 0
895 0
896 0
897 0
901 0
902 0
906 0
907 0
908 0
909 0
910 0
911 0
912 0
913 0
915 0
916 0
917 0
919 0
920 0
921 0
927 0
929 0
937 0
938 0
939 0
942 0
943 0
944 0
945 0
948 0
950 0
951 0
952 0
955 0
956 0
958 0
959 0
961 0
962 0
963 0
964 0
966 0
967 0
968 0
969 0
972 0
973 0
976 0
980 0
981 0
983 0
984 0
989 0
990 0
996 0
997 0
998 0
