c This is a uniform distributed  1-D DIMACS file 
c width height point_number
p 100000 100000 512
148 0
555 0
735 0
747 0
931 0
1130 0
1157 0
1234 0
1301 0
1525 0
1822 0
2499 0
2546 0
2562 0
2696 0
2700 0
2778 0
2851 0
2932 0
3036 0
3265 0
3321 0
3643 0
3795 0
3910 0
3912 0
3918 0
4383 0
4476 0
4813 0
4915 0
5125 0
5200 0
5386 0
5659 0
5772 0
5925 0
6030 0
6087 0
6218 0
6276 0
6278 0
6306 0
6759 0
6915 0
7234 0
7343 0
7516 0
7535 0
8013 0
8158 0
8244 0
8644 0
8763 0
8824 0
8880 0
9023 0
9103 0
9166 0
9275 0
9339 0
9466 0
9634 0
9873 0
10176 0
10662 0
10748 0
10840 0
10917 0
11092 0
11343 0
11481 0
11609 0
11632 0
11633 0
11704 0
11946 0
11963 0
12375 0
12729 0
12836 0
14143 0
14307 0
14577 0
14915 0
15028 0
15044 0
15269 0
15614 0
16021 0
16351 0
16380 0
16397 0
16493 0
16787 0
17151 0
17207 0
17619 0
17626 0
17640 0
17898 0
17970 0
18247 0
18288 0
18322 0
18427 0
18643 0
19063 0
19110 0
19295 0
19383 0
19550 0
19825 0
20024 0
20089 0
20344 0
20378 0
20943 0
21038 0
21083 0
21129 0
21771 0
22044 0
22090 0
22433 0
22459 0
22692 0
22734 0
22863 0
22979 0
22989 0
23669 0
23762 0
23782 0
23797 0
23806 0
24499 0
24597 0
24676 0
24725 0
24884 0
25009 0
25105 0
25487 0
25810 0
26271 0
26331 0
26667 0
26995 0
27115 0
27169 0
27244 0
27296 0
27352 0
27434 0
27603 0
27793 0
27899 0
28063 0
28184 0
28286 0
28488 0
28663 0
28719 0
29335 0
29712 0
29878 0
30188 0
30217 0
30593 0
30845 0
30952 0
30980 0
31416 0
31952 0
32069 0
32231 0
32288 0
32289 0
32485 0
32637 0
32679 0
32811 0
32832 0
33125 0
33440 0
33453 0
33916 0
34073 0
34088 0
34348 0
34553 0
34902 0
34945 0
35258 0
35298 0
35618 0
35687 0
36445 0
36527 0
36651 0
36701 0
36761 0
37016 0
37448 0
37663 0
37690 0
37724 0
37983 0
38102 0
38604 0
38707 0
39823 0
39988 0
40099 0
40364 0
40470 0
40648 0
40937 0
41388 0
41401 0
41545 0
41675 0
41706 0
41835 0
41881 0
42075 0
42138 0
42607 0
42668 0
42783 0
43092 0
43272 0
43306 0
43318 0
43809 0
43832 0
43958 0
44170 0
44278 0
44631 0
44666 0
45040 0
45084 0
45495 0
45800 0
46235 0
46258 0
46373 0
46497 0
46527 0
46831 0
47548 0
48033 0
48288 0
48351 0
48363 0
48457 0
48601 0
49064 0
49237 0
49436 0
49528 0
49952 0
49982 0
50006 0
50146 0
50338 0
50463 0
50759 0
50764 0
50799 0
50862 0
50894 0
51018 0
51185 0
51191 0
51425 0
51671 0
52696 0
53052 0
53503 0
53676 0
54012 0
54284 0
54291 0
54760 0
54854 0
55131 0
55275 0
55356 0
55439 0
55697 0
55807 0
56007 0
56236 0
56305 0
56772 0
57047 0
57138 0
57499 0
57598 0
57727 0
57757 0
57902 0
58253 0
58412 0
58427 0
58462 0
58488 0
58618 0
58636 0
58793 0
58854 0
59253 0
59274 0
59519 0
59689 0
59787 0
60392 0
60732 0
60872 0
60902 0
61411 0
61673 0
61694 0
61888 0
61912 0
62041 0
62220 0
62587 0
62627 0
62947 0
63121 0
63321 0
63596 0
63617 0
63719 0
63809 0
64189 0
64332 0
64371 0
64620 0
64904 0
65019 0
65061 0
65149 0
65757 0
66121 0
66223 0
66557 0
66586 0
66612 0
66747 0
66772 0
66939 0
67090 0
67206 0
67292 0
67481 0
67606 0
67752 0
67853 0
68016 0
68772 0
68877 0
69215 0
69308 0
69421 0
69437 0
69554 0
69649 0
70329 0
70510 0
70767 0
70925 0
71083 0
71234 0
71261 0
71623 0
72266 0
72486 0
73184 0
73430 0
73452 0
73523 0
73544 0
73657 0
73855 0
74735 0
75032 0
75087 0
75902 0
76083 0
76261 0
76291 0
76464 0
76673 0
76717 0
76722 0
76947 0
77003 0
77351 0
77681 0
77692 0
78068 0
78432 0
78559 0
78669 0
78696 0
78780 0
78938 0
78999 0
79077 0
79418 0
79584 0
79794 0
79921 0
80071 0
80167 0
80266 0
80450 0
80466 0
80557 0
81298 0
81686 0
81798 0
81817 0
82201 0
82488 0
82586 0
82701 0
82809 0
82897 0
83042 0
83049 0
83134 0
83305 0
83419 0
83508 0
83693 0
83804 0
84113 0
84305 0
84450 0
84677 0
84877 0
85022 0
85252 0
85608 0
85628 0
86070 0
86291 0
86350 0
86359 0
86404 0
86731 0
86907 0
87301 0
87305 0
87535 0
87607 0
87750 0
88143 0
88491 0
88662 0
89128 0
89573 0
89645 0
89909 0
89986 0
90186 0
90205 0
90604 0
90786 0
90863 0
91129 0
91157 0
91320 0
91373 0
91749 0
91936 0
92049 0
92637 0
92814 0
93347 0
93504 0
93737 0
93796 0
94012 0
94198 0
94801 0
94808 0
95436 0
95823 0
96031 0
96479 0
96512 0
96642 0
96918 0
96951 0
97283 0
97289 0
97295 0
97351 0
97538 0
97618 0
97940 0
98356 0
98547 0
99370 0
99926 0
