c This is a uniform distributed  1-D DIMACS file 
c width height point_number
p 1000 1000 512
1 0
3 0
5 0
6 0
7 0
12 0
13 0
16 0
20 0
23 0
28 0
29 0
34 0
36 0
38 0
40 0
41 0
42 0
43 0
44 0
48 0
49 0
51 0
52 0
56 0
61 0
62 0
65 0
67 0
68 0
69 0
70 0
71 0
73 0
74 0
76 0
77 0
79 0
80 0
83 0
84 0
85 0
86 0
87 0
88 0
94 0
97 0
98 0
99 0
100 0
101 0
102 0
103 0
104 0
105 0
108 0
109 0
111 0
112 0
113 0
114 0
119 0
123 0
124 0
125 0
126 0
127 0
131 0
132 0
134 0
135 0
136 0
139 0
140 0
143 0
145 0
146 0
150 0
152 0
153 0
154 0
155 0
156 0
158 0
159 0
160 0
161 0
162 0
163 0
164 0
165 0
168 0
169 0
170 0
171 0
175 0
177 0
180 0
182 0
184 0
185 0
186 0
187 0
189 0
191 0
193 0
194 0
195 0
197 0
199 0
200 0
202 0
204 0
208 0
209 0
210 0
211 0
213 0
216 0
218 0
219 0
221 0
222 0
224 0
225 0
228 0
230 0
231 0
232 0
233 0
234 0
235 0
237 0
240 0
241 0
242 0
245 0
246 0
247 0
250 0
253 0
255 0
256 0
257 0
259 0
260 0
263 0
264 0
265 0
266 0
269 0
272 0
274 0
275 0
276 0
278 0
279 0
281 0
283 0
285 0
287 0
288 0
289 0
290 0
292 0
295 0
296 0
298 0
302 0
306 0
310 0
311 0
315 0
316 0
323 0
325 0
327 0
330 0
331 0
332 0
333 0
336 0
337 0
340 0
342 0
350 0
354 0
356 0
361 0
362 0
363 0
364 0
368 0
369 0
370 0
372 0
373 0
375 0
376 0
379 0
382 0
383 0
384 0
385 0
387 0
389 0
394 0
397 0
398 0
400 0
401 0
402 0
403 0
405 0
406 0
407 0
409 0
411 0
412 0
414 0
416 0
418 0
420 0
421 0
424 0
427 0
428 0
430 0
431 0
434 0
436 0
437 0
438 0
442 0
443 0
448 0
449 0
452 0
456 0
459 0
460 0
461 0
462 0
463 0
464 0
466 0
467 0
469 0
470 0
475 0
476 0
479 0
481 0
484 0
486 0
487 0
489 0
490 0
491 0
493 0
494 0
495 0
497 0
498 0
502 0
509 0
510 0
512 0
514 0
516 0
517 0
518 0
519 0
525 0
530 0
535 0
538 0
539 0
540 0
549 0
550 0
551 0
553 0
557 0
563 0
564 0
565 0
567 0
568 0
570 0
571 0
574 0
577 0
578 0
579 0
580 0
581 0
582 0
583 0
584 0
585 0
588 0
592 0
594 0
596 0
601 0
611 0
613 0
614 0
616 0
617 0
618 0
621 0
622 0
624 0
626 0
627 0
629 0
630 0
633 0
636 0
638 0
639 0
640 0
645 0
647 0
648 0
649 0
650 0
652 0
654 0
655 0
656 0
657 0
659 0
661 0
662 0
664 0
668 0
671 0
674 0
675 0
677 0
678 0
683 0
684 0
686 0
687 0
689 0
690 0
691 0
693 0
696 0
698 0
700 0
701 0
704 0
705 0
708 0
709 0
711 0
713 0
715 0
716 0
718 0
720 0
721 0
722 0
725 0
726 0
728 0
733 0
736 0
738 0
741 0
743 0
744 0
746 0
750 0
751 0
755 0
756 0
757 0
758 0
759 0
760 0
761 0
762 0
763 0
764 0
766 0
768 0
770 0
771 0
775 0
776 0
777 0
778 0
779 0
783 0
784 0
785 0
787 0
788 0
789 0
791 0
792 0
793 0
795 0
801 0
805 0
807 0
808 0
809 0
811 0
812 0
814 0
815 0
817 0
818 0
819 0
822 0
823 0
824 0
825 0
827 0
828 0
829 0
830 0
831 0
835 0
836 0
838 0
839 0
843 0
844 0
845 0
846 0
847 0
851 0
852 0
854 0
856 0
858 0
862 0
863 0
864 0
868 0
870 0
874 0
876 0
877 0
879 0
881 0
882 0
887 0
892 0
893 0
894 0
895 0
897 0
899 0
900 0
901 0
902 0
903 0
904 0
907 0
915 0
916 0
919 0
920 0
921 0
925 0
932 0
933 0
935 0
936 0
938 0
940 0
941 0
945 0
947 0
948 0
951 0
952 0
955 0
956 0
958 0
964 0
967 0
968 0
970 0
971 0
972 0
973 0
974 0
976 0
977 0
978 0
979 0
980 0
981 0
982 0
983 0
987 0
989 0
991 0
992 0
993 0
995 0
996 0
