c This is a uniform distributed  1-D DIMACS file 
c width height point_number
p 100000 100000 512
233 0
280 0
478 0
482 0
898 0
1177 0
1366 0
1404 0
1546 0
1846 0
2050 0
2170 0
2422 0
2481 0
2604 0
3075 0
3418 0
3488 0
3506 0
3725 0
3889 0
4601 0
4608 0
4792 0
4795 0
5261 0
5328 0
5388 0
6013 0
6190 0
6253 0
6380 0
6422 0
6479 0
6525 0
6551 0
6559 0
6710 0
6824 0
6953 0
7113 0
7298 0
7681 0
7828 0
7841 0
7925 0
8050 0
8406 0
8802 0
9326 0
9334 0
9357 0
9391 0
9921 0
10261 0
10276 0
10278 0
10309 0
10329 0
10545 0
11054 0
11183 0
11197 0
11235 0
11826 0
11982 0
12084 0
12089 0
12382 0
12384 0
12464 0
12603 0
12866 0
12896 0
13356 0
13760 0
13835 0
14589 0
15195 0
15442 0
15455 0
15550 0
15741 0
16195 0
16352 0
16441 0
16692 0
16699 0
17098 0
17173 0
17462 0
17523 0
17568 0
17929 0
18056 0
18871 0
18987 0
19011 0
19544 0
19545 0
20559 0
20571 0
20769 0
20783 0
20819 0
21444 0
22115 0
22512 0
22967 0
23100 0
23103 0
23227 0
23289 0
23580 0
23683 0
23746 0
24071 0
24155 0
24246 0
24364 0
24493 0
25019 0
25598 0
25949 0
26477 0
26832 0
26836 0
26941 0
27059 0
27085 0
27385 0
27459 0
27744 0
27938 0
28182 0
28405 0
28792 0
28830 0
28965 0
29216 0
29283 0
29560 0
29568 0
29654 0
29769 0
29795 0
29898 0
30161 0
30166 0
30228 0
30329 0
30363 0
30424 0
30531 0
30622 0
30871 0
31098 0
31723 0
31779 0
31958 0
32010 0
32220 0
32441 0
32470 0
32657 0
32825 0
33176 0
33220 0
33223 0
33242 0
33370 0
33448 0
33727 0
33730 0
33876 0
33908 0
34432 0
34872 0
35050 0
35303 0
35842 0
35858 0
35999 0
36104 0
36241 0
36267 0
36329 0
36473 0
36958 0
36970 0
37221 0
37276 0
37431 0
37699 0
37771 0
37873 0
38037 0
38148 0
38588 0
38668 0
38899 0
39405 0
39716 0
39922 0
40097 0
40526 0
41078 0
41327 0
41451 0
41745 0
41826 0
41834 0
41853 0
41904 0
41997 0
42065 0
42077 0
42100 0
42230 0
42399 0
43835 0
43964 0
44177 0
44274 0
44471 0
44730 0
44993 0
45256 0
45402 0
45430 0
45701 0
45871 0
45974 0
46300 0
46390 0
46616 0
46746 0
46905 0
46915 0
47424 0
47445 0
47456 0
47540 0
47677 0
47735 0
48367 0
48585 0
48681 0
48943 0
49037 0
49148 0
49316 0
49358 0
49398 0
49730 0
49909 0
50082 0
50127 0
50172 0
50206 0
50477 0
50794 0
51040 0
51118 0
51364 0
51565 0
51603 0
51636 0
51733 0
51767 0
51905 0
52076 0
52103 0
52108 0
52254 0
52280 0
52795 0
52939 0
53073 0
53077 0
53089 0
53235 0
53404 0
53426 0
53669 0
53688 0
53846 0
53897 0
53979 0
54012 0
54044 0
54268 0
54370 0
55455 0
55565 0
56234 0
56357 0
56361 0
56506 0
56557 0
56624 0
56682 0
56784 0
56947 0
57015 0
57048 0
57106 0
57325 0
57541 0
57716 0
57796 0
58243 0
58632 0
58679 0
58932 0
59082 0
59287 0
59417 0
60147 0
60388 0
60552 0
60832 0
60872 0
60961 0
61350 0
61524 0
62010 0
62225 0
62240 0
62470 0
62630 0
62697 0
62817 0
63108 0
63410 0
63750 0
63809 0
63940 0
63975 0
64222 0
64276 0
64788 0
64827 0
64848 0
65142 0
65199 0
65419 0
65512 0
65735 0
65914 0
65993 0
66444 0
66528 0
66928 0
67126 0
67148 0
67471 0
68026 0
68296 0
68640 0
68667 0
68805 0
69564 0
70072 0
70352 0
71339 0
71730 0
72146 0
72186 0
72250 0
72396 0
72423 0
72567 0
72886 0
73591 0
73600 0
73619 0
73648 0
73718 0
73971 0
73984 0
74108 0
74229 0
75101 0
75311 0
75442 0
75704 0
76266 0
76321 0
77037 0
77043 0
77080 0
77251 0
77919 0
78070 0
78120 0
78588 0
78611 0
78762 0
79085 0
79294 0
79435 0
79473 0
79480 0
80144 0
80576 0
80636 0
80708 0
81011 0
81065 0
81300 0
81455 0
81854 0
81909 0
82189 0
82245 0
82259 0
82430 0
82585 0
82704 0
83656 0
83803 0
83965 0
84041 0
84575 0
84710 0
84883 0
85078 0
85323 0
85648 0
85672 0
85791 0
85905 0
86363 0
86396 0
86403 0
86633 0
87135 0
87148 0
87228 0
87826 0
88495 0
88618 0
88703 0
88786 0
88851 0
88956 0
89307 0
89331 0
89590 0
89883 0
90648 0
90748 0
90811 0
90878 0
90939 0
91003 0
91575 0
91660 0
91736 0
92056 0
92134 0
92145 0
92439 0
92538 0
92585 0
92681 0
92748 0
92782 0
92820 0
92989 0
93171 0
93722 0
93902 0
93946 0
94513 0
94615 0
94789 0
94794 0
94807 0
94877 0
94906 0
94917 0
94952 0
95411 0
95623 0
95728 0
96060 0
96149 0
96504 0
96701 0
96717 0
96819 0
96824 0
96850 0
97324 0
97569 0
97596 0
97724 0
97744 0
97907 0
98427 0
98702 0
98799 0
98801 0
98941 0
99113 0
99288 0
99477 0
99599 0
99637 0
99755 0
