c This is a uniform distributed  1-D DIMACS file 
c width height point_number
p 100000 100000 512
113 0
699 0
1090 0
1428 0
1505 0
1630 0
1700 0
1764 0
1789 0
2083 0
2422 0
2624 0
2892 0
3086 0
3251 0
3546 0
3796 0
4051 0
4147 0
4324 0
4400 0
4480 0
4671 0
4765 0
4980 0
5232 0
5252 0
5359 0
5394 0
5849 0
5984 0
6074 0
6180 0
6203 0
6221 0
6290 0
6358 0
6811 0
7093 0
7241 0
7345 0
7398 0
7722 0
7838 0
7863 0
8104 0
8147 0
8333 0
8605 0
8700 0
8817 0
9679 0
9807 0
9996 0
10138 0
10251 0
10423 0
10445 0
10599 0
10645 0
10706 0
10860 0
10946 0
11052 0
11109 0
11175 0
11373 0
11649 0
11969 0
12113 0
12138 0
12173 0
12353 0
12656 0
12739 0
13042 0
13725 0
13817 0
14189 0
14627 0
14649 0
14861 0
15141 0
15282 0
15366 0
15385 0
15391 0
15464 0
15747 0
15777 0
15993 0
16106 0
16253 0
16287 0
16385 0
16623 0
16878 0
17102 0
17172 0
17584 0
17692 0
17953 0
18070 0
18330 0
18390 0
18518 0
18709 0
18783 0
18822 0
19299 0
19473 0
19956 0
20094 0
20123 0
20249 0
20273 0
20540 0
20640 0
20641 0
20762 0
21111 0
21383 0
21585 0
21750 0
22252 0
22351 0
22777 0
22851 0
22867 0
23118 0
23367 0
23408 0
23495 0
23543 0
23941 0
23959 0
24039 0
24241 0
24323 0
24326 0
24487 0
24561 0
24804 0
24841 0
24843 0
24992 0
25265 0
25382 0
25845 0
26019 0
26029 0
26402 0
26552 0
26642 0
27129 0
27262 0
27727 0
27977 0
28327 0
28348 0
28638 0
28764 0
28897 0
28907 0
29394 0
29521 0
29739 0
29810 0
29887 0
29922 0
30045 0
30155 0
30198 0
30370 0
30789 0
31150 0
31288 0
31870 0
32188 0
32210 0
32294 0
32324 0
32353 0
32427 0
32485 0
32612 0
32820 0
33042 0
33154 0
33926 0
33993 0
34054 0
34732 0
34778 0
34974 0
35068 0
35263 0
35711 0
36208 0
36263 0
36544 0
36654 0
36687 0
36713 0
37098 0
37522 0
38493 0
38502 0
38542 0
38659 0
38682 0
38931 0
39027 0
39384 0
40039 0
40317 0
40583 0
40702 0
40754 0
40841 0
40925 0
41296 0
41801 0
41810 0
42076 0
42085 0
42545 0
42734 0
42839 0
42856 0
43119 0
43123 0
43202 0
43258 0
43400 0
43564 0
43605 0
43628 0
43693 0
43862 0
43883 0
43899 0
44061 0
44278 0
44281 0
44913 0
45195 0
45502 0
45519 0
45795 0
45804 0
46002 0
46426 0
46546 0
46779 0
46943 0
47153 0
47271 0
47648 0
47699 0
47810 0
47953 0
48171 0
48375 0
48392 0
48600 0
48918 0
49267 0
49596 0
49736 0
50333 0
50954 0
51163 0
51414 0
51453 0
51524 0
52043 0
52182 0
52314 0
52357 0
52546 0
52926 0
53004 0
53098 0
53107 0
53264 0
53296 0
54449 0
54498 0
54716 0
54820 0
54903 0
55327 0
55725 0
55736 0
55925 0
56024 0
56533 0
57011 0
57677 0
57785 0
57841 0
57872 0
58276 0
58475 0
58554 0
58597 0
59094 0
59199 0
59211 0
60127 0
60379 0
60496 0
60641 0
60736 0
60785 0
60877 0
61061 0
61162 0
61416 0
61500 0
61672 0
61683 0
62026 0
62291 0
62341 0
62401 0
62478 0
62540 0
62660 0
62819 0
63131 0
63158 0
63446 0
63630 0
63715 0
64413 0
64571 0
64890 0
65012 0
65172 0
65410 0
65528 0
65556 0
65746 0
65778 0
65821 0
65954 0
66015 0
66464 0
66471 0
66599 0
66888 0
67260 0
67308 0
67309 0
67314 0
67771 0
68444 0
69055 0
69241 0
69251 0
69440 0
69641 0
69650 0
70068 0
70150 0
70402 0
70486 0
70588 0
70700 0
70879 0
70943 0
71065 0
71177 0
71267 0
71448 0
71682 0
72227 0
72556 0
72567 0
72693 0
72796 0
73094 0
73173 0
73527 0
74088 0
74096 0
74167 0
74249 0
74422 0
74618 0
74707 0
74749 0
75174 0
75311 0
75488 0
75985 0
76060 0
76090 0
76098 0
76660 0
77167 0
77356 0
77600 0
78168 0
78204 0
78334 0
78359 0
78453 0
78505 0
78670 0
78854 0
78907 0
79094 0
79521 0
79651 0
80088 0
80305 0
80600 0
80934 0
80937 0
80942 0
81675 0
81736 0
81740 0
82117 0
82259 0
82335 0
82850 0
82957 0
83045 0
83176 0
83186 0
83214 0
83280 0
83705 0
84058 0
84460 0
84675 0
85074 0
85135 0
85209 0
85539 0
85576 0
85704 0
85916 0
85923 0
86024 0
87208 0
87507 0
87943 0
88517 0
89035 0
89179 0
89635 0
89669 0
89757 0
90295 0
90498 0
90554 0
90619 0
90981 0
91104 0
91293 0
91400 0
91955 0
92647 0
92659 0
93016 0
93243 0
93269 0
93323 0
93337 0
93654 0
93844 0
93854 0
94059 0
94070 0
94114 0
94453 0
94465 0
94647 0
94787 0
94853 0
94892 0
95094 0
95408 0
95856 0
95980 0
96465 0
96565 0
96637 0
97023 0
97146 0
97248 0
97353 0
97403 0
97478 0
97541 0
97583 0
97618 0
98424 0
98619 0
98667 0
98723 0
98800 0
98886 0
99123 0
99388 0
99655 0
99960 0
