c This is a uniform distributed  1-D DIMACS file 
c width height point_number
p 100000 100000 512
347 0
733 0
1289 0
1541 0
1653 0
1767 0
2111 0
2410 0
2862 0
2968 0
3261 0
3265 0
3321 0
3549 0
3703 0
3779 0
3947 0
3987 0
4096 0
4152 0
4515 0
4757 0
4788 0
4835 0
4920 0
5112 0
5177 0
5371 0
5909 0
6204 0
6311 0
6944 0
7161 0
7239 0
7855 0
7951 0
8111 0
8354 0
8569 0
8846 0
8935 0
10442 0
10527 0
10812 0
11351 0
11466 0
11576 0
11849 0
12123 0
12482 0
12543 0
12947 0
13001 0
13208 0
13393 0
13736 0
14280 0
14336 0
14338 0
14376 0
14520 0
14908 0
15096 0
15167 0
15231 0
15393 0
15465 0
15486 0
15892 0
16111 0
16298 0
16398 0
16439 0
17172 0
17260 0
17290 0
17300 0
17660 0
18089 0
18244 0
18248 0
18455 0
18645 0
18752 0
18870 0
18881 0
18890 0
19083 0
19142 0
19211 0
19468 0
19896 0
20261 0
20308 0
20444 0
20771 0
20837 0
21111 0
21315 0
21372 0
21429 0
21907 0
21914 0
21947 0
21955 0
22185 0
22716 0
22900 0
23362 0
23737 0
23807 0
23944 0
24464 0
24581 0
24766 0
25009 0
25146 0
25192 0
25316 0
25438 0
25779 0
25836 0
25934 0
26001 0
26636 0
27168 0
27321 0
27575 0
27707 0
27915 0
28238 0
28322 0
28383 0
28591 0
28979 0
29151 0
29761 0
29793 0
29815 0
29895 0
30265 0
30334 0
30555 0
30696 0
30771 0
30873 0
30997 0
31020 0
31095 0
31389 0
31625 0
32088 0
32487 0
33034 0
33049 0
33168 0
33199 0
33458 0
33566 0
33745 0
33832 0
34198 0
34238 0
34259 0
34337 0
34536 0
34680 0
34802 0
34977 0
35101 0
35289 0
35701 0
35704 0
35837 0
35842 0
35865 0
36151 0
36389 0
36513 0
36639 0
37040 0
37127 0
37239 0
37657 0
37669 0
37754 0
37918 0
37921 0
38352 0
38826 0
38970 0
39022 0
39069 0
39163 0
39653 0
40573 0
40626 0
41004 0
41440 0
42107 0
42117 0
42118 0
42616 0
42895 0
42912 0
42974 0
43058 0
43234 0
43285 0
43366 0
43654 0
44045 0
44607 0
44693 0
44735 0
44747 0
44760 0
44779 0
44867 0
44973 0
44990 0
45343 0
45678 0
46044 0
46448 0
46777 0
46862 0
46994 0
47079 0
47313 0
47503 0
47792 0
47918 0
47996 0
48518 0
48798 0
48888 0
48912 0
49120 0
49240 0
49364 0
49477 0
49728 0
49813 0
50295 0
50434 0
50740 0
51389 0
51451 0
51643 0
51854 0
51899 0
52294 0
52530 0
53010 0
53172 0
53272 0
53348 0
53722 0
53745 0
53928 0
54037 0
54121 0
54128 0
54189 0
54227 0
54969 0
55115 0
55225 0
55360 0
55371 0
55446 0
55582 0
55623 0
55706 0
56020 0
56095 0
56191 0
56317 0
56361 0
56374 0
56447 0
56480 0
56723 0
56821 0
57039 0
57045 0
57251 0
57406 0
57931 0
58036 0
58063 0
58075 0
58205 0
58624 0
58799 0
59244 0
59285 0
59288 0
59365 0
59409 0
60018 0
60118 0
60158 0
60338 0
60527 0
61173 0
61526 0
61926 0
62175 0
62431 0
62444 0
62992 0
63006 0
63147 0
63274 0
63400 0
63473 0
63503 0
64058 0
64076 0
64136 0
64644 0
64686 0
64912 0
64966 0
65114 0
65122 0
65281 0
65384 0
65429 0
65562 0
65628 0
65679 0
65713 0
65770 0
65787 0
65908 0
65909 0
65928 0
65969 0
66220 0
66376 0
66426 0
66701 0
66746 0
66977 0
66988 0
67019 0
67800 0
67816 0
67850 0
67872 0
67937 0
68256 0
68270 0
68624 0
68664 0
68685 0
68803 0
68950 0
69227 0
69537 0
69694 0
69965 0
69989 0
70049 0
70134 0
70387 0
70643 0
70766 0
70834 0
71083 0
71761 0
71978 0
72109 0
72462 0
72737 0
72890 0
74287 0
74800 0
74820 0
75557 0
76022 0
76036 0
76046 0
76161 0
76383 0
76546 0
76767 0
76875 0
77000 0
77009 0
77357 0
77488 0
77654 0
77810 0
77833 0
78261 0
78317 0
78343 0
78479 0
78703 0
78836 0
78844 0
78868 0
78955 0
79029 0
79611 0
79909 0
80222 0
80710 0
80777 0
81025 0
81047 0
81179 0
81199 0
81400 0
81510 0
81673 0
81721 0
81841 0
81942 0
82072 0
82175 0
82425 0
82598 0
82842 0
83169 0
83289 0
83994 0
84680 0
84847 0
84875 0
85228 0
85353 0
85826 0
86016 0
86358 0
86400 0
86728 0
86774 0
86958 0
87121 0
87464 0
87732 0
87890 0
88023 0
88145 0
88468 0
88740 0
88759 0
89203 0
89229 0
89251 0
89441 0
89559 0
89932 0
90165 0
90248 0
90346 0
91055 0
91261 0
91291 0
91877 0
92125 0
92134 0
92183 0
92936 0
93041 0
93061 0
93643 0
93840 0
94513 0
94816 0
94935 0
95013 0
95031 0
95041 0
95283 0
95706 0
95889 0
95976 0
96016 0
96216 0
96276 0
96365 0
96544 0
96715 0
96765 0
96963 0
97048 0
97079 0
97172 0
97290 0
97459 0
97492 0
98258 0
98459 0
98488 0
98681 0
98698 0
98802 0
99199 0
99234 0
99317 0
99396 0
99464 0
99549 0
99657 0
99671 0
99860 0
