c This is a uniform distributed  1-D DIMACS file 
c width height point_number
p 100000 100000 512
130 0
190 0
289 0
1343 0
1365 0
1904 0
1933 0
2102 0
2126 0
2537 0
3064 0
3515 0
3619 0
3828 0
4226 0
4346 0
4442 0
4492 0
4615 0
4691 0
4726 0
4990 0
5334 0
5554 0
5743 0
5904 0
6060 0
6339 0
6538 0
6617 0
7138 0
7353 0
7671 0
7946 0
8113 0
8228 0
8663 0
8674 0
8777 0
8827 0
8843 0
8936 0
9115 0
9149 0
9243 0
9404 0
9476 0
9771 0
9833 0
10147 0
10391 0
10529 0
10569 0
10741 0
10968 0
11095 0
11184 0
11188 0
11444 0
11826 0
11978 0
12235 0
12631 0
12965 0
13660 0
14071 0
14385 0
14543 0
14851 0
14890 0
15017 0
15375 0
15466 0
15511 0
15646 0
16650 0
16688 0
16721 0
17075 0
17314 0
17564 0
17827 0
18123 0
18249 0
18259 0
18271 0
18296 0
18353 0
18508 0
18662 0
18721 0
18895 0
19797 0
19891 0
20298 0
20415 0
20607 0
20636 0
20898 0
21214 0
21360 0
22067 0
22201 0
22361 0
22469 0
22480 0
22583 0
22879 0
22926 0
23017 0
23044 0
23107 0
23125 0
23321 0
23501 0
23517 0
23911 0
24072 0
24076 0
24171 0
24334 0
24465 0
24553 0
24587 0
24741 0
24762 0
24775 0
24829 0
24832 0
25045 0
25299 0
25541 0
25767 0
25852 0
26103 0
26168 0
26586 0
26848 0
27003 0
28318 0
28344 0
28583 0
28665 0
28751 0
29040 0
29151 0
29445 0
29465 0
29589 0
29872 0
29880 0
29975 0
30024 0
30348 0
30741 0
30897 0
30918 0
30949 0
30964 0
31322 0
31534 0
31634 0
31912 0
31951 0
32048 0
32049 0
32054 0
32608 0
32663 0
32869 0
32960 0
33268 0
33491 0
33654 0
33767 0
33881 0
34148 0
34172 0
34469 0
34599 0
34731 0
34851 0
35227 0
35640 0
35787 0
35999 0
36755 0
36850 0
36894 0
36995 0
37101 0
37149 0
37639 0
37669 0
37893 0
38351 0
38437 0
38809 0
39468 0
39487 0
39779 0
39932 0
40400 0
40506 0
40970 0
41424 0
41679 0
41741 0
41970 0
42132 0
42148 0
42506 0
42518 0
42594 0
42629 0
42873 0
43104 0
43220 0
43253 0
43423 0
43465 0
43559 0
43666 0
43723 0
43795 0
44353 0
44606 0
44622 0
44792 0
45371 0
45523 0
45839 0
46076 0
46181 0
46465 0
46537 0
46580 0
46732 0
46741 0
47807 0
48114 0
48136 0
48314 0
48677 0
48708 0
49023 0
49625 0
49877 0
50132 0
50496 0
50631 0
50811 0
51299 0
51321 0
51339 0
51357 0
51626 0
51630 0
51774 0
52093 0
52142 0
52491 0
52519 0
52710 0
52996 0
53077 0
53121 0
53280 0
53351 0
53424 0
53515 0
53523 0
53575 0
53586 0
53603 0
53759 0
53967 0
53968 0
54117 0
54145 0
54392 0
54867 0
55833 0
55909 0
56374 0
56639 0
56805 0
56966 0
57020 0
57173 0
57204 0
57438 0
57464 0
57532 0
58483 0
58731 0
58775 0
59023 0
59056 0
59062 0
59107 0
59527 0
59746 0
60257 0
60285 0
60826 0
61548 0
61618 0
61644 0
61648 0
62005 0
62271 0
62337 0
62657 0
62833 0
63404 0
63453 0
63587 0
63614 0
63775 0
64775 0
64800 0
64908 0
65006 0
65172 0
65478 0
65808 0
65914 0
66153 0
66469 0
66759 0
66879 0
67305 0
67533 0
67541 0
67551 0
67792 0
67879 0
68005 0
68030 0
68058 0
68232 0
68599 0
68885 0
69862 0
70080 0
70272 0
70486 0
70552 0
70602 0
70614 0
70726 0
70782 0
70824 0
71279 0
71294 0
71377 0
71590 0
71893 0
71972 0
72162 0
72346 0
72475 0
72490 0
72611 0
72614 0
72936 0
73056 0
73092 0
73217 0
73475 0
73526 0
73782 0
73790 0
73936 0
75063 0
75246 0
75881 0
75989 0
76208 0
76214 0
76354 0
76588 0
76944 0
76962 0
76968 0
76969 0
77004 0
77234 0
77430 0
77439 0
77618 0
77901 0
78246 0
78305 0
78434 0
78475 0
78483 0
78533 0
78587 0
78674 0
78851 0
78997 0
78999 0
79326 0
79495 0
79539 0
79740 0
80159 0
80230 0
80458 0
80809 0
80848 0
81202 0
81402 0
81487 0
81685 0
81795 0
81854 0
81945 0
82102 0
82174 0
82484 0
82507 0
82597 0
82623 0
82836 0
83053 0
83061 0
83271 0
84134 0
84443 0
84458 0
84830 0
85064 0
85359 0
85437 0
85452 0
85512 0
85535 0
85597 0
85814 0
85836 0
85919 0
86274 0
86305 0
86350 0
86403 0
86643 0
86682 0
86753 0
86828 0
86858 0
87177 0
87288 0
87861 0
88286 0
88865 0
88908 0
88945 0
89169 0
89172 0
89740 0
90200 0
90747 0
90865 0
91371 0
91522 0
91579 0
91866 0
92068 0
92788 0
93002 0
93509 0
93671 0
93874 0
94091 0
94187 0
94670 0
94712 0
95132 0
95173 0
95262 0
96104 0
96263 0
96358 0
96514 0
97024 0
97138 0
97159 0
97262 0
97306 0
97423 0
97639 0
97679 0
97680 0
97791 0
97874 0
97875 0
98039 0
98202 0
98362 0
98369 0
98661 0
99159 0
99388 0
99533 0
99561 0
99752 0
99819 0
99959 0
99971 0
