c This is a uniform distributed  1-D DIMACS file 
c width height point_number
p 100000 100000 512
118 0
892 0
1115 0
1674 0
1961 0
1977 0
2029 0
2054 0
2083 0
2608 0
2860 0
3178 0
3307 0
3477 0
3772 0
3847 0
4483 0
4965 0
5289 0
5291 0
5308 0
5524 0
5638 0
5654 0
5729 0
5887 0
6042 0
6126 0
6135 0
6217 0
6536 0
6953 0
6958 0
7061 0
7293 0
7436 0
7513 0
7554 0
7965 0
8027 0
8194 0
8206 0
8296 0
8341 0
8375 0
8508 0
8629 0
8913 0
9067 0
9658 0
9975 0
9977 0
10162 0
10198 0
10416 0
10472 0
10575 0
10776 0
10943 0
10984 0
11009 0
11146 0
11690 0
11793 0
12055 0
12488 0
12627 0
12641 0
12900 0
12976 0
13167 0
13318 0
13876 0
14466 0
14629 0
14859 0
14874 0
14949 0
15023 0
15040 0
15235 0
15298 0
15536 0
15562 0
15861 0
16004 0
16023 0
16111 0
16382 0
16451 0
16764 0
16855 0
16885 0
16896 0
17198 0
17280 0
17482 0
17741 0
18398 0
18759 0
18919 0
19248 0
19300 0
19601 0
19603 0
19746 0
19971 0
19983 0
20138 0
20213 0
20590 0
20814 0
20963 0
21050 0
21053 0
21183 0
21412 0
21591 0
21615 0
21911 0
22160 0
22486 0
22516 0
22652 0
22680 0
22719 0
22918 0
23190 0
24020 0
24149 0
24423 0
24446 0
24498 0
24756 0
24955 0
24970 0
25012 0
25557 0
25734 0
26109 0
26973 0
27015 0
27240 0
27362 0
27540 0
27641 0
27685 0
28097 0
28213 0
28335 0
28665 0
28863 0
28886 0
28956 0
29319 0
29712 0
30489 0
30490 0
30938 0
31299 0
31464 0
31502 0
31517 0
31575 0
31675 0
31833 0
31925 0
32093 0
32156 0
32219 0
32654 0
32891 0
33045 0
33091 0
33356 0
33363 0
33553 0
34039 0
34072 0
34278 0
34284 0
34632 0
34688 0
34808 0
35438 0
35744 0
35930 0
36800 0
36828 0
37115 0
37125 0
37269 0
37299 0
37406 0
37508 0
37542 0
37552 0
37825 0
37843 0
37854 0
38031 0
38372 0
38441 0
38525 0
39224 0
39612 0
40215 0
40746 0
41026 0
41301 0
41473 0
41935 0
42066 0
42219 0
42385 0
42702 0
42812 0
42912 0
42950 0
43082 0
43158 0
43244 0
43313 0
43462 0
43634 0
43831 0
44045 0
44085 0
44130 0
44188 0
44431 0
44567 0
44854 0
44894 0
44913 0
44969 0
45237 0
45303 0
45458 0
45580 0
45635 0
45819 0
45979 0
46079 0
46349 0
46389 0
46400 0
46557 0
46917 0
46934 0
47699 0
47854 0
48487 0
49144 0
49772 0
49845 0
50556 0
50580 0
50750 0
50776 0
50843 0
50920 0
51051 0
51158 0
51212 0
51471 0
51487 0
52509 0
52749 0
52987 0
53249 0
53764 0
53993 0
54259 0
54304 0
54341 0
54353 0
54431 0
54491 0
54893 0
55149 0
55374 0
55552 0
55579 0
56102 0
56112 0
56115 0
56462 0
57026 0
57176 0
57289 0
57471 0
57555 0
57590 0
57810 0
58005 0
58191 0
58422 0
58442 0
58687 0
59133 0
59179 0
59469 0
59875 0
60135 0
60295 0
61344 0
61722 0
61991 0
62087 0
62207 0
62423 0
62488 0
62654 0
62765 0
62879 0
62938 0
63369 0
63405 0
63499 0
63752 0
63803 0
63882 0
63891 0
64109 0
64449 0
64571 0
65225 0
65409 0
65510 0
65702 0
65926 0
65996 0
66245 0
66284 0
66573 0
66727 0
66921 0
66980 0
67034 0
67256 0
67313 0
67326 0
67365 0
67465 0
67492 0
67511 0
68045 0
68054 0
68154 0
68218 0
68305 0
68394 0
68515 0
68667 0
69016 0
69241 0
69543 0
69778 0
69943 0
70440 0
70516 0
70694 0
70830 0
70991 0
71167 0
71275 0
71318 0
71359 0
71401 0
71738 0
71799 0
72025 0
73235 0
73296 0
73377 0
73415 0
73468 0
74089 0
74381 0
74613 0
74696 0
75073 0
75094 0
75106 0
75234 0
75250 0
75254 0
75403 0
75976 0
76031 0
76543 0
76599 0
76601 0
76836 0
77115 0
77213 0
77245 0
77314 0
77412 0
77875 0
78106 0
78417 0
78679 0
79031 0
79117 0
79423 0
79456 0
79642 0
79750 0
79754 0
79777 0
80368 0
80378 0
80536 0
80825 0
81053 0
81332 0
81506 0
81528 0
81607 0
81719 0
81743 0
81810 0
81944 0
81952 0
82132 0
82532 0
82811 0
82832 0
82936 0
82948 0
83303 0
83705 0
83906 0
83937 0
83943 0
83982 0
83986 0
84084 0
84123 0
84922 0
84939 0
85546 0
85677 0
85740 0
85881 0
86095 0
86336 0
86845 0
87062 0
87207 0
87286 0
88022 0
88032 0
88131 0
88170 0
88258 0
88281 0
88541 0
88556 0
89021 0
89215 0
89363 0
89803 0
89972 0
90078 0
90416 0
90874 0
91176 0
91490 0
91725 0
91726 0
91767 0
91831 0
91919 0
91952 0
92062 0
92064 0
92175 0
92528 0
92623 0
92863 0
93053 0
93263 0
93351 0
93619 0
93773 0
94198 0
94409 0
94457 0
94676 0
94677 0
94716 0
95176 0
95246 0
95359 0
95600 0
95655 0
95786 0
96065 0
96428 0
96664 0
96890 0
97075 0
97135 0
97349 0
97399 0
98115 0
99016 0
99068 0
99542 0
