c This is a uniform distributed  1-D DIMACS file 
c width height point_number
p 1000 1000 512
4 0
5 0
7 0
8 0
11 0
13 0
14 0
16 0
17 0
20 0
21 0
22 0
23 0
29 0
30 0
33 0
35 0
37 0
40 0
42 0
44 0
47 0
48 0
50 0
51 0
52 0
53 0
54 0
56 0
59 0
61 0
62 0
64 0
65 0
70 0
73 0
74 0
75 0
76 0
78 0
79 0
80 0
81 0
84 0
86 0
87 0
88 0
89 0
91 0
95 0
99 0
100 0
101 0
103 0
105 0
107 0
111 0
112 0
115 0
116 0
119 0
120 0
121 0
125 0
126 0
128 0
131 0
134 0
135 0
136 0
138 0
139 0
142 0
143 0
144 0
145 0
152 0
154 0
155 0
157 0
158 0
159 0
161 0
163 0
164 0
166 0
168 0
169 0
170 0
171 0
174 0
176 0
177 0
178 0
180 0
184 0
185 0
187 0
189 0
190 0
193 0
194 0
195 0
196 0
200 0
202 0
205 0
207 0
209 0
210 0
211 0
215 0
219 0
221 0
223 0
225 0
230 0
231 0
232 0
235 0
237 0
238 0
239 0
243 0
244 0
248 0
249 0
250 0
251 0
254 0
255 0
256 0
261 0
264 0
266 0
267 0
272 0
273 0
276 0
282 0
283 0
284 0
285 0
287 0
289 0
290 0
291 0
292 0
294 0
295 0
297 0
299 0
301 0
303 0
304 0
311 0
312 0
313 0
316 0
317 0
319 0
321 0
323 0
325 0
326 0
332 0
333 0
334 0
335 0
336 0
338 0
342 0
345 0
346 0
347 0
348 0
349 0
354 0
355 0
356 0
357 0
358 0
360 0
363 0
364 0
367 0
368 0
369 0
370 0
371 0
373 0
375 0
376 0
377 0
379 0
380 0
387 0
388 0
391 0
392 0
398 0
399 0
401 0
403 0
404 0
405 0
407 0
413 0
415 0
417 0
419 0
420 0
422 0
425 0
428 0
430 0
431 0
434 0
435 0
437 0
438 0
439 0
446 0
449 0
452 0
453 0
455 0
461 0
463 0
464 0
465 0
468 0
471 0
477 0
481 0
482 0
483 0
484 0
486 0
493 0
494 0
496 0
498 0
499 0
500 0
501 0
503 0
506 0
507 0
509 0
511 0
512 0
513 0
514 0
515 0
516 0
517 0
518 0
519 0
525 0
527 0
528 0
529 0
530 0
531 0
532 0
533 0
535 0
536 0
537 0
540 0
543 0
545 0
546 0
548 0
550 0
552 0
556 0
559 0
561 0
563 0
564 0
567 0
568 0
569 0
570 0
572 0
573 0
576 0
578 0
579 0
580 0
581 0
582 0
583 0
585 0
586 0
588 0
592 0
593 0
596 0
598 0
599 0
601 0
602 0
605 0
606 0
608 0
609 0
615 0
617 0
618 0
619 0
621 0
622 0
624 0
627 0
628 0
629 0
634 0
635 0
636 0
637 0
639 0
641 0
643 0
646 0
650 0
651 0
652 0
654 0
656 0
657 0
658 0
659 0
660 0
662 0
667 0
668 0
670 0
673 0
676 0
679 0
681 0
686 0
687 0
690 0
692 0
694 0
696 0
698 0
699 0
700 0
701 0
703 0
709 0
710 0
715 0
718 0
719 0
721 0
723 0
724 0
725 0
727 0
730 0
732 0
733 0
734 0
735 0
736 0
737 0
740 0
741 0
744 0
745 0
746 0
747 0
749 0
754 0
757 0
760 0
761 0
762 0
763 0
764 0
767 0
768 0
770 0
771 0
775 0
778 0
779 0
780 0
781 0
782 0
784 0
785 0
787 0
792 0
794 0
796 0
797 0
798 0
799 0
800 0
803 0
804 0
808 0
811 0
812 0
813 0
814 0
815 0
816 0
819 0
820 0
822 0
824 0
827 0
829 0
830 0
832 0
833 0
837 0
838 0
839 0
840 0
841 0
844 0
845 0
847 0
848 0
849 0
850 0
856 0
859 0
861 0
862 0
864 0
870 0
872 0
873 0
875 0
876 0
877 0
878 0
880 0
883 0
884 0
885 0
886 0
891 0
893 0
896 0
897 0
898 0
901 0
903 0
904 0
905 0
907 0
911 0
913 0
914 0
918 0
919 0
920 0
921 0
922 0
923 0
924 0
925 0
926 0
928 0
930 0
938 0
939 0
940 0
942 0
943 0
945 0
948 0
949 0
950 0
951 0
955 0
957 0
958 0
960 0
963 0
967 0
968 0
969 0
971 0
972 0
973 0
974 0
976 0
978 0
979 0
981 0
982 0
983 0
985 0
987 0
988 0
989 0
991 0
992 0
996 0
998 0
