c This is a uniform distributed  1-D DIMACS file 
c width height point_number
p 100000 100000 512
16 0
244 0
374 0
380 0
432 0
691 0
1047 0
1201 0
1742 0
1845 0
1889 0
1980 0
2034 0
2179 0
2190 0
2503 0
2560 0
2792 0
2995 0
3573 0
3606 0
3607 0
3727 0
4065 0
4421 0
4510 0
4721 0
4831 0
4891 0
4947 0
4980 0
5139 0
5193 0
5272 0
5279 0
5517 0
5717 0
6036 0
6046 0
6079 0
6646 0
7062 0
7079 0
7184 0
7501 0
7520 0
7752 0
7754 0
7881 0
8148 0
8187 0
8337 0
8445 0
8643 0
9553 0
9765 0
10836 0
10883 0
10984 0
11239 0
11275 0
11518 0
11807 0
11993 0
12196 0
12314 0
13059 0
13160 0
13190 0
13238 0
13682 0
13720 0
13784 0
13955 0
14029 0
14090 0
14314 0
14536 0
14812 0
14826 0
15124 0
15208 0
15238 0
15549 0
15918 0
16203 0
16210 0
16242 0
16278 0
16490 0
16904 0
17138 0
17228 0
17572 0
18188 0
18533 0
18604 0
19193 0
19228 0
19432 0
19434 0
19687 0
19947 0
20119 0
20212 0
20610 0
20794 0
20932 0
21441 0
21636 0
21739 0
21759 0
22198 0
22741 0
22807 0
22808 0
23210 0
23317 0
23496 0
23530 0
23848 0
23883 0
24175 0
24475 0
24572 0
24647 0
24727 0
25281 0
25292 0
25901 0
26042 0
26051 0
26104 0
26339 0
26401 0
26704 0
26795 0
27535 0
28103 0
28115 0
28169 0
28382 0
28470 0
28736 0
28905 0
29218 0
29235 0
29237 0
29529 0
29644 0
29865 0
30107 0
30166 0
30196 0
30518 0
30776 0
30870 0
31078 0
31229 0
31882 0
31960 0
33081 0
33230 0
33274 0
33465 0
33484 0
33713 0
33857 0
33879 0
34254 0
34351 0
34381 0
34448 0
34491 0
34645 0
34656 0
35057 0
35438 0
35722 0
35731 0
35884 0
36072 0
36231 0
36843 0
37184 0
37241 0
37404 0
37522 0
37775 0
38100 0
38123 0
38149 0
38349 0
38554 0
38617 0
38705 0
38779 0
39041 0
39371 0
39540 0
39827 0
40571 0
40640 0
40666 0
40789 0
41352 0
41378 0
42483 0
42588 0
42628 0
42760 0
43102 0
43185 0
43347 0
43425 0
43453 0
43758 0
44197 0
44245 0
44410 0
44511 0
44756 0
44811 0
44928 0
44957 0
45413 0
45414 0
45419 0
45572 0
45678 0
45744 0
46164 0
46506 0
46724 0
46947 0
47691 0
47811 0
47827 0
48016 0
48080 0
48161 0
48322 0
48337 0
48535 0
48637 0
48836 0
48951 0
49035 0
49101 0
49305 0
49777 0
49967 0
50058 0
50205 0
51041 0
51244 0
51621 0
51669 0
51671 0
51890 0
51985 0
52097 0
52365 0
52389 0
53349 0
53361 0
53498 0
53718 0
53966 0
54128 0
54248 0
54348 0
54526 0
54576 0
54741 0
55503 0
55662 0
56129 0
56198 0
56261 0
56417 0
56448 0
56577 0
56646 0
56739 0
56941 0
57072 0
57246 0
57755 0
57951 0
57962 0
58073 0
58148 0
58182 0
58768 0
59165 0
59194 0
59228 0
59272 0
59417 0
59575 0
59907 0
60038 0
60358 0
60713 0
60798 0
60941 0
60978 0
61087 0
61135 0
61372 0
61757 0
61765 0
62466 0
62865 0
62979 0
63053 0
63627 0
63655 0
63698 0
63849 0
63873 0
63966 0
64338 0
64396 0
64788 0
64828 0
65420 0
65557 0
65579 0
65806 0
66138 0
66355 0
66604 0
66719 0
66843 0
67064 0
67231 0
67629 0
68036 0
68084 0
68098 0
68129 0
68619 0
68989 0
69255 0
69422 0
69576 0
69593 0
69596 0
69858 0
70300 0
70515 0
70705 0
71119 0
71645 0
71702 0
71758 0
72166 0
72370 0
72421 0
72662 0
72936 0
73333 0
73350 0
73882 0
73982 0
74152 0
74271 0
74535 0
74615 0
74824 0
74866 0
75024 0
75041 0
75074 0
75369 0
75598 0
75609 0
75656 0
75873 0
76194 0
76458 0
76528 0
76561 0
76569 0
76838 0
77168 0
77210 0
77291 0
77504 0
77553 0
77709 0
77743 0
78047 0
78347 0
78357 0
78391 0
78521 0
78789 0
78844 0
78897 0
78979 0
79250 0
80083 0
80090 0
80541 0
80612 0
80806 0
80847 0
81199 0
81373 0
81789 0
81896 0
82017 0
82064 0
82076 0
82104 0
82238 0
82463 0
82512 0
82569 0
82799 0
83071 0
83095 0
83889 0
84092 0
84199 0
84407 0
84727 0
84750 0
84764 0
85019 0
85331 0
86482 0
86522 0
86523 0
86865 0
87066 0
87138 0
87577 0
87598 0
87709 0
87791 0
87905 0
87959 0
88328 0
88463 0
88695 0
89377 0
89391 0
89531 0
89631 0
89876 0
89882 0
89944 0
90072 0
90446 0
90719 0
90765 0
90924 0
91131 0
91224 0
91463 0
91735 0
91751 0
91819 0
91851 0
92390 0
92396 0
92530 0
92637 0
92741 0
92893 0
92901 0
93163 0
93249 0
93325 0
93351 0
93477 0
93507 0
93670 0
94475 0
94915 0
94971 0
95074 0
95092 0
95377 0
95497 0
95530 0
95640 0
96697 0
96745 0
97049 0
97379 0
97396 0
97439 0
97562 0
97598 0
97934 0
98048 0
98449 0
98540 0
99026 0
99037 0
99336 0
99519 0
99642 0
99677 0
99783 0
99885 0
99998 0
