c This is a uniform distributed  1-D DIMACS file 
c width height point_number
p 1000 1000 512
1 0
2 0
6 0
7 0
9 0
10 0
12 0
13 0
14 0
16 0
17 0
19 0
24 0
25 0
26 0
27 0
28 0
29 0
30 0
31 0
43 0
44 0
45 0
47 0
48 0
50 0
52 0
59 0
61 0
65 0
66 0
67 0
68 0
69 0
75 0
77 0
78 0
80 0
84 0
86 0
90 0
93 0
94 0
95 0
98 0
99 0
104 0
107 0
109 0
111 0
116 0
123 0
124 0
126 0
128 0
129 0
133 0
134 0
139 0
141 0
142 0
144 0
145 0
146 0
147 0
148 0
149 0
152 0
155 0
156 0
157 0
158 0
159 0
160 0
164 0
167 0
169 0
170 0
171 0
175 0
177 0
179 0
182 0
185 0
186 0
190 0
192 0
194 0
197 0
198 0
201 0
202 0
206 0
210 0
211 0
212 0
215 0
217 0
218 0
222 0
224 0
227 0
231 0
232 0
234 0
235 0
237 0
238 0
240 0
242 0
243 0
244 0
247 0
248 0
252 0
253 0
255 0
256 0
257 0
258 0
260 0
261 0
262 0
263 0
264 0
265 0
267 0
272 0
273 0
275 0
276 0
279 0
281 0
282 0
288 0
289 0
291 0
295 0
299 0
305 0
306 0
308 0
309 0
310 0
313 0
315 0
317 0
319 0
321 0
322 0
323 0
324 0
325 0
327 0
328 0
329 0
331 0
332 0
338 0
339 0
340 0
341 0
342 0
343 0
346 0
350 0
352 0
353 0
355 0
356 0
358 0
359 0
360 0
361 0
364 0
366 0
367 0
369 0
370 0
371 0
372 0
373 0
374 0
375 0
376 0
380 0
381 0
382 0
385 0
389 0
390 0
391 0
392 0
393 0
395 0
396 0
399 0
400 0
402 0
403 0
404 0
406 0
407 0
408 0
410 0
411 0
413 0
414 0
419 0
420 0
421 0
422 0
427 0
429 0
431 0
432 0
434 0
435 0
436 0
437 0
438 0
441 0
442 0
443 0
444 0
449 0
452 0
454 0
455 0
458 0
463 0
465 0
466 0
468 0
470 0
471 0
472 0
473 0
474 0
477 0
478 0
479 0
482 0
486 0
487 0
488 0
490 0
492 0
494 0
495 0
496 0
499 0
501 0
505 0
508 0
509 0
510 0
511 0
512 0
513 0
514 0
515 0
516 0
518 0
519 0
522 0
523 0
524 0
525 0
526 0
528 0
530 0
531 0
532 0
535 0
536 0
537 0
538 0
539 0
542 0
543 0
544 0
551 0
554 0
555 0
562 0
563 0
565 0
566 0
569 0
570 0
571 0
573 0
576 0
579 0
580 0
583 0
584 0
586 0
587 0
588 0
591 0
593 0
594 0
598 0
599 0
600 0
603 0
605 0
607 0
608 0
611 0
612 0
616 0
617 0
619 0
620 0
623 0
624 0
629 0
630 0
631 0
632 0
633 0
634 0
637 0
638 0
641 0
642 0
646 0
648 0
651 0
654 0
655 0
657 0
658 0
659 0
663 0
664 0
665 0
666 0
667 0
668 0
669 0
671 0
672 0
674 0
676 0
678 0
681 0
684 0
685 0
686 0
687 0
689 0
690 0
691 0
695 0
696 0
700 0
702 0
703 0
709 0
710 0
716 0
719 0
723 0
724 0
725 0
729 0
731 0
732 0
733 0
734 0
735 0
737 0
738 0
741 0
743 0
747 0
748 0
749 0
752 0
753 0
754 0
756 0
759 0
762 0
763 0
765 0
766 0
767 0
768 0
770 0
771 0
772 0
773 0
774 0
775 0
776 0
778 0
780 0
784 0
788 0
789 0
793 0
796 0
798 0
800 0
801 0
804 0
805 0
807 0
808 0
810 0
812 0
813 0
815 0
817 0
819 0
820 0
823 0
825 0
826 0
827 0
829 0
830 0
835 0
836 0
837 0
839 0
842 0
847 0
848 0
849 0
852 0
853 0
854 0
857 0
858 0
859 0
863 0
871 0
873 0
876 0
878 0
879 0
880 0
883 0
887 0
889 0
890 0
891 0
893 0
894 0
895 0
896 0
897 0
898 0
902 0
903 0
904 0
905 0
907 0
908 0
909 0
910 0
912 0
916 0
918 0
920 0
922 0
927 0
928 0
929 0
932 0
935 0
936 0
937 0
940 0
943 0
946 0
947 0
948 0
949 0
950 0
952 0
954 0
955 0
956 0
959 0
961 0
962 0
963 0
966 0
967 0
969 0
971 0
972 0
976 0
984 0
985 0
986 0
989 0
990 0
991 0
994 0
995 0
996 0
997 0
998 0
999 0
