c This is a uniform distributed  1-D DIMACS file 
c width height point_number
p 1000 1000 512
2 0
4 0
6 0
7 0
10 0
17 0
19 0
20 0
21 0
22 0
24 0
25 0
27 0
29 0
30 0
31 0
32 0
35 0
36 0
37 0
39 0
40 0
43 0
45 0
46 0
48 0
50 0
51 0
55 0
58 0
59 0
61 0
62 0
63 0
64 0
65 0
66 0
67 0
68 0
69 0
70 0
71 0
73 0
75 0
76 0
77 0
78 0
79 0
82 0
83 0
84 0
85 0
86 0
87 0
90 0
91 0
95 0
98 0
100 0
101 0
102 0
103 0
105 0
109 0
111 0
117 0
120 0
121 0
124 0
125 0
126 0
128 0
129 0
130 0
131 0
132 0
134 0
140 0
143 0
144 0
145 0
146 0
147 0
148 0
150 0
152 0
155 0
158 0
162 0
165 0
168 0
171 0
172 0
173 0
174 0
175 0
176 0
178 0
181 0
185 0
187 0
190 0
192 0
193 0
194 0
195 0
198 0
199 0
201 0
203 0
205 0
207 0
210 0
214 0
215 0
217 0
218 0
219 0
221 0
228 0
231 0
234 0
235 0
236 0
237 0
239 0
245 0
246 0
247 0
251 0
252 0
253 0
254 0
255 0
256 0
259 0
260 0
263 0
265 0
266 0
268 0
269 0
271 0
273 0
280 0
282 0
283 0
284 0
285 0
286 0
287 0
290 0
294 0
295 0
296 0
298 0
299 0
302 0
304 0
305 0
306 0
307 0
311 0
314 0
315 0
318 0
319 0
320 0
321 0
322 0
323 0
325 0
327 0
328 0
334 0
335 0
336 0
338 0
339 0
340 0
342 0
343 0
347 0
348 0
353 0
354 0
356 0
359 0
363 0
365 0
366 0
368 0
370 0
371 0
373 0
374 0
378 0
381 0
389 0
390 0
392 0
393 0
394 0
398 0
403 0
405 0
407 0
411 0
412 0
414 0
415 0
416 0
418 0
419 0
420 0
424 0
425 0
426 0
429 0
432 0
434 0
437 0
438 0
442 0
443 0
447 0
448 0
449 0
450 0
451 0
452 0
454 0
456 0
457 0
459 0
461 0
464 0
465 0
467 0
468 0
470 0
474 0
475 0
476 0
480 0
484 0
485 0
486 0
490 0
491 0
492 0
495 0
496 0
501 0
502 0
504 0
507 0
508 0
514 0
517 0
519 0
520 0
527 0
528 0
533 0
536 0
537 0
538 0
539 0
542 0
544 0
546 0
547 0
548 0
549 0
550 0
551 0
552 0
553 0
554 0
555 0
556 0
557 0
559 0
560 0
562 0
564 0
565 0
568 0
570 0
571 0
573 0
574 0
575 0
576 0
578 0
581 0
583 0
584 0
586 0
587 0
588 0
593 0
595 0
598 0
599 0
600 0
601 0
604 0
605 0
607 0
609 0
610 0
612 0
615 0
618 0
619 0
620 0
622 0
623 0
624 0
626 0
627 0
632 0
633 0
634 0
636 0
637 0
638 0
639 0
640 0
642 0
644 0
645 0
649 0
650 0
653 0
655 0
657 0
658 0
661 0
663 0
665 0
666 0
668 0
669 0
672 0
673 0
674 0
676 0
678 0
679 0
680 0
681 0
685 0
686 0
689 0
693 0
694 0
696 0
698 0
699 0
700 0
703 0
704 0
705 0
707 0
710 0
711 0
714 0
718 0
723 0
727 0
728 0
731 0
732 0
734 0
737 0
738 0
739 0
741 0
746 0
747 0
748 0
749 0
750 0
751 0
755 0
758 0
761 0
763 0
765 0
769 0
770 0
771 0
774 0
775 0
776 0
777 0
779 0
780 0
782 0
784 0
787 0
788 0
789 0
791 0
792 0
794 0
802 0
803 0
804 0
806 0
807 0
808 0
809 0
815 0
818 0
821 0
826 0
829 0
832 0
836 0
837 0
838 0
840 0
841 0
842 0
843 0
847 0
848 0
849 0
853 0
858 0
859 0
860 0
861 0
864 0
865 0
867 0
868 0
870 0
872 0
874 0
877 0
878 0
880 0
881 0
883 0
884 0
887 0
893 0
895 0
897 0
898 0
899 0
900 0
902 0
904 0
906 0
907 0
908 0
913 0
914 0
915 0
916 0
918 0
919 0
921 0
923 0
924 0
925 0
926 0
927 0
929 0
930 0
932 0
933 0
938 0
939 0
940 0
941 0
942 0
943 0
944 0
945 0
947 0
951 0
953 0
955 0
957 0
959 0
960 0
963 0
964 0
965 0
966 0
969 0
970 0
971 0
973 0
975 0
979 0
981 0
982 0
983 0
985 0
988 0
990 0
992 0
997 0
998 0
