c This is a uniform distributed  1-D DIMACS file 
c width height point_number
p 100000 100000 512
158 0
235 0
254 0
264 0
319 0
673 0
893 0
1319 0
1534 0
1637 0
1766 0
2237 0
2617 0
3227 0
3391 0
3666 0
3724 0
4059 0
4103 0
4341 0
4344 0
4816 0
4886 0
5455 0
6666 0
6790 0
7166 0
7483 0
7586 0
8025 0
8091 0
8094 0
8328 0
8341 0
8669 0
8778 0
8855 0
8925 0
9384 0
9551 0
9571 0
9730 0
10300 0
10350 0
10359 0
10365 0
10374 0
10509 0
10794 0
11108 0
11229 0
11451 0
11490 0
11670 0
11884 0
11912 0
11949 0
12075 0
12351 0
12376 0
12457 0
12641 0
12653 0
12772 0
13000 0
13013 0
13236 0
13250 0
13269 0
13272 0
13311 0
14005 0
14084 0
14340 0
14395 0
14581 0
14589 0
15626 0
15638 0
15965 0
16084 0
16227 0
16236 0
16364 0
16780 0
16954 0
16956 0
17053 0
17316 0
17478 0
17502 0
17916 0
18110 0
18199 0
18392 0
18531 0
18966 0
19383 0
19633 0
19833 0
20006 0
20015 0
20071 0
20277 0
20621 0
20775 0
20809 0
20866 0
21010 0
21047 0
21221 0
21237 0
21526 0
21564 0
21587 0
21834 0
22040 0
22054 0
22102 0
22572 0
22663 0
22929 0
23177 0
23360 0
23894 0
24145 0
24590 0
24772 0
24877 0
25414 0
25437 0
25455 0
25517 0
25581 0
25676 0
25786 0
25913 0
25926 0
26266 0
26380 0
26618 0
26701 0
26704 0
26751 0
26944 0
27072 0
27404 0
27520 0
28014 0
28113 0
28236 0
28419 0
28728 0
28785 0
28795 0
29424 0
29499 0
29665 0
29706 0
29970 0
30314 0
30525 0
30642 0
30675 0
30754 0
31238 0
31353 0
31449 0
31495 0
31674 0
32035 0
32039 0
32410 0
32440 0
32506 0
32656 0
32728 0
32784 0
32856 0
33044 0
33506 0
33583 0
33598 0
33643 0
33666 0
33953 0
34012 0
34094 0
34165 0
35065 0
35075 0
35307 0
35523 0
35603 0
35702 0
35755 0
36489 0
36660 0
37023 0
37078 0
37181 0
37218 0
37365 0
37636 0
37857 0
37901 0
38433 0
38470 0
38478 0
38988 0
39039 0
39040 0
39432 0
39737 0
40025 0
40152 0
40271 0
40327 0
40641 0
40706 0
40847 0
40987 0
41006 0
41169 0
41588 0
41658 0
41800 0
42186 0
42321 0
42582 0
42854 0
42860 0
42900 0
42995 0
43220 0
43342 0
43359 0
44318 0
44428 0
44475 0
44559 0
44571 0
44923 0
45011 0
45257 0
45551 0
45590 0
45629 0
45866 0
46319 0
46375 0
46414 0
46493 0
46844 0
46996 0
47015 0
47062 0
47110 0
47209 0
47634 0
47654 0
47955 0
48302 0
48418 0
48594 0
48687 0
49059 0
49326 0
50085 0
50210 0
50716 0
51232 0
51973 0
52328 0
52372 0
52701 0
52735 0
52788 0
53220 0
53601 0
53616 0
53874 0
54511 0
54736 0
54822 0
55233 0
55419 0
55512 0
55656 0
55718 0
55842 0
56858 0
56890 0
56934 0
57219 0
57685 0
58040 0
58142 0
58234 0
58424 0
58673 0
59077 0
59277 0
59598 0
59616 0
59957 0
60030 0
60093 0
60518 0
61008 0
61061 0
61362 0
61704 0
61876 0
61941 0
62123 0
62142 0
62248 0
62254 0
62317 0
62804 0
63243 0
63399 0
63573 0
63574 0
63624 0
63931 0
64294 0
64498 0
64554 0
64647 0
64809 0
65178 0
65378 0
65591 0
65605 0
65689 0
65798 0
65966 0
66104 0
66518 0
66633 0
66654 0
66701 0
66729 0
66780 0
66798 0
67145 0
67317 0
67438 0
67519 0
67601 0
67608 0
67683 0
67876 0
67978 0
67986 0
68406 0
68432 0
68806 0
68859 0
69037 0
69075 0
69134 0
69205 0
69239 0
69372 0
69974 0
70019 0
70054 0
70720 0
70764 0
70787 0
70849 0
71087 0
71799 0
72054 0
72062 0
72102 0
72189 0
72206 0
72490 0
73246 0
73527 0
73644 0
73767 0
73831 0
73880 0
73939 0
73964 0
74057 0
74061 0
74112 0
74205 0
74345 0
75025 0
75167 0
75229 0
75333 0
75505 0
75600 0
76399 0
76748 0
77209 0
77217 0
77324 0
77624 0
77625 0
77866 0
77968 0
78001 0
78428 0
78561 0
78691 0
78831 0
79129 0
79221 0
79639 0
79900 0
79971 0
80029 0
80187 0
80206 0
80415 0
80570 0
80575 0
80643 0
80717 0
81205 0
81630 0
81712 0
82409 0
82473 0
82741 0
82819 0
83253 0
83491 0
83614 0
83655 0
83768 0
84020 0
84506 0
84947 0
85090 0
85182 0
85831 0
85930 0
85951 0
86010 0
86108 0
86250 0
86275 0
86288 0
86421 0
86867 0
86938 0
87050 0
87341 0
87483 0
87533 0
87764 0
87871 0
87936 0
88102 0
88445 0
88544 0
88643 0
88796 0
89059 0
89073 0
89706 0
89817 0
90272 0
90416 0
90639 0
90840 0
91098 0
91103 0
91960 0
91998 0
92129 0
92156 0
92340 0
93056 0
93143 0
93229 0
93400 0
93482 0
94201 0
94285 0
94326 0
94678 0
94802 0
95710 0
95947 0
96216 0
96217 0
96505 0
96716 0
96911 0
96915 0
97335 0
97396 0
97716 0
98128 0
98356 0
98477 0
98821 0
98854 0
98983 0
99725 0
99994 0
