c This is a uniform distributed  1-D DIMACS file 
c width height point_number
p 100000 100000 512
234 0
446 0
510 0
569 0
635 0
663 0
689 0
737 0
797 0
1062 0
1216 0
1231 0
1359 0
1756 0
2482 0
2495 0
2567 0
2931 0
3073 0
3433 0
4146 0
4174 0
5017 0
5546 0
5741 0
6030 0
6244 0
6246 0
6487 0
6713 0
7100 0
7164 0
7397 0
7844 0
7853 0
8477 0
8895 0
9075 0
9137 0
9187 0
9243 0
9276 0
9294 0
9649 0
10040 0
10381 0
10437 0
10496 0
10532 0
10622 0
11183 0
11454 0
11462 0
11815 0
12306 0
12909 0
13132 0
13330 0
13457 0
14052 0
14077 0
14150 0
14263 0
14937 0
14994 0
15361 0
15716 0
15872 0
15985 0
16000 0
16025 0
16239 0
16586 0
16634 0
16683 0
16691 0
16793 0
16901 0
17351 0
18236 0
18239 0
18448 0
18662 0
18924 0
19185 0
19194 0
19328 0
19457 0
19458 0
19581 0
19630 0
19742 0
19993 0
20553 0
20685 0
21270 0
21406 0
21496 0
21836 0
21840 0
22262 0
22301 0
22385 0
22462 0
22473 0
22844 0
22910 0
22940 0
23331 0
23647 0
24093 0
24116 0
24284 0
24361 0
24908 0
25169 0
25211 0
25378 0
25577 0
25609 0
25645 0
26013 0
26087 0
26857 0
26915 0
26923 0
26951 0
27056 0
27096 0
27269 0
27286 0
27372 0
27437 0
27453 0
27701 0
27735 0
27880 0
28162 0
28350 0
28497 0
28730 0
28732 0
28834 0
29250 0
29504 0
29566 0
29573 0
29950 0
30059 0
30647 0
30689 0
31148 0
31260 0
31430 0
31492 0
31575 0
31697 0
31842 0
32208 0
32263 0
32378 0
32409 0
32452 0
32800 0
33043 0
33113 0
33123 0
33145 0
33253 0
33511 0
33930 0
34069 0
34536 0
34649 0
34662 0
34692 0
34698 0
34779 0
35226 0
35646 0
35783 0
35976 0
36295 0
36381 0
36384 0
36414 0
36702 0
36762 0
36763 0
36816 0
36946 0
37342 0
37431 0
37464 0
37571 0
37712 0
37810 0
37823 0
37930 0
38309 0
38359 0
38617 0
38870 0
39002 0
39166 0
39194 0
39484 0
39527 0
39813 0
39829 0
39833 0
40163 0
40640 0
40802 0
41224 0
41261 0
41386 0
41520 0
41562 0
41843 0
42051 0
42307 0
42366 0
42545 0
42755 0
42904 0
43016 0
43190 0
43222 0
43320 0
43504 0
43905 0
44092 0
44530 0
44708 0
44778 0
44852 0
44863 0
44962 0
45441 0
45603 0
45767 0
46078 0
46519 0
47109 0
47304 0
47436 0
47518 0
48031 0
48102 0
48294 0
48512 0
48517 0
48580 0
48928 0
49160 0
49360 0
49431 0
49702 0
49810 0
50733 0
51090 0
51136 0
51613 0
51717 0
51771 0
52106 0
52698 0
52706 0
52784 0
53134 0
53171 0
53369 0
53422 0
53504 0
53705 0
54055 0
54087 0
54825 0
54988 0
55013 0
55170 0
55202 0
55204 0
55503 0
55770 0
55775 0
55782 0
56209 0
56213 0
56385 0
56537 0
56736 0
56842 0
57042 0
57160 0
57366 0
57553 0
57874 0
57961 0
58035 0
58050 0
58155 0
58269 0
58350 0
58498 0
58529 0
58827 0
59019 0
59022 0
59220 0
59333 0
59444 0
59545 0
59841 0
60008 0
60466 0
60748 0
60981 0
61700 0
61748 0
61903 0
61929 0
62026 0
62054 0
62065 0
62187 0
62292 0
62552 0
62677 0
62687 0
62780 0
62784 0
62952 0
63226 0
63281 0
63332 0
63335 0
63407 0
63419 0
63768 0
63894 0
64362 0
64363 0
64694 0
65002 0
65207 0
65257 0
65414 0
65998 0
66068 0
66322 0
66528 0
66564 0
66645 0
67304 0
67491 0
67596 0
67659 0
67792 0
67892 0
68125 0
68429 0
68546 0
69533 0
69562 0
69658 0
69729 0
70249 0
70355 0
70952 0
71284 0
71803 0
71813 0
72150 0
72270 0
72450 0
72654 0
72676 0
72991 0
74025 0
74156 0
74208 0
74463 0
74548 0
74577 0
74763 0
74809 0
74869 0
75057 0
75607 0
76253 0
76466 0
77075 0
77391 0
77415 0
77920 0
77948 0
77949 0
78009 0
78019 0
78102 0
78212 0
78289 0
78701 0
78948 0
78955 0
79533 0
79694 0
79744 0
79762 0
79952 0
80029 0
80111 0
80315 0
80351 0
80386 0
80852 0
80873 0
81043 0
81510 0
81793 0
82360 0
82661 0
82687 0
83033 0
83111 0
83424 0
83791 0
84322 0
84524 0
84685 0
84835 0
85036 0
85214 0
85516 0
85547 0
85952 0
86430 0
86518 0
86744 0
86811 0
86869 0
87042 0
87431 0
87469 0
87560 0
87672 0
87727 0
88013 0
88105 0
88140 0
88223 0
88231 0
88428 0
88958 0
89079 0
89129 0
89151 0
89201 0
89349 0
89455 0
89684 0
89750 0
89784 0
90081 0
90227 0
90475 0
90551 0
90733 0
90851 0
91101 0
91960 0
92039 0
92604 0
92807 0
92930 0
93068 0
93460 0
93823 0
93930 0
94132 0
94207 0
94524 0
94764 0
95092 0
95095 0
95213 0
95241 0
95803 0
95850 0
95917 0
96184 0
96504 0
97183 0
97413 0
97445 0
97448 0
97531 0
97603 0
97689 0
97749 0
97969 0
98369 0
98523 0
98737 0
98808 0
98978 0
99031 0
99483 0
99534 0
99908 0
