c This is a uniform distributed  1-D DIMACS file 
c width height point_number
p 1000 1000 512
2 0
3 0
5 0
9 0
10 0
11 0
12 0
13 0
15 0
16 0
17 0
19 0
20 0
23 0
24 0
25 0
27 0
28 0
29 0
31 0
32 0
33 0
35 0
37 0
39 0
40 0
41 0
45 0
46 0
47 0
48 0
49 0
50 0
53 0
55 0
59 0
61 0
63 0
64 0
65 0
67 0
69 0
71 0
72 0
73 0
75 0
79 0
83 0
85 0
86 0
89 0
91 0
95 0
96 0
101 0
102 0
103 0
106 0
107 0
108 0
109 0
110 0
112 0
115 0
117 0
118 0
119 0
120 0
121 0
125 0
126 0
127 0
130 0
131 0
133 0
135 0
139 0
140 0
141 0
142 0
143 0
144 0
152 0
153 0
154 0
155 0
156 0
157 0
158 0
161 0
162 0
163 0
164 0
166 0
167 0
169 0
170 0
171 0
173 0
178 0
180 0
182 0
183 0
186 0
188 0
189 0
192 0
193 0
196 0
197 0
198 0
199 0
200 0
202 0
203 0
209 0
210 0
211 0
215 0
216 0
217 0
221 0
222 0
223 0
224 0
226 0
229 0
231 0
238 0
239 0
242 0
244 0
246 0
247 0
248 0
249 0
251 0
254 0
255 0
257 0
260 0
261 0
263 0
266 0
267 0
269 0
272 0
273 0
274 0
277 0
281 0
282 0
283 0
284 0
286 0
287 0
289 0
290 0
292 0
293 0
294 0
297 0
298 0
300 0
301 0
303 0
304 0
308 0
315 0
316 0
317 0
318 0
323 0
324 0
326 0
327 0
333 0
334 0
335 0
339 0
341 0
342 0
343 0
344 0
345 0
347 0
348 0
349 0
350 0
353 0
357 0
359 0
361 0
364 0
366 0
367 0
368 0
369 0
370 0
371 0
372 0
373 0
375 0
376 0
377 0
379 0
381 0
383 0
384 0
385 0
386 0
387 0
389 0
399 0
400 0
403 0
405 0
406 0
409 0
410 0
414 0
416 0
419 0
421 0
423 0
424 0
426 0
428 0
429 0
432 0
434 0
435 0
436 0
438 0
441 0
442 0
445 0
447 0
448 0
451 0
452 0
453 0
454 0
455 0
456 0
458 0
459 0
460 0
461 0
464 0
465 0
466 0
469 0
471 0
473 0
476 0
478 0
484 0
487 0
489 0
490 0
491 0
492 0
497 0
500 0
503 0
504 0
506 0
510 0
511 0
512 0
513 0
514 0
516 0
519 0
521 0
522 0
523 0
524 0
530 0
534 0
537 0
538 0
543 0
544 0
545 0
546 0
549 0
550 0
551 0
552 0
555 0
556 0
557 0
560 0
561 0
562 0
563 0
565 0
566 0
569 0
573 0
576 0
577 0
579 0
580 0
581 0
582 0
584 0
588 0
591 0
594 0
595 0
596 0
600 0
602 0
603 0
604 0
606 0
608 0
609 0
612 0
614 0
616 0
618 0
619 0
622 0
623 0
624 0
626 0
627 0
631 0
632 0
633 0
634 0
636 0
637 0
638 0
643 0
646 0
647 0
649 0
652 0
653 0
655 0
658 0
660 0
661 0
662 0
663 0
664 0
666 0
670 0
674 0
676 0
677 0
682 0
683 0
684 0
685 0
686 0
688 0
697 0
700 0
701 0
703 0
705 0
706 0
708 0
709 0
710 0
712 0
713 0
715 0
716 0
718 0
720 0
723 0
729 0
730 0
732 0
736 0
738 0
739 0
749 0
750 0
752 0
758 0
759 0
761 0
762 0
763 0
765 0
766 0
767 0
768 0
769 0
772 0
773 0
778 0
782 0
784 0
785 0
786 0
787 0
788 0
789 0
790 0
791 0
792 0
794 0
795 0
796 0
798 0
800 0
803 0
804 0
805 0
806 0
807 0
808 0
810 0
817 0
819 0
820 0
822 0
824 0
825 0
827 0
829 0
830 0
831 0
832 0
833 0
834 0
835 0
836 0
840 0
841 0
842 0
844 0
846 0
848 0
850 0
856 0
857 0
858 0
859 0
860 0
861 0
863 0
864 0
865 0
866 0
867 0
870 0
873 0
875 0
876 0
879 0
883 0
887 0
888 0
889 0
891 0
894 0
895 0
896 0
897 0
898 0
901 0
902 0
903 0
904 0
905 0
907 0
908 0
911 0
913 0
914 0
916 0
917 0
920 0
922 0
931 0
932 0
933 0
935 0
938 0
940 0
941 0
942 0
945 0
946 0
949 0
952 0
954 0
957 0
958 0
959 0
962 0
964 0
971 0
973 0
974 0
975 0
978 0
986 0
989 0
991 0
994 0
999 0
