c This is a uniform distributed  1-D DIMACS file 
c width height point_number
p 100000 100000 512
646 0
648 0
1093 0
1212 0
1463 0
1608 0
1863 0
1942 0
1949 0
2050 0
2239 0
2331 0
2570 0
3267 0
3517 0
3541 0
3794 0
3948 0
4019 0
4182 0
4253 0
4344 0
5014 0
5086 0
5438 0
5595 0
5947 0
6005 0
6048 0
6102 0
6230 0
6424 0
7154 0
7237 0
7573 0
7575 0
9248 0
9293 0
9909 0
9910 0
9997 0
10203 0
10647 0
10743 0
11100 0
11232 0
11337 0
11425 0
11675 0
11930 0
12068 0
12076 0
12153 0
12750 0
12764 0
12775 0
12914 0
13110 0
13123 0
13199 0
13239 0
13432 0
13600 0
13761 0
13951 0
14024 0
14305 0
14493 0
14771 0
14921 0
14925 0
15260 0
15403 0
15445 0
15665 0
15702 0
16133 0
16158 0
16216 0
16269 0
16403 0
16434 0
16582 0
16990 0
17111 0
17193 0
17465 0
17757 0
17955 0
18049 0
18054 0
18079 0
18647 0
18693 0
19199 0
19492 0
19624 0
19637 0
19870 0
19963 0
20319 0
20525 0
20962 0
21493 0
21572 0
21816 0
22050 0
22066 0
22119 0
22267 0
23068 0
23589 0
24036 0
24108 0
24142 0
24426 0
24670 0
24950 0
25011 0
25211 0
25224 0
25373 0
25485 0
25491 0
25521 0
25796 0
25926 0
25955 0
26045 0
26231 0
26443 0
26571 0
26954 0
27025 0
27031 0
27101 0
27237 0
27254 0
27286 0
27355 0
27472 0
27693 0
27809 0
27844 0
28717 0
28963 0
29487 0
29589 0
29617 0
30046 0
30381 0
30605 0
30707 0
30856 0
31101 0
31142 0
31215 0
31240 0
31753 0
31778 0
32012 0
32382 0
32433 0
33002 0
33118 0
33135 0
33328 0
33532 0
33860 0
33872 0
34336 0
34429 0
34480 0
34512 0
34595 0
34612 0
34762 0
35043 0
35393 0
36524 0
37472 0
37473 0
38221 0
38651 0
38743 0
38774 0
38927 0
39091 0
39206 0
39341 0
39346 0
39517 0
39640 0
40024 0
40365 0
40427 0
40615 0
40884 0
40966 0
41065 0
41221 0
41733 0
41980 0
42103 0
42146 0
42191 0
42226 0
42461 0
42689 0
42771 0
42796 0
42801 0
42931 0
43409 0
43449 0
43851 0
44231 0
44530 0
44588 0
44847 0
44862 0
45240 0
45291 0
45302 0
45602 0
45681 0
45711 0
45787 0
45961 0
46186 0
46211 0
46464 0
46669 0
46809 0
46819 0
46847 0
47064 0
47126 0
47249 0
47306 0
47308 0
47372 0
47379 0
47657 0
47780 0
48109 0
48318 0
48395 0
48498 0
48521 0
49245 0
49422 0
49443 0
49577 0
49649 0
49690 0
50006 0
50091 0
50154 0
51001 0
51197 0
51557 0
51780 0
51981 0
52027 0
52241 0
52293 0
52398 0
52440 0
52791 0
53090 0
53096 0
53101 0
53423 0
53460 0
53461 0
53525 0
53594 0
53972 0
54361 0
54622 0
54890 0
54962 0
54990 0
55250 0
55346 0
55433 0
55552 0
55753 0
55787 0
56170 0
56193 0
56393 0
56499 0
56636 0
56715 0
56719 0
56882 0
56914 0
57066 0
57080 0
57083 0
57201 0
57489 0
57583 0
58565 0
58901 0
58907 0
59370 0
59536 0
59577 0
59588 0
59685 0
59849 0
60216 0
60380 0
61065 0
61078 0
61273 0
61324 0
61616 0
61671 0
62881 0
62998 0
63048 0
63297 0
63524 0
63820 0
63918 0
64263 0
64519 0
64753 0
64887 0
65035 0
65706 0
65802 0
65829 0
65980 0
66219 0
66301 0
66456 0
66692 0
66785 0
66896 0
66937 0
66976 0
67056 0
67195 0
68021 0
68028 0
68120 0
68184 0
68244 0
68295 0
68544 0
68637 0
68748 0
69121 0
69678 0
70342 0
70529 0
70891 0
71037 0
71466 0
71489 0
71754 0
71976 0
72142 0
72357 0
72575 0
72733 0
73221 0
73338 0
73402 0
73492 0
73776 0
73820 0
74041 0
74072 0
74295 0
74671 0
74695 0
75301 0
75359 0
75414 0
75451 0
75558 0
75884 0
76020 0
76141 0
76624 0
76764 0
77061 0
77160 0
77374 0
77380 0
77652 0
77675 0
77770 0
78135 0
78230 0
78630 0
78777 0
78819 0
78924 0
78932 0
79276 0
79464 0
79658 0
79785 0
79873 0
79951 0
79965 0
80054 0
80176 0
80312 0
80584 0
80626 0
80876 0
80941 0
81123 0
81198 0
81471 0
81632 0
81751 0
82011 0
82441 0
82858 0
82879 0
82890 0
83097 0
83331 0
84069 0
84072 0
84196 0
84791 0
85150 0
85700 0
85870 0
85889 0
86046 0
86348 0
86418 0
86663 0
87060 0
87260 0
87306 0
87316 0
87441 0
87518 0
87672 0
87756 0
87965 0
88049 0
88463 0
88755 0
88806 0
88814 0
88887 0
89005 0
89101 0
89452 0
89711 0
90124 0
90289 0
90947 0
91111 0
91274 0
91765 0
91978 0
91998 0
92067 0
92159 0
92323 0
92391 0
93498 0
93664 0
93769 0
94103 0
94443 0
94518 0
94678 0
94704 0
95036 0
95082 0
95669 0
95894 0
96465 0
96515 0
96682 0
96754 0
96807 0
97147 0
97412 0
97431 0
97762 0
97797 0
98132 0
98302 0
98593 0
98880 0
99089 0
99092 0
99149 0
99155 0
99236 0
99278 0
99311 0
99370 0
99481 0
99519 0
99677 0
