c This is a uniform distributed  1-D DIMACS file 
c width height point_number
p 100000 100000 512
20 0
729 0
1103 0
1117 0
1186 0
1415 0
1541 0
2185 0
2245 0
2633 0
2634 0
2693 0
2805 0
2859 0
2910 0
3134 0
3256 0
3879 0
4155 0
4241 0
4264 0
4364 0
4565 0
4727 0
4745 0
4850 0
5144 0
5344 0
5345 0
5777 0
6459 0
6483 0
6555 0
6658 0
6665 0
6807 0
6935 0
6974 0
7338 0
7603 0
7777 0
7787 0
8563 0
8847 0
9233 0
9459 0
9476 0
9746 0
9806 0
9945 0
10079 0
10206 0
10275 0
10778 0
11084 0
11542 0
11647 0
11661 0
11809 0
11842 0
11932 0
12276 0
12293 0
12403 0
13238 0
13339 0
13554 0
13652 0
13747 0
13924 0
14330 0
14752 0
15363 0
15509 0
15585 0
15606 0
15673 0
15733 0
16152 0
16319 0
16678 0
16727 0
16888 0
16996 0
17277 0
17532 0
18151 0
18324 0
18412 0
18619 0
19379 0
19408 0
19842 0
20511 0
20624 0
20699 0
20892 0
20915 0
21102 0
21150 0
21295 0
21645 0
21649 0
21713 0
21837 0
22087 0
22289 0
22719 0
22737 0
22883 0
23290 0
23816 0
24106 0
24160 0
24618 0
24713 0
25211 0
25477 0
25555 0
25622 0
25702 0
25749 0
25932 0
26388 0
26434 0
27041 0
27582 0
27621 0
27701 0
27778 0
27846 0
28039 0
28046 0
28270 0
28327 0
28354 0
28588 0
28653 0
28959 0
29285 0
29459 0
30642 0
30832 0
30956 0
31115 0
31377 0
31559 0
31583 0
31655 0
31812 0
32339 0
32415 0
32622 0
32688 0
32998 0
33062 0
33280 0
33694 0
34164 0
34428 0
34449 0
34580 0
34752 0
34975 0
35012 0
35023 0
35256 0
35387 0
35431 0
35591 0
35710 0
36089 0
36263 0
36926 0
37135 0
37146 0
37408 0
37411 0
37861 0
37998 0
38502 0
38837 0
39128 0
39355 0
39841 0
39896 0
39977 0
40011 0
40436 0
40827 0
41058 0
41748 0
41968 0
42017 0
42594 0
42735 0
42845 0
43003 0
43102 0
43120 0
43133 0
43170 0
43306 0
43412 0
43431 0
43848 0
43906 0
43948 0
44139 0
44465 0
44503 0
44541 0
44629 0
44652 0
44993 0
45074 0
45813 0
45962 0
46452 0
46471 0
46754 0
46757 0
47014 0
47040 0
47079 0
47336 0
47448 0
47600 0
47615 0
47648 0
47788 0
47811 0
47848 0
48057 0
48287 0
48746 0
48869 0
49429 0
49722 0
50393 0
50500 0
50657 0
50921 0
51261 0
51338 0
51370 0
51466 0
51692 0
51827 0
51863 0
51864 0
52352 0
52388 0
52438 0
52553 0
52655 0
52717 0
53140 0
53153 0
53160 0
53246 0
53305 0
53523 0
53679 0
53692 0
53806 0
53943 0
53971 0
54052 0
54178 0
54345 0
54374 0
54646 0
54885 0
54969 0
55107 0
55191 0
55263 0
55489 0
55625 0
55785 0
55984 0
56181 0
56249 0
56320 0
56680 0
56794 0
56957 0
56967 0
57016 0
57038 0
57069 0
57201 0
57332 0
57504 0
57986 0
58067 0
58265 0
58682 0
58883 0
59308 0
59387 0
59483 0
59600 0
59680 0
59925 0
59989 0
60212 0
60262 0
60595 0
60824 0
60907 0
61043 0
61162 0
61819 0
62317 0
62448 0
62450 0
62551 0
62869 0
62871 0
63166 0
63193 0
63835 0
64173 0
64360 0
64365 0
64563 0
64603 0
64985 0
65020 0
65076 0
65138 0
65169 0
65193 0
65312 0
65330 0
65431 0
65762 0
65998 0
66036 0
66330 0
66341 0
66546 0
67127 0
67302 0
67406 0
67485 0
67776 0
67934 0
67956 0
68152 0
68175 0
68372 0
68630 0
68672 0
68693 0
68719 0
68748 0
68887 0
69760 0
70019 0
70139 0
70214 0
70228 0
70633 0
70750 0
70947 0
71228 0
71242 0
71362 0
71381 0
71515 0
71655 0
71936 0
72578 0
72605 0
72647 0
72906 0
73139 0
73330 0
73527 0
73901 0
73913 0
73926 0
73999 0
74020 0
74070 0
74244 0
74352 0
74396 0
74823 0
75128 0
75143 0
75381 0
75836 0
75851 0
76298 0
76532 0
76645 0
77154 0
77285 0
77424 0
77538 0
77567 0
77612 0
77816 0
77965 0
78252 0
78262 0
78336 0
78547 0
78550 0
78709 0
78909 0
79120 0
79440 0
79603 0
79615 0
79764 0
80886 0
81062 0
81261 0
81794 0
81984 0
82078 0
82273 0
82640 0
82644 0
82664 0
82702 0
82795 0
82854 0
82868 0
83088 0
83251 0
83292 0
83536 0
83901 0
84086 0
84269 0
84277 0
84314 0
84315 0
84445 0
84707 0
85103 0
85116 0
85509 0
85992 0
86024 0
86287 0
86329 0
86562 0
86636 0
86807 0
87063 0
87609 0
87670 0
87721 0
87860 0
88318 0
88667 0
88689 0
88780 0
89133 0
89227 0
89253 0
89962 0
90242 0
90261 0
90368 0
90838 0
90888 0
91173 0
91263 0
91294 0
91578 0
91793 0
91965 0
92282 0
92339 0
92400 0
92552 0
92781 0
93139 0
93178 0
93292 0
93738 0
94169 0
94220 0
94359 0
94396 0
94425 0
95100 0
95233 0
95755 0
95954 0
96067 0
96876 0
96907 0
96981 0
97383 0
97404 0
97721 0
97796 0
97953 0
97987 0
98112 0
98381 0
99568 0
99686 0
