c This is a uniform distributed  1-D DIMACS file 
c width height point_number
p 1000 1000 512
3 0
5 0
8 0
10 0
11 0
12 0
14 0
17 0
18 0
22 0
23 0
25 0
27 0
29 0
36 0
39 0
42 0
44 0
45 0
48 0
55 0
56 0
57 0
58 0
59 0
60 0
66 0
67 0
68 0
72 0
73 0
75 0
76 0
77 0
78 0
79 0
80 0
84 0
85 0
86 0
87 0
88 0
90 0
91 0
92 0
93 0
96 0
97 0
98 0
99 0
102 0
106 0
107 0
115 0
116 0
118 0
120 0
121 0
122 0
123 0
124 0
126 0
129 0
130 0
131 0
132 0
135 0
136 0
137 0
139 0
141 0
142 0
143 0
144 0
145 0
146 0
147 0
148 0
151 0
161 0
163 0
164 0
167 0
169 0
170 0
172 0
173 0
178 0
179 0
180 0
181 0
185 0
186 0
187 0
188 0
190 0
192 0
194 0
196 0
197 0
200 0
201 0
202 0
204 0
205 0
206 0
208 0
211 0
212 0
215 0
218 0
224 0
229 0
230 0
232 0
233 0
234 0
236 0
240 0
241 0
243 0
244 0
246 0
248 0
249 0
250 0
251 0
255 0
256 0
259 0
262 0
263 0
264 0
268 0
269 0
270 0
272 0
273 0
274 0
282 0
287 0
288 0
290 0
294 0
295 0
298 0
301 0
302 0
303 0
304 0
305 0
307 0
310 0
311 0
312 0
313 0
314 0
316 0
317 0
318 0
321 0
327 0
329 0
331 0
332 0
334 0
337 0
338 0
341 0
344 0
348 0
349 0
350 0
351 0
353 0
355 0
356 0
362 0
363 0
364 0
367 0
368 0
371 0
375 0
376 0
378 0
379 0
381 0
384 0
385 0
386 0
388 0
389 0
390 0
394 0
396 0
398 0
399 0
400 0
401 0
402 0
405 0
409 0
410 0
411 0
413 0
414 0
417 0
419 0
421 0
428 0
429 0
430 0
432 0
433 0
434 0
436 0
437 0
441 0
442 0
443 0
444 0
448 0
449 0
451 0
452 0
453 0
455 0
458 0
460 0
464 0
465 0
466 0
467 0
468 0
469 0
473 0
475 0
478 0
479 0
481 0
482 0
489 0
491 0
492 0
496 0
498 0
500 0
503 0
504 0
508 0
509 0
510 0
511 0
512 0
516 0
522 0
527 0
529 0
530 0
532 0
533 0
534 0
535 0
536 0
537 0
538 0
539 0
541 0
544 0
547 0
548 0
550 0
551 0
552 0
553 0
555 0
557 0
558 0
559 0
560 0
563 0
566 0
567 0
568 0
570 0
571 0
573 0
575 0
576 0
577 0
578 0
581 0
582 0
583 0
584 0
585 0
587 0
589 0
594 0
596 0
598 0
599 0
600 0
601 0
602 0
603 0
604 0
610 0
613 0
615 0
616 0
617 0
619 0
621 0
622 0
624 0
627 0
629 0
631 0
632 0
633 0
634 0
636 0
637 0
638 0
640 0
641 0
642 0
643 0
644 0
646 0
650 0
652 0
656 0
657 0
658 0
660 0
661 0
663 0
664 0
665 0
666 0
668 0
670 0
672 0
675 0
676 0
679 0
680 0
681 0
684 0
685 0
688 0
691 0
693 0
700 0
701 0
702 0
706 0
708 0
710 0
711 0
713 0
714 0
715 0
716 0
719 0
722 0
723 0
727 0
729 0
731 0
734 0
738 0
740 0
742 0
744 0
745 0
752 0
753 0
754 0
756 0
760 0
761 0
762 0
764 0
765 0
766 0
767 0
768 0
773 0
774 0
777 0
778 0
781 0
782 0
784 0
788 0
790 0
791 0
793 0
795 0
797 0
798 0
801 0
802 0
804 0
806 0
808 0
810 0
811 0
812 0
814 0
815 0
819 0
820 0
822 0
823 0
824 0
827 0
829 0
830 0
831 0
832 0
834 0
837 0
838 0
839 0
840 0
841 0
842 0
843 0
844 0
849 0
851 0
852 0
854 0
855 0
857 0
860 0
862 0
864 0
866 0
867 0
869 0
876 0
877 0
878 0
886 0
887 0
888 0
890 0
891 0
892 0
895 0
897 0
899 0
904 0
906 0
908 0
910 0
911 0
912 0
913 0
914 0
915 0
917 0
919 0
921 0
926 0
927 0
932 0
936 0
939 0
941 0
942 0
944 0
945 0
946 0
947 0
948 0
950 0
956 0
957 0
958 0
960 0
961 0
962 0
964 0
968 0
969 0
973 0
974 0
975 0
976 0
977 0
978 0
979 0
980 0
982 0
983 0
985 0
986 0
988 0
989 0
990 0
991 0
992 0
994 0
996 0
999 0
