c This is a uniform distributed  1-D DIMACS file 
c width height point_number
p 1000 1000 512
2 0
4 0
6 0
8 0
10 0
11 0
12 0
13 0
14 0
16 0
18 0
20 0
23 0
26 0
27 0
28 0
30 0
31 0
34 0
35 0
36 0
43 0
45 0
46 0
47 0
50 0
51 0
53 0
54 0
58 0
59 0
61 0
66 0
74 0
75 0
79 0
80 0
82 0
85 0
87 0
92 0
95 0
97 0
98 0
99 0
100 0
103 0
104 0
106 0
107 0
109 0
110 0
111 0
113 0
117 0
121 0
122 0
124 0
126 0
128 0
130 0
131 0
132 0
134 0
135 0
136 0
137 0
143 0
145 0
146 0
147 0
150 0
151 0
152 0
154 0
156 0
157 0
159 0
160 0
161 0
162 0
164 0
165 0
167 0
168 0
169 0
171 0
173 0
176 0
182 0
184 0
187 0
189 0
192 0
196 0
197 0
199 0
200 0
201 0
204 0
207 0
213 0
215 0
219 0
220 0
222 0
225 0
226 0
227 0
228 0
230 0
231 0
232 0
234 0
236 0
237 0
238 0
239 0
245 0
247 0
249 0
253 0
254 0
255 0
256 0
258 0
260 0
261 0
264 0
265 0
270 0
273 0
277 0
279 0
282 0
283 0
284 0
287 0
288 0
291 0
293 0
294 0
296 0
298 0
300 0
303 0
304 0
305 0
306 0
309 0
310 0
313 0
314 0
315 0
317 0
319 0
321 0
322 0
324 0
326 0
327 0
328 0
330 0
333 0
334 0
336 0
337 0
338 0
340 0
341 0
342 0
344 0
346 0
348 0
350 0
351 0
353 0
356 0
358 0
360 0
361 0
362 0
363 0
364 0
366 0
368 0
369 0
370 0
371 0
374 0
375 0
376 0
377 0
379 0
381 0
382 0
384 0
385 0
386 0
387 0
390 0
392 0
393 0
394 0
395 0
398 0
399 0
400 0
401 0
404 0
406 0
407 0
410 0
413 0
414 0
415 0
417 0
418 0
421 0
423 0
425 0
427 0
428 0
429 0
430 0
433 0
436 0
437 0
438 0
439 0
440 0
442 0
444 0
445 0
446 0
447 0
449 0
451 0
453 0
455 0
458 0
461 0
464 0
466 0
467 0
469 0
471 0
472 0
473 0
474 0
475 0
477 0
478 0
479 0
481 0
482 0
483 0
484 0
486 0
487 0
489 0
490 0
491 0
492 0
495 0
497 0
499 0
502 0
504 0
507 0
508 0
509 0
510 0
512 0
513 0
517 0
518 0
523 0
524 0
526 0
527 0
529 0
530 0
532 0
533 0
536 0
537 0
538 0
539 0
541 0
544 0
546 0
548 0
549 0
551 0
552 0
553 0
554 0
561 0
563 0
564 0
566 0
572 0
574 0
576 0
577 0
578 0
581 0
582 0
584 0
586 0
590 0
591 0
596 0
597 0
598 0
599 0
600 0
603 0
604 0
605 0
606 0
609 0
610 0
611 0
612 0
613 0
614 0
615 0
616 0
617 0
620 0
622 0
623 0
624 0
627 0
628 0
636 0
640 0
641 0
642 0
644 0
648 0
656 0
657 0
661 0
662 0
663 0
664 0
666 0
667 0
669 0
670 0
671 0
675 0
677 0
678 0
682 0
683 0
684 0
688 0
689 0
691 0
693 0
695 0
696 0
697 0
698 0
699 0
700 0
702 0
703 0
707 0
709 0
717 0
719 0
725 0
727 0
729 0
731 0
732 0
733 0
734 0
735 0
736 0
737 0
738 0
741 0
745 0
746 0
748 0
749 0
750 0
751 0
752 0
758 0
759 0
760 0
761 0
763 0
764 0
765 0
766 0
768 0
770 0
771 0
776 0
778 0
779 0
780 0
781 0
783 0
785 0
788 0
791 0
795 0
798 0
799 0
800 0
801 0
802 0
803 0
804 0
805 0
807 0
808 0
811 0
812 0
813 0
815 0
816 0
817 0
820 0
821 0
825 0
829 0
831 0
834 0
835 0
836 0
839 0
841 0
845 0
850 0
855 0
857 0
858 0
859 0
863 0
870 0
871 0
874 0
875 0
879 0
880 0
881 0
882 0
883 0
884 0
885 0
886 0
889 0
896 0
897 0
898 0
900 0
905 0
908 0
909 0
910 0
911 0
912 0
915 0
916 0
919 0
921 0
922 0
924 0
928 0
934 0
935 0
936 0
939 0
941 0
942 0
945 0
949 0
950 0
951 0
952 0
954 0
956 0
957 0
959 0
960 0
961 0
962 0
965 0
967 0
970 0
971 0
973 0
977 0
980 0
981 0
984 0
989 0
992 0
994 0
995 0
996 0
999 0
