c This is a uniform distributed  1-D DIMACS file 
c width height point_number
p 100000 100000 512
141 0
231 0
244 0
660 0
879 0
884 0
1127 0
1290 0
1479 0
1721 0
2157 0
2201 0
2286 0
2337 0
3127 0
3325 0
3781 0
3805 0
4181 0
4388 0
4611 0
4801 0
5096 0
5188 0
5328 0
5427 0
5475 0
5543 0
5641 0
5773 0
5825 0
5866 0
6132 0
6261 0
6725 0
6856 0
6858 0
7343 0
7461 0
7504 0
7655 0
7840 0
7952 0
8083 0
8242 0
8531 0
8600 0
8674 0
8691 0
8715 0
9155 0
9280 0
9423 0
9708 0
9894 0
10099 0
10211 0
10291 0
10444 0
10760 0
10894 0
11213 0
11237 0
11376 0
11426 0
11609 0
11816 0
12122 0
12680 0
12927 0
13012 0
13331 0
13389 0
13461 0
13734 0
13816 0
13876 0
13892 0
14030 0
14041 0
14123 0
14218 0
14250 0
14369 0
14774 0
15051 0
15439 0
16299 0
16411 0
16430 0
16561 0
16840 0
17101 0
17325 0
17584 0
17949 0
17963 0
18117 0
18311 0
18884 0
19147 0
19238 0
19273 0
19367 0
19403 0
19581 0
19946 0
19948 0
20060 0
20071 0
20481 0
20626 0
20947 0
21030 0
21160 0
21247 0
21279 0
21489 0
21756 0
21801 0
21860 0
21897 0
22348 0
22530 0
22540 0
22691 0
22899 0
22906 0
23154 0
23305 0
23506 0
24327 0
24836 0
25157 0
25196 0
25708 0
25854 0
25940 0
26142 0
26193 0
26210 0
26389 0
26517 0
26723 0
26844 0
26946 0
27036 0
27166 0
27236 0
27264 0
27378 0
27387 0
27417 0
27432 0
27657 0
27815 0
28100 0
28127 0
28259 0
28318 0
28507 0
29037 0
29356 0
29363 0
29449 0
29497 0
29580 0
29587 0
29866 0
30009 0
30375 0
30481 0
30846 0
30932 0
30974 0
31001 0
31247 0
31589 0
31722 0
31780 0
31908 0
32127 0
32342 0
32646 0
33102 0
33268 0
33479 0
33517 0
33880 0
34661 0
34739 0
35038 0
35051 0
35317 0
36369 0
36655 0
36762 0
37022 0
37028 0
37137 0
37485 0
37828 0
38077 0
38116 0
38200 0
38265 0
38353 0
38364 0
38931 0
39072 0
39135 0
39375 0
39431 0
39487 0
40105 0
40142 0
40624 0
40654 0
40821 0
41003 0
41016 0
41332 0
42096 0
42165 0
42193 0
42261 0
42410 0
42454 0
42465 0
42787 0
43097 0
43298 0
44903 0
44927 0
45159 0
45713 0
45826 0
45890 0
46352 0
46640 0
46725 0
47352 0
47353 0
47460 0
47813 0
47903 0
47908 0
48177 0
48214 0
48547 0
48816 0
48956 0
48964 0
49072 0
49392 0
49497 0
49522 0
49564 0
49592 0
49745 0
50155 0
50264 0
50341 0
50450 0
50879 0
51093 0
51257 0
51418 0
51464 0
51523 0
51976 0
52049 0
52095 0
52350 0
52505 0
52985 0
53457 0
53621 0
53701 0
53834 0
54071 0
54253 0
54342 0
55004 0
55219 0
55246 0
55300 0
55464 0
56180 0
56288 0
56670 0
56904 0
56964 0
57029 0
57047 0
57781 0
57798 0
57828 0
57973 0
58297 0
58622 0
58862 0
59393 0
59604 0
59858 0
59938 0
60426 0
60487 0
60663 0
60890 0
60977 0
61163 0
61288 0
61364 0
61387 0
61392 0
61492 0
61507 0
61670 0
62097 0
62167 0
62224 0
62305 0
62514 0
62911 0
63004 0
63372 0
63598 0
63601 0
63747 0
63988 0
64135 0
64179 0
64252 0
64504 0
64579 0
64781 0
64832 0
65091 0
65386 0
65400 0
65498 0
65570 0
65757 0
66033 0
66228 0
66292 0
66342 0
66460 0
66599 0
67388 0
67964 0
67996 0
68162 0
68241 0
68581 0
68701 0
68742 0
68793 0
69078 0
69108 0
69763 0
69979 0
69991 0
70216 0
70642 0
70797 0
70886 0
70916 0
71001 0
71114 0
71117 0
71177 0
71225 0
71240 0
71395 0
71872 0
71956 0
73402 0
73497 0
73798 0
73973 0
74002 0
74054 0
74072 0
74171 0
74762 0
75102 0
75143 0
75370 0
75803 0
75839 0
75853 0
76096 0
76263 0
76676 0
76750 0
76894 0
76909 0
77082 0
77278 0
77306 0
77311 0
77615 0
77856 0
77915 0
78012 0
78038 0
78072 0
78767 0
79925 0
80545 0
80691 0
80724 0
80754 0
80877 0
81077 0
81134 0
81198 0
81273 0
81412 0
81738 0
81941 0
82011 0
82110 0
82515 0
82899 0
82902 0
83086 0
83108 0
83330 0
83373 0
83558 0
83582 0
83677 0
83866 0
84182 0
84221 0
84234 0
84267 0
84299 0
84423 0
84459 0
84528 0
84651 0
84880 0
84976 0
85066 0
85292 0
85749 0
85788 0
86095 0
86810 0
86918 0
86940 0
87034 0
87075 0
87503 0
87750 0
87793 0
87914 0
87993 0
88330 0
88504 0
89226 0
89808 0
89930 0
90220 0
90415 0
90765 0
91230 0
91606 0
92078 0
92083 0
92113 0
92263 0
92339 0
92471 0
92480 0
92536 0
92816 0
93376 0
93405 0
93437 0
93615 0
93868 0
93918 0
94199 0
94340 0
94914 0
95312 0
95959 0
95964 0
96162 0
96435 0
96622 0
96802 0
96985 0
97123 0
97156 0
97194 0
97314 0
98442 0
98818 0
98896 0
98964 0
98971 0
99092 0
99101 0
99515 0
99656 0
99701 0
