c This is a uniform distributed  1-D DIMACS file 
c width height point_number
p 100000 100000 512
424 0
1005 0
1204 0
1645 0
1711 0
1822 0
1948 0
2518 0
2668 0
2684 0
2766 0
3048 0
3100 0
3320 0
3362 0
3429 0
3591 0
3727 0
3973 0
4008 0
4202 0
4367 0
4568 0
4633 0
4671 0
4838 0
4913 0
5055 0
5127 0
5152 0
5278 0
5517 0
5605 0
5607 0
5624 0
5845 0
6321 0
6460 0
6473 0
6528 0
6674 0
6752 0
7099 0
7212 0
7365 0
7883 0
7969 0
8007 0
8214 0
8233 0
8868 0
9478 0
9605 0
10030 0
10282 0
10476 0
10656 0
10704 0
10735 0
10773 0
10889 0
11016 0
11116 0
11453 0
11675 0
11684 0
11705 0
11777 0
11838 0
11860 0
12172 0
12178 0
12535 0
12778 0
13275 0
13375 0
13643 0
13840 0
13858 0
14203 0
14398 0
14416 0
14618 0
15492 0
15530 0
15913 0
16318 0
16420 0
17078 0
17121 0
17260 0
17272 0
17634 0
17750 0
17885 0
17998 0
18148 0
18171 0
18291 0
19135 0
19446 0
19647 0
19654 0
19675 0
19778 0
19833 0
20472 0
20628 0
21016 0
21172 0
21260 0
21320 0
21676 0
22179 0
22262 0
22485 0
22554 0
22615 0
22734 0
22810 0
22884 0
22906 0
22924 0
23057 0
23091 0
23333 0
23507 0
23544 0
23731 0
23896 0
24396 0
24568 0
24734 0
24867 0
25266 0
25496 0
25568 0
25809 0
26373 0
26588 0
26954 0
26988 0
27038 0
27157 0
27164 0
27273 0
27324 0
28203 0
28210 0
28542 0
28569 0
28723 0
28748 0
28909 0
29350 0
29676 0
29748 0
29968 0
30278 0
30317 0
31263 0
31465 0
31659 0
31709 0
31826 0
31893 0
32163 0
32217 0
32469 0
32554 0
32612 0
33172 0
33664 0
33729 0
34138 0
34171 0
34188 0
34498 0
34557 0
34849 0
34869 0
34935 0
35414 0
35713 0
36114 0
36129 0
36225 0
36251 0
36375 0
36609 0
36796 0
37033 0
37118 0
37354 0
37742 0
37826 0
37977 0
38654 0
38676 0
38742 0
38881 0
38935 0
38959 0
39127 0
39407 0
39812 0
39930 0
40210 0
40304 0
40584 0
40777 0
40928 0
40953 0
41246 0
41294 0
41414 0
41446 0
41520 0
41819 0
42047 0
42281 0
42603 0
42827 0
42844 0
42941 0
42993 0
43329 0
43458 0
43612 0
43650 0
43786 0
43943 0
44211 0
44459 0
44497 0
44622 0
44690 0
44763 0
44841 0
45120 0
45772 0
45912 0
46005 0
46420 0
46624 0
46731 0
47343 0
47542 0
47749 0
48492 0
48765 0
48806 0
48872 0
48917 0
49249 0
49358 0
49440 0
49513 0
49779 0
49970 0
50736 0
50762 0
50807 0
50852 0
50940 0
51126 0
51150 0
51219 0
51271 0
51308 0
51333 0
51783 0
52895 0
52995 0
53612 0
53623 0
53624 0
53784 0
53874 0
54087 0
54304 0
54364 0
55409 0
56434 0
56474 0
56730 0
57003 0
57240 0
57671 0
58070 0
58122 0
58389 0
58507 0
58514 0
58890 0
58956 0
59960 0
60036 0
60234 0
60252 0
60271 0
60631 0
60903 0
60907 0
60982 0
61093 0
61191 0
61434 0
61482 0
62149 0
62741 0
63247 0
63370 0
63442 0
63877 0
64628 0
64680 0
64713 0
64801 0
65082 0
65083 0
65138 0
65540 0
65554 0
65599 0
65783 0
65975 0
66068 0
66247 0
66447 0
66736 0
66761 0
67537 0
67588 0
67966 0
67994 0
68077 0
68197 0
68460 0
68493 0
68718 0
68719 0
68849 0
68984 0
69248 0
69863 0
70482 0
70493 0
70540 0
70873 0
71120 0
71228 0
71314 0
71355 0
71635 0
72315 0
72422 0
72577 0
72639 0
72748 0
72861 0
72991 0
73369 0
73375 0
73597 0
74028 0
74486 0
74618 0
74633 0
75313 0
75468 0
75700 0
75782 0
75904 0
76157 0
76164 0
76292 0
76382 0
76525 0
76777 0
76947 0
76997 0
77081 0
77208 0
77337 0
77444 0
77671 0
77747 0
77933 0
78004 0
78095 0
78407 0
78512 0
78849 0
78970 0
79045 0
79142 0
79369 0
79718 0
79785 0
79968 0
80460 0
80854 0
81315 0
81325 0
81445 0
81601 0
81987 0
82027 0
82064 0
82114 0
82271 0
83355 0
83966 0
84043 0
84096 0
84193 0
84265 0
84301 0
84308 0
84399 0
84415 0
84566 0
84788 0
84866 0
85521 0
86005 0
86022 0
86047 0
86092 0
86105 0
86217 0
86589 0
86602 0
86682 0
86754 0
87292 0
87331 0
87952 0
87953 0
88033 0
88087 0
88363 0
88671 0
88693 0
89038 0
89161 0
89867 0
90277 0
90413 0
90534 0
90605 0
90624 0
90631 0
90684 0
90826 0
90861 0
90964 0
91076 0
91413 0
91431 0
92509 0
92520 0
92533 0
92546 0
93227 0
93272 0
93353 0
93634 0
93736 0
94140 0
94236 0
94351 0
94412 0
94631 0
94729 0
94843 0
94901 0
94909 0
94914 0
94970 0
94999 0
95091 0
95151 0
95219 0
95329 0
95449 0
95585 0
95608 0
95849 0
96338 0
96758 0
96852 0
97044 0
97107 0
97142 0
97561 0
97573 0
97828 0
98399 0
98603 0
98848 0
98874 0
98912 0
98941 0
99319 0
99500 0
99601 0
99610 0
99640 0
99655 0
99890 0
