c This is a uniform distributed  1-D DIMACS file 
c width height point_number
p 100000 100000 512
116 0
122 0
226 0
407 0
609 0
1104 0
1128 0
1366 0
1402 0
1461 0
2178 0
2231 0
2515 0
2701 0
2876 0
3010 0
3360 0
3429 0
3447 0
3810 0
4119 0
4144 0
4189 0
4848 0
5128 0
5327 0
5369 0
5487 0
5723 0
5731 0
5759 0
5762 0
5862 0
5895 0
5920 0
6067 0
6226 0
6842 0
6949 0
7240 0
7529 0
7538 0
7833 0
8003 0
8072 0
8374 0
8552 0
8675 0
8677 0
9042 0
9513 0
9614 0
9831 0
10203 0
10205 0
10619 0
10646 0
10838 0
10854 0
11307 0
11351 0
11456 0
11490 0
11491 0
11531 0
11659 0
11697 0
11787 0
11969 0
12421 0
12441 0
12534 0
12579 0
13418 0
13476 0
13888 0
14235 0
14260 0
14716 0
14792 0
15011 0
15262 0
15314 0
15320 0
15579 0
15624 0
15669 0
15710 0
15857 0
16148 0
16246 0
16407 0
16573 0
16825 0
17013 0
17039 0
17081 0
17225 0
17236 0
17316 0
17449 0
17555 0
17625 0
17738 0
18237 0
18410 0
18752 0
19008 0
19015 0
19112 0
19259 0
19347 0
19618 0
19819 0
19833 0
20060 0
20191 0
20236 0
20258 0
20689 0
20720 0
20789 0
20946 0
20980 0
21191 0
21357 0
21445 0
21509 0
21622 0
22093 0
22354 0
22470 0
22645 0
22731 0
23463 0
23529 0
23557 0
23847 0
23995 0
24461 0
24466 0
24736 0
25319 0
25479 0
25504 0
25836 0
26137 0
26187 0
26429 0
26453 0
26503 0
26648 0
27123 0
27600 0
28087 0
28220 0
28927 0
29455 0
29775 0
29795 0
29982 0
30111 0
30163 0
31004 0
31079 0
31660 0
31661 0
31934 0
32165 0
32243 0
32249 0
32390 0
32435 0
32626 0
32669 0
32936 0
33382 0
33606 0
33945 0
34110 0
34179 0
34301 0
34361 0
34375 0
34385 0
35009 0
35476 0
35553 0
35694 0
35815 0
35896 0
35909 0
35999 0
36477 0
36537 0
36679 0
36809 0
36855 0
37601 0
37693 0
37796 0
37914 0
38085 0
38390 0
39039 0
39060 0
39146 0
39380 0
39523 0
39695 0
40173 0
40244 0
40284 0
40338 0
40515 0
40575 0
40627 0
40962 0
41133 0
41423 0
41482 0
41594 0
41748 0
41780 0
41920 0
41988 0
42166 0
42182 0
42475 0
43019 0
43091 0
43133 0
43197 0
43429 0
43440 0
43485 0
43756 0
44083 0
44524 0
44752 0
45080 0
45082 0
45132 0
45767 0
45860 0
46039 0
46112 0
46151 0
47161 0
47366 0
47517 0
47736 0
47832 0
47888 0
48055 0
48424 0
48465 0
48502 0
49277 0
49374 0
49564 0
49643 0
49673 0
50180 0
50624 0
50758 0
50760 0
50815 0
51449 0
51458 0
51503 0
51707 0
51784 0
52164 0
52411 0
52418 0
52836 0
53213 0
53299 0
53455 0
53505 0
53770 0
54077 0
54083 0
54220 0
54256 0
54470 0
54822 0
54839 0
55555 0
55685 0
55770 0
55853 0
55862 0
55963 0
56034 0
56163 0
56455 0
56610 0
56909 0
57160 0
57191 0
57206 0
57555 0
57726 0
57736 0
58124 0
58577 0
58591 0
58923 0
59141 0
59240 0
59253 0
59349 0
59432 0
59745 0
59788 0
60190 0
60382 0
61013 0
61058 0
61182 0
61192 0
61313 0
61497 0
61690 0
61814 0
61822 0
62080 0
62247 0
62290 0
62888 0
63789 0
63819 0
63973 0
64070 0
64312 0
64546 0
64608 0
64688 0
66179 0
66376 0
66499 0
66740 0
66761 0
67022 0
67122 0
67134 0
67226 0
67247 0
67353 0
67355 0
67516 0
68059 0
68060 0
68231 0
68300 0
68570 0
68717 0
68818 0
68898 0
69494 0
69508 0
69822 0
69875 0
70155 0
70361 0
70557 0
70878 0
71102 0
71111 0
71178 0
71343 0
71369 0
71574 0
71736 0
72378 0
72955 0
73245 0
73384 0
73581 0
73935 0
74202 0
74288 0
74336 0
74465 0
74586 0
75660 0
76061 0
76077 0
76439 0
76512 0
76529 0
76753 0
77099 0
77322 0
77383 0
77410 0
77659 0
77826 0
77923 0
78182 0
78311 0
78794 0
78967 0
79221 0
79368 0
79498 0
79870 0
80156 0
80165 0
80217 0
80281 0
80606 0
81015 0
81188 0
81213 0
81296 0
81400 0
81634 0
81780 0
81922 0
82133 0
82166 0
82468 0
82758 0
83048 0
83578 0
83607 0
83791 0
83861 0
84180 0
84204 0
84210 0
84577 0
85111 0
85183 0
86028 0
86124 0
86126 0
86226 0
86454 0
86676 0
86846 0
86848 0
87115 0
87209 0
87307 0
88034 0
88361 0
88604 0
88619 0
88714 0
88984 0
89070 0
89090 0
89187 0
89203 0
89397 0
89645 0
89987 0
90017 0
90135 0
90296 0
90305 0
90691 0
90832 0
90922 0
91308 0
91444 0
91452 0
91692 0
91824 0
91946 0
92291 0
92538 0
92608 0
92668 0
92817 0
92826 0
92834 0
93089 0
93215 0
93282 0
93454 0
93482 0
93644 0
93652 0
93709 0
93722 0
93724 0
93745 0
94109 0
94110 0
94300 0
94504 0
95033 0
95547 0
95723 0
96010 0
96140 0
96407 0
96659 0
96880 0
96997 0
97607 0
97760 0
98406 0
98656 0
98859 0
99274 0
99343 0
