c This is a uniform distributed  1-D DIMACS file 
c width height point_number
p 100000 100000 512
310 0
614 0
1294 0
1485 0
1549 0
1775 0
1789 0
2224 0
2461 0
2486 0
2836 0
3122 0
3346 0
3553 0
4183 0
4446 0
4553 0
4654 0
4735 0
4802 0
5123 0
5206 0
5936 0
6605 0
7001 0
7335 0
8061 0
8138 0
8295 0
8439 0
8645 0
8648 0
8731 0
8808 0
9066 0
9088 0
9568 0
9629 0
9660 0
10040 0
10200 0
10261 0
10912 0
10972 0
11152 0
11269 0
11288 0
11462 0
11483 0
12067 0
12185 0
12196 0
12495 0
12609 0
12666 0
12839 0
12987 0
12993 0
13511 0
13862 0
14019 0
14288 0
14402 0
14453 0
14891 0
14940 0
14964 0
15264 0
15410 0
15522 0
15729 0
16020 0
16275 0
16346 0
16386 0
16459 0
16485 0
16924 0
17007 0
17145 0
17260 0
17290 0
17435 0
17624 0
17863 0
17987 0
18062 0
18063 0
18170 0
18525 0
18691 0
18967 0
18992 0
19001 0
19159 0
19211 0
19274 0
19465 0
19612 0
19634 0
20147 0
20148 0
20570 0
20751 0
21274 0
21878 0
22196 0
22270 0
22448 0
22480 0
22584 0
22784 0
22807 0
22850 0
23045 0
23054 0
23538 0
23546 0
23616 0
23638 0
23865 0
24260 0
24444 0
25081 0
25121 0
25632 0
25668 0
25954 0
25999 0
26010 0
26518 0
27165 0
27203 0
27281 0
27630 0
27637 0
27686 0
27777 0
27827 0
27861 0
28037 0
28125 0
28138 0
28179 0
28450 0
28792 0
29129 0
29289 0
29683 0
29949 0
30906 0
30954 0
30958 0
31018 0
31352 0
31381 0
31741 0
31824 0
31928 0
33003 0
33035 0
33244 0
33255 0
33394 0
33526 0
33604 0
33680 0
33894 0
33917 0
34208 0
34246 0
34747 0
34769 0
34849 0
34960 0
35012 0
35121 0
35378 0
35677 0
35929 0
35938 0
36092 0
36468 0
36527 0
36628 0
36671 0
36966 0
37110 0
37333 0
37475 0
37610 0
37883 0
38043 0
38289 0
38470 0
38668 0
39179 0
39285 0
39824 0
39846 0
40041 0
40068 0
40078 0
40143 0
40219 0
40360 0
40552 0
40590 0
40726 0
40823 0
40875 0
40983 0
41046 0
41056 0
41190 0
41945 0
42149 0
42298 0
42314 0
42569 0
42620 0
42762 0
43146 0
43317 0
43333 0
43506 0
43582 0
43627 0
43880 0
44044 0
44396 0
44523 0
44547 0
44717 0
45050 0
45202 0
45363 0
46060 0
46097 0
46229 0
46536 0
46540 0
46600 0
47182 0
47275 0
47364 0
47509 0
47544 0
47997 0
48155 0
48172 0
48237 0
48287 0
48559 0
48707 0
48817 0
48981 0
49014 0
49116 0
49457 0
49588 0
49761 0
49861 0
50083 0
50435 0
50696 0
50713 0
51044 0
51496 0
52045 0
52315 0
52487 0
52630 0
52712 0
52714 0
53069 0
53131 0
53139 0
53289 0
53412 0
53520 0
53530 0
53682 0
53703 0
53731 0
54023 0
54033 0
54097 0
54166 0
54347 0
54365 0
54431 0
54443 0
54540 0
54564 0
54588 0
54626 0
54742 0
54760 0
54969 0
55360 0
55372 0
55407 0
55491 0
55616 0
55757 0
55813 0
56247 0
56326 0
56508 0
56643 0
56990 0
57099 0
57152 0
57208 0
57270 0
57295 0
57955 0
58146 0
58163 0
58170 0
58227 0
58293 0
58524 0
59164 0
59202 0
59423 0
60181 0
60359 0
60489 0
60658 0
60975 0
61319 0
61619 0
61663 0
61678 0
61720 0
61832 0
62170 0
62223 0
62296 0
62768 0
62997 0
63136 0
63177 0
63641 0
63664 0
64169 0
64409 0
64545 0
64754 0
64829 0
64945 0
65243 0
65274 0
66548 0
66559 0
66582 0
66817 0
66824 0
67078 0
67088 0
67173 0
67275 0
67301 0
67370 0
67434 0
67479 0
68086 0
68391 0
68414 0
68546 0
68630 0
68653 0
68700 0
68834 0
68853 0
69086 0
69103 0
69271 0
69912 0
69916 0
69961 0
70224 0
70238 0
70384 0
70819 0
70959 0
71021 0
71292 0
71300 0
71387 0
71409 0
71568 0
71671 0
72010 0
72068 0
72191 0
72490 0
72637 0
72867 0
73026 0
73035 0
73281 0
73655 0
73856 0
74287 0
74716 0
74782 0
74927 0
74972 0
75113 0
75424 0
75566 0
75621 0
75663 0
75737 0
76112 0
76328 0
76400 0
76673 0
76730 0
76917 0
77453 0
77618 0
78940 0
79789 0
79960 0
80093 0
81025 0
81321 0
81571 0
81673 0
82189 0
82537 0
82666 0
82709 0
82713 0
83227 0
84252 0
84574 0
84947 0
84958 0
84964 0
85050 0
85214 0
85299 0
85316 0
85349 0
85578 0
85884 0
86288 0
86334 0
86531 0
86714 0
87042 0
87101 0
87198 0
87436 0
87663 0
87737 0
88103 0
88562 0
89121 0
89125 0
89465 0
89466 0
89529 0
89987 0
90198 0
90295 0
90566 0
90766 0
91265 0
91368 0
91435 0
91848 0
92019 0
92579 0
92635 0
93165 0
93559 0
93996 0
94239 0
94292 0
94387 0
94498 0
94558 0
94564 0
94663 0
94805 0
94892 0
95056 0
95243 0
95800 0
95905 0
96574 0
96581 0
96777 0
96936 0
97145 0
97182 0
97410 0
97681 0
98151 0
98586 0
98711 0
98964 0
99368 0
99413 0
99634 0
99637 0
