c This is a uniform distributed  1-D DIMACS file 
c width height point_number
p 1000 1000 512
1 0
4 0
7 0
9 0
10 0
11 0
12 0
15 0
18 0
19 0
20 0
22 0
23 0
25 0
31 0
32 0
33 0
34 0
35 0
37 0
39 0
40 0
41 0
44 0
46 0
48 0
50 0
52 0
54 0
56 0
58 0
59 0
60 0
62 0
63 0
67 0
69 0
71 0
77 0
79 0
81 0
82 0
84 0
86 0
87 0
88 0
90 0
91 0
92 0
96 0
97 0
104 0
107 0
110 0
111 0
116 0
119 0
123 0
128 0
131 0
135 0
136 0
137 0
138 0
139 0
140 0
141 0
143 0
145 0
146 0
147 0
149 0
150 0
151 0
153 0
156 0
157 0
160 0
161 0
163 0
165 0
166 0
168 0
170 0
173 0
174 0
176 0
177 0
180 0
181 0
184 0
186 0
188 0
190 0
192 0
193 0
194 0
198 0
200 0
203 0
204 0
205 0
208 0
209 0
213 0
214 0
215 0
216 0
217 0
218 0
221 0
225 0
230 0
232 0
233 0
234 0
236 0
237 0
238 0
239 0
240 0
241 0
245 0
246 0
248 0
250 0
251 0
252 0
253 0
256 0
263 0
266 0
267 0
268 0
270 0
276 0
277 0
280 0
283 0
284 0
285 0
286 0
287 0
288 0
289 0
290 0
291 0
292 0
293 0
294 0
298 0
299 0
300 0
301 0
303 0
304 0
305 0
307 0
312 0
313 0
314 0
315 0
316 0
318 0
319 0
321 0
324 0
327 0
332 0
333 0
339 0
340 0
342 0
345 0
347 0
348 0
350 0
353 0
356 0
357 0
358 0
360 0
361 0
363 0
366 0
367 0
368 0
369 0
371 0
373 0
374 0
375 0
378 0
379 0
380 0
381 0
382 0
386 0
387 0
388 0
389 0
392 0
396 0
397 0
399 0
400 0
402 0
404 0
405 0
406 0
408 0
410 0
411 0
412 0
413 0
414 0
415 0
416 0
417 0
418 0
420 0
422 0
423 0
425 0
426 0
427 0
429 0
430 0
433 0
437 0
438 0
440 0
444 0
445 0
446 0
447 0
449 0
451 0
455 0
460 0
461 0
462 0
463 0
465 0
466 0
467 0
468 0
469 0
470 0
476 0
481 0
485 0
488 0
489 0
492 0
494 0
496 0
499 0
504 0
505 0
506 0
508 0
509 0
511 0
513 0
520 0
521 0
522 0
523 0
524 0
526 0
527 0
528 0
529 0
530 0
532 0
533 0
536 0
538 0
539 0
544 0
546 0
548 0
549 0
550 0
551 0
552 0
553 0
556 0
557 0
561 0
566 0
568 0
569 0
570 0
572 0
573 0
575 0
576 0
581 0
582 0
584 0
585 0
591 0
592 0
593 0
594 0
595 0
597 0
600 0
601 0
604 0
606 0
607 0
608 0
609 0
610 0
611 0
615 0
616 0
619 0
621 0
624 0
628 0
629 0
630 0
631 0
633 0
634 0
635 0
636 0
637 0
638 0
641 0
648 0
649 0
650 0
651 0
653 0
656 0
657 0
658 0
659 0
660 0
661 0
665 0
666 0
670 0
674 0
675 0
679 0
680 0
681 0
682 0
686 0
688 0
690 0
692 0
693 0
697 0
701 0
702 0
703 0
705 0
708 0
709 0
711 0
712 0
713 0
715 0
716 0
718 0
723 0
728 0
729 0
735 0
736 0
742 0
743 0
744 0
745 0
747 0
750 0
754 0
756 0
759 0
760 0
763 0
764 0
765 0
767 0
773 0
774 0
775 0
776 0
779 0
782 0
783 0
784 0
785 0
786 0
787 0
789 0
791 0
793 0
794 0
798 0
799 0
801 0
802 0
804 0
805 0
807 0
808 0
809 0
810 0
811 0
812 0
814 0
816 0
817 0
822 0
823 0
824 0
828 0
830 0
831 0
832 0
833 0
834 0
835 0
836 0
838 0
839 0
840 0
841 0
843 0
845 0
846 0
848 0
849 0
850 0
851 0
852 0
854 0
855 0
858 0
859 0
861 0
864 0
868 0
870 0
871 0
872 0
873 0
874 0
875 0
876 0
879 0
882 0
883 0
886 0
888 0
889 0
892 0
895 0
899 0
900 0
901 0
902 0
904 0
905 0
906 0
907 0
908 0
910 0
911 0
913 0
916 0
917 0
918 0
920 0
922 0
929 0
930 0
931 0
936 0
939 0
944 0
945 0
950 0
952 0
957 0
958 0
960 0
961 0
964 0
965 0
968 0
969 0
971 0
973 0
975 0
979 0
982 0
985 0
987 0
990 0
992 0
993 0
997 0
999 0
