c This is a uniform distributed  1-D DIMACS file 
c width height point_number
p 1000 1000 512
1 0
5 0
6 0
7 0
8 0
11 0
12 0
14 0
17 0
21 0
23 0
26 0
29 0
30 0
33 0
35 0
36 0
37 0
39 0
40 0
41 0
42 0
44 0
45 0
48 0
50 0
51 0
55 0
57 0
58 0
59 0
60 0
62 0
63 0
65 0
67 0
69 0
70 0
73 0
75 0
80 0
82 0
83 0
84 0
87 0
89 0
91 0
93 0
97 0
99 0
100 0
102 0
103 0
104 0
107 0
108 0
109 0
110 0
112 0
113 0
114 0
116 0
117 0
119 0
120 0
122 0
124 0
128 0
129 0
130 0
134 0
136 0
139 0
140 0
141 0
142 0
144 0
147 0
148 0
149 0
151 0
154 0
156 0
157 0
158 0
159 0
161 0
162 0
163 0
165 0
167 0
168 0
170 0
171 0
173 0
176 0
178 0
179 0
180 0
183 0
184 0
186 0
187 0
188 0
189 0
190 0
191 0
192 0
195 0
197 0
198 0
199 0
202 0
203 0
204 0
205 0
207 0
213 0
219 0
224 0
225 0
226 0
227 0
228 0
229 0
232 0
234 0
235 0
236 0
237 0
238 0
239 0
240 0
245 0
246 0
248 0
249 0
251 0
253 0
254 0
255 0
257 0
259 0
261 0
262 0
263 0
265 0
266 0
267 0
271 0
272 0
273 0
277 0
280 0
286 0
287 0
288 0
289 0
290 0
292 0
295 0
296 0
297 0
299 0
301 0
302 0
303 0
305 0
306 0
307 0
311 0
312 0
316 0
317 0
318 0
322 0
326 0
329 0
332 0
333 0
334 0
338 0
339 0
346 0
348 0
349 0
351 0
354 0
358 0
359 0
360 0
363 0
366 0
367 0
368 0
369 0
372 0
376 0
383 0
384 0
388 0
389 0
390 0
391 0
392 0
394 0
397 0
399 0
400 0
404 0
406 0
407 0
410 0
411 0
412 0
413 0
415 0
417 0
418 0
421 0
423 0
424 0
425 0
426 0
427 0
430 0
432 0
433 0
434 0
435 0
436 0
437 0
438 0
440 0
442 0
444 0
445 0
446 0
447 0
449 0
451 0
453 0
454 0
456 0
457 0
458 0
459 0
460 0
461 0
463 0
469 0
470 0
474 0
475 0
477 0
478 0
480 0
481 0
483 0
484 0
486 0
487 0
489 0
492 0
495 0
496 0
500 0
501 0
502 0
503 0
504 0
512 0
513 0
514 0
515 0
516 0
518 0
521 0
522 0
525 0
526 0
528 0
534 0
535 0
538 0
541 0
542 0
543 0
544 0
545 0
546 0
549 0
550 0
552 0
553 0
554 0
555 0
556 0
557 0
558 0
561 0
562 0
563 0
564 0
579 0
581 0
582 0
583 0
584 0
585 0
590 0
592 0
593 0
594 0
596 0
600 0
601 0
603 0
604 0
605 0
607 0
608 0
609 0
610 0
611 0
612 0
613 0
614 0
620 0
621 0
622 0
625 0
626 0
628 0
629 0
633 0
637 0
638 0
639 0
641 0
642 0
643 0
644 0
648 0
649 0
650 0
651 0
652 0
653 0
655 0
657 0
658 0
659 0
660 0
661 0
664 0
666 0
667 0
671 0
672 0
677 0
678 0
680 0
681 0
682 0
683 0
684 0
685 0
686 0
687 0
688 0
690 0
691 0
692 0
693 0
696 0
699 0
702 0
704 0
706 0
708 0
710 0
720 0
722 0
723 0
730 0
732 0
737 0
738 0
739 0
741 0
744 0
745 0
747 0
750 0
751 0
753 0
755 0
756 0
757 0
760 0
762 0
765 0
768 0
771 0
772 0
774 0
775 0
779 0
781 0
784 0
785 0
786 0
789 0
790 0
794 0
796 0
798 0
799 0
800 0
802 0
808 0
811 0
813 0
814 0
816 0
817 0
818 0
819 0
821 0
823 0
824 0
825 0
827 0
828 0
829 0
832 0
837 0
838 0
840 0
843 0
846 0
848 0
851 0
852 0
854 0
855 0
856 0
857 0
859 0
860 0
861 0
863 0
864 0
866 0
868 0
869 0
870 0
875 0
877 0
880 0
881 0
883 0
885 0
888 0
889 0
890 0
893 0
894 0
895 0
897 0
898 0
900 0
902 0
903 0
909 0
910 0
913 0
915 0
920 0
921 0
922 0
923 0
928 0
930 0
931 0
938 0
940 0
941 0
942 0
945 0
948 0
956 0
958 0
961 0
963 0
964 0
967 0
971 0
973 0
976 0
980 0
982 0
985 0
986 0
988 0
990 0
992 0
996 0
997 0
998 0
999 0
