c This is a uniform distributed  1-D DIMACS file 
c width height point_number
p 1000 1000 512
3 0
4 0
6 0
9 0
10 0
11 0
14 0
17 0
19 0
20 0
22 0
23 0
24 0
25 0
29 0
30 0
32 0
37 0
38 0
40 0
41 0
42 0
43 0
44 0
45 0
46 0
47 0
48 0
50 0
51 0
52 0
53 0
55 0
57 0
59 0
60 0
61 0
65 0
66 0
67 0
68 0
72 0
75 0
76 0
77 0
78 0
83 0
84 0
90 0
91 0
93 0
94 0
98 0
99 0
100 0
101 0
102 0
103 0
106 0
107 0
108 0
109 0
111 0
112 0
113 0
116 0
117 0
121 0
123 0
125 0
127 0
132 0
133 0
135 0
137 0
138 0
139 0
142 0
143 0
144 0
145 0
147 0
148 0
150 0
153 0
154 0
156 0
158 0
159 0
161 0
162 0
164 0
166 0
167 0
171 0
172 0
173 0
175 0
177 0
178 0
180 0
186 0
188 0
192 0
194 0
199 0
201 0
203 0
204 0
205 0
207 0
211 0
214 0
216 0
220 0
224 0
225 0
226 0
230 0
231 0
232 0
237 0
241 0
242 0
243 0
244 0
245 0
248 0
249 0
251 0
252 0
253 0
254 0
257 0
260 0
264 0
270 0
274 0
276 0
277 0
279 0
280 0
281 0
285 0
286 0
289 0
291 0
293 0
296 0
297 0
299 0
300 0
303 0
304 0
305 0
306 0
309 0
311 0
312 0
313 0
319 0
321 0
323 0
330 0
331 0
333 0
335 0
338 0
340 0
341 0
344 0
345 0
346 0
348 0
351 0
352 0
356 0
359 0
360 0
364 0
365 0
366 0
369 0
372 0
377 0
378 0
379 0
380 0
382 0
384 0
385 0
387 0
389 0
391 0
393 0
394 0
395 0
397 0
398 0
399 0
401 0
404 0
406 0
410 0
412 0
413 0
414 0
418 0
419 0
421 0
422 0
427 0
428 0
431 0
432 0
433 0
434 0
435 0
436 0
437 0
438 0
441 0
442 0
444 0
445 0
446 0
447 0
452 0
453 0
454 0
458 0
462 0
463 0
465 0
467 0
470 0
471 0
474 0
476 0
477 0
478 0
479 0
483 0
485 0
491 0
493 0
502 0
503 0
505 0
508 0
510 0
511 0
512 0
514 0
515 0
522 0
524 0
525 0
527 0
530 0
531 0
534 0
535 0
537 0
540 0
541 0
542 0
544 0
545 0
548 0
549 0
550 0
554 0
556 0
557 0
558 0
561 0
562 0
564 0
568 0
569 0
574 0
575 0
582 0
586 0
588 0
589 0
590 0
592 0
593 0
595 0
601 0
603 0
606 0
607 0
610 0
611 0
613 0
615 0
616 0
618 0
623 0
625 0
626 0
627 0
628 0
630 0
633 0
635 0
636 0
637 0
638 0
639 0
640 0
641 0
642 0
645 0
648 0
653 0
654 0
657 0
659 0
660 0
661 0
663 0
665 0
667 0
670 0
673 0
674 0
676 0
677 0
679 0
680 0
681 0
682 0
683 0
686 0
687 0
688 0
689 0
690 0
691 0
692 0
696 0
703 0
704 0
707 0
708 0
710 0
711 0
713 0
714 0
715 0
717 0
720 0
721 0
722 0
724 0
726 0
727 0
732 0
733 0
734 0
737 0
738 0
739 0
740 0
743 0
744 0
746 0
747 0
748 0
750 0
755 0
759 0
760 0
761 0
764 0
765 0
766 0
769 0
774 0
776 0
777 0
782 0
783 0
785 0
787 0
788 0
790 0
791 0
792 0
793 0
796 0
798 0
804 0
805 0
809 0
810 0
818 0
819 0
821 0
823 0
824 0
825 0
826 0
827 0
828 0
829 0
830 0
831 0
832 0
834 0
835 0
836 0
839 0
841 0
842 0
843 0
844 0
845 0
846 0
847 0
848 0
849 0
852 0
855 0
856 0
857 0
858 0
859 0
860 0
862 0
863 0
866 0
867 0
870 0
871 0
872 0
873 0
875 0
876 0
878 0
883 0
886 0
887 0
889 0
891 0
894 0
895 0
897 0
898 0
900 0
903 0
904 0
905 0
906 0
907 0
910 0
911 0
914 0
917 0
920 0
921 0
922 0
931 0
932 0
934 0
936 0
938 0
939 0
942 0
943 0
945 0
947 0
952 0
955 0
956 0
958 0
959 0
961 0
963 0
964 0
967 0
968 0
969 0
970 0
971 0
972 0
973 0
974 0
975 0
976 0
978 0
979 0
980 0
981 0
982 0
984 0
985 0
986 0
987 0
988 0
990 0
991 0
992 0
993 0
994 0
995 0
996 0
998 0
