c This is a uniform distributed  1-D DIMACS file 
c width height point_number
p 1000 1000 512
2 0
3 0
4 0
6 0
9 0
10 0
12 0
14 0
15 0
19 0
20 0
21 0
23 0
24 0
25 0
27 0
28 0
30 0
33 0
34 0
35 0
37 0
38 0
39 0
40 0
42 0
46 0
47 0
49 0
51 0
52 0
55 0
56 0
58 0
59 0
64 0
65 0
66 0
67 0
71 0
72 0
75 0
80 0
81 0
83 0
84 0
88 0
89 0
91 0
92 0
94 0
95 0
97 0
98 0
100 0
105 0
107 0
108 0
109 0
110 0
112 0
114 0
117 0
118 0
119 0
120 0
123 0
124 0
128 0
131 0
133 0
136 0
137 0
138 0
139 0
141 0
144 0
145 0
147 0
148 0
149 0
153 0
154 0
155 0
156 0
157 0
158 0
159 0
160 0
161 0
166 0
167 0
170 0
171 0
172 0
174 0
177 0
178 0
181 0
184 0
185 0
187 0
188 0
190 0
191 0
192 0
193 0
195 0
196 0
198 0
199 0
201 0
202 0
208 0
214 0
216 0
220 0
222 0
224 0
225 0
226 0
230 0
233 0
235 0
236 0
242 0
243 0
244 0
246 0
247 0
248 0
249 0
251 0
252 0
254 0
256 0
259 0
261 0
262 0
263 0
264 0
266 0
268 0
270 0
271 0
272 0
273 0
281 0
284 0
285 0
289 0
290 0
291 0
293 0
294 0
295 0
296 0
298 0
300 0
304 0
305 0
306 0
307 0
308 0
309 0
310 0
311 0
318 0
319 0
320 0
321 0
322 0
323 0
324 0
328 0
329 0
330 0
331 0
332 0
336 0
337 0
340 0
341 0
344 0
350 0
353 0
354 0
356 0
357 0
358 0
359 0
361 0
362 0
363 0
364 0
366 0
367 0
369 0
370 0
371 0
372 0
375 0
376 0
377 0
378 0
379 0
385 0
386 0
389 0
391 0
392 0
394 0
396 0
397 0
398 0
402 0
403 0
406 0
409 0
413 0
416 0
418 0
419 0
420 0
425 0
427 0
428 0
430 0
432 0
433 0
434 0
438 0
439 0
440 0
443 0
446 0
448 0
451 0
452 0
455 0
456 0
457 0
458 0
462 0
466 0
473 0
474 0
476 0
477 0
478 0
480 0
481 0
482 0
483 0
489 0
490 0
492 0
494 0
496 0
499 0
501 0
503 0
508 0
511 0
512 0
515 0
516 0
517 0
519 0
523 0
524 0
525 0
526 0
527 0
528 0
529 0
530 0
532 0
537 0
540 0
547 0
549 0
550 0
552 0
554 0
555 0
556 0
557 0
559 0
560 0
562 0
564 0
565 0
568 0
571 0
572 0
573 0
574 0
575 0
577 0
581 0
582 0
583 0
584 0
585 0
586 0
589 0
592 0
593 0
595 0
598 0
600 0
601 0
602 0
603 0
606 0
607 0
608 0
613 0
615 0
616 0
618 0
619 0
621 0
623 0
627 0
629 0
630 0
632 0
633 0
640 0
642 0
645 0
646 0
648 0
654 0
656 0
657 0
661 0
662 0
664 0
665 0
666 0
668 0
669 0
671 0
673 0
674 0
675 0
677 0
678 0
679 0
680 0
684 0
685 0
687 0
689 0
690 0
691 0
693 0
695 0
697 0
700 0
701 0
702 0
703 0
707 0
708 0
712 0
713 0
714 0
715 0
716 0
717 0
719 0
720 0
723 0
725 0
726 0
727 0
728 0
729 0
730 0
731 0
733 0
734 0
736 0
738 0
739 0
740 0
742 0
743 0
747 0
750 0
752 0
754 0
755 0
761 0
763 0
765 0
769 0
771 0
772 0
773 0
774 0
776 0
777 0
778 0
780 0
782 0
783 0
785 0
786 0
789 0
791 0
794 0
795 0
800 0
802 0
805 0
813 0
819 0
824 0
827 0
829 0
832 0
834 0
835 0
836 0
839 0
840 0
842 0
844 0
845 0
846 0
848 0
852 0
853 0
854 0
855 0
856 0
858 0
860 0
862 0
864 0
866 0
867 0
868 0
872 0
873 0
874 0
876 0
877 0
880 0
881 0
883 0
884 0
887 0
888 0
889 0
893 0
894 0
895 0
896 0
898 0
899 0
900 0
901 0
902 0
903 0
904 0
912 0
913 0
917 0
920 0
921 0
922 0
924 0
925 0
927 0
928 0
931 0
932 0
933 0
935 0
938 0
939 0
943 0
945 0
947 0
949 0
955 0
956 0
959 0
961 0
962 0
964 0
965 0
966 0
970 0
975 0
980 0
981 0
982 0
983 0
985 0
989 0
990 0
993 0
995 0
997 0
998 0
