c This is a uniform distributed  1-D DIMACS file 
c width height point_number
p 1000 1000 512
4 0
5 0
8 0
14 0
15 0
16 0
22 0
29 0
32 0
34 0
36 0
40 0
44 0
48 0
51 0
53 0
54 0
57 0
58 0
63 0
64 0
65 0
68 0
69 0
72 0
73 0
74 0
78 0
79 0
80 0
81 0
82 0
83 0
88 0
89 0
90 0
91 0
94 0
96 0
97 0
98 0
100 0
105 0
106 0
107 0
109 0
110 0
113 0
119 0
121 0
127 0
128 0
130 0
132 0
134 0
139 0
140 0
142 0
143 0
144 0
145 0
155 0
156 0
158 0
162 0
167 0
170 0
171 0
172 0
173 0
178 0
179 0
180 0
181 0
182 0
183 0
185 0
188 0
189 0
190 0
191 0
196 0
197 0
200 0
202 0
203 0
204 0
207 0
208 0
209 0
211 0
212 0
215 0
219 0
221 0
222 0
228 0
229 0
230 0
232 0
233 0
235 0
237 0
238 0
239 0
240 0
242 0
244 0
245 0
248 0
251 0
255 0
256 0
257 0
259 0
260 0
261 0
264 0
265 0
267 0
271 0
274 0
277 0
279 0
282 0
283 0
284 0
285 0
286 0
287 0
289 0
291 0
292 0
293 0
294 0
297 0
298 0
300 0
301 0
302 0
303 0
304 0
305 0
308 0
310 0
311 0
313 0
316 0
317 0
318 0
320 0
322 0
323 0
327 0
328 0
329 0
332 0
333 0
337 0
338 0
339 0
341 0
343 0
347 0
348 0
350 0
351 0
353 0
355 0
356 0
359 0
365 0
366 0
368 0
369 0
371 0
373 0
375 0
376 0
377 0
378 0
379 0
380 0
381 0
382 0
383 0
384 0
385 0
389 0
390 0
392 0
396 0
397 0
400 0
401 0
403 0
408 0
410 0
411 0
412 0
414 0
416 0
419 0
420 0
421 0
422 0
424 0
426 0
428 0
429 0
430 0
434 0
435 0
437 0
441 0
443 0
444 0
446 0
447 0
448 0
450 0
451 0
452 0
454 0
456 0
458 0
461 0
462 0
464 0
465 0
466 0
467 0
471 0
473 0
475 0
476 0
478 0
479 0
480 0
481 0
482 0
483 0
484 0
486 0
487 0
491 0
495 0
496 0
497 0
498 0
500 0
501 0
504 0
505 0
506 0
507 0
508 0
512 0
513 0
517 0
518 0
520 0
521 0
522 0
524 0
525 0
528 0
530 0
532 0
536 0
538 0
539 0
541 0
542 0
543 0
544 0
548 0
549 0
551 0
552 0
559 0
565 0
567 0
571 0
572 0
574 0
576 0
577 0
579 0
581 0
582 0
586 0
588 0
589 0
590 0
591 0
592 0
594 0
595 0
598 0
599 0
600 0
601 0
602 0
603 0
605 0
607 0
610 0
611 0
615 0
616 0
617 0
621 0
626 0
627 0
629 0
633 0
634 0
637 0
638 0
642 0
644 0
645 0
647 0
648 0
649 0
650 0
651 0
652 0
653 0
654 0
656 0
658 0
659 0
660 0
661 0
664 0
667 0
668 0
669 0
670 0
672 0
674 0
675 0
676 0
680 0
682 0
684 0
686 0
687 0
690 0
692 0
695 0
697 0
699 0
700 0
702 0
703 0
705 0
707 0
708 0
709 0
710 0
714 0
715 0
717 0
718 0
721 0
722 0
726 0
730 0
731 0
736 0
738 0
739 0
740 0
742 0
743 0
744 0
746 0
747 0
752 0
753 0
756 0
758 0
759 0
760 0
761 0
763 0
764 0
765 0
769 0
771 0
776 0
777 0
778 0
779 0
780 0
786 0
789 0
791 0
792 0
793 0
796 0
798 0
799 0
802 0
804 0
809 0
810 0
811 0
812 0
813 0
814 0
818 0
820 0
822 0
823 0
826 0
827 0
832 0
833 0
836 0
838 0
839 0
840 0
841 0
843 0
846 0
848 0
851 0
852 0
853 0
855 0
856 0
857 0
858 0
860 0
861 0
862 0
864 0
869 0
870 0
872 0
873 0
877 0
879 0
881 0
882 0
883 0
884 0
885 0
886 0
889 0
890 0
893 0
895 0
897 0
902 0
903 0
904 0
907 0
910 0
911 0
913 0
916 0
917 0
918 0
919 0
920 0
921 0
924 0
925 0
927 0
930 0
932 0
934 0
936 0
937 0
939 0
940 0
942 0
943 0
946 0
947 0
948 0
950 0
951 0
952 0
953 0
954 0
956 0
960 0
961 0
963 0
966 0
969 0
970 0
971 0
973 0
974 0
975 0
978 0
979 0
980 0
985 0
987 0
992 0
993 0
996 0
997 0
999 0
