c This is a uniform distributed  1-D DIMACS file 
c width height point_number
p 100000 100000 512
12 0
455 0
566 0
998 0
1288 0
1321 0
1481 0
1716 0
1840 0
2064 0
2104 0
2260 0
2283 0
2388 0
2960 0
3110 0
3299 0
3541 0
3750 0
4046 0
4081 0
4113 0
4392 0
4760 0
4992 0
5226 0
5576 0
5622 0
5830 0
5861 0
5875 0
5948 0
6141 0
6148 0
6232 0
6772 0
6899 0
6908 0
7786 0
7960 0
8093 0
8466 0
8648 0
8850 0
9460 0
9788 0
9916 0
10192 0
10744 0
10855 0
11717 0
12055 0
12229 0
12317 0
12996 0
13045 0
13177 0
13777 0
13783 0
14135 0
14897 0
14949 0
15171 0
15494 0
15931 0
16012 0
16025 0
16105 0
16193 0
16392 0
16466 0
16527 0
16603 0
16838 0
16901 0
16992 0
17031 0
17211 0
17220 0
17256 0
17454 0
17666 0
17714 0
18607 0
18799 0
18871 0
18900 0
18901 0
19302 0
19331 0
19382 0
19645 0
19830 0
19911 0
19939 0
19942 0
20261 0
20272 0
20429 0
20625 0
21195 0
21782 0
22035 0
22187 0
22654 0
22808 0
23114 0
23209 0
23937 0
24191 0
24289 0
24474 0
24592 0
24664 0
24799 0
25044 0
25354 0
25733 0
25763 0
25805 0
25909 0
26120 0
26315 0
26371 0
26385 0
26501 0
26866 0
27034 0
27098 0
27363 0
27701 0
27905 0
28202 0
28378 0
28497 0
28635 0
29344 0
29422 0
29489 0
30178 0
30297 0
30382 0
30659 0
31549 0
31719 0
31798 0
32112 0
32427 0
32554 0
32655 0
33076 0
33125 0
33349 0
33626 0
33759 0
33865 0
34149 0
34364 0
34844 0
34854 0
34895 0
35003 0
35094 0
35233 0
35365 0
35589 0
35915 0
36187 0
36522 0
36579 0
37274 0
37415 0
37430 0
37658 0
37686 0
37697 0
38053 0
38088 0
38438 0
38483 0
38606 0
38885 0
39063 0
39224 0
39342 0
39575 0
40034 0
40136 0
40164 0
40201 0
40352 0
40469 0
40853 0
40973 0
41042 0
41138 0
41287 0
41331 0
41339 0
41772 0
42698 0
42952 0
43225 0
43898 0
43982 0
44238 0
44446 0
44593 0
44950 0
44957 0
45033 0
45138 0
45321 0
45353 0
45766 0
45838 0
45914 0
45927 0
46057 0
46069 0
46098 0
46149 0
46914 0
46972 0
47377 0
47485 0
47609 0
47793 0
47861 0
48155 0
48641 0
48664 0
48854 0
49024 0
49223 0
49294 0
49505 0
49686 0
49852 0
50171 0
50258 0
50403 0
50425 0
50570 0
50609 0
50754 0
51095 0
51426 0
51585 0
51836 0
51837 0
51872 0
51957 0
52210 0
52385 0
52841 0
52846 0
52965 0
53062 0
53097 0
53329 0
53522 0
54204 0
54384 0
54447 0
54471 0
54513 0
54558 0
54777 0
55139 0
55328 0
55457 0
55466 0
55477 0
55781 0
55856 0
55921 0
56068 0
56378 0
56834 0
56913 0
57197 0
57244 0
57462 0
57476 0
57487 0
57583 0
57613 0
57778 0
58374 0
58480 0
58615 0
58673 0
58926 0
59226 0
59249 0
59311 0
59602 0
59715 0
59959 0
60143 0
60301 0
60533 0
60589 0
60683 0
60722 0
60952 0
60964 0
60999 0
61305 0
61635 0
61757 0
62241 0
62399 0
62580 0
62795 0
62915 0
63001 0
63755 0
63938 0
63967 0
64327 0
64384 0
64396 0
64855 0
64863 0
65190 0
65255 0
65321 0
65506 0
65896 0
65913 0
66336 0
66615 0
66646 0
67037 0
67171 0
67306 0
67547 0
67791 0
67797 0
68050 0
68449 0
68742 0
69104 0
69471 0
69565 0
69613 0
69643 0
69790 0
69909 0
70019 0
70035 0
70108 0
70356 0
71284 0
71346 0
71391 0
71485 0
71509 0
71561 0
72196 0
72234 0
72256 0
72604 0
72704 0
72735 0
72810 0
72950 0
73398 0
73642 0
73674 0
73864 0
74266 0
74377 0
74422 0
74511 0
74638 0
75003 0
75081 0
75270 0
75516 0
75645 0
76018 0
76538 0
76554 0
76894 0
77631 0
77962 0
78105 0
78503 0
78771 0
79056 0
79141 0
79163 0
79201 0
79418 0
79474 0
79522 0
79766 0
79773 0
80146 0
80224 0
80343 0
80478 0
80904 0
81072 0
81491 0
81626 0
81646 0
81792 0
81937 0
82026 0
82032 0
82171 0
82192 0
82325 0
82334 0
82372 0
82398 0
82438 0
82691 0
82792 0
83355 0
83433 0
83611 0
83677 0
84182 0
84203 0
84214 0
84224 0
84285 0
84400 0
84641 0
85011 0
85081 0
85615 0
86143 0
86598 0
87052 0
87194 0
87218 0
87311 0
87516 0
87532 0
88124 0
88438 0
88455 0
88890 0
88978 0
89346 0
89452 0
89489 0
89712 0
89860 0
90127 0
90171 0
90756 0
90960 0
91130 0
91300 0
91616 0
92316 0
92450 0
92458 0
92552 0
92670 0
92739 0
93011 0
93226 0
93229 0
93230 0
93427 0
93969 0
94305 0
94566 0
94700 0
94779 0
94783 0
95221 0
95300 0
95567 0
95568 0
95684 0
95720 0
95838 0
95887 0
96118 0
96227 0
96335 0
96369 0
96415 0
96717 0
96784 0
97092 0
97364 0
97684 0
97863 0
97940 0
97948 0
97952 0
98042 0
98127 0
98289 0
98427 0
98791 0
98806 0
99136 0
99298 0
99376 0
99500 0
99890 0
