c This is a uniform distributed  1-D DIMACS file 
c width height point_number
p 100000 100000 512
228 0
446 0
461 0
584 0
746 0
907 0
954 0
983 0
1055 0
1057 0
1197 0
1287 0
1385 0
1463 0
1658 0
1980 0
2075 0
2347 0
2832 0
2936 0
3170 0
3178 0
3188 0
3431 0
3580 0
3630 0
3906 0
3907 0
4242 0
4270 0
4339 0
4373 0
4620 0
4666 0
4898 0
4909 0
5092 0
5399 0
6096 0
6318 0
6833 0
7344 0
7351 0
7642 0
7700 0
7769 0
7789 0
7827 0
8155 0
8228 0
8530 0
8909 0
8977 0
9175 0
9420 0
10103 0
10311 0
10488 0
10523 0
10533 0
10796 0
11554 0
11601 0
12124 0
12199 0
12338 0
12608 0
12651 0
12681 0
13096 0
13208 0
13399 0
13444 0
13459 0
13648 0
13701 0
13727 0
13797 0
13943 0
14062 0
14602 0
14817 0
15034 0
15426 0
15645 0
15655 0
15791 0
15872 0
15890 0
15996 0
16082 0
16383 0
16548 0
16560 0
16709 0
16737 0
16837 0
17032 0
17183 0
17277 0
18240 0
18352 0
18713 0
18870 0
19260 0
19405 0
19429 0
19759 0
20482 0
21008 0
21037 0
21078 0
21112 0
21299 0
21399 0
21573 0
21921 0
22374 0
22853 0
22947 0
23144 0
23150 0
23230 0
23528 0
23541 0
23892 0
23982 0
23993 0
24117 0
24130 0
24169 0
24468 0
24582 0
24622 0
24645 0
24660 0
24810 0
25043 0
25526 0
25959 0
26433 0
26447 0
26523 0
26664 0
26797 0
26819 0
27138 0
27533 0
27867 0
27911 0
27957 0
28121 0
28677 0
28719 0
28935 0
29219 0
29336 0
29473 0
29640 0
30062 0
30595 0
31071 0
31104 0
31458 0
31564 0
32170 0
32190 0
32405 0
32541 0
32831 0
33375 0
33424 0
33437 0
33551 0
33592 0
33811 0
34096 0
34197 0
34412 0
34489 0
34776 0
35196 0
35666 0
35676 0
35971 0
36043 0
36490 0
36519 0
36530 0
36659 0
36717 0
36788 0
36969 0
37088 0
37343 0
37490 0
37554 0
37596 0
37627 0
37662 0
37843 0
38097 0
38159 0
38417 0
38694 0
38830 0
38942 0
39127 0
39175 0
39267 0
39659 0
39722 0
40071 0
40073 0
40223 0
40252 0
40397 0
40512 0
40572 0
40704 0
40779 0
40894 0
40942 0
41027 0
41411 0
41660 0
41874 0
41996 0
42191 0
42321 0
42343 0
42368 0
42503 0
42507 0
42508 0
43404 0
43496 0
43498 0
43633 0
43944 0
44049 0
44189 0
44360 0
44370 0
44505 0
44548 0
44570 0
44741 0
44979 0
45072 0
45315 0
45383 0
45780 0
45794 0
46221 0
46368 0
46932 0
46987 0
47052 0
47196 0
47333 0
47401 0
47593 0
47656 0
47788 0
48046 0
48555 0
48652 0
49122 0
49155 0
49178 0
49416 0
49608 0
49617 0
49628 0
49792 0
49917 0
49968 0
50690 0
50912 0
51078 0
51085 0
51117 0
51350 0
51728 0
51741 0
51743 0
51826 0
52120 0
52210 0
52236 0
52508 0
52615 0
52694 0
52881 0
53150 0
53286 0
53322 0
53817 0
53830 0
54061 0
54418 0
54876 0
55214 0
55423 0
55442 0
55460 0
55625 0
55651 0
55900 0
55994 0
56209 0
56510 0
56561 0
56780 0
56851 0
57407 0
57768 0
57951 0
58027 0
58235 0
58441 0
58452 0
58847 0
59397 0
59975 0
60180 0
60382 0
60403 0
60717 0
60823 0
60908 0
60956 0
61006 0
61241 0
61664 0
62211 0
62310 0
62484 0
63120 0
63537 0
63581 0
63658 0
64019 0
64256 0
64346 0
64386 0
64476 0
64877 0
65193 0
65535 0
66013 0
66170 0
66209 0
66305 0
66327 0
66405 0
66456 0
66524 0
66736 0
67125 0
67193 0
67248 0
67394 0
67498 0
67508 0
67791 0
67885 0
67946 0
68813 0
69332 0
69367 0
69445 0
69475 0
69642 0
70054 0
70164 0
70215 0
70313 0
70349 0
70566 0
70808 0
70978 0
71317 0
71480 0
72056 0
72131 0
72227 0
72230 0
73648 0
74028 0
74604 0
74729 0
74772 0
74842 0
74921 0
74982 0
75194 0
75257 0
75284 0
75456 0
75828 0
75926 0
76148 0
76631 0
76741 0
76855 0
76896 0
77042 0
77064 0
77478 0
77605 0
77631 0
77906 0
77964 0
78188 0
78373 0
78498 0
78526 0
78965 0
81057 0
81118 0
81309 0
81432 0
81625 0
81905 0
81970 0
81985 0
82487 0
82727 0
82954 0
83009 0
83768 0
83852 0
83858 0
84005 0
84236 0
84361 0
85045 0
85137 0
85255 0
85356 0
86096 0
86132 0
86189 0
86345 0
86353 0
86631 0
86663 0
86730 0
86828 0
86894 0
87311 0
87661 0
87666 0
87762 0
87851 0
87886 0
88079 0
88436 0
88459 0
88635 0
88938 0
89109 0
89718 0
89905 0
90195 0
90345 0
90615 0
90786 0
90931 0
91166 0
91256 0
91268 0
91540 0
91787 0
91792 0
91821 0
92404 0
94564 0
94834 0
94906 0
95503 0
96015 0
96054 0
96270 0
96725 0
96734 0
96821 0
96831 0
97029 0
97177 0
97380 0
97646 0
97736 0
97857 0
97936 0
98000 0
98003 0
98081 0
98189 0
98222 0
98491 0
98805 0
99112 0
99137 0
99615 0
99773 0
99781 0
99891 0
99903 0
99978 0
