c This is a uniform distributed  1-D DIMACS file 
c width height point_number
p 100000 100000 512
9 0
473 0
605 0
614 0
870 0
1049 0
1310 0
1373 0
1438 0
1647 0
2170 0
2199 0
2210 0
2299 0
2308 0
2754 0
3261 0
3311 0
3409 0
3768 0
3789 0
3909 0
3975 0
4051 0
4212 0
4343 0
4385 0
4641 0
4830 0
5241 0
5272 0
5412 0
6731 0
6864 0
6886 0
6967 0
7000 0
7366 0
7556 0
7663 0
7838 0
7885 0
8257 0
8300 0
8334 0
8547 0
8779 0
8965 0
8973 0
9292 0
9350 0
9401 0
9567 0
9732 0
9783 0
9887 0
10107 0
10242 0
10477 0
10609 0
11034 0
11058 0
11149 0
11194 0
11835 0
11942 0
12096 0
12163 0
12345 0
12603 0
12832 0
12869 0
13341 0
13533 0
13578 0
13650 0
13767 0
13827 0
14459 0
14671 0
14883 0
14925 0
15043 0
15468 0
15614 0
15619 0
15713 0
15880 0
16119 0
16409 0
16529 0
16793 0
17029 0
17143 0
17149 0
17430 0
17521 0
17531 0
17636 0
17703 0
17800 0
18160 0
18300 0
19333 0
19538 0
19713 0
20140 0
20255 0
20592 0
20783 0
20869 0
21228 0
21810 0
22439 0
22577 0
23056 0
23176 0
23385 0
23453 0
24282 0
24720 0
24779 0
25024 0
25063 0
25506 0
26084 0
26128 0
26331 0
26739 0
26750 0
27138 0
27481 0
27870 0
28753 0
28865 0
28901 0
29028 0
29309 0
29356 0
29531 0
29840 0
29917 0
30031 0
30180 0
30371 0
30494 0
30659 0
30755 0
31015 0
31018 0
31278 0
31499 0
31690 0
31808 0
31825 0
31962 0
31976 0
32004 0
32040 0
32200 0
32213 0
32582 0
32606 0
32690 0
33068 0
33108 0
33243 0
33346 0
33399 0
33510 0
33773 0
33793 0
33879 0
34163 0
34194 0
34443 0
34513 0
34541 0
34875 0
35027 0
35079 0
35455 0
35489 0
35591 0
35716 0
35752 0
36456 0
37154 0
37242 0
37342 0
37379 0
37474 0
37622 0
38134 0
38175 0
38317 0
39326 0
39386 0
39406 0
39443 0
39573 0
39643 0
39831 0
39868 0
40010 0
40126 0
40246 0
40253 0
40670 0
40978 0
41431 0
41595 0
42105 0
42266 0
42678 0
42925 0
43042 0
43304 0
43348 0
43605 0
43643 0
45215 0
45506 0
45667 0
45890 0
46264 0
46344 0
46625 0
46733 0
46757 0
46871 0
46999 0
47450 0
47673 0
47688 0
47862 0
48027 0
48322 0
48470 0
48494 0
48540 0
48609 0
48695 0
49092 0
49248 0
49274 0
49316 0
49379 0
49410 0
49484 0
49982 0
50271 0
50666 0
50773 0
50820 0
50950 0
51005 0
51020 0
51306 0
51386 0
51508 0
51683 0
51698 0
51764 0
52086 0
52462 0
52547 0
52851 0
53710 0
53766 0
53868 0
54048 0
54680 0
55179 0
55275 0
55967 0
56174 0
56269 0
56519 0
56527 0
56755 0
56971 0
57120 0
57185 0
57339 0
57938 0
58086 0
58318 0
58344 0
58379 0
58450 0
58626 0
58760 0
58876 0
58882 0
59641 0
60481 0
60501 0
60747 0
60775 0
61083 0
61174 0
61271 0
61618 0
61986 0
62266 0
62963 0
63004 0
63021 0
63266 0
63422 0
63440 0
63567 0
63649 0
63656 0
63857 0
64242 0
64414 0
64469 0
64738 0
64901 0
64941 0
65310 0
65454 0
65567 0
65604 0
65788 0
65864 0
66020 0
66128 0
66415 0
66472 0
66909 0
66977 0
67014 0
67025 0
67120 0
67309 0
67450 0
67806 0
67952 0
68095 0
68473 0
68559 0
68650 0
68671 0
68912 0
69033 0
69180 0
69238 0
69610 0
69638 0
69731 0
70272 0
70519 0
70660 0
70695 0
70841 0
70864 0
71148 0
71380 0
71481 0
71526 0
71533 0
71888 0
71952 0
72327 0
72477 0
72517 0
72795 0
72834 0
72850 0
72962 0
72996 0
73174 0
73323 0
73335 0
73380 0
73596 0
73870 0
74169 0
74670 0
74979 0
75103 0
75240 0
75254 0
75275 0
75416 0
75495 0
75649 0
76076 0
76278 0
76369 0
76703 0
76796 0
76851 0
77126 0
77185 0
77196 0
77270 0
77563 0
77875 0
78039 0
78356 0
78615 0
78815 0
78881 0
79193 0
79537 0
79610 0
79769 0
80177 0
80348 0
80591 0
80633 0
80754 0
80842 0
80885 0
80970 0
81034 0
81087 0
81197 0
81212 0
81411 0
81509 0
81547 0
81663 0
81741 0
81793 0
81969 0
82124 0
82684 0
82843 0
82981 0
83226 0
83431 0
83914 0
84043 0
84209 0
84323 0
84368 0
84460 0
84665 0
84742 0
85014 0
85168 0
85827 0
85837 0
85907 0
85968 0
86237 0
86253 0
86360 0
86426 0
86491 0
86589 0
86629 0
86924 0
86992 0
87202 0
87671 0
87705 0
87912 0
88010 0
88105 0
88394 0
88765 0
89619 0
89629 0
90105 0
90162 0
90172 0
90477 0
90878 0
90905 0
91222 0
91291 0
91724 0
91902 0
92526 0
92598 0
93048 0
93053 0
93284 0
93465 0
93747 0
94198 0
94209 0
94390 0
94406 0
94444 0
95596 0
95664 0
95830 0
95878 0
96115 0
96483 0
96524 0
96560 0
96768 0
96810 0
96877 0
97841 0
98041 0
98102 0
98543 0
98677 0
99330 0
99428 0
99534 0
99780 0
99924 0
