c This is a uniform distributed  1-D DIMACS file 
c width height point_number
p 100000 100000 512
840 0
900 0
1010 0
1051 0
1188 0
1362 0
1404 0
1779 0
1908 0
1920 0
1978 0
2373 0
3159 0
3180 0
3235 0
3298 0
3496 0
3517 0
3825 0
4099 0
4344 0
4473 0
4675 0
5094 0
5187 0
5360 0
5414 0
5445 0
5988 0
6166 0
6202 0
6501 0
6560 0
6812 0
7195 0
7231 0
7368 0
7564 0
7848 0
8055 0
8294 0
8565 0
8779 0
8893 0
8904 0
9055 0
9243 0
9397 0
9426 0
9582 0
9889 0
10300 0
10568 0
10896 0
10984 0
11238 0
11840 0
11873 0
12412 0
12796 0
13111 0
13278 0
13409 0
13604 0
13740 0
13806 0
14341 0
14397 0
14424 0
14554 0
14962 0
15372 0
15400 0
15547 0
15843 0
15882 0
15928 0
16087 0
16389 0
17584 0
17745 0
17890 0
18153 0
18424 0
18571 0
19001 0
19018 0
19112 0
19743 0
19772 0
19927 0
19931 0
20160 0
20632 0
20728 0
20809 0
21095 0
21110 0
21132 0
21513 0
21634 0
21656 0
21832 0
21844 0
21880 0
21987 0
22440 0
22448 0
22455 0
22833 0
23200 0
23310 0
23327 0
23480 0
23587 0
23599 0
23660 0
23720 0
24141 0
24501 0
24595 0
24696 0
24728 0
25022 0
25025 0
25523 0
25575 0
25585 0
26100 0
26230 0
26247 0
26461 0
26773 0
26787 0
26808 0
26903 0
27637 0
28126 0
28217 0
28324 0
29045 0
29084 0
29167 0
29349 0
29502 0
29566 0
29886 0
30865 0
30870 0
31080 0
31085 0
31623 0
31714 0
31785 0
32708 0
33273 0
33680 0
33745 0
33868 0
33976 0
34091 0
34257 0
34374 0
34864 0
35057 0
35070 0
35106 0
35413 0
35955 0
36140 0
36167 0
36256 0
36281 0
36290 0
36448 0
36732 0
37174 0
37188 0
37974 0
38040 0
38173 0
38318 0
38372 0
39062 0
39147 0
39165 0
39385 0
39443 0
39574 0
39831 0
39879 0
40599 0
40642 0
40692 0
41101 0
41129 0
41338 0
41345 0
41381 0
41484 0
41654 0
41719 0
42161 0
42192 0
42239 0
42402 0
42455 0
43047 0
43355 0
43886 0
44329 0
44335 0
44412 0
44449 0
45040 0
45477 0
45581 0
46033 0
46064 0
46300 0
46551 0
46958 0
47098 0
47118 0
47313 0
47332 0
47551 0
47602 0
47725 0
47885 0
48088 0
48137 0
48477 0
48734 0
48762 0
48942 0
49124 0
49150 0
49189 0
49231 0
49478 0
50402 0
50514 0
50686 0
50855 0
51023 0
51447 0
51474 0
51501 0
51869 0
52393 0
52414 0
52429 0
52812 0
52876 0
52898 0
52929 0
53012 0
53204 0
53532 0
53568 0
53606 0
53794 0
54044 0
54158 0
54713 0
54845 0
55106 0
55200 0
55417 0
55492 0
55495 0
55615 0
55685 0
55795 0
56299 0
56335 0
56393 0
56856 0
57000 0
57060 0
57181 0
57239 0
57248 0
57428 0
57505 0
57541 0
57569 0
57826 0
57998 0
58112 0
58127 0
58245 0
58460 0
58593 0
58964 0
59155 0
59194 0
59428 0
59456 0
59538 0
59635 0
59723 0
60051 0
60608 0
60706 0
60712 0
61249 0
61355 0
61564 0
61614 0
61623 0
61639 0
61668 0
61781 0
61916 0
62049 0
62274 0
62307 0
62357 0
62646 0
62672 0
62686 0
63536 0
63581 0
64354 0
64379 0
64541 0
64824 0
65418 0
65488 0
65610 0
65983 0
65989 0
66406 0
66540 0
66559 0
67768 0
67916 0
68124 0
68447 0
68803 0
68989 0
68993 0
69171 0
69201 0
69233 0
69613 0
69695 0
69774 0
69781 0
69919 0
70020 0
70058 0
70121 0
70197 0
70884 0
71046 0
71176 0
71248 0
71363 0
71598 0
71764 0
72161 0
72273 0
72360 0
72597 0
72850 0
72912 0
74568 0
74661 0
75013 0
75119 0
75172 0
75179 0
75364 0
75652 0
75866 0
76050 0
76330 0
76675 0
76939 0
77010 0
77029 0
77095 0
77143 0
77246 0
77584 0
77765 0
78054 0
78065 0
78143 0
78215 0
78476 0
78616 0
78904 0
79099 0
79100 0
79243 0
79436 0
79541 0
79695 0
80065 0
80505 0
80662 0
80757 0
80935 0
81109 0
81309 0
81450 0
81977 0
81990 0
82262 0
82487 0
82550 0
82687 0
83097 0
83382 0
83395 0
83806 0
83970 0
84159 0
84163 0
84340 0
84350 0
84721 0
85221 0
85371 0
85372 0
85394 0
85436 0
85559 0
85642 0
85763 0
86060 0
86429 0
86627 0
86929 0
86936 0
87001 0
87092 0
87391 0
87501 0
88103 0
88227 0
88565 0
88707 0
88812 0
88952 0
89139 0
89154 0
89238 0
89277 0
89320 0
89452 0
89555 0
89737 0
89873 0
90219 0
90389 0
90438 0
90556 0
91060 0
91257 0
91443 0
91516 0
91553 0
91902 0
92049 0
92219 0
92931 0
93011 0
93212 0
93355 0
93425 0
93527 0
93678 0
93686 0
93724 0
93863 0
94283 0
94506 0
94556 0
94659 0
94688 0
94708 0
94785 0
94930 0
95018 0
95411 0
95466 0
95953 0
95957 0
96087 0
96149 0
96367 0
96502 0
96661 0
96674 0
96898 0
97015 0
97356 0
97685 0
97722 0
98350 0
98594 0
98779 0
99046 0
99178 0
99193 0
99296 0
99784 0
