c This is a uniform distributed  1-D DIMACS file 
c width height point_number
p 100000 100000 512
110 0
194 0
195 0
229 0
263 0
267 0
280 0
576 0
1113 0
1300 0
1473 0
1541 0
2243 0
2418 0
2422 0
2484 0
2873 0
3363 0
3372 0
3769 0
3804 0
3842 0
3967 0
4238 0
4246 0
4312 0
4521 0
5404 0
5490 0
5498 0
5621 0
5747 0
5761 0
5812 0
5916 0
6168 0
6341 0
6412 0
6446 0
6504 0
6786 0
7188 0
7377 0
7607 0
7756 0
7873 0
8803 0
8889 0
9051 0
9102 0
9619 0
9663 0
10075 0
10556 0
10560 0
10833 0
10866 0
10925 0
11028 0
11042 0
11717 0
11906 0
12206 0
12313 0
12574 0
12998 0
13091 0
13109 0
13200 0
13209 0
13604 0
13701 0
14157 0
14354 0
14602 0
14739 0
15056 0
15353 0
15575 0
15613 0
15625 0
15899 0
16210 0
17014 0
17505 0
17867 0
18015 0
18055 0
18094 0
18388 0
18462 0
18612 0
18680 0
18715 0
18732 0
18862 0
18914 0
19107 0
19253 0
19476 0
19513 0
19548 0
19611 0
19756 0
19937 0
20067 0
20270 0
20430 0
20531 0
20585 0
20590 0
20893 0
21221 0
21229 0
21298 0
21896 0
21909 0
22524 0
22538 0
22711 0
22736 0
23282 0
23377 0
23412 0
23582 0
23729 0
24684 0
24829 0
25119 0
25142 0
25192 0
25252 0
25379 0
25611 0
25820 0
26310 0
26387 0
26435 0
26651 0
26700 0
26847 0
26860 0
26915 0
27019 0
27198 0
27297 0
27304 0
27330 0
27444 0
27558 0
27863 0
28035 0
28176 0
28208 0
28267 0
28357 0
29847 0
30221 0
30267 0
30311 0
30373 0
30384 0
30394 0
30413 0
30675 0
31240 0
31255 0
31300 0
31402 0
31415 0
31488 0
31683 0
31825 0
31872 0
32040 0
32606 0
32857 0
32907 0
32918 0
33130 0
33206 0
33455 0
33641 0
33763 0
34057 0
34410 0
34520 0
34678 0
35199 0
35293 0
35322 0
35399 0
35455 0
35486 0
35622 0
35675 0
35822 0
35862 0
35866 0
36011 0
36174 0
36220 0
36641 0
36700 0
37256 0
37360 0
37592 0
37859 0
37964 0
38451 0
38905 0
39084 0
39168 0
39193 0
39489 0
39956 0
40011 0
40302 0
40645 0
40994 0
41218 0
41307 0
41926 0
41932 0
41967 0
42380 0
42829 0
44074 0
44102 0
44309 0
44498 0
44611 0
44878 0
44991 0
45235 0
45279 0
45394 0
45563 0
45712 0
45763 0
45766 0
45856 0
45875 0
45919 0
45944 0
46072 0
46133 0
46136 0
46372 0
46452 0
46593 0
47444 0
48072 0
48297 0
48743 0
49123 0
49212 0
49290 0
49570 0
49859 0
50525 0
51593 0
51647 0
52551 0
52663 0
52697 0
52863 0
52882 0
53197 0
53297 0
53435 0
54054 0
54472 0
54530 0
54626 0
54907 0
54943 0
55300 0
55315 0
55531 0
55535 0
55675 0
55689 0
56039 0
56226 0
56493 0
56531 0
56777 0
57228 0
57282 0
57394 0
57467 0
57484 0
57854 0
57882 0
57889 0
57919 0
57984 0
58035 0
58067 0
58326 0
59017 0
59146 0
59158 0
59218 0
59488 0
59696 0
59733 0
60635 0
60716 0
61181 0
61189 0
61465 0
61497 0
61634 0
61734 0
61906 0
61922 0
62165 0
62293 0
62541 0
62779 0
62936 0
63207 0
63451 0
63551 0
63584 0
63669 0
64662 0
65174 0
65350 0
65670 0
65781 0
66082 0
66176 0
66338 0
66450 0
66508 0
66734 0
66760 0
66878 0
67614 0
67867 0
67907 0
67936 0
67973 0
68007 0
68240 0
68275 0
68364 0
68802 0
69028 0
69259 0
69827 0
70034 0
70226 0
70287 0
70311 0
70375 0
70483 0
70588 0
70675 0
71060 0
71136 0
71562 0
71753 0
71763 0
71819 0
71930 0
71937 0
72112 0
72208 0
72240 0
72305 0
72352 0
72445 0
72484 0
72759 0
72900 0
72902 0
73586 0
74195 0
74232 0
75076 0
75123 0
75145 0
75391 0
75441 0
75838 0
76163 0
76229 0
76375 0
76424 0
76703 0
76937 0
76939 0
77017 0
77071 0
77091 0
77171 0
77255 0
77588 0
77750 0
77774 0
77838 0
77917 0
78002 0
78154 0
78379 0
78478 0
78649 0
78969 0
79984 0
80153 0
80179 0
80449 0
80492 0
81566 0
81833 0
81881 0
82028 0
82037 0
82416 0
82443 0
82464 0
82668 0
82784 0
82914 0
82915 0
82932 0
83674 0
83927 0
84300 0
84726 0
84790 0
84791 0
85077 0
85188 0
85342 0
85364 0
85660 0
85690 0
85803 0
86219 0
86339 0
86618 0
86774 0
87143 0
87560 0
87597 0
87801 0
87893 0
88237 0
88966 0
89411 0
89466 0
89510 0
89775 0
89844 0
90098 0
90108 0
90212 0
90353 0
90442 0
90907 0
91018 0
91049 0
91093 0
91264 0
91265 0
91546 0
91769 0
91818 0
92077 0
92082 0
92123 0
92225 0
92731 0
92732 0
92956 0
93131 0
93230 0
93845 0
93880 0
94056 0
94131 0
94232 0
94249 0
94394 0
94510 0
95347 0
95486 0
95504 0
95847 0
96047 0
96669 0
96720 0
96984 0
97087 0
97096 0
97727 0
97881 0
97976 0
98230 0
98291 0
98434 0
98709 0
98838 0
98996 0
99633 0
99868 0
99941 0
