c This is a uniform distributed  1-D DIMACS file 
c width height point_number
p 100000 100000 512
85 0
525 0
567 0
575 0
583 0
784 0
1022 0
1194 0
1287 0
1465 0
1472 0
1554 0
1578 0
1656 0
1752 0
1875 0
1891 0
1945 0
1976 0
2124 0
2513 0
2538 0
3071 0
3081 0
3392 0
3434 0
3578 0
3900 0
3944 0
4181 0
4226 0
4430 0
4750 0
4902 0
4927 0
5050 0
5178 0
5473 0
5652 0
5998 0
6032 0
6817 0
7133 0
7183 0
7831 0
8335 0
8718 0
8934 0
8981 0
9008 0
9753 0
9861 0
10084 0
10401 0
10407 0
10430 0
10531 0
11132 0
11175 0
11488 0
11648 0
11747 0
11835 0
11968 0
11976 0
12038 0
12314 0
12596 0
13392 0
14042 0
14101 0
14292 0
14457 0
14464 0
14547 0
14772 0
14989 0
15271 0
15431 0
15587 0
16128 0
16287 0
16489 0
16549 0
16715 0
16759 0
16926 0
16964 0
16992 0
17294 0
17684 0
17889 0
18044 0
18142 0
18251 0
18396 0
18700 0
18965 0
19399 0
19962 0
20154 0
20467 0
20573 0
20945 0
21024 0
21817 0
21833 0
21977 0
22043 0
22265 0
22272 0
23432 0
23512 0
23528 0
23851 0
23857 0
24044 0
24061 0
24197 0
24336 0
24556 0
24673 0
24791 0
25453 0
25774 0
25787 0
25989 0
26176 0
26293 0
26749 0
26773 0
27071 0
27226 0
27293 0
27405 0
27527 0
27603 0
27616 0
27675 0
28162 0
28192 0
28253 0
28344 0
28994 0
29208 0
29245 0
29368 0
29640 0
30009 0
30012 0
30144 0
30234 0
30240 0
30537 0
31243 0
31391 0
31433 0
31484 0
31652 0
31842 0
31853 0
31955 0
32331 0
32625 0
32795 0
32909 0
33177 0
33230 0
33302 0
33963 0
34469 0
34493 0
35143 0
35333 0
35377 0
35467 0
35496 0
35584 0
35734 0
36145 0
36176 0
36180 0
36387 0
36537 0
36727 0
36828 0
36860 0
36973 0
37057 0
37128 0
37166 0
37174 0
37319 0
37366 0
37489 0
37628 0
37652 0
37669 0
37724 0
37868 0
38043 0
38222 0
38433 0
38466 0
38529 0
38578 0
39087 0
39138 0
39517 0
40063 0
40499 0
40766 0
40833 0
41081 0
41155 0
41369 0
41414 0
42307 0
42549 0
42608 0
42764 0
42899 0
43066 0
43081 0
43388 0
43493 0
43548 0
43621 0
43959 0
44365 0
44369 0
44700 0
44947 0
44990 0
45067 0
45363 0
45419 0
45466 0
45537 0
45777 0
45922 0
46046 0
46083 0
47062 0
47103 0
47431 0
47562 0
47570 0
47765 0
48280 0
48731 0
49183 0
49300 0
49594 0
49724 0
49745 0
49754 0
49910 0
49983 0
50155 0
50186 0
50281 0
50986 0
51646 0
52388 0
52424 0
52430 0
52809 0
52863 0
52923 0
52992 0
53042 0
53124 0
53538 0
53824 0
53861 0
54588 0
54841 0
55040 0
55147 0
55171 0
55352 0
55490 0
55561 0
55771 0
56068 0
56416 0
56489 0
56769 0
56895 0
56956 0
57253 0
57434 0
57543 0
57623 0
57750 0
58116 0
58277 0
58356 0
58468 0
58546 0
58627 0
58742 0
58754 0
59411 0
60037 0
60059 0
60147 0
60279 0
60430 0
60543 0
60563 0
60626 0
60651 0
61188 0
61239 0
61335 0
61463 0
61981 0
61995 0
62146 0
62180 0
62370 0
62399 0
62478 0
62494 0
62636 0
62829 0
63172 0
63311 0
63394 0
63876 0
63890 0
64023 0
64106 0
64403 0
64407 0
64434 0
64762 0
65023 0
65715 0
65794 0
65866 0
66014 0
66025 0
66656 0
66716 0
67133 0
67479 0
67785 0
67910 0
67933 0
68015 0
68222 0
68540 0
68583 0
68587 0
68606 0
68955 0
68980 0
69028 0
69240 0
70239 0
70661 0
70815 0
70836 0
71046 0
71275 0
71358 0
71792 0
72018 0
72166 0
72531 0
72568 0
73139 0
73462 0
73619 0
73818 0
73830 0
74069 0
74197 0
74268 0
74289 0
74357 0
74377 0
74825 0
74881 0
75292 0
75836 0
75866 0
76197 0
76536 0
76550 0
76580 0
77163 0
77319 0
77328 0
77638 0
77775 0
77780 0
78218 0
78996 0
79096 0
79292 0
79361 0
79511 0
79529 0
79806 0
80160 0
80445 0
80634 0
80993 0
81270 0
81404 0
81503 0
81587 0
81838 0
82347 0
82403 0
82666 0
82959 0
83268 0
83309 0
83382 0
83457 0
84000 0
84169 0
84180 0
84196 0
84274 0
84306 0
84720 0
84805 0
85142 0
85304 0
85353 0
85500 0
85545 0
86045 0
86472 0
86501 0
87426 0
87528 0
87597 0
88001 0
88805 0
89164 0
89198 0
89329 0
89438 0
89481 0
89624 0
89654 0
89967 0
90007 0
90043 0
90234 0
90486 0
90822 0
90921 0
91154 0
91464 0
91836 0
92003 0
92012 0
92247 0
92319 0
92525 0
92559 0
92794 0
92951 0
93125 0
93257 0
93659 0
93910 0
94351 0
94563 0
94675 0
94992 0
95284 0
95322 0
95411 0
95798 0
95969 0
96101 0
96297 0
96299 0
96322 0
96395 0
96424 0
97097 0
97499 0
97516 0
97566 0
97658 0
97701 0
97992 0
98171 0
98178 0
98217 0
98416 0
98593 0
98673 0
98674 0
99018 0
99168 0
99184 0
99185 0
99216 0
99290 0
99322 0
99639 0
