c This is a uniform distributed  1-D DIMACS file 
c width height point_number
p 1000 1000 512
2 0
3 0
4 0
6 0
7 0
8 0
9 0
11 0
12 0
15 0
16 0
18 0
19 0
20 0
22 0
25 0
27 0
28 0
29 0
30 0
35 0
36 0
37 0
41 0
42 0
44 0
45 0
50 0
51 0
52 0
56 0
57 0
58 0
59 0
64 0
66 0
68 0
69 0
71 0
72 0
73 0
76 0
80 0
82 0
87 0
92 0
93 0
94 0
96 0
97 0
98 0
101 0
102 0
104 0
105 0
106 0
107 0
108 0
109 0
111 0
115 0
116 0
118 0
120 0
123 0
124 0
125 0
127 0
128 0
129 0
130 0
131 0
133 0
134 0
137 0
138 0
139 0
140 0
141 0
143 0
144 0
145 0
147 0
149 0
150 0
153 0
156 0
157 0
163 0
164 0
166 0
167 0
168 0
170 0
171 0
174 0
175 0
182 0
183 0
184 0
185 0
188 0
189 0
191 0
192 0
193 0
194 0
195 0
198 0
199 0
201 0
202 0
203 0
204 0
209 0
211 0
214 0
215 0
216 0
219 0
221 0
224 0
226 0
233 0
234 0
235 0
236 0
238 0
240 0
241 0
242 0
245 0
246 0
247 0
253 0
254 0
255 0
256 0
257 0
258 0
259 0
266 0
267 0
268 0
269 0
270 0
271 0
273 0
275 0
278 0
279 0
280 0
282 0
286 0
287 0
288 0
289 0
290 0
293 0
295 0
299 0
300 0
302 0
306 0
308 0
309 0
314 0
317 0
320 0
321 0
325 0
326 0
329 0
332 0
335 0
336 0
337 0
338 0
340 0
341 0
342 0
345 0
348 0
351 0
356 0
357 0
359 0
360 0
366 0
367 0
371 0
373 0
376 0
383 0
384 0
387 0
388 0
390 0
393 0
394 0
395 0
396 0
397 0
401 0
402 0
404 0
406 0
407 0
408 0
409 0
410 0
411 0
412 0
413 0
414 0
415 0
421 0
422 0
424 0
429 0
433 0
434 0
435 0
437 0
438 0
440 0
443 0
444 0
445 0
446 0
447 0
448 0
450 0
452 0
453 0
455 0
456 0
457 0
458 0
459 0
461 0
462 0
466 0
468 0
469 0
471 0
474 0
476 0
478 0
479 0
480 0
481 0
482 0
484 0
487 0
488 0
490 0
493 0
497 0
499 0
500 0
502 0
503 0
505 0
508 0
509 0
510 0
512 0
513 0
515 0
516 0
518 0
520 0
523 0
525 0
526 0
527 0
528 0
530 0
531 0
532 0
533 0
534 0
535 0
536 0
537 0
538 0
541 0
543 0
544 0
547 0
548 0
553 0
554 0
555 0
556 0
558 0
560 0
562 0
563 0
565 0
566 0
567 0
571 0
575 0
578 0
581 0
584 0
585 0
586 0
587 0
588 0
592 0
593 0
594 0
597 0
601 0
602 0
603 0
605 0
611 0
613 0
614 0
615 0
617 0
618 0
619 0
622 0
627 0
628 0
629 0
631 0
632 0
636 0
641 0
642 0
643 0
644 0
645 0
646 0
648 0
653 0
654 0
657 0
659 0
660 0
661 0
662 0
663 0
664 0
669 0
671 0
673 0
674 0
678 0
679 0
680 0
681 0
682 0
688 0
691 0
697 0
698 0
699 0
700 0
703 0
706 0
707 0
708 0
709 0
710 0
711 0
712 0
715 0
719 0
725 0
726 0
729 0
730 0
731 0
732 0
735 0
738 0
739 0
740 0
741 0
742 0
743 0
745 0
747 0
750 0
752 0
758 0
759 0
762 0
763 0
764 0
766 0
771 0
772 0
777 0
778 0
779 0
781 0
787 0
789 0
791 0
793 0
794 0
796 0
798 0
799 0
803 0
807 0
811 0
812 0
813 0
814 0
815 0
818 0
819 0
821 0
822 0
827 0
828 0
829 0
831 0
832 0
834 0
836 0
838 0
839 0
840 0
844 0
846 0
847 0
848 0
849 0
850 0
852 0
854 0
857 0
859 0
861 0
865 0
866 0
867 0
870 0
871 0
872 0
874 0
875 0
876 0
877 0
878 0
879 0
882 0
884 0
887 0
888 0
891 0
892 0
895 0
897 0
898 0
900 0
901 0
902 0
903 0
905 0
906 0
907 0
909 0
912 0
914 0
915 0
917 0
918 0
919 0
920 0
922 0
925 0
930 0
931 0
935 0
937 0
938 0
941 0
942 0
945 0
954 0
955 0
959 0
960 0
963 0
965 0
970 0
971 0
972 0
975 0
977 0
979 0
980 0
981 0
982 0
984 0
986 0
987 0
991 0
992 0
994 0
998 0
