c This is a uniform distributed  1-D DIMACS file 
c width height point_number
p 1000 1000 512
1 0
3 0
4 0
5 0
6 0
7 0
9 0
10 0
12 0
13 0
14 0
16 0
20 0
21 0
22 0
23 0
29 0
30 0
32 0
33 0
34 0
35 0
36 0
37 0
40 0
43 0
44 0
45 0
46 0
47 0
51 0
52 0
53 0
54 0
56 0
57 0
58 0
64 0
69 0
71 0
73 0
78 0
79 0
81 0
82 0
83 0
85 0
87 0
89 0
91 0
92 0
94 0
98 0
102 0
103 0
108 0
110 0
112 0
113 0
114 0
115 0
116 0
117 0
119 0
126 0
127 0
128 0
129 0
131 0
132 0
137 0
140 0
142 0
144 0
147 0
149 0
150 0
155 0
156 0
159 0
160 0
161 0
163 0
166 0
167 0
168 0
170 0
171 0
172 0
173 0
176 0
177 0
179 0
180 0
182 0
183 0
184 0
189 0
190 0
191 0
192 0
194 0
195 0
196 0
199 0
200 0
201 0
202 0
204 0
208 0
210 0
211 0
213 0
216 0
217 0
218 0
219 0
221 0
223 0
225 0
226 0
229 0
232 0
234 0
236 0
237 0
238 0
241 0
243 0
244 0
245 0
247 0
248 0
249 0
251 0
252 0
254 0
256 0
258 0
260 0
265 0
266 0
267 0
268 0
271 0
272 0
273 0
274 0
275 0
276 0
278 0
281 0
282 0
283 0
285 0
286 0
287 0
289 0
290 0
292 0
295 0
297 0
299 0
300 0
301 0
307 0
309 0
310 0
311 0
313 0
314 0
316 0
320 0
323 0
326 0
328 0
329 0
330 0
331 0
333 0
336 0
340 0
341 0
343 0
345 0
346 0
347 0
348 0
350 0
355 0
356 0
358 0
359 0
362 0
364 0
365 0
366 0
367 0
368 0
369 0
370 0
371 0
372 0
373 0
375 0
377 0
380 0
383 0
385 0
387 0
391 0
392 0
394 0
395 0
397 0
402 0
404 0
405 0
408 0
410 0
412 0
414 0
415 0
417 0
418 0
423 0
424 0
425 0
426 0
427 0
428 0
434 0
436 0
437 0
438 0
439 0
441 0
442 0
447 0
450 0
451 0
453 0
455 0
458 0
459 0
461 0
463 0
465 0
466 0
468 0
472 0
474 0
475 0
476 0
477 0
479 0
481 0
484 0
488 0
489 0
492 0
498 0
499 0
501 0
502 0
505 0
506 0
508 0
510 0
511 0
512 0
514 0
516 0
517 0
522 0
526 0
527 0
530 0
531 0
533 0
534 0
535 0
536 0
538 0
541 0
542 0
543 0
544 0
545 0
546 0
548 0
555 0
557 0
559 0
560 0
561 0
563 0
565 0
566 0
569 0
570 0
571 0
576 0
580 0
581 0
586 0
587 0
594 0
598 0
600 0
602 0
605 0
606 0
607 0
608 0
610 0
612 0
613 0
615 0
616 0
617 0
618 0
619 0
620 0
622 0
623 0
628 0
631 0
632 0
633 0
634 0
635 0
636 0
637 0
638 0
639 0
640 0
641 0
644 0
648 0
652 0
656 0
657 0
658 0
660 0
664 0
665 0
666 0
672 0
675 0
677 0
679 0
680 0
683 0
685 0
686 0
688 0
690 0
696 0
697 0
700 0
704 0
705 0
707 0
708 0
709 0
711 0
719 0
720 0
725 0
726 0
728 0
729 0
731 0
732 0
733 0
734 0
736 0
737 0
740 0
741 0
742 0
743 0
746 0
747 0
749 0
750 0
752 0
753 0
754 0
757 0
758 0
759 0
761 0
762 0
767 0
772 0
773 0
776 0
778 0
779 0
780 0
781 0
784 0
785 0
788 0
790 0
791 0
794 0
795 0
798 0
799 0
802 0
803 0
804 0
808 0
810 0
812 0
813 0
816 0
817 0
818 0
820 0
821 0
822 0
824 0
825 0
827 0
832 0
835 0
837 0
838 0
839 0
840 0
842 0
850 0
851 0
854 0
863 0
866 0
868 0
869 0
870 0
873 0
878 0
879 0
880 0
882 0
883 0
884 0
886 0
887 0
890 0
891 0
893 0
894 0
896 0
897 0
899 0
900 0
901 0
902 0
903 0
906 0
908 0
909 0
910 0
915 0
916 0
918 0
919 0
921 0
922 0
923 0
924 0
925 0
928 0
929 0
930 0
931 0
937 0
938 0
941 0
942 0
945 0
947 0
952 0
953 0
955 0
957 0
958 0
960 0
962 0
965 0
970 0
972 0
973 0
974 0
977 0
978 0
979 0
981 0
984 0
985 0
987 0
989 0
990 0
993 0
994 0
997 0
998 0
999 0
