c This is a uniform distributed  1-D DIMACS file 
c width height point_number
p 100000 100000 512
95 0
451 0
525 0
630 0
1282 0
1303 0
1688 0
2210 0
2220 0
2436 0
2519 0
2667 0
2742 0
2777 0
2855 0
3146 0
3152 0
3388 0
3390 0
3406 0
4372 0
4479 0
4518 0
4924 0
5147 0
5291 0
5306 0
5576 0
5802 0
6049 0
6426 0
6671 0
6914 0
7104 0
7106 0
7267 0
7365 0
7633 0
7810 0
7816 0
7940 0
8038 0
8087 0
8129 0
8160 0
8176 0
8290 0
8306 0
8382 0
8417 0
8956 0
9039 0
9097 0
9298 0
9366 0
9415 0
9507 0
9550 0
10127 0
11967 0
11991 0
12081 0
12270 0
12336 0
12634 0
12685 0
12783 0
12963 0
13017 0
13104 0
13154 0
13176 0
13485 0
13931 0
13964 0
14483 0
14690 0
14894 0
15010 0
15157 0
15305 0
15352 0
15382 0
15549 0
15712 0
15737 0
15817 0
15946 0
16001 0
16097 0
16671 0
16942 0
17435 0
17716 0
17760 0
18168 0
18406 0
18437 0
18478 0
18887 0
18975 0
19055 0
19065 0
19201 0
19284 0
19518 0
19559 0
19744 0
19966 0
20068 0
20130 0
20238 0
20397 0
20785 0
21404 0
22485 0
23150 0
23193 0
23358 0
23450 0
23683 0
23969 0
24001 0
24327 0
24412 0
24489 0
24630 0
24760 0
24997 0
25297 0
25603 0
25730 0
26462 0
26975 0
27336 0
27648 0
27811 0
27938 0
28329 0
28428 0
28429 0
28613 0
28752 0
28762 0
29063 0
29795 0
29911 0
30064 0
30311 0
30405 0
30431 0
30486 0
30511 0
30556 0
30642 0
30967 0
30998 0
31308 0
31486 0
31583 0
31745 0
31785 0
32104 0
32207 0
32362 0
32419 0
32615 0
33122 0
33169 0
33293 0
33337 0
33708 0
33978 0
34063 0
34616 0
34735 0
34810 0
34998 0
35623 0
35792 0
35846 0
35857 0
35948 0
36342 0
36445 0
36726 0
36882 0
37027 0
37605 0
37617 0
37907 0
38080 0
38289 0
38489 0
38615 0
38810 0
38818 0
39032 0
39143 0
39511 0
39625 0
39649 0
39702 0
39982 0
40029 0
40152 0
40250 0
40637 0
40676 0
40683 0
41486 0
41571 0
41752 0
41880 0
41950 0
42002 0
42019 0
42057 0
42151 0
42300 0
42666 0
42712 0
43134 0
43143 0
43285 0
43315 0
43501 0
43749 0
43813 0
44127 0
44157 0
44332 0
44535 0
44711 0
44850 0
45037 0
45178 0
45202 0
45212 0
45241 0
45417 0
45771 0
45827 0
46651 0
46756 0
47066 0
47574 0
47580 0
48403 0
48449 0
48578 0
48838 0
49048 0
49584 0
50162 0
50183 0
50227 0
50606 0
50913 0
51162 0
51193 0
51206 0
51223 0
51922 0
52037 0
52135 0
52199 0
52260 0
52469 0
52589 0
52601 0
52612 0
52715 0
52888 0
54268 0
54396 0
54410 0
54537 0
54877 0
54890 0
54998 0
55328 0
55384 0
55499 0
55502 0
55787 0
55952 0
56008 0
56022 0
56259 0
56314 0
56895 0
57098 0
57250 0
57419 0
57478 0
57583 0
57785 0
57817 0
57820 0
57939 0
58232 0
58416 0
58600 0
58883 0
59008 0
59030 0
59241 0
59375 0
60124 0
60235 0
60375 0
60475 0
60781 0
60889 0
61149 0
61222 0
61272 0
61341 0
61843 0
61896 0
62054 0
62654 0
62789 0
62790 0
63494 0
63645 0
64064 0
64149 0
64489 0
64537 0
64773 0
65490 0
65516 0
65689 0
65795 0
66064 0
66082 0
66225 0
66239 0
66419 0
66966 0
67022 0
67103 0
67159 0
67259 0
67359 0
67407 0
67499 0
67739 0
68249 0
68312 0
68663 0
68945 0
69254 0
69352 0
69448 0
69639 0
69737 0
69942 0
70021 0
70053 0
70355 0
70530 0
70564 0
70699 0
70746 0
70880 0
71711 0
71738 0
71744 0
71863 0
71889 0
72114 0
72650 0
72932 0
73109 0
73143 0
73206 0
73545 0
73556 0
73765 0
73807 0
73836 0
73945 0
73949 0
74532 0
74815 0
75088 0
75248 0
75257 0
75562 0
75724 0
76308 0
76339 0
76525 0
76526 0
76591 0
76775 0
77016 0
77181 0
77190 0
77562 0
78747 0
78787 0
78789 0
78851 0
79134 0
79178 0
79557 0
80385 0
80407 0
80706 0
80796 0
80823 0
81006 0
81181 0
81279 0
81459 0
81503 0
81551 0
81664 0
81854 0
82019 0
82026 0
82073 0
82758 0
83127 0
83290 0
83432 0
83547 0
83663 0
84210 0
84314 0
84375 0
84466 0
84827 0
84856 0
85072 0
85074 0
85142 0
85245 0
85366 0
85406 0
85638 0
85679 0
85738 0
85906 0
86443 0
86526 0
86752 0
86764 0
87646 0
87687 0
87767 0
87957 0
88761 0
88918 0
89065 0
89086 0
89188 0
89193 0
89648 0
89724 0
90095 0
90586 0
90670 0
90825 0
90880 0
91209 0
91352 0
91428 0
91502 0
91570 0
91920 0
92024 0
92185 0
92235 0
92732 0
92811 0
93115 0
93897 0
94020 0
94830 0
94970 0
95320 0
95331 0
95454 0
95927 0
96218 0
96565 0
96741 0
96792 0
96809 0
96902 0
96903 0
96931 0
96994 0
97187 0
97264 0
97352 0
97389 0
97440 0
97480 0
97965 0
98279 0
98621 0
98782 0
99600 0
99839 0
99882 0
99950 0
