c This is a uniform distributed  1-D DIMACS file 
c width height point_number
p 100000 100000 512
93 0
171 0
191 0
719 0
723 0
1364 0
1473 0
1504 0
1890 0
2256 0
2302 0
2683 0
2904 0
3069 0
3257 0
3539 0
3542 0
3620 0
3700 0
3782 0
3997 0
4116 0
4344 0
4486 0
4701 0
4903 0
5059 0
5106 0
5248 0
5797 0
6039 0
6503 0
6662 0
6914 0
7079 0
7177 0
7244 0
7307 0
7376 0
7860 0
8092 0
8171 0
9120 0
9226 0
9240 0
10032 0
10162 0
10322 0
10992 0
11045 0
11072 0
11096 0
11246 0
11282 0
11315 0
11321 0
11324 0
11555 0
11711 0
11922 0
12092 0
12421 0
13111 0
13199 0
13382 0
13721 0
14010 0
14074 0
14091 0
14118 0
14120 0
14310 0
14452 0
14580 0
14666 0
14804 0
14959 0
15387 0
15639 0
15844 0
15856 0
15906 0
16416 0
16547 0
16640 0
16683 0
16805 0
17023 0
17072 0
17442 0
17770 0
18016 0
18413 0
18671 0
18857 0
18879 0
19197 0
19592 0
19695 0
19776 0
20027 0
20308 0
20545 0
20631 0
20648 0
20742 0
20911 0
21014 0
21117 0
21245 0
21345 0
21419 0
21619 0
21630 0
21812 0
21831 0
21999 0
22028 0
22046 0
22093 0
22124 0
22378 0
22438 0
23077 0
23151 0
23295 0
23433 0
23503 0
23516 0
23632 0
23885 0
23901 0
24143 0
24228 0
24467 0
24721 0
25435 0
25516 0
25961 0
26298 0
26399 0
26487 0
26836 0
26843 0
27017 0
27325 0
27384 0
27492 0
27612 0
28029 0
28682 0
28859 0
29323 0
29511 0
29782 0
30258 0
30431 0
30442 0
30662 0
30702 0
30720 0
30755 0
31020 0
31154 0
31187 0
31227 0
31280 0
31287 0
31326 0
31557 0
31645 0
31696 0
31743 0
32032 0
32546 0
32705 0
32865 0
33068 0
33135 0
33159 0
33202 0
33211 0
33549 0
33627 0
33868 0
34129 0
34442 0
34507 0
34844 0
35333 0
35356 0
35542 0
35600 0
35725 0
35789 0
35855 0
35886 0
35924 0
36095 0
36355 0
36426 0
36569 0
36813 0
37189 0
37761 0
38090 0
38205 0
38294 0
39182 0
39335 0
39479 0
39561 0
39773 0
40015 0
40155 0
40165 0
40322 0
40391 0
40507 0
40562 0
40626 0
40719 0
41085 0
41185 0
41374 0
41422 0
41515 0
41675 0
41727 0
41778 0
41857 0
41867 0
41908 0
41971 0
42080 0
42588 0
43053 0
43193 0
43315 0
43389 0
43548 0
43596 0
43817 0
43877 0
44119 0
44240 0
44296 0
44549 0
44567 0
44644 0
45003 0
45452 0
45857 0
46664 0
46870 0
46971 0
47110 0
47184 0
47249 0
47469 0
47594 0
47718 0
47867 0
47890 0
47946 0
48042 0
48122 0
48192 0
48466 0
48562 0
48629 0
48828 0
48849 0
48987 0
49059 0
49250 0
49419 0
49568 0
49701 0
50065 0
50166 0
50202 0
50740 0
50832 0
51425 0
51732 0
51784 0
51880 0
51931 0
51968 0
52201 0
52274 0
52811 0
52978 0
53016 0
53228 0
53393 0
53723 0
53923 0
53925 0
53952 0
53999 0
54049 0
54228 0
54550 0
54572 0
54640 0
54847 0
55057 0
55171 0
55378 0
55418 0
55488 0
55680 0
55944 0
56006 0
56407 0
56644 0
56736 0
57088 0
57141 0
57532 0
57536 0
57968 0
58195 0
58245 0
58278 0
58514 0
58577 0
58621 0
59119 0
59138 0
59266 0
59362 0
59401 0
59610 0
59627 0
59662 0
59998 0
60335 0
60425 0
60662 0
60807 0
60918 0
60967 0
61069 0
61715 0
62111 0
62336 0
62343 0
62457 0
62655 0
63340 0
63584 0
63709 0
63731 0
63781 0
63809 0
63828 0
64849 0
65006 0
65430 0
65561 0
65633 0
66022 0
66071 0
66712 0
67302 0
67474 0
67516 0
67980 0
68063 0
68076 0
68413 0
68522 0
68660 0
68672 0
68713 0
68824 0
68887 0
68948 0
68950 0
69211 0
69431 0
69440 0
69496 0
69721 0
70006 0
70128 0
70195 0
70569 0
70583 0
70704 0
71131 0
71308 0
71421 0
71587 0
71740 0
71821 0
71870 0
72085 0
72131 0
72174 0
72370 0
72657 0
72838 0
73441 0
73567 0
74298 0
74605 0
75612 0
75638 0
76037 0
76297 0
77140 0
78217 0
78253 0
78260 0
78322 0
78715 0
79232 0
79656 0
79821 0
79912 0
80230 0
80233 0
80254 0
80327 0
81022 0
81617 0
81720 0
82026 0
82117 0
82217 0
82530 0
83146 0
83452 0
83680 0
83826 0
84164 0
84435 0
84506 0
84681 0
84945 0
85621 0
85706 0
85724 0
85834 0
85988 0
86262 0
86397 0
86526 0
86740 0
86909 0
86915 0
87390 0
87445 0
87495 0
87516 0
87539 0
87721 0
87796 0
88152 0
88823 0
89076 0
89257 0
89359 0
89372 0
89757 0
89825 0
90044 0
90132 0
90213 0
90720 0
90943 0
91007 0
91052 0
91439 0
91538 0
91697 0
91830 0
92224 0
92443 0
92460 0
92660 0
92847 0
92903 0
93267 0
93396 0
94266 0
94559 0
94643 0
95084 0
95381 0
95587 0
95817 0
96182 0
96355 0
96970 0
97011 0
97122 0
97684 0
97926 0
98378 0
98452 0
98935 0
99223 0
99297 0
99539 0
99548 0
99585 0
99778 0
