c This is a uniform distributed  1-D DIMACS file 
c width height point_number
p 100000 100000 512
20 0
152 0
197 0
220 0
397 0
460 0
894 0
900 0
1380 0
1409 0
1534 0
1656 0
2412 0
2461 0
2769 0
3207 0
3319 0
3792 0
3929 0
3966 0
4125 0
4265 0
4326 0
4460 0
4472 0
4654 0
4712 0
4949 0
5106 0
5313 0
5371 0
5571 0
5700 0
5744 0
5801 0
5967 0
6001 0
6049 0
6092 0
6115 0
6278 0
6422 0
6481 0
6493 0
6566 0
6613 0
6730 0
6778 0
7210 0
7231 0
7627 0
7859 0
8277 0
8447 0
8818 0
9095 0
9505 0
9668 0
9986 0
10121 0
10182 0
10279 0
10915 0
11276 0
11683 0
11706 0
11921 0
12000 0
12064 0
12083 0
12201 0
12314 0
12486 0
12608 0
12678 0
13239 0
13248 0
14264 0
14444 0
14502 0
14617 0
15207 0
15216 0
15584 0
15980 0
16159 0
16582 0
16686 0
16723 0
16857 0
17141 0
17202 0
17651 0
17920 0
18039 0
18116 0
18493 0
18631 0
18946 0
18992 0
19310 0
19365 0
19557 0
19563 0
19650 0
19671 0
19836 0
20105 0
20234 0
20353 0
20607 0
20920 0
21069 0
21258 0
21510 0
21852 0
21870 0
21922 0
21979 0
22088 0
22579 0
23125 0
23572 0
23605 0
23770 0
25196 0
25650 0
25742 0
26028 0
26090 0
26669 0
26885 0
26950 0
27436 0
27535 0
27548 0
27567 0
27963 0
28161 0
28294 0
28427 0
28432 0
28535 0
28592 0
29550 0
29666 0
29698 0
29824 0
30290 0
30669 0
31144 0
31323 0
31407 0
31443 0
32325 0
32489 0
32580 0
32825 0
33277 0
33321 0
33324 0
33329 0
33530 0
34141 0
34468 0
34475 0
34512 0
34577 0
34681 0
34796 0
34819 0
35231 0
35287 0
35399 0
35465 0
35815 0
35913 0
36296 0
36436 0
36770 0
36838 0
36875 0
36940 0
36967 0
37290 0
37541 0
37544 0
37631 0
37695 0
37749 0
37761 0
38286 0
38487 0
38673 0
38946 0
38964 0
39069 0
39230 0
39400 0
39514 0
40348 0
40714 0
40903 0
41089 0
41153 0
41298 0
41623 0
41662 0
41702 0
41937 0
41940 0
42223 0
42596 0
42755 0
42951 0
43060 0
43200 0
43442 0
43444 0
43565 0
43594 0
43824 0
44120 0
44543 0
44585 0
44628 0
44792 0
44835 0
44992 0
45080 0
45249 0
45302 0
45582 0
45590 0
45662 0
45992 0
46093 0
46334 0
46388 0
46516 0
46776 0
47195 0
47294 0
47745 0
47776 0
47861 0
47867 0
48323 0
48463 0
48544 0
48648 0
48839 0
49265 0
49412 0
50123 0
50353 0
50503 0
50535 0
50591 0
51017 0
51379 0
51412 0
51609 0
51684 0
52159 0
52201 0
52332 0
52336 0
52668 0
52821 0
53045 0
53423 0
54005 0
54328 0
54512 0
54711 0
54713 0
54740 0
54900 0
55461 0
55655 0
55821 0
55832 0
55924 0
56030 0
56413 0
56496 0
56708 0
57071 0
57204 0
57551 0
57629 0
57767 0
58074 0
58094 0
58187 0
58562 0
58579 0
58732 0
58741 0
58752 0
59013 0
59166 0
59451 0
59599 0
59671 0
60076 0
60135 0
60454 0
60509 0
60927 0
61274 0
61441 0
61774 0
61869 0
62547 0
62775 0
62829 0
63471 0
63604 0
63654 0
63703 0
63858 0
63998 0
64087 0
64152 0
64164 0
64263 0
64437 0
64451 0
64585 0
64669 0
64690 0
65332 0
65501 0
65524 0
65649 0
66109 0
66380 0
66591 0
66627 0
67086 0
67113 0
67367 0
67749 0
67863 0
68371 0
68522 0
68691 0
68695 0
69123 0
69358 0
69531 0
70025 0
70056 0
70262 0
70286 0
70495 0
70865 0
70946 0
71239 0
71318 0
71415 0
71483 0
71679 0
71742 0
71824 0
72304 0
72939 0
73435 0
73457 0
73664 0
73787 0
73882 0
74008 0
74304 0
74333 0
74428 0
74483 0
74731 0
74864 0
75052 0
75110 0
75305 0
75644 0
75814 0
76175 0
76412 0
76530 0
76580 0
76621 0
76750 0
76792 0
76840 0
76987 0
77061 0
77066 0
77100 0
77617 0
77631 0
77811 0
78217 0
78272 0
78280 0
78632 0
78645 0
78654 0
78728 0
78906 0
79068 0
79181 0
79974 0
80124 0
80240 0
80275 0
80314 0
80513 0
80542 0
80658 0
80716 0
80879 0
80924 0
81232 0
81363 0
81367 0
81900 0
82022 0
82113 0
82450 0
82696 0
82827 0
83007 0
83154 0
83228 0
83386 0
83465 0
83515 0
83782 0
83961 0
84523 0
84616 0
84733 0
84827 0
85020 0
85071 0
85344 0
85769 0
85975 0
86089 0
86258 0
86282 0
86345 0
86418 0
86872 0
87371 0
87483 0
87702 0
87893 0
88161 0
88447 0
88639 0
88806 0
89049 0
89155 0
89462 0
89553 0
89659 0
89697 0
89737 0
89795 0
89885 0
89941 0
90094 0
90553 0
90602 0
90796 0
91445 0
91504 0
91577 0
91629 0
92054 0
92092 0
92336 0
92341 0
92434 0
92681 0
92858 0
93019 0
93466 0
94004 0
94132 0
94306 0
94434 0
94473 0
94960 0
95149 0
95378 0
96788 0
96836 0
97121 0
97430 0
97460 0
97500 0
97880 0
98241 0
98443 0
98481 0
98627 0
98688 0
99116 0
99232 0
99525 0
