c This is a uniform distributed  1-D DIMACS file 
c width height point_number
p 1000 1000 512
1 0
2 0
3 0
7 0
10 0
12 0
13 0
14 0
16 0
18 0
19 0
21 0
22 0
23 0
24 0
25 0
26 0
27 0
30 0
33 0
34 0
35 0
36 0
37 0
39 0
43 0
45 0
48 0
50 0
51 0
53 0
55 0
61 0
63 0
64 0
67 0
70 0
72 0
73 0
75 0
76 0
77 0
78 0
80 0
83 0
85 0
89 0
90 0
91 0
95 0
97 0
99 0
101 0
105 0
111 0
114 0
118 0
120 0
121 0
123 0
126 0
134 0
136 0
139 0
141 0
142 0
149 0
150 0
153 0
154 0
155 0
157 0
159 0
161 0
162 0
163 0
166 0
167 0
168 0
172 0
173 0
174 0
175 0
177 0
179 0
183 0
184 0
185 0
188 0
192 0
197 0
199 0
201 0
203 0
204 0
206 0
208 0
209 0
213 0
214 0
218 0
219 0
220 0
221 0
222 0
223 0
224 0
226 0
227 0
229 0
232 0
235 0
241 0
242 0
243 0
245 0
246 0
249 0
250 0
251 0
253 0
254 0
255 0
257 0
258 0
259 0
260 0
261 0
263 0
266 0
268 0
269 0
274 0
275 0
276 0
277 0
278 0
279 0
281 0
282 0
283 0
286 0
287 0
290 0
293 0
296 0
298 0
299 0
300 0
301 0
303 0
306 0
308 0
309 0
310 0
311 0
312 0
316 0
317 0
319 0
321 0
326 0
332 0
333 0
335 0
336 0
338 0
341 0
342 0
343 0
344 0
345 0
346 0
349 0
354 0
362 0
364 0
365 0
366 0
367 0
368 0
369 0
370 0
373 0
375 0
376 0
380 0
381 0
383 0
384 0
385 0
395 0
397 0
398 0
399 0
403 0
404 0
405 0
406 0
409 0
413 0
414 0
415 0
419 0
420 0
421 0
422 0
423 0
424 0
425 0
426 0
427 0
431 0
433 0
434 0
435 0
436 0
437 0
439 0
442 0
443 0
445 0
452 0
454 0
456 0
460 0
461 0
463 0
464 0
468 0
471 0
472 0
474 0
475 0
477 0
481 0
482 0
483 0
484 0
485 0
486 0
487 0
490 0
491 0
492 0
493 0
494 0
495 0
496 0
497 0
498 0
501 0
502 0
503 0
504 0
505 0
508 0
509 0
511 0
512 0
514 0
516 0
517 0
518 0
520 0
521 0
531 0
532 0
533 0
536 0
537 0
539 0
541 0
542 0
545 0
546 0
548 0
552 0
554 0
557 0
560 0
561 0
562 0
565 0
567 0
568 0
569 0
570 0
572 0
573 0
576 0
577 0
578 0
581 0
582 0
583 0
584 0
585 0
589 0
591 0
595 0
596 0
598 0
599 0
600 0
602 0
603 0
604 0
605 0
606 0
608 0
609 0
610 0
612 0
617 0
619 0
622 0
623 0
626 0
628 0
630 0
631 0
635 0
641 0
642 0
644 0
648 0
651 0
652 0
654 0
656 0
658 0
659 0
660 0
661 0
662 0
663 0
664 0
665 0
667 0
671 0
673 0
676 0
677 0
678 0
680 0
681 0
682 0
685 0
686 0
687 0
689 0
691 0
692 0
694 0
695 0
696 0
697 0
700 0
702 0
703 0
705 0
706 0
708 0
712 0
715 0
719 0
721 0
725 0
726 0
728 0
729 0
732 0
733 0
735 0
736 0
738 0
739 0
740 0
744 0
745 0
748 0
749 0
751 0
755 0
758 0
759 0
763 0
765 0
766 0
767 0
768 0
769 0
771 0
772 0
773 0
774 0
776 0
777 0
780 0
787 0
789 0
790 0
791 0
792 0
794 0
796 0
798 0
799 0
800 0
802 0
803 0
806 0
811 0
813 0
814 0
815 0
818 0
822 0
823 0
824 0
825 0
826 0
827 0
828 0
829 0
831 0
833 0
834 0
835 0
837 0
839 0
840 0
841 0
844 0
845 0
847 0
849 0
851 0
854 0
857 0
859 0
861 0
863 0
864 0
865 0
866 0
873 0
875 0
876 0
877 0
879 0
883 0
888 0
890 0
893 0
894 0
900 0
901 0
902 0
903 0
905 0
906 0
907 0
908 0
909 0
911 0
913 0
917 0
918 0
919 0
920 0
921 0
923 0
925 0
926 0
927 0
929 0
930 0
934 0
937 0
939 0
940 0
941 0
942 0
944 0
946 0
947 0
948 0
950 0
951 0
953 0
957 0
958 0
960 0
962 0
965 0
967 0
968 0
969 0
971 0
972 0
974 0
975 0
978 0
980 0
981 0
984 0
993 0
995 0
997 0
999 0
