c This is a uniform distributed  1-D DIMACS file 
c width height point_number
p 1000 1000 512
1 0
2 0
3 0
5 0
6 0
7 0
8 0
10 0
11 0
13 0
15 0
17 0
20 0
21 0
22 0
23 0
24 0
27 0
28 0
29 0
30 0
31 0
33 0
38 0
39 0
40 0
42 0
44 0
45 0
47 0
49 0
50 0
52 0
53 0
55 0
57 0
59 0
60 0
61 0
65 0
70 0
74 0
79 0
80 0
82 0
83 0
85 0
86 0
87 0
88 0
92 0
95 0
96 0
97 0
100 0
101 0
104 0
106 0
108 0
110 0
112 0
115 0
117 0
119 0
120 0
122 0
123 0
124 0
126 0
127 0
129 0
130 0
131 0
132 0
133 0
135 0
138 0
141 0
142 0
143 0
144 0
145 0
146 0
149 0
150 0
151 0
152 0
157 0
159 0
161 0
162 0
166 0
169 0
172 0
173 0
174 0
175 0
182 0
183 0
184 0
186 0
187 0
188 0
191 0
193 0
196 0
197 0
198 0
199 0
200 0
201 0
202 0
205 0
206 0
207 0
208 0
209 0
211 0
218 0
219 0
223 0
224 0
228 0
230 0
231 0
233 0
234 0
235 0
236 0
241 0
242 0
243 0
244 0
246 0
247 0
251 0
253 0
256 0
257 0
258 0
259 0
260 0
265 0
270 0
272 0
273 0
275 0
280 0
282 0
285 0
292 0
293 0
295 0
297 0
298 0
299 0
302 0
303 0
309 0
310 0
312 0
313 0
314 0
315 0
316 0
317 0
318 0
319 0
323 0
324 0
328 0
330 0
332 0
333 0
335 0
336 0
339 0
340 0
342 0
344 0
345 0
347 0
350 0
352 0
353 0
356 0
357 0
361 0
362 0
366 0
367 0
368 0
369 0
370 0
371 0
372 0
374 0
376 0
378 0
383 0
387 0
388 0
389 0
390 0
392 0
393 0
394 0
395 0
397 0
401 0
404 0
408 0
411 0
413 0
415 0
416 0
417 0
418 0
419 0
422 0
423 0
427 0
436 0
439 0
440 0
441 0
443 0
444 0
446 0
449 0
450 0
451 0
452 0
454 0
455 0
457 0
458 0
460 0
461 0
462 0
465 0
467 0
469 0
470 0
471 0
472 0
477 0
479 0
481 0
484 0
485 0
486 0
487 0
488 0
489 0
492 0
493 0
494 0
495 0
498 0
499 0
500 0
501 0
502 0
503 0
506 0
507 0
508 0
510 0
511 0
514 0
515 0
516 0
517 0
520 0
528 0
529 0
530 0
532 0
533 0
534 0
535 0
541 0
543 0
544 0
547 0
548 0
549 0
550 0
551 0
552 0
553 0
554 0
556 0
557 0
561 0
562 0
563 0
564 0
565 0
566 0
567 0
570 0
573 0
574 0
580 0
582 0
584 0
587 0
588 0
590 0
591 0
592 0
598 0
599 0
600 0
601 0
603 0
604 0
606 0
607 0
608 0
610 0
611 0
613 0
614 0
615 0
620 0
622 0
623 0
627 0
628 0
630 0
634 0
636 0
638 0
639 0
640 0
648 0
649 0
654 0
655 0
656 0
657 0
661 0
663 0
665 0
668 0
669 0
671 0
674 0
675 0
677 0
680 0
681 0
687 0
689 0
690 0
691 0
692 0
694 0
698 0
700 0
701 0
703 0
706 0
707 0
709 0
710 0
711 0
712 0
713 0
714 0
717 0
718 0
720 0
721 0
724 0
728 0
730 0
732 0
734 0
737 0
743 0
744 0
746 0
747 0
748 0
749 0
750 0
753 0
755 0
757 0
758 0
762 0
763 0
765 0
769 0
770 0
772 0
773 0
776 0
778 0
779 0
785 0
786 0
790 0
793 0
796 0
797 0
798 0
800 0
801 0
802 0
805 0
806 0
807 0
808 0
809 0
810 0
811 0
814 0
816 0
817 0
818 0
819 0
821 0
822 0
824 0
826 0
828 0
829 0
832 0
834 0
836 0
841 0
843 0
844 0
845 0
846 0
847 0
848 0
852 0
855 0
857 0
861 0
866 0
867 0
871 0
872 0
873 0
874 0
876 0
877 0
881 0
882 0
883 0
884 0
885 0
888 0
889 0
894 0
895 0
897 0
898 0
900 0
901 0
904 0
911 0
912 0
913 0
914 0
915 0
916 0
920 0
921 0
922 0
925 0
928 0
929 0
932 0
934 0
936 0
938 0
939 0
940 0
941 0
942 0
947 0
948 0
951 0
952 0
953 0
954 0
955 0
959 0
960 0
964 0
967 0
970 0
971 0
972 0
973 0
978 0
979 0
980 0
986 0
987 0
988 0
990 0
993 0
994 0
