c This is a uniform distributed  1-D DIMACS file 
c width height point_number
p 100000 100000 512
302 0
686 0
1162 0
1359 0
1605 0
1726 0
2314 0
2358 0
2438 0
2653 0
2775 0
3287 0
3558 0
3565 0
3653 0
3796 0
3907 0
4363 0
4382 0
4547 0
4578 0
5377 0
5746 0
6411 0
6522 0
6549 0
6890 0
7153 0
7517 0
7610 0
7705 0
7732 0
7736 0
7814 0
7831 0
7845 0
8366 0
8418 0
8556 0
8580 0
8703 0
8841 0
8854 0
9044 0
9595 0
9832 0
9841 0
9845 0
10134 0
10144 0
10260 0
10461 0
10831 0
11460 0
11801 0
11961 0
12061 0
12121 0
12220 0
12535 0
12926 0
13312 0
13544 0
13592 0
13710 0
13807 0
14731 0
14842 0
14853 0
14923 0
15402 0
15610 0
15691 0
15771 0
16037 0
16043 0
16150 0
16230 0
17064 0
17953 0
18085 0
18269 0
18473 0
18490 0
18670 0
18677 0
18798 0
19172 0
19354 0
19437 0
19540 0
19622 0
20000 0
20108 0
20111 0
20304 0
20558 0
20563 0
20677 0
20726 0
20878 0
21237 0
21289 0
21602 0
21763 0
21838 0
22227 0
22229 0
22304 0
22511 0
22621 0
23203 0
23276 0
23385 0
23428 0
23444 0
23807 0
23852 0
23907 0
23978 0
24312 0
24591 0
24906 0
24917 0
25170 0
25443 0
25637 0
25658 0
25867 0
25891 0
26656 0
26876 0
26967 0
27029 0
27142 0
27450 0
27642 0
27683 0
27861 0
27891 0
28077 0
28492 0
29023 0
29271 0
29343 0
29360 0
29515 0
29996 0
30000 0
30219 0
30727 0
30816 0
31134 0
31276 0
31322 0
31325 0
31995 0
32162 0
32204 0
32458 0
32461 0
32719 0
32829 0
32854 0
32936 0
32998 0
33038 0
33643 0
33690 0
34076 0
34251 0
34424 0
35217 0
35254 0
35482 0
35866 0
35906 0
36027 0
36704 0
36706 0
36872 0
36901 0
36991 0
37213 0
37265 0
37588 0
37692 0
37866 0
37927 0
37949 0
38245 0
38251 0
38458 0
39049 0
39130 0
39476 0
39557 0
39722 0
39837 0
40089 0
40142 0
40274 0
40412 0
40757 0
40860 0
40988 0
41244 0
41543 0
41727 0
41773 0
41899 0
41917 0
42137 0
42492 0
42656 0
42723 0
42908 0
42935 0
43219 0
43286 0
43382 0
43471 0
44081 0
44116 0
44238 0
44535 0
45031 0
45047 0
45465 0
45666 0
45878 0
45951 0
46355 0
47145 0
47230 0
47366 0
47518 0
47841 0
47863 0
47938 0
47947 0
48170 0
48447 0
48641 0
48648 0
48680 0
49124 0
49147 0
49701 0
50210 0
50226 0
50244 0
50380 0
50618 0
50665 0
50993 0
51176 0
51432 0
51641 0
51675 0
51955 0
52168 0
52729 0
52983 0
52991 0
53392 0
53535 0
53583 0
53586 0
53644 0
53690 0
53742 0
53747 0
54504 0
54612 0
54662 0
54804 0
55085 0
55657 0
55829 0
55861 0
56048 0
56184 0
56214 0
56761 0
56833 0
56947 0
57314 0
57460 0
57922 0
57962 0
58101 0
58168 0
58247 0
58360 0
58365 0
58567 0
58634 0
58652 0
58834 0
58878 0
58982 0
59388 0
59966 0
60332 0
60930 0
60969 0
61654 0
61668 0
61795 0
61806 0
61832 0
61864 0
61951 0
62043 0
62059 0
62234 0
62497 0
62936 0
62997 0
63142 0
63187 0
63374 0
63723 0
64283 0
64389 0
64702 0
65053 0
65690 0
65693 0
65847 0
65870 0
66176 0
66200 0
66384 0
66453 0
66578 0
66931 0
66993 0
67389 0
67431 0
67555 0
67597 0
67864 0
68164 0
68317 0
68840 0
68875 0
69007 0
69124 0
69571 0
69768 0
69949 0
69973 0
70183 0
70561 0
70582 0
70597 0
70608 0
70735 0
70840 0
70979 0
71008 0
71111 0
71182 0
71340 0
71926 0
72340 0
72489 0
72595 0
72598 0
72869 0
72980 0
73035 0
73082 0
73218 0
73359 0
73467 0
73578 0
73858 0
74166 0
74338 0
74351 0
74476 0
74839 0
74950 0
75134 0
75284 0
75422 0
75441 0
75472 0
76143 0
76382 0
76508 0
77011 0
77090 0
77108 0
77913 0
78053 0
78130 0
78312 0
78851 0
79316 0
79704 0
79998 0
80132 0
80464 0
80516 0
80560 0
80875 0
80931 0
80971 0
80974 0
81168 0
81283 0
81351 0
81561 0
81789 0
82192 0
82579 0
82869 0
83262 0
83531 0
83565 0
83652 0
83842 0
83900 0
83954 0
84033 0
84257 0
84482 0
84495 0
84502 0
84587 0
84737 0
84861 0
85336 0
85363 0
85375 0
85881 0
85981 0
86311 0
86333 0
86398 0
86418 0
86517 0
86692 0
86698 0
86946 0
86981 0
87184 0
87406 0
87437 0
87532 0
87888 0
88170 0
88369 0
88518 0
88609 0
88888 0
89329 0
89410 0
89646 0
89707 0
90168 0
90215 0
90565 0
90714 0
90808 0
90919 0
91527 0
91594 0
91884 0
91981 0
92037 0
92104 0
92350 0
92445 0
92802 0
92898 0
92998 0
93229 0
93661 0
93687 0
93691 0
93911 0
94262 0
94284 0
94736 0
94907 0
95333 0
95438 0
95503 0
95804 0
95844 0
96095 0
96134 0
96560 0
96837 0
96850 0
97087 0
97115 0
97159 0
97202 0
97527 0
97549 0
98602 0
99031 0
99042 0
99167 0
99191 0
99247 0
