c This is a uniform distributed  1-D DIMACS file 
c width height point_number
p 1000 1000 512
1 0
2 0
3 0
5 0
9 0
11 0
13 0
14 0
15 0
16 0
19 0
20 0
22 0
24 0
25 0
26 0
27 0
29 0
30 0
31 0
33 0
34 0
36 0
38 0
39 0
40 0
43 0
45 0
46 0
52 0
53 0
54 0
57 0
60 0
64 0
65 0
70 0
71 0
73 0
75 0
77 0
78 0
79 0
82 0
83 0
84 0
89 0
91 0
94 0
95 0
96 0
97 0
100 0
101 0
102 0
104 0
107 0
108 0
109 0
111 0
112 0
118 0
119 0
120 0
123 0
125 0
129 0
131 0
133 0
134 0
137 0
138 0
140 0
143 0
144 0
146 0
147 0
151 0
152 0
153 0
155 0
158 0
161 0
162 0
167 0
170 0
172 0
175 0
176 0
177 0
179 0
181 0
182 0
183 0
184 0
185 0
186 0
187 0
188 0
190 0
191 0
192 0
193 0
199 0
200 0
201 0
203 0
204 0
205 0
207 0
209 0
212 0
213 0
214 0
216 0
219 0
220 0
223 0
225 0
226 0
229 0
230 0
231 0
236 0
237 0
239 0
241 0
243 0
247 0
250 0
253 0
255 0
258 0
259 0
262 0
264 0
265 0
267 0
270 0
272 0
276 0
277 0
279 0
280 0
285 0
286 0
290 0
297 0
299 0
301 0
303 0
304 0
305 0
306 0
309 0
311 0
312 0
314 0
316 0
317 0
319 0
320 0
321 0
322 0
323 0
326 0
329 0
330 0
331 0
334 0
336 0
342 0
350 0
354 0
356 0
357 0
359 0
360 0
361 0
362 0
363 0
364 0
367 0
376 0
380 0
382 0
384 0
385 0
388 0
391 0
392 0
394 0
397 0
401 0
402 0
405 0
406 0
407 0
408 0
410 0
414 0
416 0
420 0
423 0
424 0
425 0
426 0
427 0
428 0
431 0
433 0
434 0
435 0
436 0
439 0
440 0
444 0
448 0
449 0
451 0
452 0
455 0
457 0
459 0
462 0
467 0
474 0
477 0
479 0
481 0
483 0
485 0
487 0
490 0
494 0
495 0
496 0
498 0
499 0
500 0
501 0
502 0
504 0
505 0
506 0
508 0
510 0
512 0
515 0
519 0
521 0
522 0
523 0
524 0
525 0
528 0
530 0
531 0
532 0
533 0
535 0
536 0
537 0
538 0
539 0
540 0
541 0
544 0
545 0
546 0
547 0
548 0
552 0
554 0
556 0
557 0
558 0
559 0
560 0
561 0
563 0
565 0
567 0
568 0
569 0
570 0
574 0
576 0
577 0
580 0
581 0
584 0
585 0
586 0
587 0
588 0
589 0
591 0
592 0
594 0
595 0
596 0
597 0
598 0
600 0
601 0
602 0
603 0
607 0
609 0
610 0
612 0
613 0
616 0
617 0
619 0
620 0
622 0
623 0
626 0
627 0
629 0
630 0
633 0
634 0
637 0
641 0
643 0
646 0
648 0
650 0
651 0
656 0
659 0
660 0
662 0
664 0
667 0
668 0
669 0
671 0
673 0
678 0
679 0
681 0
682 0
688 0
690 0
692 0
693 0
696 0
697 0
698 0
699 0
700 0
702 0
704 0
707 0
708 0
709 0
710 0
713 0
716 0
718 0
720 0
721 0
724 0
727 0
729 0
730 0
732 0
737 0
741 0
742 0
745 0
746 0
747 0
749 0
750 0
752 0
755 0
756 0
757 0
761 0
762 0
763 0
765 0
766 0
767 0
768 0
770 0
772 0
775 0
777 0
778 0
779 0
783 0
787 0
788 0
789 0
792 0
794 0
795 0
798 0
805 0
809 0
812 0
813 0
814 0
816 0
817 0
819 0
821 0
822 0
827 0
829 0
832 0
833 0
834 0
835 0
836 0
838 0
839 0
841 0
842 0
843 0
845 0
846 0
847 0
849 0
850 0
851 0
852 0
853 0
854 0
855 0
856 0
858 0
859 0
861 0
862 0
866 0
867 0
870 0
872 0
874 0
875 0
877 0
879 0
880 0
881 0
883 0
885 0
886 0
888 0
893 0
897 0
900 0
901 0
903 0
905 0
906 0
907 0
908 0
909 0
913 0
914 0
916 0
919 0
920 0
921 0
922 0
927 0
928 0
933 0
934 0
935 0
937 0
938 0
940 0
941 0
942 0
944 0
945 0
947 0
952 0
953 0
956 0
957 0
959 0
961 0
968 0
969 0
970 0
972 0
973 0
977 0
978 0
979 0
980 0
981 0
982 0
985 0
986 0
989 0
991 0
992 0
993 0
994 0
995 0
997 0
998 0
