c This is a uniform distributed  1-D DIMACS file 
c width height point_number
p 100000 100000 512
348 0
496 0
629 0
717 0
839 0
1168 0
1268 0
1776 0
1803 0
2136 0
2425 0
2762 0
3160 0
3163 0
3959 0
4008 0
4264 0
4670 0
4863 0
5109 0
5210 0
5314 0
5688 0
6423 0
6474 0
6702 0
6918 0
6925 0
6969 0
7085 0
7270 0
7450 0
7541 0
7586 0
7594 0
7850 0
7952 0
7973 0
7984 0
8546 0
9177 0
9489 0
9850 0
9890 0
9929 0
10364 0
10774 0
10914 0
10988 0
11234 0
11559 0
11585 0
11630 0
12026 0
12185 0
12270 0
12455 0
12480 0
12571 0
12827 0
13142 0
13443 0
13623 0
13790 0
13843 0
14214 0
14244 0
14728 0
14895 0
15069 0
15448 0
15810 0
15986 0
15994 0
16005 0
16111 0
16205 0
16322 0
16469 0
16498 0
16747 0
17028 0
17063 0
17285 0
17360 0
17789 0
18273 0
18310 0
18312 0
18364 0
18570 0
18835 0
18877 0
20008 0
20028 0
20140 0
20331 0
20521 0
20546 0
21137 0
21169 0
21636 0
21638 0
21870 0
22034 0
22132 0
22822 0
23271 0
23406 0
23757 0
23776 0
23919 0
24140 0
24365 0
24407 0
24863 0
24951 0
25182 0
25278 0
25560 0
25726 0
25780 0
25811 0
26061 0
26376 0
26546 0
26784 0
27008 0
27298 0
27905 0
28207 0
28643 0
28699 0
29184 0
29429 0
29616 0
29816 0
29857 0
29873 0
30000 0
30200 0
30472 0
30621 0
31078 0
31184 0
31250 0
31417 0
31834 0
32033 0
32240 0
32420 0
32837 0
32861 0
32969 0
33355 0
33691 0
33860 0
34218 0
34224 0
34342 0
34395 0
34414 0
34735 0
34961 0
35059 0
35241 0
35312 0
35624 0
35844 0
36005 0
36072 0
36379 0
36641 0
36649 0
36837 0
37065 0
37226 0
37501 0
37614 0
37702 0
37872 0
37986 0
38109 0
38243 0
38356 0
38530 0
38905 0
39044 0
39096 0
39204 0
39344 0
39375 0
39377 0
39625 0
39759 0
39769 0
40017 0
40122 0
41519 0
41622 0
41797 0
42377 0
42552 0
42912 0
43161 0
43192 0
43235 0
43511 0
43532 0
43800 0
43924 0
44101 0
44531 0
44556 0
44625 0
45167 0
45211 0
45778 0
45955 0
46204 0
46263 0
46587 0
46884 0
46928 0
47174 0
47187 0
47453 0
47634 0
47814 0
47988 0
48188 0
48567 0
49038 0
49179 0
49494 0
49597 0
49930 0
49999 0
50051 0
50124 0
50165 0
50210 0
50370 0
50440 0
50796 0
50855 0
50910 0
50945 0
50960 0
51231 0
51665 0
51688 0
51711 0
51856 0
51993 0
52203 0
52739 0
52747 0
52784 0
52926 0
52969 0
53172 0
53258 0
53319 0
53478 0
53479 0
53611 0
54157 0
54603 0
54864 0
55034 0
55142 0
55149 0
55347 0
55434 0
55444 0
55514 0
55907 0
56179 0
56417 0
56419 0
56445 0
56697 0
56864 0
57664 0
57810 0
57821 0
57934 0
58094 0
58217 0
58283 0
58625 0
58654 0
58762 0
58879 0
58939 0
59066 0
59300 0
59404 0
59405 0
59661 0
59762 0
60358 0
60364 0
60543 0
60644 0
60660 0
61406 0
61954 0
62333 0
62521 0
62552 0
62662 0
62747 0
63073 0
63676 0
63741 0
63799 0
63812 0
63935 0
64017 0
64270 0
64293 0
64380 0
64609 0
64841 0
65011 0
65186 0
65332 0
65384 0
65658 0
65817 0
65855 0
65894 0
66002 0
66088 0
66508 0
66559 0
66591 0
66648 0
67438 0
67554 0
67568 0
67955 0
68041 0
68064 0
68102 0
68154 0
68270 0
68754 0
69035 0
69493 0
69517 0
69631 0
69733 0
69742 0
69837 0
69929 0
69960 0
69996 0
70033 0
70326 0
70447 0
70460 0
70493 0
70610 0
70676 0
71126 0
71252 0
71485 0
71574 0
71912 0
71949 0
72032 0
72138 0
72215 0
72247 0
72474 0
73718 0
73743 0
74016 0
74188 0
74235 0
74355 0
74594 0
74711 0
74824 0
74990 0
75458 0
75808 0
75843 0
75891 0
76125 0
76613 0
76860 0
77101 0
77412 0
77640 0
77952 0
77996 0
78271 0
78396 0
78492 0
78653 0
78902 0
78976 0
79011 0
79462 0
79533 0
79557 0
79708 0
79850 0
79981 0
80213 0
80287 0
80333 0
80344 0
80611 0
80727 0
80951 0
81191 0
81242 0
81282 0
81403 0
81558 0
81673 0
82050 0
82625 0
82833 0
83581 0
83715 0
83807 0
83859 0
84154 0
84231 0
84412 0
84484 0
84498 0
84517 0
84699 0
84708 0
84851 0
84889 0
85032 0
85300 0
85519 0
85536 0
86113 0
86344 0
86413 0
86766 0
87487 0
88274 0
88402 0
88522 0
88539 0
88569 0
88629 0
88728 0
88758 0
88957 0
89118 0
89859 0
89989 0
90449 0
90511 0
90555 0
90734 0
91352 0
91497 0
91555 0
92083 0
92090 0
92903 0
92904 0
93066 0
93069 0
93100 0
93344 0
93372 0
93868 0
94062 0
94218 0
94248 0
94390 0
94656 0
94914 0
95377 0
95427 0
95811 0
95829 0
96075 0
96125 0
96176 0
96219 0
96439 0
96542 0
97166 0
97185 0
97271 0
97754 0
97803 0
98093 0
98111 0
98130 0
98131 0
98349 0
98474 0
99209 0
99237 0
99486 0
99969 0
