c This is a uniform distributed  1-D DIMACS file 
c width height point_number
p 1000 1000 512
2 0
3 0
4 0
6 0
8 0
9 0
11 0
12 0
14 0
16 0
17 0
18 0
19 0
20 0
21 0
22 0
23 0
24 0
25 0
26 0
29 0
32 0
33 0
35 0
36 0
38 0
44 0
47 0
48 0
49 0
50 0
51 0
52 0
54 0
55 0
56 0
57 0
59 0
60 0
61 0
62 0
64 0
65 0
66 0
67 0
68 0
69 0
70 0
71 0
73 0
75 0
76 0
78 0
80 0
82 0
83 0
88 0
89 0
92 0
93 0
94 0
95 0
103 0
104 0
105 0
106 0
109 0
111 0
113 0
115 0
116 0
117 0
118 0
119 0
123 0
124 0
125 0
126 0
129 0
130 0
131 0
134 0
136 0
138 0
139 0
141 0
142 0
144 0
147 0
150 0
155 0
156 0
157 0
158 0
161 0
162 0
163 0
164 0
165 0
166 0
171 0
173 0
174 0
181 0
182 0
183 0
190 0
191 0
192 0
193 0
195 0
196 0
197 0
200 0
201 0
202 0
205 0
206 0
208 0
210 0
213 0
215 0
218 0
219 0
220 0
221 0
222 0
224 0
225 0
227 0
228 0
232 0
234 0
235 0
236 0
238 0
239 0
242 0
243 0
244 0
246 0
247 0
248 0
252 0
253 0
255 0
256 0
258 0
259 0
261 0
262 0
264 0
265 0
266 0
269 0
271 0
272 0
274 0
275 0
282 0
283 0
285 0
286 0
288 0
289 0
290 0
291 0
292 0
295 0
296 0
299 0
301 0
303 0
308 0
311 0
313 0
316 0
317 0
318 0
320 0
321 0
322 0
323 0
327 0
328 0
329 0
332 0
333 0
334 0
335 0
336 0
339 0
340 0
341 0
342 0
343 0
346 0
349 0
351 0
352 0
353 0
354 0
356 0
357 0
358 0
359 0
361 0
362 0
364 0
367 0
368 0
369 0
371 0
372 0
376 0
378 0
379 0
381 0
382 0
385 0
388 0
391 0
395 0
397 0
398 0
399 0
400 0
401 0
403 0
404 0
409 0
410 0
412 0
413 0
419 0
425 0
426 0
429 0
436 0
437 0
438 0
442 0
445 0
448 0
450 0
452 0
453 0
455 0
456 0
457 0
459 0
461 0
464 0
465 0
468 0
469 0
473 0
476 0
479 0
481 0
484 0
486 0
487 0
491 0
492 0
494 0
495 0
497 0
499 0
507 0
509 0
510 0
513 0
515 0
516 0
520 0
523 0
525 0
526 0
528 0
530 0
531 0
532 0
533 0
536 0
537 0
538 0
539 0
540 0
541 0
543 0
545 0
546 0
549 0
550 0
553 0
554 0
555 0
559 0
560 0
563 0
564 0
566 0
568 0
569 0
570 0
571 0
572 0
573 0
574 0
576 0
577 0
580 0
583 0
584 0
586 0
589 0
590 0
594 0
597 0
598 0
599 0
602 0
609 0
610 0
613 0
622 0
627 0
634 0
636 0
637 0
638 0
642 0
643 0
647 0
651 0
653 0
655 0
661 0
663 0
666 0
668 0
670 0
671 0
672 0
673 0
674 0
676 0
678 0
679 0
683 0
686 0
687 0
688 0
693 0
697 0
699 0
700 0
701 0
702 0
706 0
708 0
712 0
714 0
717 0
720 0
723 0
724 0
725 0
726 0
731 0
732 0
733 0
734 0
735 0
737 0
738 0
744 0
745 0
747 0
749 0
750 0
751 0
752 0
755 0
757 0
761 0
764 0
768 0
769 0
772 0
773 0
775 0
776 0
777 0
778 0
780 0
785 0
786 0
788 0
789 0
790 0
791 0
793 0
794 0
795 0
797 0
799 0
801 0
803 0
809 0
810 0
813 0
814 0
815 0
817 0
819 0
821 0
823 0
826 0
827 0
829 0
832 0
836 0
838 0
841 0
847 0
848 0
849 0
850 0
851 0
852 0
855 0
856 0
857 0
859 0
860 0
862 0
869 0
870 0
871 0
872 0
873 0
874 0
875 0
878 0
879 0
880 0
881 0
886 0
887 0
888 0
889 0
890 0
894 0
895 0
896 0
899 0
900 0
902 0
904 0
905 0
907 0
908 0
909 0
911 0
912 0
915 0
916 0
917 0
919 0
920 0
921 0
923 0
928 0
929 0
935 0
936 0
937 0
938 0
939 0
942 0
946 0
947 0
948 0
950 0
951 0
952 0
954 0
958 0
960 0
961 0
966 0
967 0
968 0
970 0
971 0
972 0
977 0
980 0
982 0
983 0
984 0
985 0
986 0
989 0
990 0
993 0
994 0
995 0
996 0
998 0
