c This is a uniform distributed  1-D DIMACS file 
c width height point_number
p 1000 1000 512
2 0
6 0
7 0
12 0
14 0
15 0
17 0
21 0
22 0
24 0
25 0
28 0
29 0
30 0
31 0
34 0
38 0
41 0
42 0
44 0
45 0
47 0
50 0
52 0
53 0
59 0
60 0
62 0
64 0
65 0
67 0
68 0
69 0
73 0
75 0
76 0
77 0
80 0
81 0
84 0
87 0
88 0
89 0
91 0
93 0
94 0
96 0
98 0
99 0
100 0
101 0
103 0
110 0
112 0
114 0
115 0
117 0
118 0
119 0
120 0
122 0
124 0
125 0
126 0
127 0
128 0
129 0
131 0
136 0
137 0
140 0
141 0
142 0
144 0
147 0
152 0
153 0
159 0
160 0
161 0
163 0
164 0
165 0
166 0
169 0
170 0
171 0
172 0
175 0
178 0
179 0
181 0
182 0
190 0
192 0
193 0
195 0
198 0
200 0
201 0
202 0
204 0
205 0
209 0
210 0
213 0
214 0
215 0
219 0
221 0
229 0
230 0
237 0
238 0
239 0
240 0
241 0
243 0
245 0
249 0
251 0
252 0
256 0
258 0
259 0
260 0
264 0
268 0
270 0
271 0
272 0
273 0
275 0
277 0
279 0
280 0
284 0
287 0
292 0
295 0
297 0
298 0
299 0
304 0
305 0
307 0
309 0
310 0
311 0
313 0
314 0
316 0
317 0
318 0
320 0
321 0
322 0
323 0
325 0
329 0
330 0
335 0
336 0
339 0
340 0
342 0
344 0
345 0
348 0
350 0
354 0
355 0
356 0
357 0
359 0
363 0
364 0
366 0
368 0
372 0
373 0
374 0
375 0
377 0
378 0
379 0
381 0
383 0
384 0
385 0
386 0
387 0
388 0
390 0
391 0
393 0
394 0
396 0
397 0
400 0
401 0
403 0
404 0
406 0
407 0
408 0
411 0
412 0
413 0
416 0
417 0
418 0
419 0
421 0
423 0
424 0
426 0
430 0
431 0
432 0
435 0
436 0
438 0
439 0
440 0
443 0
444 0
446 0
447 0
448 0
449 0
450 0
452 0
454 0
455 0
457 0
461 0
462 0
467 0
470 0
473 0
474 0
479 0
480 0
481 0
482 0
483 0
484 0
488 0
489 0
490 0
491 0
494 0
497 0
498 0
500 0
501 0
502 0
503 0
508 0
511 0
512 0
513 0
515 0
517 0
518 0
519 0
520 0
521 0
524 0
526 0
527 0
528 0
529 0
530 0
531 0
535 0
536 0
537 0
538 0
539 0
540 0
541 0
544 0
545 0
548 0
552 0
553 0
555 0
560 0
561 0
562 0
563 0
566 0
567 0
570 0
573 0
574 0
576 0
580 0
582 0
583 0
588 0
591 0
592 0
593 0
595 0
600 0
601 0
602 0
605 0
608 0
611 0
612 0
614 0
616 0
620 0
622 0
623 0
624 0
627 0
628 0
633 0
635 0
636 0
639 0
641 0
643 0
644 0
647 0
650 0
655 0
659 0
661 0
662 0
663 0
666 0
669 0
671 0
672 0
673 0
674 0
675 0
677 0
678 0
683 0
686 0
687 0
688 0
689 0
691 0
694 0
695 0
697 0
699 0
700 0
701 0
705 0
706 0
707 0
708 0
709 0
710 0
713 0
714 0
716 0
718 0
719 0
721 0
722 0
723 0
727 0
728 0
737 0
738 0
739 0
741 0
742 0
743 0
744 0
746 0
748 0
749 0
750 0
751 0
753 0
754 0
757 0
758 0
763 0
766 0
767 0
768 0
769 0
770 0
771 0
772 0
775 0
782 0
784 0
785 0
788 0
789 0
791 0
793 0
798 0
799 0
800 0
803 0
804 0
805 0
806 0
807 0
811 0
812 0
813 0
815 0
816 0
818 0
820 0
822 0
824 0
830 0
832 0
834 0
835 0
837 0
838 0
840 0
843 0
844 0
845 0
847 0
848 0
851 0
852 0
854 0
855 0
856 0
859 0
860 0
861 0
862 0
863 0
864 0
865 0
866 0
869 0
870 0
876 0
880 0
881 0
882 0
883 0
887 0
890 0
891 0
892 0
893 0
894 0
895 0
896 0
897 0
898 0
900 0
904 0
906 0
908 0
910 0
914 0
916 0
917 0
918 0
919 0
920 0
922 0
926 0
929 0
930 0
931 0
932 0
939 0
941 0
943 0
946 0
948 0
949 0
952 0
953 0
955 0
956 0
957 0
960 0
966 0
967 0
968 0
969 0
970 0
972 0
975 0
976 0
977 0
980 0
985 0
986 0
987 0
989 0
990 0
993 0
995 0
997 0
999 0
