c This is a uniform distributed  1-D DIMACS file 
c width height point_number
p 1000 1000 512
1 0
2 0
3 0
7 0
8 0
9 0
10 0
11 0
16 0
17 0
18 0
20 0
21 0
23 0
24 0
25 0
27 0
28 0
30 0
33 0
34 0
35 0
36 0
39 0
40 0
42 0
46 0
47 0
48 0
51 0
53 0
54 0
55 0
58 0
59 0
62 0
64 0
65 0
66 0
68 0
69 0
70 0
72 0
77 0
78 0
81 0
83 0
87 0
88 0
90 0
92 0
93 0
96 0
97 0
99 0
100 0
101 0
105 0
106 0
107 0
110 0
111 0
112 0
114 0
117 0
118 0
119 0
120 0
121 0
124 0
125 0
127 0
129 0
130 0
135 0
140 0
141 0
144 0
145 0
146 0
149 0
150 0
153 0
157 0
158 0
162 0
164 0
168 0
173 0
174 0
175 0
176 0
177 0
179 0
180 0
181 0
191 0
193 0
195 0
196 0
199 0
201 0
203 0
205 0
207 0
208 0
209 0
213 0
214 0
215 0
216 0
222 0
223 0
225 0
227 0
228 0
232 0
233 0
234 0
239 0
240 0
241 0
244 0
245 0
247 0
249 0
250 0
254 0
255 0
256 0
258 0
266 0
267 0
268 0
271 0
272 0
274 0
276 0
279 0
280 0
281 0
282 0
284 0
288 0
289 0
290 0
291 0
292 0
294 0
295 0
297 0
298 0
300 0
301 0
302 0
303 0
304 0
305 0
306 0
307 0
308 0
309 0
312 0
313 0
314 0
315 0
321 0
323 0
324 0
325 0
326 0
328 0
329 0
333 0
334 0
335 0
337 0
340 0
341 0
343 0
345 0
346 0
347 0
349 0
350 0
357 0
360 0
362 0
365 0
370 0
374 0
376 0
377 0
380 0
381 0
386 0
387 0
388 0
391 0
392 0
394 0
398 0
399 0
402 0
404 0
405 0
406 0
407 0
409 0
410 0
411 0
413 0
416 0
417 0
419 0
421 0
422 0
423 0
425 0
426 0
428 0
429 0
432 0
433 0
435 0
436 0
438 0
440 0
441 0
442 0
443 0
446 0
447 0
449 0
450 0
451 0
453 0
454 0
456 0
458 0
460 0
461 0
463 0
464 0
466 0
467 0
469 0
470 0
471 0
472 0
473 0
474 0
477 0
478 0
479 0
482 0
484 0
486 0
488 0
489 0
494 0
495 0
497 0
499 0
501 0
502 0
505 0
506 0
508 0
511 0
512 0
515 0
516 0
520 0
522 0
524 0
525 0
526 0
527 0
528 0
529 0
531 0
534 0
535 0
538 0
544 0
548 0
549 0
550 0
551 0
553 0
554 0
555 0
556 0
557 0
558 0
559 0
560 0
561 0
566 0
567 0
569 0
570 0
571 0
575 0
576 0
577 0
580 0
583 0
586 0
587 0
590 0
592 0
593 0
594 0
595 0
596 0
597 0
599 0
600 0
601 0
603 0
604 0
607 0
608 0
609 0
610 0
611 0
612 0
614 0
615 0
617 0
618 0
624 0
625 0
627 0
629 0
633 0
634 0
635 0
637 0
639 0
640 0
641 0
642 0
643 0
644 0
645 0
650 0
655 0
656 0
657 0
659 0
660 0
662 0
663 0
667 0
668 0
671 0
672 0
674 0
675 0
676 0
679 0
682 0
683 0
686 0
687 0
688 0
694 0
696 0
697 0
699 0
700 0
701 0
702 0
704 0
705 0
709 0
711 0
712 0
713 0
714 0
715 0
716 0
718 0
721 0
722 0
727 0
728 0
730 0
731 0
734 0
739 0
741 0
742 0
744 0
748 0
750 0
752 0
754 0
757 0
758 0
759 0
763 0
764 0
765 0
767 0
769 0
773 0
774 0
775 0
777 0
778 0
779 0
781 0
782 0
789 0
790 0
791 0
792 0
794 0
796 0
797 0
798 0
802 0
805 0
807 0
812 0
813 0
816 0
820 0
822 0
823 0
825 0
829 0
831 0
832 0
833 0
834 0
838 0
839 0
841 0
843 0
847 0
848 0
850 0
851 0
852 0
854 0
858 0
859 0
862 0
863 0
864 0
867 0
868 0
870 0
871 0
872 0
881 0
882 0
883 0
884 0
890 0
894 0
897 0
899 0
900 0
903 0
906 0
909 0
910 0
912 0
914 0
915 0
916 0
917 0
918 0
920 0
921 0
922 0
923 0
924 0
925 0
927 0
928 0
930 0
934 0
936 0
939 0
942 0
943 0
945 0
950 0
951 0
954 0
956 0
962 0
963 0
973 0
976 0
977 0
981 0
983 0
985 0
988 0
990 0
991 0
994 0
995 0
999 0
