c This is a uniform distributed  1-D DIMACS file 
c width height point_number
p 100000 100000 512
68 0
107 0
120 0
206 0
217 0
511 0
557 0
559 0
978 0
1087 0
1115 0
1132 0
1724 0
1936 0
2213 0
2291 0
2396 0
2446 0
2489 0
2642 0
2930 0
3618 0
3679 0
3864 0
4654 0
4668 0
4926 0
5115 0
5420 0
5713 0
6217 0
6336 0
6769 0
6813 0
7079 0
7113 0
7157 0
7158 0
7526 0
7538 0
7591 0
7915 0
8224 0
8278 0
8369 0
8589 0
8626 0
9161 0
9208 0
9537 0
9588 0
9663 0
9668 0
9782 0
9787 0
9872 0
9886 0
10004 0
10104 0
10364 0
10396 0
10404 0
10783 0
11196 0
11234 0
11371 0
11648 0
11815 0
11946 0
12176 0
12509 0
12522 0
13292 0
13761 0
13785 0
14091 0
14237 0
14686 0
14783 0
14816 0
15062 0
15144 0
15146 0
15477 0
15509 0
15953 0
16631 0
17124 0
17283 0
17609 0
17740 0
18362 0
18387 0
18879 0
19106 0
19224 0
19476 0
19589 0
19697 0
19708 0
19728 0
19899 0
19943 0
20072 0
20272 0
20325 0
20474 0
20732 0
20926 0
20957 0
21007 0
21150 0
21704 0
21815 0
21884 0
21904 0
22375 0
22656 0
22754 0
22858 0
22910 0
22984 0
23166 0
23242 0
23322 0
23546 0
23595 0
23728 0
23962 0
24063 0
24132 0
24194 0
24527 0
24687 0
24984 0
25789 0
26011 0
26234 0
26719 0
27414 0
28553 0
28696 0
28720 0
28722 0
28849 0
28854 0
28915 0
29024 0
29235 0
29523 0
29876 0
30417 0
30711 0
30855 0
30881 0
30926 0
31021 0
31068 0
31154 0
31333 0
31479 0
31515 0
31588 0
31773 0
32007 0
32094 0
32304 0
32355 0
32382 0
32786 0
32920 0
33050 0
33078 0
33152 0
33194 0
33283 0
33675 0
33755 0
34071 0
34294 0
34488 0
34917 0
34934 0
34950 0
35142 0
35560 0
35573 0
35810 0
36167 0
36336 0
36368 0
36520 0
36613 0
36641 0
36824 0
36828 0
36856 0
36919 0
37201 0
37292 0
37416 0
37662 0
37669 0
38267 0
38416 0
38539 0
38584 0
38611 0
38633 0
38789 0
38810 0
39563 0
40136 0
40329 0
40526 0
40567 0
40802 0
40915 0
41132 0
41274 0
41483 0
41598 0
41617 0
41729 0
42209 0
42355 0
42410 0
42421 0
42813 0
43030 0
43090 0
43157 0
43334 0
43474 0
43574 0
43909 0
43929 0
44093 0
44338 0
44842 0
44935 0
45028 0
45180 0
45261 0
45984 0
46433 0
46663 0
47090 0
47421 0
48078 0
48095 0
48981 0
49394 0
49460 0
49503 0
49527 0
49778 0
50633 0
50646 0
50665 0
50741 0
50750 0
50981 0
51479 0
51640 0
51877 0
52078 0
52100 0
52188 0
52332 0
52443 0
52613 0
52617 0
52941 0
52956 0
53184 0
53342 0
53349 0
53477 0
53542 0
53973 0
54700 0
54709 0
54728 0
54775 0
55076 0
55157 0
55188 0
55593 0
55831 0
55849 0
55857 0
55898 0
56777 0
57099 0
57444 0
57631 0
57657 0
57879 0
57955 0
58213 0
58214 0
58299 0
58476 0
58704 0
58827 0
58945 0
59341 0
59342 0
59422 0
59439 0
59487 0
59498 0
59944 0
60240 0
60283 0
60393 0
61266 0
61311 0
61574 0
62368 0
62614 0
62774 0
63001 0
63026 0
63069 0
63074 0
63307 0
63812 0
63906 0
63999 0
64054 0
64191 0
64380 0
64403 0
64640 0
64801 0
64983 0
65134 0
65305 0
65614 0
65619 0
65874 0
66334 0
66380 0
66399 0
66596 0
66839 0
66861 0
67002 0
67097 0
67150 0
67327 0
67336 0
67538 0
67688 0
67857 0
68158 0
68283 0
68862 0
69116 0
69665 0
69701 0
69842 0
69986 0
70686 0
70756 0
70834 0
70919 0
70933 0
71194 0
71204 0
71262 0
71440 0
71813 0
72470 0
72639 0
72657 0
72689 0
72962 0
73013 0
73234 0
73308 0
73723 0
73810 0
74142 0
74177 0
74327 0
74477 0
74741 0
74771 0
75267 0
75722 0
75750 0
75815 0
75931 0
76151 0
76758 0
76770 0
77133 0
77144 0
77156 0
77197 0
77368 0
77564 0
78052 0
78470 0
78479 0
78758 0
79330 0
79351 0
79364 0
79369 0
79615 0
79824 0
79883 0
79956 0
79988 0
80113 0
80228 0
80394 0
80810 0
80821 0
80867 0
81121 0
81364 0
81645 0
81663 0
81799 0
81853 0
82103 0
82302 0
82442 0
82449 0
82649 0
82722 0
82748 0
82757 0
82770 0
82783 0
83217 0
83432 0
83723 0
84028 0
84045 0
84284 0
84445 0
84680 0
85095 0
85159 0
85566 0
85613 0
86911 0
86996 0
87015 0
87201 0
87318 0
87573 0
87578 0
87723 0
87831 0
88488 0
88729 0
88895 0
89045 0
89330 0
89344 0
89640 0
89852 0
89879 0
90055 0
90327 0
90655 0
90855 0
91161 0
91799 0
92976 0
93094 0
93209 0
93266 0
93716 0
93889 0
93965 0
94457 0
94528 0
94622 0
94696 0
95000 0
95286 0
95796 0
95809 0
95921 0
95981 0
96434 0
96448 0
96502 0
96753 0
96782 0
96993 0
97261 0
97320 0
98551 0
98758 0
99085 0
99154 0
99304 0
99417 0
99566 0
99616 0
99807 0
99823 0
99909 0
