c This is a uniform distributed  1-D DIMACS file 
c width height point_number
p 100000 100000 512
252 0
883 0
1323 0
1404 0
1571 0
1740 0
2294 0
2561 0
2662 0
3474 0
3681 0
3903 0
3921 0
3965 0
4220 0
4431 0
4689 0
4779 0
4951 0
5406 0
5512 0
5534 0
5848 0
6186 0
6449 0
6607 0
6684 0
6705 0
7353 0
7619 0
8348 0
8568 0
8632 0
8678 0
8772 0
8798 0
8862 0
9157 0
9232 0
9236 0
9276 0
9485 0
9631 0
9748 0
9768 0
9849 0
10178 0
10234 0
10367 0
10550 0
10565 0
10732 0
11272 0
11322 0
11438 0
11440 0
11472 0
11614 0
11746 0
11880 0
12146 0
12281 0
12434 0
12479 0
12546 0
12619 0
12777 0
12991 0
13085 0
13178 0
13257 0
13290 0
13361 0
13608 0
13652 0
13660 0
13862 0
14060 0
14569 0
14760 0
15001 0
15325 0
15761 0
16146 0
16347 0
16642 0
16717 0
16913 0
16971 0
17367 0
17736 0
17930 0
18252 0
18387 0
18455 0
18753 0
18925 0
18930 0
19652 0
20236 0
20856 0
21067 0
21092 0
21244 0
21331 0
21583 0
22199 0
22212 0
22401 0
22531 0
22700 0
22734 0
22856 0
22955 0
23243 0
23639 0
23927 0
24040 0
24166 0
24195 0
24304 0
24781 0
25310 0
25443 0
26165 0
26197 0
26337 0
26540 0
26594 0
27043 0
27222 0
27321 0
27384 0
27529 0
27606 0
27746 0
28180 0
28185 0
28204 0
28323 0
28626 0
28657 0
28817 0
29067 0
29175 0
29307 0
29487 0
29498 0
30025 0
30032 0
30968 0
31045 0
31065 0
31176 0
31236 0
31635 0
32078 0
32106 0
32275 0
32365 0
32456 0
32503 0
32656 0
33000 0
33029 0
33060 0
33175 0
33285 0
33415 0
33787 0
34114 0
34512 0
34789 0
34878 0
35055 0
35180 0
35589 0
35641 0
35728 0
36362 0
36759 0
36818 0
37120 0
37148 0
37369 0
37504 0
37569 0
37582 0
37610 0
37640 0
38281 0
38723 0
38827 0
38943 0
38997 0
39074 0
39077 0
39200 0
39486 0
39807 0
40102 0
40399 0
40430 0
40444 0
40587 0
40664 0
40862 0
41179 0
41202 0
41232 0
41680 0
41858 0
42212 0
42345 0
42707 0
42734 0
42783 0
42796 0
43039 0
43534 0
43683 0
44111 0
44246 0
44283 0
44365 0
44379 0
44595 0
44697 0
44794 0
44908 0
44935 0
44992 0
44999 0
45408 0
46208 0
47128 0
47133 0
47201 0
47209 0
47665 0
47760 0
48015 0
48119 0
48300 0
48936 0
49180 0
49209 0
49359 0
49466 0
49547 0
49883 0
49918 0
49950 0
49985 0
49988 0
50203 0
50527 0
50630 0
50739 0
50819 0
50883 0
51219 0
51302 0
51431 0
51438 0
51689 0
51730 0
52318 0
52464 0
52643 0
52938 0
53398 0
53403 0
53758 0
53880 0
54164 0
54247 0
54263 0
54575 0
54628 0
54703 0
54861 0
55029 0
55388 0
55407 0
55622 0
55667 0
55855 0
55965 0
56609 0
56697 0
56812 0
57069 0
57265 0
57277 0
57381 0
57549 0
57572 0
57940 0
57949 0
58375 0
58608 0
59130 0
59550 0
59651 0
59924 0
60161 0
60174 0
60218 0
60411 0
60478 0
61034 0
61057 0
61104 0
61175 0
61180 0
61572 0
61828 0
61911 0
62120 0
62263 0
62271 0
62490 0
62935 0
63133 0
63358 0
63534 0
63571 0
63803 0
64137 0
64736 0
65263 0
65481 0
65616 0
65856 0
66008 0
66150 0
66356 0
66454 0
66622 0
66742 0
66797 0
67160 0
67273 0
67313 0
67724 0
67820 0
67864 0
67941 0
68021 0
68079 0
68256 0
68510 0
68800 0
68988 0
69313 0
69392 0
69457 0
69706 0
69931 0
69956 0
70429 0
70585 0
70606 0
70824 0
71204 0
71323 0
71337 0
71350 0
72196 0
72664 0
72676 0
72734 0
72933 0
72960 0
73009 0
73112 0
73361 0
73822 0
74295 0
74306 0
74308 0
74467 0
74549 0
75763 0
76007 0
76729 0
77324 0
77586 0
77756 0
77837 0
78384 0
78404 0
78432 0
78571 0
78712 0
78788 0
78841 0
79111 0
79169 0
79188 0
79193 0
79199 0
79343 0
79350 0
79361 0
79543 0
79680 0
79844 0
79869 0
79885 0
79950 0
80094 0
80112 0
80210 0
80230 0
80261 0
80657 0
80660 0
80797 0
81104 0
81135 0
81165 0
81229 0
81527 0
81750 0
81895 0
82698 0
83107 0
83156 0
83222 0
83626 0
83746 0
84047 0
84121 0
84391 0
84526 0
84665 0
84918 0
84985 0
85218 0
85231 0
85716 0
86145 0
86344 0
86376 0
86457 0
86463 0
86748 0
86880 0
86940 0
87002 0
87508 0
87576 0
87864 0
87888 0
88059 0
88134 0
88174 0
88629 0
88991 0
89106 0
89380 0
89447 0
89719 0
90418 0
90829 0
91156 0
91282 0
91396 0
91423 0
91432 0
91549 0
91570 0
91835 0
92068 0
92123 0
92169 0
92489 0
92892 0
92969 0
93344 0
93786 0
93806 0
94885 0
94930 0
95144 0
95455 0
95553 0
95557 0
95749 0
95883 0
96175 0
96276 0
96795 0
96889 0
96892 0
96960 0
97120 0
97288 0
98320 0
98327 0
98615 0
98674 0
98709 0
98824 0
98896 0
99405 0
99418 0
99537 0
99679 0
99813 0
