c This is a uniform distributed  1-D DIMACS file 
c width height point_number
p 1000 1000 512
3 0
4 0
8 0
10 0
12 0
13 0
14 0
15 0
16 0
17 0
18 0
20 0
21 0
22 0
24 0
25 0
26 0
27 0
28 0
29 0
30 0
31 0
32 0
34 0
36 0
37 0
39 0
42 0
43 0
46 0
48 0
50 0
51 0
52 0
56 0
60 0
65 0
66 0
68 0
69 0
71 0
72 0
76 0
83 0
86 0
88 0
90 0
91 0
92 0
95 0
96 0
97 0
99 0
107 0
108 0
110 0
112 0
113 0
114 0
115 0
117 0
118 0
119 0
121 0
122 0
124 0
125 0
127 0
128 0
129 0
131 0
132 0
133 0
134 0
137 0
138 0
140 0
141 0
143 0
145 0
146 0
147 0
148 0
150 0
151 0
153 0
154 0
155 0
159 0
160 0
162 0
163 0
165 0
166 0
168 0
170 0
171 0
172 0
173 0
174 0
176 0
177 0
182 0
185 0
187 0
188 0
189 0
191 0
194 0
195 0
198 0
200 0
202 0
203 0
205 0
207 0
209 0
211 0
214 0
216 0
217 0
221 0
222 0
223 0
225 0
226 0
228 0
235 0
236 0
237 0
238 0
240 0
243 0
245 0
246 0
247 0
248 0
250 0
252 0
253 0
255 0
256 0
260 0
261 0
262 0
264 0
265 0
267 0
268 0
269 0
270 0
271 0
273 0
274 0
275 0
276 0
277 0
278 0
280 0
281 0
282 0
283 0
284 0
286 0
288 0
289 0
290 0
293 0
295 0
296 0
297 0
298 0
302 0
305 0
307 0
311 0
313 0
319 0
321 0
322 0
324 0
325 0
328 0
332 0
335 0
336 0
337 0
339 0
340 0
341 0
342 0
344 0
346 0
350 0
352 0
353 0
354 0
356 0
358 0
362 0
367 0
369 0
370 0
373 0
374 0
375 0
377 0
379 0
380 0
382 0
384 0
385 0
387 0
388 0
389 0
391 0
392 0
400 0
404 0
405 0
406 0
407 0
412 0
413 0
414 0
415 0
419 0
421 0
424 0
426 0
431 0
434 0
435 0
437 0
439 0
443 0
453 0
455 0
456 0
461 0
462 0
463 0
464 0
467 0
472 0
474 0
475 0
479 0
480 0
483 0
485 0
486 0
491 0
494 0
495 0
496 0
498 0
499 0
500 0
504 0
506 0
507 0
509 0
510 0
515 0
517 0
518 0
520 0
521 0
522 0
523 0
526 0
527 0
530 0
532 0
533 0
535 0
542 0
545 0
546 0
547 0
551 0
552 0
557 0
559 0
560 0
562 0
564 0
565 0
570 0
573 0
574 0
575 0
577 0
578 0
579 0
581 0
582 0
585 0
586 0
587 0
588 0
591 0
592 0
594 0
595 0
597 0
599 0
604 0
606 0
608 0
609 0
610 0
611 0
612 0
614 0
616 0
617 0
618 0
620 0
621 0
623 0
627 0
630 0
631 0
633 0
636 0
637 0
639 0
640 0
642 0
643 0
644 0
647 0
650 0
651 0
652 0
653 0
656 0
658 0
661 0
662 0
664 0
665 0
669 0
670 0
671 0
672 0
673 0
674 0
677 0
678 0
679 0
680 0
682 0
683 0
686 0
687 0
690 0
692 0
696 0
698 0
703 0
705 0
706 0
708 0
709 0
710 0
712 0
713 0
716 0
721 0
724 0
727 0
728 0
729 0
730 0
734 0
737 0
739 0
741 0
743 0
746 0
747 0
748 0
752 0
753 0
755 0
763 0
764 0
765 0
766 0
767 0
768 0
771 0
773 0
774 0
775 0
777 0
781 0
786 0
790 0
791 0
794 0
798 0
799 0
803 0
805 0
806 0
808 0
810 0
811 0
812 0
814 0
819 0
820 0
822 0
823 0
824 0
825 0
828 0
829 0
831 0
834 0
835 0
836 0
837 0
844 0
845 0
847 0
849 0
852 0
853 0
855 0
856 0
857 0
858 0
860 0
862 0
863 0
864 0
865 0
866 0
868 0
870 0
871 0
873 0
874 0
875 0
877 0
882 0
885 0
886 0
887 0
888 0
889 0
891 0
893 0
894 0
895 0
896 0
897 0
899 0
900 0
904 0
908 0
909 0
910 0
920 0
921 0
924 0
927 0
929 0
931 0
932 0
933 0
934 0
935 0
936 0
938 0
942 0
943 0
944 0
946 0
947 0
950 0
951 0
952 0
953 0
958 0
959 0
960 0
961 0
963 0
967 0
968 0
969 0
970 0
972 0
973 0
974 0
975 0
976 0
977 0
980 0
981 0
985 0
987 0
990 0
991 0
992 0
999 0
