c This is a uniform distributed  1-D DIMACS file 
c width height point_number
p 100000 100000 512
94 0
124 0
184 0
648 0
1155 0
1303 0
2254 0
2257 0
2662 0
2666 0
2807 0
2980 0
2981 0
3052 0
3643 0
3827 0
4139 0
4145 0
4261 0
4309 0
4321 0
4645 0
4658 0
4940 0
5364 0
5435 0
5544 0
5932 0
6028 0
6118 0
6456 0
6544 0
6991 0
7186 0
7201 0
7417 0
7909 0
8169 0
8182 0
8492 0
8853 0
8920 0
8943 0
9102 0
9801 0
9898 0
10037 0
10168 0
10496 0
10522 0
10804 0
10916 0
11784 0
11790 0
11986 0
12366 0
12375 0
12552 0
12952 0
13130 0
13304 0
13457 0
13576 0
14468 0
14528 0
14760 0
14851 0
14919 0
15068 0
15320 0
15500 0
15594 0
15686 0
15853 0
15934 0
16283 0
16343 0
16488 0
16520 0
16570 0
16622 0
16639 0
17378 0
17414 0
17539 0
17576 0
17625 0
17859 0
17864 0
17999 0
18418 0
19261 0
19575 0
19865 0
19904 0
19910 0
20023 0
20062 0
20236 0
20359 0
20565 0
20711 0
20778 0
20837 0
21582 0
21685 0
21707 0
21941 0
22106 0
22150 0
22299 0
22492 0
22549 0
22608 0
23016 0
23049 0
23091 0
23171 0
23688 0
24481 0
24563 0
24621 0
24675 0
24973 0
25013 0
25152 0
25376 0
25396 0
25527 0
25725 0
25767 0
25972 0
26327 0
26472 0
26538 0
26708 0
27032 0
27079 0
27139 0
27145 0
27643 0
27871 0
28378 0
28419 0
28584 0
29031 0
29184 0
29248 0
29330 0
29332 0
29401 0
29412 0
29436 0
29496 0
29551 0
29714 0
30342 0
30738 0
30779 0
30785 0
30794 0
30798 0
30912 0
31111 0
31363 0
31494 0
31779 0
31836 0
32332 0
32513 0
32596 0
32920 0
33169 0
33409 0
33687 0
33695 0
34079 0
34109 0
34387 0
34491 0
35552 0
35744 0
35808 0
35845 0
35872 0
35882 0
35947 0
36345 0
36937 0
37143 0
37401 0
37437 0
37488 0
37627 0
37876 0
37986 0
38498 0
38866 0
39126 0
39206 0
39218 0
39285 0
39372 0
39984 0
40164 0
40547 0
40654 0
40696 0
40698 0
40774 0
40822 0
41010 0
41022 0
41224 0
41459 0
41495 0
41594 0
41652 0
41922 0
42019 0
42071 0
42194 0
42371 0
42854 0
43051 0
43059 0
43108 0
43828 0
43999 0
44313 0
44354 0
44462 0
44990 0
45011 0
45161 0
45304 0
45865 0
45975 0
46271 0
46372 0
46377 0
46381 0
46619 0
46688 0
46729 0
46999 0
47131 0
47180 0
47268 0
47281 0
47426 0
47985 0
48053 0
48226 0
48342 0
48379 0
48554 0
48778 0
49029 0
49116 0
49304 0
49409 0
49629 0
49967 0
50137 0
50441 0
50556 0
50687 0
51350 0
52491 0
52621 0
52705 0
52832 0
53011 0
53176 0
53276 0
53358 0
53571 0
53679 0
53698 0
53863 0
53953 0
54419 0
54438 0
54446 0
55082 0
55147 0
55208 0
55213 0
55868 0
55948 0
56377 0
56415 0
57012 0
57074 0
57168 0
57316 0
58435 0
58473 0
58527 0
58667 0
58791 0
58913 0
59157 0
59235 0
59297 0
59364 0
59559 0
59610 0
59660 0
59665 0
59666 0
59675 0
59835 0
59848 0
60017 0
60059 0
60117 0
60708 0
60985 0
61048 0
61087 0
61197 0
61239 0
61331 0
61534 0
61535 0
62186 0
62395 0
62500 0
62585 0
62911 0
63209 0
63592 0
63610 0
63638 0
63928 0
64163 0
64310 0
64354 0
64362 0
64651 0
65006 0
65168 0
65344 0
65426 0
65440 0
65491 0
65573 0
65653 0
65857 0
65990 0
67021 0
67203 0
67263 0
67597 0
67969 0
67978 0
68054 0
68193 0
68318 0
68499 0
68502 0
68580 0
68980 0
69301 0
69390 0
69731 0
69765 0
69849 0
69930 0
70005 0
70111 0
70298 0
70422 0
70492 0
70597 0
70681 0
70774 0
71015 0
71291 0
71419 0
71453 0
71702 0
71743 0
71843 0
72291 0
72328 0
72777 0
73266 0
73303 0
73455 0
73589 0
73930 0
74217 0
74249 0
74356 0
75349 0
75444 0
75485 0
75546 0
75833 0
76376 0
76394 0
76654 0
76809 0
76967 0
77175 0
77538 0
78331 0
78427 0
78437 0
79300 0
79310 0
79452 0
79552 0
79905 0
79955 0
80271 0
80695 0
80906 0
80930 0
81123 0
81219 0
81415 0
81435 0
81447 0
81516 0
81539 0
81572 0
81597 0
81673 0
82621 0
82774 0
82792 0
82991 0
83140 0
83242 0
83522 0
83564 0
83637 0
83939 0
84006 0
84291 0
84408 0
84413 0
84649 0
85033 0
85811 0
86331 0
86486 0
86874 0
86954 0
87104 0
87229 0
87418 0
87521 0
87531 0
88162 0
88174 0
88202 0
88276 0
88337 0
88470 0
88908 0
89095 0
89352 0
89481 0
89703 0
89734 0
89968 0
90445 0
90492 0
91322 0
91333 0
91348 0
91563 0
91891 0
91953 0
92061 0
92135 0
92395 0
92557 0
92789 0
92993 0
93092 0
94043 0
94678 0
94781 0
95005 0
95216 0
95403 0
95620 0
95732 0
96314 0
96335 0
96348 0
96413 0
96425 0
96873 0
97234 0
97461 0
97949 0
98275 0
98327 0
98389 0
98462 0
98749 0
98946 0
99043 0
99601 0
99612 0
