c This is a uniform distributed  1-D DIMACS file 
c width height point_number
p 1000 1000 512
8 0
10 0
13 0
14 0
16 0
20 0
21 0
23 0
24 0
26 0
30 0
32 0
34 0
36 0
42 0
43 0
44 0
45 0
46 0
47 0
48 0
52 0
55 0
58 0
59 0
63 0
65 0
67 0
69 0
70 0
72 0
74 0
76 0
77 0
80 0
81 0
82 0
84 0
86 0
87 0
88 0
89 0
91 0
96 0
100 0
102 0
105 0
107 0
109 0
111 0
112 0
114 0
115 0
116 0
117 0
120 0
121 0
124 0
125 0
127 0
128 0
129 0
130 0
138 0
140 0
143 0
144 0
145 0
146 0
150 0
151 0
152 0
157 0
160 0
164 0
165 0
168 0
170 0
171 0
178 0
181 0
183 0
185 0
190 0
191 0
193 0
196 0
197 0
199 0
200 0
203 0
212 0
217 0
218 0
219 0
221 0
225 0
226 0
228 0
229 0
231 0
233 0
235 0
238 0
239 0
240 0
242 0
245 0
246 0
247 0
249 0
251 0
252 0
255 0
257 0
258 0
264 0
266 0
268 0
271 0
273 0
274 0
279 0
280 0
282 0
283 0
286 0
288 0
289 0
290 0
293 0
296 0
297 0
298 0
299 0
300 0
301 0
303 0
304 0
305 0
306 0
307 0
308 0
310 0
312 0
315 0
316 0
317 0
318 0
322 0
324 0
327 0
333 0
334 0
335 0
336 0
337 0
341 0
342 0
344 0
345 0
346 0
348 0
350 0
351 0
352 0
353 0
355 0
356 0
357 0
362 0
363 0
364 0
366 0
368 0
371 0
372 0
374 0
375 0
376 0
378 0
379 0
380 0
381 0
385 0
386 0
388 0
391 0
392 0
393 0
395 0
397 0
399 0
400 0
403 0
404 0
405 0
411 0
413 0
414 0
415 0
416 0
417 0
419 0
420 0
424 0
425 0
426 0
427 0
428 0
429 0
430 0
431 0
435 0
436 0
438 0
440 0
445 0
450 0
451 0
452 0
453 0
455 0
456 0
457 0
458 0
459 0
460 0
462 0
464 0
465 0
466 0
470 0
473 0
475 0
478 0
479 0
480 0
483 0
489 0
492 0
493 0
498 0
500 0
502 0
504 0
505 0
506 0
507 0
509 0
510 0
511 0
512 0
513 0
516 0
518 0
519 0
520 0
521 0
523 0
524 0
528 0
529 0
530 0
533 0
536 0
537 0
539 0
540 0
541 0
544 0
547 0
548 0
551 0
552 0
555 0
556 0
557 0
558 0
562 0
563 0
564 0
565 0
566 0
567 0
568 0
569 0
571 0
572 0
574 0
576 0
579 0
583 0
584 0
585 0
588 0
590 0
591 0
593 0
594 0
597 0
599 0
600 0
601 0
603 0
604 0
605 0
606 0
611 0
612 0
619 0
620 0
622 0
623 0
624 0
627 0
629 0
631 0
632 0
633 0
635 0
636 0
638 0
639 0
640 0
642 0
645 0
647 0
653 0
654 0
655 0
656 0
657 0
658 0
662 0
665 0
668 0
671 0
672 0
674 0
676 0
677 0
678 0
680 0
684 0
685 0
690 0
691 0
692 0
693 0
694 0
695 0
697 0
700 0
702 0
703 0
705 0
709 0
710 0
712 0
715 0
716 0
717 0
718 0
719 0
721 0
723 0
725 0
728 0
732 0
733 0
734 0
735 0
737 0
738 0
740 0
745 0
748 0
749 0
751 0
752 0
754 0
755 0
756 0
757 0
758 0
760 0
765 0
769 0
771 0
774 0
777 0
784 0
786 0
787 0
789 0
790 0
795 0
799 0
802 0
806 0
807 0
810 0
811 0
812 0
814 0
815 0
816 0
819 0
820 0
821 0
822 0
824 0
825 0
826 0
828 0
829 0
832 0
833 0
834 0
835 0
836 0
837 0
840 0
842 0
843 0
844 0
845 0
848 0
851 0
853 0
854 0
855 0
857 0
858 0
859 0
860 0
861 0
864 0
866 0
867 0
868 0
869 0
871 0
872 0
873 0
875 0
881 0
882 0
885 0
886 0
888 0
889 0
891 0
895 0
897 0
898 0
899 0
901 0
902 0
903 0
908 0
909 0
910 0
911 0
912 0
913 0
918 0
920 0
922 0
923 0
924 0
928 0
929 0
931 0
933 0
935 0
936 0
938 0
940 0
942 0
945 0
946 0
949 0
950 0
951 0
952 0
960 0
963 0
964 0
965 0
966 0
970 0
971 0
975 0
978 0
979 0
980 0
981 0
982 0
984 0
985 0
987 0
988 0
989 0
990 0
992 0
994 0
996 0
997 0
998 0
999 0
