c This is a uniform distributed  1-D DIMACS file 
c width height point_number
p 1000 1000 512
1 0
2 0
3 0
4 0
7 0
9 0
10 0
11 0
12 0
15 0
18 0
19 0
20 0
21 0
22 0
23 0
24 0
25 0
26 0
27 0
32 0
34 0
37 0
38 0
39 0
40 0
43 0
44 0
45 0
47 0
48 0
50 0
54 0
55 0
56 0
59 0
60 0
68 0
69 0
70 0
71 0
73 0
75 0
78 0
79 0
80 0
83 0
85 0
86 0
87 0
93 0
94 0
96 0
97 0
98 0
100 0
101 0
102 0
103 0
104 0
106 0
107 0
108 0
109 0
114 0
115 0
116 0
118 0
119 0
120 0
121 0
123 0
127 0
128 0
129 0
130 0
134 0
136 0
137 0
138 0
140 0
141 0
143 0
146 0
147 0
148 0
149 0
150 0
154 0
156 0
157 0
159 0
163 0
165 0
167 0
171 0
172 0
173 0
174 0
177 0
184 0
185 0
186 0
187 0
188 0
189 0
191 0
192 0
195 0
199 0
202 0
204 0
206 0
207 0
209 0
210 0
214 0
216 0
218 0
220 0
223 0
224 0
225 0
227 0
228 0
231 0
233 0
234 0
237 0
239 0
240 0
241 0
242 0
243 0
244 0
245 0
246 0
247 0
248 0
249 0
257 0
259 0
260 0
261 0
262 0
265 0
269 0
274 0
275 0
277 0
278 0
279 0
280 0
282 0
283 0
289 0
292 0
294 0
297 0
298 0
299 0
301 0
302 0
305 0
306 0
309 0
313 0
315 0
323 0
325 0
327 0
328 0
329 0
331 0
334 0
335 0
336 0
339 0
345 0
348 0
349 0
351 0
352 0
353 0
354 0
355 0
357 0
358 0
359 0
362 0
363 0
364 0
365 0
366 0
367 0
368 0
369 0
370 0
373 0
374 0
376 0
377 0
381 0
382 0
385 0
386 0
389 0
390 0
391 0
399 0
400 0
406 0
407 0
409 0
410 0
411 0
413 0
415 0
417 0
418 0
420 0
422 0
423 0
424 0
425 0
426 0
427 0
429 0
430 0
433 0
434 0
436 0
437 0
438 0
440 0
441 0
442 0
445 0
447 0
449 0
450 0
451 0
452 0
453 0
454 0
456 0
457 0
459 0
460 0
461 0
462 0
465 0
468 0
469 0
471 0
473 0
476 0
477 0
481 0
482 0
484 0
485 0
486 0
488 0
489 0
490 0
491 0
493 0
495 0
496 0
497 0
499 0
501 0
502 0
503 0
508 0
509 0
510 0
514 0
515 0
518 0
519 0
522 0
525 0
526 0
528 0
529 0
531 0
532 0
533 0
534 0
536 0
537 0
538 0
539 0
542 0
544 0
545 0
548 0
549 0
551 0
555 0
556 0
561 0
565 0
567 0
570 0
574 0
575 0
576 0
583 0
585 0
586 0
590 0
599 0
600 0
602 0
603 0
605 0
606 0
607 0
609 0
610 0
611 0
615 0
616 0
617 0
619 0
623 0
626 0
628 0
629 0
631 0
633 0
634 0
635 0
639 0
641 0
642 0
643 0
645 0
649 0
650 0
652 0
654 0
657 0
658 0
659 0
662 0
664 0
667 0
668 0
670 0
671 0
673 0
674 0
677 0
678 0
681 0
682 0
685 0
686 0
687 0
690 0
692 0
693 0
697 0
698 0
701 0
702 0
703 0
705 0
706 0
710 0
712 0
714 0
716 0
718 0
720 0
721 0
724 0
725 0
728 0
729 0
730 0
731 0
732 0
733 0
734 0
735 0
738 0
739 0
740 0
741 0
743 0
747 0
749 0
751 0
755 0
758 0
759 0
760 0
761 0
762 0
763 0
766 0
767 0
772 0
773 0
775 0
776 0
777 0
779 0
784 0
786 0
787 0
788 0
789 0
790 0
792 0
795 0
798 0
799 0
800 0
803 0
804 0
805 0
809 0
810 0
811 0
812 0
813 0
815 0
817 0
818 0
820 0
827 0
828 0
831 0
839 0
840 0
842 0
843 0
845 0
846 0
849 0
853 0
862 0
864 0
867 0
868 0
871 0
872 0
874 0
875 0
877 0
880 0
884 0
886 0
888 0
890 0
891 0
895 0
896 0
902 0
906 0
910 0
913 0
914 0
915 0
917 0
918 0
925 0
927 0
930 0
931 0
934 0
935 0
938 0
939 0
941 0
945 0
946 0
947 0
948 0
949 0
951 0
953 0
954 0
955 0
956 0
957 0
959 0
960 0
961 0
962 0
964 0
965 0
968 0
975 0
976 0
979 0
981 0
982 0
985 0
987 0
989 0
992 0
993 0
994 0
997 0
998 0
