c This is a uniform distributed  1-D DIMACS file 
c width height point_number
p 100000 100000 512
270 0
304 0
388 0
555 0
779 0
792 0
817 0
982 0
1291 0
1401 0
1409 0
1427 0
2186 0
2569 0
2595 0
2668 0
2714 0
3326 0
3457 0
3650 0
3738 0
4010 0
4260 0
4503 0
4930 0
5042 0
5045 0
5143 0
5311 0
5330 0
5332 0
5392 0
5597 0
5614 0
6435 0
6702 0
6913 0
7407 0
7616 0
7944 0
8174 0
8460 0
8600 0
8921 0
9070 0
9129 0
9525 0
9701 0
9712 0
9852 0
9931 0
10030 0
10169 0
10349 0
10989 0
11121 0
11540 0
11594 0
11818 0
12252 0
12353 0
12426 0
12818 0
12887 0
12892 0
12944 0
13028 0
13161 0
13269 0
13391 0
13534 0
13665 0
13672 0
13957 0
13998 0
14107 0
14229 0
14239 0
14427 0
14435 0
14729 0
14838 0
15207 0
16167 0
16218 0
16243 0
16322 0
16338 0
16448 0
16599 0
16910 0
16998 0
17311 0
17886 0
17940 0
18016 0
18026 0
18238 0
18406 0
18537 0
18740 0
18965 0
19188 0
19454 0
19825 0
19987 0
20089 0
20131 0
20142 0
20388 0
20741 0
21068 0
21343 0
21409 0
21689 0
21994 0
22342 0
22454 0
22572 0
22750 0
23039 0
23066 0
23331 0
23432 0
23672 0
23690 0
23809 0
23869 0
23947 0
24324 0
24341 0
24702 0
24876 0
25044 0
25081 0
25514 0
25524 0
25586 0
25624 0
26026 0
26365 0
26711 0
27047 0
27360 0
27832 0
28248 0
28260 0
28472 0
28862 0
28953 0
29056 0
29144 0
29557 0
29736 0
29743 0
29749 0
29889 0
29922 0
29973 0
30277 0
31035 0
31149 0
31267 0
31572 0
31581 0
31615 0
31686 0
31909 0
31920 0
32001 0
32115 0
32472 0
32597 0
32877 0
32893 0
33595 0
33877 0
33999 0
34163 0
34168 0
34324 0
34485 0
34662 0
34752 0
34816 0
35256 0
35341 0
35482 0
35601 0
35628 0
36075 0
36206 0
36276 0
36380 0
36436 0
36707 0
36849 0
36950 0
37166 0
37264 0
37414 0
37446 0
37487 0
37795 0
37863 0
37897 0
37925 0
38066 0
38125 0
38137 0
38182 0
38577 0
38814 0
38947 0
39030 0
39239 0
39431 0
39704 0
39822 0
40014 0
40032 0
40284 0
40465 0
40629 0
40929 0
41303 0
41512 0
41643 0
41983 0
42544 0
42574 0
42714 0
42979 0
43004 0
43132 0
43219 0
43499 0
43744 0
43778 0
44049 0
44177 0
44222 0
44334 0
44407 0
44517 0
44612 0
44685 0
44732 0
44833 0
44928 0
44983 0
45157 0
45237 0
45275 0
45333 0
45503 0
45712 0
45767 0
46173 0
46255 0
46459 0
46665 0
46713 0
46751 0
46899 0
46966 0
46970 0
47399 0
47765 0
47812 0
48099 0
48447 0
48448 0
48713 0
48878 0
48964 0
49163 0
49336 0
49436 0
49457 0
49876 0
50211 0
50387 0
50427 0
50554 0
50882 0
50985 0
51144 0
52164 0
52453 0
52502 0
52538 0
53149 0
53175 0
53596 0
53702 0
53819 0
53881 0
54071 0
55371 0
55578 0
56016 0
56057 0
56214 0
56307 0
56357 0
56525 0
56762 0
56798 0
57119 0
57501 0
57906 0
58015 0
58056 0
58246 0
58954 0
59246 0
59344 0
59348 0
59626 0
60074 0
60295 0
60648 0
60888 0
61091 0
61113 0
61294 0
61347 0
61355 0
62221 0
62460 0
62928 0
63012 0
63029 0
63115 0
63387 0
63410 0
63517 0
63599 0
63771 0
63829 0
63937 0
63955 0
64000 0
64022 0
64582 0
64931 0
65258 0
65397 0
65879 0
66039 0
66228 0
66339 0
66587 0
66794 0
67022 0
67148 0
67193 0
67309 0
67481 0
67504 0
67529 0
67801 0
67828 0
67871 0
68032 0
68035 0
68102 0
68389 0
68811 0
68954 0
68995 0
69424 0
69703 0
69745 0
69843 0
70057 0
70297 0
70405 0
70894 0
71119 0
72134 0
72640 0
72816 0
72967 0
73328 0
73662 0
73667 0
73769 0
73884 0
73938 0
73968 0
74102 0
74180 0
74704 0
74796 0
74966 0
75117 0
75341 0
75417 0
75761 0
75783 0
76327 0
76370 0
76525 0
77425 0
77433 0
77457 0
77690 0
77984 0
78296 0
78629 0
78646 0
78769 0
79058 0
79179 0
79316 0
79376 0
79448 0
79600 0
79727 0
79912 0
80020 0
80579 0
81005 0
81222 0
81244 0
81495 0
81869 0
81997 0
83251 0
83270 0
83444 0
83880 0
84031 0
84389 0
84687 0
84747 0
84998 0
85080 0
85186 0
85242 0
85349 0
85628 0
85707 0
85876 0
86039 0
86174 0
86529 0
86811 0
86878 0
86886 0
87443 0
87591 0
87694 0
87704 0
87748 0
88386 0
88570 0
88822 0
88867 0
89393 0
89779 0
90294 0
90369 0
90877 0
90962 0
91287 0
91592 0
91868 0
92388 0
92508 0
92971 0
92975 0
93426 0
93598 0
93788 0
93829 0
93938 0
94059 0
94096 0
94326 0
94330 0
94604 0
94660 0
94814 0
94897 0
94992 0
95082 0
95315 0
95364 0
95446 0
95884 0
95895 0
96131 0
96227 0
96275 0
97030 0
97172 0
97305 0
97457 0
97579 0
97635 0
97829 0
97911 0
98513 0
98533 0
98598 0
98615 0
99458 0
99553 0
99972 0
