c This is a uniform distributed  1-D DIMACS file 
c width height point_number
p 100000 100000 512
248 0
306 0
330 0
803 0
988 0
1108 0
1148 0
1417 0
1572 0
1714 0
1739 0
1989 0
2144 0
2205 0
2347 0
2533 0
2575 0
2714 0
2928 0
3002 0
3249 0
3920 0
3957 0
4183 0
4289 0
4659 0
4771 0
4936 0
5027 0
5075 0
5395 0
5400 0
5466 0
5546 0
5595 0
5940 0
5974 0
6062 0
6454 0
6499 0
6521 0
6800 0
6837 0
7252 0
7384 0
7450 0
7711 0
7910 0
8166 0
8354 0
8431 0
8481 0
8657 0
9021 0
9240 0
9353 0
10004 0
10225 0
10286 0
10340 0
10474 0
10502 0
11500 0
11690 0
11768 0
11784 0
11835 0
12164 0
12273 0
12312 0
12582 0
12770 0
12847 0
12996 0
13101 0
13292 0
13339 0
13438 0
13790 0
13803 0
13815 0
13904 0
13974 0
14825 0
14944 0
15035 0
15309 0
15446 0
15491 0
15511 0
15665 0
15725 0
16009 0
16744 0
16821 0
16845 0
16892 0
16999 0
17195 0
17504 0
17542 0
18018 0
18380 0
18843 0
18990 0
19021 0
19302 0
19337 0
19414 0
19423 0
19502 0
20022 0
20063 0
20276 0
20704 0
20776 0
21141 0
21394 0
21493 0
21510 0
21559 0
21593 0
21859 0
21920 0
22093 0
22127 0
22511 0
22779 0
23539 0
23575 0
23640 0
24175 0
24215 0
24467 0
24554 0
24672 0
25156 0
25325 0
25653 0
25899 0
26043 0
27103 0
27280 0
27355 0
27413 0
27484 0
27519 0
27534 0
27584 0
27620 0
28116 0
28300 0
28604 0
28741 0
29594 0
29607 0
29670 0
29696 0
29714 0
30212 0
30289 0
30291 0
30507 0
30609 0
30627 0
30720 0
30860 0
31345 0
31665 0
31706 0
31921 0
32089 0
32147 0
32334 0
32404 0
32764 0
32850 0
32893 0
33107 0
33622 0
33785 0
34093 0
34403 0
34470 0
34732 0
34744 0
35713 0
35933 0
35951 0
35983 0
36039 0
36266 0
36284 0
36304 0
36438 0
36444 0
36585 0
36675 0
36867 0
37049 0
37124 0
37587 0
37794 0
37874 0
38051 0
38268 0
38633 0
39033 0
39169 0
39477 0
39628 0
39703 0
39847 0
40163 0
40442 0
40612 0
40708 0
40746 0
41004 0
41287 0
42100 0
42467 0
42491 0
42993 0
42994 0
43016 0
43199 0
43321 0
43443 0
43560 0
43684 0
43881 0
43921 0
43950 0
44097 0
44224 0
44828 0
44850 0
45035 0
45056 0
45311 0
45391 0
45502 0
45524 0
45616 0
45728 0
45762 0
46124 0
46236 0
46392 0
46652 0
46939 0
47419 0
47455 0
47647 0
47812 0
48107 0
48237 0
48362 0
48449 0
48987 0
49269 0
49345 0
49513 0
49775 0
50024 0
50189 0
50327 0
50437 0
50643 0
50746 0
50809 0
51008 0
51040 0
51350 0
51352 0
51461 0
51590 0
51958 0
52073 0
52486 0
52554 0
52822 0
53024 0
53218 0
53319 0
53669 0
53928 0
54124 0
54182 0
54254 0
54478 0
54532 0
55029 0
55381 0
55732 0
55932 0
56072 0
56082 0
56524 0
56763 0
56824 0
56860 0
57142 0
57834 0
57943 0
58111 0
58340 0
58482 0
58520 0
58876 0
58890 0
58986 0
59231 0
59402 0
59896 0
60190 0
60201 0
60228 0
60734 0
61433 0
61746 0
61879 0
62358 0
62491 0
62712 0
63041 0
63243 0
63349 0
63625 0
63733 0
63797 0
63899 0
64295 0
64531 0
64723 0
64804 0
65074 0
65096 0
65108 0
65346 0
65475 0
65563 0
65934 0
66368 0
66510 0
66553 0
66728 0
67235 0
67362 0
67482 0
67646 0
67735 0
67763 0
68152 0
68183 0
69363 0
69616 0
70019 0
70301 0
70587 0
70679 0
71056 0
71174 0
71216 0
71539 0
71762 0
71813 0
71994 0
72154 0
72176 0
72291 0
72749 0
72756 0
72759 0
73013 0
73236 0
73679 0
73717 0
73737 0
73778 0
73887 0
74598 0
75078 0
75111 0
75125 0
75151 0
75168 0
75253 0
75455 0
75648 0
75863 0
75921 0
76140 0
76329 0
76438 0
76722 0
76729 0
77262 0
77856 0
78012 0
78155 0
78207 0
78574 0
78730 0
78843 0
79286 0
79711 0
79789 0
80055 0
80532 0
80706 0
80763 0
81133 0
81228 0
81299 0
81315 0
81328 0
81571 0
81706 0
81949 0
82165 0
82573 0
82942 0
82999 0
83016 0
83035 0
83157 0
83163 0
83165 0
84062 0
84486 0
84511 0
84688 0
85548 0
85578 0
85721 0
86052 0
86260 0
86537 0
86594 0
86838 0
86987 0
87031 0
87223 0
87776 0
88314 0
88533 0
89767 0
89936 0
90497 0
90579 0
90629 0
90751 0
90766 0
90791 0
90907 0
90987 0
91099 0
91141 0
91243 0
91315 0
91695 0
91884 0
92470 0
92602 0
92881 0
92890 0
93059 0
93302 0
93600 0
93712 0
93754 0
94217 0
94364 0
94430 0
94444 0
94730 0
94977 0
95117 0
95238 0
95319 0
95451 0
95673 0
95849 0
95904 0
96419 0
96506 0
96717 0
96869 0
96975 0
97124 0
97220 0
97256 0
97464 0
97489 0
97558 0
97593 0
97606 0
97931 0
98078 0
98152 0
98482 0
98602 0
98739 0
98787 0
99087 0
99154 0
99164 0
99270 0
99345 0
99985 0
