c This is a uniform distributed  1-D DIMACS file 
c width height point_number
p 1000 1000 512
1 0
2 0
3 0
5 0
6 0
7 0
8 0
11 0
12 0
13 0
15 0
16 0
18 0
20 0
22 0
23 0
24 0
27 0
28 0
30 0
32 0
33 0
34 0
35 0
36 0
37 0
38 0
40 0
46 0
47 0
48 0
49 0
50 0
51 0
52 0
60 0
63 0
66 0
67 0
70 0
71 0
73 0
77 0
79 0
82 0
83 0
86 0
88 0
89 0
96 0
97 0
102 0
103 0
105 0
107 0
108 0
109 0
110 0
111 0
112 0
114 0
115 0
118 0
119 0
120 0
123 0
124 0
128 0
130 0
131 0
132 0
133 0
134 0
138 0
139 0
141 0
144 0
147 0
151 0
153 0
154 0
155 0
156 0
157 0
158 0
161 0
163 0
164 0
165 0
166 0
168 0
169 0
171 0
172 0
175 0
177 0
178 0
180 0
181 0
183 0
184 0
185 0
188 0
189 0
190 0
191 0
193 0
197 0
198 0
199 0
200 0
203 0
204 0
208 0
209 0
210 0
213 0
214 0
216 0
217 0
218 0
221 0
222 0
224 0
226 0
230 0
232 0
233 0
236 0
237 0
238 0
241 0
244 0
245 0
246 0
247 0
249 0
253 0
254 0
256 0
257 0
260 0
261 0
262 0
264 0
265 0
267 0
272 0
273 0
274 0
276 0
279 0
280 0
281 0
282 0
283 0
284 0
285 0
287 0
292 0
293 0
295 0
296 0
299 0
302 0
307 0
309 0
310 0
318 0
319 0
325 0
330 0
332 0
333 0
334 0
336 0
338 0
341 0
343 0
345 0
347 0
350 0
355 0
356 0
357 0
358 0
360 0
361 0
363 0
364 0
366 0
368 0
370 0
372 0
374 0
376 0
377 0
378 0
379 0
380 0
382 0
383 0
384 0
385 0
387 0
392 0
393 0
394 0
395 0
396 0
398 0
399 0
403 0
404 0
411 0
412 0
413 0
415 0
417 0
419 0
420 0
421 0
423 0
427 0
428 0
432 0
434 0
438 0
440 0
441 0
442 0
444 0
450 0
452 0
457 0
460 0
462 0
463 0
464 0
465 0
467 0
469 0
472 0
473 0
474 0
476 0
477 0
478 0
479 0
481 0
483 0
484 0
486 0
488 0
492 0
493 0
495 0
496 0
497 0
498 0
500 0
501 0
504 0
505 0
506 0
508 0
509 0
510 0
511 0
512 0
513 0
516 0
520 0
528 0
529 0
530 0
533 0
535 0
537 0
539 0
541 0
542 0
544 0
548 0
549 0
554 0
555 0
556 0
558 0
559 0
561 0
562 0
563 0
566 0
569 0
570 0
572 0
573 0
574 0
575 0
576 0
581 0
582 0
585 0
587 0
588 0
592 0
593 0
594 0
598 0
600 0
601 0
603 0
604 0
606 0
607 0
610 0
612 0
613 0
614 0
615 0
620 0
621 0
622 0
624 0
625 0
626 0
629 0
631 0
632 0
642 0
643 0
646 0
647 0
649 0
650 0
651 0
652 0
655 0
657 0
658 0
663 0
664 0
668 0
672 0
673 0
674 0
675 0
677 0
678 0
679 0
682 0
683 0
686 0
689 0
690 0
691 0
692 0
693 0
694 0
696 0
697 0
699 0
702 0
706 0
707 0
708 0
709 0
714 0
716 0
717 0
718 0
722 0
725 0
732 0
734 0
735 0
737 0
738 0
739 0
740 0
742 0
743 0
744 0
745 0
747 0
749 0
750 0
755 0
756 0
758 0
759 0
761 0
762 0
763 0
765 0
769 0
770 0
773 0
779 0
780 0
782 0
784 0
786 0
787 0
791 0
796 0
797 0
799 0
800 0
801 0
802 0
803 0
804 0
805 0
806 0
808 0
809 0
811 0
813 0
815 0
819 0
823 0
825 0
826 0
828 0
829 0
831 0
834 0
837 0
838 0
839 0
840 0
841 0
845 0
848 0
851 0
852 0
853 0
856 0
857 0
858 0
859 0
860 0
861 0
864 0
865 0
872 0
874 0
876 0
877 0
879 0
882 0
883 0
885 0
888 0
889 0
892 0
896 0
903 0
906 0
908 0
909 0
910 0
912 0
916 0
917 0
922 0
923 0
925 0
926 0
928 0
929 0
930 0
931 0
932 0
934 0
936 0
938 0
939 0
941 0
942 0
943 0
944 0
946 0
950 0
951 0
954 0
955 0
956 0
957 0
960 0
961 0
962 0
963 0
964 0
965 0
967 0
968 0
969 0
970 0
971 0
974 0
976 0
982 0
983 0
986 0
987 0
989 0
990 0
991 0
993 0
