c This is a uniform distributed  1-D DIMACS file 
c width height point_number
p 1000 1000 512
2 0
10 0
13 0
14 0
15 0
20 0
22 0
23 0
24 0
25 0
33 0
34 0
36 0
37 0
38 0
39 0
40 0
42 0
47 0
49 0
50 0
51 0
52 0
54 0
55 0
58 0
59 0
60 0
61 0
62 0
63 0
64 0
65 0
66 0
71 0
72 0
76 0
78 0
80 0
82 0
83 0
85 0
86 0
88 0
89 0
90 0
91 0
93 0
94 0
95 0
97 0
98 0
99 0
104 0
107 0
108 0
109 0
110 0
111 0
114 0
115 0
116 0
118 0
119 0
120 0
121 0
122 0
123 0
127 0
128 0
129 0
130 0
133 0
138 0
139 0
142 0
143 0
146 0
150 0
153 0
154 0
155 0
157 0
159 0
162 0
168 0
170 0
171 0
175 0
176 0
178 0
179 0
180 0
184 0
185 0
186 0
187 0
190 0
191 0
194 0
195 0
196 0
197 0
198 0
199 0
201 0
203 0
204 0
209 0
211 0
213 0
216 0
218 0
223 0
226 0
228 0
229 0
235 0
236 0
239 0
240 0
241 0
242 0
244 0
246 0
249 0
251 0
254 0
255 0
257 0
258 0
259 0
260 0
268 0
269 0
271 0
273 0
274 0
276 0
277 0
278 0
279 0
280 0
281 0
282 0
285 0
286 0
287 0
289 0
290 0
292 0
293 0
296 0
297 0
298 0
299 0
302 0
303 0
304 0
305 0
309 0
310 0
311 0
321 0
323 0
325 0
331 0
332 0
337 0
338 0
339 0
340 0
341 0
347 0
348 0
350 0
351 0
353 0
354 0
356 0
359 0
363 0
366 0
367 0
368 0
369 0
370 0
373 0
374 0
375 0
376 0
381 0
383 0
384 0
388 0
389 0
391 0
394 0
397 0
398 0
405 0
406 0
408 0
409 0
412 0
413 0
414 0
416 0
419 0
423 0
427 0
428 0
430 0
431 0
432 0
434 0
436 0
438 0
440 0
441 0
446 0
447 0
448 0
449 0
451 0
452 0
454 0
455 0
456 0
457 0
458 0
463 0
465 0
468 0
469 0
472 0
473 0
474 0
478 0
479 0
481 0
482 0
486 0
488 0
490 0
496 0
499 0
501 0
502 0
505 0
506 0
509 0
510 0
511 0
517 0
518 0
519 0
521 0
522 0
525 0
526 0
528 0
529 0
535 0
537 0
542 0
543 0
547 0
549 0
552 0
553 0
554 0
555 0
556 0
557 0
558 0
560 0
562 0
565 0
566 0
568 0
569 0
571 0
577 0
578 0
579 0
580 0
581 0
582 0
584 0
589 0
590 0
593 0
594 0
596 0
597 0
603 0
605 0
607 0
609 0
611 0
613 0
615 0
616 0
617 0
618 0
619 0
620 0
621 0
622 0
623 0
624 0
626 0
627 0
628 0
629 0
630 0
632 0
634 0
635 0
636 0
638 0
639 0
641 0
642 0
650 0
651 0
655 0
658 0
661 0
662 0
664 0
666 0
667 0
668 0
670 0
678 0
679 0
680 0
681 0
683 0
684 0
687 0
688 0
689 0
690 0
691 0
692 0
694 0
696 0
697 0
698 0
700 0
702 0
704 0
705 0
706 0
707 0
708 0
710 0
711 0
713 0
717 0
719 0
721 0
722 0
725 0
726 0
727 0
729 0
730 0
731 0
733 0
734 0
737 0
740 0
744 0
748 0
749 0
750 0
754 0
757 0
759 0
761 0
762 0
763 0
764 0
765 0
766 0
768 0
770 0
774 0
776 0
777 0
778 0
783 0
785 0
787 0
788 0
791 0
793 0
796 0
802 0
803 0
804 0
807 0
810 0
811 0
812 0
813 0
814 0
815 0
816 0
817 0
822 0
823 0
824 0
826 0
829 0
830 0
832 0
834 0
835 0
838 0
839 0
840 0
841 0
842 0
843 0
844 0
845 0
846 0
847 0
850 0
851 0
854 0
860 0
861 0
862 0
863 0
865 0
872 0
874 0
875 0
878 0
880 0
881 0
882 0
883 0
885 0
886 0
888 0
889 0
890 0
891 0
892 0
894 0
898 0
899 0
900 0
903 0
904 0
906 0
907 0
908 0
911 0
912 0
913 0
914 0
917 0
918 0
921 0
922 0
923 0
924 0
925 0
929 0
932 0
933 0
934 0
935 0
937 0
938 0
939 0
940 0
945 0
949 0
950 0
953 0
956 0
957 0
958 0
961 0
962 0
964 0
966 0
967 0
970 0
971 0
973 0
974 0
980 0
981 0
983 0
984 0
987 0
991 0
994 0
996 0
997 0
998 0
999 0
