c This is a uniform distributed  1-D DIMACS file 
c width height point_number
p 1000 1000 512
2 0
6 0
9 0
11 0
15 0
16 0
18 0
19 0
23 0
25 0
26 0
28 0
29 0
30 0
32 0
35 0
40 0
43 0
44 0
45 0
46 0
47 0
48 0
51 0
56 0
57 0
59 0
61 0
62 0
63 0
67 0
68 0
69 0
71 0
73 0
74 0
76 0
79 0
82 0
85 0
86 0
89 0
90 0
91 0
92 0
94 0
95 0
97 0
99 0
100 0
102 0
104 0
107 0
111 0
112 0
113 0
115 0
117 0
118 0
120 0
121 0
122 0
125 0
127 0
128 0
131 0
132 0
140 0
142 0
146 0
147 0
150 0
151 0
152 0
153 0
157 0
158 0
164 0
166 0
168 0
169 0
170 0
174 0
175 0
176 0
177 0
180 0
182 0
183 0
184 0
185 0
187 0
188 0
189 0
190 0
192 0
193 0
194 0
197 0
199 0
201 0
202 0
205 0
206 0
209 0
213 0
214 0
217 0
218 0
219 0
224 0
226 0
227 0
229 0
230 0
232 0
233 0
234 0
238 0
239 0
241 0
242 0
244 0
246 0
247 0
252 0
256 0
257 0
259 0
260 0
263 0
264 0
266 0
269 0
272 0
274 0
275 0
277 0
280 0
281 0
282 0
285 0
287 0
292 0
296 0
297 0
301 0
302 0
303 0
305 0
307 0
312 0
317 0
318 0
320 0
321 0
322 0
325 0
326 0
327 0
329 0
331 0
333 0
338 0
339 0
341 0
342 0
343 0
344 0
345 0
347 0
348 0
349 0
350 0
352 0
353 0
357 0
358 0
360 0
361 0
362 0
364 0
365 0
370 0
373 0
374 0
375 0
376 0
377 0
378 0
380 0
381 0
385 0
387 0
388 0
389 0
391 0
394 0
395 0
396 0
400 0
402 0
403 0
404 0
405 0
406 0
409 0
410 0
412 0
414 0
415 0
417 0
418 0
420 0
422 0
423 0
424 0
426 0
427 0
428 0
431 0
432 0
434 0
435 0
437 0
439 0
440 0
443 0
444 0
446 0
447 0
448 0
449 0
450 0
451 0
454 0
455 0
457 0
458 0
459 0
460 0
462 0
463 0
464 0
465 0
469 0
470 0
472 0
473 0
475 0
478 0
482 0
484 0
485 0
486 0
489 0
490 0
491 0
492 0
493 0
497 0
498 0
501 0
503 0
504 0
508 0
511 0
513 0
514 0
515 0
516 0
519 0
524 0
525 0
526 0
527 0
532 0
534 0
535 0
536 0
537 0
539 0
540 0
541 0
544 0
545 0
547 0
550 0
551 0
555 0
556 0
557 0
560 0
562 0
563 0
564 0
565 0
567 0
569 0
570 0
571 0
575 0
578 0
579 0
581 0
585 0
586 0
588 0
590 0
592 0
593 0
596 0
600 0
601 0
604 0
608 0
610 0
611 0
612 0
613 0
615 0
620 0
621 0
622 0
627 0
628 0
629 0
634 0
636 0
637 0
639 0
640 0
643 0
644 0
645 0
646 0
647 0
649 0
650 0
652 0
653 0
654 0
656 0
657 0
658 0
659 0
660 0
661 0
662 0
665 0
666 0
670 0
671 0
673 0
674 0
678 0
679 0
680 0
682 0
683 0
684 0
686 0
689 0
691 0
693 0
697 0
699 0
701 0
702 0
705 0
707 0
708 0
710 0
714 0
715 0
719 0
720 0
721 0
723 0
729 0
730 0
732 0
737 0
739 0
748 0
749 0
750 0
752 0
754 0
757 0
758 0
759 0
761 0
764 0
766 0
769 0
771 0
772 0
773 0
775 0
778 0
779 0
780 0
781 0
782 0
785 0
788 0
789 0
791 0
792 0
793 0
796 0
801 0
802 0
804 0
807 0
813 0
816 0
817 0
818 0
819 0
820 0
822 0
823 0
824 0
825 0
826 0
827 0
829 0
830 0
831 0
832 0
836 0
838 0
839 0
841 0
842 0
843 0
845 0
848 0
849 0
850 0
853 0
854 0
860 0
861 0
862 0
864 0
868 0
872 0
874 0
875 0
876 0
877 0
878 0
881 0
883 0
888 0
889 0
890 0
894 0
895 0
896 0
899 0
901 0
904 0
905 0
908 0
909 0
910 0
911 0
914 0
917 0
918 0
919 0
920 0
921 0
922 0
923 0
926 0
927 0
930 0
931 0
935 0
936 0
937 0
943 0
944 0
945 0
953 0
954 0
957 0
960 0
963 0
964 0
970 0
972 0
974 0
978 0
980 0
981 0
982 0
987 0
988 0
989 0
992 0
993 0
994 0
996 0
997 0
998 0
999 0
