c This is a uniform distributed  1-D DIMACS file 
c width height point_number
p 100000 100000 512
207 0
302 0
770 0
855 0
861 0
1017 0
1151 0
1803 0
2050 0
2201 0
2369 0
2558 0
2569 0
2694 0
2696 0
2748 0
2812 0
2870 0
2912 0
3052 0
3344 0
3421 0
3437 0
3562 0
3749 0
3891 0
3988 0
4015 0
4500 0
5238 0
5259 0
5312 0
5531 0
5540 0
5601 0
5802 0
5896 0
5950 0
6103 0
6266 0
6296 0
6656 0
6777 0
6894 0
6911 0
7393 0
7401 0
7806 0
8111 0
8156 0
8309 0
8393 0
8572 0
8681 0
8717 0
8793 0
9269 0
9436 0
9475 0
9663 0
9693 0
10493 0
10628 0
10648 0
10730 0
10966 0
10967 0
11094 0
11112 0
11395 0
11412 0
11535 0
12184 0
12186 0
12667 0
12689 0
12875 0
13285 0
13404 0
13501 0
13546 0
13987 0
15152 0
15339 0
15708 0
15709 0
15796 0
16024 0
16372 0
16647 0
16897 0
16965 0
17020 0
17160 0
17430 0
18048 0
18071 0
18142 0
18432 0
18590 0
18712 0
19191 0
19458 0
19509 0
19739 0
19831 0
20057 0
20933 0
21358 0
21835 0
21919 0
21960 0
21977 0
22300 0
22400 0
22663 0
22672 0
22678 0
23094 0
23248 0
23329 0
23420 0
23484 0
23665 0
23777 0
23898 0
24301 0
24539 0
25185 0
25343 0
25659 0
25940 0
25946 0
26106 0
26310 0
26642 0
26737 0
26855 0
27267 0
27752 0
28252 0
28694 0
29125 0
29300 0
29376 0
29593 0
29856 0
30081 0
30307 0
30536 0
30747 0
31025 0
31552 0
31617 0
32094 0
32098 0
32218 0
32607 0
32636 0
32712 0
32746 0
33160 0
33828 0
33829 0
34585 0
34699 0
34755 0
34767 0
35223 0
35248 0
35774 0
35778 0
35921 0
36213 0
36632 0
37066 0
37158 0
37195 0
37505 0
38045 0
38361 0
38468 0
38624 0
38661 0
39100 0
39354 0
39385 0
39505 0
39735 0
39791 0
40398 0
40758 0
40765 0
40775 0
40819 0
41091 0
41607 0
42108 0
42558 0
42643 0
42942 0
43002 0
43017 0
43485 0
43526 0
43586 0
43920 0
44065 0
44079 0
44132 0
44263 0
45018 0
45237 0
45526 0
45544 0
45715 0
45759 0
46176 0
46215 0
46577 0
46718 0
46844 0
46976 0
47203 0
47255 0
47334 0
48191 0
48355 0
48405 0
48556 0
48748 0
48926 0
48985 0
49081 0
49378 0
49690 0
49727 0
49812 0
50016 0
50109 0
50301 0
50337 0
50637 0
50860 0
50994 0
51006 0
51215 0
51294 0
51408 0
51664 0
51886 0
51991 0
52084 0
52252 0
52257 0
52663 0
52734 0
52922 0
52993 0
52996 0
53007 0
53223 0
53352 0
53708 0
54022 0
54046 0
54241 0
54269 0
54341 0
54385 0
54749 0
54887 0
55017 0
55592 0
55610 0
55681 0
55767 0
55821 0
56045 0
56180 0
56251 0
56492 0
56557 0
56574 0
56662 0
56836 0
56887 0
56959 0
58054 0
58336 0
58872 0
59041 0
59151 0
59639 0
59736 0
60264 0
60404 0
60714 0
61088 0
61136 0
61229 0
61268 0
61374 0
61390 0
61435 0
61859 0
62004 0
62593 0
62624 0
62753 0
62956 0
63209 0
63336 0
63705 0
63735 0
64045 0
64506 0
64821 0
64926 0
65319 0
65698 0
65726 0
65727 0
65734 0
66106 0
66200 0
66236 0
66321 0
66413 0
66558 0
66618 0
66691 0
66804 0
66843 0
67122 0
67173 0
67215 0
67216 0
67222 0
67271 0
67436 0
67564 0
67864 0
67970 0
68028 0
68149 0
68498 0
68841 0
69043 0
69093 0
69164 0
69480 0
69679 0
70032 0
70092 0
70272 0
70314 0
70317 0
70468 0
70593 0
71212 0
71296 0
71911 0
71933 0
72083 0
72410 0
72616 0
72695 0
72790 0
72992 0
73524 0
73531 0
73657 0
73667 0
73745 0
73848 0
73970 0
74066 0
74291 0
74544 0
74741 0
75451 0
75767 0
76214 0
76430 0
76553 0
76821 0
77190 0
77372 0
77374 0
77506 0
77576 0
78070 0
78604 0
78658 0
78782 0
78833 0
78954 0
79310 0
79576 0
79635 0
79910 0
80039 0
80078 0
80136 0
80357 0
80624 0
80739 0
81735 0
82019 0
82075 0
82387 0
82751 0
82799 0
82949 0
82990 0
83105 0
83212 0
83614 0
83764 0
83880 0
84479 0
84652 0
84655 0
84665 0
84897 0
85068 0
85306 0
85315 0
85617 0
85982 0
86203 0
86417 0
86673 0
86780 0
86808 0
86832 0
87055 0
87093 0
87143 0
87236 0
87314 0
87456 0
87499 0
87539 0
87546 0
87898 0
87923 0
87940 0
88615 0
88892 0
89046 0
89136 0
89475 0
89476 0
89481 0
89790 0
89813 0
89913 0
90085 0
90273 0
90736 0
90853 0
90983 0
91084 0
91388 0
91413 0
91748 0
91795 0
91907 0
92068 0
92094 0
92773 0
92788 0
93017 0
93180 0
93265 0
93385 0
93427 0
93469 0
93558 0
93849 0
94180 0
94210 0
94477 0
94661 0
94664 0
94759 0
94842 0
94857 0
95004 0
95260 0
95286 0
95436 0
95743 0
95840 0
95982 0
96277 0
96355 0
96602 0
96753 0
96826 0
97505 0
97889 0
98019 0
98099 0
98507 0
98807 0
99158 0
99300 0
99523 0
99714 0
