c This is a uniform distributed  1-D DIMACS file 
c width height point_number
p 100000 100000 512
256 0
376 0
854 0
932 0
989 0
1109 0
1359 0
1407 0
1694 0
1778 0
2076 0
2450 0
2672 0
2729 0
2817 0
3001 0
3129 0
3490 0
3525 0
3791 0
3833 0
3919 0
4213 0
4294 0
4479 0
4497 0
4923 0
5052 0
5128 0
5200 0
5878 0
5996 0
6135 0
6516 0
6775 0
6820 0
7517 0
7790 0
8160 0
8279 0
8369 0
8634 0
8738 0
8834 0
9206 0
9499 0
9587 0
9694 0
9720 0
9827 0
9932 0
9970 0
10099 0
10192 0
10227 0
10341 0
10342 0
10379 0
10621 0
10825 0
11139 0
11233 0
11377 0
11399 0
11573 0
11682 0
11731 0
12016 0
12135 0
12468 0
12765 0
12769 0
13172 0
13461 0
13683 0
13776 0
13934 0
14342 0
14582 0
14824 0
14916 0
14922 0
15283 0
15545 0
15651 0
16243 0
16548 0
16616 0
16722 0
16902 0
16996 0
17348 0
17430 0
18080 0
18250 0
18770 0
18962 0
19602 0
19659 0
19787 0
20081 0
20509 0
20652 0
21637 0
21947 0
22076 0
23357 0
23859 0
23940 0
24009 0
24206 0
24527 0
24583 0
25077 0
25441 0
25608 0
25872 0
26124 0
26128 0
26242 0
26377 0
26694 0
27053 0
27065 0
27596 0
27733 0
27758 0
27827 0
27883 0
28123 0
28188 0
28209 0
28278 0
28360 0
28421 0
28548 0
28630 0
28857 0
28880 0
28889 0
28930 0
29110 0
29290 0
29699 0
29838 0
29900 0
29962 0
30115 0
30232 0
30633 0
30714 0
31080 0
31525 0
31865 0
32023 0
32392 0
32505 0
32802 0
33200 0
33282 0
33406 0
33761 0
33904 0
34113 0
34202 0
34295 0
34349 0
34753 0
35229 0
35458 0
35721 0
35933 0
36003 0
36360 0
36447 0
36510 0
36526 0
36650 0
36704 0
37192 0
37326 0
37336 0
37915 0
37966 0
38067 0
38162 0
38179 0
38349 0
38514 0
38583 0
38630 0
38640 0
38693 0
38966 0
38980 0
38991 0
39254 0
39366 0
39451 0
39769 0
39789 0
39864 0
39910 0
40357 0
40518 0
41004 0
41083 0
41106 0
41135 0
41182 0
41660 0
41685 0
41686 0
41720 0
41993 0
42253 0
42830 0
42991 0
43112 0
43499 0
43670 0
43747 0
44025 0
44038 0
44169 0
44213 0
44946 0
45237 0
45240 0
45321 0
45641 0
45814 0
46488 0
46633 0
46847 0
46994 0
47028 0
47030 0
47447 0
47583 0
47655 0
47745 0
47761 0
47806 0
47923 0
47976 0
48544 0
48598 0
48669 0
48691 0
48728 0
48932 0
49249 0
49250 0
49270 0
49284 0
49791 0
50267 0
50451 0
50518 0
50552 0
50592 0
50645 0
50744 0
50778 0
50844 0
50890 0
51116 0
51125 0
51303 0
51418 0
51435 0
51587 0
51614 0
51766 0
51996 0
52010 0
52024 0
52409 0
52652 0
52901 0
53162 0
53492 0
53536 0
53602 0
53920 0
54018 0
54045 0
54126 0
54206 0
54461 0
54509 0
54715 0
54770 0
55025 0
55039 0
55390 0
55733 0
55787 0
55868 0
56328 0
56360 0
56420 0
56447 0
56626 0
56677 0
56994 0
57189 0
57418 0
57592 0
57665 0
57671 0
57888 0
58019 0
58186 0
58321 0
58363 0
58402 0
58474 0
58516 0
59263 0
59582 0
59667 0
59715 0
59734 0
59837 0
59960 0
60066 0
60244 0
60427 0
60491 0
60528 0
60544 0
60568 0
60703 0
60733 0
61043 0
61059 0
61153 0
61242 0
61325 0
61482 0
61517 0
61604 0
61723 0
61891 0
62312 0
62549 0
63161 0
63183 0
63320 0
63355 0
63678 0
63952 0
64047 0
64343 0
65186 0
65374 0
65402 0
65567 0
65996 0
66015 0
66675 0
66796 0
67338 0
67667 0
67698 0
67783 0
67787 0
67842 0
67848 0
68452 0
69139 0
69262 0
69667 0
69797 0
70135 0
70714 0
70993 0
71113 0
71275 0
71355 0
71624 0
71960 0
72258 0
72667 0
72942 0
73216 0
73386 0
73576 0
73929 0
74084 0
74124 0
74214 0
74395 0
74677 0
74678 0
74718 0
74724 0
74817 0
74878 0
75184 0
75651 0
75809 0
76017 0
76118 0
76273 0
76319 0
76473 0
76604 0
76701 0
76785 0
77004 0
77208 0
77489 0
77949 0
78003 0
78030 0
78251 0
78336 0
78743 0
78997 0
79087 0
79924 0
80126 0
80176 0
80301 0
80514 0
80776 0
81043 0
81069 0
81126 0
81316 0
81362 0
81449 0
81641 0
81698 0
81839 0
82324 0
82546 0
82684 0
82849 0
83235 0
83302 0
83476 0
83954 0
83976 0
84485 0
84927 0
85039 0
85072 0
85261 0
85787 0
85792 0
85923 0
85987 0
86040 0
86094 0
86124 0
86304 0
86708 0
87453 0
87654 0
87940 0
88741 0
89290 0
89400 0
89635 0
89660 0
89707 0
89984 0
90390 0
90615 0
90689 0
91122 0
91309 0
91454 0
91714 0
92165 0
92290 0
93132 0
93416 0
93673 0
93788 0
93829 0
94028 0
94592 0
94667 0
94772 0
94802 0
95270 0
95415 0
95820 0
95837 0
96082 0
96123 0
96596 0
96659 0
97134 0
97328 0
97388 0
97663 0
97743 0
97938 0
98061 0
98221 0
98525 0
98728 0
99011 0
99057 0
99188 0
99753 0
