c This is a uniform distributed  1-D DIMACS file 
c width height point_number
p 1000 1000 256
3 0
13 0
19 0
20 0
23 0
26 0
27 0
28 0
29 0
31 0
37 0
42 0
46 0
49 0
58 0
60 0
62 0
74 0
77 0
79 0
85 0
87 0
90 0
94 0
97 0
102 0
105 0
124 0
127 0
129 0
134 0
139 0
140 0
150 0
156 0
158 0
160 0
163 0
165 0
174 0
178 0
179 0
188 0
192 0
196 0
200 0
205 0
206 0
207 0
208 0
209 0
214 0
219 0
222 0
232 0
233 0
239 0
241 0
242 0
248 0
249 0
256 0
258 0
261 0
267 0
269 0
278 0
284 0
287 0
289 0
292 0
298 0
299 0
300 0
303 0
305 0
310 0
313 0
314 0
315 0
322 0
324 0
325 0
328 0
329 0
331 0
334 0
335 0
336 0
338 0
340 0
343 0
345 0
347 0
350 0
352 0
356 0
358 0
359 0
364 0
366 0
371 0
375 0
376 0
380 0
388 0
389 0
393 0
395 0
402 0
407 0
411 0
419 0
423 0
424 0
428 0
431 0
434 0
442 0
456 0
463 0
465 0
471 0
472 0
474 0
486 0
489 0
492 0
494 0
513 0
517 0
520 0
522 0
526 0
532 0
545 0
547 0
550 0
556 0
560 0
561 0
563 0
565 0
567 0
574 0
578 0
580 0
588 0
596 0
599 0
602 0
605 0
608 0
612 0
614 0
616 0
618 0
620 0
621 0
622 0
631 0
633 0
635 0
639 0
640 0
641 0
642 0
647 0
651 0
657 0
667 0
669 0
672 0
675 0
677 0
682 0
693 0
694 0
697 0
704 0
708 0
712 0
714 0
715 0
720 0
722 0
723 0
732 0
739 0
745 0
746 0
747 0
748 0
751 0
752 0
753 0
759 0
762 0
764 0
766 0
769 0
773 0
776 0
778 0
782 0
785 0
786 0
797 0
799 0
801 0
802 0
807 0
812 0
821 0
824 0
826 0
831 0
832 0
837 0
844 0
849 0
851 0
852 0
854 0
864 0
866 0
867 0
876 0
878 0
879 0
882 0
883 0
893 0
895 0
897 0
907 0
911 0
916 0
925 0
932 0
936 0
945 0
948 0
953 0
956 0
957 0
960 0
969 0
974 0
978 0
984 0
987 0
989 0
996 0
997 0
999 0
