c This is a uniform distributed  1-D DIMACS file 
c width height point_number
p 1000 1000 256
4 0
6 0
11 0
20 0
22 0
24 0
25 0
30 0
37 0
38 0
41 0
43 0
44 0
45 0
47 0
48 0
50 0
51 0
55 0
59 0
66 0
72 0
75 0
78 0
90 0
91 0
94 0
99 0
101 0
116 0
117 0
123 0
133 0
135 0
139 0
142 0
145 0
147 0
148 0
150 0
154 0
159 0
162 0
164 0
166 0
167 0
171 0
172 0
173 0
177 0
188 0
203 0
204 0
205 0
207 0
211 0
220 0
225 0
230 0
241 0
242 0
244 0
245 0
249 0
251 0
253 0
254 0
257 0
277 0
280 0
281 0
289 0
291 0
296 0
299 0
303 0
305 0
309 0
312 0
313 0
319 0
321 0
323 0
331 0
341 0
346 0
348 0
351 0
366 0
369 0
377 0
379 0
384 0
385 0
389 0
391 0
397 0
398 0
412 0
414 0
418 0
421 0
428 0
433 0
434 0
435 0
436 0
437 0
441 0
442 0
444 0
445 0
446 0
452 0
453 0
454 0
458 0
462 0
463 0
474 0
478 0
483 0
491 0
493 0
502 0
503 0
510 0
512 0
515 0
522 0
527 0
530 0
531 0
541 0
542 0
544 0
545 0
548 0
549 0
556 0
558 0
562 0
564 0
574 0
586 0
588 0
590 0
595 0
601 0
603 0
606 0
607 0
610 0
611 0
613 0
616 0
618 0
625 0
633 0
636 0
638 0
642 0
648 0
653 0
659 0
660 0
661 0
665 0
667 0
673 0
674 0
679 0
686 0
687 0
688 0
689 0
691 0
696 0
707 0
711 0
715 0
720 0
721 0
722 0
732 0
733 0
734 0
738 0
739 0
740 0
750 0
760 0
764 0
765 0
766 0
776 0
787 0
792 0
798 0
810 0
819 0
821 0
824 0
827 0
828 0
829 0
830 0
831 0
832 0
834 0
841 0
843 0
847 0
849 0
852 0
857 0
862 0
863 0
866 0
867 0
871 0
875 0
883 0
886 0
889 0
894 0
897 0
905 0
910 0
917 0
921 0
922 0
938 0
939 0
945 0
956 0
958 0
968 0
969 0
970 0
971 0
972 0
975 0
978 0
979 0
980 0
982 0
984 0
985 0
987 0
988 0
990 0
991 0
993 0
996 0
998 0
