c This is a uniform distributed  1-D DIMACS file 
c width height point_number
p 1000 1000 256
2 0
3 0
6 0
9 0
18 0
22 0
23 0
27 0
31 0
32 0
33 0
37 0
41 0
42 0
44 0
45 0
50 0
56 0
58 0
64 0
68 0
75 0
76 0
84 0
86 0
90 0
91 0
92 0
105 0
111 0
118 0
121 0
128 0
130 0
132 0
142 0
144 0
146 0
153 0
158 0
164 0
165 0
167 0
171 0
175 0
176 0
178 0
179 0
185 0
187 0
196 0
199 0
207 0
213 0
221 0
225 0
229 0
230 0
231 0
232 0
234 0
238 0
242 0
245 0
247 0
250 0
253 0
254 0
258 0
263 0
271 0
272 0
274 0
279 0
280 0
282 0
283 0
284 0
292 0
303 0
304 0
306 0
308 0
309 0
310 0
313 0
314 0
316 0
318 0
320 0
323 0
325 0
330 0
331 0
336 0
350 0
354 0
361 0
364 0
374 0
378 0
389 0
390 0
391 0
392 0
399 0
401 0
405 0
406 0
407 0
424 0
425 0
431 0
434 0
436 0
441 0
444 0
455 0
457 0
461 0
467 0
469 0
470 0
475 0
478 0
481 0
483 0
487 0
491 0
495 0
498 0
502 0
509 0
515 0
520 0
523 0
525 0
531 0
537 0
540 0
545 0
547 0
552 0
558 0
568 0
569 0
572 0
573 0
579 0
582 0
585 0
590 0
600 0
602 0
606 0
609 0
611 0
616 0
617 0
619 0
623 0
624 0
628 0
636 0
639 0
644 0
654 0
659 0
673 0
675 0
676 0
681 0
692 0
697 0
698 0
699 0
705 0
706 0
707 0
708 0
715 0
718 0
730 0
731 0
741 0
746 0
747 0
751 0
752 0
753 0
758 0
761 0
762 0
766 0
773 0
775 0
777 0
778 0
779 0
783 0
788 0
789 0
790 0
794 0
796 0
802 0
810 0
812 0
816 0
819 0
824 0
830 0
831 0
832 0
834 0
845 0
848 0
852 0
856 0
857 0
861 0
868 0
874 0
876 0
882 0
883 0
884 0
886 0
888 0
892 0
893 0
896 0
898 0
903 0
912 0
915 0
918 0
919 0
921 0
931 0
932 0
941 0
942 0
944 0
947 0
949 0
951 0
954 0
955 0
957 0
976 0
984 0
985 0
988 0
993 0
999 0
