c This is a uniform distributed  1-D DIMACS file 
c width height point_number
p 1000 1000 256
1 0
7 0
8 0
9 0
10 0
11 0
20 0
39 0
45 0
53 0
54 0
56 0
61 0
63 0
64 0
70 0
71 0
73 0
75 0
81 0
82 0
84 0
88 0
92 0
94 0
97 0
104 0
106 0
110 0
119 0
130 0
133 0
134 0
142 0
146 0
152 0
154 0
157 0
166 0
171 0
176 0
180 0
185 0
191 0
208 0
211 0
215 0
224 0
226 0
227 0
228 0
233 0
235 0
239 0
242 0
248 0
250 0
253 0
257 0
258 0
278 0
280 0
282 0
287 0
290 0
291 0
292 0
295 0
299 0
302 0
314 0
317 0
319 0
322 0
327 0
331 0
341 0
349 0
350 0
357 0
359 0
360 0
368 0
369 0
377 0
378 0
382 0
383 0
384 0
388 0
391 0
393 0
394 0
396 0
398 0
404 0
409 0
414 0
423 0
432 0
434 0
445 0
446 0
451 0
454 0
461 0
463 0
467 0
470 0
471 0
473 0
479 0
480 0
483 0
485 0
491 0
492 0
493 0
499 0
502 0
503 0
506 0
510 0
513 0
518 0
524 0
527 0
529 0
530 0
531 0
532 0
534 0
536 0
537 0
540 0
542 0
547 0
558 0
560 0
561 0
567 0
575 0
577 0
581 0
585 0
589 0
597 0
601 0
605 0
606 0
613 0
617 0
619 0
620 0
621 0
626 0
628 0
629 0
631 0
634 0
642 0
651 0
652 0
655 0
656 0
657 0
659 0
662 0
668 0
675 0
678 0
681 0
688 0
689 0
694 0
696 0
700 0
704 0
705 0
707 0
708 0
711 0
712 0
714 0
723 0
724 0
725 0
727 0
728 0
730 0
743 0
744 0
747 0
761 0
762 0
765 0
766 0
772 0
773 0
778 0
785 0
786 0
788 0
790 0
791 0
800 0
804 0
806 0
807 0
808 0
813 0
821 0
827 0
835 0
839 0
848 0
856 0
858 0
872 0
874 0
878 0
885 0
886 0
891 0
894 0
896 0
905 0
908 0
910 0
915 0
916 0
918 0
923 0
929 0
935 0
936 0
938 0
939 0
940 0
941 0
948 0
956 0
961 0
963 0
964 0
967 0
972 0
977 0
978 0
979 0
982 0
988 0
989 0
990 0
994 0
998 0
