c This is a uniform distributed  1-D DIMACS file 
c width height point_number
p 1000 1000 256
5 0
6 0
10 0
12 0
19 0
20 0
30 0
38 0
40 0
46 0
47 0
49 0
50 0
53 0
63 0
66 0
67 0
69 0
74 0
76 0
80 0
83 0
84 0
87 0
90 0
92 0
96 0
105 0
106 0
116 0
117 0
126 0
132 0
140 0
141 0
145 0
146 0
150 0
152 0
161 0
162 0
164 0
170 0
173 0
174 0
176 0
180 0
183 0
187 0
190 0
195 0
204 0
205 0
207 0
219 0
228 0
233 0
241 0
244 0
248 0
259 0
262 0
263 0
264 0
266 0
268 0
271 0
279 0
281 0
284 0
285 0
287 0
288 0
290 0
293 0
295 0
299 0
301 0
304 0
313 0
321 0
327 0
328 0
329 0
337 0
338 0
355 0
359 0
361 0
362 0
364 0
372 0
381 0
384 0
389 0
391 0
395 0
398 0
404 0
407 0
413 0
415 0
416 0
417 0
421 0
422 0
424 0
426 0
430 0
431 0
436 0
438 0
439 0
441 0
442 0
445 0
446 0
451 0
453 0
461 0
467 0
469 0
470 0
474 0
476 0
477 0
481 0
485 0
488 0
489 0
490 0
492 0
501 0
524 0
527 0
528 0
529 0
531 0
532 0
536 0
538 0
543 0
546 0
547 0
552 0
556 0
557 0
558 0
562 0
565 0
568 0
571 0
575 0
582 0
601 0
604 0
607 0
612 0
615 0
620 0
621 0
622 0
626 0
632 0
634 0
636 0
640 0
647 0
648 0
650 0
656 0
666 0
669 0
674 0
678 0
681 0
690 0
697 0
698 0
700 0
702 0
717 0
720 0
722 0
723 0
739 0
745 0
746 0
747 0
759 0
763 0
764 0
765 0
769 0
773 0
774 0
779 0
782 0
784 0
788 0
791 0
801 0
805 0
806 0
808 0
812 0
813 0
814 0
816 0
819 0
822 0
824 0
834 0
835 0
837 0
838 0
843 0
844 0
847 0
858 0
860 0
867 0
874 0
876 0
886 0
888 0
889 0
893 0
899 0
900 0
903 0
907 0
909 0
913 0
916 0
919 0
920 0
923 0
926 0
928 0
934 0
938 0
942 0
943 0
944 0
945 0
947 0
958 0
968 0
973 0
975 0
976 0
983 0
987 0
990 0
994 0
