c This is a uniform distributed  1-D DIMACS file 
c width height point_number
p 1000 1000 256
2 0
9 0
11 0
15 0
18 0
19 0
25 0
28 0
35 0
36 0
45 0
50 0
51 0
52 0
57 0
59 0
68 0
71 0
72 0
73 0
76 0
80 0
82 0
94 0
96 0
98 0
101 0
105 0
107 0
109 0
111 0
115 0
116 0
118 0
120 0
123 0
125 0
127 0
128 0
129 0
130 0
131 0
134 0
138 0
141 0
144 0
149 0
150 0
163 0
164 0
166 0
168 0
171 0
182 0
183 0
184 0
188 0
195 0
203 0
204 0
209 0
214 0
219 0
224 0
226 0
235 0
240 0
242 0
245 0
246 0
247 0
253 0
257 0
258 0
259 0
266 0
268 0
270 0
271 0
273 0
278 0
287 0
288 0
290 0
300 0
302 0
308 0
314 0
317 0
321 0
325 0
332 0
335 0
336 0
337 0
338 0
340 0
342 0
345 0
351 0
357 0
360 0
366 0
367 0
371 0
384 0
388 0
393 0
402 0
406 0
408 0
409 0
413 0
415 0
422 0
424 0
434 0
435 0
437 0
443 0
444 0
448 0
450 0
453 0
456 0
457 0
458 0
466 0
468 0
469 0
474 0
476 0
478 0
479 0
480 0
482 0
487 0
488 0
490 0
493 0
499 0
509 0
516 0
520 0
525 0
528 0
530 0
531 0
533 0
534 0
535 0
541 0
543 0
547 0
555 0
571 0
578 0
581 0
585 0
586 0
593 0
594 0
605 0
611 0
613 0
617 0
619 0
629 0
631 0
632 0
641 0
643 0
644 0
645 0
654 0
657 0
660 0
662 0
663 0
664 0
671 0
674 0
682 0
698 0
699 0
700 0
706 0
707 0
710 0
711 0
712 0
726 0
729 0
730 0
731 0
732 0
735 0
739 0
740 0
743 0
747 0
750 0
752 0
758 0
759 0
762 0
763 0
764 0
766 0
771 0
772 0
777 0
789 0
799 0
807 0
811 0
818 0
822 0
829 0
832 0
836 0
838 0
839 0
844 0
846 0
850 0
852 0
857 0
861 0
867 0
872 0
874 0
876 0
878 0
887 0
891 0
897 0
900 0
903 0
906 0
907 0
914 0
930 0
938 0
941 0
942 0
963 0
971 0
979 0
980 0
981 0
984 0
986 0
987 0
991 0
998 0
