c This is a uniform distributed  1-D DIMACS file 
c width height point_number
p 1000 1000 256
4 0
10 0
19 0
27 0
32 0
37 0
40 0
43 0
46 0
58 0
61 0
63 0
64 0
65 0
69 0
71 0
76 0
77 0
78 0
83 0
90 0
95 0
98 0
102 0
103 0
105 0
109 0
120 0
121 0
124 0
125 0
126 0
128 0
130 0
131 0
145 0
148 0
150 0
152 0
158 0
162 0
171 0
173 0
185 0
192 0
194 0
195 0
198 0
205 0
207 0
214 0
217 0
228 0
234 0
235 0
237 0
247 0
252 0
255 0
259 0
265 0
269 0
271 0
273 0
282 0
285 0
286 0
290 0
295 0
296 0
302 0
304 0
307 0
314 0
319 0
320 0
321 0
323 0
325 0
327 0
328 0
334 0
336 0
342 0
343 0
348 0
353 0
356 0
359 0
363 0
366 0
370 0
371 0
381 0
405 0
407 0
411 0
416 0
425 0
434 0
450 0
451 0
452 0
456 0
457 0
459 0
461 0
467 0
470 0
474 0
475 0
476 0
480 0
484 0
486 0
492 0
495 0
496 0
514 0
520 0
527 0
528 0
533 0
537 0
538 0
539 0
542 0
546 0
548 0
549 0
550 0
553 0
554 0
555 0
556 0
560 0
564 0
568 0
576 0
581 0
586 0
593 0
598 0
599 0
600 0
601 0
604 0
605 0
612 0
619 0
620 0
623 0
624 0
627 0
633 0
634 0
637 0
638 0
639 0
642 0
645 0
655 0
657 0
658 0
666 0
673 0
674 0
678 0
685 0
686 0
689 0
698 0
699 0
703 0
711 0
714 0
727 0
731 0
732 0
739 0
741 0
747 0
749 0
750 0
751 0
755 0
763 0
770 0
771 0
774 0
779 0
780 0
784 0
791 0
792 0
794 0
803 0
806 0
808 0
809 0
815 0
818 0
829 0
832 0
836 0
840 0
841 0
847 0
848 0
849 0
864 0
868 0
874 0
877 0
880 0
883 0
897 0
899 0
902 0
904 0
907 0
908 0
913 0
918 0
919 0
921 0
923 0
924 0
925 0
929 0
930 0
932 0
938 0
939 0
940 0
941 0
943 0
945 0
947 0
951 0
953 0
964 0
966 0
969 0
970 0
971 0
973 0
975 0
979 0
981 0
982 0
983 0
985 0
988 0
992 0
997 0
