c This is a uniform distributed  1-D DIMACS file 
c width height point_number
p 1000 1000 256
1 0
5 0
14 0
18 0
22 0
27 0
28 0
29 0
31 0
37 0
41 0
46 0
52 0
57 0
58 0
59 0
61 0
63 0
65 0
69 0
71 0
72 0
79 0
80 0
92 0
93 0
94 0
96 0
102 0
106 0
107 0
110 0
118 0
126 0
129 0
131 0
132 0
133 0
134 0
135 0
140 0
143 0
148 0
153 0
155 0
156 0
157 0
164 0
165 0
172 0
174 0
175 0
177 0
187 0
190 0
194 0
198 0
206 0
212 0
219 0
222 0
225 0
229 0
230 0
234 0
240 0
241 0
242 0
246 0
251 0
255 0
257 0
259 0
263 0
276 0
278 0
279 0
289 0
290 0
292 0
297 0
301 0
309 0
310 0
312 0
313 0
321 0
328 0
335 0
341 0
342 0
343 0
344 0
347 0
349 0
352 0
353 0
363 0
368 0
372 0
374 0
382 0
386 0
389 0
394 0
403 0
404 0
405 0
407 0
411 0
412 0
415 0
416 0
420 0
426 0
427 0
428 0
429 0
432 0
436 0
437 0
440 0
441 0
447 0
452 0
453 0
457 0
463 0
481 0
487 0
496 0
498 0
499 0
500 0
502 0
505 0
507 0
508 0
510 0
518 0
519 0
520 0
527 0
540 0
549 0
560 0
562 0
565 0
567 0
573 0
581 0
584 0
588 0
591 0
593 0
604 0
607 0
617 0
623 0
624 0
631 0
643 0
645 0
656 0
662 0
667 0
676 0
678 0
682 0
684 0
686 0
689 0
696 0
700 0
702 0
705 0
708 0
712 0
713 0
730 0
731 0
737 0
741 0
750 0
752 0
763 0
765 0
773 0
775 0
778 0
779 0
780 0
788 0
791 0
792 0
798 0
799 0
800 0
805 0
807 0
811 0
812 0
813 0
816 0
819 0
824 0
825 0
827 0
828 0
834 0
835 0
836 0
837 0
844 0
848 0
849 0
861 0
863 0
870 0
873 0
878 0
879 0
880 0
882 0
885 0
889 0
891 0
897 0
900 0
908 0
909 0
910 0
919 0
925 0
927 0
930 0
933 0
934 0
938 0
939 0
942 0
943 0
948 0
952 0
956 0
959 0
962 0
968 0
969 0
973 0
974 0
975 0
990 0
991 0
992 0
993 0
