c This is a uniform distributed  1-D DIMACS file 
c width height point_number
p 1000 1000 256
1 0
5 0
7 0
8 0
10 0
13 0
16 0
24 0
32 0
33 0
36 0
40 0
41 0
43 0
50 0
57 0
58 0
61 0
63 0
69 0
71 0
72 0
79 0
81 0
82 0
86 0
103 0
104 0
105 0
107 0
114 0
117 0
122 0
137 0
143 0
150 0
151 0
163 0
170 0
171 0
172 0
181 0
188 0
192 0
193 0
195 0
199 0
213 0
215 0
220 0
221 0
224 0
225 0
231 0
238 0
241 0
242 0
243 0
245 0
246 0
247 0
248 0
250 0
256 0
257 0
260 0
266 0
270 0
278 0
279 0
280 0
284 0
289 0
291 0
292 0
296 0
298 0
300 0
305 0
307 0
317 0
318 0
319 0
337 0
341 0
343 0
348 0
355 0
356 0
357 0
359 0
361 0
371 0
377 0
381 0
387 0
390 0
394 0
396 0
404 0
406 0
418 0
426 0
427 0
430 0
439 0
440 0
441 0
447 0
453 0
457 0
460 0
461 0
463 0
465 0
466 0
468 0
470 0
473 0
474 0
481 0
486 0
488 0
489 0
491 0
500 0
505 0
514 0
516 0
519 0
524 0
525 0
528 0
530 0
533 0
534 0
535 0
538 0
544 0
545 0
549 0
550 0
552 0
554 0
561 0
566 0
567 0
578 0
580 0
583 0
589 0
591 0
592 0
593 0
596 0
600 0
602 0
603 0
606 0
609 0
611 0
612 0
622 0
624 0
629 0
631 0
638 0
639 0
641 0
642 0
643 0
665 0
666 0
670 0
672 0
673 0
677 0
679 0
684 0
693 0
694 0
699 0
700 0
707 0
710 0
712 0
715 0
718 0
719 0
724 0
725 0
740 0
741 0
742 0
743 0
747 0
748 0
754 0
760 0
763 0
766 0
773 0
790 0
795 0
796 0
798 0
799 0
802 0
810 0
818 0
825 0
826 0
829 0
831 0
834 0
835 0
850 0
854 0
857 0
859 0
862 0
863 0
868 0
869 0
875 0
882 0
885 0
887 0
889 0
892 0
897 0
898 0
899 0
907 0
912 0
913 0
915 0
918 0
926 0
942 0
945 0
948 0
951 0
957 0
959 0
967 0
969 0
970 0
971 0
977 0
979 0
982 0
993 0
997 0
998 0
999 0
