c This is a uniform distributed  1-D DIMACS file 
c width height point_number
p 1000 1000 256
2 0
9 0
10 0
11 0
16 0
17 0
19 0
23 0
25 0
27 0
28 0
32 0
33 0
35 0
37 0
39 0
40 0
41 0
46 0
47 0
49 0
55 0
63 0
64 0
65 0
69 0
71 0
72 0
83 0
85 0
86 0
89 0
95 0
96 0
102 0
103 0
106 0
112 0
117 0
118 0
119 0
120 0
121 0
131 0
133 0
139 0
141 0
143 0
154 0
156 0
157 0
161 0
164 0
167 0
171 0
173 0
183 0
193 0
196 0
197 0
200 0
202 0
209 0
211 0
217 0
221 0
222 0
226 0
229 0
251 0
254 0
255 0
261 0
269 0
272 0
273 0
277 0
281 0
286 0
294 0
297 0
300 0
303 0
315 0
316 0
317 0
318 0
326 0
333 0
334 0
344 0
348 0
350 0
357 0
361 0
366 0
367 0
369 0
370 0
371 0
373 0
377 0
379 0
385 0
386 0
389 0
400 0
405 0
406 0
409 0
421 0
426 0
428 0
429 0
434 0
435 0
442 0
445 0
447 0
448 0
452 0
453 0
454 0
455 0
456 0
459 0
460 0
461 0
465 0
469 0
478 0
484 0
490 0
491 0
492 0
506 0
511 0
513 0
519 0
524 0
534 0
537 0
538 0
544 0
549 0
550 0
552 0
555 0
556 0
561 0
573 0
576 0
577 0
579 0
580 0
582 0
584 0
588 0
595 0
596 0
603 0
606 0
609 0
612 0
614 0
623 0
624 0
626 0
632 0
637 0
646 0
649 0
653 0
658 0
666 0
676 0
682 0
683 0
685 0
688 0
697 0
700 0
703 0
705 0
712 0
713 0
716 0
720 0
730 0
732 0
736 0
738 0
739 0
749 0
750 0
761 0
765 0
766 0
767 0
772 0
782 0
784 0
787 0
788 0
789 0
791 0
796 0
800 0
808 0
817 0
820 0
827 0
829 0
832 0
835 0
844 0
846 0
848 0
860 0
864 0
865 0
870 0
876 0
883 0
887 0
894 0
895 0
901 0
903 0
905 0
907 0
908 0
911 0
913 0
916 0
917 0
922 0
931 0
932 0
933 0
935 0
940 0
941 0
945 0
946 0
949 0
952 0
957 0
959 0
971 0
973 0
974 0
978 0
991 0
994 0
999 0
