c This is a uniform distributed  1-D DIMACS file 
c width height point_number
p 1000 1000 256
1 0
2 0
4 0
9 0
10 0
12 0
21 0
27 0
32 0
34 0
35 0
43 0
49 0
50 0
51 0
52 0
53 0
55 0
56 0
64 0
67 0
68 0
70 0
77 0
85 0
91 0
94 0
103 0
108 0
109 0
112 0
113 0
117 0
126 0
133 0
138 0
142 0
151 0
153 0
162 0
163 0
164 0
168 0
173 0
176 0
179 0
185 0
187 0
189 0
190 0
206 0
208 0
209 0
211 0
212 0
214 0
218 0
220 0
221 0
222 0
223 0
228 0
231 0
235 0
238 0
239 0
244 0
245 0
247 0
248 0
252 0
253 0
254 0
259 0
260 0
264 0
266 0
274 0
276 0
289 0
290 0
300 0
301 0
303 0
307 0
308 0
320 0
328 0
334 0
339 0
343 0
344 0
345 0
347 0
350 0
355 0
356 0
371 0
373 0
376 0
378 0
380 0
386 0
392 0
398 0
399 0
408 0
412 0
432 0
435 0
440 0
447 0
452 0
453 0
455 0
456 0
458 0
463 0
466 0
467 0
470 0
471 0
473 0
474 0
478 0
479 0
481 0
482 0
484 0
492 0
499 0
500 0
502 0
506 0
510 0
512 0
514 0
516 0
517 0
521 0
523 0
546 0
556 0
559 0
560 0
564 0
567 0
569 0
578 0
580 0
581 0
593 0
598 0
600 0
604 0
611 0
614 0
615 0
618 0
624 0
626 0
629 0
633 0
635 0
640 0
644 0
653 0
656 0
657 0
667 0
672 0
680 0
683 0
688 0
691 0
692 0
695 0
705 0
709 0
715 0
717 0
718 0
725 0
732 0
733 0
746 0
754 0
756 0
757 0
761 0
763 0
764 0
767 0
770 0
776 0
777 0
784 0
793 0
803 0
808 0
810 0
815 0
819 0
820 0
825 0
828 0
832 0
841 0
844 0
849 0
852 0
858 0
868 0
869 0
874 0
877 0
879 0
881 0
883 0
885 0
888 0
895 0
900 0
902 0
903 0
906 0
907 0
908 0
912 0
913 0
917 0
919 0
924 0
935 0
936 0
938 0
939 0
941 0
944 0
947 0
948 0
961 0
962 0
964 0
971 0
974 0
976 0
978 0
979 0
982 0
986 0
988 0
989 0
992 0
995 0
997 0
