c This is a uniform distributed  1-D DIMACS file 
c width height point_number
p 1000 1000 256
3 0
7 0
8 0
10 0
11 0
15 0
20 0
21 0
29 0
32 0
47 0
49 0
55 0
62 0
76 0
82 0
86 0
87 0
99 0
103 0
106 0
113 0
116 0
118 0
119 0
122 0
124 0
129 0
134 0
137 0
141 0
144 0
145 0
148 0
151 0
153 0
161 0
162 0
170 0
171 0
173 0
175 0
179 0
185 0
193 0
199 0
200 0
206 0
207 0
210 0
215 0
216 0
217 0
218 0
221 0
227 0
249 0
253 0
262 0
268 0
270 0
271 0
272 0
276 0
278 0
281 0
286 0
294 0
298 0
305 0
311 0
316 0
322 0
323 0
325 0
327 0
341 0
342 0
348 0
350 0
352 0
355 0
358 0
360 0
361 0
362 0
363 0
364 0
376 0
377 0
379 0
381 0
382 0
383 0
394 0
395 0
397 0
404 0
411 0
413 0
417 0
418 0
419 0
420 0
423 0
424 0
427 0
433 0
435 0
436 0
441 0
448 0
449 0
451 0
452 0
453 0
455 0
457 0
458 0
459 0
461 0
464 0
467 0
474 0
475 0
477 0
481 0
483 0
484 0
492 0
494 0
495 0
498 0
520 0
528 0
529 0
531 0
534 0
542 0
549 0
551 0
552 0
556 0
560 0
561 0
562 0
564 0
570 0
571 0
573 0
576 0
587 0
589 0
598 0
599 0
604 0
612 0
614 0
615 0
621 0
625 0
635 0
637 0
643 0
646 0
647 0
658 0
660 0
661 0
665 0
668 0
670 0
677 0
680 0
685 0
686 0
696 0
701 0
703 0
704 0
713 0
717 0
736 0
739 0
742 0
743 0
745 0
749 0
757 0
759 0
762 0
768 0
777 0
778 0
784 0
789 0
793 0
796 0
798 0
801 0
804 0
809 0
810 0
820 0
822 0
828 0
829 0
830 0
833 0
835 0
836 0
840 0
842 0
843 0
850 0
852 0
866 0
868 0
871 0
873 0
874 0
876 0
878 0
881 0
886 0
896 0
903 0
904 0
906 0
907 0
911 0
912 0
925 0
929 0
942 0
946 0
949 0
950 0
952 0
955 0
957 0
963 0
965 0
967 0
968 0
969 0
971 0
978 0
982 0
983 0
986 0
987 0
989 0
991 0
992 0
995 0
