c This is a uniform distributed  1-D DIMACS file 
c width height point_number
p 1000 1000 256
7 0
17 0
19 0
23 0
25 0
27 0
35 0
40 0
41 0
44 0
47 0
52 0
53 0
58 0
63 0
70 0
75 0
76 0
77 0
78 0
83 0
85 0
86 0
88 0
95 0
101 0
105 0
109 0
111 0
112 0
120 0
124 0
126 0
130 0
132 0
138 0
147 0
148 0
151 0
157 0
158 0
160 0
164 0
165 0
170 0
174 0
175 0
176 0
177 0
185 0
190 0
194 0
198 0
207 0
210 0
211 0
215 0
217 0
219 0
222 0
226 0
229 0
232 0
234 0
236 0
237 0
238 0
239 0
240 0
242 0
248 0
249 0
250 0
257 0
261 0
267 0
270 0
272 0
284 0
291 0
292 0
294 0
302 0
304 0
305 0
311 0
314 0
320 0
326 0
327 0
341 0
343 0
348 0
365 0
366 0
369 0
375 0
384 0
385 0
387 0
393 0
395 0
403 0
419 0
421 0
423 0
425 0
440 0
442 0
451 0
452 0
463 0
464 0
467 0
468 0
472 0
476 0
478 0
484 0
485 0
489 0
496 0
500 0
502 0
503 0
511 0
512 0
521 0
524 0
525 0
526 0
528 0
530 0
531 0
532 0
534 0
540 0
547 0
551 0
554 0
562 0
565 0
573 0
578 0
579 0
580 0
581 0
585 0
589 0
592 0
594 0
599 0
604 0
606 0
608 0
612 0
618 0
633 0
643 0
645 0
648 0
651 0
657 0
661 0
665 0
666 0
671 0
681 0
682 0
684 0
686 0
689 0
691 0
700 0
706 0
707 0
708 0
710 0
715 0
719 0
720 0
724 0
728 0
729 0
730 0
736 0
746 0
749 0
752 0
754 0
756 0
758 0
761 0
764 0
765 0
773 0
774 0
776 0
779 0
784 0
789 0
795 0
803 0
807 0
809 0
811 0
812 0
815 0
819 0
822 0
830 0
834 0
838 0
850 0
853 0
861 0
862 0
863 0
867 0
874 0
875 0
876 0
878 0
881 0
882 0
883 0
885 0
902 0
907 0
912 0
916 0
918 0
921 0
925 0
929 0
931 0
936 0
939 0
946 0
949 0
950 0
951 0
953 0
960 0
961 0
963 0
966 0
968 0
969 0
980 0
981 0
982 0
985 0
988 0
993 0
995 0
