c This is a uniform distributed  1-D DIMACS file 
c width height point_number
p 1000 1000 256
2 0
8 0
9 0
18 0
19 0
23 0
24 0
27 0
29 0
32 0
36 0
42 0
46 0
50 0
55 0
60 0
65 0
71 0
74 0
81 0
82 0
84 0
85 0
88 0
91 0
93 0
94 0
96 0
99 0
100 0
107 0
113 0
114 0
118 0
121 0
122 0
124 0
126 0
137 0
140 0
143 0
145 0
148 0
151 0
152 0
156 0
157 0
159 0
168 0
177 0
179 0
183 0
185 0
188 0
189 0
191 0
193 0
209 0
211 0
213 0
219 0
234 0
237 0
245 0
248 0
251 0
257 0
258 0
260 0
261 0
278 0
280 0
286 0
292 0
293 0
299 0
301 0
303 0
306 0
309 0
312 0
317 0
318 0
326 0
327 0
330 0
331 0
335 0
339 0
345 0
346 0
349 0
351 0
353 0
358 0
359 0
361 0
364 0
365 0
367 0
368 0
379 0
380 0
383 0
385 0
390 0
398 0
399 0
403 0
411 0
416 0
426 0
432 0
433 0
435 0
436 0
438 0
441 0
442 0
443 0
446 0
451 0
454 0
461 0
462 0
465 0
474 0
479 0
482 0
483 0
484 0
485 0
490 0
504 0
508 0
518 0
520 0
532 0
541 0
546 0
548 0
552 0
556 0
558 0
562 0
565 0
566 0
568 0
570 0
572 0
578 0
589 0
593 0
595 0
598 0
599 0
601 0
604 0
607 0
610 0
613 0
617 0
618 0
623 0
625 0
633 0
645 0
648 0
653 0
656 0
660 0
661 0
662 0
663 0
669 0
670 0
672 0
675 0
676 0
678 0
687 0
690 0
694 0
699 0
708 0
715 0
716 0
720 0
721 0
729 0
730 0
731 0
740 0
745 0
748 0
753 0
757 0
758 0
767 0
772 0
774 0
775 0
788 0
789 0
795 0
800 0
801 0
803 0
806 0
807 0
809 0
811 0
813 0
814 0
819 0
822 0
827 0
829 0
830 0
832 0
834 0
835 0
836 0
848 0
858 0
860 0
863 0
870 0
873 0
880 0
883 0
885 0
891 0
892 0
895 0
897 0
899 0
906 0
907 0
911 0
915 0
920 0
930 0
934 0
942 0
956 0
964 0
972 0
973 0
974 0
975 0
977 0
979 0
986 0
987 0
996 0
