c This is a uniform distributed  1-D DIMACS file 
c width height point_number
p 1000 1000 256
1 0
2 0
6 0
11 0
15 0
16 0
18 0
20 0
24 0
28 0
30 0
33 0
35 0
38 0
40 0
49 0
52 0
67 0
77 0
79 0
82 0
83 0
86 0
88 0
89 0
97 0
103 0
105 0
108 0
109 0
115 0
120 0
124 0
131 0
134 0
138 0
141 0
144 0
157 0
158 0
169 0
172 0
178 0
181 0
183 0
189 0
197 0
199 0
200 0
208 0
209 0
213 0
214 0
216 0
218 0
222 0
224 0
230 0
237 0
238 0
241 0
244 0
260 0
261 0
264 0
267 0
274 0
279 0
280 0
281 0
282 0
284 0
285 0
292 0
307 0
310 0
318 0
319 0
325 0
330 0
332 0
333 0
334 0
336 0
341 0
347 0
356 0
357 0
360 0
361 0
364 0
370 0
372 0
374 0
376 0
377 0
380 0
382 0
383 0
385 0
392 0
393 0
395 0
396 0
404 0
417 0
419 0
420 0
427 0
428 0
432 0
434 0
438 0
440 0
441 0
444 0
450 0
452 0
457 0
462 0
464 0
465 0
467 0
469 0
473 0
478 0
483 0
484 0
486 0
493 0
506 0
510 0
511 0
529 0
530 0
535 0
539 0
541 0
554 0
555 0
556 0
558 0
559 0
561 0
566 0
570 0
575 0
576 0
581 0
585 0
587 0
598 0
601 0
603 0
621 0
625 0
626 0
631 0
643 0
646 0
647 0
649 0
664 0
668 0
672 0
673 0
674 0
675 0
679 0
682 0
686 0
693 0
708 0
716 0
718 0
725 0
732 0
737 0
739 0
742 0
744 0
745 0
747 0
750 0
755 0
756 0
758 0
759 0
762 0
765 0
769 0
773 0
779 0
787 0
796 0
797 0
802 0
803 0
804 0
806 0
809 0
813 0
823 0
825 0
826 0
828 0
829 0
831 0
834 0
837 0
838 0
839 0
851 0
852 0
853 0
857 0
858 0
859 0
864 0
872 0
874 0
877 0
879 0
882 0
883 0
885 0
888 0
908 0
909 0
910 0
916 0
922 0
923 0
925 0
928 0
929 0
931 0
936 0
938 0
939 0
941 0
944 0
951 0
957 0
960 0
961 0
962 0
964 0
965 0
967 0
968 0
974 0
976 0
989 0
990 0
993 0
