c This is a uniform distributed  1-D DIMACS file 
c width height point_number
p 1000 1000 256
1 0
4 0
5 0
8 0
12 0
14 0
16 0
18 0
19 0
21 0
49 0
53 0
56 0
58 0
59 0
66 0
67 0
68 0
70 0
72 0
75 0
84 0
89 0
93 0
95 0
116 0
119 0
126 0
131 0
133 0
141 0
145 0
147 0
148 0
150 0
154 0
155 0
160 0
163 0
165 0
168 0
174 0
175 0
180 0
185 0
188 0
194 0
201 0
206 0
207 0
209 0
213 0
214 0
215 0
218 0
221 0
230 0
232 0
234 0
235 0
237 0
238 0
240 0
241 0
242 0
251 0
263 0
264 0
267 0
271 0
276 0
280 0
283 0
286 0
290 0
292 0
303 0
306 0
307 0
316 0
319 0
321 0
322 0
327 0
330 0
335 0
342 0
343 0
344 0
345 0
351 0
354 0
357 0
362 0
363 0
368 0
369 0
370 0
371 0
372 0
380 0
388 0
397 0
402 0
403 0
411 0
412 0
415 0
426 0
428 0
431 0
432 0
436 0
444 0
457 0
460 0
466 0
467 0
470 0
479 0
480 0
482 0
484 0
485 0
488 0
489 0
495 0
496 0
503 0
510 0
517 0
522 0
524 0
526 0
527 0
529 0
531 0
537 0
547 0
556 0
557 0
562 0
563 0
564 0
572 0
575 0
581 0
582 0
584 0
589 0
590 0
596 0
597 0
605 0
606 0
608 0
612 0
615 0
617 0
620 0
624 0
626 0
634 0
636 0
644 0
652 0
656 0
661 0
663 0
664 0
667 0
668 0
672 0
674 0
676 0
677 0
683 0
684 0
690 0
699 0
706 0
710 0
712 0
717 0
718 0
719 0
722 0
724 0
729 0
733 0
734 0
737 0
741 0
743 0
745 0
747 0
751 0
760 0
764 0
765 0
766 0
767 0
770 0
775 0
780 0
787 0
790 0
795 0
801 0
808 0
809 0
816 0
823 0
827 0
828 0
847 0
857 0
860 0
863 0
865 0
870 0
873 0
874 0
876 0
887 0
888 0
889 0
892 0
902 0
903 0
909 0
911 0
919 0
920 0
921 0
929 0
932 0
934 0
935 0
938 0
939 0
954 0
957 0
961 0
962 0
964 0
967 0
975 0
976 0
981 0
982 0
985 0
986 0
988 0
991 0
996 0
