c This is a uniform distributed  1-D DIMACS file 
c width height point_number
p 1000 1000 256
4 0
12 0
13 0
18 0
20 0
21 0
22 0
25 0
26 0
27 0
32 0
34 0
36 0
37 0
39 0
42 0
48 0
50 0
51 0
52 0
56 0
60 0
68 0
72 0
83 0
90 0
92 0
95 0
96 0
107 0
110 0
112 0
114 0
117 0
118 0
119 0
121 0
124 0
127 0
129 0
131 0
132 0
133 0
137 0
138 0
140 0
143 0
160 0
162 0
166 0
168 0
172 0
173 0
185 0
191 0
203 0
205 0
207 0
216 0
221 0
222 0
225 0
226 0
235 0
243 0
245 0
247 0
248 0
250 0
256 0
262 0
267 0
276 0
277 0
284 0
288 0
289 0
290 0
293 0
297 0
298 0
302 0
321 0
322 0
324 0
332 0
341 0
344 0
353 0
354 0
356 0
362 0
367 0
369 0
370 0
373 0
375 0
379 0
380 0
382 0
387 0
392 0
405 0
407 0
413 0
415 0
419 0
421 0
426 0
434 0
437 0
439 0
453 0
461 0
462 0
464 0
467 0
474 0
475 0
479 0
480 0
483 0
485 0
486 0
491 0
494 0
495 0
496 0
498 0
504 0
506 0
507 0
509 0
510 0
520 0
523 0
527 0
532 0
542 0
552 0
564 0
577 0
579 0
581 0
585 0
586 0
588 0
591 0
594 0
597 0
604 0
608 0
611 0
612 0
616 0
617 0
620 0
621 0
627 0
631 0
633 0
639 0
642 0
643 0
644 0
647 0
650 0
656 0
658 0
661 0
665 0
669 0
671 0
672 0
673 0
674 0
678 0
680 0
682 0
687 0
692 0
696 0
703 0
705 0
708 0
721 0
727 0
728 0
729 0
739 0
747 0
748 0
753 0
763 0
765 0
766 0
767 0
771 0
774 0
781 0
786 0
791 0
798 0
803 0
806 0
808 0
811 0
819 0
828 0
831 0
834 0
835 0
837 0
844 0
852 0
855 0
860 0
863 0
868 0
871 0
882 0
885 0
886 0
889 0
893 0
894 0
896 0
900 0
904 0
910 0
920 0
924 0
927 0
929 0
932 0
933 0
935 0
938 0
943 0
946 0
951 0
958 0
959 0
960 0
961 0
967 0
968 0
969 0
972 0
973 0
975 0
981 0
990 0
991 0
992 0
999 0
