c This is a uniform distributed  1-D DIMACS file 
c width height point_number
p 1000 1000 256
3 0
10 0
11 0
17 0
18 0
20 0
23 0
33 0
34 0
35 0
36 0
47 0
51 0
54 0
58 0
65 0
70 0
77 0
78 0
81 0
87 0
90 0
92 0
93 0
96 0
97 0
105 0
107 0
110 0
111 0
114 0
119 0
121 0
125 0
141 0
145 0
146 0
150 0
153 0
162 0
168 0
176 0
177 0
180 0
199 0
203 0
207 0
208 0
209 0
213 0
214 0
215 0
216 0
222 0
232 0
233 0
234 0
239 0
240 0
247 0
250 0
254 0
267 0
272 0
276 0
279 0
291 0
294 0
295 0
298 0
300 0
302 0
303 0
304 0
305 0
306 0
308 0
309 0
313 0
324 0
325 0
326 0
329 0
334 0
335 0
337 0
341 0
347 0
350 0
357 0
362 0
380 0
381 0
387 0
388 0
391 0
394 0
398 0
402 0
404 0
405 0
406 0
407 0
409 0
411 0
419 0
422 0
423 0
432 0
436 0
441 0
446 0
449 0
450 0
453 0
454 0
460 0
461 0
464 0
467 0
469 0
470 0
478 0
482 0
484 0
486 0
494 0
495 0
497 0
502 0
508 0
511 0
520 0
524 0
526 0
527 0
529 0
531 0
534 0
535 0
549 0
551 0
554 0
555 0
557 0
559 0
560 0
569 0
571 0
575 0
577 0
586 0
590 0
592 0
594 0
596 0
600 0
603 0
604 0
614 0
617 0
618 0
625 0
627 0
629 0
633 0
634 0
637 0
643 0
644 0
645 0
650 0
656 0
667 0
672 0
674 0
675 0
676 0
682 0
683 0
687 0
694 0
696 0
697 0
699 0
705 0
709 0
711 0
712 0
713 0
714 0
715 0
718 0
727 0
731 0
734 0
741 0
744 0
750 0
754 0
757 0
763 0
769 0
774 0
777 0
779 0
789 0
790 0
791 0
792 0
796 0
798 0
812 0
813 0
816 0
820 0
829 0
831 0
832 0
833 0
834 0
841 0
843 0
847 0
852 0
858 0
859 0
862 0
863 0
864 0
883 0
884 0
890 0
897 0
899 0
900 0
903 0
914 0
915 0
917 0
920 0
921 0
927 0
928 0
934 0
939 0
942 0
943 0
945 0
951 0
962 0
963 0
973 0
976 0
991 0
994 0
