c This is a uniform distributed  1-D DIMACS file 
c width height point_number
p 1000 1000 256
5 0
8 0
14 0
15 0
16 0
32 0
34 0
36 0
40 0
51 0
53 0
64 0
69 0
73 0
74 0
81 0
82 0
89 0
91 0
94 0
97 0
98 0
106 0
109 0
110 0
119 0
127 0
128 0
130 0
132 0
134 0
139 0
143 0
144 0
145 0
156 0
170 0
172 0
173 0
178 0
180 0
182 0
183 0
185 0
188 0
189 0
191 0
196 0
197 0
200 0
203 0
209 0
211 0
219 0
221 0
237 0
244 0
245 0
255 0
256 0
260 0
261 0
264 0
271 0
277 0
285 0
286 0
291 0
292 0
297 0
298 0
301 0
303 0
305 0
308 0
318 0
320 0
323 0
327 0
329 0
333 0
337 0
350 0
353 0
365 0
366 0
368 0
375 0
377 0
378 0
380 0
382 0
389 0
401 0
403 0
408 0
410 0
411 0
414 0
416 0
420 0
421 0
422 0
428 0
429 0
430 0
444 0
448 0
452 0
454 0
456 0
464 0
473 0
476 0
479 0
483 0
484 0
486 0
491 0
495 0
500 0
501 0
504 0
505 0
506 0
507 0
513 0
517 0
521 0
522 0
524 0
528 0
530 0
532 0
536 0
539 0
543 0
549 0
552 0
559 0
572 0
574 0
581 0
588 0
590 0
595 0
599 0
601 0
602 0
603 0
607 0
615 0
621 0
627 0
629 0
638 0
644 0
647 0
652 0
656 0
658 0
659 0
661 0
664 0
667 0
669 0
670 0
672 0
674 0
682 0
684 0
687 0
692 0
695 0
703 0
710 0
715 0
717 0
718 0
726 0
730 0
731 0
736 0
738 0
739 0
743 0
752 0
758 0
759 0
765 0
769 0
778 0
779 0
786 0
792 0
796 0
804 0
809 0
810 0
812 0
814 0
822 0
826 0
833 0
836 0
838 0
839 0
840 0
841 0
846 0
848 0
851 0
853 0
856 0
857 0
861 0
864 0
872 0
873 0
877 0
879 0
883 0
884 0
886 0
895 0
904 0
907 0
910 0
911 0
913 0
918 0
920 0
921 0
927 0
930 0
932 0
936 0
937 0
939 0
942 0
943 0
946 0
947 0
950 0
953 0
961 0
969 0
975 0
978 0
979 0
985 0
987 0
992 0
993 0
996 0
997 0
