c This is a uniform distributed  1-D DIMACS file 
c width height point_number
p 1000 1000 256
1 0
2 0
3 0
4 0
6 0
11 0
12 0
20 0
21 0
26 0
28 0
29 0
30 0
31 0
32 0
38 0
48 0
58 0
65 0
80 0
87 0
91 0
92 0
101 0
102 0
108 0
109 0
115 0
116 0
126 0
128 0
129 0
133 0
135 0
138 0
143 0
146 0
149 0
157 0
158 0
161 0
165 0
166 0
170 0
182 0
189 0
197 0
202 0
208 0
211 0
212 0
213 0
215 0
217 0
220 0
224 0
225 0
240 0
242 0
248 0
249 0
250 0
251 0
253 0
261 0
262 0
268 0
270 0
271 0
273 0
275 0
279 0
286 0
287 0
293 0
298 0
302 0
304 0
307 0
316 0
317 0
318 0
319 0
320 0
327 0
331 0
338 0
342 0
349 0
354 0
360 0
362 0
372 0
375 0
386 0
387 0
390 0
391 0
392 0
393 0
394 0
412 0
414 0
418 0
420 0
423 0
425 0
427 0
431 0
441 0
442 0
445 0
451 0
456 0
461 0
462 0
472 0
473 0
477 0
480 0
481 0
483 0
486 0
487 0
491 0
494 0
495 0
496 0
500 0
504 0
505 0
508 0
509 0
510 0
528 0
534 0
536 0
537 0
540 0
546 0
549 0
550 0
552 0
553 0
555 0
557 0
558 0
562 0
563 0
566 0
567 0
569 0
577 0
584 0
597 0
602 0
603 0
607 0
610 0
615 0
616 0
620 0
631 0
634 0
651 0
655 0
661 0
662 0
667 0
668 0
669 0
675 0
676 0
677 0
686 0
687 0
693 0
695 0
696 0
698 0
703 0
706 0
707 0
711 0
724 0
727 0
728 0
736 0
737 0
739 0
750 0
753 0
757 0
758 0
761 0
763 0
769 0
772 0
778 0
780 0
781 0
800 0
801 0
804 0
825 0
828 0
829 0
831 0
839 0
840 0
845 0
847 0
848 0
852 0
853 0
859 0
860 0
863 0
868 0
880 0
883 0
885 0
892 0
894 0
895 0
898 0
899 0
903 0
907 0
912 0
916 0
920 0
927 0
929 0
931 0
938 0
940 0
941 0
953 0
957 0
961 0
962 0
963 0
968 0
969 0
971 0
974 0
976 0
981 0
982 0
983 0
984 0
991 0
992 0
993 0
997 0
