c This is a uniform distributed  1-D DIMACS file 
c width height point_number
p 1000 1000 256
6 0
14 0
15 0
16 0
22 0
23 0
28 0
29 0
33 0
38 0
47 0
54 0
61 0
67 0
69 0
72 0
73 0
78 0
79 0
80 0
82 0
83 0
87 0
89 0
101 0
103 0
105 0
107 0
108 0
111 0
112 0
113 0
115 0
121 0
126 0
131 0
139 0
157 0
159 0
165 0
175 0
179 0
188 0
192 0
196 0
204 0
207 0
209 0
211 0
227 0
232 0
235 0
243 0
246 0
250 0
251 0
254 0
264 0
265 0
270 0
276 0
278 0
280 0
283 0
286 0
295 0
299 0
319 0
321 0
323 0
324 0
327 0
330 0
332 0
335 0
341 0
353 0
355 0
359 0
361 0
363 0
364 0
365 0
370 0
374 0
376 0
378 0
385 0
388 0
394 0
400 0
401 0
404 0
417 0
419 0
421 0
422 0
429 0
434 0
435 0
436 0
437 0
438 0
439 0
450 0
452 0
455 0
462 0
467 0
471 0
472 0
479 0
483 0
490 0
495 0
500 0
504 0
508 0
511 0
524 0
526 0
528 0
533 0
536 0
537 0
544 0
548 0
559 0
568 0
572 0
574 0
577 0
579 0
581 0
585 0
586 0
588 0
589 0
592 0
593 0
596 0
597 0
598 0
602 0
603 0
605 0
606 0
612 0
613 0
614 0
625 0
632 0
637 0
642 0
645 0
646 0
648 0
651 0
652 0
657 0
659 0
663 0
665 0
666 0
668 0
675 0
684 0
687 0
688 0
695 0
699 0
700 0
703 0
704 0
713 0
718 0
719 0
721 0
739 0
762 0
763 0
768 0
770 0
771 0
783 0
788 0
791 0
797 0
800 0
801 0
804 0
805 0
807 0
812 0
814 0
820 0
821 0
825 0
827 0
829 0
830 0
835 0
836 0
838 0
839 0
841 0
842 0
844 0
847 0
848 0
852 0
854 0
855 0
859 0
862 0
866 0
868 0
871 0
874 0
875 0
881 0
882 0
885 0
888 0
891 0
900 0
901 0
902 0
905 0
906 0
907 0
908 0
909 0
910 0
912 0
914 0
917 0
920 0
922 0
924 0
928 0
939 0
943 0
946 0
948 0
950 0
952 0
957 0
962 0
963 0
964 0
974 0
982 0
988 0
996 0
999 0
