c This is a uniform distributed  1-D DIMACS file 
c width height point_number
p 1000 1000 256
1 0
2 0
6 0
11 0
16 0
18 0
19 0
20 0
24 0
25 0
28 0
33 0
36 0
38 0
39 0
41 0
43 0
44 0
46 0
48 0
49 0
60 0
65 0
73 0
76 0
77 0
80 0
81 0
82 0
85 0
90 0
91 0
92 0
101 0
109 0
111 0
115 0
120 0
123 0
126 0
132 0
133 0
134 0
139 0
141 0
142 0
143 0
146 0
153 0
157 0
161 0
168 0
173 0
177 0
179 0
186 0
194 0
207 0
209 0
216 0
225 0
226 0
227 0
228 0
232 0
237 0
242 0
243 0
246 0
247 0
249 0
250 0
253 0
257 0
261 0
262 0
264 0
265 0
270 0
274 0
276 0
284 0
287 0
303 0
304 0
313 0
314 0
315 0
322 0
327 0
329 0
333 0
336 0
338 0
339 0
344 0
346 0
363 0
364 0
368 0
371 0
381 0
384 0
385 0
386 0
404 0
405 0
409 0
417 0
419 0
427 0
429 0
436 0
440 0
442 0
444 0
447 0
451 0
453 0
460 0
461 0
466 0
469 0
470 0
472 0
488 0
492 0
494 0
497 0
499 0
502 0
505 0
506 0
507 0
510 0
512 0
519 0
530 0
547 0
548 0
556 0
561 0
578 0
579 0
580 0
581 0
584 0
586 0
591 0
597 0
604 0
605 0
606 0
609 0
620 0
622 0
624 0
631 0
633 0
638 0
640 0
645 0
654 0
658 0
660 0
661 0
662 0
670 0
673 0
674 0
679 0
681 0
684 0
689 0
690 0
691 0
694 0
700 0
704 0
705 0
706 0
707 0
722 0
726 0
728 0
735 0
736 0
740 0
749 0
754 0
757 0
759 0
761 0
765 0
766 0
767 0
778 0
788 0
793 0
800 0
802 0
806 0
812 0
813 0
814 0
819 0
832 0
839 0
840 0
841 0
843 0
844 0
847 0
849 0
850 0
851 0
863 0
869 0
873 0
874 0
884 0
886 0
887 0
890 0
893 0
895 0
898 0
901 0
905 0
922 0
924 0
925 0
927 0
930 0
931 0
932 0
935 0
936 0
946 0
948 0
952 0
954 0
956 0
961 0
964 0
969 0
970 0
979 0
980 0
982 0
986 0
987 0
988 0
989 0
990 0
992 0
