c This is a uniform distributed  1-D DIMACS file 
c width height point_number
p 1000 1000 256
1 0
2 0
8 0
11 0
12 0
17 0
18 0
32 0
44 0
50 0
58 0
60 0
63 0
65 0
72 0
73 0
76 0
78 0
80 0
82 0
85 0
87 0
89 0
90 0
107 0
109 0
113 0
115 0
121 0
124 0
125 0
130 0
133 0
136 0
141 0
147 0
153 0
162 0
164 0
167 0
178 0
182 0
185 0
190 0
195 0
198 0
200 0
202 0
207 0
208 0
213 0
216 0
222 0
223 0
229 0
231 0
233 0
234 0
239 0
248 0
250 0
251 0
254 0
260 0
261 0
263 0
273 0
276 0
277 0
278 0
280 0
282 0
283 0
289 0
291 0
297 0
305 0
307 0
308 0
312 0
316 0
327 0
332 0
334 0
338 0
343 0
345 0
346 0
355 0
356 0
361 0
363 0
372 0
374 0
382 0
389 0
401 0
402 0
403 0
404 0
406 0
409 0
410 0
412 0
413 0
414 0
421 0
423 0
424 0
426 0
428 0
433 0
434 0
441 0
443 0
446 0
452 0
455 0
457 0
462 0
463 0
464 0
468 0
469 0
470 0
471 0
477 0
478 0
479 0
480 0
482 0
485 0
486 0
488 0
489 0
490 0
500 0
507 0
512 0
514 0
517 0
519 0
540 0
541 0
542 0
547 0
548 0
550 0
556 0
560 0
561 0
567 0
571 0
574 0
575 0
578 0
580 0
584 0
586 0
590 0
591 0
593 0
601 0
602 0
603 0
614 0
615 0
617 0
620 0
621 0
623 0
625 0
635 0
639 0
645 0
647 0
654 0
662 0
665 0
685 0
689 0
690 0
691 0
695 0
700 0
702 0
704 0
706 0
707 0
714 0
723 0
732 0
739 0
744 0
748 0
751 0
758 0
770 0
774 0
776 0
785 0
789 0
797 0
800 0
803 0
807 0
813 0
827 0
831 0
836 0
839 0
844 0
845 0
849 0
852 0
855 0
866 0
874 0
877 0
881 0
883 0
887 0
894 0
897 0
900 0
901 0
903 0
906 0
908 0
910 0
913 0
914 0
917 0
921 0
922 0
925 0
926 0
929 0
932 0
942 0
943 0
946 0
951 0
952 0
959 0
960 0
976 0
977 0
982 0
985 0
987 0
989 0
992 0
993 0
997 0
998 0
