c This is a uniform distributed  1-D DIMACS file 
c width height point_number
p 1000 1000 256
2 0
6 0
12 0
21 0
24 0
26 0
28 0
29 0
30 0
34 0
35 0
36 0
38 0
40 0
50 0
54 0
57 0
62 0
63 0
65 0
68 0
84 0
86 0
89 0
91 0
98 0
106 0
107 0
110 0
113 0
114 0
117 0
118 0
119 0
133 0
146 0
148 0
149 0
150 0
151 0
162 0
173 0
176 0
180 0
191 0
196 0
211 0
213 0
215 0
216 0
218 0
228 0
231 0
234 0
236 0
251 0
253 0
254 0
259 0
260 0
269 0
271 0
280 0
282 0
292 0
293 0
303 0
306 0
318 0
322 0
329 0
333 0
343 0
344 0
345 0
348 0
350 0
351 0
354 0
356 0
361 0
362 0
368 0
387 0
391 0
393 0
401 0
405 0
408 0
410 0
416 0
419 0
423 0
425 0
429 0
444 0
445 0
447 0
452 0
455 0
460 0
461 0
474 0
477 0
479 0
480 0
484 0
485 0
487 0
500 0
501 0
502 0
506 0
511 0
515 0
516 0
522 0
523 0
526 0
531 0
535 0
537 0
541 0
542 0
545 0
548 0
550 0
553 0
558 0
561 0
563 0
565 0
566 0
570 0
574 0
576 0
577 0
580 0
586 0
594 0
598 0
606 0
612 0
613 0
614 0
623 0
624 0
628 0
629 0
631 0
632 0
635 0
641 0
642 0
653 0
656 0
659 0
660 0
662 0
664 0
666 0
667 0
678 0
684 0
697 0
698 0
700 0
702 0
707 0
712 0
714 0
717 0
718 0
720 0
729 0
731 0
737 0
747 0
750 0
751 0
754 0
755 0
756 0
757 0
761 0
769 0
774 0
775 0
776 0
778 0
780 0
784 0
785 0
791 0
792 0
797 0
799 0
800 0
804 0
811 0
814 0
816 0
820 0
822 0
823 0
825 0
826 0
828 0
829 0
830 0
831 0
832 0
833 0
834 0
840 0
845 0
846 0
849 0
860 0
865 0
866 0
867 0
871 0
874 0
881 0
884 0
887 0
894 0
897 0
901 0
902 0
906 0
907 0
911 0
916 0
917 0
918 0
922 0
925 0
932 0
936 0
946 0
949 0
959 0
963 0
964 0
966 0
970 0
971 0
980 0
981 0
982 0
985 0
994 0
996 0
998 0
