c This is a uniform distributed  1-D DIMACS file 
c width height point_number
p 1000 1000 256
1 0
4 0
6 0
7 0
23 0
25 0
26 0
28 0
31 0
32 0
36 0
42 0
43 0
44 0
47 0
54 0
62 0
63 0
64 0
71 0
73 0
75 0
76 0
85 0
87 0
88 0
89 0
95 0
96 0
107 0
108 0
109 0
111 0
119 0
125 0
129 0
133 0
139 0
143 0
144 0
146 0
149 0
152 0
156 0
157 0
164 0
168 0
169 0
179 0
194 0
197 0
201 0
206 0
215 0
216 0
219 0
220 0
223 0
225 0
226 0
241 0
247 0
248 0
252 0
254 0
255 0
261 0
271 0
272 0
277 0
282 0
287 0
288 0
289 0
290 0
291 0
292 0
293 0
294 0
295 0
300 0
312 0
320 0
322 0
327 0
329 0
332 0
333 0
334 0
340 0
342 0
346 0
351 0
352 0
353 0
356 0
364 0
366 0
370 0
375 0
376 0
378 0
379 0
389 0
395 0
396 0
408 0
414 0
419 0
420 0
423 0
429 0
433 0
441 0
447 0
450 0
454 0
464 0
467 0
473 0
485 0
486 0
487 0
493 0
495 0
504 0
516 0
518 0
522 0
528 0
530 0
533 0
536 0
544 0
546 0
548 0
552 0
553 0
555 0
560 0
561 0
563 0
567 0
568 0
570 0
572 0
573 0
574 0
583 0
586 0
590 0
596 0
598 0
604 0
607 0
608 0
615 0
617 0
620 0
621 0
624 0
627 0
637 0
642 0
644 0
645 0
649 0
651 0
658 0
663 0
665 0
675 0
676 0
677 0
678 0
687 0
693 0
699 0
700 0
706 0
709 0
714 0
715 0
716 0
725 0
726 0
738 0
742 0
745 0
746 0
749 0
757 0
758 0
764 0
766 0
768 0
771 0
776 0
778 0
785 0
788 0
789 0
801 0
809 0
810 0
817 0
818 0
820 0
839 0
842 0
843 0
844 0
847 0
850 0
851 0
853 0
854 0
856 0
859 0
860 0
876 0
883 0
886 0
890 0
893 0
895 0
896 0
897 0
903 0
906 0
908 0
910 0
911 0
912 0
914 0
920 0
921 0
932 0
937 0
939 0
943 0
952 0
956 0
957 0
958 0
959 0
961 0
967 0
968 0
974 0
975 0
977 0
979 0
987 0
988 0
992 0
