c This is a uniform distributed  1-D DIMACS file 
c width height point_number
p 1000 1000 256
1 0
2 0
7 0
9 0
11 0
23 0
27 0
29 0
40 0
46 0
49 0
51 0
54 0
58 0
64 0
71 0
73 0
75 0
78 0
79 0
84 0
85 0
86 0
87 0
92 0
95 0
100 0
111 0
113 0
115 0
117 0
119 0
122 0
126 0
134 0
138 0
139 0
141 0
143 0
146 0
147 0
149 0
155 0
157 0
160 0
162 0
167 0
174 0
175 0
178 0
179 0
181 0
186 0
189 0
192 0
195 0
198 0
199 0
201 0
206 0
211 0
215 0
216 0
218 0
219 0
225 0
226 0
237 0
240 0
245 0
248 0
250 0
252 0
256 0
258 0
263 0
265 0
269 0
270 0
274 0
282 0
296 0
297 0
300 0
303 0
305 0
308 0
310 0
312 0
318 0
319 0
323 0
329 0
331 0
334 0
342 0
343 0
345 0
356 0
360 0
365 0
366 0
369 0
376 0
395 0
397 0
399 0
400 0
410 0
414 0
416 0
421 0
423 0
428 0
430 0
438 0
449 0
450 0
452 0
464 0
477 0
478 0
480 0
489 0
493 0
494 0
495 0
496 0
498 0
502 0
507 0
510 0
513 0
518 0
523 0
529 0
531 0
534 0
545 0
547 0
550 0
555 0
571 0
573 0
574 0
575 0
578 0
581 0
584 0
594 0
603 0
604 0
606 0
608 0
611 0
612 0
619 0
623 0
630 0
632 0
641 0
643 0
644 0
648 0
655 0
658 0
659 0
660 0
661 0
666 0
683 0
684 0
687 0
689 0
692 0
695 0
698 0
699 0
707 0
718 0
725 0
727 0
728 0
736 0
743 0
755 0
762 0
763 0
770 0
771 0
781 0
783 0
784 0
787 0
791 0
796 0
797 0
798 0
803 0
805 0
807 0
809 0
810 0
811 0
819 0
820 0
827 0
831 0
835 0
836 0
837 0
843 0
845 0
848 0
849 0
853 0
856 0
858 0
859 0
861 0
862 0
863 0
865 0
866 0
868 0
870 0
875 0
882 0
883 0
884 0
887 0
892 0
901 0
904 0
913 0
914 0
918 0
924 0
932 0
933 0
938 0
939 0
940 0
944 0
948 0
951 0
959 0
962 0
963 0
965 0
972 0
976 0
978 0
985 0
988 0
998 0
