c This is a uniform distributed  1-D DIMACS file 
c width height point_number
p 1000 1000 256
4 0
6 0
10 0
16 0
17 0
19 0
20 0
38 0
42 0
46 0
48 0
49 0
60 0
71 0
83 0
84 0
88 0
93 0
94 0
97 0
106 0
108 0
112 0
126 0
133 0
134 0
136 0
143 0
149 0
151 0
156 0
158 0
161 0
163 0
165 0
175 0
178 0
189 0
195 0
205 0
206 0
207 0
212 0
213 0
214 0
219 0
224 0
227 0
235 0
241 0
242 0
244 0
256 0
257 0
258 0
262 0
265 0
267 0
268 0
271 0
272 0
278 0
280 0
286 0
290 0
293 0
296 0
297 0
298 0
306 0
309 0
323 0
324 0
326 0
335 0
337 0
338 0
340 0
343 0
353 0
357 0
358 0
359 0
364 0
368 0
373 0
377 0
385 0
387 0
391 0
392 0
394 0
403 0
404 0
410 0
416 0
417 0
430 0
433 0
442 0
451 0
456 0
457 0
459 0
461 0
465 0
466 0
468 0
476 0
477 0
478 0
481 0
482 0
486 0
487 0
488 0
492 0
496 0
502 0
504 0
517 0
518 0
520 0
524 0
528 0
533 0
534 0
536 0
537 0
538 0
541 0
547 0
548 0
554 0
556 0
558 0
560 0
561 0
566 0
567 0
571 0
572 0
575 0
579 0
583 0
586 0
590 0
592 0
593 0
595 0
606 0
608 0
611 0
615 0
618 0
623 0
637 0
644 0
649 0
651 0
653 0
655 0
661 0
663 0
664 0
667 0
672 0
678 0
679 0
682 0
688 0
692 0
694 0
696 0
699 0
700 0
704 0
707 0
713 0
714 0
724 0
730 0
733 0
741 0
747 0
751 0
755 0
757 0
762 0
763 0
764 0
771 0
772 0
773 0
782 0
789 0
792 0
801 0
805 0
808 0
809 0
810 0
812 0
816 0
817 0
820 0
822 0
828 0
829 0
831 0
832 0
833 0
834 0
836 0
838 0
848 0
856 0
858 0
865 0
870 0
871 0
872 0
873 0
874 0
876 0
877 0
896 0
899 0
901 0
905 0
909 0
910 0
911 0
912 0
918 0
919 0
925 0
934 0
954 0
955 0
956 0
959 0
965 0
967 0
968 0
970 0
973 0
974 0
978 0
987 0
988 0
991 0
994 0
995 0
997 0
998 0
