c This is a uniform distributed  1-D DIMACS file 
c width height point_number
p 1000 1000 256
6 0
8 0
15 0
17 0
24 0
29 0
33 0
34 0
40 0
41 0
44 0
47 0
52 0
53 0
55 0
59 0
67 0
71 0
74 0
78 0
81 0
82 0
84 0
85 0
86 0
87 0
88 0
90 0
93 0
100 0
101 0
107 0
108 0
109 0
117 0
119 0
130 0
133 0
136 0
147 0
152 0
155 0
156 0
157 0
159 0
161 0
162 0
163 0
165 0
168 0
170 0
172 0
182 0
185 0
188 0
198 0
199 0
201 0
202 0
214 0
216 0
223 0
225 0
226 0
228 0
233 0
241 0
244 0
249 0
253 0
255 0
256 0
260 0
263 0
273 0
275 0
278 0
281 0
282 0
293 0
300 0
301 0
304 0
305 0
307 0
308 0
317 0
321 0
328 0
330 0
341 0
342 0
344 0
353 0
356 0
363 0
365 0
368 0
369 0
377 0
379 0
380 0
382 0
388 0
408 0
409 0
411 0
413 0
414 0
415 0
418 0
421 0
425 0
431 0
435 0
437 0
444 0
450 0
453 0
458 0
460 0
468 0
470 0
473 0
482 0
485 0
488 0
492 0
497 0
500 0
502 0
509 0
517 0
518 0
522 0
527 0
532 0
534 0
541 0
544 0
547 0
555 0
562 0
571 0
574 0
576 0
583 0
586 0
592 0
593 0
604 0
608 0
617 0
619 0
620 0
622 0
624 0
631 0
636 0
637 0
647 0
650 0
657 0
658 0
661 0
664 0
666 0
668 0
671 0
681 0
685 0
686 0
687 0
688 0
694 0
699 0
701 0
702 0
705 0
707 0
715 0
717 0
719 0
722 0
725 0
726 0
729 0
733 0
738 0
754 0
763 0
765 0
766 0
775 0
777 0
781 0
782 0
788 0
789 0
791 0
792 0
793 0
794 0
795 0
796 0
800 0
803 0
804 0
805 0
811 0
812 0
818 0
819 0
820 0
827 0
830 0
837 0
839 0
843 0
844 0
854 0
856 0
860 0
864 0
867 0
877 0
879 0
881 0
883 0
886 0
891 0
892 0
895 0
896 0
898 0
900 0
903 0
913 0
919 0
922 0
923 0
925 0
928 0
929 0
930 0
931 0
937 0
948 0
949 0
951 0
957 0
963 0
965 0
983 0
985 0
992 0
