c This is a uniform distributed  1-D DIMACS file 
c width height point_number
p 1000 1000 256
3 0
4 0
6 0
15 0
18 0
20 0
27 0
30 0
34 0
41 0
55 0
57 0
60 0
62 0
63 0
65 0
73 0
75 0
77 0
81 0
85 0
89 0
96 0
105 0
108 0
110 0
116 0
121 0
122 0
126 0
128 0
129 0
134 0
136 0
137 0
138 0
139 0
140 0
142 0
147 0
151 0
155 0
159 0
169 0
171 0
173 0
177 0
178 0
180 0
181 0
183 0
186 0
187 0
188 0
194 0
195 0
197 0
203 0
208 0
209 0
219 0
220 0
223 0
229 0
233 0
235 0
239 0
241 0
245 0
248 0
250 0
253 0
258 0
265 0
268 0
271 0
280 0
281 0
283 0
284 0
286 0
287 0
291 0
296 0
297 0
300 0
302 0
304 0
305 0
306 0
315 0
316 0
318 0
323 0
324 0
326 0
330 0
332 0
334 0
341 0
352 0
354 0
360 0
366 0
372 0
378 0
380 0
381 0
387 0
388 0
389 0
392 0
395 0
396 0
402 0
403 0
405 0
413 0
423 0
428 0
436 0
442 0
445 0
446 0
447 0
453 0
455 0
457 0
459 0
460 0
466 0
467 0
477 0
481 0
482 0
483 0
496 0
501 0
504 0
506 0
507 0
513 0
517 0
520 0
522 0
535 0
543 0
544 0
545 0
549 0
553 0
555 0
566 0
571 0
574 0
577 0
579 0
581 0
583 0
588 0
593 0
599 0
602 0
611 0
615 0
619 0
620 0
627 0
639 0
640 0
642 0
647 0
649 0
655 0
670 0
671 0
672 0
673 0
680 0
685 0
686 0
687 0
688 0
689 0
695 0
697 0
698 0
703 0
705 0
707 0
709 0
723 0
725 0
727 0
728 0
730 0
732 0
741 0
743 0
748 0
754 0
758 0
761 0
764 0
765 0
773 0
776 0
781 0
783 0
787 0
788 0
790 0
796 0
800 0
806 0
814 0
815 0
818 0
819 0
820 0
822 0
825 0
845 0
846 0
849 0
850 0
851 0
856 0
859 0
860 0
862 0
864 0
872 0
875 0
877 0
886 0
906 0
908 0
930 0
937 0
941 0
947 0
956 0
958 0
959 0
963 0
966 0
968 0
971 0
974 0
980 0
984 0
985 0
987 0
994 0
995 0
