c This is a uniform distributed  1-D DIMACS file 
c width height point_number
p 1000 1000 256
8 0
10 0
13 0
14 0
16 0
20 0
23 0
24 0
30 0
34 0
36 0
42 0
45 0
46 0
47 0
52 0
58 0
59 0
63 0
65 0
70 0
74 0
80 0
84 0
86 0
88 0
107 0
109 0
116 0
117 0
120 0
129 0
138 0
143 0
146 0
150 0
157 0
160 0
168 0
171 0
185 0
190 0
191 0
193 0
196 0
200 0
203 0
221 0
226 0
229 0
231 0
235 0
240 0
245 0
247 0
249 0
251 0
252 0
255 0
271 0
274 0
282 0
288 0
293 0
296 0
300 0
301 0
306 0
307 0
310 0
317 0
318 0
322 0
327 0
334 0
337 0
345 0
346 0
353 0
356 0
357 0
362 0
364 0
366 0
368 0
371 0
376 0
386 0
388 0
392 0
395 0
399 0
400 0
403 0
405 0
413 0
414 0
415 0
416 0
420 0
424 0
426 0
427 0
428 0
429 0
435 0
436 0
438 0
440 0
445 0
452 0
453 0
455 0
457 0
459 0
460 0
462 0
465 0
475 0
478 0
479 0
483 0
489 0
498 0
500 0
505 0
506 0
509 0
512 0
513 0
520 0
524 0
537 0
541 0
547 0
548 0
555 0
562 0
563 0
566 0
567 0
569 0
571 0
572 0
576 0
588 0
590 0
591 0
597 0
599 0
600 0
603 0
604 0
606 0
611 0
612 0
620 0
627 0
629 0
631 0
632 0
635 0
636 0
638 0
639 0
642 0
653 0
658 0
662 0
665 0
672 0
676 0
678 0
680 0
685 0
690 0
691 0
697 0
702 0
712 0
716 0
718 0
719 0
723 0
728 0
733 0
734 0
737 0
751 0
752 0
754 0
755 0
757 0
777 0
784 0
786 0
787 0
790 0
795 0
802 0
811 0
812 0
816 0
820 0
821 0
822 0
825 0
829 0
833 0
842 0
845 0
854 0
855 0
857 0
864 0
867 0
869 0
875 0
882 0
888 0
891 0
895 0
899 0
902 0
908 0
909 0
911 0
912 0
913 0
920 0
922 0
923 0
928 0
931 0
933 0
935 0
942 0
949 0
950 0
951 0
952 0
960 0
965 0
975 0
979 0
980 0
981 0
982 0
985 0
987 0
988 0
989 0
992 0
994 0
996 0
997 0
