c This is a uniform distributed  1-D DIMACS file 
c width height point_number
p 1000 1000 256
2 0
5 0
9 0
11 0
19 0
22 0
25 0
36 0
37 0
39 0
40 0
44 0
51 0
54 0
56 0
57 0
59 0
61 0
63 0
67 0
68 0
70 0
76 0
84 0
86 0
88 0
97 0
102 0
107 0
108 0
111 0
113 0
121 0
123 0
124 0
130 0
134 0
141 0
145 0
146 0
152 0
161 0
169 0
171 0
172 0
174 0
176 0
179 0
181 0
183 0
191 0
192 0
193 0
195 0
196 0
199 0
200 0
205 0
208 0
210 0
218 0
222 0
225 0
226 0
228 0
229 0
230 0
232 0
234 0
235 0
241 0
246 0
247 0
248 0
251 0
254 0
255 0
258 0
260 0
263 0
274 0
277 0
284 0
285 0
287 0
290 0
291 0
292 0
294 0
295 0
303 0
306 0
307 0
313 0
316 0
319 0
324 0
325 0
327 0
328 0
330 0
331 0
342 0
343 0
344 0
347 0
348 0
357 0
360 0
364 0
367 0
373 0
375 0
376 0
380 0
385 0
390 0
391 0
392 0
395 0
396 0
402 0
405 0
406 0
410 0
413 0
416 0
417 0
418 0
419 0
420 0
424 0
427 0
430 0
433 0
445 0
446 0
447 0
453 0
471 0
473 0
480 0
481 0
483 0
484 0
489 0
494 0
498 0
499 0
505 0
510 0
520 0
521 0
522 0
524 0
525 0
540 0
541 0
546 0
547 0
554 0
555 0
562 0
565 0
569 0
586 0
587 0
588 0
596 0
602 0
608 0
609 0
611 0
612 0
630 0
636 0
642 0
647 0
650 0
656 0
662 0
669 0
672 0
676 0
677 0
679 0
680 0
694 0
706 0
707 0
725 0
727 0
736 0
746 0
748 0
755 0
756 0
759 0
766 0
768 0
771 0
774 0
776 0
777 0
781 0
785 0
787 0
789 0
790 0
792 0
796 0
801 0
810 0
813 0
814 0
818 0
826 0
834 0
835 0
849 0
850 0
851 0
861 0
862 0
863 0
866 0
867 0
874 0
879 0
884 0
885 0
887 0
888 0
889 0
891 0
892 0
899 0
900 0
901 0
910 0
912 0
917 0
919 0
928 0
939 0
942 0
944 0
949 0
951 0
964 0
972 0
977 0
980 0
992 0
994 0
998 0
