c This is a uniform distributed  1-D DIMACS file 
c width height point_number
p 1000 1000 256
1 0
3 0
6 0
8 0
10 0
11 0
23 0
24 0
27 0
28 0
30 0
31 0
33 0
38 0
45 0
50 0
52 0
53 0
55 0
57 0
59 0
60 0
74 0
79 0
82 0
87 0
96 0
108 0
110 0
112 0
115 0
119 0
120 0
122 0
123 0
126 0
127 0
132 0
144 0
146 0
150 0
152 0
157 0
162 0
166 0
172 0
175 0
182 0
184 0
188 0
191 0
199 0
208 0
209 0
218 0
219 0
223 0
228 0
234 0
241 0
244 0
247 0
251 0
253 0
256 0
259 0
260 0
265 0
280 0
282 0
285 0
292 0
295 0
297 0
298 0
309 0
310 0
314 0
316 0
319 0
323 0
332 0
336 0
344 0
353 0
361 0
367 0
371 0
372 0
374 0
376 0
378 0
388 0
389 0
392 0
394 0
395 0
397 0
413 0
415 0
417 0
419 0
422 0
423 0
427 0
436 0
440 0
444 0
446 0
449 0
455 0
457 0
458 0
461 0
467 0
471 0
479 0
485 0
487 0
488 0
489 0
492 0
494 0
495 0
499 0
500 0
501 0
502 0
503 0
506 0
510 0
511 0
516 0
517 0
520 0
528 0
534 0
535 0
541 0
544 0
548 0
549 0
553 0
554 0
557 0
562 0
563 0
565 0
566 0
567 0
570 0
580 0
587 0
588 0
590 0
592 0
598 0
599 0
600 0
603 0
607 0
610 0
611 0
627 0
628 0
639 0
640 0
648 0
649 0
654 0
656 0
661 0
663 0
668 0
671 0
677 0
681 0
687 0
689 0
691 0
692 0
694 0
700 0
707 0
709 0
710 0
712 0
714 0
720 0
721 0
728 0
730 0
737 0
743 0
744 0
747 0
749 0
750 0
755 0
762 0
765 0
772 0
773 0
786 0
790 0
796 0
801 0
805 0
806 0
807 0
809 0
818 0
819 0
824 0
829 0
834 0
841 0
843 0
845 0
848 0
866 0
871 0
872 0
873 0
874 0
877 0
883 0
889 0
894 0
898 0
900 0
913 0
914 0
916 0
921 0
928 0
932 0
936 0
939 0
942 0
947 0
948 0
952 0
954 0
955 0
959 0
960 0
964 0
967 0
970 0
972 0
973 0
978 0
988 0
990 0
993 0
