c This is a uniform distributed  1-D DIMACS file 
c width height point_number
p 1000 1000 256
2 0
4 0
11 0
23 0
24 0
26 0
29 0
30 0
31 0
40 0
41 0
43 0
48 0
56 0
57 0
63 0
71 0
72 0
79 0
82 0
83 0
92 0
99 0
106 0
108 0
110 0
114 0
115 0
117 0
118 0
127 0
129 0
130 0
133 0
147 0
148 0
153 0
164 0
167 0
168 0
169 0
173 0
182 0
184 0
187 0
190 0
192 0
193 0
194 0
196 0
197 0
201 0
203 0
207 0
209 0
210 0
212 0
213 0
214 0
217 0
219 0
223 0
227 0
234 0
236 0
237 0
240 0
246 0
249 0
255 0
257 0
258 0
264 0
284 0
285 0
288 0
290 0
291 0
293 0
294 0
295 0
296 0
297 0
301 0
302 0
303 0
308 0
309 0
320 0
327 0
330 0
331 0
332 0
337 0
348 0
352 0
359 0
361 0
363 0
373 0
374 0
375 0
378 0
381 0
387 0
400 0
402 0
403 0
412 0
413 0
421 0
432 0
436 0
437 0
441 0
442 0
443 0
448 0
455 0
456 0
460 0
463 0
467 0
474 0
476 0
477 0
479 0
483 0
485 0
491 0
492 0
499 0
508 0
512 0
522 0
523 0
538 0
540 0
541 0
555 0
557 0
560 0
567 0
574 0
575 0
576 0
579 0
581 0
583 0
587 0
589 0
592 0
593 0
597 0
604 0
608 0
609 0
610 0
611 0
614 0
622 0
624 0
634 0
639 0
640 0
641 0
643 0
645 0
646 0
650 0
653 0
660 0
663 0
665 0
666 0
670 0
679 0
680 0
687 0
695 0
697 0
698 0
700 0
703 0
705 0
707 0
711 0
712 0
720 0
724 0
728 0
734 0
735 0
737 0
738 0
741 0
742 0
743 0
752 0
757 0
778 0
780 0
783 0
787 0
788 0
790 0
793 0
795 0
800 0
802 0
804 0
806 0
825 0
828 0
829 0
839 0
840 0
841 0
847 0
850 0
853 0
861 0
867 0
872 0
874 0
877 0
886 0
897 0
903 0
904 0
908 0
909 0
914 0
917 0
918 0
920 0
928 0
929 0
932 0
935 0
940 0
941 0
960 0
964 0
965 0
969 0
970 0
972 0
981 0
983 0
984 0
986 0
987 0
989 0
990 0
991 0
