c This is a uniform distributed  1-D DIMACS file 
c width height point_number
p 1000 1000 256
2 0
3 0
5 0
15 0
16 0
17 0
18 0
20 0
25 0
31 0
33 0
34 0
35 0
37 0
42 0
44 0
47 0
53 0
54 0
58 0
61 0
68 0
76 0
80 0
82 0
88 0
94 0
95 0
97 0
101 0
110 0
112 0
115 0
117 0
119 0
122 0
125 0
131 0
134 0
136 0
139 0
141 0
142 0
151 0
152 0
154 0
158 0
159 0
160 0
168 0
171 0
172 0
179 0
188 0
190 0
191 0
193 0
204 0
210 0
213 0
215 0
216 0
220 0
225 0
226 0
235 0
236 0
243 0
245 0
251 0
253 0
258 0
260 0
263 0
270 0
277 0
281 0
282 0
285 0
286 0
292 0
294 0
298 0
301 0
309 0
319 0
324 0
328 0
333 0
339 0
340 0
344 0
349 0
353 0
356 0
357 0
361 0
362 0
369 0
374 0
375 0
383 0
392 0
398 0
410 0
412 0
419 0
427 0
431 0
432 0
438 0
439 0
447 0
453 0
456 0
466 0
469 0
470 0
478 0
480 0
485 0
490 0
498 0
500 0
502 0
504 0
506 0
511 0
512 0
513 0
515 0
524 0
528 0
529 0
532 0
537 0
538 0
541 0
544 0
555 0
556 0
559 0
563 0
566 0
570 0
577 0
585 0
586 0
594 0
596 0
605 0
612 0
613 0
615 0
616 0
620 0
621 0
625 0
626 0
627 0
630 0
632 0
640 0
641 0
642 0
646 0
652 0
654 0
657 0
661 0
671 0
674 0
687 0
688 0
689 0
690 0
692 0
695 0
697 0
698 0
704 0
707 0
709 0
710 0
711 0
713 0
717 0
718 0
731 0
748 0
751 0
753 0
767 0
776 0
782 0
783 0
785 0
791 0
792 0
795 0
800 0
801 0
803 0
808 0
814 0
815 0
816 0
819 0
820 0
821 0
824 0
825 0
829 0
831 0
835 0
841 0
847 0
849 0
853 0
854 0
858 0
860 0
867 0
869 0
871 0
874 0
882 0
883 0
900 0
901 0
905 0
907 0
910 0
915 0
923 0
925 0
928 0
931 0
932 0
937 0
944 0
948 0
957 0
958 0
959 0
963 0
964 0
973 0
976 0
980 0
983 0
987 0
988 0
991 0
993 0
996 0
