c This is a uniform distributed  1-D DIMACS file 
c width height point_number
p 1000 1000 256
7 0
16 0
19 0
23 0
25 0
26 0
30 0
32 0
33 0
36 0
37 0
41 0
45 0
47 0
48 0
50 0
54 0
55 0
66 0
67 0
70 0
71 0
72 0
74 0
76 0
81 0
83 0
85 0
97 0
99 0
105 0
106 0
108 0
114 0
116 0
117 0
120 0
121 0
125 0
130 0
134 0
140 0
149 0
151 0
158 0
162 0
163 0
166 0
167 0
168 0
170 0
171 0
174 0
175 0
179 0
192 0
201 0
202 0
213 0
214 0
216 0
217 0
218 0
225 0
228 0
240 0
245 0
246 0
252 0
257 0
260 0
262 0
270 0
276 0
277 0
278 0
284 0
285 0
289 0
291 0
297 0
298 0
304 0
305 0
310 0
315 0
319 0
335 0
337 0
339 0
348 0
349 0
351 0
355 0
357 0
358 0
366 0
368 0
370 0
373 0
382 0
383 0
385 0
389 0
400 0
405 0
408 0
412 0
414 0
416 0
428 0
431 0
435 0
436 0
437 0
438 0
439 0
445 0
450 0
451 0
458 0
460 0
461 0
462 0
480 0
484 0
485 0
488 0
492 0
493 0
494 0
496 0
500 0
504 0
505 0
511 0
517 0
520 0
527 0
530 0
532 0
539 0
541 0
544 0
551 0
556 0
557 0
561 0
568 0
578 0
579 0
583 0
587 0
593 0
596 0
597 0
598 0
603 0
608 0
612 0
614 0
615 0
618 0
619 0
627 0
635 0
636 0
637 0
645 0
647 0
649 0
650 0
662 0
665 0
666 0
668 0
671 0
682 0
688 0
689 0
691 0
697 0
706 0
708 0
711 0
715 0
717 0
718 0
737 0
746 0
747 0
751 0
755 0
759 0
766 0
771 0
778 0
780 0
783 0
785 0
794 0
799 0
803 0
805 0
806 0
807 0
808 0
810 0
813 0
815 0
817 0
819 0
823 0
825 0
827 0
829 0
830 0
833 0
839 0
843 0
847 0
848 0
849 0
853 0
856 0
863 0
865 0
867 0
872 0
886 0
889 0
891 0
892 0
894 0
897 0
904 0
905 0
909 0
918 0
920 0
953 0
958 0
960 0
961 0
962 0
963 0
971 0
974 0
977 0
979 0
984 0
986 0
988 0
997 0
998 0
999 0
