c This is a uniform distributed  1-D DIMACS file 
c width height point_number
p 1000 1000 256
2 0
6 0
7 0
9 0
13 0
20 0
22 0
30 0
34 0
36 0
40 0
43 0
45 0
46 0
48 0
50 0
69 0
73 0
76 0
77 0
84 0
86 0
93 0
96 0
101 0
107 0
108 0
113 0
124 0
131 0
132 0
138 0
144 0
152 0
153 0
157 0
162 0
168 0
170 0
176 0
181 0
183 0
184 0
186 0
190 0
191 0
196 0
197 0
198 0
202 0
204 0
209 0
211 0
212 0
216 0
220 0
225 0
226 0
231 0
232 0
234 0
235 0
248 0
251 0
256 0
258 0
261 0
266 0
267 0
270 0
277 0
280 0
283 0
287 0
288 0
289 0
291 0
299 0
310 0
313 0
316 0
318 0
326 0
332 0
333 0
339 0
342 0
346 0
349 0
350 0
357 0
367 0
374 0
375 0
392 0
394 0
399 0
401 0
403 0
414 0
416 0
422 0
429 0
433 0
435 0
437 0
439 0
444 0
445 0
449 0
457 0
461 0
462 0
463 0
470 0
475 0
476 0
477 0
482 0
484 0
487 0
489 0
495 0
496 0
498 0
503 0
507 0
513 0
517 0
520 0
522 0
523 0
525 0
530 0
536 0
538 0
540 0
551 0
555 0
556 0
561 0
567 0
576 0
577 0
580 0
584 0
585 0
589 0
590 0
600 0
605 0
613 0
616 0
618 0
623 0
629 0
630 0
632 0
634 0
637 0
641 0
647 0
648 0
649 0
655 0
662 0
666 0
671 0
679 0
688 0
689 0
698 0
699 0
704 0
705 0
711 0
712 0
722 0
727 0
728 0
731 0
739 0
742 0
746 0
754 0
760 0
763 0
764 0
765 0
767 0
773 0
775 0
785 0
788 0
798 0
804 0
810 0
812 0
815 0
817 0
820 0
823 0
824 0
825 0
827 0
828 0
833 0
836 0
842 0
845 0
848 0
851 0
852 0
856 0
865 0
874 0
876 0
878 0
881 0
885 0
889 0
892 0
896 0
902 0
905 0
909 0
911 0
912 0
915 0
920 0
924 0
925 0
928 0
931 0
932 0
933 0
937 0
940 0
941 0
945 0
947 0
948 0
950 0
955 0
961 0
970 0
974 0
978 0
980 0
982 0
986 0
988 0
989 0
990 0
992 0
999 0
