c This is a uniform distributed  1-D DIMACS file 
c width height point_number
p 1000 1000 256
3 0
5 0
12 0
15 0
18 0
20 0
23 0
31 0
35 0
39 0
42 0
51 0
57 0
60 0
64 0
75 0
78 0
79 0
85 0
94 0
98 0
103 0
108 0
110 0
111 0
118 0
122 0
124 0
128 0
130 0
134 0
137 0
138 0
139 0
141 0
144 0
145 0
149 0
151 0
158 0
159 0
162 0
165 0
168 0
170 0
179 0
184 0
187 0
188 0
192 0
193 0
200 0
201 0
204 0
207 0
209 0
210 0
214 0
216 0
217 0
219 0
225 0
226 0
236 0
238 0
240 0
246 0
249 0
254 0
262 0
264 0
266 0
271 0
278 0
287 0
289 0
291 0
292 0
307 0
313 0
315 0
318 0
324 0
329 0
332 0
335 0
339 0
342 0
344 0
346 0
347 0
348 0
353 0
354 0
358 0
360 0
365 0
371 0
372 0
373 0
374 0
376 0
378 0
387 0
391 0
392 0
397 0
398 0
411 0
417 0
419 0
423 0
435 0
438 0
439 0
443 0
444 0
468 0
473 0
474 0
485 0
492 0
496 0
504 0
507 0
508 0
509 0
511 0
516 0
517 0
522 0
523 0
526 0
530 0
539 0
542 0
544 0
547 0
558 0
569 0
571 0
572 0
581 0
583 0
592 0
596 0
600 0
601 0
603 0
606 0
609 0
614 0
615 0
620 0
622 0
624 0
625 0
627 0
636 0
637 0
642 0
645 0
649 0
650 0
651 0
657 0
663 0
664 0
668 0
673 0
674 0
677 0
681 0
684 0
693 0
696 0
700 0
702 0
706 0
720 0
723 0
725 0
727 0
729 0
737 0
739 0
744 0
746 0
749 0
751 0
754 0
755 0
756 0
762 0
771 0
774 0
775 0
778 0
785 0
787 0
788 0
791 0
804 0
805 0
807 0
809 0
811 0
812 0
815 0
820 0
832 0
834 0
835 0
846 0
847 0
858 0
859 0
863 0
865 0
870 0
874 0
875 0
878 0
881 0
885 0
893 0
895 0
897 0
898 0
906 0
916 0
918 0
919 0
929 0
930 0
934 0
935 0
936 0
939 0
940 0
946 0
947 0
953 0
957 0
959 0
960 0
961 0
967 0
976 0
979 0
984 0
985 0
989 0
993 0
997 0
999 0
