c This is a uniform distributed  1-D DIMACS file 
c width height point_number
p 1000 1000 256
6 0
12 0
14 0
17 0
19 0
24 0
26 0
27 0
28 0
29 0
30 0
31 0
48 0
52 0
61 0
66 0
77 0
78 0
84 0
86 0
90 0
94 0
98 0
99 0
107 0
109 0
116 0
123 0
124 0
126 0
128 0
129 0
133 0
134 0
139 0
141 0
147 0
149 0
156 0
158 0
159 0
164 0
167 0
169 0
170 0
179 0
186 0
190 0
192 0
206 0
211 0
215 0
218 0
237 0
247 0
253 0
256 0
261 0
263 0
272 0
279 0
281 0
282 0
288 0
291 0
295 0
299 0
305 0
306 0
308 0
309 0
322 0
323 0
329 0
332 0
338 0
339 0
342 0
343 0
355 0
356 0
358 0
360 0
361 0
364 0
367 0
369 0
370 0
382 0
385 0
389 0
391 0
395 0
396 0
399 0
403 0
404 0
406 0
413 0
420 0
427 0
431 0
434 0
438 0
441 0
449 0
454 0
465 0
468 0
470 0
471 0
472 0
474 0
477 0
478 0
482 0
490 0
499 0
501 0
510 0
511 0
512 0
514 0
515 0
518 0
522 0
525 0
526 0
532 0
536 0
538 0
542 0
555 0
563 0
565 0
570 0
571 0
579 0
580 0
591 0
593 0
594 0
599 0
600 0
605 0
611 0
612 0
616 0
620 0
624 0
629 0
630 0
631 0
632 0
633 0
641 0
651 0
655 0
657 0
659 0
663 0
664 0
665 0
667 0
668 0
671 0
672 0
676 0
678 0
681 0
685 0
690 0
695 0
709 0
710 0
716 0
723 0
724 0
725 0
732 0
734 0
738 0
741 0
743 0
749 0
754 0
756 0
759 0
762 0
763 0
765 0
766 0
767 0
770 0
772 0
773 0
774 0
775 0
780 0
788 0
793 0
800 0
804 0
805 0
807 0
808 0
812 0
813 0
815 0
817 0
820 0
826 0
827 0
830 0
835 0
836 0
847 0
848 0
854 0
857 0
859 0
863 0
873 0
876 0
878 0
880 0
883 0
889 0
891 0
893 0
894 0
895 0
896 0
903 0
904 0
907 0
908 0
912 0
916 0
920 0
927 0
928 0
929 0
932 0
935 0
936 0
946 0
947 0
948 0
955 0
956 0
962 0
967 0
985 0
989 0
996 0
