c This is a uniform distributed  1-D DIMACS file 
c width height point_number
p 1000 1000 256
1 0
4 0
5 0
6 0
20 0
30 0
33 0
35 0
36 0
40 0
45 0
52 0
53 0
54 0
56 0
64 0
71 0
73 0
78 0
81 0
83 0
89 0
94 0
108 0
110 0
113 0
115 0
117 0
126 0
127 0
132 0
155 0
159 0
163 0
168 0
170 0
183 0
184 0
189 0
192 0
195 0
199 0
202 0
204 0
213 0
216 0
218 0
219 0
221 0
229 0
232 0
234 0
244 0
245 0
247 0
248 0
249 0
252 0
260 0
267 0
274 0
276 0
278 0
282 0
285 0
287 0
292 0
295 0
301 0
307 0
309 0
310 0
313 0
314 0
316 0
326 0
328 0
331 0
333 0
336 0
340 0
341 0
343 0
346 0
348 0
355 0
359 0
365 0
368 0
370 0
371 0
373 0
375 0
380 0
383 0
387 0
391 0
394 0
397 0
404 0
408 0
410 0
414 0
417 0
426 0
427 0
434 0
436 0
437 0
439 0
441 0
447 0
450 0
459 0
461 0
463 0
466 0
468 0
475 0
476 0
481 0
488 0
489 0
492 0
501 0
508 0
511 0
512 0
517 0
522 0
527 0
531 0
535 0
541 0
544 0
548 0
555 0
557 0
559 0
563 0
570 0
571 0
576 0
580 0
581 0
586 0
594 0
598 0
606 0
607 0
610 0
612 0
613 0
615 0
617 0
618 0
619 0
620 0
622 0
623 0
628 0
635 0
637 0
640 0
664 0
665 0
666 0
672 0
675 0
677 0
679 0
680 0
683 0
686 0
696 0
704 0
708 0
709 0
711 0
726 0
728 0
731 0
734 0
740 0
742 0
743 0
746 0
749 0
753 0
754 0
758 0
759 0
762 0
773 0
776 0
778 0
779 0
780 0
781 0
784 0
790 0
794 0
798 0
804 0
808 0
812 0
816 0
817 0
818 0
825 0
827 0
835 0
837 0
838 0
840 0
842 0
850 0
851 0
854 0
866 0
868 0
870 0
873 0
878 0
879 0
891 0
896 0
897 0
899 0
900 0
902 0
903 0
906 0
908 0
923 0
924 0
930 0
931 0
937 0
941 0
942 0
952 0
953 0
955 0
957 0
958 0
962 0
970 0
972 0
977 0
978 0
984 0
989 0
990 0
994 0
998 0
