c This is a uniform distributed  1-D DIMACS file 
c width height point_number
p 1000 1000 256
1 0
5 0
6 0
7 0
17 0
19 0
20 0
27 0
35 0
41 0
48 0
51 0
55 0
58 0
62 0
64 0
74 0
75 0
79 0
80 0
90 0
93 0
95 0
98 0
99 0
100 0
103 0
105 0
106 0
108 0
109 0
114 0
116 0
125 0
130 0
131 0
140 0
141 0
146 0
147 0
153 0
155 0
156 0
157 0
162 0
163 0
172 0
173 0
182 0
183 0
184 0
185 0
186 0
197 0
200 0
203 0
207 0
208 0
209 0
212 0
215 0
216 0
221 0
231 0
239 0
242 0
245 0
247 0
261 0
263 0
270 0
272 0
273 0
276 0
278 0
281 0
282 0
283 0
285 0
286 0
287 0
291 0
292 0
294 0
300 0
305 0
314 0
316 0
317 0
318 0
321 0
328 0
330 0
333 0
337 0
338 0
343 0
346 0
352 0
354 0
360 0
365 0
368 0
377 0
383 0
388 0
389 0
390 0
403 0
405 0
406 0
407 0
414 0
417 0
421 0
422 0
427 0
432 0
434 0
441 0
446 0
450 0
452 0
455 0
457 0
463 0
470 0
471 0
472 0
473 0
474 0
476 0
478 0
481 0
483 0
492 0
495 0
498 0
506 0
510 0
511 0
513 0
515 0
525 0
526 0
528 0
529 0
532 0
535 0
536 0
542 0
543 0
546 0
549 0
558 0
566 0
571 0
572 0
586 0
588 0
599 0
604 0
611 0
612 0
614 0
619 0
633 0
640 0
642 0
646 0
647 0
651 0
652 0
655 0
661 0
662 0
664 0
665 0
675 0
676 0
685 0
686 0
689 0
694 0
697 0
703 0
711 0
712 0
715 0
719 0
722 0
726 0
727 0
729 0
732 0
733 0
737 0
738 0
740 0
741 0
747 0
749 0
750 0
760 0
764 0
765 0
768 0
772 0
775 0
778 0
779 0
781 0
782 0
784 0
804 0
806 0
807 0
808 0
810 0
815 0
817 0
818 0
821 0
824 0
827 0
837 0
840 0
852 0
854 0
856 0
860 0
862 0
870 0
871 0
888 0
896 0
905 0
911 0
923 0
924 0
930 0
940 0
941 0
946 0
951 0
958 0
963 0
965 0
970 0
972 0
976 0
985 0
986 0
990 0
992 0
999 0
