c  SAT for 1D 1PPB  D:/GIT/OriSpanner/tmp/uniform_1_32_5.txt_152_147_DIMACS_short.txt
2 1026 0
35 1059 0
68 1092 0
101 1125 0
134 1158 0
167 1191 0
200 1224 0
233 1257 0
266 1290 267 1291 268 1292 0
299 1323 300 1324 0
332 1356 0
365 1389 333 1357 0
398 1422 366 1390 334 1358 0
431 1455 0
464 1488 0
497 1521 0
530 1554 0
563 1587 0
596 1620 0
629 1653 0
662 1686 0
695 1719 0
728 1752 0
761 1785 0
794 1818 0
827 1851 0
860 1884 828 1852 0
893 1917 0
926 1950 0
959 1983 0
3 1027 0
36 1060 0
69 1093 0
102 1126 0
135 1159 0
168 1192 0
201 1225 0
234 1258 235 1259 236 1260 2050 2051 0
-2050 233 1257 0
-2050 299 1323 0
-2051 233 1257 0
-2051 300 1324 0
267 1291 268 1292 2052 0
-2052 266 1290 0
-2052 332 1356 0
300 1324 2053 0
-2053 299 1323 0
-2053 332 1356 0
333 1357 2054 0
-2054 332 1356 0
-2054 365 1389 0
366 1390 334 1358 2055 0
-2055 332 1356 0
-2055 398 1422 0
399 1423 367 1391 335 1359 400 1424 2056 2057 2058 2059 2060 0
-2056 398 1422 0
-2056 464 1488 0
-2057 365 1389 0
-2057 431 1455 0
-2058 365 1389 0
-2058 432 1456 0
-2059 366 1390 0
-2059 464 1488 0
-2060 333 1357 0
-2060 431 1455 0
432 1456 0
465 1489 0
498 1522 0
531 1555 499 1523 2061 0
-2061 497 1521 0
-2061 563 1587 0
564 1588 0
597 1621 0
630 1654 0
663 1687 0
696 1720 0
729 1753 0
762 1786 0
795 1819 763 1787 2062 2063 0
-2062 794 1818 0
-2062 827 1851 0
-2063 761 1785 0
-2063 827 1851 0
828 1852 0
861 1885 829 1853 2064 0
-2064 827 1851 0
-2064 893 1917 0
894 1918 0
927 1951 0
-2 -35 0
-1026 -1059 0
-2 -36 0
-1026 -1060 0
-35 -68 0
-1059 -1092 0
-35 -69 0
-1059 -1093 0
-68 -101 0
-1092 -1125 0
-68 -3 0
-1092 -1027 0
-68 -102 0
-1092 -1126 0
-101 -134 0
-1125 -1158 0
-101 -36 0
-1125 -1060 0
-101 -135 0
-1125 -1159 0
-134 -167 0
-1158 -1191 0
-134 -69 0
-1158 -1093 0
-134 -168 0
-1158 -1192 0
-167 -200 0
-1191 -1224 0
-167 -102 0
-1191 -1126 0
-167 -201 0
-1191 -1225 0
-200 -233 0
-1224 -1257 0
-200 -135 0
-1224 -1159 0
-200 -234 0
-1224 -1258 0
-200 -235 0
-1224 -1259 0
-200 -236 0
-1224 -1260 0
-200 -233 0
-1224 -1257 0
-200 -233 0
-1224 -1257 0
-233 -266 0
-1257 -1290 0
-233 -267 0
-1257 -1291 0
-233 -268 0
-1257 -1292 0
-233 -168 0
-1257 -1192 0
-233 -267 0
-1257 -1291 0
-233 -268 0
-1257 -1292 0
-233 -266 0
-1257 -1290 0
-266 -299 0
-1290 -1323 0
-266 -300 0
-1290 -1324 0
-266 -201 0
-1290 -1225 0
-266 -233 0
-1290 -1257 0
-266 -299 0
-1290 -1323 0
-266 -233 0
-1290 -1257 0
-266 -300 0
-1290 -1324 0
-266 -300 0
-1290 -1324 0
-266 -299 0
-1290 -1323 0
-267 -300 0
-1291 -1324 0
-267 -332 0
-1291 -1356 0
-267 -333 0
-1291 -1357 0
-267 -334 0
-1291 -1358 0
-267 -201 0
-1291 -1225 0
-267 -234 0
-1291 -1258 0
-267 -233 0
-1291 -1257 0
-267 -233 0
-1291 -1257 0
-267 -300 0
-1291 -1324 0
-267 -332 0
-1291 -1356 0
-267 -300 0
-1291 -1324 0
-267 -332 0
-1291 -1356 0
-267 -333 0
-1291 -1357 0
-267 -332 0
-1291 -1356 0
-267 -334 0
-1291 -1358 0
-267 -332 0
-1291 -1356 0
-267 -335 0
-1291 -1359 0
-267 -333 0
-1291 -1357 0
-268 -365 0
-1292 -1389 0
-268 -333 0
-1292 -1357 0
-268 -366 0
-1292 -1390 0
-268 -334 0
-1292 -1358 0
-268 -201 0
-1292 -1225 0
-268 -234 0
-1292 -1258 0
-268 -235 0
-1292 -1259 0
-268 -233 0
-1292 -1257 0
-268 -233 0
-1292 -1257 0
-268 -333 0
-1292 -1357 0
-268 -365 0
-1292 -1389 0
-268 -366 0
-1292 -1390 0
-268 -334 0
-1292 -1358 0
-268 -367 0
-1292 -1391 0
-268 -335 0
-1292 -1359 0
-268 -365 0
-1292 -1389 0
-268 -365 0
-1292 -1389 0
-268 -366 0
-1292 -1390 0
-268 -333 0
-1292 -1357 0
-299 -332 0
-1323 -1356 0
-299 -333 0
-1323 -1357 0
-299 -334 0
-1323 -1358 0
-299 -234 0
-1323 -1258 0
-299 -266 0
-1323 -1290 0
-299 -332 0
-1323 -1356 0
-299 -332 0
-1323 -1356 0
-299 -333 0
-1323 -1357 0
-299 -332 0
-1323 -1356 0
-299 -334 0
-1323 -1358 0
-299 -332 0
-1323 -1356 0
-299 -335 0
-1323 -1359 0
-299 -333 0
-1323 -1357 0
-300 -365 0
-1324 -1389 0
-300 -333 0
-1324 -1357 0
-300 -366 0
-1324 -1390 0
-300 -334 0
-1324 -1358 0
-300 -234 0
-1324 -1258 0
-300 -235 0
-1324 -1259 0
-300 -267 0
-1324 -1291 0
-300 -266 0
-1324 -1290 0
-300 -333 0
-1324 -1357 0
-300 -365 0
-1324 -1389 0
-300 -366 0
-1324 -1390 0
-300 -334 0
-1324 -1358 0
-300 -367 0
-1324 -1391 0
-300 -335 0
-1324 -1359 0
-300 -365 0
-1324 -1389 0
-300 -365 0
-1324 -1389 0
-300 -366 0
-1324 -1390 0
-300 -333 0
-1324 -1357 0
-332 -365 0
-1356 -1389 0
-332 -366 0
-1356 -1390 0
-332 -235 0
-1356 -1259 0
-332 -299 0
-1356 -1323 0
-332 -267 0
-1356 -1291 0
-332 -299 0
-1356 -1323 0
-332 -365 0
-1356 -1389 0
-332 -366 0
-1356 -1390 0
-332 -367 0
-1356 -1391 0
-332 -365 0
-1356 -1389 0
-332 -365 0
-1356 -1389 0
-332 -366 0
-1356 -1390 0
-365 -398 0
-1389 -1422 0
-365 -236 0
-1389 -1260 0
-365 -300 0
-1389 -1324 0
-365 -268 0
-1389 -1292 0
-365 -332 0
-1389 -1356 0
-365 -300 0
-1389 -1324 0
-365 -332 0
-1389 -1356 0
-365 -332 0
-1389 -1356 0
-365 -332 0
-1389 -1356 0
-365 -398 0
-1389 -1422 0
-365 -399 0
-1389 -1423 0
-365 -400 0
-1389 -1424 0
-365 -398 0
-1389 -1422 0
-333 -398 0
-1357 -1422 0
-333 -366 0
-1357 -1390 0
-333 -235 0
-1357 -1259 0
-333 -236 0
-1357 -1260 0
-333 -299 0
-1357 -1323 0
-333 -300 0
-1357 -1324 0
-333 -267 0
-1357 -1291 0
-333 -268 0
-1357 -1292 0
-333 -300 0
-1357 -1324 0
-333 -299 0
-1357 -1323 0
-333 -366 0
-1357 -1390 0
-333 -398 0
-1357 -1422 0
-333 -399 0
-1357 -1423 0
-333 -367 0
-1357 -1391 0
-333 -400 0
-1357 -1424 0
-333 -398 0
-1357 -1422 0
-333 -366 0
-1357 -1390 0
-398 -431 0
-1422 -1455 0
-398 -333 0
-1422 -1357 0
-398 -365 0
-1422 -1389 0
-398 -365 0
-1422 -1389 0
-398 -431 0
-1422 -1455 0
-398 -365 0
-1422 -1389 0
-398 -432 0
-1422 -1456 0
-398 -333 0
-1422 -1357 0
-398 -431 0
-1422 -1455 0
-398 -432 0
-1422 -1456 0
-366 -431 0
-1390 -1455 0
-366 -236 0
-1390 -1260 0
-366 -300 0
-1390 -1324 0
-366 -268 0
-1390 -1292 0
-366 -332 0
-1390 -1356 0
-366 -300 0
-1390 -1324 0
-366 -332 0
-1390 -1356 0
-366 -333 0
-1390 -1357 0
-366 -332 0
-1390 -1356 0
-366 -332 0
-1390 -1356 0
-366 -399 0
-1390 -1423 0
-366 -400 0
-1390 -1424 0
-366 -431 0
-1390 -1455 0
-366 -432 0
-1390 -1456 0
-366 -333 0
-1390 -1357 0
-366 -431 0
-1390 -1455 0
-366 -432 0
-1390 -1456 0
-334 -431 0
-1358 -1455 0
-334 -235 0
-1358 -1259 0
-334 -236 0
-1358 -1260 0
-334 -299 0
-1358 -1323 0
-334 -300 0
-1358 -1324 0
-334 -267 0
-1358 -1291 0
-334 -268 0
-1358 -1292 0
-334 -300 0
-1358 -1324 0
-334 -299 0
-1358 -1323 0
-334 -399 0
-1358 -1423 0
-334 -367 0
-1358 -1391 0
-334 -400 0
-1358 -1424 0
-334 -431 0
-1358 -1455 0
-334 -432 0
-1358 -1456 0
-334 -431 0
-1358 -1455 0
-334 -432 0
-1358 -1456 0
-431 -464 0
-1455 -1488 0
-431 -366 0
-1455 -1390 0
-431 -334 0
-1455 -1358 0
-431 -398 0
-1455 -1422 0
-431 -398 0
-1455 -1422 0
-431 -464 0
-1455 -1488 0
-431 -366 0
-1455 -1390 0
-431 -464 0
-1455 -1488 0
-431 -465 0
-1455 -1489 0
-464 -497 0
-1488 -1521 0
-464 -399 0
-1488 -1423 0
-464 -367 0
-1488 -1391 0
-464 -335 0
-1488 -1359 0
-464 -431 0
-1488 -1455 0
-464 -431 0
-1488 -1455 0
-464 -498 0
-1488 -1522 0
-464 -499 0
-1488 -1523 0
-464 -497 0
-1488 -1521 0
-497 -530 0
-1521 -1554 0
-497 -400 0
-1521 -1424 0
-497 -464 0
-1521 -1488 0
-497 -432 0
-1521 -1456 0
-497 -464 0
-1521 -1488 0
-497 -432 0
-1521 -1456 0
-497 -531 0
-1521 -1555 0
-530 -563 0
-1554 -1587 0
-530 -465 0
-1554 -1489 0
-530 -497 0
-1554 -1521 0
-530 -563 0
-1554 -1587 0
-530 -564 0
-1554 -1588 0
-563 -596 0
-1587 -1620 0
-563 -498 0
-1587 -1522 0
-563 -597 0
-1587 -1621 0
-596 -629 0
-1620 -1653 0
-596 -531 0
-1620 -1555 0
-596 -499 0
-1620 -1523 0
-596 -563 0
-1620 -1587 0
-596 -630 0
-1620 -1654 0
-629 -662 0
-1653 -1686 0
-629 -564 0
-1653 -1588 0
-629 -663 0
-1653 -1687 0
-662 -695 0
-1686 -1719 0
-662 -597 0
-1686 -1621 0
-662 -696 0
-1686 -1720 0
-695 -728 0
-1719 -1752 0
-695 -630 0
-1719 -1654 0
-695 -729 0
-1719 -1753 0
-728 -761 0
-1752 -1785 0
-728 -663 0
-1752 -1687 0
-728 -762 0
-1752 -1786 0
-728 -763 0
-1752 -1787 0
-728 -761 0
-1752 -1785 0
-761 -794 0
-1785 -1818 0
-761 -696 0
-1785 -1720 0
-761 -795 0
-1785 -1819 0
-761 -794 0
-1785 -1818 0
-794 -827 0
-1818 -1851 0
-794 -828 0
-1818 -1852 0
-794 -729 0
-1818 -1753 0
-794 -827 0
-1818 -1851 0
-794 -761 0
-1818 -1785 0
-794 -827 0
-1818 -1851 0
-794 -828 0
-1818 -1852 0
-794 -829 0
-1818 -1853 0
-794 -827 0
-1818 -1851 0
-827 -860 0
-1851 -1884 0
-827 -762 0
-1851 -1786 0
-827 -794 0
-1851 -1818 0
-827 -861 0
-1851 -1885 0
-860 -893 0
-1884 -1917 0
-860 -795 0
-1884 -1819 0
-860 -763 0
-1884 -1787 0
-860 -827 0
-1884 -1851 0
-860 -827 0
-1884 -1851 0
-860 -827 0
-1884 -1851 0
-860 -893 0
-1884 -1917 0
-860 -894 0
-1884 -1918 0
-828 -893 0
-1852 -1917 0
-828 -762 0
-1852 -1786 0
-828 -795 0
-1852 -1819 0
-828 -763 0
-1852 -1787 0
-828 -794 0
-1852 -1818 0
-828 -861 0
-1852 -1885 0
-828 -893 0
-1852 -1917 0
-828 -894 0
-1852 -1918 0
-893 -926 0
-1917 -1950 0
-893 -828 0
-1917 -1852 0
-893 -927 0
-1917 -1951 0
-926 -959 0
-1950 -1983 0
-926 -861 0
-1950 -1885 0
-926 -829 0
-1950 -1853 0
-926 -893 0
-1950 -1917 0
-959 -894 0
-1983 -1918 0
-3 -36 0
-1027 -1060 0
-3 -69 0
-1027 -1093 0
-36 -69 0
-1060 -1093 0
-36 -102 0
-1060 -1126 0
-69 -102 0
-1093 -1126 0
-69 -135 0
-1093 -1159 0
-102 -135 0
-1126 -1159 0
-102 -168 0
-1126 -1192 0
-135 -168 0
-1159 -1192 0
-135 -201 0
-1159 -1225 0
-168 -201 0
-1192 -1225 0
-168 -234 0
-1192 -1258 0
-168 -235 0
-1192 -1259 0
-168 -236 0
-1192 -1260 0
-168 -233 0
-1192 -1257 0
-168 -233 0
-1192 -1257 0
-201 -234 0
-1225 -1258 0
-201 -235 0
-1225 -1259 0
-201 -236 0
-1225 -1260 0
-201 -267 0
-1225 -1291 0
-201 -268 0
-1225 -1292 0
-201 -266 0
-1225 -1290 0
-234 -299 0
-1258 -1323 0
-234 -300 0
-1258 -1324 0
-234 -267 0
-1258 -1291 0
-234 -268 0
-1258 -1292 0
-234 -300 0
-1258 -1324 0
-234 -299 0
-1258 -1323 0
-235 -300 0
-1259 -1324 0
-235 -268 0
-1259 -1292 0
-235 -332 0
-1259 -1356 0
-235 -300 0
-1259 -1324 0
-235 -332 0
-1259 -1356 0
-235 -333 0
-1259 -1357 0
-235 -332 0
-1259 -1356 0
-235 -334 0
-1259 -1358 0
-235 -332 0
-1259 -1356 0
-235 -335 0
-1259 -1359 0
-235 -333 0
-1259 -1357 0
-236 -333 0
-1260 -1357 0
-236 -365 0
-1260 -1389 0
-236 -366 0
-1260 -1390 0
-236 -334 0
-1260 -1358 0
-236 -367 0
-1260 -1391 0
-236 -335 0
-1260 -1359 0
-236 -365 0
-1260 -1389 0
-236 -365 0
-1260 -1389 0
-236 -366 0
-1260 -1390 0
-236 -333 0
-1260 -1357 0
-233 -267 0
-1257 -1291 0
-233 -268 0
-1257 -1292 0
-233 -266 0
-1257 -1290 0
-299 -266 0
-1323 -1290 0
-299 -332 0
-1323 -1356 0
-299 -332 0
-1323 -1356 0
-299 -333 0
-1323 -1357 0
-299 -332 0
-1323 -1356 0
-299 -334 0
-1323 -1358 0
-299 -332 0
-1323 -1356 0
-299 -335 0
-1323 -1359 0
-299 -333 0
-1323 -1357 0
-233 -267 0
-1257 -1291 0
-233 -268 0
-1257 -1292 0
-233 -266 0
-1257 -1290 0
-300 -267 0
-1324 -1291 0
-300 -266 0
-1324 -1290 0
-300 -333 0
-1324 -1357 0
-300 -365 0
-1324 -1389 0
-300 -366 0
-1324 -1390 0
-300 -334 0
-1324 -1358 0
-300 -367 0
-1324 -1391 0
-300 -335 0
-1324 -1359 0
-300 -365 0
-1324 -1389 0
-300 -365 0
-1324 -1389 0
-300 -366 0
-1324 -1390 0
-300 -333 0
-1324 -1357 0
-267 -332 0
-1291 -1356 0
-267 -300 0
-1291 -1324 0
-267 -332 0
-1291 -1356 0
-267 -333 0
-1291 -1357 0
-267 -332 0
-1291 -1356 0
-267 -334 0
-1291 -1358 0
-267 -332 0
-1291 -1356 0
-267 -335 0
-1291 -1359 0
-267 -333 0
-1291 -1357 0
-268 -333 0
-1292 -1357 0
-268 -365 0
-1292 -1389 0
-268 -366 0
-1292 -1390 0
-268 -334 0
-1292 -1358 0
-268 -367 0
-1292 -1391 0
-268 -335 0
-1292 -1359 0
-268 -365 0
-1292 -1389 0
-268 -365 0
-1292 -1389 0
-268 -366 0
-1292 -1390 0
-268 -333 0
-1292 -1357 0
-266 -300 0
-1290 -1324 0
-266 -299 0
-1290 -1323 0
-332 -299 0
-1356 -1323 0
-332 -365 0
-1356 -1389 0
-332 -366 0
-1356 -1390 0
-332 -367 0
-1356 -1391 0
-332 -365 0
-1356 -1389 0
-332 -365 0
-1356 -1389 0
-332 -366 0
-1356 -1390 0
-300 -333 0
-1324 -1357 0
-300 -365 0
-1324 -1389 0
-300 -366 0
-1324 -1390 0
-300 -334 0
-1324 -1358 0
-300 -367 0
-1324 -1391 0
-300 -335 0
-1324 -1359 0
-300 -365 0
-1324 -1389 0
-300 -365 0
-1324 -1389 0
-300 -366 0
-1324 -1390 0
-300 -333 0
-1324 -1357 0
-299 -332 0
-1323 -1356 0
-299 -333 0
-1323 -1357 0
-299 -332 0
-1323 -1356 0
-299 -334 0
-1323 -1358 0
-299 -332 0
-1323 -1356 0
-299 -335 0
-1323 -1359 0
-299 -333 0
-1323 -1357 0
-332 -365 0
-1356 -1389 0
-332 -366 0
-1356 -1390 0
-332 -367 0
-1356 -1391 0
-332 -365 0
-1356 -1389 0
-332 -365 0
-1356 -1389 0
-332 -366 0
-1356 -1390 0
-333 -366 0
-1357 -1390 0
-333 -398 0
-1357 -1422 0
-333 -399 0
-1357 -1423 0
-333 -367 0
-1357 -1391 0
-333 -400 0
-1357 -1424 0
-333 -398 0
-1357 -1422 0
-333 -366 0
-1357 -1390 0
-332 -365 0
-1356 -1389 0
-332 -366 0
-1356 -1390 0
-332 -367 0
-1356 -1391 0
-332 -365 0
-1356 -1389 0
-332 -365 0
-1356 -1389 0
-332 -366 0
-1356 -1390 0
-365 -332 0
-1389 -1356 0
-365 -398 0
-1389 -1422 0
-365 -399 0
-1389 -1423 0
-365 -400 0
-1389 -1424 0
-365 -398 0
-1389 -1422 0
-366 -332 0
-1390 -1356 0
-366 -399 0
-1390 -1423 0
-366 -400 0
-1390 -1424 0
-366 -431 0
-1390 -1455 0
-366 -432 0
-1390 -1456 0
-366 -333 0
-1390 -1357 0
-366 -431 0
-1390 -1455 0
-366 -432 0
-1390 -1456 0
-334 -399 0
-1358 -1423 0
-334 -367 0
-1358 -1391 0
-334 -400 0
-1358 -1424 0
-334 -431 0
-1358 -1455 0
-334 -432 0
-1358 -1456 0
-334 -431 0
-1358 -1455 0
-334 -432 0
-1358 -1456 0
-332 -367 0
-1356 -1391 0
-332 -365 0
-1356 -1389 0
-332 -365 0
-1356 -1389 0
-332 -366 0
-1356 -1390 0
-398 -365 0
-1422 -1389 0
-398 -431 0
-1422 -1455 0
-398 -365 0
-1422 -1389 0
-398 -432 0
-1422 -1456 0
-398 -333 0
-1422 -1357 0
-398 -431 0
-1422 -1455 0
-398 -432 0
-1422 -1456 0
-399 -464 0
-1423 -1488 0
-399 -365 0
-1423 -1389 0
-399 -365 0
-1423 -1389 0
-399 -432 0
-1423 -1456 0
-399 -366 0
-1423 -1390 0
-399 -464 0
-1423 -1488 0
-399 -333 0
-1423 -1357 0
-399 -432 0
-1423 -1456 0
-399 -465 0
-1423 -1489 0
-367 -400 0
-1391 -1424 0
-367 -464 0
-1391 -1488 0
-367 -432 0
-1391 -1456 0
-367 -464 0
-1391 -1488 0
-367 -333 0
-1391 -1357 0
-367 -432 0
-1391 -1456 0
-367 -465 0
-1391 -1489 0
-335 -400 0
-1359 -1424 0
-335 -464 0
-1359 -1488 0
-335 -432 0
-1359 -1456 0
-335 -464 0
-1359 -1488 0
-335 -432 0
-1359 -1456 0
-335 -465 0
-1359 -1489 0
-400 -365 0
-1424 -1389 0
-400 -365 0
-1424 -1389 0
-400 -366 0
-1424 -1390 0
-400 -333 0
-1424 -1357 0
-400 -465 0
-1424 -1489 0
-400 -498 0
-1424 -1522 0
-400 -499 0
-1424 -1523 0
-400 -497 0
-1424 -1521 0
-398 -365 0
-1422 -1389 0
-398 -431 0
-1422 -1455 0
-398 -365 0
-1422 -1389 0
-398 -432 0
-1422 -1456 0
-398 -333 0
-1422 -1357 0
-398 -431 0
-1422 -1455 0
-398 -432 0
-1422 -1456 0
-464 -431 0
-1488 -1455 0
-464 -431 0
-1488 -1455 0
-464 -498 0
-1488 -1522 0
-464 -499 0
-1488 -1523 0
-464 -497 0
-1488 -1521 0
-431 -366 0
-1455 -1390 0
-431 -464 0
-1455 -1488 0
-431 -465 0
-1455 -1489 0
-432 -366 0
-1456 -1390 0
-432 -465 0
-1456 -1489 0
-432 -498 0
-1456 -1522 0
-432 -499 0
-1456 -1523 0
-432 -497 0
-1456 -1521 0
-366 -333 0
-1390 -1357 0
-366 -431 0
-1390 -1455 0
-366 -432 0
-1390 -1456 0
-464 -431 0
-1488 -1455 0
-464 -498 0
-1488 -1522 0
-464 -499 0
-1488 -1523 0
-464 -497 0
-1488 -1521 0
-431 -465 0
-1455 -1489 0
-432 -465 0
-1456 -1489 0
-432 -498 0
-1456 -1522 0
-432 -499 0
-1456 -1523 0
-432 -497 0
-1456 -1521 0
-465 -498 0
-1489 -1522 0
-465 -531 0
-1489 -1555 0
-465 -499 0
-1489 -1523 0
-498 -531 0
-1522 -1555 0
-498 -563 0
-1522 -1587 0
-498 -564 0
-1522 -1588 0
-531 -497 0
-1555 -1521 0
-531 -564 0
-1555 -1588 0
-531 -597 0
-1555 -1621 0
-499 -564 0
-1523 -1588 0
-499 -597 0
-1523 -1621 0
-563 -597 0
-1587 -1621 0
-564 -597 0
-1588 -1621 0
-564 -630 0
-1588 -1654 0
-597 -630 0
-1621 -1654 0
-597 -663 0
-1621 -1687 0
-630 -663 0
-1654 -1687 0
-630 -696 0
-1654 -1720 0
-663 -696 0
-1687 -1720 0
-663 -729 0
-1687 -1753 0
-696 -729 0
-1720 -1753 0
-696 -762 0
-1720 -1786 0
-696 -763 0
-1720 -1787 0
-696 -761 0
-1720 -1785 0
-729 -762 0
-1753 -1786 0
-729 -795 0
-1753 -1819 0
-729 -763 0
-1753 -1787 0
-729 -794 0
-1753 -1818 0
-762 -795 0
-1786 -1819 0
-762 -827 0
-1786 -1851 0
-762 -827 0
-1786 -1851 0
-762 -828 0
-1786 -1852 0
-762 -829 0
-1786 -1853 0
-762 -827 0
-1786 -1851 0
-795 -761 0
-1819 -1785 0
-795 -828 0
-1819 -1852 0
-795 -861 0
-1819 -1885 0
-795 -829 0
-1819 -1853 0
-763 -828 0
-1787 -1852 0
-763 -861 0
-1787 -1885 0
-763 -829 0
-1787 -1853 0
-794 -827 0
-1818 -1851 0
-794 -761 0
-1818 -1785 0
-794 -827 0
-1818 -1851 0
-794 -828 0
-1818 -1852 0
-794 -829 0
-1818 -1853 0
-794 -827 0
-1818 -1851 0
-827 -861 0
-1851 -1885 0
-827 -861 0
-1851 -1885 0
-828 -861 0
-1852 -1885 0
-828 -893 0
-1852 -1917 0
-828 -894 0
-1852 -1918 0
-861 -827 0
-1885 -1851 0
-861 -894 0
-1885 -1918 0
-861 -927 0
-1885 -1951 0
-829 -894 0
-1853 -1918 0
-829 -927 0
-1853 -1951 0
-893 -927 0
-1917 -1951 0
-894 -927 0
-1918 -1951 0
-236 0
-1260 0
-335 0
-1359 0
