c  SAT for 1D 1PPB  D:/GIT/OriSpanner/tmp/uniform_1_32_5.txt_1_1_DIMACS_short.txt
2 1026 0
35 1059 0
68 1092 0
101 1125 0
134 1158 0
167 1191 0
200 1224 0
233 1257 0
266 1290 0
299 1323 0
332 1356 0
365 1389 0
398 1422 0
431 1455 0
464 1488 0
497 1521 0
530 1554 0
563 1587 0
596 1620 0
629 1653 0
662 1686 0
695 1719 0
728 1752 0
761 1785 0
794 1818 0
827 1851 0
860 1884 0
893 1917 0
926 1950 0
959 1983 0
3 1027 0
36 1060 0
69 1093 0
102 1126 0
135 1159 0
168 1192 0
201 1225 0
234 1258 0
267 1291 0
300 1324 0
333 1357 0
366 1390 0
399 1423 0
432 1456 0
465 1489 0
498 1522 0
531 1555 0
564 1588 0
597 1621 0
630 1654 0
663 1687 0
696 1720 0
729 1753 0
762 1786 0
795 1819 0
828 1852 0
861 1885 0
894 1918 0
927 1951 0
-2 -35 0
-1026 -1059 0
-2 -36 0
-1026 -1060 0
-35 -68 0
-1059 -1092 0
-35 -69 0
-1059 -1093 0
-68 -101 0
-1092 -1125 0
-68 -3 0
-1092 -1027 0
-68 -102 0
-1092 -1126 0
-101 -134 0
-1125 -1158 0
-101 -36 0
-1125 -1060 0
-101 -135 0
-1125 -1159 0
-134 -167 0
-1158 -1191 0
-134 -69 0
-1158 -1093 0
-134 -168 0
-1158 -1192 0
-167 -200 0
-1191 -1224 0
-167 -102 0
-1191 -1126 0
-167 -201 0
-1191 -1225 0
-200 -233 0
-1224 -1257 0
-200 -135 0
-1224 -1159 0
-200 -234 0
-1224 -1258 0
-233 -266 0
-1257 -1290 0
-233 -168 0
-1257 -1192 0
-233 -267 0
-1257 -1291 0
-266 -299 0
-1290 -1323 0
-266 -201 0
-1290 -1225 0
-266 -300 0
-1290 -1324 0
-299 -332 0
-1323 -1356 0
-299 -234 0
-1323 -1258 0
-299 -333 0
-1323 -1357 0
-332 -365 0
-1356 -1389 0
-332 -267 0
-1356 -1291 0
-332 -366 0
-1356 -1390 0
-365 -398 0
-1389 -1422 0
-365 -300 0
-1389 -1324 0
-365 -399 0
-1389 -1423 0
-398 -431 0
-1422 -1455 0
-398 -333 0
-1422 -1357 0
-398 -432 0
-1422 -1456 0
-431 -464 0
-1455 -1488 0
-431 -366 0
-1455 -1390 0
-431 -465 0
-1455 -1489 0
-464 -497 0
-1488 -1521 0
-464 -399 0
-1488 -1423 0
-464 -498 0
-1488 -1522 0
-497 -530 0
-1521 -1554 0
-497 -432 0
-1521 -1456 0
-497 -531 0
-1521 -1555 0
-530 -563 0
-1554 -1587 0
-530 -465 0
-1554 -1489 0
-530 -564 0
-1554 -1588 0
-563 -596 0
-1587 -1620 0
-563 -498 0
-1587 -1522 0
-563 -597 0
-1587 -1621 0
-596 -629 0
-1620 -1653 0
-596 -531 0
-1620 -1555 0
-596 -630 0
-1620 -1654 0
-629 -662 0
-1653 -1686 0
-629 -564 0
-1653 -1588 0
-629 -663 0
-1653 -1687 0
-662 -695 0
-1686 -1719 0
-662 -597 0
-1686 -1621 0
-662 -696 0
-1686 -1720 0
-695 -728 0
-1719 -1752 0
-695 -630 0
-1719 -1654 0
-695 -729 0
-1719 -1753 0
-728 -761 0
-1752 -1785 0
-728 -663 0
-1752 -1687 0
-728 -762 0
-1752 -1786 0
-761 -794 0
-1785 -1818 0
-761 -696 0
-1785 -1720 0
-761 -795 0
-1785 -1819 0
-794 -827 0
-1818 -1851 0
-794 -729 0
-1818 -1753 0
-794 -828 0
-1818 -1852 0
-827 -860 0
-1851 -1884 0
-827 -762 0
-1851 -1786 0
-827 -861 0
-1851 -1885 0
-860 -893 0
-1884 -1917 0
-860 -795 0
-1884 -1819 0
-860 -894 0
-1884 -1918 0
-893 -926 0
-1917 -1950 0
-893 -828 0
-1917 -1852 0
-893 -927 0
-1917 -1951 0
-926 -959 0
-1950 -1983 0
-926 -861 0
-1950 -1885 0
-959 -894 0
-1983 -1918 0
-3 -36 0
-1027 -1060 0
-3 -69 0
-1027 -1093 0
-36 -69 0
-1060 -1093 0
-36 -102 0
-1060 -1126 0
-69 -102 0
-1093 -1126 0
-69 -135 0
-1093 -1159 0
-102 -135 0
-1126 -1159 0
-102 -168 0
-1126 -1192 0
-135 -168 0
-1159 -1192 0
-135 -201 0
-1159 -1225 0
-168 -201 0
-1192 -1225 0
-168 -234 0
-1192 -1258 0
-201 -234 0
-1225 -1258 0
-201 -267 0
-1225 -1291 0
-234 -267 0
-1258 -1291 0
-234 -300 0
-1258 -1324 0
-267 -300 0
-1291 -1324 0
-267 -333 0
-1291 -1357 0
-300 -333 0
-1324 -1357 0
-300 -366 0
-1324 -1390 0
-333 -366 0
-1357 -1390 0
-333 -399 0
-1357 -1423 0
-366 -399 0
-1390 -1423 0
-366 -432 0
-1390 -1456 0
-399 -432 0
-1423 -1456 0
-399 -465 0
-1423 -1489 0
-432 -465 0
-1456 -1489 0
-432 -498 0
-1456 -1522 0
-465 -498 0
-1489 -1522 0
-465 -531 0
-1489 -1555 0
-498 -531 0
-1522 -1555 0
-498 -564 0
-1522 -1588 0
-531 -564 0
-1555 -1588 0
-531 -597 0
-1555 -1621 0
-564 -597 0
-1588 -1621 0
-564 -630 0
-1588 -1654 0
-597 -630 0
-1621 -1654 0
-597 -663 0
-1621 -1687 0
-630 -663 0
-1654 -1687 0
-630 -696 0
-1654 -1720 0
-663 -696 0
-1687 -1720 0
-663 -729 0
-1687 -1753 0
-696 -729 0
-1720 -1753 0
-696 -762 0
-1720 -1786 0
-729 -762 0
-1753 -1786 0
-729 -795 0
-1753 -1819 0
-762 -795 0
-1786 -1819 0
-762 -828 0
-1786 -1852 0
-795 -828 0
-1819 -1852 0
-795 -861 0
-1819 -1885 0
-828 -861 0
-1852 -1885 0
-828 -894 0
-1852 -1918 0
-861 -894 0
-1885 -1918 0
-861 -927 0
-1885 -1951 0
-894 -927 0
-1918 -1951 0
