c This is a uniform distributed  1-D DIMACS file 
c width height point_number
p 100000 100000 256
143 0
485 0
1772 0
2073 0
2879 0
3209 0
3348 0
3464 0
3582 0
3743 0
3878 0
4774 0
5557 0
5759 0
5923 0
6227 0
6651 0
6708 0
6730 0
7334 0
7466 0
7876 0
8062 0
8626 0
8879 0
8955 0
9621 0
9699 0
10174 0
10336 0
10445 0
11763 0
12224 0
12533 0
12555 0
14356 0
14387 0
14504 0
14711 0
15041 0
15328 0
15610 0
16497 0
17335 0
17392 0
17442 0
17740 0
18025 0
18452 0
18592 0
18654 0
18996 0
19431 0
20242 0
20853 0
21003 0
21707 0
22310 0
22649 0
22719 0
22991 0
23908 0
24257 0
25196 0
25343 0
25762 0
25856 0
25941 0
26244 0
26455 0
26991 0
27098 0
27119 0
27128 0
28269 0
28693 0
28789 0
29618 0
29827 0
30065 0
30629 0
30655 0
30832 0
31004 0
31015 0
31658 0
31800 0
32219 0
32860 0
33061 0
33121 0
33509 0
33596 0
34283 0
35428 0
35908 0
35965 0
35973 0
36219 0
36725 0
37078 0
38775 0
39338 0
39678 0
39973 0
40357 0
40927 0
42121 0
42371 0
42877 0
43002 0
43681 0
43773 0
43975 0
44018 0
44471 0
44869 0
45229 0
45960 0
46187 0
46382 0
46789 0
46984 0
47130 0
48563 0
48824 0
48914 0
48939 0
49646 0
49731 0
50232 0
50546 0
50661 0
50686 0
51242 0
51653 0
52521 0
52637 0
53053 0
53113 0
54299 0
54413 0
54475 0
55415 0
55620 0
55805 0
56001 0
56070 0
56536 0
56727 0
57592 0
59121 0
59205 0
59452 0
59524 0
60786 0
60948 0
60968 0
61169 0
61305 0
61309 0
61822 0
63245 0
63335 0
63781 0
64065 0
64209 0
64323 0
64525 0
64530 0
65951 0
66088 0
66463 0
66592 0
66922 0
67172 0
68172 0
68470 0
69439 0
69746 0
69986 0
70274 0
70314 0
70359 0
70668 0
71527 0
72265 0
72471 0
73208 0
73665 0
73685 0
73868 0
73900 0
74624 0
75346 0
75426 0
75620 0
75813 0
75824 0
75894 0
76156 0
76238 0
77773 0
78432 0
78753 0
78868 0
79170 0
80680 0
80863 0
81006 0
81677 0
81966 0
82053 0
82572 0
82748 0
82895 0
83004 0
83525 0
84256 0
84615 0
84660 0
85453 0
85934 0
86337 0
88811 0
88916 0
89715 0
89757 0
90012 0
90468 0
90591 0
91186 0
91879 0
92680 0
92810 0
93409 0
94298 0
94393 0
94869 0
94998 0
95073 0
95361 0
95453 0
95912 0
96023 0
96052 0
96723 0
97188 0
97264 0
97807 0
97871 0
98099 0
98143 0
98239 0
98248 0
99179 0
