c This is a uniform distributed  1-D DIMACS file 
c width height point_number
p 100000 100000 256
376 0
932 0
989 0
1359 0
1778 0
2450 0
2672 0
2729 0
2817 0
3001 0
3791 0
3833 0
4923 0
5200 0
6135 0
6516 0
6820 0
8160 0
8369 0
8634 0
8738 0
8834 0
9206 0
9587 0
9932 0
10099 0
10342 0
10379 0
11139 0
12468 0
12765 0
13461 0
13683 0
13776 0
13934 0
14582 0
14916 0
14922 0
15651 0
16243 0
16548 0
16722 0
17348 0
17430 0
18080 0
18250 0
19602 0
19659 0
20652 0
21637 0
21947 0
23357 0
23859 0
24206 0
24527 0
24583 0
25077 0
25872 0
26124 0
26128 0
26242 0
26377 0
27065 0
27733 0
27758 0
27827 0
27883 0
28209 0
28421 0
28548 0
28630 0
29290 0
29699 0
29838 0
29900 0
30115 0
30633 0
31525 0
32392 0
32505 0
33406 0
33904 0
34113 0
34202 0
34295 0
34349 0
34753 0
35458 0
35721 0
35933 0
36003 0
36360 0
36447 0
36650 0
36704 0
38067 0
38179 0
38349 0
38583 0
38630 0
38966 0
38980 0
38991 0
39366 0
39769 0
39864 0
40357 0
40518 0
41004 0
41083 0
41135 0
41685 0
41686 0
41720 0
43112 0
43499 0
43747 0
44038 0
44213 0
44946 0
45237 0
46847 0
46994 0
47583 0
47655 0
47761 0
47806 0
48598 0
48669 0
49249 0
49250 0
50267 0
50451 0
50552 0
50592 0
50744 0
50778 0
51116 0
51303 0
51418 0
51614 0
51766 0
51996 0
52024 0
52409 0
53492 0
53536 0
54018 0
54045 0
54126 0
54206 0
54461 0
54509 0
55025 0
55390 0
55733 0
55787 0
55868 0
56360 0
56677 0
56994 0
57665 0
57671 0
57888 0
58019 0
58321 0
58402 0
58474 0
58516 0
59582 0
60066 0
60244 0
60427 0
60491 0
60544 0
61043 0
61325 0
61517 0
61604 0
61723 0
61891 0
62549 0
63355 0
63952 0
64047 0
64343 0
65374 0
65402 0
66796 0
67783 0
67842 0
67848 0
68452 0
69262 0
69797 0
70135 0
70714 0
71113 0
71355 0
72667 0
74124 0
74395 0
75651 0
75809 0
76017 0
76118 0
76604 0
76785 0
77489 0
78003 0
78030 0
78251 0
78336 0
78743 0
78997 0
80176 0
80514 0
80776 0
81069 0
81126 0
81362 0
81449 0
82546 0
83235 0
83476 0
84485 0
84927 0
85072 0
85261 0
85792 0
85923 0
85987 0
86040 0
86094 0
86124 0
87453 0
87654 0
89290 0
90390 0
91454 0
92165 0
92290 0
93829 0
94802 0
95270 0
95820 0
96082 0
96123 0
97134 0
97328 0
97663 0
98061 0
98221 0
98728 0
99057 0
99753 0
