c This is a uniform distributed  1-D DIMACS file 
c width height point_number
p 100000 100000 256
28 0
707 0
829 0
1195 0
1517 0
2128 0
2159 0
2405 0
3407 0
3581 0
5544 0
5691 0
5818 0
6201 0
6238 0
6669 0
6678 0
7041 0
7427 0
7446 0
7642 0
8207 0
9331 0
9420 0
9522 0
9620 0
9622 0
9682 0
9747 0
9810 0
10207 0
10404 0
10770 0
10869 0
10900 0
11118 0
11135 0
11389 0
11596 0
12184 0
12804 0
14625 0
14703 0
15113 0
15385 0
15526 0
15822 0
16017 0
16103 0
17003 0
17426 0
17698 0
18001 0
18428 0
18772 0
19550 0
19586 0
19722 0
20206 0
20831 0
21791 0
22508 0
22873 0
22999 0
23010 0
23275 0
23404 0
23657 0
23683 0
23785 0
23869 0
23987 0
24021 0
24163 0
24216 0
24310 0
24933 0
25422 0
25845 0
27157 0
27298 0
27322 0
27462 0
27485 0
27622 0
28555 0
28602 0
28690 0
28770 0
30289 0
30446 0
30877 0
31893 0
32877 0
32936 0
34438 0
34524 0
34644 0
34961 0
35757 0
35956 0
36108 0
36236 0
36671 0
36679 0
37230 0
37628 0
37653 0
38158 0
38720 0
39062 0
39938 0
40278 0
41181 0
41403 0
42655 0
43053 0
43445 0
44403 0
44531 0
45381 0
45535 0
45808 0
45837 0
47095 0
47123 0
47346 0
47375 0
48386 0
48828 0
48967 0
49129 0
49410 0
49959 0
50478 0
50770 0
51688 0
51813 0
51882 0
51966 0
52545 0
53130 0
53289 0
53319 0
53483 0
53724 0
54229 0
55090 0
55256 0
55698 0
55764 0
55901 0
56483 0
57321 0
58954 0
58997 0
59235 0
59752 0
59800 0
60158 0
61156 0
61522 0
62886 0
63298 0
63402 0
63490 0
64131 0
64187 0
64468 0
64707 0
65419 0
65545 0
65719 0
66507 0
66628 0
66636 0
67050 0
67379 0
67700 0
68313 0
68752 0
69620 0
69858 0
70080 0
71894 0
71937 0
72017 0
73443 0
73618 0
73835 0
74263 0
74313 0
74707 0
74739 0
74763 0
75040 0
75619 0
75693 0
76626 0
76663 0
76982 0
78587 0
79204 0
79720 0
79870 0
79968 0
80001 0
80671 0
81482 0
81838 0
82335 0
82825 0
83618 0
85450 0
85510 0
85704 0
86154 0
86475 0
87003 0
87285 0
87621 0
88283 0
89361 0
89388 0
89717 0
89988 0
90246 0
90469 0
90496 0
90729 0
91798 0
92738 0
92804 0
93191 0
93264 0
93641 0
93816 0
93845 0
94448 0
94642 0
94686 0
95268 0
95420 0
95479 0
95634 0
96021 0
96195 0
96306 0
96405 0
97238 0
97408 0
97736 0
98354 0
98402 0
98431 0
99234 0
