c This is a uniform distributed  1-D DIMACS file 
c width height point_number
p 1000 1000 256
4 0
7 0
13 0
17 0
20 0
21 0
22 0
30 0
37 0
47 0
48 0
50 0
52 0
53 0
56 0
65 0
74 0
75 0
76 0
84 0
101 0
103 0
112 0
119 0
120 0
121 0
126 0
128 0
131 0
138 0
144 0
145 0
159 0
161 0
163 0
171 0
177 0
178 0
189 0
190 0
193 0
194 0
196 0
205 0
209 0
215 0
219 0
225 0
232 0
235 0
237 0
243 0
244 0
250 0
251 0
254 0
255 0
266 0
272 0
273 0
276 0
282 0
284 0
287 0
290 0
291 0
292 0
294 0
295 0
301 0
311 0
312 0
313 0
321 0
323 0
325 0
332 0
336 0
338 0
342 0
345 0
347 0
348 0
349 0
354 0
355 0
356 0
357 0
358 0
371 0
375 0
376 0
379 0
380 0
388 0
391 0
392 0
398 0
399 0
401 0
403 0
404 0
405 0
407 0
413 0
417 0
419 0
420 0
428 0
430 0
435 0
438 0
446 0
449 0
452 0
453 0
455 0
465 0
493 0
494 0
499 0
500 0
503 0
507 0
512 0
513 0
514 0
515 0
516 0
517 0
518 0
519 0
525 0
527 0
528 0
530 0
531 0
535 0
536 0
543 0
546 0
548 0
556 0
561 0
563 0
564 0
567 0
570 0
572 0
576 0
578 0
579 0
580 0
582 0
583 0
585 0
596 0
599 0
601 0
602 0
605 0
609 0
615 0
617 0
618 0
619 0
621 0
628 0
629 0
634 0
635 0
636 0
637 0
641 0
643 0
652 0
656 0
658 0
662 0
667 0
670 0
673 0
681 0
686 0
687 0
690 0
696 0
698 0
709 0
710 0
715 0
721 0
727 0
732 0
733 0
737 0
744 0
745 0
760 0
764 0
770 0
771 0
778 0
780 0
781 0
792 0
794 0
796 0
797 0
798 0
799 0
804 0
808 0
811 0
814 0
815 0
816 0
824 0
827 0
829 0
833 0
849 0
861 0
862 0
872 0
877 0
878 0
883 0
884 0
885 0
886 0
891 0
893 0
898 0
904 0
911 0
914 0
918 0
919 0
921 0
925 0
928 0
939 0
945 0
948 0
951 0
958 0
963 0
967 0
968 0
969 0
976 0
981 0
982 0
989 0
998 0
