c This is a uniform distributed  1-D DIMACS file 
c width height point_number
p 100000 100000 256
266 0
1106 0
1315 0
1465 0
1667 0
2023 0
2435 0
2578 0
3209 0
4500 0
4674 0
5096 0
5117 0
5474 0
5731 0
5759 0
6295 0
6696 0
6746 0
6814 0
7033 0
7123 0
7247 0
7332 0
7416 0
7761 0
8891 0
9257 0
9705 0
9721 0
9728 0
10078 0
10623 0
11562 0
12223 0
12293 0
12526 0
14775 0
14793 0
14903 0
15170 0
15345 0
15417 0
15541 0
15608 0
15656 0
16217 0
16424 0
16434 0
16608 0
16740 0
16922 0
17027 0
17512 0
18465 0
18649 0
20059 0
20135 0
20181 0
20274 0
20886 0
21004 0
21013 0
21367 0
21922 0
22533 0
23205 0
23857 0
23923 0
24342 0
24464 0
24467 0
24994 0
25430 0
25672 0
27090 0
27755 0
28074 0
28109 0
28176 0
28474 0
28477 0
28918 0
28935 0
28989 0
30369 0
31386 0
32451 0
32542 0
34265 0
34674 0
35072 0
35416 0
35898 0
36340 0
36603 0
36797 0
37476 0
37659 0
38081 0
38708 0
39169 0
39172 0
39733 0
41210 0
41479 0
42176 0
42254 0
42264 0
43005 0
43151 0
43692 0
43915 0
44462 0
44502 0
44958 0
45072 0
45452 0
45636 0
45680 0
45891 0
45998 0
46023 0
46090 0
46337 0
46384 0
46669 0
47618 0
49322 0
49846 0
50650 0
51007 0
51388 0
52198 0
52602 0
52630 0
53256 0
53419 0
53479 0
54241 0
54864 0
54890 0
55291 0
55613 0
55793 0
55845 0
56062 0
56353 0
57068 0
57636 0
57812 0
57986 0
58098 0
58194 0
58431 0
58660 0
59178 0
59243 0
59424 0
59782 0
59786 0
60636 0
60694 0
60721 0
61025 0
62586 0
63136 0
63206 0
64200 0
64254 0
64965 0
65976 0
67214 0
68459 0
68807 0
68851 0
69127 0
69287 0
69689 0
70156 0
71712 0
72271 0
72711 0
73023 0
73681 0
73797 0
73943 0
74591 0
75238 0
75637 0
75644 0
76074 0
76536 0
76727 0
76905 0
77927 0
78069 0
80231 0
81359 0
81614 0
82145 0
82268 0
82281 0
82474 0
83489 0
83717 0
84050 0
84218 0
84224 0
84248 0
84395 0
84606 0
85310 0
85546 0
85621 0
85788 0
85970 0
86066 0
86237 0
87340 0
87573 0
88552 0
88962 0
89558 0
89569 0
89828 0
90229 0
90831 0
90873 0
91331 0
91809 0
91971 0
92106 0
92274 0
92402 0
92465 0
92676 0
92825 0
92901 0
93173 0
93525 0
93734 0
93806 0
94251 0
94455 0
94565 0
94742 0
95223 0
96694 0
96897 0
97366 0
97525 0
97794 0
98604 0
99135 0
99705 0
