c This is a uniform distributed  1-D DIMACS file 
c width height point_number
p 100000 100000 256
459 0
736 0
1054 0
1310 0
1949 0
2019 0
2739 0
3185 0
3427 0
3719 0
4475 0
4776 0
4839 0
4855 0
4913 0
5481 0
5745 0
5749 0
6257 0
6413 0
6715 0
6802 0
7625 0
7956 0
8001 0
8835 0
8841 0
8985 0
9134 0
9416 0
10248 0
10377 0
11285 0
11434 0
11747 0
11795 0
11870 0
13106 0
13308 0
13873 0
14061 0
14152 0
14190 0
14477 0
14489 0
14691 0
14923 0
14971 0
15049 0
15559 0
15975 0
16203 0
16601 0
17785 0
18296 0
18418 0
19149 0
19272 0
20087 0
21281 0
22274 0
22969 0
23231 0
23773 0
24026 0
24104 0
24534 0
24847 0
25528 0
25639 0
25941 0
26120 0
27284 0
27658 0
27946 0
28054 0
28138 0
28142 0
28146 0
28845 0
29095 0
29123 0
29597 0
29600 0
30224 0
30315 0
30905 0
31685 0
31759 0
32640 0
32690 0
33150 0
34187 0
34269 0
34995 0
35037 0
35350 0
35565 0
35625 0
35644 0
36264 0
36826 0
36980 0
37814 0
37931 0
38156 0
38856 0
40385 0
40885 0
40917 0
42046 0
42309 0
42645 0
43360 0
43427 0
43428 0
43469 0
43568 0
44156 0
45155 0
45406 0
45480 0
45885 0
45898 0
45963 0
46158 0
46653 0
47072 0
47124 0
47233 0
48595 0
48677 0
49002 0
49271 0
49276 0
49359 0
50064 0
50130 0
50324 0
50562 0
50570 0
50727 0
51118 0
51211 0
52496 0
52940 0
53008 0
53074 0
53659 0
53666 0
53812 0
54044 0
54689 0
55255 0
55291 0
55659 0
55723 0
56162 0
56536 0
56662 0
57920 0
58757 0
58768 0
59585 0
59605 0
60029 0
60137 0
60355 0
60373 0
60716 0
61788 0
62202 0
62427 0
63594 0
63972 0
64477 0
65386 0
65876 0
66258 0
66325 0
66841 0
67633 0
68394 0
68602 0
69775 0
69902 0
69937 0
70084 0
70467 0
71321 0
71326 0
71723 0
72128 0
72241 0
72278 0
72736 0
75316 0
75366 0
75491 0
75494 0
76271 0
76462 0
76606 0
76863 0
77342 0
77504 0
78024 0
78030 0
78492 0
78581 0
78934 0
79061 0
79879 0
80230 0
80617 0
81883 0
82242 0
82412 0
83068 0
84788 0
85153 0
85241 0
85319 0
85374 0
85868 0
86294 0
86868 0
87185 0
87351 0
87390 0
87498 0
88208 0
88235 0
89110 0
90287 0
91782 0
92007 0
92042 0
92215 0
92247 0
92937 0
93521 0
94211 0
95235 0
95308 0
95365 0
95592 0
96187 0
96280 0
97383 0
97542 0
98161 0
98866 0
99450 0
99490 0
99555 0
