c This is a uniform distributed  1-D DIMACS file 
c width height point_number
p 1000 1000 256
1 0
2 0
6 0
9 0
11 0
18 0
22 0
29 0
34 0
37 0
39 0
42 0
49 0
50 0
51 0
64 0
65 0
68 0
79 0
81 0
82 0
91 0
95 0
108 0
112 0
113 0
115 0
121 0
122 0
123 0
126 0
134 0
138 0
145 0
151 0
152 0
154 0
155 0
161 0
162 0
168 0
182 0
184 0
185 0
190 0
193 0
194 0
198 0
203 0
206 0
207 0
208 0
211 0
215 0
221 0
226 0
227 0
228 0
234 0
236 0
238 0
239 0
241 0
247 0
249 0
251 0
254 0
258 0
260 0
264 0
268 0
269 0
271 0
272 0
275 0
282 0
286 0
287 0
292 0
296 0
298 0
299 0
300 0
304 0
305 0
306 0
308 0
310 0
311 0
316 0
323 0
326 0
330 0
331 0
335 0
338 0
342 0
343 0
345 0
346 0
349 0
351 0
353 0
355 0
356 0
366 0
369 0
373 0
385 0
389 0
403 0
404 0
408 0
409 0
410 0
417 0
420 0
421 0
429 0
435 0
448 0
455 0
465 0
469 0
471 0
475 0
476 0
478 0
483 0
484 0
487 0
490 0
492 0
494 0
498 0
502 0
508 0
511 0
512 0
514 0
515 0
516 0
520 0
523 0
531 0
540 0
541 0
544 0
545 0
546 0
547 0
561 0
571 0
578 0
581 0
584 0
587 0
588 0
592 0
593 0
596 0
597 0
607 0
611 0
613 0
616 0
620 0
623 0
631 0
639 0
644 0
645 0
646 0
651 0
652 0
657 0
661 0
671 0
673 0
675 0
682 0
684 0
694 0
701 0
706 0
707 0
717 0
721 0
730 0
731 0
734 0
742 0
743 0
749 0
754 0
758 0
759 0
763 0
766 0
767 0
770 0
773 0
774 0
780 0
781 0
782 0
791 0
793 0
794 0
797 0
799 0
800 0
823 0
825 0
826 0
830 0
834 0
838 0
841 0
845 0
851 0
856 0
859 0
865 0
869 0
870 0
877 0
878 0
882 0
883 0
887 0
888 0
889 0
892 0
893 0
897 0
903 0
908 0
909 0
922 0
930 0
936 0
941 0
942 0
943 0
946 0
953 0
954 0
958 0
970 0
973 0
975 0
976 0
979 0
991 0
999 0
