c This is a uniform distributed  1-D DIMACS file 
c width height point_number
p 1000 1000 256
2 0
7 0
12 0
15 0
25 0
27 0
29 0
32 0
39 0
48 0
50 0
51 0
58 0
60 0
65 0
73 0
75 0
76 0
82 0
90 0
92 0
97 0
103 0
105 0
121 0
123 0
124 0
131 0
133 0
138 0
139 0
140 0
142 0
150 0
154 0
161 0
165 0
167 0
172 0
174 0
175 0
176 0
177 0
179 0
182 0
185 0
191 0
203 0
204 0
210 0
213 0
214 0
218 0
226 0
229 0
230 0
233 0
240 0
244 0
245 0
251 0
254 0
256 0
257 0
263 0
273 0
279 0
281 0
283 0
289 0
297 0
301 0
302 0
306 0
310 0
315 0
316 0
326 0
328 0
329 0
333 0
339 0
340 0
345 0
350 0
355 0
362 0
366 0
370 0
374 0
378 0
386 0
390 0
395 0
399 0
402 0
404 0
410 0
411 0
413 0
416 0
421 0
423 0
425 0
428 0
430 0
432 0
433 0
435 0
439 0
444 0
448 0
450 0
451 0
452 0
456 0
458 0
464 0
466 0
467 0
468 0
471 0
476 0
480 0
484 0
488 0
490 0
491 0
494 0
497 0
500 0
501 0
503 0
504 0
505 0
507 0
516 0
521 0
528 0
529 0
532 0
533 0
534 0
535 0
537 0
538 0
561 0
569 0
572 0
587 0
590 0
598 0
601 0
607 0
616 0
617 0
624 0
626 0
628 0
630 0
636 0
639 0
654 0
656 0
657 0
658 0
659 0
660 0
669 0
692 0
693 0
695 0
697 0
699 0
701 0
702 0
708 0
714 0
717 0
719 0
721 0
724 0
729 0
735 0
743 0
749 0
757 0
760 0
761 0
764 0
771 0
773 0
774 0
789 0
791 0
793 0
794 0
796 0
798 0
803 0
804 0
806 0
808 0
810 0
814 0
816 0
819 0
821 0
824 0
830 0
838 0
842 0
844 0
845 0
855 0
856 0
858 0
864 0
867 0
868 0
871 0
873 0
877 0
881 0
882 0
885 0
891 0
893 0
903 0
904 0
916 0
919 0
923 0
930 0
933 0
934 0
935 0
936 0
937 0
939 0
943 0
944 0
945 0
955 0
957 0
959 0
962 0
963 0
973 0
974 0
978 0
988 0
990 0
992 0
994 0
996 0
