c This is a uniform distributed  1-D DIMACS file 
c width height point_number
p 1000 1000 256
3 0
7 0
8 0
14 0
15 0
19 0
20 0
21 0
24 0
25 0
29 0
31 0
33 0
34 0
37 0
41 0
46 0
47 0
49 0
52 0
54 0
56 0
58 0
61 0
62 0
64 0
75 0
79 0
81 0
83 0
85 0
89 0
92 0
93 0
98 0
100 0
101 0
103 0
104 0
106 0
112 0
114 0
116 0
117 0
121 0
125 0
128 0
131 0
134 0
136 0
140 0
142 0
147 0
151 0
162 0
165 0
169 0
172 0
173 0
180 0
191 0
196 0
198 0
202 0
203 0
204 0
207 0
209 0
211 0
218 0
219 0
225 0
227 0
228 0
236 0
237 0
246 0
247 0
248 0
249 0
252 0
256 0
262 0
264 0
266 0
269 0
278 0
279 0
282 0
285 0
308 0
309 0
315 0
316 0
329 0
332 0
333 0
335 0
337 0
339 0
345 0
347 0
355 0
363 0
370 0
371 0
374 0
376 0
380 0
381 0
390 0
392 0
396 0
399 0
400 0
404 0
405 0
408 0
410 0
417 0
427 0
429 0
433 0
437 0
445 0
448 0
455 0
456 0
460 0
466 0
468 0
475 0
482 0
488 0
492 0
495 0
497 0
499 0
501 0
512 0
516 0
519 0
520 0
523 0
526 0
529 0
532 0
535 0
536 0
539 0
544 0
546 0
550 0
552 0
553 0
554 0
562 0
573 0
576 0
579 0
580 0
584 0
593 0
596 0
599 0
601 0
605 0
607 0
615 0
617 0
620 0
621 0
622 0
628 0
630 0
631 0
642 0
643 0
644 0
645 0
651 0
659 0
663 0
672 0
673 0
683 0
688 0
693 0
698 0
700 0
701 0
705 0
708 0
714 0
724 0
729 0
732 0
735 0
738 0
743 0
744 0
745 0
746 0
750 0
751 0
765 0
769 0
770 0
785 0
790 0
794 0
797 0
802 0
804 0
812 0
814 0
824 0
834 0
842 0
846 0
848 0
849 0
855 0
860 0
862 0
865 0
875 0
877 0
883 0
890 0
891 0
896 0
909 0
911 0
925 0
927 0
930 0
939 0
940 0
945 0
947 0
953 0
955 0
957 0
959 0
967 0
969 0
970 0
976 0
982 0
983 0
984 0
986 0
992 0
998 0
999 0
