c This is a uniform distributed  1-D DIMACS file 
c width height point_number
p 100000 100000 256
117 0
733 0
1101 0
1415 0
1814 0
1895 0
2780 0
2891 0
3550 0
4763 0
6099 0
6424 0
6654 0
7153 0
7274 0
7448 0
7651 0
8110 0
8799 0
9038 0
10214 0
10888 0
11653 0
11788 0
12014 0
12781 0
13151 0
13625 0
14104 0
14342 0
16249 0
16254 0
16432 0
17430 0
17785 0
17787 0
18378 0
20194 0
20571 0
20921 0
21038 0
21083 0
21709 0
22264 0
22390 0
22477 0
22981 0
23055 0
23262 0
23675 0
23723 0
23871 0
24666 0
24738 0
25004 0
25117 0
25171 0
26588 0
26661 0
26774 0
27165 0
27231 0
27234 0
28081 0
28301 0
28334 0
28968 0
29652 0
29687 0
29871 0
30140 0
30150 0
30187 0
31678 0
32189 0
32403 0
32455 0
32568 0
32772 0
32788 0
33599 0
33746 0
33909 0
34382 0
34484 0
34611 0
34730 0
34840 0
34891 0
35477 0
35585 0
35808 0
36237 0
36238 0
36465 0
36499 0
36836 0
37089 0
37118 0
38257 0
38577 0
38610 0
38785 0
39006 0
39374 0
39507 0
40225 0
40241 0
40723 0
40841 0
40923 0
41059 0
41209 0
41260 0
41948 0
42597 0
43045 0
43422 0
44252 0
44383 0
44392 0
44778 0
44817 0
45300 0
45789 0
45888 0
45977 0
46239 0
46583 0
47073 0
47154 0
47403 0
47710 0
47864 0
48294 0
48867 0
48955 0
48980 0
49014 0
49099 0
49242 0
49243 0
50223 0
50678 0
51007 0
52509 0
52788 0
52912 0
52974 0
53099 0
54806 0
55182 0
55521 0
55729 0
55902 0
56213 0
56616 0
56835 0
57007 0
57203 0
57635 0
57685 0
57729 0
57802 0
57930 0
58316 0
58503 0
58575 0
59215 0
59324 0
59564 0
60286 0
60457 0
60960 0
61257 0
62475 0
62599 0
63185 0
64354 0
65172 0
65787 0
66129 0
66147 0
66520 0
66995 0
68200 0
68755 0
68865 0
69196 0
69244 0
69909 0
70270 0
71119 0
71363 0
71796 0
72945 0
73122 0
73727 0
74493 0
74557 0
74650 0
75226 0
75472 0
75573 0
75909 0
76021 0
77060 0
77112 0
77963 0
78386 0
79581 0
79622 0
80257 0
80612 0
81561 0
81864 0
82074 0
82562 0
82889 0
83197 0
83518 0
83997 0
84012 0
84414 0
84641 0
84875 0
85043 0
85092 0
85273 0
85994 0
86040 0
86053 0
86434 0
86452 0
87088 0
87554 0
88119 0
89072 0
89080 0
89133 0
89854 0
91117 0
91195 0
93285 0
93532 0
93714 0
94261 0
94411 0
95198 0
95333 0
95616 0
96286 0
97032 0
97084 0
97792 0
99371 0
