c This is a uniform distributed  1-D DIMACS file 
c width height point_number
p 1000 1000 256
9 0
10 0
11 0
13 0
17 0
20 0
25 0
29 0
31 0
35 0
44 0
45 0
46 0
47 0
51 0
55 0
65 0
66 0
69 0
71 0
78 0
79 0
81 0
86 0
89 0
90 0
93 0
100 0
102 0
107 0
109 0
111 0
114 0
120 0
132 0
134 0
135 0
137 0
139 0
141 0
158 0
159 0
169 0
170 0
178 0
183 0
186 0
198 0
204 0
208 0
210 0
213 0
216 0
228 0
229 0
237 0
239 0
241 0
242 0
244 0
258 0
260 0
262 0
266 0
267 0
268 0
276 0
282 0
285 0
291 0
297 0
299 0
300 0
303 0
304 0
309 0
313 0
315 0
327 0
329 0
332 0
334 0
336 0
337 0
344 0
349 0
350 0
360 0
364 0
369 0
370 0
382 0
385 0
394 0
397 0
401 0
406 0
410 0
412 0
418 0
422 0
423 0
424 0
428 0
432 0
434 0
437 0
441 0
442 0
448 0
451 0
452 0
456 0
458 0
463 0
466 0
470 0
475 0
476 0
477 0
483 0
489 0
490 0
495 0
497 0
500 0
506 0
509 0
510 0
517 0
518 0
523 0
524 0
530 0
535 0
542 0
544 0
551 0
559 0
561 0
562 0
563 0
564 0
566 0
567 0
572 0
576 0
578 0
580 0
581 0
582 0
587 0
591 0
593 0
594 0
598 0
600 0
601 0
606 0
610 0
614 0
623 0
625 0
630 0
638 0
639 0
641 0
642 0
646 0
650 0
658 0
662 0
663 0
672 0
677 0
683 0
686 0
690 0
692 0
693 0
700 0
702 0
703 0
708 0
709 0
714 0
719 0
720 0
732 0
756 0
757 0
758 0
761 0
767 0
768 0
775 0
777 0
778 0
785 0
796 0
798 0
805 0
807 0
808 0
821 0
823 0
825 0
826 0
831 0
833 0
836 0
837 0
838 0
843 0
844 0
852 0
855 0
857 0
862 0
866 0
867 0
869 0
874 0
876 0
877 0
879 0
888 0
890 0
893 0
902 0
904 0
913 0
914 0
924 0
925 0
927 0
930 0
932 0
933 0
934 0
935 0
937 0
940 0
942 0
944 0
951 0
957 0
962 0
974 0
975 0
981 0
982 0
983 0
989 0
990 0
991 0
