c This is a uniform distributed  1-D DIMACS file 
c width height point_number
p 1000 1000 256
3 0
8 0
9 0
14 0
17 0
18 0
23 0
25 0
32 0
33 0
35 0
36 0
47 0
49 0
51 0
54 0
57 0
60 0
61 0
65 0
66 0
68 0
73 0
75 0
78 0
82 0
83 0
88 0
93 0
95 0
104 0
109 0
111 0
115 0
116 0
117 0
126 0
129 0
130 0
131 0
134 0
139 0
141 0
144 0
150 0
155 0
163 0
164 0
166 0
173 0
183 0
191 0
195 0
196 0
197 0
200 0
201 0
202 0
205 0
206 0
208 0
210 0
213 0
215 0
224 0
225 0
232 0
234 0
235 0
238 0
242 0
243 0
248 0
252 0
253 0
256 0
259 0
261 0
266 0
269 0
272 0
275 0
283 0
286 0
291 0
295 0
296 0
299 0
308 0
313 0
322 0
327 0
329 0
334 0
336 0
342 0
346 0
352 0
353 0
356 0
357 0
359 0
361 0
362 0
367 0
371 0
372 0
376 0
378 0
381 0
382 0
385 0
388 0
395 0
399 0
404 0
413 0
419 0
425 0
429 0
436 0
437 0
438 0
442 0
445 0
448 0
452 0
453 0
455 0
456 0
457 0
465 0
469 0
473 0
476 0
486 0
487 0
491 0
494 0
509 0
513 0
520 0
523 0
526 0
528 0
530 0
531 0
533 0
537 0
540 0
541 0
545 0
550 0
553 0
554 0
555 0
560 0
563 0
564 0
569 0
570 0
571 0
572 0
573 0
576 0
580 0
590 0
598 0
602 0
610 0
613 0
627 0
636 0
637 0
647 0
653 0
670 0
672 0
674 0
676 0
678 0
683 0
686 0
702 0
706 0
708 0
712 0
717 0
731 0
733 0
735 0
737 0
738 0
745 0
749 0
750 0
752 0
768 0
776 0
777 0
788 0
789 0
790 0
799 0
801 0
814 0
817 0
819 0
821 0
823 0
827 0
829 0
836 0
838 0
847 0
849 0
850 0
851 0
870 0
872 0
873 0
878 0
879 0
880 0
881 0
886 0
888 0
889 0
890 0
899 0
900 0
904 0
907 0
908 0
909 0
911 0
912 0
923 0
929 0
935 0
936 0
938 0
942 0
946 0
951 0
952 0
954 0
958 0
970 0
972 0
980 0
984 0
989 0
993 0
996 0
998 0
