c This is a uniform distributed  1-D DIMACS file 
c width height point_number
p 1000 1000 256
6 0
13 0
14 0
15 0
17 0
18 0
29 0
35 0
39 0
40 0
46 0
55 0
65 0
66 0
67 0
75 0
76 0
82 0
83 0
85 0
87 0
88 0
89 0
98 0
100 0
101 0
102 0
103 0
106 0
117 0
119 0
122 0
124 0
129 0
131 0
140 0
141 0
142 0
143 0
145 0
147 0
152 0
154 0
155 0
159 0
164 0
167 0
170 0
171 0
174 0
187 0
190 0
201 0
202 0
204 0
206 0
224 0
226 0
233 0
235 0
236 0
242 0
249 0
250 0
251 0
253 0
254 0
262 0
266 0
267 0
268 0
272 0
277 0
282 0
285 0
288 0
293 0
294 0
299 0
301 0
306 0
320 0
327 0
328 0
334 0
335 0
342 0
346 0
355 0
358 0
363 0
366 0
368 0
372 0
375 0
376 0
391 0
392 0
397 0
398 0
401 0
415 0
417 0
418 0
422 0
425 0
426 0
428 0
429 0
431 0
439 0
443 0
458 0
459 0
463 0
464 0
466 0
468 0
472 0
478 0
484 0
487 0
504 0
512 0
520 0
522 0
523 0
525 0
526 0
530 0
531 0
542 0
543 0
549 0
551 0
552 0
562 0
563 0
564 0
568 0
572 0
576 0
577 0
580 0
582 0
583 0
586 0
587 0
593 0
601 0
605 0
609 0
614 0
618 0
625 0
634 0
637 0
639 0
645 0
656 0
660 0
661 0
669 0
670 0
676 0
683 0
686 0
687 0
698 0
700 0
702 0
706 0
708 0
713 0
721 0
725 0
726 0
729 0
730 0
734 0
740 0
741 0
750 0
756 0
760 0
762 0
765 0
776 0
780 0
781 0
782 0
785 0
789 0
791 0
799 0
801 0
802 0
809 0
817 0
818 0
822 0
823 0
825 0
828 0
830 0
832 0
843 0
844 0
854 0
859 0
861 0
866 0
872 0
874 0
876 0
879 0
880 0
886 0
887 0
889 0
892 0
894 0
898 0
903 0
904 0
908 0
909 0
910 0
912 0
918 0
919 0
920 0
922 0
925 0
929 0
944 0
945 0
946 0
951 0
954 0
956 0
957 0
960 0
961 0
962 0
966 0
970 0
973 0
974 0
975 0
979 0
983 0
988 0
990 0
994 0
997 0
