c This is a uniform distributed  1-D DIMACS file 
c width height point_number
p 1000 1000 256
4 0
11 0
14 0
19 0
21 0
32 0
35 0
37 0
41 0
47 0
51 0
52 0
53 0
60 0
61 0
68 0
74 0
76 0
78 0
79 0
80 0
84 0
86 0
87 0
90 0
91 0
93 0
95 0
96 0
100 0
101 0
104 0
115 0
116 0
118 0
119 0
126 0
139 0
140 0
154 0
155 0
156 0
158 0
161 0
168 0
170 0
176 0
182 0
185 0
187 0
193 0
194 0
196 0
209 0
211 0
212 0
215 0
230 0
231 0
232 0
235 0
241 0
243 0
256 0
257 0
258 0
259 0
261 0
264 0
272 0
276 0
280 0
287 0
292 0
297 0
298 0
299 0
317 0
320 0
328 0
330 0
331 0
332 0
333 0
335 0
336 0
337 0
341 0
342 0
344 0
348 0
349 0
355 0
358 0
360 0
363 0
370 0
375 0
377 0
378 0
389 0
390 0
391 0
394 0
407 0
411 0
412 0
416 0
417 0
420 0
423 0
432 0
434 0
437 0
439 0
442 0
446 0
447 0
453 0
454 0
455 0
465 0
466 0
471 0
477 0
478 0
479 0
489 0
491 0
495 0
496 0
500 0
505 0
507 0
518 0
523 0
528 0
535 0
538 0
540 0
541 0
544 0
548 0
553 0
561 0
562 0
566 0
569 0
579 0
585 0
593 0
594 0
597 0
598 0
600 0
603 0
606 0
611 0
616 0
620 0
630 0
640 0
642 0
645 0
646 0
652 0
653 0
654 0
662 0
666 0
677 0
682 0
695 0
696 0
701 0
703 0
704 0
711 0
713 0
715 0
721 0
727 0
732 0
734 0
735 0
738 0
751 0
752 0
753 0
755 0
757 0
764 0
765 0
767 0
771 0
773 0
775 0
779 0
783 0
784 0
792 0
793 0
807 0
810 0
814 0
816 0
819 0
821 0
822 0
829 0
830 0
832 0
833 0
837 0
840 0
843 0
845 0
849 0
850 0
852 0
853 0
854 0
859 0
860 0
864 0
871 0
873 0
875 0
877 0
885 0
887 0
888 0
890 0
891 0
897 0
903 0
905 0
910 0
913 0
923 0
927 0
930 0
931 0
938 0
969 0
971 0
973 0
974 0
976 0
980 0
982 0
992 0
993 0
994 0
997 0
998 0
