c This is a uniform distributed  1-D DIMACS file 
c width height point_number
p 1000 1000 256
1 0
2 0
13 0
20 0
23 0
30 0
34 0
44 0
47 0
49 0
50 0
53 0
57 0
59 0
60 0
65 0
67 0
68 0
80 0
83 0
86 0
103 0
109 0
118 0
122 0
126 0
130 0
136 0
137 0
138 0
143 0
145 0
154 0
155 0
159 0
162 0
169 0
170 0
178 0
183 0
184 0
187 0
188 0
191 0
202 0
203 0
204 0
205 0
206 0
210 0
215 0
220 0
225 0
226 0
227 0
231 0
235 0
239 0
241 0
242 0
244 0
246 0
248 0
249 0
254 0
262 0
264 0
267 0
273 0
275 0
276 0
286 0
291 0
292 0
297 0
299 0
304 0
306 0
307 0
313 0
321 0
327 0
329 0
333 0
339 0
348 0
349 0
351 0
354 0
355 0
356 0
359 0
361 0
367 0
372 0
375 0
376 0
382 0
383 0
389 0
396 0
400 0
404 0
406 0
414 0
418 0
420 0
421 0
431 0
435 0
436 0
437 0
441 0
444 0
456 0
458 0
464 0
466 0
468 0
470 0
471 0
473 0
474 0
478 0
484 0
487 0
493 0
498 0
501 0
502 0
508 0
509 0
511 0
514 0
523 0
524 0
527 0
535 0
537 0
541 0
546 0
548 0
553 0
554 0
556 0
572 0
574 0
576 0
578 0
597 0
599 0
600 0
606 0
620 0
624 0
625 0
626 0
627 0
630 0
632 0
633 0
634 0
638 0
639 0
641 0
643 0
654 0
657 0
660 0
670 0
677 0
683 0
686 0
689 0
697 0
699 0
704 0
711 0
715 0
718 0
721 0
723 0
726 0
728 0
734 0
738 0
739 0
740 0
747 0
752 0
753 0
761 0
763 0
764 0
773 0
779 0
787 0
791 0
794 0
798 0
809 0
810 0
824 0
825 0
827 0
831 0
837 0
842 0
843 0
845 0
848 0
854 0
860 0
865 0
871 0
877 0
885 0
886 0
893 0
897 0
898 0
899 0
906 0
907 0
910 0
915 0
919 0
920 0
927 0
929 0
933 0
934 0
937 0
938 0
939 0
945 0
946 0
947 0
949 0
951 0
953 0
954 0
957 0
960 0
961 0
963 0
964 0
967 0
968 0
971 0
976 0
982 0
983 0
988 0
989 0
997 0
