c This is a uniform distributed  1-D DIMACS file 
c width height point_number
p 1000 1000 256
1 0
4 0
7 0
11 0
20 0
22 0
25 0
31 0
33 0
34 0
37 0
40 0
44 0
46 0
48 0
50 0
52 0
56 0
58 0
60 0
62 0
63 0
79 0
84 0
86 0
91 0
92 0
96 0
97 0
107 0
119 0
131 0
146 0
147 0
149 0
150 0
151 0
153 0
160 0
161 0
165 0
166 0
174 0
176 0
177 0
180 0
181 0
184 0
186 0
190 0
192 0
194 0
198 0
200 0
203 0
204 0
205 0
208 0
209 0
217 0
225 0
230 0
232 0
233 0
234 0
238 0
241 0
250 0
252 0
253 0
256 0
263 0
268 0
270 0
280 0
286 0
288 0
290 0
291 0
292 0
294 0
298 0
299 0
300 0
301 0
303 0
304 0
307 0
315 0
316 0
318 0
321 0
324 0
332 0
340 0
342 0
345 0
348 0
353 0
357 0
358 0
360 0
366 0
368 0
371 0
374 0
379 0
380 0
382 0
386 0
387 0
389 0
396 0
399 0
400 0
406 0
408 0
411 0
413 0
416 0
417 0
420 0
422 0
426 0
427 0
429 0
430 0
437 0
438 0
440 0
449 0
451 0
455 0
461 0
465 0
468 0
470 0
481 0
485 0
499 0
504 0
509 0
511 0
521 0
522 0
526 0
527 0
528 0
529 0
530 0
532 0
544 0
550 0
551 0
552 0
553 0
557 0
561 0
566 0
581 0
582 0
584 0
585 0
593 0
595 0
600 0
601 0
604 0
606 0
608 0
610 0
611 0
621 0
624 0
629 0
630 0
631 0
633 0
638 0
650 0
653 0
658 0
660 0
665 0
666 0
674 0
675 0
686 0
688 0
693 0
697 0
703 0
713 0
716 0
718 0
728 0
735 0
736 0
744 0
747 0
754 0
759 0
765 0
767 0
774 0
775 0
782 0
794 0
798 0
805 0
807 0
812 0
814 0
816 0
823 0
824 0
828 0
831 0
835 0
836 0
840 0
843 0
845 0
846 0
850 0
854 0
855 0
861 0
864 0
872 0
875 0
882 0
883 0
888 0
889 0
899 0
900 0
902 0
905 0
907 0
908 0
910 0
913 0
918 0
920 0
929 0
930 0
944 0
945 0
952 0
958 0
975 0
985 0
990 0
997 0
999 0
