c This is a uniform distributed  1-D DIMACS file 
c width height point_number
p 1000 1000 256
5 0
7 0
8 0
10 0
27 0
36 0
54 0
60 0
62 0
63 0
65 0
68 0
70 0
72 0
77 0
78 0
79 0
84 0
89 0
91 0
99 0
101 0
106 0
115 0
120 0
121 0
126 0
127 0
130 0
137 0
144 0
148 0
151 0
153 0
156 0
160 0
166 0
167 0
168 0
174 0
176 0
177 0
179 0
182 0
184 0
186 0
188 0
190 0
192 0
195 0
199 0
201 0
204 0
207 0
208 0
212 0
214 0
222 0
228 0
229 0
230 0
233 0
235 0
236 0
237 0
245 0
250 0
253 0
257 0
258 0
260 0
266 0
267 0
287 0
288 0
289 0
295 0
298 0
304 0
305 0
307 0
310 0
311 0
315 0
319 0
320 0
327 0
328 0
334 0
337 0
338 0
339 0
343 0
351 0
356 0
357 0
359 0
364 0
369 0
378 0
385 0
396 0
398 0
399 0
404 0
407 0
415 0
419 0
421 0
422 0
430 0
434 0
435 0
443 0
445 0
449 0
457 0
463 0
464 0
466 0
467 0
469 0
471 0
474 0
475 0
478 0
482 0
485 0
487 0
489 0
490 0
497 0
500 0
501 0
503 0
506 0
511 0
513 0
517 0
520 0
537 0
543 0
549 0
554 0
555 0
556 0
561 0
562 0
563 0
564 0
565 0
570 0
574 0
575 0
578 0
581 0
587 0
590 0
591 0
595 0
602 0
605 0
610 0
612 0
613 0
617 0
619 0
623 0
635 0
639 0
645 0
646 0
651 0
652 0
655 0
660 0
670 0
678 0
691 0
700 0
703 0
709 0
715 0
719 0
720 0
721 0
728 0
730 0
733 0
735 0
737 0
739 0
752 0
759 0
761 0
763 0
772 0
775 0
778 0
780 0
785 0
793 0
794 0
805 0
807 0
809 0
812 0
822 0
824 0
839 0
842 0
850 0
851 0
853 0
862 0
863 0
864 0
866 0
867 0
869 0
874 0
880 0
882 0
892 0
893 0
894 0
897 0
902 0
903 0
907 0
908 0
909 0
913 0
914 0
915 0
916 0
927 0
929 0
931 0
932 0
934 0
937 0
940 0
944 0
945 0
957 0
959 0
965 0
966 0
970 0
971 0
976 0
981 0
986 0
989 0
998 0
