c This is a uniform distributed  1-D DIMACS file 
c width height point_number
p 100000 100000 256
122 0
320 0
521 0
576 0
1655 0
2458 0
2744 0
3883 0
3995 0
4080 0
4537 0
4871 0
5825 0
6168 0
6611 0
6846 0
6965 0
7944 0
7951 0
8125 0
8243 0
8646 0
8950 0
9154 0
9185 0
9306 0
9464 0
9831 0
10358 0
11055 0
11559 0
12680 0
12789 0
13439 0
14592 0
14822 0
15061 0
15153 0
15157 0
15946 0
16215 0
16579 0
16591 0
16704 0
17072 0
17136 0
17207 0
17747 0
17833 0
17915 0
18166 0
18187 0
18207 0
18512 0
18950 0
19552 0
20329 0
21012 0
21126 0
21750 0
22147 0
22434 0
22536 0
23041 0
23390 0
23506 0
23591 0
23678 0
23961 0
24015 0
24159 0
24461 0
24536 0
24863 0
25052 0
25276 0
25594 0
25831 0
26739 0
28454 0
28857 0
29296 0
29911 0
30562 0
30563 0
31496 0
31794 0
31865 0
31949 0
32307 0
32351 0
32833 0
32840 0
33226 0
34322 0
35194 0
35495 0
35798 0
35975 0
36549 0
36852 0
37365 0
37392 0
37459 0
37535 0
37779 0
38484 0
38536 0
38732 0
39760 0
39837 0
39924 0
40029 0
40200 0
40681 0
41424 0
42639 0
42974 0
43042 0
43050 0
43107 0
43394 0
44333 0
44880 0
45175 0
45788 0
45900 0
46054 0
47899 0
48584 0
49962 0
50564 0
50569 0
50649 0
51078 0
51408 0
51699 0
52015 0
52600 0
53240 0
54258 0
55394 0
55634 0
55685 0
55907 0
56166 0
56552 0
57153 0
58895 0
59253 0
61257 0
61762 0
61811 0
62313 0
62335 0
62898 0
63286 0
63303 0
64286 0
65107 0
65145 0
65833 0
65978 0
67492 0
68310 0
68381 0
68594 0
69203 0
69585 0
69648 0
69662 0
69939 0
70322 0
70804 0
70977 0
70989 0
71363 0
71777 0
72450 0
72751 0
72791 0
73093 0
73519 0
74069 0
74281 0
74612 0
74638 0
74865 0
75311 0
75435 0
75532 0
76081 0
76416 0
76562 0
76733 0
76746 0
76788 0
77096 0
78225 0
78412 0
78564 0
78792 0
78985 0
79401 0
80256 0
80613 0
80642 0
80780 0
80998 0
81113 0
82422 0
82881 0
83096 0
83886 0
84000 0
84124 0
84389 0
84535 0
85320 0
85351 0
85879 0
85936 0
86224 0
86584 0
87185 0
87226 0
87486 0
87853 0
87976 0
88072 0
88654 0
88786 0
89631 0
89856 0
90958 0
91348 0
91516 0
92470 0
92487 0
94103 0
94308 0
94405 0
94802 0
95148 0
95367 0
96103 0
96124 0
97005 0
98106 0
98418 0
99159 0
99379 0
99771 0
99816 0
99896 0
99956 0
