c This is a uniform distributed  1-D DIMACS file 
c width height point_number
p 1000 1000 256
2 0
11 0
12 0
13 0
17 0
20 0
24 0
26 0
28 0
34 0
38 0
39 0
40 0
42 0
52 0
53 0
56 0
57 0
59 0
61 0
67 0
73 0
75 0
76 0
83 0
85 0
90 0
94 0
100 0
101 0
102 0
108 0
112 0
113 0
116 0
119 0
126 0
127 0
129 0
134 0
135 0
139 0
141 0
146 0
150 0
154 0
156 0
157 0
166 0
169 0
176 0
177 0
178 0
179 0
180 0
182 0
187 0
190 0
193 0
194 0
198 0
207 0
212 0
218 0
220 0
221 0
224 0
239 0
240 0
242 0
251 0
254 0
255 0
261 0
265 0
266 0
279 0
281 0
289 0
290 0
297 0
300 0
308 0
320 0
323 0
326 0
327 0
329 0
331 0
333 0
334 0
337 0
338 0
342 0
349 0
358 0
359 0
364 0
368 0
370 0
373 0
376 0
377 0
383 0
384 0
385 0
388 0
397 0
402 0
409 0
414 0
415 0
416 0
418 0
422 0
423 0
424 0
429 0
431 0
434 0
436 0
439 0
440 0
441 0
442 0
443 0
444 0
456 0
458 0
459 0
465 0
468 0
469 0
471 0
484 0
495 0
510 0
511 0
512 0
513 0
515 0
521 0
526 0
527 0
531 0
532 0
534 0
536 0
543 0
549 0
553 0
555 0
558 0
560 0
567 0
580 0
583 0
586 0
589 0
592 0
593 0
599 0
600 0
603 0
609 0
612 0
616 0
620 0
624 0
626 0
630 0
631 0
634 0
636 0
641 0
648 0
657 0
670 0
676 0
681 0
683 0
684 0
692 0
702 0
707 0
711 0
720 0
721 0
730 0
734 0
738 0
750 0
751 0
753 0
757 0
759 0
761 0
763 0
767 0
770 0
771 0
775 0
777 0
778 0
780 0
781 0
784 0
786 0
787 0
795 0
808 0
812 0
816 0
817 0
820 0
821 0
829 0
830 0
831 0
844 0
848 0
853 0
855 0
856 0
857 0
865 0
877 0
880 0
881 0
884 0
885 0
892 0
893 0
894 0
897 0
900 0
904 0
912 0
923 0
924 0
928 0
929 0
930 0
935 0
936 0
938 0
942 0
944 0
948 0
960 0
967 0
974 0
989 0
996 0
998 0
999 0
