c This is a uniform distributed  1-D DIMACS file 
c width height point_number
p 100000 100000 256
1428 0
1630 0
1764 0
1789 0
3251 0
4051 0
4324 0
4400 0
4480 0
4980 0
5252 0
5394 0
6074 0
6180 0
6221 0
6290 0
7345 0
8104 0
8333 0
9807 0
10138 0
10251 0
10645 0
10706 0
10860 0
10946 0
11052 0
11109 0
11175 0
11373 0
11649 0
11969 0
12138 0
12353 0
12656 0
12739 0
13725 0
13817 0
14649 0
15282 0
15366 0
15385 0
15777 0
15993 0
16253 0
16287 0
16385 0
16878 0
17172 0
17692 0
18070 0
18330 0
18390 0
20094 0
20249 0
20641 0
21111 0
21585 0
22351 0
22777 0
22867 0
23367 0
23543 0
24241 0
24487 0
24561 0
24841 0
25265 0
25382 0
26019 0
26029 0
26402 0
26642 0
27129 0
27977 0
28327 0
28638 0
28764 0
28897 0
29394 0
29521 0
29739 0
29922 0
30198 0
30370 0
31870 0
32210 0
32324 0
32353 0
33154 0
34054 0
34778 0
35711 0
36544 0
36654 0
36687 0
36713 0
37098 0
37522 0
38493 0
38542 0
38931 0
39384 0
40317 0
40702 0
40841 0
40925 0
41296 0
41801 0
41810 0
42076 0
42545 0
43119 0
43123 0
43202 0
43258 0
43564 0
43605 0
44278 0
45195 0
46426 0
46546 0
46943 0
47153 0
47810 0
48171 0
48375 0
48392 0
49267 0
49596 0
49736 0
50954 0
51453 0
52043 0
52314 0
52357 0
53264 0
53296 0
54449 0
54716 0
54820 0
54903 0
55736 0
56024 0
57011 0
57677 0
57841 0
58276 0
58554 0
59094 0
59211 0
60127 0
60379 0
60496 0
60877 0
61061 0
61500 0
61683 0
62026 0
62291 0
62341 0
62401 0
63158 0
63446 0
63630 0
63715 0
64413 0
65410 0
65778 0
66015 0
66471 0
66599 0
67260 0
67309 0
67314 0
69055 0
69241 0
69440 0
70068 0
70588 0
70700 0
70943 0
71682 0
72227 0
72567 0
72796 0
73173 0
74096 0
74618 0
74707 0
75488 0
76060 0
76090 0
76098 0
77600 0
78168 0
78334 0
79094 0
79521 0
80088 0
80600 0
80934 0
80937 0
80942 0
81736 0
81740 0
82850 0
83045 0
83176 0
83186 0
83214 0
83705 0
84460 0
84675 0
85074 0
85135 0
85539 0
85916 0
87208 0
88517 0
89179 0
89635 0
89669 0
90498 0
90554 0
90619 0
91104 0
91293 0
91400 0
91955 0
92659 0
93269 0
93323 0
93337 0
93654 0
93844 0
93854 0
94070 0
94465 0
94787 0
94892 0
95094 0
95856 0
96465 0
97023 0
97353 0
97403 0
97541 0
97583 0
97618 0
98424 0
98619 0
98667 0
98723 0
99123 0
99655 0
