c This is a uniform distributed  1-D DIMACS file 
c width height point_number
p 1000 1000 256
7 0
12 0
13 0
42 0
43 0
44 0
52 0
61 0
68 0
69 0
71 0
76 0
79 0
80 0
83 0
87 0
97 0
98 0
102 0
119 0
124 0
126 0
131 0
134 0
135 0
136 0
139 0
143 0
145 0
152 0
153 0
154 0
155 0
156 0
159 0
160 0
162 0
163 0
165 0
169 0
171 0
177 0
185 0
187 0
189 0
191 0
194 0
195 0
200 0
202 0
204 0
209 0
211 0
216 0
219 0
221 0
224 0
225 0
234 0
235 0
237 0
240 0
245 0
246 0
247 0
253 0
256 0
260 0
263 0
265 0
266 0
272 0
274 0
275 0
276 0
279 0
283 0
287 0
288 0
289 0
290 0
292 0
295 0
298 0
331 0
336 0
337 0
342 0
356 0
362 0
363 0
368 0
372 0
373 0
375 0
382 0
385 0
387 0
394 0
397 0
402 0
405 0
406 0
412 0
414 0
418 0
424 0
430 0
438 0
442 0
443 0
459 0
460 0
461 0
463 0
469 0
470 0
475 0
479 0
486 0
487 0
493 0
498 0
510 0
514 0
516 0
517 0
519 0
535 0
538 0
539 0
540 0
550 0
553 0
557 0
563 0
565 0
567 0
568 0
570 0
577 0
578 0
582 0
583 0
584 0
588 0
601 0
613 0
618 0
624 0
627 0
629 0
639 0
640 0
649 0
650 0
652 0
654 0
655 0
656 0
659 0
664 0
668 0
686 0
690 0
691 0
693 0
700 0
701 0
704 0
709 0
715 0
716 0
720 0
725 0
726 0
728 0
736 0
738 0
743 0
746 0
755 0
757 0
758 0
759 0
761 0
762 0
764 0
766 0
771 0
775 0
776 0
778 0
779 0
783 0
785 0
787 0
788 0
791 0
793 0
795 0
805 0
809 0
811 0
814 0
815 0
817 0
818 0
823 0
825 0
829 0
830 0
835 0
838 0
844 0
845 0
847 0
851 0
852 0
862 0
863 0
870 0
879 0
882 0
887 0
895 0
899 0
900 0
903 0
904 0
915 0
916 0
920 0
925 0
932 0
936 0
938 0
955 0
967 0
968 0
970 0
972 0
974 0
976 0
978 0
979 0
980 0
981 0
982 0
983 0
987 0
991 0
992 0
993 0
995 0
996 0
