c This is a uniform distributed  1-D DIMACS file 
c width height point_number
p 1000 1000 256
14 0
17 0
22 0
24 0
29 0
31 0
41 0
42 0
45 0
47 0
59 0
60 0
62 0
64 0
68 0
73 0
76 0
81 0
84 0
88 0
89 0
91 0
93 0
94 0
96 0
98 0
99 0
100 0
101 0
110 0
118 0
119 0
127 0
128 0
141 0
142 0
147 0
153 0
159 0
160 0
161 0
164 0
165 0
169 0
171 0
182 0
190 0
198 0
201 0
202 0
205 0
209 0
210 0
215 0
221 0
240 0
241 0
245 0
249 0
258 0
260 0
264 0
271 0
272 0
273 0
287 0
292 0
295 0
299 0
313 0
314 0
317 0
321 0
323 0
329 0
330 0
335 0
336 0
339 0
340 0
348 0
355 0
356 0
359 0
366 0
373 0
374 0
384 0
386 0
387 0
388 0
390 0
391 0
400 0
401 0
403 0
404 0
406 0
407 0
408 0
411 0
412 0
413 0
419 0
423 0
432 0
435 0
440 0
443 0
444 0
446 0
447 0
450 0
454 0
457 0
474 0
480 0
482 0
490 0
498 0
503 0
511 0
513 0
519 0
531 0
536 0
537 0
538 0
540 0
541 0
545 0
552 0
553 0
555 0
560 0
562 0
563 0
566 0
567 0
574 0
576 0
582 0
588 0
592 0
595 0
602 0
605 0
608 0
611 0
612 0
614 0
620 0
622 0
624 0
627 0
633 0
639 0
641 0
643 0
647 0
650 0
659 0
661 0
663 0
669 0
671 0
672 0
673 0
674 0
677 0
686 0
689 0
691 0
701 0
705 0
706 0
708 0
710 0
714 0
716 0
718 0
721 0
722 0
723 0
728 0
742 0
743 0
744 0
746 0
748 0
749 0
753 0
754 0
757 0
763 0
766 0
767 0
769 0
771 0
789 0
791 0
798 0
799 0
800 0
803 0
804 0
806 0
807 0
811 0
813 0
815 0
816 0
818 0
822 0
824 0
830 0
835 0
837 0
838 0
843 0
845 0
855 0
861 0
862 0
876 0
880 0
881 0
882 0
887 0
892 0
893 0
894 0
898 0
900 0
904 0
910 0
916 0
917 0
919 0
920 0
922 0
926 0
929 0
930 0
931 0
932 0
941 0
952 0
953 0
956 0
957 0
966 0
969 0
970 0
975 0
977 0
