c This is a uniform distributed  1-D DIMACS file 
c width height point_number
p 1000 1000 256
2 0
5 0
14 0
15 0
21 0
22 0
28 0
33 0
35 0
36 0
41 0
48 0
53 0
59 0
63 0
65 0
72 0
81 0
86 0
88 0
92 0
96 0
99 0
100 0
103 0
106 0
107 0
113 0
122 0
123 0
129 0
130 0
131 0
135 0
139 0
157 0
160 0
161 0
162 0
167 0
171 0
184 0
188 0
190 0
192 0
201 0
202 0
203 0
206 0
207 0
215 0
217 0
218 0
220 0
225 0
231 0
233 0
234 0
241 0
242 0
243 0
244 0
247 0
252 0
253 0
259 0
268 0
270 0
271 0
274 0
277 0
283 0
289 0
294 0
296 0
309 0
314 0
316 0
318 0
331 0
338 0
340 0
344 0
346 0
348 0
359 0
367 0
373 0
374 0
377 0
379 0
380 0
385 0
386 0
387 0
388 0
390 0
392 0
393 0
398 0
401 0
402 0
403 0
407 0
411 0
414 0
416 0
419 0
428 0
436 0
439 0
442 0
455 0
456 0
459 0
460 0
461 0
462 0
467 0
472 0
473 0
475 0
476 0
477 0
485 0
490 0
492 0
493 0
497 0
499 0
503 0
505 0
506 0
509 0
510 0
511 0
521 0
525 0
541 0
547 0
554 0
556 0
557 0
561 0
562 0
563 0
564 0
565 0
566 0
567 0
574 0
575 0
578 0
593 0
601 0
608 0
613 0
615 0
620 0
625 0
628 0
633 0
638 0
640 0
642 0
643 0
646 0
647 0
648 0
649 0
655 0
662 0
664 0
672 0
675 0
677 0
682 0
684 0
687 0
691 0
692 0
699 0
700 0
701 0
702 0
703 0
710 0
720 0
725 0
726 0
727 0
728 0
730 0
734 0
736 0
739 0
743 0
745 0
748 0
749 0
764 0
767 0
769 0
770 0
772 0
773 0
776 0
777 0
780 0
783 0
792 0
795 0
796 0
798 0
805 0
806 0
807 0
813 0
816 0
819 0
822 0
827 0
830 0
832 0
836 0
839 0
840 0
841 0
855 0
857 0
858 0
861 0
863 0
864 0
871 0
872 0
876 0
879 0
892 0
898 0
900 0
922 0
930 0
932 0
943 0
952 0
953 0
956 0
958 0
961 0
973 0
975 0
976 0
987 0
996 0
997 0
