c This is a uniform distributed  1-D DIMACS file 
c width height point_number
p 1000 1000 256
3 0
6 0
19 0
28 0
33 0
44 0
46 0
57 0
58 0
61 0
65 0
70 0
71 0
77 0
80 0
84 0
86 0
88 0
93 0
96 0
99 0
106 0
107 0
108 0
110 0
112 0
117 0
119 0
121 0
124 0
136 0
141 0
145 0
147 0
152 0
153 0
154 0
157 0
161 0
165 0
168 0
170 0
173 0
176 0
186 0
188 0
193 0
194 0
196 0
203 0
207 0
210 0
212 0
220 0
223 0
225 0
233 0
237 0
246 0
252 0
258 0
259 0
260 0
261 0
264 0
265 0
270 0
273 0
275 0
276 0
279 0
281 0
285 0
286 0
287 0
293 0
296 0
297 0
298 0
303 0
311 0
334 0
338 0
339 0
344 0
347 0
349 0
352 0
358 0
360 0
361 0
367 0
386 0
390 0
408 0
416 0
418 0
421 0
429 0
437 0
442 0
448 0
454 0
455 0
459 0
461 0
465 0
473 0
475 0
476 0
477 0
479 0
486 0
489 0
490 0
493 0
496 0
499 0
503 0
507 0
509 0
516 0
518 0
525 0
530 0
535 0
538 0
542 0
544 0
545 0
547 0
548 0
550 0
557 0
561 0
573 0
577 0
583 0
584 0
591 0
595 0
604 0
605 0
606 0
607 0
610 0
614 0
615 0
617 0
628 0
629 0
631 0
635 0
638 0
642 0
643 0
645 0
652 0
653 0
655 0
658 0
660 0
661 0
666 0
669 0
675 0
676 0
679 0
683 0
684 0
685 0
692 0
696 0
697 0
703 0
709 0
715 0
716 0
717 0
718 0
720 0
723 0
725 0
726 0
728 0
733 0
735 0
737 0
750 0
757 0
762 0
763 0
765 0
770 0
775 0
776 0
777 0
778 0
779 0
781 0
786 0
789 0
790 0
795 0
799 0
806 0
807 0
808 0
811 0
824 0
827 0
833 0
837 0
839 0
841 0
845 0
849 0
852 0
855 0
860 0
870 0
875 0
876 0
877 0
890 0
892 0
893 0
897 0
899 0
901 0
903 0
906 0
908 0
909 0
912 0
922 0
927 0
934 0
935 0
939 0
940 0
948 0
952 0
954 0
957 0
963 0
964 0
965 0
971 0
977 0
981 0
986 0
988 0
989 0
997 0
998 0
