c This is a uniform distributed  1-D DIMACS file 
c width height point_number
p 100000 100000 256
330 0
803 0
1148 0
1572 0
1714 0
1739 0
1989 0
2144 0
2205 0
2347 0
2533 0
2928 0
3002 0
5075 0
5400 0
5466 0
5546 0
5595 0
6062 0
6800 0
7252 0
7450 0
8166 0
8657 0
9021 0
10004 0
10340 0
11690 0
11768 0
11784 0
12312 0
12582 0
12770 0
13101 0
13339 0
14944 0
15035 0
15309 0
16009 0
16845 0
16892 0
16999 0
17195 0
17504 0
18018 0
18843 0
18990 0
19502 0
20022 0
20063 0
21141 0
21559 0
22093 0
22511 0
22779 0
23539 0
23575 0
23640 0
24175 0
24215 0
24467 0
24554 0
24672 0
27355 0
27413 0
27484 0
27519 0
27620 0
28604 0
29714 0
30212 0
30289 0
30291 0
30507 0
30720 0
30860 0
31345 0
31706 0
31921 0
32089 0
32147 0
32404 0
32764 0
33107 0
33785 0
34093 0
34470 0
34732 0
35713 0
35933 0
35983 0
36444 0
36585 0
36675 0
37049 0
37124 0
37794 0
38051 0
38633 0
39033 0
39477 0
40612 0
40708 0
41287 0
42467 0
43016 0
43199 0
43560 0
43881 0
43950 0
44097 0
44828 0
45035 0
45502 0
46236 0
46392 0
46652 0
47455 0
47647 0
47812 0
48107 0
48362 0
49345 0
49513 0
49775 0
50024 0
50327 0
50437 0
50809 0
51008 0
51350 0
51352 0
51461 0
51590 0
51958 0
52554 0
52822 0
53024 0
53319 0
54182 0
54532 0
55029 0
55381 0
55732 0
56082 0
56763 0
56824 0
57142 0
57834 0
57943 0
58111 0
58482 0
58520 0
58986 0
59231 0
60201 0
60228 0
60734 0
61746 0
62491 0
62712 0
63349 0
63625 0
63797 0
63899 0
64295 0
64531 0
64723 0
64804 0
65074 0
65346 0
65934 0
66368 0
66510 0
66553 0
66728 0
67763 0
68152 0
69616 0
70301 0
70679 0
71174 0
71539 0
71762 0
72154 0
72759 0
73236 0
73679 0
73737 0
73778 0
73887 0
74598 0
75078 0
75111 0
75921 0
76140 0
76438 0
76729 0
77262 0
77856 0
78012 0
78155 0
78207 0
78730 0
78843 0
79286 0
80532 0
80763 0
81133 0
81299 0
81328 0
81571 0
81706 0
81949 0
82165 0
82573 0
82942 0
82999 0
83035 0
83157 0
83163 0
84062 0
84688 0
85548 0
85721 0
86052 0
86594 0
86838 0
87223 0
89936 0
90497 0
90907 0
91099 0
91243 0
92602 0
92881 0
92890 0
93600 0
93754 0
95117 0
95319 0
95451 0
95673 0
95849 0
95904 0
96419 0
96869 0
97220 0
97256 0
97464 0
97489 0
97558 0
97606 0
98739 0
98787 0
99164 0
