c This is a uniform distributed  1-D DIMACS file 
c width height point_number
p 100000 100000 256
216 0
1057 0
1064 0
2066 0
2381 0
2467 0
2705 0
2912 0
3814 0
3946 0
3957 0
4759 0
5690 0
5971 0
6230 0
6637 0
6817 0
7625 0
7651 0
8077 0
8414 0
8471 0
8603 0
8731 0
9196 0
9594 0
9702 0
9819 0
9841 0
10055 0
10740 0
12419 0
13162 0
13250 0
13597 0
13689 0
14433 0
14700 0
15312 0
15607 0
16493 0
16779 0
18333 0
18373 0
18521 0
19169 0
19934 0
20379 0
20942 0
21144 0
21309 0
21314 0
21402 0
21408 0
21693 0
21948 0
22633 0
22795 0
23175 0
24411 0
24543 0
24700 0
25137 0
25533 0
25960 0
28154 0
28364 0
28775 0
29604 0
30128 0
30412 0
31002 0
31475 0
31849 0
31927 0
32077 0
32553 0
32949 0
33440 0
34588 0
34594 0
34730 0
35100 0
35209 0
35414 0
35484 0
35490 0
35674 0
35781 0
36438 0
36946 0
37094 0
37225 0
37247 0
37677 0
37832 0
37889 0
37967 0
38454 0
39050 0
39192 0
39353 0
39421 0
40709 0
40764 0
40808 0
40813 0
40998 0
41685 0
42142 0
42740 0
42790 0
43043 0
43075 0
43132 0
43492 0
44232 0
44246 0
44834 0
44921 0
45448 0
45591 0
46000 0
46023 0
46814 0
47345 0
47577 0
47778 0
48032 0
48180 0
48337 0
48887 0
49016 0
49069 0
49329 0
49870 0
49983 0
50200 0
50317 0
51519 0
51932 0
52462 0
52531 0
52805 0
52982 0
55124 0
55246 0
55557 0
55670 0
56724 0
56896 0
57143 0
57393 0
57625 0
58383 0
58729 0
58748 0
59610 0
60136 0
60157 0
61275 0
61403 0
62265 0
62480 0
62756 0
62811 0
62828 0
62840 0
63019 0
63289 0
63395 0
63753 0
63822 0
64163 0
64503 0
65391 0
66286 0
67368 0
68150 0
68230 0
68742 0
68841 0
69028 0
69369 0
70014 0
70340 0
70394 0
70560 0
71777 0
71795 0
72485 0
72517 0
72731 0
73612 0
73925 0
75088 0
75741 0
76287 0
77064 0
77110 0
77683 0
77907 0
78262 0
78911 0
79033 0
79300 0
79332 0
80228 0
80276 0
81134 0
82387 0
83730 0
83773 0
83820 0
83908 0
84433 0
84522 0
84825 0
85205 0
85432 0
85567 0
85996 0
86229 0
86601 0
86647 0
87468 0
87976 0
88233 0
88636 0
88974 0
89208 0
89926 0
90078 0
90179 0
90529 0
90761 0
90798 0
91130 0
91613 0
93182 0
93569 0
94210 0
94243 0
94580 0
94977 0
95416 0
96725 0
96857 0
97389 0
97502 0
97810 0
97923 0
98067 0
98324 0
99107 0
99446 0
