c This is a uniform distributed  1-D DIMACS file 
c width height point_number
p 100000 100000 256
252 0
1380 0
2253 0
2373 0
2693 0
2734 0
3149 0
3367 0
3556 0
4123 0
4715 0
4785 0
4998 0
5084 0
5527 0
5798 0
5831 0
5861 0
6725 0
6801 0
7062 0
7244 0
7288 0
8089 0
8255 0
8270 0
8618 0
9111 0
9145 0
9421 0
9840 0
9915 0
10298 0
10710 0
10777 0
11185 0
11645 0
11991 0
12764 0
12768 0
13436 0
13854 0
14086 0
14103 0
14152 0
14462 0
14864 0
14948 0
15283 0
15656 0
15730 0
15834 0
16534 0
16774 0
17406 0
17767 0
18192 0
18522 0
18667 0
18918 0
19711 0
20129 0
20160 0
20610 0
21562 0
21802 0
22053 0
22310 0
22436 0
22477 0
23494 0
23859 0
24150 0
24210 0
24255 0
24454 0
24641 0
24811 0
24903 0
25068 0
25555 0
25632 0
26054 0
26120 0
26415 0
26448 0
27563 0
27917 0
28134 0
28275 0
28418 0
28629 0
28715 0
29305 0
29580 0
29664 0
29821 0
30338 0
30693 0
31276 0
31627 0
31815 0
32475 0
32576 0
32612 0
32778 0
32868 0
33367 0
33597 0
33895 0
33918 0
34251 0
34397 0
34722 0
36344 0
36874 0
37111 0
38554 0
39040 0
39185 0
39362 0
39999 0
40240 0
40635 0
41188 0
41296 0
43153 0
43682 0
43951 0
43990 0
44127 0
44578 0
44906 0
45024 0
45093 0
45132 0
45177 0
45754 0
45788 0
45859 0
46491 0
47206 0
47277 0
48001 0
48123 0
48655 0
48748 0
49473 0
49967 0
50441 0
51407 0
51760 0
51979 0
52077 0
53104 0
53798 0
53926 0
54909 0
54911 0
55336 0
55394 0
55581 0
55615 0
58058 0
58346 0
59209 0
59332 0
60015 0
60435 0
60537 0
60578 0
60610 0
60750 0
61171 0
61252 0
61509 0
63162 0
63747 0
63869 0
63955 0
64002 0
64749 0
64878 0
65049 0
65441 0
66089 0
66619 0
66931 0
67164 0
67937 0
68448 0
68803 0
70403 0
70572 0
70652 0
70739 0
71635 0
72008 0
72248 0
72729 0
73011 0
73199 0
73709 0
73833 0
74738 0
75048 0
75075 0
75345 0
76331 0
77090 0
79533 0
79555 0
79950 0
81054 0
82948 0
83362 0
83843 0
84005 0
84182 0
84316 0
84464 0
84515 0
84934 0
84951 0
85468 0
86554 0
86763 0
86920 0
87020 0
87322 0
87501 0
87678 0
88719 0
90346 0
90752 0
90961 0
91025 0
91078 0
92480 0
92496 0
92910 0
93933 0
94339 0
95159 0
95586 0
96203 0
96205 0
96427 0
97241 0
97643 0
98082 0
98249 0
98709 0
98904 0
99599 0
99670 0
