c This is a uniform distributed  1-D DIMACS file 
c width height point_number
p 100000 100000 256
654 0
674 0
1143 0
1237 0
1583 0
1590 0
1742 0
1815 0
1845 0
2495 0
3119 0
3133 0
3455 0
4849 0
5140 0
5490 0
5624 0
6360 0
6623 0
7199 0
7866 0
7878 0
8545 0
8567 0
8602 0
9115 0
9501 0
9999 0
10398 0
10412 0
10597 0
10772 0
10795 0
10856 0
10866 0
11150 0
11952 0
12171 0
12293 0
13284 0
14299 0
14370 0
14880 0
15356 0
16021 0
16040 0
16143 0
16152 0
16465 0
16882 0
17013 0
18021 0
18381 0
19246 0
19251 0
19741 0
20151 0
20344 0
21994 0
22146 0
22252 0
22324 0
22621 0
22707 0
22981 0
23323 0
23577 0
23640 0
24089 0
24528 0
25216 0
25430 0
25540 0
26266 0
27194 0
27311 0
28340 0
28355 0
28596 0
28887 0
29582 0
29627 0
29808 0
29973 0
31496 0
32113 0
33395 0
33577 0
34141 0
34347 0
34505 0
36681 0
37150 0
37256 0
37944 0
38010 0
39350 0
39952 0
41085 0
41119 0
41195 0
41581 0
41664 0
41785 0
41953 0
42001 0
42004 0
42038 0
42636 0
42673 0
43866 0
44018 0
44143 0
44389 0
44430 0
44498 0
44617 0
45292 0
45702 0
46087 0
47073 0
47264 0
47385 0
49514 0
49564 0
50154 0
50330 0
50518 0
50907 0
51387 0
51445 0
51503 0
51815 0
52568 0
52651 0
52975 0
53055 0
54270 0
54436 0
55311 0
55435 0
56145 0
56338 0
56644 0
57202 0
58218 0
58638 0
58762 0
59682 0
59733 0
59861 0
60498 0
60669 0
61407 0
61964 0
62482 0
63089 0
63175 0
63422 0
63827 0
64416 0
64517 0
64575 0
65337 0
65677 0
65726 0
65892 0
65989 0
66077 0
66506 0
66554 0
66618 0
67124 0
67156 0
68384 0
68528 0
68818 0
68906 0
70169 0
70747 0
70965 0
71030 0
71095 0
71464 0
71615 0
71713 0
72182 0
72799 0
72920 0
72964 0
74653 0
75041 0
75237 0
75544 0
75930 0
76027 0
76629 0
77231 0
77313 0
78106 0
79931 0
80130 0
80502 0
80566 0
80618 0
80673 0
81236 0
81434 0
82577 0
83689 0
83759 0
83927 0
84022 0
84062 0
84677 0
84851 0
85325 0
85624 0
86113 0
86486 0
86953 0
87084 0
87384 0
88641 0
88669 0
88795 0
88884 0
88979 0
89198 0
89416 0
89600 0
90573 0
90913 0
90972 0
91043 0
91629 0
91748 0
92286 0
92364 0
93119 0
93778 0
94141 0
94276 0
94500 0
94640 0
94794 0
95526 0
96086 0
96408 0
96883 0
97080 0
97282 0
97360 0
97782 0
98147 0
98547 0
