c This is a uniform distributed  1-D DIMACS file 
c width height point_number
p 1000 1000 256
1 0
6 0
7 0
8 0
11 0
21 0
22 0
25 0
26 0
28 0
30 0
35 0
36 0
37 0
39 0
48 0
53 0
59 0
61 0
64 0
69 0
82 0
87 0
93 0
99 0
100 0
104 0
106 0
108 0
110 0
117 0
121 0
128 0
129 0
141 0
147 0
149 0
151 0
153 0
155 0
157 0
164 0
167 0
170 0
175 0
185 0
187 0
189 0
191 0
202 0
206 0
217 0
218 0
220 0
222 0
224 0
230 0
235 0
238 0
244 0
245 0
247 0
250 0
252 0
254 0
255 0
259 0
261 0
267 0
271 0
274 0
278 0
280 0
281 0
285 0
287 0
293 0
303 0
306 0
312 0
317 0
319 0
321 0
322 0
323 0
326 0
327 0
328 0
338 0
346 0
348 0
364 0
365 0
366 0
372 0
376 0
383 0
387 0
388 0
389 0
396 0
401 0
402 0
403 0
404 0
407 0
408 0
414 0
418 0
427 0
429 0
434 0
441 0
442 0
451 0
455 0
456 0
464 0
471 0
473 0
474 0
478 0
481 0
484 0
485 0
488 0
489 0
505 0
507 0
511 0
518 0
520 0
527 0
529 0
535 0
536 0
537 0
540 0
546 0
551 0
557 0
560 0
561 0
562 0
565 0
567 0
569 0
577 0
582 0
587 0
588 0
589 0
600 0
606 0
612 0
614 0
616 0
618 0
620 0
624 0
625 0
626 0
629 0
633 0
635 0
643 0
644 0
648 0
650 0
651 0
654 0
656 0
659 0
664 0
666 0
669 0
670 0
671 0
681 0
686 0
689 0
690 0
707 0
713 0
725 0
728 0
730 0
731 0
744 0
747 0
748 0
749 0
751 0
753 0
756 0
762 0
766 0
771 0
773 0
777 0
778 0
780 0
782 0
785 0
796 0
797 0
810 0
817 0
822 0
825 0
827 0
829 0
830 0
831 0
836 0
847 0
848 0
849 0
850 0
852 0
855 0
861 0
865 0
869 0
870 0
881 0
886 0
887 0
889 0
891 0
893 0
894 0
901 0
903 0
905 0
909 0
911 0
923 0
927 0
928 0
935 0
940 0
942 0
943 0
945 0
954 0
955 0
963 0
964 0
976 0
980 0
984 0
985 0
993 0
997 0
998 0
