c This is a uniform distributed  1-D DIMACS file 
c width height point_number
p 1000 1000 256
1 0
5 0
9 0
10 0
14 0
16 0
19 0
33 0
41 0
42 0
43 0
45 0
47 0
49 0
52 0
54 0
55 0
56 0
63 0
68 0
72 0
74 0
75 0
78 0
80 0
83 0
87 0
90 0
91 0
94 0
96 0
104 0
118 0
123 0
124 0
126 0
129 0
135 0
136 0
138 0
145 0
151 0
157 0
159 0
169 0
181 0
183 0
186 0
187 0
201 0
202 0
207 0
210 0
214 0
217 0
222 0
233 0
235 0
240 0
244 0
247 0
256 0
257 0
259 0
264 0
266 0
269 0
271 0
284 0
287 0
291 0
314 0
320 0
321 0
322 0
325 0
329 0
331 0
338 0
339 0
341 0
343 0
345 0
347 0
348 0
351 0
356 0
357 0
358 0
361 0
364 0
365 0
367 0
369 0
370 0
372 0
374 0
377 0
381 0
383 0
386 0
389 0
394 0
396 0
402 0
407 0
410 0
413 0
417 0
421 0
422 0
423 0
428 0
431 0
435 0
437 0
447 0
454 0
455 0
456 0
460 0
462 0
465 0
466 0
469 0
471 0
473 0
475 0
481 0
491 0
494 0
497 0
499 0
503 0
504 0
507 0
516 0
517 0
522 0
524 0
527 0
528 0
529 0
531 0
535 0
536 0
541 0
543 0
544 0
546 0
552 0
555 0
557 0
558 0
575 0
584 0
590 0
592 0
596 0
598 0
607 0
608 0
609 0
625 0
628 0
631 0
641 0
646 0
649 0
653 0
654 0
656 0
658 0
663 0
666 0
669 0
671 0
672 0
675 0
678 0
681 0
682 0
684 0
690 0
691 0
692 0
709 0
714 0
716 0
718 0
726 0
728 0
733 0
734 0
737 0
742 0
746 0
747 0
748 0
750 0
756 0
757 0
759 0
761 0
763 0
764 0
767 0
772 0
778 0
780 0
781 0
784 0
785 0
786 0
797 0
798 0
799 0
802 0
805 0
807 0
811 0
813 0
814 0
819 0
826 0
835 0
857 0
861 0
865 0
866 0
869 0
876 0
878 0
882 0
885 0
903 0
915 0
918 0
920 0
922 0
924 0
926 0
929 0
930 0
937 0
945 0
959 0
961 0
962 0
973 0
975 0
985 0
986 0
990 0
997 0
999 0
