c This is a uniform distributed  1-D DIMACS file 
c width height point_number
p 1000 1000 256
5 0
11 0
12 0
14 0
15 0
19 0
22 0
23 0
26 0
27 0
32 0
41 0
58 0
59 0
60 0
73 0
76 0
85 0
87 0
90 0
93 0
97 0
100 0
102 0
104 0
105 0
110 0
121 0
122 0
128 0
129 0
130 0
139 0
141 0
145 0
148 0
152 0
159 0
161 0
165 0
168 0
171 0
174 0
178 0
179 0
195 0
199 0
201 0
210 0
211 0
215 0
223 0
227 0
228 0
235 0
236 0
240 0
248 0
250 0
258 0
261 0
263 0
286 0
288 0
289 0
306 0
310 0
312 0
313 0
316 0
328 0
329 0
331 0
333 0
335 0
338 0
340 0
341 0
347 0
350 0
353 0
360 0
363 0
372 0
374 0
378 0
386 0
390 0
400 0
402 0
406 0
409 0
410 0
412 0
420 0
421 0
422 0
427 0
435 0
436 0
438 0
442 0
446 0
449 0
455 0
460 0
462 0
465 0
466 0
469 0
471 0
474 0
475 0
478 0
483 0
485 0
489 0
490 0
492 0
498 0
502 0
508 0
509 0
511 0
513 0
514 0
521 0
523 0
530 0
534 0
535 0
539 0
540 0
542 0
544 0
547 0
550 0
552 0
553 0
555 0
561 0
563 0
566 0
569 0
572 0
573 0
575 0
576 0
579 0
580 0
583 0
585 0
587 0
593 0
605 0
612 0
613 0
625 0
629 0
631 0
632 0
634 0
636 0
639 0
643 0
645 0
651 0
654 0
661 0
663 0
667 0
677 0
690 0
691 0
693 0
697 0
698 0
701 0
702 0
704 0
708 0
710 0
711 0
712 0
726 0
728 0
733 0
740 0
742 0
746 0
752 0
754 0
755 0
758 0
761 0
762 0
768 0
772 0
774 0
780 0
784 0
785 0
788 0
789 0
809 0
810 0
818 0
819 0
824 0
828 0
837 0
841 0
847 0
851 0
860 0
866 0
867 0
870 0
874 0
877 0
878 0
881 0
887 0
891 0
892 0
897 0
898 0
899 0
900 0
915 0
919 0
921 0
930 0
933 0
935 0
937 0
941 0
942 0
951 0
952 0
958 0
959 0
965 0
967 0
968 0
970 0
973 0
976 0
980 0
982 0
983 0
988 0
989 0
990 0
992 0
999 0
