c This is a uniform distributed  1-D DIMACS file 
c width height point_number
p 100000 100000 256
1402 0
1461 0
2178 0
2701 0
2876 0
3360 0
3447 0
3810 0
4144 0
4848 0
5327 0
5369 0
5862 0
5920 0
6842 0
7240 0
7529 0
7833 0
8072 0
8675 0
8677 0
10203 0
11307 0
11456 0
11491 0
12421 0
12441 0
12579 0
13418 0
13476 0
14792 0
15320 0
15579 0
15624 0
15669 0
16407 0
16825 0
17081 0
17225 0
17316 0
17555 0
17625 0
17738 0
18410 0
18752 0
19008 0
19015 0
19819 0
20060 0
20191 0
20258 0
20720 0
20789 0
20980 0
21357 0
21445 0
21622 0
22093 0
22354 0
22645 0
22731 0
23463 0
23995 0
24461 0
24466 0
25319 0
25504 0
25836 0
26187 0
26429 0
26453 0
26503 0
27123 0
28927 0
29455 0
29775 0
29795 0
30163 0
31004 0
31079 0
31660 0
31661 0
31934 0
32165 0
32243 0
32249 0
32390 0
32936 0
33382 0
34179 0
34385 0
35009 0
35553 0
35896 0
36679 0
36809 0
37601 0
37693 0
37796 0
37914 0
38085 0
38390 0
39039 0
39060 0
39146 0
39523 0
40173 0
40244 0
40284 0
40338 0
40515 0
40575 0
40962 0
41133 0
41423 0
41748 0
41920 0
41988 0
42166 0
43019 0
43091 0
43429 0
43440 0
43485 0
44524 0
44752 0
45080 0
45767 0
45860 0
46039 0
46151 0
47517 0
47832 0
48424 0
48465 0
48502 0
49564 0
49643 0
50180 0
50815 0
51458 0
51503 0
52164 0
52411 0
52418 0
53213 0
53455 0
53505 0
53770 0
54220 0
54256 0
54839 0
55770 0
56034 0
56163 0
57160 0
57555 0
57736 0
58124 0
58577 0
58591 0
59240 0
59349 0
59432 0
60382 0
61013 0
61313 0
61497 0
62080 0
62290 0
63819 0
63973 0
66179 0
66376 0
66761 0
67122 0
67353 0
67355 0
68060 0
68570 0
68898 0
69494 0
69875 0
70155 0
70361 0
70557 0
71111 0
71178 0
71343 0
71574 0
72378 0
73245 0
73384 0
73935 0
74288 0
74336 0
74586 0
76061 0
76077 0
77099 0
77410 0
77659 0
77923 0
78794 0
79221 0
80156 0
80165 0
80606 0
81296 0
81634 0
81780 0
81922 0
82133 0
82166 0
83578 0
83607 0
83791 0
83861 0
84180 0
84204 0
84577 0
86124 0
86126 0
86226 0
86676 0
87209 0
87307 0
88361 0
88619 0
88714 0
88984 0
89397 0
89645 0
90305 0
90691 0
92608 0
92668 0
92826 0
93089 0
93215 0
93482 0
93644 0
93722 0
93724 0
94109 0
94300 0
94504 0
95033 0
96010 0
96140 0
96659 0
96880 0
96997 0
97607 0
98656 0
98859 0
