c This is a uniform distributed  1-D DIMACS file 
c width height point_number
p 1000 1000 256
1 0
14 0
16 0
36 0
40 0
44 0
45 0
47 0
48 0
50 0
59 0
68 0
70 0
74 0
76 0
79 0
95 0
98 0
109 0
120 0
124 0
126 0
127 0
128 0
130 0
138 0
140 0
141 0
147 0
151 0
165 0
167 0
169 0
170 0
176 0
179 0
182 0
183 0
185 0
186 0
188 0
193 0
198 0
200 0
201 0
202 0
204 0
210 0
211 0
212 0
213 0
217 0
219 0
226 0
232 0
236 0
242 0
254 0
255 0
260 0
267 0
268 0
269 0
277 0
280 0
283 0
285 0
286 0
299 0
301 0
307 0
310 0
314 0
315 0
322 0
323 0
324 0
325 0
327 0
329 0
343 0
347 0
353 0
357 0
361 0
363 0
364 0
367 0
374 0
377 0
389 0
391 0
392 0
393 0
395 0
400 0
401 0
410 0
412 0
426 0
429 0
434 0
436 0
437 0
438 0
439 0
444 0
448 0
453 0
456 0
458 0
461 0
462 0
472 0
473 0
476 0
477 0
486 0
487 0
491 0
498 0
504 0
507 0
508 0
509 0
511 0
513 0
518 0
522 0
524 0
539 0
547 0
548 0
549 0
552 0
554 0
560 0
563 0
564 0
567 0
571 0
573 0
574 0
577 0
579 0
580 0
585 0
599 0
600 0
607 0
609 0
612 0
613 0
630 0
632 0
642 0
646 0
647 0
648 0
650 0
652 0
653 0
657 0
669 0
674 0
675 0
678 0
679 0
681 0
687 0
692 0
693 0
694 0
695 0
698 0
702 0
706 0
707 0
716 0
718 0
722 0
725 0
731 0
733 0
734 0
741 0
746 0
747 0
754 0
765 0
766 0
768 0
772 0
775 0
779 0
780 0
785 0
791 0
793 0
796 0
799 0
803 0
807 0
808 0
809 0
811 0
813 0
814 0
815 0
821 0
825 0
831 0
832 0
836 0
840 0
841 0
845 0
851 0
853 0
854 0
857 0
859 0
861 0
863 0
864 0
867 0
872 0
873 0
878 0
880 0
885 0
896 0
898 0
900 0
903 0
908 0
916 0
918 0
919 0
923 0
928 0
930 0
932 0
937 0
942 0
943 0
952 0
954 0
962 0
969 0
973 0
976 0
983 0
986 0
994 0
999 0
