c This is a uniform distributed  1-D DIMACS file 
c width height point_number
p 100000 100000 256
92 0
1058 0
2041 0
2065 0
2082 0
2779 0
2967 0
3058 0
3155 0
4243 0
4620 0
4645 0
4832 0
5066 0
5226 0
6102 0
6305 0
6432 0
6743 0
6778 0
6972 0
7646 0
8124 0
8268 0
8731 0
9008 0
9166 0
9669 0
9682 0
10819 0
11059 0
11429 0
12913 0
13397 0
13670 0
14046 0
14864 0
15042 0
15354 0
15523 0
16206 0
16244 0
17335 0
17522 0
18256 0
18843 0
18844 0
19537 0
19725 0
19964 0
20185 0
20233 0
20719 0
20897 0
21148 0
21306 0
21690 0
21881 0
22212 0
22357 0
22476 0
22596 0
22997 0
23120 0
23298 0
23484 0
23910 0
23934 0
24353 0
24425 0
24896 0
24901 0
25777 0
25847 0
26566 0
26791 0
27068 0
27177 0
27311 0
27726 0
27876 0
28033 0
28234 0
28485 0
28573 0
28731 0
28773 0
29090 0
29299 0
29635 0
30978 0
31105 0
31303 0
31663 0
31961 0
33857 0
34001 0
34833 0
34879 0
35103 0
35784 0
35964 0
36335 0
36592 0
37057 0
38155 0
38282 0
38339 0
38376 0
40233 0
40594 0
40700 0
41315 0
41404 0
41427 0
41560 0
41619 0
41732 0
41742 0
43236 0
43588 0
43807 0
43903 0
44040 0
44347 0
44546 0
44717 0
45984 0
46044 0
46407 0
47028 0
47443 0
47650 0
48533 0
48793 0
49368 0
50064 0
50076 0
50122 0
50267 0
50525 0
50704 0
50938 0
51157 0
51205 0
51666 0
51886 0
52370 0
52595 0
52657 0
53036 0
53516 0
53542 0
54137 0
54936 0
55051 0
55429 0
56027 0
56352 0
57058 0
57249 0
57447 0
58003 0
58089 0
58741 0
59999 0
60518 0
60810 0
60859 0
61045 0
61254 0
61274 0
62923 0
63713 0
64221 0
64465 0
64538 0
64690 0
64785 0
64854 0
66115 0
66155 0
66169 0
66790 0
66901 0
67154 0
67480 0
67547 0
68419 0
68848 0
69101 0
69291 0
69326 0
69920 0
70648 0
72647 0
72746 0
72952 0
73527 0
73834 0
74024 0
74096 0
74791 0
74906 0
75284 0
75697 0
78187 0
78825 0
79873 0
80240 0
80329 0
80419 0
81224 0
81243 0
81451 0
81697 0
82108 0
82124 0
82992 0
84278 0
84835 0
85087 0
85306 0
85841 0
86486 0
87458 0
89316 0
90218 0
90235 0
90354 0
90501 0
90701 0
91332 0
92579 0
93185 0
93241 0
93269 0
93326 0
93419 0
93812 0
94066 0
94542 0
94924 0
95705 0
96075 0
96269 0
96718 0
96729 0
96791 0
96975 0
97309 0
98073 0
98180 0
98382 0
99003 0
99828 0
