c This is a uniform distributed  1-D DIMACS file 
c width height point_number
p 1000 1000 256
1 0
2 0
12 0
24 0
25 0
37 0
38 0
40 0
44 0
45 0
54 0
56 0
59 0
60 0
69 0
73 0
78 0
86 0
93 0
94 0
98 0
100 0
101 0
102 0
103 0
104 0
107 0
108 0
114 0
115 0
119 0
120 0
121 0
123 0
127 0
136 0
137 0
140 0
146 0
147 0
148 0
149 0
150 0
154 0
165 0
167 0
173 0
174 0
177 0
185 0
186 0
187 0
191 0
192 0
195 0
199 0
202 0
204 0
206 0
207 0
210 0
214 0
218 0
223 0
225 0
227 0
228 0
239 0
240 0
242 0
243 0
244 0
246 0
247 0
248 0
249 0
257 0
262 0
265 0
269 0
274 0
277 0
280 0
282 0
289 0
292 0
294 0
298 0
302 0
305 0
323 0
325 0
327 0
329 0
334 0
335 0
336 0
339 0
345 0
351 0
353 0
355 0
357 0
358 0
359 0
362 0
363 0
366 0
367 0
369 0
373 0
374 0
377 0
381 0
386 0
389 0
391 0
400 0
407 0
409 0
411 0
413 0
417 0
418 0
420 0
422 0
424 0
426 0
427 0
429 0
433 0
442 0
450 0
454 0
457 0
465 0
468 0
469 0
482 0
485 0
488 0
489 0
490 0
491 0
496 0
497 0
503 0
510 0
518 0
519 0
522 0
526 0
528 0
529 0
531 0
532 0
536 0
542 0
544 0
548 0
549 0
551 0
555 0
567 0
574 0
583 0
585 0
590 0
599 0
600 0
602 0
603 0
609 0
615 0
619 0
628 0
633 0
634 0
639 0
642 0
643 0
652 0
654 0
658 0
662 0
664 0
668 0
670 0
673 0
697 0
701 0
703 0
705 0
714 0
718 0
720 0
725 0
729 0
730 0
732 0
734 0
747 0
751 0
755 0
759 0
776 0
784 0
786 0
787 0
788 0
790 0
792 0
798 0
800 0
803 0
804 0
810 0
811 0
812 0
815 0
817 0
818 0
820 0
831 0
839 0
840 0
853 0
862 0
864 0
867 0
874 0
875 0
890 0
891 0
895 0
902 0
906 0
913 0
917 0
934 0
935 0
939 0
946 0
948 0
953 0
954 0
960 0
961 0
962 0
964 0
981 0
982 0
987 0
992 0
994 0
998 0
