c This is a uniform distributed  1-D DIMACS file 
c width height point_number
p 100000 100000 256
54 0
161 0
504 0
752 0
934 0
947 0
1159 0
1505 0
1817 0
2106 0
2211 0
2282 0
2384 0
2992 0
3738 0
3884 0
4031 0
4197 0
4511 0
4747 0
4849 0
5195 0
5302 0
5382 0
5541 0
5806 0
5933 0
5982 0
6599 0
7582 0
8652 0
8673 0
9312 0
9409 0
9442 0
9508 0
9847 0
9877 0
11638 0
11898 0
12871 0
13861 0
14315 0
15061 0
15087 0
15161 0
15284 0
15317 0
15469 0
16173 0
16838 0
16871 0
17319 0
17513 0
17567 0
17920 0
18357 0
18865 0
19254 0
19661 0
19710 0
20028 0
20110 0
20154 0
20386 0
20402 0
20759 0
20954 0
20972 0
21020 0
21126 0
22175 0
22460 0
22506 0
22684 0
22785 0
23578 0
23618 0
24284 0
24809 0
25028 0
25371 0
25746 0
26300 0
26585 0
28564 0
28819 0
29477 0
29657 0
30482 0
30997 0
31222 0
31288 0
31631 0
32535 0
32884 0
33233 0
33754 0
33869 0
33987 0
34922 0
35004 0
35113 0
35162 0
35442 0
36191 0
36425 0
36483 0
36544 0
36947 0
39457 0
40178 0
40182 0
40265 0
40462 0
40660 0
40883 0
41379 0
41872 0
41944 0
42163 0
42761 0
43636 0
44152 0
44659 0
45044 0
45884 0
45946 0
46246 0
46895 0
47557 0
47637 0
48051 0
48398 0
49211 0
49819 0
49911 0
51346 0
51414 0
51614 0
52423 0
52955 0
53704 0
55084 0
55453 0
56538 0
56787 0
56950 0
56997 0
57434 0
58076 0
58566 0
58651 0
59011 0
59240 0
59346 0
60126 0
60200 0
60600 0
60626 0
60717 0
61125 0
61379 0
61391 0
61796 0
61873 0
62123 0
62192 0
63251 0
63842 0
63873 0
64133 0
64530 0
65197 0
65685 0
65815 0
65913 0
66542 0
66560 0
66657 0
67138 0
67661 0
69061 0
69149 0
69310 0
69381 0
69492 0
70052 0
72251 0
72511 0
73908 0
74041 0
74314 0
74465 0
74553 0
74768 0
75012 0
75601 0
76611 0
76617 0
76714 0
77207 0
77509 0
77645 0
77764 0
78370 0
78439 0
78621 0
78735 0
78755 0
79437 0
79526 0
79692 0
80283 0
81044 0
81323 0
81845 0
83057 0
83316 0
83545 0
83555 0
83605 0
84143 0
84172 0
84995 0
85515 0
85740 0
85824 0
86335 0
87852 0
88724 0
89292 0
89843 0
90030 0
90052 0
90571 0
90806 0
92809 0
93494 0
93795 0
94881 0
95324 0
95724 0
96439 0
96476 0
96898 0
96994 0
97029 0
97139 0
98192 0
98480 0
98680 0
98777 0
99142 0
99383 0
99863 0
