c This is a uniform distributed  1-D DIMACS file 
c width height point_number
p 100000 100000 256
348 0
496 0
629 0
717 0
1268 0
2136 0
2762 0
4863 0
5210 0
6423 0
6474 0
6702 0
6925 0
6969 0
7085 0
7270 0
7450 0
7541 0
7594 0
7850 0
7973 0
9177 0
9850 0
9890 0
10364 0
10774 0
10988 0
11630 0
12026 0
12185 0
12455 0
12480 0
13623 0
13790 0
13843 0
15986 0
16005 0
16111 0
16498 0
17028 0
17285 0
17360 0
18364 0
18570 0
18877 0
20008 0
20028 0
20140 0
20331 0
20546 0
21137 0
21169 0
21636 0
22132 0
23271 0
23406 0
23757 0
23776 0
24407 0
24863 0
24951 0
25182 0
25278 0
25726 0
26061 0
26376 0
27008 0
28699 0
29857 0
30000 0
30200 0
31078 0
31250 0
31417 0
31834 0
32240 0
32420 0
33860 0
34218 0
34224 0
34342 0
34414 0
34961 0
35312 0
35624 0
35844 0
36005 0
36649 0
37065 0
37226 0
37501 0
37872 0
37986 0
38109 0
38905 0
39204 0
39344 0
39375 0
39377 0
39759 0
39769 0
40017 0
40122 0
41519 0
41622 0
41797 0
43161 0
43235 0
43511 0
44556 0
45167 0
45211 0
46204 0
46587 0
46884 0
47187 0
48188 0
49038 0
49494 0
49597 0
49930 0
49999 0
50210 0
50370 0
50440 0
50910 0
50960 0
51856 0
52739 0
52784 0
52926 0
53479 0
53611 0
54157 0
55034 0
55347 0
55434 0
55444 0
56179 0
56419 0
56445 0
57664 0
57934 0
58094 0
58217 0
58762 0
58939 0
59066 0
59405 0
59661 0
59762 0
60358 0
60364 0
61406 0
62747 0
63073 0
63676 0
64293 0
64609 0
65658 0
65817 0
65855 0
66088 0
66508 0
66559 0
66591 0
67438 0
67568 0
67955 0
68041 0
68154 0
68270 0
68754 0
69733 0
69929 0
69996 0
70033 0
70326 0
70610 0
70676 0
71252 0
71912 0
71949 0
72215 0
72247 0
72474 0
73718 0
73743 0
74016 0
74188 0
74235 0
74824 0
74990 0
75808 0
75891 0
76613 0
76860 0
77101 0
77952 0
78271 0
78396 0
78492 0
78902 0
78976 0
79533 0
79557 0
79708 0
79850 0
79981 0
80213 0
80287 0
80344 0
80611 0
81242 0
82050 0
82625 0
83715 0
83859 0
84231 0
84412 0
84484 0
84517 0
84708 0
84889 0
85519 0
86113 0
86766 0
87487 0
88402 0
88629 0
88957 0
89989 0
90555 0
92090 0
93066 0
93069 0
93344 0
93868 0
94062 0
94218 0
94248 0
94390 0
94656 0
95427 0
95829 0
96125 0
96219 0
96439 0
97166 0
97271 0
97754 0
97803 0
99209 0
99237 0
99486 0
99969 0
