c This is a uniform distributed  1-D DIMACS file 
c width height point_number
p 1000 1000 256
4 0
6 0
9 0
13 0
24 0
32 0
34 0
37 0
39 0
41 0
44 0
53 0
54 0
59 0
61 0
67 0
69 0
73 0
74 0
77 0
79 0
81 0
82 0
85 0
87 0
89 0
98 0
102 0
104 0
106 0
108 0
110 0
116 0
117 0
119 0
123 0
124 0
127 0
135 0
143 0
145 0
146 0
147 0
149 0
150 0
152 0
155 0
159 0
164 0
167 0
172 0
174 0
177 0
180 0
181 0
183 0
188 0
191 0
200 0
203 0
214 0
218 0
225 0
228 0
235 0
236 0
237 0
247 0
251 0
255 0
269 0
277 0
279 0
280 0
282 0
285 0
287 0
293 0
298 0
301 0
305 0
311 0
319 0
320 0
323 0
324 0
333 0
334 0
335 0
339 0
341 0
342 0
345 0
349 0
353 0
359 0
368 0
380 0
386 0
390 0
391 0
394 0
401 0
402 0
403 0
405 0
408 0
413 0
418 0
423 0
436 0
449 0
461 0
466 0
468 0
471 0
474 0
477 0
482 0
483 0
491 0
492 0
493 0
496 0
498 0
506 0
511 0
513 0
514 0
524 0
525 0
530 0
535 0
542 0
548 0
550 0
560 0
565 0
570 0
572 0
573 0
575 0
579 0
589 0
590 0
592 0
595 0
597 0
606 0
608 0
609 0
610 0
612 0
613 0
615 0
620 0
621 0
632 0
633 0
637 0
644 0
646 0
650 0
651 0
653 0
657 0
663 0
664 0
665 0
666 0
667 0
668 0
678 0
682 0
685 0
687 0
688 0
693 0
697 0
703 0
706 0
709 0
710 0
715 0
721 0
724 0
735 0
740 0
743 0
744 0
748 0
750 0
751 0
757 0
759 0
761 0
763 0
765 0
767 0
769 0
772 0
782 0
783 0
791 0
794 0
801 0
808 0
810 0
812 0
814 0
816 0
819 0
822 0
828 0
847 0
855 0
856 0
859 0
862 0
869 0
871 0
873 0
875 0
877 0
881 0
888 0
891 0
893 0
896 0
897 0
902 0
904 0
905 0
910 0
912 0
915 0
920 0
923 0
928 0
931 0
935 0
937 0
941 0
946 0
950 0
951 0
960 0
961 0
962 0
971 0
979 0
981 0
982 0
988 0
990 0
998 0
