c This is a uniform distributed  1-D DIMACS file 
c width height point_number
p 100000 100000 256
260 0
811 0
1036 0
1110 0
1138 0
1630 0
2154 0
2316 0
2563 0
2831 0
3488 0
3670 0
3694 0
5122 0
5132 0
5376 0
5783 0
6851 0
7809 0
8001 0
8138 0
8548 0
9080 0
9389 0
9432 0
10214 0
10505 0
10826 0
11443 0
11444 0
12138 0
12260 0
12594 0
12692 0
13019 0
14096 0
15128 0
15469 0
15592 0
15876 0
16116 0
16309 0
17993 0
18128 0
18273 0
18329 0
18447 0
19150 0
20032 0
20069 0
20534 0
22004 0
22641 0
23065 0
23578 0
23855 0
24920 0
25371 0
25635 0
26158 0
26351 0
26422 0
26689 0
27542 0
27711 0
27732 0
28405 0
28890 0
29586 0
29614 0
29844 0
30249 0
30716 0
30758 0
30827 0
31540 0
32456 0
32573 0
32590 0
32650 0
33421 0
34143 0
34983 0
35553 0
35665 0
36390 0
36615 0
36680 0
37919 0
38039 0
39263 0
40359 0
40758 0
40823 0
41231 0
41885 0
42439 0
42619 0
42646 0
42721 0
42784 0
42965 0
43758 0
43925 0
44286 0
44365 0
44433 0
44551 0
45028 0
46086 0
46108 0
46120 0
47221 0
47250 0
47426 0
47716 0
47994 0
48005 0
48182 0
48346 0
48928 0
49545 0
50563 0
50677 0
50717 0
50732 0
50748 0
51002 0
51319 0
51774 0
51983 0
52772 0
56167 0
56281 0
58010 0
58129 0
58174 0
58197 0
58559 0
58639 0
59228 0
59866 0
60034 0
61287 0
61558 0
61674 0
61915 0
61963 0
62020 0
62137 0
62715 0
62832 0
63386 0
63586 0
64172 0
64901 0
64997 0
65047 0
65288 0
65749 0
65927 0
66130 0
66607 0
66739 0
67216 0
68286 0
69388 0
69574 0
69634 0
69891 0
70042 0
70590 0
71143 0
71704 0
72225 0
73191 0
73459 0
73520 0
73601 0
73723 0
73757 0
74560 0
74622 0
75232 0
75283 0
75317 0
75654 0
76276 0
76574 0
76683 0
76949 0
77060 0
77150 0
77561 0
78649 0
78841 0
79300 0
79328 0
79705 0
79922 0
79978 0
80009 0
80106 0
81214 0
81688 0
82902 0
82965 0
84002 0
84491 0
84635 0
85494 0
85615 0
85863 0
86435 0
86794 0
87289 0
87322 0
87508 0
88409 0
88425 0
88541 0
88898 0
89156 0
89658 0
89918 0
90059 0
90082 0
90744 0
90977 0
91269 0
91642 0
92052 0
93535 0
93668 0
93862 0
94423 0
94769 0
94908 0
94955 0
95172 0
95323 0
95368 0
95684 0
95950 0
96418 0
96664 0
96700 0
96716 0
96778 0
97202 0
97806 0
98729 0
99564 0
99690 0
99775 0
99992 0
