c This is a uniform distributed  1-D DIMACS file 
c width height point_number
p 100000 100000 256
470 0
798 0
1741 0
1872 0
1914 0
2122 0
2419 0
2497 0
2776 0
3561 0
3887 0
3913 0
3919 0
4421 0
5104 0
5182 0
6522 0
6922 0
7013 0
7878 0
7998 0
8287 0
8753 0
9360 0
9397 0
9782 0
10089 0
11053 0
11724 0
12135 0
12373 0
12580 0
12844 0
13430 0
13641 0
13825 0
13908 0
14255 0
15116 0
15128 0
15589 0
15621 0
15742 0
15913 0
15998 0
16299 0
16976 0
17090 0
17341 0
17583 0
17592 0
18729 0
18984 0
19341 0
19609 0
20007 0
20166 0
20738 0
21244 0
21753 0
23307 0
23311 0
23483 0
24676 0
24778 0
27258 0
28087 0
28648 0
28652 0
29845 0
30753 0
31786 0
31922 0
32231 0
33539 0
33921 0
33931 0
34010 0
34489 0
35051 0
35490 0
36224 0
36951 0
37074 0
37238 0
37620 0
38041 0
38215 0
38396 0
38430 0
38805 0
39513 0
40134 0
40801 0
41505 0
41691 0
41994 0
42513 0
42614 0
42915 0
43296 0
43350 0
43568 0
43672 0
43891 0
43987 0
44260 0
45354 0
45445 0
45664 0
45892 0
46523 0
46775 0
47806 0
47884 0
47955 0
48601 0
48683 0
49812 0
49867 0
50587 0
50625 0
51812 0
51940 0
52087 0
52490 0
52574 0
52621 0
53007 0
54269 0
55027 0
55154 0
55271 0
56357 0
56895 0
57369 0
58147 0
59301 0
59716 0
60156 0
60536 0
60810 0
61354 0
61571 0
61714 0
62080 0
62757 0
62886 0
63004 0
63361 0
63721 0
64224 0
64571 0
65181 0
66510 0
67700 0
68269 0
68474 0
68628 0
68756 0
69070 0
69940 0
70382 0
70558 0
70609 0
70745 0
70839 0
71332 0
71383 0
71558 0
71714 0
71893 0
72131 0
73136 0
74254 0
74499 0
74660 0
75524 0
75752 0
76324 0
76579 0
76694 0
78697 0
78779 0
78929 0
79129 0
79465 0
79702 0
79861 0
79905 0
79984 0
80042 0
80164 0
80187 0
80472 0
80578 0
80749 0
80783 0
80967 0
81412 0
81476 0
81758 0
81858 0
82120 0
82128 0
82458 0
82728 0
82992 0
83967 0
84213 0
84356 0
84524 0
84666 0
84918 0
85972 0
86108 0
86294 0
86385 0
86905 0
87987 0
88163 0
88871 0
89069 0
89100 0
89142 0
89184 0
89237 0
89689 0
89988 0
90536 0
90750 0
90869 0
90929 0
91758 0
92172 0
92218 0
92289 0
92300 0
92310 0
92649 0
93006 0
93791 0
94202 0
94276 0
95940 0
96592 0
96767 0
96991 0
97640 0
97769 0
98612 0
98928 0
99060 0
99439 0
99752 0
99939 0
