c This is a uniform distributed  1-D DIMACS file 
c width height point_number
p 100000 100000 256
440 0
1271 0
2628 0
3078 0
3533 0
3564 0
4803 0
4808 0
5637 0
5868 0
6659 0
7213 0
7409 0
7617 0
8614 0
9532 0
9548 0
9604 0
11447 0
11587 0
11634 0
11864 0
12408 0
12476 0
12548 0
13339 0
13445 0
13594 0
14254 0
14485 0
14749 0
15390 0
17465 0
17520 0
17951 0
18047 0
18604 0
19072 0
19124 0
19346 0
19582 0
20063 0
21278 0
21401 0
21723 0
21919 0
21991 0
22144 0
22305 0
22581 0
23249 0
23347 0
24491 0
25065 0
25129 0
25230 0
25601 0
26036 0
26289 0
26554 0
26564 0
26741 0
27560 0
27767 0
27871 0
27933 0
28548 0
29033 0
29213 0
30206 0
30433 0
31926 0
32260 0
32617 0
33229 0
33842 0
34292 0
34554 0
34844 0
36818 0
37291 0
37343 0
37413 0
37594 0
37798 0
37869 0
38198 0
39944 0
40438 0
40970 0
41404 0
41707 0
42645 0
42728 0
42756 0
42873 0
43207 0
43960 0
44837 0
45200 0
45264 0
45312 0
45453 0
45617 0
46271 0
46394 0
46433 0
46748 0
48064 0
48148 0
48387 0
48616 0
48946 0
49239 0
50179 0
50236 0
51005 0
51166 0
51224 0
51386 0
51734 0
51827 0
52356 0
52595 0
52616 0
52786 0
52915 0
53400 0
54044 0
54569 0
54883 0
56042 0
56326 0
56331 0
56375 0
57494 0
57811 0
58916 0
59062 0
59815 0
59847 0
60135 0
60287 0
60998 0
61606 0
62840 0
62910 0
63063 0
63347 0
64297 0
64310 0
65047 0
65212 0
65277 0
65479 0
65833 0
66615 0
66788 0
66927 0
67125 0
67269 0
67358 0
67585 0
67680 0
68116 0
68176 0
68539 0
68873 0
69873 0
70387 0
71384 0
72129 0
72673 0
73332 0
73576 0
73707 0
73724 0
73903 0
74409 0
74594 0
75130 0
75156 0
75350 0
75423 0
75724 0
76061 0
76379 0
76789 0
77410 0
78574 0
79113 0
79222 0
79764 0
79982 0
80055 0
80181 0
80367 0
80820 0
80875 0
81176 0
81390 0
81559 0
83023 0
83067 0
83179 0
84006 0
84435 0
84454 0
84655 0
85632 0
85641 0
85648 0
85757 0
86664 0
86929 0
86944 0
87114 0
87999 0
88216 0
88408 0
88907 0
89573 0
90234 0
90675 0
92048 0
92521 0
92600 0
92649 0
92660 0
92850 0
92925 0
92958 0
93207 0
93393 0
93592 0
93957 0
94078 0
94459 0
94597 0
94602 0
94938 0
95160 0
95604 0
96073 0
96220 0
96592 0
96821 0
97575 0
97616 0
97847 0
98086 0
98114 0
98128 0
98560 0
99053 0
99581 0
