c This is a uniform distributed  1-D DIMACS file 
c width height point_number
p 1000 1000 256
10 0
20 0
25 0
36 0
38 0
40 0
51 0
54 0
55 0
66 0
76 0
80 0
83 0
89 0
91 0
94 0
95 0
98 0
104 0
107 0
109 0
111 0
114 0
115 0
116 0
120 0
122 0
123 0
128 0
129 0
133 0
143 0
146 0
150 0
154 0
157 0
159 0
162 0
168 0
170 0
175 0
176 0
178 0
179 0
185 0
186 0
191 0
194 0
197 0
199 0
203 0
204 0
209 0
213 0
216 0
226 0
228 0
236 0
240 0
241 0
242 0
251 0
255 0
257 0
259 0
260 0
268 0
269 0
273 0
274 0
277 0
279 0
285 0
289 0
292 0
298 0
302 0
303 0
305 0
311 0
321 0
323 0
337 0
340 0
347 0
348 0
350 0
353 0
359 0
363 0
367 0
368 0
374 0
388 0
391 0
394 0
397 0
405 0
406 0
408 0
409 0
413 0
416 0
430 0
432 0
436 0
438 0
440 0
446 0
447 0
449 0
455 0
456 0
465 0
468 0
469 0
479 0
490 0
496 0
499 0
501 0
510 0
521 0
522 0
537 0
542 0
552 0
553 0
554 0
556 0
557 0
562 0
566 0
568 0
569 0
577 0
581 0
582 0
584 0
603 0
611 0
615 0
616 0
619 0
620 0
621 0
622 0
623 0
624 0
626 0
627 0
628 0
629 0
636 0
638 0
639 0
641 0
642 0
658 0
661 0
662 0
664 0
666 0
668 0
670 0
681 0
683 0
684 0
687 0
688 0
690 0
692 0
696 0
698 0
702 0
704 0
707 0
719 0
721 0
726 0
727 0
731 0
733 0
734 0
740 0
748 0
754 0
757 0
761 0
762 0
764 0
766 0
770 0
774 0
776 0
778 0
783 0
785 0
787 0
788 0
791 0
793 0
796 0
803 0
804 0
807 0
812 0
813 0
814 0
816 0
823 0
829 0
832 0
834 0
838 0
840 0
843 0
844 0
845 0
847 0
854 0
860 0
863 0
865 0
874 0
881 0
883 0
885 0
888 0
890 0
891 0
900 0
904 0
906 0
921 0
922 0
923 0
924 0
932 0
934 0
937 0
938 0
945 0
949 0
950 0
956 0
958 0
961 0
964 0
966 0
970 0
973 0
974 0
983 0
996 0
998 0
