c This is a uniform distributed  1-D DIMACS file 
c width height point_number
p 1000 1000 256
3 0
6 0
8 0
16 0
18 0
25 0
28 0
30 0
32 0
35 0
37 0
38 0
43 0
44 0
50 0
54 0
56 0
57 0
69 0
71 0
72 0
78 0
79 0
82 0
86 0
87 0
89 0
93 0
94 0
95 0
99 0
107 0
108 0
111 0
115 0
118 0
131 0
145 0
153 0
156 0
159 0
161 0
164 0
166 0
176 0
182 0
186 0
190 0
197 0
199 0
200 0
204 0
206 0
208 0
212 0
214 0
216 0
233 0
234 0
236 0
237 0
239 0
242 0
243 0
246 0
248 0
255 0
256 0
265 0
266 0
269 0
271 0
278 0
279 0
288 0
289 0
296 0
305 0
309 0
310 0
311 0
312 0
315 0
316 0
317 0
320 0
321 0
325 0
331 0
341 0
349 0
352 0
362 0
365 0
368 0
374 0
378 0
380 0
381 0
391 0
399 0
402 0
412 0
415 0
421 0
427 0
433 0
435 0
439 0
440 0
441 0
444 0
445 0
446 0
452 0
455 0
457 0
464 0
466 0
474 0
476 0
478 0
487 0
489 0
490 0
491 0
494 0
496 0
501 0
502 0
506 0
509 0
510 0
512 0
519 0
522 0
524 0
532 0
536 0
539 0
540 0
544 0
545 0
549 0
554 0
555 0
556 0
562 0
564 0
567 0
568 0
570 0
573 0
578 0
581 0
588 0
591 0
594 0
595 0
599 0
600 0
602 0
603 0
608 0
611 0
616 0
618 0
622 0
626 0
632 0
633 0
636 0
637 0
639 0
640 0
644 0
648 0
649 0
653 0
656 0
660 0
667 0
675 0
677 0
680 0
695 0
696 0
698 0
699 0
700 0
705 0
709 0
712 0
714 0
716 0
718 0
722 0
726 0
731 0
742 0
743 0
755 0
757 0
761 0
764 0
765 0
766 0
768 0
780 0
785 0
787 0
789 0
796 0
797 0
800 0
804 0
809 0
815 0
817 0
820 0
825 0
827 0
832 0
835 0
859 0
864 0
866 0
876 0
877 0
887 0
892 0
893 0
896 0
898 0
903 0
909 0
913 0
915 0
916 0
918 0
920 0
931 0
934 0
938 0
952 0
957 0
958 0
959 0
962 0
969 0
972 0
975 0
992 0
993 0
996 0
998 0
