c This is a uniform distributed  1-D DIMACS file 
c width height point_number
p 100000 100000 256
376 0
1711 0
2478 0
4452 0
5028 0
5901 0
6151 0
7584 0
8448 0
8688 0
9431 0
9723 0
9761 0
10459 0
10843 0
11982 0
12101 0
12920 0
12931 0
12983 0
13115 0
13158 0
14175 0
14436 0
14594 0
16779 0
16873 0
17298 0
17519 0
18256 0
18798 0
19756 0
20389 0
20732 0
21235 0
21550 0
21696 0
21760 0
22300 0
22645 0
22978 0
23005 0
23136 0
23319 0
23466 0
23800 0
24434 0
24872 0
24888 0
25435 0
25438 0
25798 0
26387 0
26487 0
26633 0
26763 0
27045 0
27843 0
28745 0
29313 0
29750 0
30190 0
30230 0
30300 0
30749 0
30791 0
31298 0
31418 0
32507 0
33196 0
34285 0
34684 0
34963 0
35022 0
35311 0
35755 0
35792 0
36484 0
37002 0
37667 0
37707 0
37788 0
37867 0
38733 0
39401 0
39703 0
39722 0
40023 0
40125 0
40270 0
40755 0
40837 0
41583 0
42644 0
42789 0
43431 0
44090 0
44213 0
44693 0
44760 0
44787 0
44907 0
46490 0
46878 0
47092 0
48108 0
49072 0
49377 0
49647 0
50070 0
50343 0
50377 0
50499 0
50536 0
51041 0
51211 0
51219 0
51482 0
51599 0
51884 0
51925 0
52049 0
52202 0
53092 0
53111 0
53294 0
53464 0
53750 0
54109 0
55809 0
55919 0
56132 0
56851 0
56939 0
57176 0
57308 0
57533 0
57867 0
58543 0
58737 0
58941 0
59467 0
59618 0
60474 0
60945 0
61247 0
61629 0
62769 0
63667 0
64272 0
64325 0
64607 0
64964 0
65512 0
65563 0
65677 0
66202 0
66638 0
66878 0
67493 0
67853 0
67881 0
68524 0
69573 0
70359 0
70845 0
70906 0
73447 0
73779 0
74726 0
74732 0
76471 0
76581 0
76981 0
77562 0
77937 0
78098 0
78153 0
78167 0
78430 0
78435 0
78635 0
78912 0
79213 0
79856 0
80310 0
80350 0
80707 0
80945 0
81018 0
81227 0
81409 0
81579 0
81666 0
82005 0
82039 0
82470 0
82475 0
82575 0
82773 0
82883 0
83090 0
83802 0
84497 0
84993 0
85229 0
85858 0
86358 0
86674 0
86898 0
87019 0
87080 0
87166 0
88301 0
88334 0
88645 0
88867 0
89012 0
89203 0
90135 0
90269 0
90415 0
90511 0
90819 0
90996 0
91016 0
91063 0
91097 0
91501 0
91945 0
91998 0
92160 0
92346 0
92670 0
92766 0
92957 0
93362 0
93614 0
93664 0
93965 0
94052 0
94279 0
94300 0
94365 0
94473 0
94792 0
96519 0
97215 0
98353 0
98388 0
98464 0
98515 0
98549 0
99111 0
99546 0
99806 0
