c This is a uniform distributed  1-D DIMACS file 
c width height point_number
p 1000 1000 256
11 0
13 0
16 0
18 0
20 0
26 0
27 0
30 0
31 0
34 0
35 0
36 0
51 0
53 0
58 0
61 0
66 0
75 0
79 0
80 0
82 0
92 0
95 0
97 0
98 0
104 0
106 0
109 0
111 0
113 0
117 0
121 0
126 0
132 0
134 0
135 0
136 0
137 0
147 0
154 0
159 0
160 0
161 0
162 0
168 0
184 0
200 0
201 0
207 0
215 0
225 0
228 0
230 0
232 0
238 0
239 0
245 0
249 0
254 0
255 0
256 0
261 0
273 0
277 0
279 0
284 0
300 0
305 0
306 0
309 0
314 0
315 0
321 0
322 0
324 0
327 0
330 0
333 0
334 0
338 0
341 0
346 0
350 0
351 0
353 0
356 0
361 0
362 0
363 0
364 0
366 0
368 0
369 0
370 0
374 0
375 0
382 0
384 0
385 0
390 0
393 0
400 0
401 0
406 0
414 0
421 0
427 0
428 0
433 0
438 0
446 0
447 0
449 0
453 0
458 0
461 0
464 0
466 0
467 0
469 0
473 0
475 0
478 0
479 0
482 0
483 0
486 0
487 0
490 0
491 0
492 0
502 0
508 0
509 0
513 0
517 0
518 0
523 0
526 0
527 0
529 0
532 0
533 0
536 0
537 0
538 0
539 0
548 0
551 0
554 0
561 0
563 0
564 0
572 0
576 0
577 0
578 0
582 0
590 0
591 0
596 0
597 0
600 0
604 0
606 0
615 0
616 0
617 0
623 0
624 0
628 0
636 0
642 0
644 0
662 0
664 0
666 0
671 0
675 0
684 0
689 0
695 0
696 0
698 0
699 0
702 0
727 0
731 0
732 0
734 0
735 0
736 0
741 0
749 0
750 0
752 0
759 0
761 0
763 0
766 0
770 0
776 0
778 0
780 0
781 0
783 0
785 0
788 0
800 0
801 0
803 0
807 0
808 0
813 0
817 0
821 0
825 0
829 0
836 0
839 0
841 0
850 0
855 0
859 0
863 0
870 0
874 0
881 0
883 0
885 0
886 0
889 0
896 0
900 0
908 0
915 0
921 0
924 0
928 0
934 0
936 0
942 0
949 0
952 0
956 0
957 0
959 0
961 0
967 0
970 0
980 0
989 0
992 0
995 0
996 0
999 0
