c This is a uniform distributed  1-D DIMACS file 
c width height point_number
p 1000 1000 256
2 0
3 0
11 0
13 0
30 0
32 0
33 0
35 0
43 0
46 0
47 0
49 0
50 0
57 0
59 0
60 0
61 0
62 0
65 0
67 0
72 0
73 0
76 0
80 0
81 0
84 0
93 0
95 0
98 0
102 0
108 0
113 0
114 0
116 0
121 0
124 0
126 0
131 0
132 0
137 0
139 0
140 0
145 0
147 0
161 0
165 0
171 0
176 0
177 0
181 0
187 0
191 0
192 0
193 0
194 0
195 0
203 0
218 0
221 0
226 0
227 0
229 0
233 0
234 0
238 0
241 0
242 0
246 0
250 0
253 0
255 0
257 0
259 0
260 0
261 0
262 0
269 0
272 0
277 0
282 0
284 0
285 0
286 0
288 0
299 0
300 0
320 0
338 0
342 0
351 0
352 0
357 0
358 0
360 0
362 0
370 0
380 0
383 0
391 0
394 0
404 0
421 0
430 0
433 0
442 0
446 0
447 0
452 0
455 0
458 0
459 0
460 0
462 0
464 0
468 0
485 0
486 0
489 0
490 0
493 0
495 0
500 0
507 0
517 0
523 0
530 0
535 0
540 0
541 0
544 0
545 0
549 0
556 0
560 0
561 0
565 0
567 0
568 0
570 0
576 0
577 0
579 0
584 0
587 0
591 0
600 0
603 0
604 0
607 0
610 0
614 0
615 0
620 0
624 0
625 0
626 0
628 0
629 0
633 0
642 0
644 0
645 0
656 0
658 0
670 0
675 0
679 0
683 0
685 0
689 0
690 0
693 0
697 0
706 0
707 0
710 0
711 0
717 0
719 0
722 0
725 0
739 0
741 0
742 0
743 0
748 0
759 0
761 0
772 0
773 0
776 0
777 0
778 0
784 0
792 0
793 0
794 0
799 0
800 0
802 0
812 0
813 0
818 0
819 0
824 0
825 0
826 0
828 0
835 0
836 0
837 0
845 0
846 0
851 0
857 0
864 0
866 0
871 0
878 0
882 0
884 0
886 0
891 0
892 0
894 0
895 0
896 0
901 0
906 0
915 0
916 0
919 0
927 0
938 0
939 0
942 0
943 0
945 0
948 0
950 0
951 0
952 0
956 0
959 0
962 0
963 0
964 0
967 0
968 0
969 0
972 0
981 0
989 0
990 0
997 0
998 0
