c This is a uniform distributed  1-D DIMACS file 
c width height point_number
p 1000 1000 256
3 0
5 0
19 0
22 0
24 0
28 0
29 0
31 0
32 0
38 0
45 0
47 0
49 0
51 0
52 0
53 0
60 0
66 0
67 0
72 0
74 0
78 0
81 0
83 0
88 0
91 0
94 0
95 0
102 0
110 0
114 0
117 0
124 0
126 0
135 0
136 0
137 0
138 0
143 0
151 0
153 0
155 0
156 0
162 0
164 0
168 0
171 0
172 0
178 0
179 0
182 0
185 0
186 0
187 0
190 0
195 0
196 0
199 0
200 0
201 0
202 0
206 0
210 0
213 0
216 0
224 0
225 0
226 0
229 0
230 0
231 0
232 0
234 0
235 0
241 0
245 0
248 0
250 0
258 0
263 0
264 0
265 0
268 0
269 0
274 0
284 0
285 0
286 0
287 0
291 0
306 0
307 0
308 0
309 0
322 0
325 0
328 0
338 0
355 0
357 0
367 0
368 0
370 0
371 0
375 0
380 0
381 0
392 0
397 0
398 0
399 0
403 0
407 0
414 0
417 0
419 0
426 0
431 0
442 0
443 0
444 0
449 0
455 0
457 0
459 0
463 0
480 0
485 0
490 0
492 0
498 0
499 0
502 0
503 0
511 0
540 0
551 0
554 0
557 0
561 0
563 0
566 0
569 0
572 0
579 0
580 0
585 0
592 0
597 0
599 0
601 0
602 0
604 0
608 0
610 0
611 0
612 0
614 0
616 0
619 0
624 0
627 0
629 0
657 0
662 0
664 0
666 0
669 0
672 0
675 0
677 0
682 0
686 0
692 0
697 0
700 0
701 0
708 0
711 0
720 0
721 0
723 0
725 0
726 0
727 0
729 0
731 0
733 0
734 0
739 0
746 0
748 0
749 0
751 0
753 0
759 0
763 0
776 0
780 0
790 0
793 0
796 0
797 0
798 0
799 0
803 0
820 0
823 0
824 0
825 0
826 0
839 0
840 0
842 0
844 0
845 0
846 0
847 0
849 0
853 0
854 0
855 0
868 0
869 0
873 0
878 0
883 0
885 0
886 0
889 0
892 0
893 0
895 0
903 0
916 0
922 0
925 0
928 0
930 0
931 0
935 0
938 0
940 0
942 0
949 0
953 0
954 0
956 0
958 0
961 0
967 0
978 0
984 0
986 0
989 0
991 0
