c This is a uniform distributed  1-D DIMACS file 
c width height point_number
p 1000 1000 256
2 0
9 0
18 0
19 0
23 0
25 0
26 0
28 0
29 0
35 0
46 0
51 0
56 0
57 0
59 0
61 0
62 0
63 0
67 0
69 0
74 0
76 0
79 0
85 0
86 0
89 0
90 0
95 0
97 0
99 0
102 0
104 0
112 0
113 0
115 0
117 0
118 0
120 0
121 0
122 0
125 0
127 0
132 0
142 0
150 0
151 0
157 0
164 0
170 0
174 0
175 0
177 0
182 0
183 0
184 0
187 0
189 0
194 0
201 0
202 0
206 0
213 0
217 0
218 0
219 0
229 0
233 0
234 0
239 0
242 0
244 0
256 0
260 0
264 0
266 0
269 0
275 0
277 0
280 0
281 0
282 0
285 0
296 0
297 0
303 0
318 0
321 0
325 0
326 0
327 0
333 0
338 0
345 0
348 0
350 0
360 0
362 0
364 0
365 0
374 0
376 0
380 0
381 0
387 0
391 0
394 0
405 0
406 0
414 0
422 0
423 0
424 0
426 0
427 0
428 0
431 0
432 0
435 0
444 0
446 0
450 0
454 0
457 0
460 0
464 0
469 0
470 0
472 0
475 0
478 0
482 0
485 0
486 0
489 0
490 0
491 0
493 0
497 0
503 0
508 0
511 0
514 0
516 0
525 0
527 0
534 0
539 0
547 0
550 0
560 0
562 0
564 0
567 0
570 0
581 0
592 0
593 0
596 0
601 0
608 0
610 0
621 0
622 0
628 0
629 0
639 0
649 0
652 0
653 0
654 0
659 0
660 0
661 0
662 0
665 0
671 0
682 0
684 0
686 0
697 0
701 0
702 0
707 0
708 0
710 0
715 0
719 0
721 0
723 0
730 0
732 0
748 0
749 0
750 0
754 0
758 0
761 0
766 0
769 0
771 0
775 0
779 0
785 0
789 0
793 0
796 0
804 0
807 0
813 0
816 0
819 0
824 0
825 0
829 0
831 0
842 0
845 0
860 0
861 0
862 0
864 0
872 0
875 0
883 0
888 0
889 0
894 0
895 0
901 0
904 0
905 0
910 0
911 0
914 0
917 0
918 0
921 0
922 0
923 0
926 0
930 0
931 0
937 0
957 0
964 0
972 0
974 0
978 0
981 0
987 0
988 0
989 0
992 0
996 0
997 0
999 0
