c This is a uniform distributed  1-D DIMACS file 
c width height point_number
p 100000 100000 256
146 0
435 0
1131 0
1344 0
1506 0
1794 0
2158 0
2643 0
4699 0
5421 0
5504 0
5680 0
6495 0
6528 0
6551 0
6619 0
7325 0
7571 0
8502 0
8506 0
9466 0
10749 0
12003 0
12199 0
14647 0
14865 0
15193 0
15214 0
15327 0
15449 0
15684 0
16132 0
16478 0
16679 0
16691 0
16737 0
16837 0
17225 0
17268 0
17876 0
17938 0
18278 0
18604 0
19329 0
19457 0
19738 0
20054 0
20134 0
20543 0
20646 0
21246 0
22084 0
22120 0
22818 0
24495 0
24838 0
25205 0
25491 0
26008 0
26034 0
26839 0
27139 0
27222 0
27431 0
27755 0
28478 0
28714 0
28760 0
28780 0
29341 0
29829 0
29914 0
30056 0
30340 0
30852 0
31957 0
32099 0
32222 0
32783 0
33944 0
34495 0
34662 0
34872 0
35044 0
35159 0
35703 0
36001 0
36047 0
36351 0
36422 0
36704 0
37183 0
37846 0
38389 0
38481 0
38543 0
38561 0
38839 0
39741 0
40196 0
40451 0
40845 0
41132 0
41336 0
41461 0
41937 0
41942 0
43155 0
43580 0
44366 0
44862 0
44965 0
45250 0
46145 0
46310 0
46329 0
46994 0
47386 0
47496 0
47783 0
48345 0
48873 0
49404 0
49469 0
49985 0
50285 0
50299 0
50834 0
51038 0
52484 0
53187 0
53419 0
53553 0
53610 0
54032 0
54175 0
54728 0
54901 0
55042 0
56139 0
56291 0
56712 0
57580 0
57864 0
58217 0
58554 0
59315 0
59443 0
60004 0
60363 0
60401 0
60558 0
60568 0
60678 0
60880 0
61120 0
62290 0
62957 0
62964 0
62991 0
63047 0
63729 0
63942 0
64241 0
64266 0
65047 0
65074 0
65291 0
66226 0
66637 0
68345 0
68512 0
69441 0
69685 0
69905 0
70132 0
70133 0
70302 0
70326 0
70699 0
71021 0
71383 0
71725 0
72404 0
72734 0
73475 0
73749 0
74020 0
75071 0
76377 0
77155 0
77340 0
78193 0
78391 0
78429 0
78677 0
78750 0
79116 0
80813 0
81342 0
82003 0
82368 0
82412 0
82703 0
82710 0
83780 0
83802 0
84199 0
84398 0
84618 0
84811 0
85246 0
86586 0
87142 0
87180 0
87392 0
87455 0
87768 0
88861 0
89497 0
89683 0
89699 0
89707 0
90413 0
90431 0
90497 0
90539 0
92304 0
92625 0
93176 0
93359 0
93884 0
93917 0
94098 0
94241 0
94376 0
94512 0
94639 0
94852 0
95528 0
95680 0
96216 0
96524 0
97197 0
97208 0
97657 0
97716 0
97755 0
97931 0
97945 0
98465 0
98632 0
98758 0
99465 0
99514 0
99556 0
