c This is a uniform distributed  1-D DIMACS file 
c width height point_number
p 100000 100000 256
1767 0
2410 0
3265 0
3321 0
3703 0
3779 0
3947 0
4096 0
4152 0
4515 0
4757 0
4788 0
6311 0
6944 0
7161 0
7239 0
7951 0
8354 0
8569 0
10442 0
10527 0
10812 0
11351 0
11576 0
11849 0
12482 0
12543 0
13001 0
13208 0
14336 0
14338 0
14376 0
14520 0
14908 0
15096 0
15167 0
15231 0
15393 0
15892 0
16298 0
17660 0
18244 0
18455 0
18881 0
18890 0
19142 0
19211 0
19468 0
20308 0
20771 0
21315 0
21429 0
21907 0
21955 0
22185 0
22900 0
23362 0
23807 0
24581 0
24766 0
25009 0
25146 0
25836 0
25934 0
26001 0
27321 0
27575 0
27707 0
27915 0
28322 0
28383 0
28979 0
29151 0
29761 0
29793 0
29815 0
29895 0
30873 0
31020 0
31389 0
32088 0
32487 0
33049 0
33168 0
33458 0
33832 0
34198 0
34238 0
34337 0
34536 0
34977 0
35101 0
35289 0
35701 0
35837 0
35842 0
36389 0
37040 0
37127 0
37239 0
37669 0
37754 0
37918 0
37921 0
38352 0
39069 0
40573 0
41004 0
42107 0
42117 0
42895 0
42912 0
42974 0
43234 0
43366 0
44607 0
44693 0
44735 0
44760 0
44779 0
44973 0
46044 0
46448 0
46777 0
46994 0
47792 0
47918 0
47996 0
48518 0
48912 0
49240 0
50295 0
51389 0
51451 0
51854 0
52294 0
52530 0
53745 0
54037 0
54128 0
54969 0
55225 0
55446 0
55582 0
55706 0
56020 0
56317 0
56480 0
56723 0
57039 0
57045 0
57406 0
57931 0
58036 0
58063 0
58075 0
58624 0
59244 0
59288 0
59409 0
60158 0
61526 0
62175 0
63006 0
63400 0
63473 0
63503 0
64644 0
64966 0
65114 0
65384 0
65562 0
65679 0
65770 0
65787 0
65969 0
66426 0
66988 0
67816 0
67872 0
68624 0
68803 0
69227 0
69989 0
70049 0
70134 0
70643 0
70834 0
71761 0
71978 0
72462 0
72890 0
74287 0
76161 0
76383 0
76546 0
76875 0
77000 0
77009 0
77810 0
78317 0
78343 0
78479 0
78836 0
78844 0
78955 0
79611 0
79909 0
81199 0
81673 0
81721 0
82598 0
83169 0
83289 0
83994 0
84680 0
84847 0
85228 0
85353 0
85826 0
86016 0
86358 0
86774 0
88145 0
88468 0
88759 0
89203 0
89229 0
89251 0
89441 0
89559 0
89932 0
91261 0
91877 0
92125 0
92134 0
92183 0
93840 0
94935 0
95041 0
95283 0
95976 0
96016 0
96365 0
96544 0
96765 0
96963 0
97079 0
97172 0
97290 0
97492 0
99234 0
99317 0
99464 0
99671 0
99860 0
