c This is a uniform distributed  1-D DIMACS file 
c width height point_number
p 100000 100000 256
45 0
145 0
633 0
769 0
836 0
915 0
1312 0
1480 0
1929 0
2222 0
4179 0
5392 0
5521 0
6040 0
6245 0
6396 0
6822 0
6903 0
7949 0
8586 0
8971 0
9160 0
9246 0
9554 0
9908 0
13059 0
13449 0
13576 0
14415 0
14704 0
15226 0
15533 0
15637 0
15669 0
16010 0
16426 0
16596 0
16762 0
17522 0
17544 0
18639 0
19092 0
19158 0
20163 0
20165 0
20177 0
20464 0
20495 0
20899 0
20946 0
21016 0
21441 0
22805 0
22849 0
23233 0
23397 0
23933 0
24213 0
24426 0
24552 0
24806 0
24909 0
25378 0
25563 0
25807 0
26273 0
26460 0
27729 0
28027 0
28420 0
28574 0
28631 0
28877 0
29047 0
29424 0
29899 0
30150 0
30322 0
30863 0
31123 0
31426 0
32416 0
32656 0
32923 0
32961 0
33509 0
33689 0
33801 0
33823 0
34010 0
34619 0
34631 0
34751 0
34773 0
35228 0
35495 0
35684 0
35768 0
35873 0
37032 0
37128 0
37245 0
37550 0
38342 0
38812 0
39460 0
40097 0
40553 0
40736 0
40938 0
41235 0
41420 0
41489 0
41935 0
42055 0
42120 0
42382 0
42640 0
43525 0
45151 0
45465 0
45954 0
46145 0
46183 0
47315 0
47498 0
48851 0
49148 0
49386 0
49751 0
50358 0
50566 0
51825 0
52102 0
52915 0
53126 0
53156 0
54179 0
54747 0
55317 0
55840 0
55881 0
56812 0
57183 0
57427 0
57561 0
57911 0
58205 0
58364 0
58571 0
58579 0
58804 0
58900 0
59466 0
59998 0
60951 0
61035 0
61050 0
61416 0
61805 0
62291 0
62322 0
62570 0
62911 0
63050 0
63330 0
63397 0
63516 0
63672 0
64316 0
64604 0
65119 0
65228 0
65492 0
65794 0
66383 0
67731 0
68255 0
68530 0
68603 0
68719 0
69019 0
69198 0
69230 0
69435 0
70161 0
70271 0
70515 0
70532 0
70992 0
71087 0
71710 0
71850 0
71856 0
71946 0
72579 0
72799 0
73164 0
73224 0
73405 0
73803 0
73934 0
73984 0
74023 0
74441 0
75455 0
75782 0
75808 0
76945 0
77204 0
78050 0
78116 0
79041 0
79828 0
79838 0
80369 0
80641 0
81311 0
81640 0
81712 0
81790 0
82947 0
83032 0
84609 0
85253 0
85480 0
85630 0
86031 0
86408 0
87054 0
87607 0
87943 0
89044 0
89341 0
90149 0
92960 0
93057 0
93830 0
94171 0
94454 0
94473 0
94581 0
95017 0
95093 0
95101 0
95328 0
95517 0
95670 0
96823 0
97367 0
97427 0
97501 0
97693 0
97966 0
98902 0
99879 0
