c This is a uniform distributed  1-D DIMACS file 
c width height point_number
p 100000 100000 256
883 0
1404 0
1571 0
3474 0
3903 0
3921 0
3965 0
4220 0
4431 0
6186 0
6449 0
6607 0
6705 0
8348 0
8568 0
8678 0
8772 0
8862 0
9276 0
9485 0
9849 0
10234 0
10367 0
10550 0
10732 0
11322 0
11438 0
11614 0
11880 0
12146 0
12546 0
12619 0
13085 0
13257 0
13290 0
13361 0
13652 0
13862 0
14060 0
14569 0
14760 0
15325 0
16146 0
16347 0
16642 0
17930 0
18252 0
18455 0
19652 0
21092 0
21244 0
21331 0
21583 0
22212 0
22401 0
22531 0
22734 0
22856 0
23243 0
23639 0
23927 0
24040 0
24166 0
24304 0
24781 0
25443 0
26165 0
27321 0
28180 0
28204 0
28323 0
28657 0
29067 0
29307 0
30025 0
30032 0
30968 0
31176 0
32078 0
32365 0
32456 0
32503 0
33000 0
33029 0
33285 0
33415 0
34114 0
34512 0
34789 0
34878 0
35055 0
35180 0
35589 0
36362 0
36818 0
37120 0
37148 0
37504 0
37610 0
37640 0
38281 0
38943 0
38997 0
39077 0
39486 0
39807 0
40399 0
40430 0
40587 0
41179 0
41202 0
42783 0
42796 0
43039 0
43534 0
43683 0
44246 0
44379 0
44595 0
44794 0
44992 0
45408 0
47133 0
47201 0
47209 0
47665 0
48015 0
48119 0
49180 0
49359 0
49466 0
50203 0
50739 0
51219 0
51302 0
51689 0
52643 0
52938 0
53398 0
54164 0
54247 0
54263 0
54575 0
54628 0
54703 0
55667 0
55965 0
56609 0
56812 0
57277 0
57381 0
57549 0
57940 0
57949 0
59130 0
59550 0
59924 0
60161 0
60174 0
60218 0
60478 0
61034 0
61057 0
61104 0
61828 0
61911 0
62120 0
62490 0
62935 0
63133 0
63803 0
65263 0
66008 0
67313 0
67724 0
68256 0
68800 0
68988 0
69706 0
69931 0
69956 0
70585 0
70606 0
71323 0
71350 0
72664 0
73361 0
73822 0
74295 0
74306 0
74467 0
74549 0
75763 0
76729 0
77756 0
77837 0
78384 0
78404 0
78432 0
78571 0
79188 0
79193 0
79361 0
79543 0
79844 0
79869 0
80094 0
80112 0
80210 0
80230 0
80261 0
80657 0
80797 0
81104 0
81135 0
81165 0
81229 0
81527 0
81750 0
82698 0
83107 0
83156 0
83222 0
83626 0
83746 0
84047 0
84121 0
86145 0
86344 0
86748 0
87864 0
88059 0
88629 0
89380 0
89447 0
89719 0
91156 0
91423 0
91835 0
92068 0
92123 0
92489 0
93344 0
93786 0
93806 0
94885 0
94930 0
95144 0
95557 0
95883 0
96960 0
98320 0
98824 0
99405 0
99418 0
99537 0
