c This is a uniform distributed  1-D DIMACS file 
c width height point_number
p 1000 1000 256
1 0
2 0
3 0
10 0
13 0
14 0
18 0
21 0
23 0
27 0
33 0
34 0
35 0
36 0
37 0
45 0
53 0
61 0
63 0
64 0
73 0
77 0
91 0
95 0
101 0
114 0
118 0
120 0
121 0
134 0
142 0
149 0
150 0
153 0
157 0
161 0
163 0
166 0
168 0
172 0
173 0
174 0
177 0
179 0
183 0
184 0
185 0
199 0
201 0
208 0
213 0
214 0
218 0
221 0
222 0
224 0
227 0
235 0
243 0
250 0
253 0
257 0
258 0
259 0
268 0
275 0
276 0
278 0
286 0
290 0
293 0
296 0
298 0
301 0
308 0
309 0
310 0
312 0
317 0
333 0
336 0
338 0
342 0
344 0
345 0
349 0
364 0
368 0
369 0
373 0
380 0
381 0
384 0
395 0
399 0
406 0
409 0
414 0
415 0
421 0
422 0
423 0
424 0
427 0
436 0
442 0
445 0
472 0
474 0
475 0
477 0
481 0
482 0
484 0
485 0
490 0
496 0
497 0
498 0
501 0
503 0
504 0
505 0
508 0
509 0
511 0
512 0
520 0
521 0
532 0
539 0
541 0
542 0
545 0
546 0
552 0
561 0
562 0
567 0
582 0
584 0
589 0
598 0
599 0
602 0
604 0
605 0
606 0
608 0
609 0
610 0
612 0
617 0
619 0
623 0
626 0
642 0
644 0
648 0
651 0
658 0
660 0
661 0
663 0
665 0
671 0
673 0
678 0
680 0
682 0
685 0
686 0
687 0
689 0
691 0
694 0
696 0
697 0
700 0
705 0
715 0
719 0
721 0
726 0
728 0
729 0
732 0
735 0
739 0
745 0
748 0
751 0
755 0
759 0
763 0
765 0
766 0
769 0
776 0
777 0
780 0
787 0
789 0
790 0
796 0
806 0
818 0
825 0
826 0
828 0
829 0
831 0
835 0
837 0
840 0
844 0
849 0
854 0
859 0
861 0
863 0
864 0
865 0
866 0
873 0
875 0
876 0
888 0
893 0
894 0
901 0
906 0
907 0
908 0
913 0
918 0
925 0
930 0
939 0
940 0
941 0
944 0
948 0
953 0
958 0
960 0
962 0
965 0
968 0
969 0
971 0
972 0
974 0
975 0
978 0
997 0
