c This is a uniform distributed  1-D DIMACS file 
c width height point_number
p 1000 1000 256
2 0
27 0
29 0
36 0
37 0
39 0
40 0
41 0
43 0
44 0
45 0
46 0
53 0
67 0
68 0
71 0
82 0
83 0
87 0
91 0
94 0
104 0
113 0
119 0
128 0
132 0
135 0
136 0
141 0
146 0
148 0
149 0
155 0
160 0
168 0
169 0
172 0
174 0
181 0
188 0
189 0
190 0
191 0
192 0
193 0
197 0
198 0
204 0
206 0
209 0
212 0
216 0
217 0
230 0
234 0
236 0
238 0
243 0
245 0
246 0
247 0
249 0
255 0
260 0
261 0
268 0
270 0
272 0
273 0
274 0
276 0
281 0
282 0
283 0
288 0
290 0
295 0
296 0
305 0
312 0
314 0
315 0
316 0
322 0
333 0
335 0
336 0
340 0
354 0
358 0
360 0
363 0
364 0
366 0
369 0
371 0
373 0
378 0
384 0
385 0
386 0
392 0
396 0
397 0
400 0
401 0
405 0
410 0
411 0
423 0
427 0
429 0
434 0
439 0
445 0
448 0
449 0
450 0
453 0
454 0
455 0
457 0
458 0
465 0
470 0
471 0
476 0
478 0
491 0
492 0
499 0
500 0
501 0
503 0
504 0
510 0
511 0
521 0
524 0
528 0
529 0
536 0
537 0
539 0
544 0
549 0
569 0
570 0
590 0
593 0
595 0
598 0
602 0
611 0
618 0
622 0
626 0
627 0
630 0
631 0
632 0
633 0
638 0
643 0
645 0
646 0
648 0
649 0
650 0
651 0
653 0
661 0
668 0
674 0
675 0
677 0
678 0
681 0
682 0
684 0
690 0
703 0
704 0
705 0
707 0
714 0
716 0
724 0
729 0
733 0
735 0
738 0
739 0
745 0
747 0
749 0
750 0
751 0
765 0
766 0
767 0
771 0
775 0
779 0
783 0
784 0
789 0
798 0
799 0
804 0
805 0
809 0
811 0
813 0
818 0
821 0
822 0
826 0
837 0
838 0
845 0
848 0
855 0
858 0
867 0
870 0
871 0
880 0
888 0
890 0
892 0
893 0
894 0
899 0
906 0
909 0
914 0
918 0
923 0
926 0
930 0
932 0
936 0
952 0
957 0
965 0
968 0
969 0
979 0
981 0
988 0
990 0
993 0
996 0
998 0
999 0
