c This is a uniform distributed  1-D DIMACS file 
c width height point_number
p 1000 1000 256
3 0
4 0
7 0
13 0
22 0
23 0
25 0
27 0
29 0
42 0
44 0
48 0
49 0
50 0
51 0
53 0
55 0
56 0
58 0
61 0
63 0
70 0
76 0
77 0
82 0
83 0
84 0
85 0
88 0
92 0
96 0
97 0
100 0
117 0
118 0
121 0
135 0
140 0
142 0
151 0
155 0
158 0
159 0
160 0
164 0
167 0
168 0
173 0
175 0
177 0
182 0
186 0
192 0
202 0
213 0
217 0
220 0
226 0
230 0
231 0
234 0
237 0
242 0
245 0
253 0
260 0
262 0
263 0
270 0
272 0
273 0
279 0
286 0
290 0
291 0
305 0
309 0
310 0
319 0
327 0
333 0
341 0
344 0
351 0
352 0
357 0
360 0
362 0
363 0
371 0
379 0
382 0
384 0
392 0
393 0
394 0
409 0
411 0
415 0
418 0
420 0
421 0
425 0
427 0
429 0
431 0
436 0
437 0
438 0
441 0
442 0
452 0
454 0
456 0
460 0
461 0
462 0
468 0
472 0
476 0
478 0
479 0
481 0
486 0
492 0
497 0
500 0
501 0
505 0
508 0
510 0
515 0
518 0
529 0
530 0
537 0
545 0
550 0
559 0
566 0
570 0
573 0
579 0
584 0
587 0
589 0
604 0
605 0
615 0
618 0
620 0
622 0
623 0
632 0
635 0
637 0
638 0
641 0
642 0
646 0
647 0
649 0
652 0
653 0
657 0
659 0
668 0
670 0
677 0
681 0
688 0
692 0
702 0
708 0
710 0
718 0
721 0
731 0
733 0
734 0
735 0
736 0
737 0
738 0
751 0
753 0
755 0
756 0
761 0
764 0
766 0
767 0
780 0
787 0
789 0
791 0
794 0
795 0
797 0
798 0
806 0
807 0
815 0
817 0
822 0
825 0
835 0
838 0
845 0
846 0
850 0
852 0
853 0
855 0
860 0
863 0
867 0
870 0
871 0
879 0
880 0
881 0
885 0
889 0
898 0
904 0
905 0
906 0
907 0
910 0
913 0
915 0
918 0
920 0
924 0
927 0
933 0
934 0
936 0
941 0
949 0
957 0
958 0
959 0
964 0
966 0
970 0
973 0
978 0
979 0
980 0
987 0
993 0
995 0
996 0
999 0
