c This is a uniform distributed  1-D DIMACS file 
c width height point_number
p 100000 100000 256
285 0
341 0
444 0
638 0
823 0
1318 0
1458 0
1719 0
2731 0
3035 0
3059 0
3757 0
3819 0
5014 0
7464 0
7533 0
7590 0
8237 0
9247 0
9431 0
9765 0
9870 0
10596 0
11712 0
13192 0
13340 0
13668 0
14958 0
16993 0
17046 0
17143 0
17770 0
17970 0
18498 0
18863 0
19584 0
19606 0
19914 0
20099 0
20160 0
20414 0
20690 0
20895 0
21088 0
21325 0
21523 0
21737 0
22125 0
22212 0
23235 0
23280 0
23335 0
23446 0
23684 0
24656 0
24823 0
25182 0
25307 0
26025 0
26204 0
26656 0
27600 0
27910 0
28357 0
29059 0
29355 0
29392 0
29643 0
29667 0
29931 0
30022 0
30392 0
30605 0
31430 0
32230 0
32237 0
32939 0
33187 0
33602 0
34595 0
34621 0
34954 0
35375 0
35645 0
36288 0
36476 0
36538 0
36573 0
36848 0
37066 0
37974 0
38363 0
38519 0
38663 0
38894 0
39163 0
39618 0
40164 0
40401 0
40996 0
41160 0
41210 0
41426 0
41613 0
41690 0
41752 0
42010 0
42308 0
42422 0
42663 0
42945 0
43006 0
43308 0
43547 0
43994 0
44020 0
44126 0
44907 0
45128 0
45309 0
45898 0
46071 0
46861 0
46870 0
48073 0
48361 0
49240 0
50137 0
50336 0
50424 0
50465 0
51036 0
51152 0
51344 0
51476 0
52268 0
52319 0
53447 0
53713 0
54987 0
55769 0
55839 0
56005 0
56392 0
56478 0
56746 0
56867 0
56881 0
57183 0
57347 0
57550 0
58268 0
58395 0
58858 0
60054 0
60480 0
60674 0
61476 0
61484 0
61793 0
62116 0
63046 0
63618 0
64174 0
64792 0
65025 0
65620 0
66140 0
66141 0
66189 0
66824 0
67570 0
67911 0
68036 0
68809 0
69161 0
69225 0
69309 0
69600 0
70113 0
70125 0
70606 0
71417 0
71424 0
71642 0
71748 0
72018 0
72188 0
72540 0
72969 0
73172 0
73228 0
73232 0
74258 0
74927 0
75548 0
75631 0
76599 0
77332 0
77382 0
77566 0
77964 0
78304 0
78486 0
78739 0
80387 0
80897 0
81337 0
81616 0
81621 0
82128 0
82187 0
82437 0
82540 0
82560 0
82649 0
83497 0
84195 0
84313 0
84643 0
84946 0
84954 0
85173 0
85834 0
86533 0
86536 0
87586 0
88005 0
88150 0
88160 0
88748 0
91022 0
91146 0
91257 0
92202 0
92374 0
92649 0
92781 0
92782 0
93389 0
93491 0
93622 0
94105 0
94636 0
95016 0
95485 0
96099 0
96321 0
96900 0
97058 0
97557 0
97888 0
98799 0
99012 0
99214 0
99621 0
