c This is a uniform distributed  1-D DIMACS file 
c width height point_number
p 100000 100000 256
310 0
1485 0
1549 0
1775 0
2224 0
3346 0
3553 0
4553 0
4735 0
4802 0
5123 0
5936 0
6605 0
7001 0
7335 0
8061 0
8439 0
8731 0
9066 0
9088 0
10040 0
10200 0
10972 0
11152 0
11288 0
12196 0
12495 0
12666 0
12987 0
12993 0
13511 0
14019 0
14288 0
14964 0
15410 0
16020 0
16386 0
16924 0
17007 0
17145 0
17260 0
17435 0
17863 0
17987 0
18170 0
18992 0
19001 0
19211 0
19465 0
19634 0
20148 0
20570 0
20751 0
21274 0
21878 0
22196 0
22270 0
22448 0
22584 0
23638 0
23865 0
24260 0
24444 0
25121 0
25632 0
25668 0
25954 0
25999 0
27203 0
27630 0
27777 0
27827 0
27861 0
28037 0
28179 0
28450 0
28792 0
29289 0
29683 0
29949 0
30954 0
33255 0
33526 0
34208 0
34747 0
34849 0
34960 0
35012 0
35677 0
35929 0
36628 0
36671 0
37333 0
38289 0
38470 0
40041 0
40068 0
40078 0
40219 0
40360 0
40552 0
40590 0
40726 0
40983 0
41190 0
41945 0
42149 0
42298 0
42314 0
42569 0
42620 0
43317 0
43333 0
43506 0
43627 0
44396 0
44523 0
44547 0
45202 0
45363 0
46060 0
46600 0
47182 0
47275 0
47509 0
47997 0
48155 0
48707 0
49014 0
49116 0
49457 0
49588 0
49761 0
49861 0
50713 0
51044 0
52315 0
52630 0
53069 0
53139 0
53289 0
53412 0
53520 0
53682 0
53731 0
54166 0
54347 0
54443 0
54564 0
54588 0
54626 0
54742 0
54969 0
55360 0
55372 0
55407 0
55616 0
55757 0
56247 0
56326 0
56643 0
57099 0
57152 0
57208 0
57955 0
58163 0
58227 0
59164 0
59202 0
59423 0
60359 0
60658 0
61319 0
61678 0
61832 0
62170 0
62223 0
62296 0
62768 0
63641 0
64169 0
64409 0
64754 0
65274 0
66548 0
66582 0
67275 0
67301 0
67370 0
67434 0
67479 0
68086 0
68414 0
68630 0
68653 0
68700 0
68853 0
69086 0
69103 0
69916 0
70384 0
70959 0
71300 0
71387 0
72068 0
72637 0
73035 0
73655 0
74927 0
75113 0
75566 0
75737 0
76112 0
76328 0
76400 0
77453 0
77618 0
79789 0
80093 0
81321 0
81571 0
81673 0
82666 0
82709 0
83227 0
84252 0
84574 0
85050 0
85884 0
86288 0
86334 0
86531 0
86714 0
87042 0
87198 0
87737 0
89125 0
89466 0
91368 0
92635 0
93996 0
94292 0
94387 0
94558 0
94663 0
95056 0
95243 0
95800 0
95905 0
96574 0
96581 0
97182 0
97410 0
98586 0
98711 0
99634 0
