c This is a uniform distributed  1-D DIMACS file 
c width height point_number
p 100000 100000 256
248 0
452 0
1387 0
1606 0
2052 0
2556 0
2634 0
2767 0
2768 0
2837 0
3033 0
3043 0
3308 0
3402 0
4047 0
4475 0
4608 0
5390 0
5600 0
5891 0
6069 0
6514 0
6809 0
7440 0
8113 0
8215 0
8248 0
8438 0
8715 0
8972 0
9511 0
9799 0
10702 0
10780 0
10799 0
10968 0
11102 0
11291 0
11662 0
11697 0
12273 0
13070 0
13576 0
14329 0
14779 0
14818 0
15178 0
15493 0
15520 0
15780 0
15961 0
16404 0
16449 0
16523 0
16705 0
16728 0
16800 0
17236 0
17436 0
17842 0
17882 0
17940 0
17958 0
18083 0
18589 0
18872 0
19508 0
19888 0
20208 0
20651 0
20839 0
21593 0
21981 0
22168 0
22359 0
22378 0
23871 0
24252 0
24582 0
25265 0
26269 0
26331 0
27881 0
28198 0
28411 0
28492 0
29228 0
29585 0
29813 0
29870 0
30195 0
30621 0
30741 0
31057 0
31133 0
31394 0
31916 0
32312 0
32359 0
32373 0
32499 0
32710 0
32976 0
33333 0
33413 0
34154 0
34247 0
34346 0
34467 0
34809 0
34939 0
35411 0
35552 0
35809 0
36640 0
37954 0
38078 0
38761 0
39137 0
39363 0
40707 0
40929 0
41155 0
42246 0
42602 0
42789 0
43600 0
44332 0
44560 0
45173 0
45555 0
45712 0
46079 0
46168 0
46343 0
46640 0
47069 0
47306 0
47605 0
47851 0
49329 0
49489 0
51177 0
51197 0
53066 0
53252 0
53978 0
54080 0
54592 0
54630 0
54957 0
54995 0
55491 0
55601 0
56057 0
56384 0
56415 0
57188 0
58939 0
59108 0
59432 0
59838 0
59858 0
60117 0
60279 0
60652 0
60924 0
61355 0
61740 0
62269 0
65802 0
66061 0
66093 0
66319 0
67771 0
68024 0
68250 0
68504 0
69033 0
69351 0
69891 0
70468 0
70761 0
70947 0
71621 0
72265 0
72299 0
72375 0
73272 0
73407 0
73558 0
73867 0
74147 0
74454 0
74621 0
74749 0
74918 0
75316 0
75495 0
76993 0
77944 0
78481 0
78759 0
79952 0
80096 0
80178 0
81650 0
82316 0
82917 0
82967 0
83019 0
83576 0
83789 0
84115 0
84117 0
84545 0
84995 0
85351 0
85465 0
85508 0
85592 0
85913 0
85919 0
87210 0
87570 0
87727 0
87769 0
88924 0
89061 0
89463 0
89865 0
89873 0
90260 0
90307 0
90417 0
90789 0
92194 0
92800 0
92814 0
93064 0
93875 0
94106 0
94313 0
95299 0
95493 0
95781 0
96175 0
97203 0
97284 0
97977 0
98197 0
98342 0
98698 0
98851 0
98853 0
98934 0
