c This is a uniform distributed  1-D DIMACS file 
c width height point_number
p 1000 1000 256
8 0
9 0
23 0
25 0
26 0
34 0
36 0
39 0
56 0
58 0
61 0
62 0
68 0
73 0
74 0
77 0
81 0
84 0
88 0
90 0
92 0
95 0
98 0
100 0
106 0
108 0
109 0
116 0
118 0
120 0
124 0
126 0
128 0
131 0
132 0
135 0
139 0
154 0
157 0
166 0
172 0
179 0
180 0
181 0
185 0
192 0
202 0
206 0
208 0
209 0
211 0
212 0
215 0
220 0
225 0
227 0
232 0
235 0
242 0
243 0
245 0
246 0
248 0
249 0
250 0
251 0
259 0
264 0
269 0
271 0
277 0
279 0
281 0
290 0
295 0
297 0
298 0
301 0
307 0
309 0
312 0
318 0
323 0
327 0
328 0
330 0
339 0
344 0
348 0
350 0
352 0
355 0
358 0
363 0
379 0
385 0
388 0
392 0
401 0
406 0
407 0
413 0
418 0
421 0
426 0
428 0
431 0
437 0
438 0
441 0
444 0
452 0
466 0
469 0
470 0
478 0
480 0
481 0
486 0
492 0
501 0
504 0
506 0
507 0
510 0
511 0
512 0
514 0
518 0
532 0
543 0
544 0
545 0
547 0
549 0
558 0
563 0
568 0
570 0
574 0
576 0
577 0
581 0
583 0
587 0
588 0
591 0
593 0
594 0
596 0
597 0
604 0
607 0
608 0
611 0
614 0
617 0
622 0
623 0
626 0
627 0
628 0
629 0
630 0
634 0
635 0
637 0
641 0
649 0
658 0
661 0
666 0
668 0
671 0
672 0
677 0
689 0
694 0
697 0
699 0
703 0
706 0
709 0
712 0
715 0
718 0
719 0
720 0
729 0
731 0
732 0
733 0
737 0
743 0
748 0
749 0
752 0
757 0
762 0
764 0
773 0
776 0
784 0
790 0
796 0
810 0
816 0
817 0
818 0
820 0
826 0
827 0
830 0
839 0
840 0
843 0
848 0
851 0
852 0
857 0
861 0
865 0
866 0
868 0
870 0
878 0
880 0
886 0
902 0
906 0
907 0
910 0
912 0
913 0
916 0
923 0
926 0
932 0
934 0
936 0
940 0
942 0
945 0
947 0
948 0
949 0
957 0
958 0
974 0
975 0
978 0
980 0
982 0
983 0
985 0
987 0
