c This is a uniform distributed  1-D DIMACS file 
c width height point_number
p 1000 1000 256
1 0
4 0
7 0
8 0
9 0
14 0
17 0
19 0
21 0
24 0
25 0
29 0
30 0
39 0
40 0
42 0
57 0
61 0
74 0
76 0
77 0
78 0
79 0
84 0
86 0
90 0
96 0
97 0
98 0
103 0
110 0
113 0
114 0
120 0
123 0
128 0
133 0
138 0
141 0
148 0
152 0
159 0
161 0
169 0
170 0
173 0
175 0
176 0
178 0
181 0
184 0
194 0
203 0
214 0
217 0
218 0
222 0
235 0
248 0
251 0
253 0
254 0
266 0
269 0
285 0
289 0
290 0
292 0
293 0
294 0
300 0
304 0
308 0
310 0
312 0
313 0
314 0
319 0
320 0
322 0
324 0
327 0
335 0
337 0
338 0
343 0
349 0
353 0
374 0
378 0
379 0
381 0
382 0
384 0
385 0
390 0
397 0
400 0
401 0
402 0
406 0
413 0
424 0
425 0
430 0
433 0
436 0
439 0
440 0
441 0
444 0
453 0
461 0
462 0
467 0
470 0
482 0
487 0
496 0
504 0
505 0
506 0
512 0
515 0
517 0
520 0
523 0
525 0
528 0
530 0
535 0
537 0
542 0
546 0
554 0
556 0
557 0
559 0
566 0
567 0
570 0
573 0
575 0
577 0
581 0
586 0
591 0
595 0
599 0
604 0
607 0
610 0
612 0
614 0
615 0
619 0
620 0
622 0
623 0
628 0
636 0
637 0
641 0
644 0
647 0
653 0
659 0
669 0
670 0
674 0
676 0
680 0
682 0
687 0
691 0
695 0
696 0
699 0
704 0
707 0
714 0
715 0
719 0
724 0
732 0
738 0
740 0
743 0
745 0
749 0
753 0
756 0
763 0
765 0
773 0
775 0
780 0
792 0
801 0
803 0
806 0
808 0
809 0
810 0
818 0
820 0
821 0
822 0
825 0
828 0
829 0
832 0
838 0
848 0
851 0
852 0
855 0
857 0
859 0
860 0
865 0
866 0
867 0
875 0
881 0
883 0
890 0
897 0
898 0
916 0
917 0
919 0
920 0
924 0
925 0
927 0
929 0
931 0
935 0
939 0
942 0
945 0
949 0
957 0
958 0
962 0
966 0
967 0
968 0
973 0
975 0
976 0
987 0
988 0
989 0
999 0
