c This is a uniform distributed  1-D DIMACS file 
c width height point_number
p 1000 1000 256
5 0
12 0
14 0
18 0
22 0
25 0
27 0
36 0
44 0
45 0
55 0
58 0
67 0
68 0
73 0
75 0
77 0
78 0
80 0
86 0
93 0
97 0
102 0
107 0
115 0
116 0
120 0
121 0
123 0
124 0
126 0
131 0
132 0
136 0
141 0
143 0
147 0
148 0
161 0
164 0
169 0
172 0
178 0
179 0
185 0
187 0
194 0
204 0
205 0
206 0
208 0
211 0
218 0
224 0
240 0
241 0
244 0
250 0
256 0
259 0
263 0
264 0
269 0
272 0
274 0
282 0
290 0
295 0
301 0
302 0
304 0
305 0
307 0
312 0
313 0
317 0
318 0
321 0
327 0
329 0
331 0
332 0
334 0
341 0
344 0
350 0
351 0
353 0
355 0
363 0
364 0
367 0
376 0
379 0
381 0
384 0
385 0
388 0
389 0
390 0
394 0
396 0
398 0
400 0
402 0
409 0
410 0
413 0
419 0
421 0
429 0
433 0
436 0
437 0
442 0
444 0
453 0
455 0
464 0
465 0
467 0
468 0
475 0
478 0
481 0
500 0
504 0
508 0
510 0
512 0
527 0
530 0
538 0
539 0
541 0
550 0
552 0
557 0
567 0
568 0
571 0
576 0
578 0
581 0
582 0
583 0
584 0
585 0
587 0
589 0
594 0
596 0
598 0
600 0
601 0
603 0
610 0
613 0
615 0
627 0
631 0
633 0
634 0
637 0
638 0
643 0
644 0
658 0
661 0
663 0
664 0
666 0
668 0
670 0
676 0
679 0
684 0
685 0
701 0
708 0
711 0
713 0
714 0
719 0
723 0
727 0
729 0
734 0
738 0
740 0
742 0
745 0
753 0
761 0
768 0
773 0
774 0
790 0
791 0
793 0
797 0
801 0
802 0
804 0
806 0
808 0
810 0
811 0
812 0
815 0
819 0
820 0
822 0
824 0
829 0
831 0
837 0
839 0
840 0
842 0
860 0
864 0
869 0
877 0
888 0
890 0
891 0
899 0
904 0
906 0
908 0
911 0
919 0
926 0
936 0
939 0
941 0
944 0
945 0
946 0
956 0
958 0
961 0
962 0
964 0
973 0
975 0
978 0
982 0
983 0
986 0
990 0
991 0
992 0
994 0
996 0
