c This is a uniform distributed  1-D DIMACS file 
c width height point_number
p 100000 100000 256
498 0
882 0
985 0
1324 0
1395 0
1460 0
1571 0
1966 0
3028 0
3056 0
3257 0
3496 0
3744 0
3983 0
4007 0
4069 0
5032 0
5237 0
5719 0
5822 0
6445 0
6547 0
7052 0
7361 0
7581 0
7626 0
7833 0
8427 0
8447 0
8729 0
8864 0
9901 0
10073 0
10695 0
11352 0
11812 0
11830 0
12093 0
12298 0
12535 0
12917 0
12946 0
12966 0
13881 0
14422 0
15779 0
15800 0
16282 0
16580 0
16615 0
16629 0
16655 0
18014 0
18856 0
19085 0
19318 0
19824 0
20210 0
20844 0
21502 0
21814 0
22028 0
22227 0
22783 0
24191 0
24483 0
24685 0
25148 0
25581 0
25840 0
26029 0
26062 0
26502 0
28004 0
28005 0
28425 0
28561 0
29064 0
29110 0
29505 0
29517 0
29986 0
30486 0
30521 0
30870 0
30972 0
31332 0
31506 0
31791 0
31809 0
32784 0
33168 0
33899 0
34065 0
34333 0
34704 0
34779 0
34840 0
34900 0
34962 0
35410 0
35443 0
35691 0
36276 0
36909 0
36992 0
37054 0
37676 0
38492 0
38799 0
38838 0
39432 0
40006 0
40598 0
40831 0
41266 0
41339 0
41419 0
42379 0
42795 0
43850 0
44066 0
44667 0
45119 0
45646 0
46038 0
46712 0
46870 0
46882 0
47891 0
47899 0
48049 0
49540 0
49551 0
49597 0
49650 0
49740 0
49936 0
50131 0
50688 0
50747 0
51096 0
52329 0
53112 0
53522 0
53566 0
53726 0
54105 0
54475 0
54609 0
54707 0
54883 0
55084 0
55332 0
57000 0
57229 0
57661 0
57920 0
58794 0
59087 0
59189 0
59508 0
59583 0
60015 0
60104 0
60458 0
61284 0
61608 0
62294 0
62415 0
62436 0
62840 0
62921 0
62970 0
63387 0
63467 0
63784 0
66525 0
67005 0
67013 0
67151 0
67279 0
67297 0
67525 0
67813 0
68036 0
68451 0
69208 0
69557 0
69655 0
69684 0
69920 0
70366 0
71169 0
71739 0
72100 0
73119 0
73163 0
73204 0
73366 0
73395 0
74370 0
74550 0
74573 0
74670 0
75197 0
76629 0
77134 0
78516 0
79543 0
80263 0
80300 0
82175 0
83018 0
83278 0
83404 0
83662 0
84139 0
84983 0
85008 0
85338 0
85547 0
86096 0
86456 0
86861 0
87054 0
87285 0
88346 0
88815 0
89395 0
89415 0
89766 0
89979 0
90048 0
90648 0
90743 0
91619 0
92173 0
92807 0
93979 0
94240 0
94266 0
94434 0
94965 0
96394 0
96477 0
96622 0
96731 0
96876 0
97288 0
97418 0
98294 0
98494 0
98690 0
98769 0
99681 0
