c This is a uniform distributed  1-D DIMACS file 
c width height point_number
p 1000 1000 256
6 0
7 0
8 0
9 0
10 0
18 0
22 0
25 0
28 0
33 0
35 0
37 0
39 0
43 0
45 0
47 0
48 0
50 0
51 0
58 0
62 0
65 0
66 0
67 0
73 0
76 0
83 0
85 0
87 0
89 0
92 0
94 0
95 0
99 0
100 0
104 0
105 0
107 0
108 0
111 0
114 0
115 0
117 0
118 0
119 0
122 0
131 0
132 0
136 0
140 0
142 0
145 0
147 0
149 0
162 0
163 0
167 0
168 0
169 0
171 0
172 0
181 0
186 0
189 0
191 0
197 0
203 0
205 0
206 0
209 0
210 0
212 0
213 0
225 0
231 0
234 0
235 0
237 0
251 0
252 0
256 0
264 0
265 0
267 0
268 0
273 0
274 0
279 0
281 0
282 0
294 0
297 0
298 0
299 0
301 0
302 0
311 0
314 0
322 0
323 0
334 0
337 0
351 0
373 0
378 0
380 0
387 0
391 0
393 0
394 0
395 0
397 0
399 0
400 0
406 0
409 0
421 0
423 0
424 0
427 0
430 0
431 0
437 0
443 0
445 0
450 0
452 0
456 0
460 0
461 0
462 0
468 0
470 0
479 0
481 0
488 0
489 0
491 0
498 0
512 0
518 0
530 0
535 0
539 0
545 0
551 0
555 0
556 0
562 0
564 0
567 0
573 0
574 0
576 0
577 0
582 0
583 0
585 0
591 0
600 0
604 0
608 0
609 0
610 0
611 0
613 0
615 0
618 0
620 0
623 0
624 0
628 0
629 0
634 0
635 0
643 0
649 0
655 0
656 0
658 0
666 0
667 0
671 0
675 0
676 0
681 0
689 0
701 0
702 0
718 0
727 0
728 0
729 0
731 0
735 0
738 0
739 0
740 0
745 0
751 0
754 0
755 0
763 0
766 0
771 0
774 0
780 0
781 0
787 0
789 0
795 0
797 0
800 0
801 0
810 0
819 0
823 0
824 0
829 0
833 0
842 0
844 0
848 0
854 0
860 0
862 0
870 0
879 0
885 0
886 0
901 0
903 0
906 0
914 0
915 0
919 0
923 0
924 0
925 0
928 0
929 0
932 0
936 0
938 0
941 0
952 0
955 0
964 0
971 0
978 0
979 0
983 0
984 0
988 0
992 0
995 0
