c This is a uniform distributed  1-D DIMACS file 
c width height point_number
p 1000 1000 256
7 0
9 0
17 0
23 0
24 0
25 0
28 0
42 0
45 0
46 0
48 0
50 0
61 0
63 0
64 0
66 0
73 0
81 0
82 0
83 0
86 0
87 0
92 0
95 0
96 0
100 0
101 0
102 0
105 0
108 0
111 0
112 0
115 0
116 0
117 0
118 0
122 0
123 0
124 0
128 0
139 0
144 0
145 0
146 0
147 0
151 0
159 0
161 0
163 0
166 0
167 0
178 0
181 0
183 0
184 0
185 0
186 0
187 0
188 0
189 0
193 0
194 0
196 0
204 0
206 0
219 0
224 0
227 0
228 0
229 0
234 0
239 0
240 0
244 0
249 0
259 0
262 0
263 0
276 0
279 0
284 0
294 0
295 0
297 0
298 0
300 0
303 0
312 0
314 0
315 0
319 0
322 0
331 0
333 0
345 0
349 0
351 0
354 0
355 0
361 0
364 0
365 0
368 0
372 0
373 0
377 0
380 0
382 0
386 0
390 0
396 0
398 0
402 0
403 0
408 0
412 0
416 0
418 0
419 0
422 0
429 0
434 0
439 0
442 0
444 0
447 0
449 0
450 0
453 0
462 0
468 0
470 0
471 0
474 0
481 0
482 0
483 0
484 0
488 0
489 0
497 0
498 0
504 0
517 0
527 0
528 0
537 0
541 0
544 0
547 0
550 0
555 0
563 0
573 0
576 0
578 0
579 0
581 0
582 0
586 0
587 0
602 0
606 0
611 0
613 0
622 0
629 0
631 0
632 0
633 0
636 0
637 0
643 0
644 0
657 0
661 0
665 0
671 0
674 0
682 0
684 0
689 0
695 0
698 0
706 0
710 0
711 0
714 0
719 0
720 0
722 0
724 0
739 0
740 0
742 0
744 0
749 0
752 0
764 0
773 0
778 0
781 0
782 0
785 0
787 0
790 0
797 0
800 0
805 0
806 0
810 0
813 0
815 0
819 0
822 0
824 0
827 0
829 0
836 0
844 0
849 0
853 0
854 0
855 0
871 0
875 0
876 0
877 0
879 0
881 0
883 0
887 0
891 0
894 0
897 0
900 0
912 0
913 0
914 0
916 0
920 0
922 0
923 0
932 0
934 0
935 0
940 0
946 0
956 0
967 0
969 0
977 0
984 0
988 0
989 0
995 0
