c This is a uniform distributed  1-D DIMACS file 
c width height point_number
p 1000 1000 256
1 0
2 0
12 0
17 0
19 0
22 0
25 0
26 0
37 0
39 0
41 0
42 0
44 0
48 0
59 0
60 0
65 0
71 0
76 0
78 0
80 0
84 0
85 0
92 0
94 0
95 0
104 0
113 0
114 0
116 0
120 0
125 0
128 0
130 0
132 0
137 0
148 0
149 0
152 0
159 0
162 0
174 0
178 0
187 0
191 0
193 0
197 0
199 0
201 0
203 0
206 0
214 0
222 0
224 0
225 0
232 0
233 0
238 0
244 0
246 0
247 0
251 0
254 0
258 0
268 0
270 0
274 0
275 0
278 0
281 0
283 0
287 0
288 0
289 0
294 0
296 0
299 0
317 0
325 0
329 0
331 0
332 0
336 0
340 0
343 0
350 0
353 0
366 0
367 0
368 0
374 0
381 0
382 0
391 0
392 0
393 0
397 0
400 0
401 0
403 0
405 0
406 0
407 0
416 0
418 0
422 0
434 0
439 0
440 0
443 0
450 0
454 0
461 0
463 0
465 0
467 0
476 0
480 0
482 0
498 0
502 0
504 0
506 0
507 0
511 0
512 0
516 0
517 0
518 0
519 0
522 0
529 0
542 0
554 0
555 0
556 0
573 0
583 0
588 0
594 0
595 0
601 0
603 0
607 0
608 0
611 0
612 0
613 0
614 0
616 0
618 0
624 0
626 0
628 0
631 0
634 0
637 0
639 0
646 0
648 0
649 0
650 0
654 0
655 0
657 0
660 0
663 0
664 0
665 0
668 0
674 0
677 0
679 0
681 0
686 0
695 0
696 0
704 0
705 0
711 0
714 0
720 0
726 0
727 0
729 0
737 0
750 0
761 0
762 0
763 0
765 0
769 0
770 0
778 0
789 0
791 0
793 0
794 0
799 0
808 0
809 0
813 0
815 0
821 0
833 0
835 0
836 0
846 0
856 0
861 0
862 0
863 0
864 0
870 0
872 0
876 0
877 0
880 0
882 0
885 0
886 0
895 0
903 0
910 0
914 0
918 0
920 0
921 0
922 0
924 0
927 0
928 0
930 0
931 0
934 0
937 0
938 0
940 0
942 0
943 0
944 0
949 0
952 0
960 0
962 0
965 0
971 0
974 0
983 0
985 0
987 0
990 0
991 0
994 0
995 0
997 0
