c This is a uniform distributed  1-D DIMACS file 
c width height point_number
p 1000 1000 256
19 0
20 0
30 0
32 0
36 0
41 0
48 0
54 0
55 0
63 0
68 0
69 0
78 0
83 0
89 0
90 0
94 0
95 0
101 0
102 0
104 0
105 0
106 0
107 0
111 0
116 0
117 0
124 0
133 0
134 0
136 0
138 0
145 0
149 0
150 0
152 0
156 0
161 0
162 0
164 0
165 0
172 0
178 0
180 0
183 0
187 0
189 0
192 0
204 0
206 0
221 0
225 0
227 0
228 0
229 0
234 0
238 0
241 0
242 0
243 0
246 0
247 0
252 0
253 0
258 0
259 0
272 0
273 0
278 0
279 0
287 0
288 0
290 0
294 0
300 0
309 0
310 0
314 0
317 0
321 0
327 0
330 0
331 0
333 0
336 0
337 0
338 0
348 0
349 0
350 0
351 0
353 0
356 0
370 0
371 0
375 0
379 0
382 0
384 0
385 0
389 0
397 0
398 0
400 0
408 0
409 0
411 0
418 0
426 0
434 0
437 0
440 0
441 0
443 0
444 0
449 0
454 0
456 0
457 0
459 0
470 0
471 0
477 0
482 0
488 0
495 0
497 0
499 0
502 0
503 0
508 0
511 0
516 0
519 0
522 0
528 0
532 0
535 0
537 0
538 0
543 0
551 0
552 0
553 0
559 0
560 0
561 0
562 0
563 0
564 0
565 0
566 0
569 0
572 0
577 0
580 0
581 0
583 0
590 0
593 0
594 0
599 0
601 0
606 0
613 0
616 0
626 0
631 0
634 0
638 0
643 0
651 0
656 0
663 0
664 0
668 0
669 0
670 0
674 0
686 0
689 0
696 0
700 0
703 0
705 0
712 0
717 0
725 0
726 0
729 0
732 0
761 0
767 0
769 0
779 0
780 0
781 0
785 0
788 0
790 0
791 0
795 0
798 0
802 0
804 0
805 0
808 0
810 0
823 0
825 0
829 0
830 0
844 0
848 0
850 0
853 0
863 0
869 0
877 0
878 0
883 0
885 0
895 0
898 0
905 0
907 0
912 0
916 0
920 0
925 0
934 0
937 0
949 0
950 0
951 0
958 0
959 0
960 0
970 0
973 0
974 0
976 0
978 0
979 0
980 0
981 0
982 0
984 0
985 0
987 0
988 0
991 0
994 0
995 0
998 0
999 0
