c This is a uniform distributed  1-D DIMACS file 
c width height point_number
p 1000 1000 256
3 0
6 0
15 0
16 0
19 0
21 0
40 0
42 0
43 0
46 0
49 0
52 0
54 0
55 0
59 0
60 0
66 0
68 0
70 0
71 0
72 0
76 0
77 0
81 0
82 0
86 0
96 0
101 0
105 0
108 0
112 0
113 0
123 0
129 0
133 0
136 0
139 0
144 0
149 0
150 0
154 0
155 0
156 0
162 0
163 0
170 0
177 0
180 0
183 0
184 0
188 0
191 0
194 0
195 0
198 0
201 0
206 0
207 0
212 0
230 0
237 0
238 0
247 0
249 0
254 0
257 0
258 0
259 0
261 0
263 0
268 0
286 0
296 0
303 0
304 0
306 0
321 0
323 0
324 0
334 0
336 0
338 0
340 0
349 0
352 0
353 0
358 0
359 0
362 0
363 0
367 0
368 0
372 0
374 0
379 0
380 0
382 0
386 0
389 0
390 0
397 0
403 0
408 0
412 0
413 0
418 0
419 0
422 0
437 0
445 0
473 0
475 0
478 0
479 0
481 0
482 0
483 0
486 0
487 0
488 0
490 0
499 0
502 0
503 0
505 0
508 0
524 0
526 0
529 0
535 0
542 0
558 0
560 0
562 0
563 0
570 0
572 0
573 0
576 0
578 0
580 0
589 0
591 0
593 0
594 0
597 0
600 0
604 0
607 0
610 0
618 0
620 0
621 0
625 0
627 0
631 0
632 0
639 0
640 0
651 0
653 0
656 0
660 0
668 0
684 0
686 0
688 0
692 0
698 0
700 0
704 0
708 0
711 0
713 0
717 0
724 0
729 0
730 0
731 0
732 0
737 0
746 0
749 0
755 0
757 0
758 0
760 0
764 0
765 0
767 0
772 0
773 0
775 0
778 0
780 0
781 0
783 0
786 0
792 0
797 0
798 0
799 0
802 0
804 0
810 0
812 0
816 0
817 0
823 0
825 0
831 0
833 0
836 0
841 0
843 0
845 0
854 0
857 0
858 0
864 0
866 0
867 0
868 0
869 0
886 0
888 0
890 0
894 0
898 0
899 0
901 0
905 0
908 0
912 0
913 0
916 0
917 0
924 0
926 0
931 0
938 0
941 0
947 0
955 0
961 0
962 0
963 0
978 0
979 0
982 0
983 0
984 0
988 0
991 0
996 0
997 0
