c This is a uniform distributed  1-D DIMACS file 
c width height point_number
p 1000 1000 256
7 0
19 0
24 0
32 0
36 0
39 0
40 0
42 0
44 0
46 0
47 0
52 0
60 0
70 0
76 0
77 0
80 0
83 0
85 0
86 0
88 0
89 0
90 0
94 0
98 0
99 0
102 0
103 0
104 0
108 0
110 0
113 0
116 0
118 0
119 0
123 0
127 0
128 0
131 0
135 0
136 0
141 0
144 0
148 0
149 0
155 0
159 0
169 0
174 0
177 0
178 0
180 0
186 0
187 0
190 0
194 0
196 0
198 0
199 0
202 0
204 0
206 0
209 0
211 0
214 0
216 0
220 0
224 0
225 0
226 0
228 0
231 0
234 0
235 0
238 0
239 0
249 0
262 0
266 0
269 0
272 0
273 0
279 0
281 0
289 0
290 0
292 0
295 0
301 0
304 0
305 0
309 0
310 0
315 0
317 0
319 0
325 0
326 0
329 0
334 0
340 0
341 0
342 0
347 0
351 0
353 0
366 0
368 0
371 0
373 0
381 0
387 0
391 0
394 0
401 0
402 0
405 0
417 0
422 0
430 0
436 0
443 0
448 0
453 0
477 0
480 0
481 0
489 0
495 0
501 0
517 0
522 0
524 0
526 0
527 0
530 0
534 0
537 0
538 0
539 0
540 0
542 0
545 0
547 0
549 0
550 0
551 0
553 0
559 0
568 0
569 0
570 0
581 0
582 0
585 0
588 0
594 0
598 0
604 0
611 0
613 0
617 0
618 0
620 0
628 0
631 0
637 0
644 0
646 0
649 0
655 0
663 0
666 0
670 0
675 0
683 0
684 0
685 0
696 0
700 0
702 0
703 0
705 0
709 0
710 0
715 0
716 0
724 0
728 0
729 0
733 0
734 0
737 0
752 0
753 0
755 0
757 0
762 0
764 0
771 0
772 0
773 0
775 0
776 0
778 0
779 0
780 0
791 0
798 0
808 0
810 0
815 0
823 0
824 0
827 0
829 0
830 0
832 0
838 0
840 0
845 0
848 0
857 0
861 0
862 0
866 0
867 0
868 0
875 0
886 0
890 0
891 0
893 0
896 0
897 0
899 0
923 0
925 0
926 0
931 0
932 0
939 0
959 0
962 0
969 0
972 0
979 0
981 0
982 0
984 0
986 0
987 0
991 0
992 0
993 0
995 0
