c This is a uniform distributed  1-D DIMACS file 
c width height point_number
p 100000 100000 256
234 0
446 0
689 0
1756 0
2482 0
3433 0
4146 0
4174 0
5017 0
5546 0
5741 0
6030 0
7164 0
7397 0
7844 0
9075 0
9276 0
9294 0
9649 0
10381 0
10622 0
11183 0
11454 0
11462 0
13132 0
13330 0
14052 0
14937 0
15872 0
15985 0
16586 0
16634 0
16691 0
16793 0
16901 0
17351 0
18239 0
18924 0
19457 0
19458 0
19581 0
20553 0
21406 0
21496 0
21840 0
22262 0
22301 0
22385 0
22910 0
22940 0
23331 0
24093 0
24284 0
24908 0
25169 0
25211 0
26013 0
26857 0
26915 0
26951 0
27269 0
27286 0
27372 0
27437 0
27453 0
27735 0
28162 0
28350 0
28497 0
28730 0
28834 0
29250 0
29566 0
29573 0
29950 0
30059 0
31260 0
31697 0
32208 0
32263 0
32378 0
32800 0
33113 0
33123 0
34069 0
34649 0
34692 0
34698 0
34779 0
35226 0
35976 0
36295 0
36381 0
36414 0
36762 0
36816 0
36946 0
37342 0
37431 0
37571 0
37810 0
37823 0
38309 0
38359 0
38870 0
39002 0
39166 0
39194 0
39527 0
39813 0
40802 0
41386 0
41520 0
41562 0
42545 0
43016 0
43190 0
43222 0
43320 0
45603 0
46078 0
47304 0
47436 0
47518 0
48102 0
48517 0
48580 0
48928 0
49160 0
49360 0
49702 0
51090 0
51136 0
51717 0
51771 0
52706 0
52784 0
53134 0
53369 0
53504 0
53705 0
54055 0
54087 0
54825 0
55204 0
55503 0
55775 0
55782 0
56209 0
56213 0
56385 0
57961 0
58035 0
58050 0
58269 0
58350 0
58498 0
59022 0
59545 0
60466 0
60748 0
61700 0
61748 0
61929 0
62026 0
62054 0
62187 0
62292 0
62677 0
62687 0
62780 0
62952 0
63407 0
63894 0
64362 0
65002 0
65207 0
65998 0
66528 0
66564 0
66645 0
67304 0
67596 0
67659 0
67892 0
68429 0
69533 0
69729 0
70355 0
71813 0
72150 0
72270 0
72450 0
74156 0
74763 0
75057 0
75607 0
76253 0
76466 0
77391 0
77948 0
77949 0
78009 0
78019 0
78102 0
78701 0
78955 0
79533 0
79952 0
80111 0
80315 0
80351 0
81043 0
81510 0
81793 0
83033 0
83424 0
84524 0
84835 0
85036 0
85214 0
85516 0
85952 0
86518 0
87469 0
87672 0
88140 0
88231 0
88958 0
89079 0
89129 0
89151 0
89201 0
90081 0
90227 0
90475 0
90851 0
91101 0
92039 0
92807 0
93068 0
93460 0
93823 0
94207 0
94764 0
95095 0
95213 0
95803 0
95917 0
96184 0
96504 0
97531 0
97749 0
97969 0
98369 0
99908 0
