c This is a uniform distributed  1-D DIMACS file 
c width height point_number
p 1000 1000 256
1 0
2 0
12 0
14 0
17 0
21 0
22 0
30 0
32 0
35 0
36 0
39 0
40 0
42 0
46 0
48 0
53 0
56 0
60 0
61 0
63 0
67 0
68 0
69 0
71 0
74 0
78 0
84 0
89 0
95 0
96 0
99 0
105 0
109 0
115 0
123 0
124 0
128 0
131 0
134 0
140 0
150 0
152 0
158 0
159 0
160 0
161 0
162 0
166 0
169 0
170 0
177 0
182 0
185 0
186 0
188 0
190 0
193 0
198 0
199 0
204 0
208 0
216 0
219 0
222 0
224 0
230 0
240 0
241 0
243 0
244 0
245 0
249 0
255 0
256 0
257 0
258 0
265 0
269 0
275 0
278 0
285 0
287 0
291 0
298 0
299 0
305 0
312 0
315 0
316 0
321 0
326 0
328 0
335 0
340 0
348 0
350 0
353 0
354 0
355 0
356 0
360 0
362 0
364 0
377 0
382 0
386 0
392 0
395 0
403 0
409 0
413 0
414 0
415 0
418 0
420 0
423 0
424 0
425 0
429 0
431 0
432 0
433 0
445 0
446 0
447 0
448 0
450 0
451 0
458 0
459 0
461 0
473 0
476 0
484 0
485 0
486 0
489 0
491 0
493 0
497 0
504 0
505 0
506 0
518 0
522 0
524 0
530 0
531 0
532 0
535 0
536 0
538 0
544 0
547 0
565 0
578 0
580 0
588 0
590 0
591 0
592 0
618 0
621 0
622 0
627 0
630 0
632 0
635 0
641 0
642 0
643 0
644 0
648 0
651 0
653 0
656 0
658 0
659 0
662 0
664 0
666 0
673 0
689 0
691 0
695 0
696 0
706 0
714 0
723 0
732 0
734 0
737 0
739 0
740 0
741 0
742 0
745 0
749 0
751 0
761 0
762 0
763 0
765 0
766 0
774 0
780 0
783 0
785 0
791 0
796 0
804 0
808 0
823 0
824 0
826 0
828 0
831 0
839 0
840 0
843 0
844 0
849 0
854 0
856 0
858 0
860 0
863 0
868 0
869 0
882 0
883 0
885 0
892 0
898 0
900 0
901 0
917 0
920 0
923 0
925 0
929 0
930 0
934 0
942 0
949 0
950 0
955 0
956 0
959 0
967 0
969 0
975 0
990 0
991 0
999 0
