c This is a uniform distributed  1-D DIMACS file 
c width height point_number
p 100000 100000 256
302 0
1359 0
1605 0
1726 0
3287 0
3558 0
3565 0
3796 0
4363 0
4382 0
6411 0
6522 0
6549 0
7610 0
7705 0
7845 0
8418 0
8556 0
8580 0
8854 0
9044 0
9841 0
9845 0
10134 0
10144 0
10260 0
10831 0
11460 0
11961 0
12061 0
12121 0
12220 0
12926 0
13312 0
13544 0
13710 0
14731 0
14923 0
15402 0
15610 0
16037 0
18085 0
18269 0
18670 0
18677 0
19354 0
19437 0
19540 0
19622 0
20000 0
20111 0
20304 0
20726 0
21602 0
21763 0
22304 0
23385 0
23444 0
23807 0
23852 0
25443 0
26656 0
26876 0
26967 0
27142 0
27642 0
27861 0
27891 0
28077 0
28492 0
29271 0
29343 0
29996 0
31134 0
31276 0
31322 0
31325 0
32162 0
32458 0
32461 0
32719 0
32829 0
32936 0
32998 0
33038 0
34076 0
34251 0
34424 0
35217 0
35254 0
35906 0
36706 0
37213 0
37265 0
37588 0
37927 0
37949 0
38245 0
39049 0
39476 0
39557 0
39837 0
40089 0
40274 0
40757 0
41244 0
41543 0
41727 0
41773 0
41899 0
43286 0
44238 0
44535 0
45465 0
45666 0
45878 0
45951 0
46355 0
47230 0
47938 0
47947 0
48447 0
49124 0
49701 0
50380 0
50618 0
51432 0
51675 0
51955 0
52168 0
52983 0
53392 0
53690 0
53747 0
54804 0
55085 0
55657 0
55861 0
56048 0
56184 0
56833 0
56947 0
57314 0
57460 0
57922 0
58101 0
58168 0
58247 0
58360 0
58982 0
59966 0
60332 0
61806 0
62059 0
62234 0
62936 0
62997 0
63374 0
64283 0
64389 0
65690 0
65693 0
65847 0
65870 0
66176 0
66200 0
67431 0
67555 0
67864 0
68840 0
68875 0
69007 0
69571 0
69768 0
69949 0
70582 0
70979 0
71008 0
71182 0
71926 0
72598 0
72869 0
72980 0
73035 0
73359 0
73467 0
74166 0
74476 0
74950 0
75134 0
75284 0
75422 0
76143 0
76382 0
76508 0
77011 0
78130 0
78312 0
79316 0
79704 0
79998 0
80464 0
80971 0
81789 0
82192 0
82869 0
83565 0
84033 0
84482 0
84495 0
84737 0
85375 0
85881 0
86311 0
86517 0
86946 0
86981 0
87184 0
87406 0
87437 0
87532 0
87888 0
88170 0
88518 0
88609 0
88888 0
89329 0
89410 0
89646 0
89707 0
90215 0
90714 0
90808 0
90919 0
91884 0
91981 0
92037 0
92350 0
92898 0
92998 0
93687 0
94284 0
94736 0
94907 0
95438 0
95503 0
95844 0
96095 0
96837 0
96850 0
97087 0
97549 0
99031 0
99042 0
99167 0
99247 0
