c This is a uniform distributed  1-D DIMACS file 
c width height point_number
p 100000 100000 256
9 0
214 0
943 0
1224 0
1236 0
1655 0
1987 0
2771 0
3261 0
3353 0
3670 0
3729 0
5144 0
5945 0
6275 0
6379 0
6457 0
7088 0
7232 0
7353 0
7940 0
8595 0
9724 0
10027 0
10998 0
11055 0
11138 0
11313 0
11441 0
11585 0
12071 0
12525 0
12659 0
12680 0
13209 0
13322 0
13583 0
14391 0
14719 0
15427 0
15892 0
16130 0
17353 0
17485 0
17808 0
18432 0
18777 0
18919 0
19027 0
19258 0
19312 0
19525 0
19674 0
21368 0
21397 0
21775 0
21898 0
21907 0
21959 0
22058 0
22233 0
22918 0
23263 0
24413 0
24791 0
25750 0
25795 0
25896 0
25909 0
25980 0
26546 0
26687 0
26774 0
26842 0
27064 0
27627 0
27759 0
27899 0
28144 0
28730 0
28740 0
29652 0
30508 0
30679 0
31810 0
32398 0
32750 0
33716 0
33951 0
34686 0
34918 0
35035 0
35167 0
35343 0
35632 0
36196 0
37865 0
38161 0
39414 0
39592 0
40243 0
40625 0
40998 0
41023 0
41092 0
41176 0
41346 0
42565 0
43768 0
43786 0
44080 0
44280 0
44789 0
44955 0
45161 0
45978 0
46819 0
47436 0
48150 0
48156 0
48678 0
48732 0
49390 0
49691 0
50795 0
50861 0
51021 0
51159 0
51440 0
51463 0
52467 0
52756 0
52962 0
53752 0
55504 0
55765 0
55856 0
56423 0
56633 0
56987 0
57077 0
57648 0
57886 0
58058 0
58163 0
58476 0
59043 0
59242 0
59918 0
60189 0
60312 0
60836 0
61116 0
61200 0
61519 0
62689 0
62814 0
63198 0
63456 0
63481 0
63972 0
64016 0
64098 0
64767 0
65156 0
66276 0
67817 0
67864 0
68718 0
68853 0
68994 0
69033 0
69204 0
69261 0
69363 0
70032 0
70670 0
70960 0
71726 0
72816 0
73643 0
74069 0
74446 0
75048 0
75290 0
75804 0
75831 0
75976 0
76033 0
76091 0
76406 0
76445 0
76538 0
77340 0
77747 0
78533 0
79245 0
79352 0
79684 0
80010 0
80606 0
80722 0
81682 0
81699 0
82102 0
82645 0
82819 0
83065 0
83354 0
83441 0
83956 0
83986 0
85180 0
85562 0
85873 0
86198 0
86440 0
86634 0
87101 0
87214 0
87468 0
87549 0
87856 0
88055 0
88966 0
89034 0
89184 0
89463 0
89636 0
90083 0
90765 0
91028 0
92036 0
92231 0
92242 0
92373 0
92991 0
93334 0
93339 0
93922 0
94052 0
94234 0
94585 0
94782 0
96124 0
96417 0
97175 0
97390 0
98315 0
98438 0
99062 0
99219 0
99293 0
99863 0
99968 0
99998 0
