c This is a uniform distributed  1-D DIMACS file 
c width height point_number
p 1000 1000 256
1 0
9 0
10 0
20 0
22 0
27 0
32 0
35 0
37 0
44 0
45 0
46 0
47 0
48 0
50 0
51 0
52 0
57 0
60 0
62 0
64 0
65 0
76 0
80 0
82 0
83 0
84 0
87 0
88 0
89 0
96 0
97 0
98 0
103 0
116 0
122 0
123 0
125 0
126 0
133 0
134 0
136 0
139 0
141 0
149 0
150 0
154 0
169 0
185 0
188 0
196 0
202 0
208 0
209 0
212 0
219 0
220 0
221 0
225 0
239 0
246 0
256 0
262 0
264 0
271 0
272 0
275 0
279 0
288 0
291 0
297 0
299 0
300 0
303 0
314 0
317 0
320 0
324 0
325 0
326 0
327 0
337 0
340 0
349 0
350 0
352 0
358 0
359 0
360 0
361 0
362 0
365 0
367 0
368 0
381 0
386 0
391 0
393 0
402 0
405 0
406 0
407 0
409 0
411 0
416 0
421 0
422 0
423 0
425 0
434 0
435 0
443 0
447 0
451 0
455 0
462 0
467 0
475 0
478 0
479 0
483 0
484 0
486 0
488 0
492 0
494 0
498 0
499 0
507 0
510 0
518 0
528 0
529 0
535 0
539 0
540 0
546 0
549 0
551 0
556 0
561 0
562 0
563 0
565 0
571 0
575 0
584 0
585 0
586 0
588 0
589 0
591 0
593 0
605 0
606 0
608 0
610 0
614 0
620 0
623 0
626 0
629 0
636 0
648 0
649 0
650 0
652 0
656 0
658 0
662 0
671 0
675 0
680 0
681 0
690 0
698 0
704 0
709 0
710 0
715 0
719 0
721 0
723 0
726 0
731 0
737 0
742 0
746 0
747 0
751 0
752 0
755 0
759 0
760 0
761 0
762 0
763 0
765 0
767 0
768 0
770 0
773 0
775 0
785 0
786 0
791 0
801 0
802 0
805 0
806 0
808 0
809 0
821 0
824 0
828 0
831 0
832 0
839 0
841 0
842 0
851 0
856 0
859 0
869 0
872 0
874 0
876 0
886 0
888 0
889 0
893 0
898 0
899 0
905 0
913 0
914 0
915 0
919 0
924 0
925 0
934 0
936 0
939 0
940 0
943 0
946 0
956 0
966 0
969 0
971 0
973 0
977 0
981 0
988 0
990 0
998 0
