c This is a uniform distributed  1-D DIMACS file 
c width height point_number
p 1000 1000 256
8 0
11 0
16 0
21 0
22 0
23 0
26 0
27 0
29 0
33 0
38 0
44 0
49 0
56 0
64 0
65 0
72 0
73 0
76 0
78 0
87 0
88 0
97 0
110 0
127 0
130 0
131 0
137 0
138 0
141 0
142 0
145 0
150 0
152 0
153 0
156 0
167 0
170 0
171 0
177 0
179 0
184 0
191 0
194 0
197 0
199 0
200 0
210 0
211 0
212 0
213 0
216 0
220 0
223 0
232 0
235 0
236 0
244 0
253 0
254 0
255 0
264 0
265 0
267 0
270 0
277 0
279 0
280 0
282 0
283 0
288 0
289 0
297 0
298 0
303 0
304 0
314 0
317 0
318 0
320 0
322 0
323 0
326 0
328 0
331 0
333 0
337 0
339 0
349 0
357 0
358 0
368 0
370 0
382 0
385 0
388 0
391 0
394 0
399 0
402 0
406 0
414 0
417 0
419 0
421 0
425 0
432 0
451 0
452 0
455 0
457 0
462 0
463 0
467 0
469 0
470 0
471 0
472 0
477 0
478 0
479 0
486 0
490 0
491 0
493 0
498 0
504 0
506 0
509 0
514 0
515 0
516 0
521 0
533 0
535 0
537 0
543 0
546 0
548 0
549 0
558 0
562 0
563 0
565 0
567 0
569 0
570 0
573 0
581 0
584 0
587 0
589 0
592 0
596 0
597 0
607 0
610 0
612 0
616 0
617 0
621 0
622 0
627 0
628 0
629 0
631 0
634 0
643 0
646 0
647 0
649 0
654 0
656 0
657 0
661 0
666 0
669 0
690 0
694 0
695 0
696 0
697 0
707 0
708 0
713 0
715 0
716 0
718 0
723 0
729 0
730 0
733 0
739 0
750 0
752 0
753 0
754 0
761 0
768 0
772 0
775 0
776 0
778 0
779 0
793 0
794 0
812 0
814 0
821 0
822 0
823 0
830 0
833 0
844 0
846 0
848 0
850 0
851 0
853 0
856 0
865 0
866 0
867 0
870 0
872 0
884 0
885 0
890 0
893 0
897 0
902 0
904 0
906 0
908 0
909 0
910 0
911 0
912 0
915 0
918 0
925 0
926 0
929 0
934 0
945 0
950 0
956 0
961 0
965 0
968 0
973 0
974 0
975 0
980 0
984 0
988 0
