c This is a uniform distributed  1-D DIMACS file 
c width height point_number
p 1000 1000 256
3 0
6 0
10 0
17 0
30 0
31 0
33 0
34 0
38 0
45 0
46 0
49 0
51 0
54 0
56 0
58 0
59 0
61 0
74 0
77 0
80 0
86 0
90 0
92 0
94 0
109 0
112 0
123 0
132 0
141 0
145 0
148 0
150 0
152 0
157 0
161 0
171 0
172 0
173 0
183 0
184 0
185 0
187 0
189 0
192 0
193 0
198 0
200 0
201 0
205 0
207 0
209 0
210 0
211 0
220 0
222 0
223 0
226 0
227 0
228 0
229 0
232 0
237 0
239 0
243 0
250 0
252 0
253 0
254 0
255 0
256 0
258 0
265 0
268 0
272 0
276 0
278 0
281 0
291 0
296 0
304 0
307 0
311 0
319 0
324 0
326 0
339 0
350 0
355 0
359 0
370 0
371 0
376 0
379 0
382 0
385 0
389 0
391 0
398 0
401 0
404 0
408 0
411 0
421 0
431 0
442 0
446 0
449 0
451 0
454 0
455 0
464 0
468 0
473 0
476 0
479 0
481 0
484 0
485 0
493 0
495 0
498 0
506 0
509 0
512 0
517 0
520 0
522 0
526 0
528 0
531 0
532 0
533 0
534 0
539 0
546 0
547 0
548 0
552 0
554 0
555 0
558 0
564 0
565 0
566 0
567 0
570 0
571 0
572 0
576 0
578 0
588 0
589 0
603 0
609 0
624 0
625 0
628 0
632 0
636 0
642 0
647 0
652 0
657 0
660 0
665 0
669 0
672 0
673 0
675 0
685 0
686 0
691 0
693 0
695 0
697 0
702 0
703 0
709 0
711 0
714 0
715 0
717 0
719 0
727 0
729 0
734 0
745 0
748 0
750 0
761 0
764 0
765 0
766 0
768 0
774 0
775 0
793 0
795 0
808 0
809 0
811 0
813 0
817 0
825 0
831 0
853 0
857 0
859 0
862 0
868 0
869 0
872 0
874 0
876 0
879 0
880 0
884 0
885 0
887 0
888 0
891 0
893 0
894 0
895 0
899 0
900 0
901 0
903 0
905 0
908 0
916 0
917 0
920 0
923 0
928 0
933 0
934 0
936 0
939 0
942 0
944 0
946 0
949 0
952 0
955 0
958 0
959 0
960 0
977 0
978 0
982 0
983 0
985 0
991 0
998 0
