c This is a uniform distributed  1-D DIMACS file 
c width height point_number
p 1000 1000 256
1 0
7 0
12 0
17 0
23 0
29 0
35 0
36 0
41 0
42 0
48 0
50 0
58 0
59 0
60 0
62 0
63 0
65 0
67 0
73 0
75 0
80 0
83 0
93 0
99 0
104 0
107 0
108 0
113 0
114 0
124 0
128 0
139 0
144 0
151 0
156 0
157 0
159 0
161 0
162 0
163 0
168 0
170 0
171 0
178 0
183 0
186 0
187 0
188 0
189 0
190 0
191 0
195 0
197 0
198 0
202 0
204 0
205 0
207 0
219 0
224 0
225 0
226 0
227 0
236 0
248 0
259 0
261 0
262 0
267 0
271 0
273 0
277 0
286 0
287 0
288 0
289 0
290 0
297 0
301 0
307 0
311 0
316 0
317 0
318 0
329 0
333 0
334 0
339 0
348 0
349 0
358 0
363 0
368 0
389 0
390 0
391 0
394 0
397 0
400 0
407 0
411 0
413 0
418 0
421 0
423 0
425 0
427 0
434 0
435 0
440 0
442 0
444 0
447 0
453 0
454 0
457 0
458 0
463 0
470 0
475 0
481 0
483 0
484 0
487 0
496 0
501 0
502 0
504 0
512 0
513 0
516 0
518 0
525 0
541 0
542 0
543 0
549 0
550 0
556 0
561 0
563 0
564 0
581 0
590 0
593 0
594 0
601 0
603 0
605 0
607 0
608 0
609 0
611 0
612 0
621 0
625 0
626 0
628 0
633 0
637 0
639 0
641 0
642 0
644 0
648 0
649 0
651 0
652 0
653 0
659 0
660 0
667 0
671 0
672 0
680 0
682 0
683 0
686 0
687 0
688 0
692 0
693 0
696 0
702 0
704 0
722 0
737 0
738 0
739 0
741 0
753 0
756 0
757 0
771 0
774 0
779 0
781 0
784 0
789 0
794 0
802 0
808 0
811 0
814 0
818 0
819 0
823 0
825 0
827 0
828 0
832 0
840 0
843 0
851 0
852 0
854 0
855 0
857 0
860 0
861 0
863 0
868 0
869 0
883 0
888 0
889 0
890 0
893 0
894 0
898 0
900 0
902 0
903 0
909 0
910 0
913 0
920 0
921 0
922 0
923 0
928 0
942 0
948 0
961 0
963 0
964 0
967 0
971 0
976 0
985 0
986 0
988 0
996 0
998 0
999 0
