c This is a uniform distributed  1-D DIMACS file 
c width height point_number
p 1000 1000 256
3 0
5 0
9 0
15 0
16 0
17 0
21 0
22 0
28 0
30 0
39 0
43 0
44 0
52 0
60 0
61 0
62 0
64 0
78 0
79 0
80 0
84 0
86 0
87 0
90 0
91 0
93 0
94 0
95 0
123 0
124 0
126 0
127 0
128 0
129 0
131 0
133 0
134 0
138 0
139 0
151 0
152 0
154 0
155 0
160 0
162 0
163 0
164 0
165 0
168 0
170 0
175 0
181 0
182 0
193 0
194 0
199 0
200 0
204 0
210 0
211 0
214 0
217 0
229 0
230 0
232 0
235 0
245 0
249 0
250 0
253 0
254 0
255 0
260 0
261 0
263 0
266 0
269 0
275 0
277 0
287 0
289 0
296 0
297 0
308 0
319 0
321 0
325 0
327 0
335 0
337 0
338 0
340 0
345 0
347 0
348 0
357 0
361 0
362 0
363 0
368 0
369 0
371 0
378 0
379 0
383 0
395 0
401 0
413 0
414 0
427 0
428 0
432 0
439 0
440 0
442 0
447 0
450 0
451 0
452 0
461 0
463 0
467 0
473 0
475 0
477 0
478 0
485 0
486 0
487 0
491 0
494 0
495 0
501 0
507 0
511 0
514 0
515 0
534 0
540 0
545 0
556 0
557 0
558 0
564 0
567 0
568 0
572 0
576 0
578 0
579 0
583 0
586 0
588 0
593 0
598 0
599 0
600 0
605 0
607 0
608 0
612 0
615 0
623 0
632 0
633 0
634 0
638 0
648 0
652 0
654 0
661 0
662 0
664 0
666 0
671 0
672 0
681 0
684 0
687 0
688 0
695 0
696 0
697 0
700 0
701 0
708 0
711 0
715 0
716 0
718 0
723 0
726 0
727 0
733 0
735 0
746 0
747 0
767 0
771 0
779 0
781 0
796 0
799 0
800 0
801 0
803 0
809 0
810 0
811 0
819 0
820 0
821 0
826 0
828 0
829 0
831 0
838 0
839 0
840 0
841 0
843 0
844 0
849 0
859 0
870 0
871 0
875 0
881 0
883 0
884 0
885 0
888 0
893 0
909 0
910 0
911 0
913 0
914 0
921 0
922 0
929 0
933 0
935 0
936 0
946 0
947 0
950 0
960 0
966 0
971 0
974 0
977 0
988 0
990 0
995 0
