c This is a uniform distributed  1-D DIMACS file 
c width height point_number
p 1000 1000 256
1 0
13 0
20 0
22 0
30 0
33 0
34 0
40 0
43 0
46 0
52 0
54 0
65 0
71 0
75 0
77 0
78 0
84 0
89 0
91 0
94 0
95 0
97 0
100 0
101 0
102 0
104 0
112 0
119 0
120 0
131 0
133 0
137 0
140 0
143 0
144 0
151 0
152 0
155 0
161 0
162 0
172 0
179 0
181 0
182 0
192 0
199 0
200 0
203 0
204 0
207 0
209 0
213 0
214 0
216 0
220 0
223 0
229 0
230 0
231 0
237 0
239 0
241 0
255 0
262 0
265 0
267 0
272 0
276 0
277 0
285 0
286 0
301 0
306 0
316 0
317 0
319 0
326 0
329 0
331 0
336 0
350 0
357 0
360 0
367 0
380 0
384 0
388 0
391 0
394 0
402 0
405 0
406 0
407 0
408 0
414 0
423 0
424 0
426 0
427 0
431 0
434 0
436 0
439 0
444 0
452 0
457 0
474 0
483 0
485 0
494 0
495 0
496 0
498 0
499 0
501 0
506 0
512 0
522 0
523 0
524 0
532 0
536 0
537 0
538 0
539 0
540 0
541 0
544 0
545 0
548 0
554 0
559 0
560 0
563 0
568 0
570 0
576 0
577 0
581 0
585 0
587 0
588 0
589 0
595 0
596 0
597 0
598 0
601 0
603 0
607 0
610 0
616 0
617 0
619 0
622 0
623 0
630 0
633 0
641 0
643 0
648 0
650 0
651 0
660 0
664 0
667 0
669 0
679 0
682 0
688 0
699 0
700 0
702 0
704 0
709 0
716 0
720 0
724 0
727 0
729 0
732 0
747 0
749 0
752 0
755 0
756 0
757 0
761 0
762 0
763 0
765 0
766 0
768 0
770 0
772 0
777 0
783 0
792 0
794 0
795 0
813 0
814 0
816 0
821 0
832 0
833 0
834 0
835 0
836 0
839 0
843 0
847 0
851 0
852 0
854 0
856 0
861 0
866 0
872 0
877 0
879 0
883 0
893 0
897 0
900 0
903 0
906 0
907 0
908 0
914 0
916 0
921 0
922 0
927 0
933 0
935 0
938 0
940 0
941 0
944 0
952 0
953 0
969 0
970 0
973 0
977 0
978 0
981 0
982 0
986 0
992 0
994 0
995 0
997 0
998 0
