c This is a uniform distributed  1-D DIMACS file 
c width height point_number
p 100000 100000 512
144 0
190 0
343 0
554 0
605 0
618 0
870 0
957 0
960 0
1000 0
1171 0
1531 0
1886 0
2082 0
2411 0
2546 0
2962 0
2990 0
3265 0
3404 0
3554 0
3746 0
3798 0
3990 0
4283 0
4533 0
4792 0
5067 0
5453 0
5770 0
5913 0
6019 0
6023 0
6044 0
6186 0
6252 0
6855 0
7149 0
7330 0
7422 0
7445 0
7449 0
7786 0
8012 0
8022 0
8188 0
8270 0
8317 0
8320 0
8849 0
8869 0
9569 0
9881 0
10284 0
10748 0
10843 0
11257 0
11396 0
11465 0
11489 0
11510 0
12053 0
12065 0
12261 0
12271 0
12279 0
12413 0
12491 0
12936 0
13136 0
13192 0
14349 0
14704 0
14796 0
15408 0
15606 0
15742 0
15760 0
16024 0
16253 0
16379 0
16443 0
16636 0
16998 0
17090 0
17278 0
17386 0
17418 0
17439 0
17655 0
17906 0
18023 0
18104 0
18170 0
18434 0
18701 0
19724 0
19910 0
20116 0
20526 0
20545 0
20728 0
20750 0
20779 0
20839 0
20872 0
20991 0
20996 0
21249 0
21289 0
21341 0
21703 0
22123 0
22186 0
22274 0
22340 0
22460 0
22553 0
23701 0
23869 0
24240 0
24535 0
24618 0
25080 0
25486 0
25798 0
26201 0
26370 0
26515 0
26562 0
26762 0
27089 0
27186 0
27364 0
27437 0
27674 0
27778 0
27892 0
27979 0
27988 0
28274 0
28542 0
28767 0
28854 0
28918 0
29028 0
29122 0
29135 0
29534 0
29799 0
29916 0
30094 0
30402 0
30599 0
30606 0
30616 0
30873 0
30952 0
31076 0
31162 0
31199 0
31576 0
31761 0
31959 0
32195 0
32398 0
32434 0
32477 0
32514 0
32919 0
32936 0
33012 0
33538 0
33603 0
34088 0
34116 0
34519 0
34716 0
34823 0
35202 0
35292 0
35720 0
35737 0
35977 0
36358 0
36447 0
36777 0
37386 0
37511 0
37655 0
37829 0
38222 0
38905 0
39159 0
39271 0
39379 0
39514 0
39664 0
39681 0
39862 0
40225 0
40398 0
40524 0
40913 0
40972 0
41058 0
41418 0
41806 0
41811 0
42079 0
42143 0
42285 0
42471 0
42721 0
42839 0
42928 0
42960 0
42987 0
43156 0
43469 0
43506 0
43514 0
43700 0
44012 0
44025 0
44565 0
44736 0
44839 0
44859 0
45026 0
45234 0
45278 0
45300 0
46362 0
46397 0
46622 0
46644 0
46646 0
46653 0
46983 0
47022 0
47584 0
47968 0
47983 0
48099 0
48125 0
48213 0
48253 0
48302 0
48676 0
48723 0
48832 0
48936 0
49046 0
49052 0
49448 0
49973 0
50137 0
50328 0
50862 0
50985 0
51248 0
51962 0
52137 0
52336 0
52492 0
53219 0
53615 0
53651 0
53689 0
53849 0
53943 0
54143 0
54154 0
54338 0
54364 0
54371 0
54391 0
54465 0
54827 0
54828 0
55174 0
55766 0
55945 0
56090 0
56290 0
56309 0
56579 0
56954 0
57031 0
57493 0
57592 0
57638 0
58081 0
58120 0
58285 0
58462 0
58643 0
59676 0
59877 0
59909 0
60374 0
60701 0
60985 0
61343 0
61509 0
61637 0
61820 0
61833 0
62048 0
62077 0
62193 0
62612 0
62861 0
63178 0
63206 0
63384 0
63425 0
63787 0
63838 0
63852 0
64007 0
64116 0
64303 0
64440 0
64538 0
64689 0
65022 0
65024 0
65214 0
65290 0
65378 0
65454 0
65544 0
65677 0
65781 0
65886 0
66294 0
66301 0
66382 0
66413 0
66481 0
66521 0
66523 0
66640 0
66787 0
66889 0
66965 0
66966 0
67216 0
67233 0
67252 0
67255 0
67295 0
67313 0
67445 0
67487 0
67748 0
67909 0
68016 0
68027 0
68187 0
68413 0
68527 0
68695 0
68799 0
68823 0
69242 0
69414 0
69562 0
69674 0
69736 0
69833 0
69963 0
70353 0
70729 0
71155 0
71203 0
71306 0
71724 0
72071 0
72192 0
72479 0
72523 0
72654 0
72829 0
73022 0
73030 0
73096 0
73335 0
73363 0
73664 0
73803 0
73928 0
74045 0
74336 0
74383 0
75126 0
75335 0
75735 0
75856 0
76295 0
76434 0
76771 0
77024 0
77077 0
77135 0
77221 0
77672 0
77761 0
77948 0
78190 0
78346 0
78603 0
78673 0
78945 0
79030 0
79140 0
79394 0
80161 0
80197 0
80340 0
80466 0
80517 0
80626 0
80708 0
81184 0
81312 0
81535 0
81696 0
81717 0
81824 0
82069 0
82314 0
82587 0
82863 0
83250 0
83270 0
83326 0
83705 0
83826 0
83830 0
84736 0
85410 0
85485 0
85843 0
85926 0
86135 0
86249 0
86434 0
86438 0
87111 0
87165 0
87255 0
87275 0
87479 0
87708 0
88010 0
88213 0
88544 0
90026 0
90171 0
90386 0
90518 0
90903 0
91039 0
91166 0
91363 0
91387 0
91651 0
91752 0
91799 0
91813 0
92270 0
92704 0
92993 0
92995 0
93203 0
93537 0
94209 0
94336 0
94617 0
94650 0
94854 0
95080 0
95292 0
95431 0
95560 0
95568 0
95833 0
96025 0
96244 0
96470 0
97782 0
98204 0
98209 0
98293 0
98326 0
98536 0
98660 0
98687 0
98822 0
98915 0
98928 0
99054 0
99067 0
99139 0
99233 0
99534 0
99662 0
99845 0
99941 0
