c This is a uniform distributed  1-D DIMACS file 
c width height point_number
p 100000 100000 512
105 0
112 0
196 0
565 0
1101 0
1185 0
1435 0
1507 0
1705 0
1728 0
1743 0
1804 0
1947 0
2102 0
2300 0
2637 0
2759 0
3046 0
3161 0
3204 0
3559 0
3717 0
3931 0
3956 0
4096 0
4589 0
4864 0
4889 0
4905 0
5166 0
5212 0
5268 0
5388 0
5426 0
6064 0
6393 0
6522 0
6740 0
6753 0
6846 0
7148 0
7226 0
7405 0
7553 0
7810 0
8114 0
8122 0
9298 0
9985 0
10207 0
10693 0
10828 0
11512 0
11696 0
12087 0
12305 0
12398 0
12426 0
12456 0
12473 0
12826 0
12857 0
13049 0
13490 0
13517 0
13662 0
13920 0
14280 0
14799 0
15005 0
15278 0
15398 0
15931 0
16069 0
16251 0
16315 0
16362 0
16464 0
16508 0
16657 0
16844 0
17715 0
18091 0
18874 0
18914 0
18942 0
18979 0
19129 0
19163 0
19379 0
19415 0
19486 0
19525 0
19654 0
19688 0
19706 0
19805 0
19973 0
20059 0
20269 0
20309 0
20455 0
21136 0
21168 0
21438 0
21507 0
21590 0
21645 0
21732 0
21912 0
21957 0
22068 0
22243 0
22521 0
22637 0
22748 0
23059 0
23402 0
23462 0
23900 0
24019 0
24217 0
24243 0
24269 0
24318 0
24709 0
24783 0
24853 0
24926 0
25052 0
25393 0
25752 0
25809 0
25919 0
25970 0
26004 0
26044 0
26137 0
26293 0
26403 0
26639 0
26935 0
27339 0
27606 0
27728 0
28090 0
28172 0
28176 0
28236 0
28517 0
28613 0
28845 0
28855 0
28872 0
29054 0
29635 0
29863 0
30005 0
30589 0
30590 0
30811 0
30814 0
30900 0
31412 0
31480 0
31484 0
31551 0
31567 0
31736 0
32055 0
32417 0
32629 0
32801 0
32947 0
33099 0
33183 0
33197 0
33798 0
33813 0
34093 0
34347 0
34396 0
34455 0
34601 0
34875 0
35202 0
35386 0
35561 0
35566 0
35599 0
35693 0
35695 0
36069 0
36144 0
36455 0
36478 0
36768 0
36909 0
37087 0
37108 0
37140 0
37765 0
37997 0
38134 0
38164 0
38169 0
38403 0
38436 0
38440 0
38442 0
38554 0
38715 0
38873 0
39405 0
39478 0
39913 0
39985 0
40031 0
40170 0
40257 0
40308 0
40336 0
40815 0
40944 0
41451 0
41491 0
41912 0
42227 0
42395 0
42475 0
42587 0
42634 0
42649 0
43261 0
43703 0
43849 0
43939 0
44048 0
44115 0
44604 0
44660 0
44856 0
44875 0
45264 0
45312 0
45340 0
45435 0
45494 0
45508 0
45703 0
45783 0
45869 0
45944 0
46237 0
46251 0
46683 0
46804 0
46942 0
47277 0
47306 0
47572 0
47628 0
47671 0
47905 0
48162 0
48244 0
48592 0
48764 0
49076 0
49661 0
49776 0
49853 0
49921 0
49955 0
50434 0
50612 0
50808 0
50849 0
50851 0
50927 0
51111 0
51144 0
51465 0
51467 0
51576 0
51832 0
51983 0
52081 0
52420 0
52622 0
52675 0
52999 0
53035 0
53333 0
53752 0
54253 0
54495 0
54790 0
54798 0
54828 0
54920 0
55148 0
55175 0
55216 0
55841 0
55936 0
56224 0
56253 0
56301 0
56307 0
56457 0
56507 0
56598 0
57159 0
57393 0
57440 0
57628 0
57632 0
58030 0
58590 0
58889 0
59079 0
59129 0
59657 0
59684 0
60132 0
60272 0
60681 0
60871 0
61123 0
61177 0
61397 0
61618 0
61815 0
61870 0
61979 0
62057 0
62190 0
62261 0
62560 0
62569 0
62674 0
62799 0
63149 0
63519 0
63743 0
63972 0
64008 0
64013 0
64126 0
64842 0
64989 0
65469 0
65503 0
65553 0
65681 0
65807 0
65831 0
65843 0
66647 0
66737 0
66910 0
67117 0
67198 0
67428 0
67455 0
67459 0
67537 0
67538 0
68142 0
68241 0
68350 0
69125 0
69291 0
69516 0
70182 0
70204 0
70436 0
70519 0
71370 0
71390 0
71401 0
71534 0
71789 0
72256 0
72269 0
72943 0
73390 0
74032 0
74660 0
74734 0
74936 0
75616 0
75642 0
75729 0
75788 0
75827 0
76495 0
76718 0
76761 0
76950 0
77036 0
77080 0
77126 0
77358 0
77720 0
77882 0
78278 0
78336 0
78449 0
78683 0
78942 0
78948 0
79095 0
79110 0
79293 0
79500 0
79673 0
79711 0
79725 0
80143 0
80213 0
80741 0
81083 0
81091 0
81184 0
81345 0
81661 0
81791 0
81796 0
81924 0
82004 0
82972 0
83009 0
83035 0
83202 0
83476 0
83533 0
83939 0
84244 0
84695 0
84856 0
84928 0
85593 0
85843 0
86288 0
86398 0
86550 0
86826 0
86890 0
86894 0
86995 0
87025 0
87513 0
87519 0
87700 0
87953 0
88277 0
88731 0
88933 0
89031 0
89072 0
89479 0
89745 0
90004 0
90074 0
90249 0
90772 0
90784 0
91045 0
91178 0
91727 0
91933 0
92146 0
92159 0
92259 0
92343 0
92499 0
92673 0
92788 0
93136 0
93176 0
93398 0
93949 0
94434 0
94654 0
94928 0
95113 0
95326 0
95405 0
95687 0
96104 0
96368 0
96438 0
96508 0
97031 0
97327 0
97544 0
97622 0
97994 0
98074 0
98117 0
98218 0
98476 0
98493 0
98686 0
99007 0
99473 0
99560 0
99624 0
99729 0
99940 0
