c This is a uniform distributed  1-D DIMACS file 
c width height point_number
p 100000 100000 512
127 0
380 0
459 0
707 0
1032 0
1174 0
1343 0
1406 0
1630 0
1644 0
1835 0
2231 0
2567 0
2610 0
2620 0
2840 0
3450 0
4021 0
4253 0
4289 0
4376 0
4400 0
4419 0
4648 0
4653 0
4908 0
4977 0
5041 0
5151 0
5221 0
5308 0
5580 0
5858 0
6219 0
6231 0
6360 0
6644 0
6937 0
7241 0
7612 0
7668 0
7754 0
7805 0
7988 0
8011 0
8218 0
8268 0
8605 0
8724 0
8733 0
8783 0
9120 0
9482 0
10394 0
10481 0
10489 0
10875 0
10928 0
10979 0
11025 0
11162 0
11261 0
11305 0
11389 0
11416 0
11554 0
11870 0
12186 0
12218 0
12263 0
12529 0
12934 0
13318 0
13466 0
13823 0
13852 0
13861 0
13983 0
14149 0
14395 0
14494 0
15415 0
15523 0
15796 0
15828 0
15845 0
15848 0
15916 0
16071 0
16142 0
16323 0
16566 0
16637 0
17372 0
17489 0
17736 0
17781 0
17829 0
17895 0
18001 0
18178 0
18331 0
18337 0
18449 0
18466 0
18479 0
18748 0
18749 0
18791 0
18835 0
19777 0
19833 0
20234 0
20247 0
20252 0
20268 0
20358 0
20678 0
20982 0
22043 0
22354 0
22702 0
22738 0
22748 0
23401 0
23502 0
24269 0
24609 0
24643 0
24703 0
25227 0
25420 0
25479 0
25511 0
25910 0
26794 0
26888 0
27086 0
27106 0
27444 0
27478 0
27598 0
28083 0
28390 0
28508 0
28845 0
29103 0
29125 0
29420 0
29667 0
29715 0
29740 0
29892 0
30338 0
30653 0
30725 0
31083 0
31599 0
32120 0
32381 0
32426 0
32799 0
33388 0
33508 0
33616 0
33700 0
33701 0
33939 0
34071 0
34082 0
34126 0
34701 0
34750 0
35030 0
35072 0
35275 0
35601 0
35917 0
36041 0
36207 0
36621 0
36931 0
37119 0
37954 0
38055 0
38098 0
38156 0
38196 0
38303 0
38321 0
38632 0
39179 0
39516 0
39573 0
39977 0
40092 0
40265 0
40305 0
40361 0
40754 0
41094 0
41233 0
41325 0
41536 0
41673 0
41716 0
41719 0
41784 0
41805 0
42016 0
42066 0
42099 0
42179 0
42249 0
42443 0
42551 0
42557 0
42652 0
42867 0
43178 0
43221 0
43271 0
44388 0
44774 0
44795 0
44918 0
44928 0
44990 0
45000 0
45090 0
45108 0
45349 0
45377 0
45387 0
45565 0
46428 0
46744 0
46825 0
47353 0
47408 0
47593 0
47645 0
47712 0
48029 0
48290 0
48409 0
48702 0
49159 0
49190 0
49679 0
50262 0
50613 0
50651 0
50721 0
51059 0
51296 0
51412 0
51540 0
51666 0
51783 0
51817 0
51978 0
52846 0
53413 0
53471 0
53578 0
53614 0
53657 0
53852 0
53872 0
53921 0
54287 0
54387 0
54474 0
54565 0
54943 0
55107 0
55708 0
55771 0
56047 0
56056 0
56194 0
56349 0
56436 0
56543 0
56697 0
56764 0
56969 0
57205 0
57429 0
57551 0
57652 0
57975 0
57991 0
58137 0
58211 0
58223 0
58290 0
58481 0
58667 0
59291 0
59331 0
59680 0
60851 0
61293 0
61296 0
61642 0
61808 0
61854 0
62050 0
62054 0
62066 0
62141 0
62215 0
62902 0
62914 0
63081 0
63371 0
63396 0
63660 0
63960 0
64174 0
64474 0
64520 0
64611 0
64612 0
64716 0
64720 0
64726 0
64906 0
65647 0
65721 0
66058 0
66128 0
66224 0
66290 0
66328 0
66583 0
66647 0
66823 0
67184 0
67330 0
67598 0
67702 0
67714 0
67812 0
67922 0
68067 0
68138 0
68322 0
68375 0
68715 0
68776 0
68852 0
68971 0
68990 0
69155 0
69419 0
69427 0
69593 0
69791 0
69887 0
70176 0
70462 0
70680 0
71082 0
71627 0
71880 0
71961 0
72093 0
72207 0
72239 0
72602 0
72765 0
72775 0
72786 0
72906 0
72969 0
73416 0
73669 0
73784 0
73864 0
73904 0
73953 0
74198 0
74481 0
74592 0
74809 0
74842 0
74908 0
75173 0
75335 0
75673 0
75744 0
75934 0
76182 0
76235 0
76287 0
76591 0
77125 0
77317 0
77438 0
77565 0
77989 0
78335 0
79003 0
79246 0
79702 0
79813 0
79946 0
80168 0
80295 0
80480 0
80557 0
80559 0
80950 0
81028 0
81264 0
81441 0
81847 0
82217 0
82242 0
82353 0
82378 0
82778 0
83105 0
83184 0
83478 0
83922 0
83985 0
84356 0
84868 0
84881 0
84956 0
85068 0
85253 0
85292 0
85410 0
85593 0
85621 0
85786 0
85883 0
86060 0
86509 0
86513 0
86527 0
86574 0
86612 0
86710 0
87133 0
87288 0
87294 0
87303 0
87321 0
87417 0
87514 0
87999 0
88047 0
88365 0
88393 0
88537 0
88557 0
88725 0
88869 0
89843 0
90283 0
90366 0
90429 0
90653 0
90770 0
90806 0
90998 0
91943 0
92442 0
93218 0
93354 0
93731 0
93950 0
94011 0
94058 0
94466 0
94668 0
95012 0
95025 0
95573 0
95583 0
95873 0
95936 0
95954 0
96020 0
96337 0
96358 0
96441 0
96561 0
96598 0
96750 0
96818 0
96948 0
97102 0
97261 0
97266 0
97376 0
98075 0
98383 0
98394 0
98437 0
98534 0
98970 0
98985 0
99143 0
99172 0
99889 0
