c This is a uniform distributed  1-D DIMACS file 
c width height point_number
p 100000 100000 512
117 0
733 0
860 0
1061 0
1101 0
1415 0
1451 0
1455 0
1460 0
1814 0
1895 0
2155 0
2185 0
2780 0
2891 0
3225 0
3542 0
3550 0
4078 0
4234 0
4478 0
4685 0
4763 0
5048 0
5145 0
5844 0
6099 0
6424 0
6654 0
7031 0
7153 0
7235 0
7274 0
7382 0
7448 0
7609 0
7651 0
7692 0
7885 0
7927 0
7937 0
8110 0
8440 0
8799 0
9038 0
9048 0
9897 0
10116 0
10214 0
10888 0
11033 0
11407 0
11653 0
11788 0
12014 0
12099 0
12781 0
13151 0
13616 0
13625 0
14059 0
14067 0
14104 0
14342 0
14568 0
14755 0
15349 0
15425 0
15975 0
16249 0
16254 0
16432 0
17214 0
17430 0
17754 0
17785 0
17787 0
18062 0
18363 0
18378 0
18544 0
18967 0
19425 0
19459 0
19797 0
20194 0
20347 0
20571 0
20821 0
20921 0
20973 0
21038 0
21083 0
21263 0
21328 0
21625 0
21709 0
21746 0
21932 0
22132 0
22264 0
22348 0
22390 0
22446 0
22477 0
22754 0
22892 0
22981 0
23055 0
23262 0
23675 0
23723 0
23795 0
23828 0
23831 0
23871 0
24666 0
24738 0
25004 0
25117 0
25171 0
25519 0
26321 0
26587 0
26588 0
26643 0
26661 0
26774 0
27045 0
27165 0
27231 0
27234 0
27567 0
27598 0
28081 0
28193 0
28301 0
28334 0
28968 0
29416 0
29652 0
29687 0
29871 0
30140 0
30150 0
30187 0
30737 0
30946 0
31496 0
31678 0
31722 0
31930 0
32088 0
32189 0
32403 0
32455 0
32568 0
32639 0
32649 0
32717 0
32772 0
32788 0
33416 0
33599 0
33746 0
33909 0
34382 0
34484 0
34611 0
34730 0
34840 0
34891 0
34948 0
35139 0
35477 0
35585 0
35625 0
35737 0
35808 0
36237 0
36238 0
36465 0
36499 0
36617 0
36627 0
36836 0
37089 0
37118 0
37499 0
37965 0
38257 0
38577 0
38610 0
38631 0
38719 0
38785 0
38833 0
38875 0
39006 0
39374 0
39446 0
39507 0
39550 0
39575 0
40135 0
40225 0
40241 0
40723 0
40794 0
40841 0
40923 0
41059 0
41209 0
41260 0
41600 0
41940 0
41948 0
42034 0
42083 0
42597 0
42960 0
43045 0
43403 0
43422 0
43647 0
43868 0
44252 0
44383 0
44392 0
44778 0
44817 0
45276 0
45300 0
45783 0
45789 0
45888 0
45977 0
46164 0
46239 0
46545 0
46583 0
46762 0
46871 0
47073 0
47154 0
47182 0
47403 0
47661 0
47697 0
47710 0
47730 0
47864 0
48181 0
48294 0
48751 0
48782 0
48867 0
48955 0
48980 0
49014 0
49099 0
49242 0
49243 0
50107 0
50223 0
50609 0
50678 0
50720 0
51007 0
51083 0
51132 0
51137 0
51148 0
51836 0
52509 0
52656 0
52778 0
52788 0
52912 0
52974 0
53099 0
53217 0
53614 0
53670 0
54106 0
54397 0
54536 0
54806 0
54955 0
55132 0
55182 0
55389 0
55521 0
55648 0
55727 0
55729 0
55902 0
55953 0
56006 0
56141 0
56213 0
56476 0
56493 0
56616 0
56650 0
56835 0
57007 0
57145 0
57203 0
57635 0
57685 0
57729 0
57802 0
57930 0
58316 0
58480 0
58503 0
58575 0
59215 0
59324 0
59564 0
59779 0
59786 0
60215 0
60234 0
60286 0
60454 0
60457 0
60488 0
60805 0
60960 0
61257 0
61426 0
61799 0
62475 0
62599 0
62701 0
63168 0
63185 0
63269 0
63290 0
63497 0
64354 0
64611 0
64670 0
64791 0
64918 0
64988 0
65172 0
65367 0
65505 0
65698 0
65730 0
65787 0
66129 0
66147 0
66423 0
66520 0
66995 0
68089 0
68200 0
68343 0
68755 0
68865 0
69196 0
69244 0
69909 0
70270 0
70488 0
70967 0
70975 0
71119 0
71246 0
71363 0
71796 0
72113 0
72242 0
72370 0
72945 0
73082 0
73099 0
73122 0
73131 0
73563 0
73727 0
74320 0
74408 0
74493 0
74557 0
74650 0
74667 0
75226 0
75287 0
75320 0
75472 0
75537 0
75573 0
75686 0
75909 0
76021 0
76301 0
76550 0
77060 0
77112 0
77375 0
77862 0
77963 0
78202 0
78386 0
79581 0
79622 0
79985 0
79999 0
80257 0
80526 0
80612 0
80879 0
81112 0
81276 0
81561 0
81611 0
81864 0
82074 0
82562 0
82840 0
82887 0
82889 0
83197 0
83518 0
83740 0
83768 0
83945 0
83955 0
83997 0
84012 0
84040 0
84372 0
84414 0
84641 0
84729 0
84875 0
85043 0
85092 0
85273 0
85815 0
85994 0
86040 0
86053 0
86349 0
86395 0
86434 0
86452 0
86771 0
87023 0
87080 0
87088 0
87143 0
87320 0
87554 0
87783 0
88119 0
88409 0
88659 0
88801 0
89072 0
89080 0
89133 0
89777 0
89854 0
91117 0
91195 0
91525 0
91883 0
92259 0
92307 0
92524 0
92978 0
93260 0
93285 0
93376 0
93532 0
93597 0
93714 0
93887 0
94261 0
94411 0
94505 0
94607 0
95198 0
95333 0
95446 0
95616 0
95793 0
95902 0
95952 0
96061 0
96286 0
96487 0
96687 0
97032 0
97084 0
97303 0
97615 0
97673 0
97751 0
97792 0
98184 0
98274 0
98528 0
99295 0
99371 0
99965 0
