c This is a uniform distributed  1-D DIMACS file 
c width height point_number
p 100000 100000 512
47 0
113 0
223 0
568 0
615 0
737 0
778 0
814 0
826 0
1043 0
1101 0
1432 0
1476 0
1560 0
1727 0
1851 0
1930 0
2868 0
2944 0
2970 0
3036 0
3071 0
3473 0
3744 0
3786 0
3947 0
3960 0
4460 0
5788 0
6081 0
6212 0
6275 0
6519 0
6877 0
6883 0
6886 0
6912 0
6946 0
7306 0
7456 0
7578 0
7670 0
8008 0
8042 0
8124 0
9324 0
9494 0
9746 0
9997 0
10301 0
10344 0
10644 0
10881 0
11121 0
11258 0
11318 0
11456 0
11528 0
11836 0
11916 0
11945 0
11952 0
12145 0
12261 0
12572 0
12578 0
12902 0
12993 0
12995 0
13188 0
13651 0
14061 0
14154 0
14415 0
14524 0
14765 0
15163 0
15245 0
15438 0
15872 0
16811 0
16981 0
17011 0
17284 0
17474 0
17727 0
17741 0
17778 0
18020 0
18156 0
18767 0
18795 0
18868 0
19298 0
19306 0
19406 0
19543 0
19706 0
19775 0
19782 0
20277 0
20792 0
21004 0
21298 0
21462 0
21940 0
22385 0
22752 0
22998 0
23467 0
23538 0
24056 0
24265 0
24934 0
25493 0
25654 0
25739 0
25850 0
26192 0
26692 0
27028 0
27090 0
27233 0
27275 0
27331 0
27495 0
27738 0
28087 0
28131 0
28415 0
28644 0
28882 0
29702 0
29781 0
30112 0
30134 0
31034 0
31366 0
31407 0
31481 0
31648 0
31701 0
31913 0
31990 0
32045 0
32465 0
32586 0
32942 0
32954 0
33089 0
33109 0
33197 0
33301 0
33380 0
33730 0
34111 0
34553 0
34592 0
34838 0
34839 0
35072 0
35140 0
35617 0
35654 0
35663 0
35768 0
35965 0
35999 0
36191 0
36275 0
36445 0
36681 0
36694 0
36750 0
36853 0
36918 0
36958 0
37103 0
37264 0
37285 0
37640 0
37885 0
38264 0
38307 0
38324 0
38346 0
38387 0
38514 0
38896 0
39219 0
39379 0
39527 0
39826 0
39836 0
40134 0
40444 0
40650 0
40911 0
41354 0
41386 0
41611 0
41727 0
42064 0
42071 0
42087 0
42189 0
42311 0
42553 0
42723 0
42966 0
43082 0
43403 0
43526 0
43697 0
44147 0
44558 0
44735 0
44999 0
45096 0
45206 0
45273 0
45592 0
45649 0
46433 0
46868 0
46934 0
46939 0
47211 0
47899 0
47948 0
47949 0
47994 0
48068 0
48080 0
48447 0
49034 0
49074 0
49387 0
49700 0
49740 0
49798 0
50355 0
50529 0
50626 0
51015 0
51096 0
51545 0
52307 0
52451 0
52572 0
52608 0
53422 0
53580 0
53670 0
53899 0
54109 0
54310 0
54595 0
54689 0
54707 0
54952 0
55301 0
55579 0
55745 0
55796 0
55840 0
55902 0
55995 0
56018 0
56616 0
56826 0
56840 0
57082 0
57111 0
57350 0
57555 0
57663 0
57940 0
58185 0
58401 0
58547 0
58769 0
58783 0
58974 0
59042 0
59465 0
59691 0
59863 0
59864 0
60040 0
60217 0
60332 0
60445 0
60459 0
60715 0
60911 0
61081 0
61221 0
61718 0
62129 0
62231 0
62344 0
62775 0
62936 0
63038 0
63083 0
63164 0
63319 0
63522 0
63943 0
64192 0
64285 0
64527 0
64958 0
64991 0
65014 0
65144 0
65265 0
65398 0
65581 0
65827 0
65876 0
66291 0
66348 0
66576 0
66726 0
66734 0
66909 0
66994 0
67031 0
67438 0
67517 0
67768 0
67882 0
68228 0
68675 0
68723 0
68812 0
68912 0
69120 0
69259 0
69327 0
70249 0
70266 0
70274 0
70699 0
70757 0
70831 0
70848 0
70992 0
71470 0
71606 0
71729 0
72059 0
72180 0
72197 0
72357 0
72543 0
72565 0
73115 0
73123 0
73285 0
73494 0
73692 0
73701 0
74317 0
74562 0
74848 0
74933 0
74940 0
75130 0
75289 0
75994 0
76213 0
76362 0
76366 0
76614 0
76620 0
76646 0
76759 0
76926 0
77080 0
77161 0
77301 0
77354 0
77413 0
77763 0
77774 0
77939 0
78237 0
78335 0
78517 0
78610 0
78672 0
79067 0
79230 0
79507 0
79585 0
79611 0
79629 0
79812 0
80074 0
80457 0
80467 0
80470 0
80695 0
80894 0
80964 0
80969 0
81008 0
81147 0
81547 0
82136 0
82645 0
82762 0
83214 0
83627 0
83783 0
83906 0
84059 0
84211 0
84344 0
84798 0
84806 0
84822 0
84932 0
84986 0
85102 0
85253 0
85533 0
86070 0
86083 0
86782 0
86955 0
87075 0
87427 0
87636 0
87744 0
87941 0
88045 0
88299 0
89417 0
89676 0
90000 0
90217 0
90221 0
90323 0
90521 0
90715 0
90895 0
90948 0
91107 0
91257 0
91280 0
91492 0
91510 0
92360 0
92661 0
92828 0
92882 0
92899 0
92999 0
93454 0
93606 0
93743 0
93827 0
93905 0
94183 0
94222 0
94435 0
94458 0
94484 0
94533 0
94658 0
94735 0
94736 0
95475 0
95853 0
95889 0
96000 0
96342 0
96363 0
96437 0
96488 0
96733 0
96818 0
96832 0
97009 0
97027 0
97397 0
97398 0
97492 0
97595 0
97654 0
97980 0
98068 0
98204 0
98354 0
98405 0
98461 0
98519 0
98563 0
98606 0
98872 0
99087 0
99247 0
99256 0
99289 0
99486 0
99693 0
99785 0
99965 0
