c This is a uniform distributed  1-D DIMACS file 
c width height point_number
p 100000 100000 512
200 0
316 0
777 0
818 0
823 0
970 0
1086 0
1127 0
1433 0
1717 0
1785 0
1971 0
2077 0
2326 0
2567 0
2712 0
2761 0
3027 0
3212 0
3499 0
3541 0
3727 0
3830 0
3901 0
3916 0
4145 0
4184 0
4307 0
4758 0
4821 0
4873 0
4883 0
5265 0
5536 0
5736 0
5744 0
5931 0
6035 0
6963 0
7136 0
7816 0
7973 0
8337 0
8387 0
8554 0
8658 0
8741 0
9267 0
9292 0
9401 0
9618 0
9817 0
10198 0
10252 0
10474 0
10703 0
10749 0
10915 0
11004 0
11302 0
11305 0
11362 0
11739 0
12294 0
12407 0
12583 0
12774 0
12802 0
13093 0
13568 0
13779 0
13793 0
14013 0
14037 0
14082 0
14305 0
14490 0
14949 0
14953 0
15404 0
15428 0
15506 0
15513 0
15700 0
16177 0
16716 0
17105 0
17117 0
17159 0
17744 0
17797 0
17832 0
17920 0
18002 0
18038 0
18124 0
18289 0
18404 0
18519 0
18663 0
19365 0
19647 0
19751 0
20130 0
20357 0
20772 0
20916 0
21213 0
21258 0
21432 0
21606 0
21722 0
21974 0
22213 0
22295 0
22697 0
22830 0
22911 0
23105 0
23144 0
23264 0
23649 0
23776 0
24226 0
24744 0
24818 0
25168 0
25982 0
26056 0
26167 0
26315 0
26477 0
26520 0
26785 0
27246 0
27310 0
28069 0
28108 0
28183 0
28186 0
28361 0
28427 0
28593 0
28737 0
28907 0
28946 0
29189 0
29377 0
29413 0
29448 0
29900 0
30081 0
30157 0
30193 0
30346 0
30572 0
30603 0
31211 0
31463 0
31471 0
31566 0
31784 0
31855 0
31957 0
31963 0
32187 0
32508 0
32720 0
33585 0
34058 0
34577 0
34727 0
34921 0
34975 0
35381 0
35767 0
36075 0
36241 0
36254 0
36283 0
36309 0
36357 0
36391 0
36487 0
36583 0
36687 0
36719 0
37063 0
37136 0
37204 0
37828 0
38052 0
38109 0
38626 0
38677 0
38864 0
39850 0
39907 0
39943 0
40537 0
40649 0
40780 0
40835 0
40876 0
41232 0
41449 0
41531 0
41678 0
41748 0
41789 0
41839 0
41937 0
42421 0
42541 0
42598 0
42668 0
42674 0
43073 0
43229 0
43774 0
44019 0
44033 0
44038 0
44052 0
44100 0
44102 0
44145 0
44382 0
44434 0
44491 0
44760 0
44807 0
45136 0
45549 0
45959 0
46038 0
46047 0
46192 0
46277 0
46522 0
47054 0
47084 0
47477 0
47498 0
47962 0
48040 0
48240 0
48424 0
48653 0
48966 0
49204 0
49763 0
49850 0
50219 0
50241 0
50247 0
50378 0
50452 0
50590 0
50825 0
50844 0
50984 0
51643 0
51718 0
52310 0
52387 0
52555 0
52676 0
52763 0
52805 0
52962 0
53165 0
53815 0
53827 0
54372 0
54399 0
54518 0
54528 0
54917 0
55033 0
55363 0
55455 0
55473 0
55671 0
56067 0
56105 0
56576 0
56577 0
56689 0
56814 0
57086 0
57113 0
57814 0
58417 0
58526 0
58613 0
58731 0
59125 0
59372 0
59392 0
59537 0
59652 0
59767 0
59789 0
59868 0
59955 0
60108 0
60184 0
60535 0
60607 0
60640 0
60653 0
60697 0
60986 0
61319 0
61394 0
61509 0
61664 0
61816 0
61980 0
62053 0
62457 0
62506 0
62551 0
62791 0
63299 0
63364 0
64333 0
64492 0
64528 0
64740 0
64781 0
64891 0
65010 0
65069 0
65267 0
65580 0
65707 0
65898 0
66174 0
66429 0
66517 0
67144 0
67562 0
67764 0
67816 0
67856 0
67971 0
68147 0
68423 0
68505 0
68712 0
69171 0
69452 0
69540 0
69706 0
69782 0
70250 0
70483 0
70909 0
71098 0
71313 0
71347 0
71543 0
71869 0
71958 0
71969 0
72265 0
72319 0
72339 0
72595 0
72992 0
73074 0
73164 0
73331 0
73539 0
73768 0
73853 0
73863 0
73864 0
74007 0
74281 0
74367 0
74529 0
74808 0
74907 0
75467 0
75559 0
75690 0
76001 0
76140 0
76638 0
76939 0
77065 0
77090 0
77263 0
77427 0
77773 0
78230 0
79584 0
80388 0
80651 0
80855 0
80865 0
81019 0
81031 0
81107 0
81470 0
81546 0
82576 0
82646 0
82748 0
82841 0
82942 0
83137 0
83494 0
83582 0
83802 0
84070 0
84077 0
84082 0
84100 0
84274 0
84386 0
84546 0
84632 0
84746 0
84793 0
85071 0
85256 0
85403 0
85848 0
85964 0
86169 0
86253 0
86327 0
86349 0
86366 0
86422 0
87327 0
87550 0
87622 0
87852 0
88018 0
88239 0
88268 0
88292 0
88396 0
88873 0
88989 0
89031 0
89038 0
89488 0
89572 0
89735 0
89871 0
89950 0
90160 0
91263 0
91758 0
91823 0
91829 0
91912 0
91920 0
91931 0
92091 0
92417 0
92475 0
92483 0
92635 0
92856 0
92975 0
93057 0
93189 0
93459 0
93614 0
93694 0
93972 0
94054 0
94058 0
94176 0
94208 0
94771 0
94876 0
94963 0
95333 0
95473 0
96127 0
96147 0
96214 0
96284 0
96535 0
96694 0
96956 0
97341 0
97393 0
97466 0
97504 0
97683 0
97714 0
97909 0
98184 0
98307 0
98463 0
98466 0
98472 0
98513 0
98646 0
98735 0
98779 0
99574 0
99999 0
