c This is a uniform distributed  1-D DIMACS file 
c width height point_number
p 100000 100000 512
9 0
17 0
214 0
767 0
886 0
932 0
943 0
1224 0
1236 0
1260 0
1655 0
1987 0
2245 0
2771 0
2844 0
2921 0
3261 0
3353 0
3395 0
3670 0
3727 0
3729 0
3948 0
4529 0
4860 0
5144 0
5377 0
5416 0
5945 0
6275 0
6379 0
6457 0
6686 0
6775 0
6802 0
6815 0
6819 0
7088 0
7232 0
7352 0
7353 0
7482 0
7940 0
8054 0
8453 0
8497 0
8595 0
8722 0
9724 0
10027 0
10685 0
10937 0
10998 0
11055 0
11138 0
11269 0
11313 0
11441 0
11585 0
11606 0
12071 0
12434 0
12525 0
12585 0
12659 0
12680 0
12687 0
13020 0
13072 0
13209 0
13302 0
13322 0
13583 0
13838 0
13940 0
13947 0
14170 0
14391 0
14719 0
14838 0
15153 0
15427 0
15892 0
16130 0
16261 0
17353 0
17485 0
17676 0
17808 0
18173 0
18215 0
18432 0
18777 0
18849 0
18919 0
19027 0
19090 0
19258 0
19312 0
19525 0
19674 0
19691 0
20100 0
20857 0
20920 0
20937 0
21261 0
21368 0
21397 0
21686 0
21764 0
21775 0
21794 0
21898 0
21907 0
21959 0
22058 0
22233 0
22337 0
22667 0
22758 0
22918 0
22979 0
23263 0
24167 0
24413 0
24635 0
24791 0
24849 0
24934 0
25416 0
25736 0
25750 0
25795 0
25896 0
25909 0
25980 0
26546 0
26630 0
26687 0
26774 0
26842 0
27064 0
27231 0
27627 0
27759 0
27899 0
28144 0
28413 0
28730 0
28740 0
28770 0
28936 0
29380 0
29652 0
29736 0
29785 0
29960 0
30034 0
30467 0
30508 0
30598 0
30637 0
30679 0
30811 0
31799 0
31810 0
32398 0
32404 0
32750 0
33051 0
33716 0
33944 0
33951 0
33970 0
34025 0
34078 0
34100 0
34325 0
34686 0
34918 0
35035 0
35073 0
35167 0
35263 0
35343 0
35362 0
35503 0
35632 0
35716 0
36196 0
36368 0
36940 0
37033 0
37290 0
37561 0
37865 0
38161 0
38254 0
38508 0
38804 0
39414 0
39509 0
39592 0
40134 0
40243 0
40625 0
40793 0
40841 0
40998 0
41023 0
41059 0
41092 0
41176 0
41323 0
41346 0
41557 0
42190 0
42565 0
43225 0
43408 0
43529 0
43652 0
43768 0
43786 0
43857 0
43897 0
43943 0
44080 0
44280 0
44685 0
44789 0
44955 0
45140 0
45161 0
45398 0
45582 0
45978 0
46148 0
46819 0
47050 0
47436 0
48150 0
48156 0
48678 0
48721 0
48732 0
49322 0
49359 0
49390 0
49576 0
49691 0
50546 0
50765 0
50795 0
50861 0
50985 0
51021 0
51159 0
51440 0
51463 0
51749 0
52307 0
52467 0
52756 0
52835 0
52929 0
52962 0
53067 0
53247 0
53278 0
53469 0
53609 0
53627 0
53752 0
54406 0
54447 0
55504 0
55614 0
55765 0
55856 0
56423 0
56575 0
56633 0
56987 0
57077 0
57078 0
57391 0
57398 0
57552 0
57597 0
57648 0
57811 0
57886 0
57910 0
58058 0
58163 0
58332 0
58476 0
58683 0
59043 0
59242 0
59918 0
59963 0
60189 0
60312 0
60486 0
60585 0
60836 0
61109 0
61116 0
61200 0
61259 0
61437 0
61519 0
62392 0
62453 0
62657 0
62689 0
62814 0
62836 0
62971 0
63198 0
63456 0
63481 0
63972 0
64016 0
64085 0
64098 0
64767 0
65156 0
65443 0
65642 0
65756 0
65953 0
66276 0
66805 0
66907 0
67053 0
67214 0
67250 0
67590 0
67674 0
67759 0
67817 0
67864 0
67977 0
68219 0
68646 0
68718 0
68853 0
68994 0
69033 0
69204 0
69261 0
69363 0
70032 0
70117 0
70125 0
70496 0
70670 0
70724 0
70953 0
70960 0
71408 0
71512 0
71726 0
72070 0
72678 0
72816 0
73089 0
73617 0
73643 0
74069 0
74446 0
75048 0
75155 0
75290 0
75563 0
75779 0
75793 0
75804 0
75831 0
75976 0
76033 0
76091 0
76406 0
76445 0
76538 0
76698 0
77269 0
77340 0
77670 0
77747 0
78325 0
78533 0
78848 0
79245 0
79352 0
79423 0
79497 0
79684 0
80010 0
80331 0
80526 0
80606 0
80722 0
81682 0
81699 0
81932 0
82102 0
82386 0
82544 0
82645 0
82819 0
83016 0
83065 0
83124 0
83354 0
83379 0
83441 0
83508 0
83956 0
83986 0
84577 0
85180 0
85200 0
85536 0
85562 0
85609 0
85873 0
85921 0
86198 0
86440 0
86634 0
86796 0
86978 0
87101 0
87214 0
87411 0
87468 0
87481 0
87549 0
87856 0
87904 0
88025 0
88055 0
88108 0
88485 0
88618 0
88966 0
89034 0
89040 0
89184 0
89195 0
89210 0
89366 0
89463 0
89636 0
90083 0
90151 0
90765 0
91028 0
91351 0
92036 0
92229 0
92231 0
92242 0
92304 0
92373 0
92559 0
92723 0
92991 0
93062 0
93334 0
93339 0
93412 0
93914 0
93922 0
93987 0
94052 0
94234 0
94402 0
94585 0
94692 0
94782 0
95699 0
96124 0
96182 0
96187 0
96200 0
96278 0
96417 0
97175 0
97390 0
97593 0
97634 0
97711 0
98315 0
98438 0
98576 0
98887 0
99062 0
99219 0
99293 0
99471 0
99682 0
99863 0
99968 0
99981 0
99990 0
99998 0
