c This is a uniform distributed  1-D DIMACS file 
c width height point_number
p 100000 100000 512
234 0
301 0
654 0
669 0
674 0
861 0
1136 0
1143 0
1237 0
1344 0
1583 0
1590 0
1742 0
1815 0
1845 0
2040 0
2316 0
2340 0
2453 0
2495 0
2666 0
3073 0
3119 0
3133 0
3377 0
3455 0
4242 0
4849 0
4893 0
5037 0
5140 0
5210 0
5375 0
5490 0
5624 0
5630 0
5675 0
5827 0
6360 0
6605 0
6623 0
6651 0
7029 0
7199 0
7428 0
7724 0
7807 0
7826 0
7866 0
7878 0
8046 0
8162 0
8545 0
8567 0
8568 0
8602 0
9115 0
9315 0
9471 0
9501 0
9761 0
9999 0
10398 0
10412 0
10597 0
10599 0
10772 0
10795 0
10856 0
10866 0
10876 0
10881 0
11150 0
11224 0
11334 0
11403 0
11952 0
12127 0
12171 0
12293 0
12504 0
13284 0
13383 0
13551 0
13681 0
13898 0
14299 0
14370 0
14704 0
14880 0
15143 0
15356 0
15711 0
15922 0
16021 0
16040 0
16143 0
16152 0
16254 0
16402 0
16465 0
16555 0
16767 0
16882 0
17013 0
17675 0
18021 0
18151 0
18381 0
18392 0
18430 0
18514 0
18577 0
19246 0
19251 0
19741 0
20151 0
20273 0
20344 0
20818 0
20825 0
21317 0
21558 0
21736 0
21994 0
22146 0
22252 0
22324 0
22364 0
22406 0
22621 0
22707 0
22981 0
23323 0
23353 0
23577 0
23581 0
23640 0
23811 0
24074 0
24089 0
24147 0
24382 0
24528 0
25082 0
25210 0
25216 0
25430 0
25540 0
26028 0
26266 0
26522 0
27173 0
27194 0
27277 0
27311 0
27700 0
28251 0
28314 0
28340 0
28355 0
28596 0
28784 0
28887 0
28963 0
29098 0
29292 0
29582 0
29627 0
29743 0
29808 0
29973 0
30510 0
30651 0
30863 0
31496 0
31904 0
31985 0
32113 0
32540 0
33395 0
33453 0
33529 0
33577 0
34141 0
34347 0
34447 0
34456 0
34505 0
35182 0
35268 0
35621 0
35846 0
36627 0
36681 0
37122 0
37150 0
37256 0
37944 0
38010 0
39350 0
39952 0
40115 0
40491 0
40890 0
41085 0
41119 0
41195 0
41390 0
41581 0
41664 0
41785 0
41953 0
42001 0
42004 0
42038 0
42636 0
42673 0
43334 0
43866 0
43936 0
44018 0
44143 0
44389 0
44430 0
44498 0
44567 0
44617 0
44641 0
44754 0
45114 0
45218 0
45292 0
45614 0
45702 0
46050 0
46087 0
46434 0
47029 0
47073 0
47264 0
47321 0
47385 0
47674 0
48082 0
49514 0
49564 0
49593 0
49723 0
50154 0
50330 0
50332 0
50518 0
50722 0
50877 0
50907 0
51387 0
51445 0
51503 0
51528 0
51578 0
51815 0
52033 0
52055 0
52104 0
52201 0
52455 0
52568 0
52651 0
52956 0
52975 0
53055 0
54270 0
54436 0
54863 0
54882 0
55181 0
55311 0
55435 0
55616 0
55828 0
55872 0
56145 0
56338 0
56644 0
56757 0
56867 0
57202 0
57259 0
57293 0
58030 0
58218 0
58638 0
58667 0
58762 0
58854 0
59066 0
59388 0
59682 0
59733 0
59861 0
60498 0
60669 0
61407 0
61769 0
61964 0
62055 0
62189 0
62342 0
62424 0
62482 0
62805 0
63089 0
63115 0
63175 0
63343 0
63422 0
63817 0
63827 0
64023 0
64416 0
64517 0
64575 0
65300 0
65337 0
65563 0
65605 0
65677 0
65726 0
65892 0
65989 0
66077 0
66506 0
66554 0
66618 0
67103 0
67124 0
67156 0
67370 0
68188 0
68384 0
68528 0
68818 0
68906 0
69147 0
69333 0
69642 0
70169 0
70293 0
70499 0
70594 0
70747 0
70965 0
71030 0
71095 0
71464 0
71501 0
71515 0
71585 0
71615 0
71713 0
71772 0
72089 0
72182 0
72799 0
72920 0
72964 0
74252 0
74400 0
74482 0
74653 0
75041 0
75237 0
75544 0
75567 0
75700 0
75930 0
76027 0
76238 0
76588 0
76629 0
76846 0
76943 0
77231 0
77313 0
77422 0
77510 0
77571 0
77574 0
77815 0
78106 0
78219 0
78562 0
79222 0
79241 0
79931 0
80030 0
80130 0
80502 0
80566 0
80618 0
80658 0
80673 0
80775 0
81055 0
81236 0
81434 0
81777 0
81835 0
81887 0
81901 0
82006 0
82086 0
82185 0
82233 0
82577 0
83485 0
83689 0
83759 0
83927 0
84022 0
84029 0
84062 0
84531 0
84590 0
84677 0
84851 0
85318 0
85325 0
85521 0
85624 0
85692 0
86015 0
86113 0
86342 0
86486 0
86508 0
86953 0
87084 0
87095 0
87384 0
87474 0
87770 0
87839 0
88641 0
88669 0
88699 0
88795 0
88884 0
88911 0
88979 0
89000 0
89150 0
89198 0
89327 0
89391 0
89416 0
89507 0
89600 0
89960 0
89969 0
90042 0
90133 0
90370 0
90481 0
90573 0
90913 0
90927 0
90955 0
90972 0
91043 0
91629 0
91748 0
92195 0
92286 0
92364 0
92860 0
93048 0
93119 0
93483 0
93631 0
93751 0
93757 0
93778 0
94141 0
94276 0
94315 0
94353 0
94500 0
94640 0
94794 0
94835 0
94880 0
95526 0
95656 0
95873 0
96086 0
96408 0
96551 0
96699 0
96854 0
96883 0
97080 0
97245 0
97282 0
97360 0
97782 0
98024 0
98085 0
98147 0
98269 0
98547 0
