c This is a uniform distributed  1-D DIMACS file 
c width height point_number
p 100000 100000 512
356 0
480 0
516 0
602 0
1057 0
1466 0
1468 0
1683 0
1803 0
2542 0
2678 0
2699 0
3007 0
3247 0
3248 0
3688 0
3730 0
3991 0
4074 0
4696 0
5243 0
5292 0
5568 0
6231 0
6521 0
7205 0
7210 0
7726 0
7964 0
7976 0
8049 0
8101 0
8105 0
8316 0
8437 0
8834 0
8896 0
8923 0
8965 0
8971 0
9128 0
9501 0
9644 0
10058 0
10232 0
10371 0
10541 0
10720 0
10768 0
10916 0
11455 0
11553 0
11715 0
11958 0
12238 0
12362 0
12417 0
12502 0
12701 0
12783 0
13173 0
13557 0
13569 0
13672 0
13803 0
14331 0
14457 0
15029 0
15242 0
15384 0
15402 0
15411 0
15616 0
15737 0
15823 0
16218 0
16596 0
16912 0
17388 0
17812 0
17913 0
18005 0
18301 0
18400 0
18617 0
18860 0
19056 0
19127 0
19146 0
19309 0
19988 0
20262 0
20302 0
20581 0
20585 0
20618 0
20825 0
20858 0
21250 0
21808 0
21941 0
22247 0
22678 0
23113 0
23426 0
23547 0
23879 0
23917 0
24331 0
24368 0
24479 0
24550 0
24989 0
25325 0
25453 0
25902 0
26058 0
26236 0
26329 0
26479 0
26634 0
26822 0
27168 0
27361 0
27599 0
27870 0
28794 0
28848 0
29189 0
29280 0
29613 0
29719 0
29751 0
29792 0
29998 0
30357 0
30394 0
30404 0
30867 0
31026 0
31183 0
31415 0
31574 0
31653 0
32003 0
32054 0
32058 0
32223 0
32626 0
32844 0
32892 0
33236 0
33447 0
33635 0
33782 0
34365 0
34673 0
35007 0
35127 0
35186 0
35239 0
35241 0
35337 0
35444 0
35523 0
35530 0
35794 0
35901 0
36012 0
36156 0
36256 0
36331 0
36537 0
36659 0
36780 0
36795 0
36912 0
37209 0
37214 0
37401 0
37656 0
37867 0
37921 0
38027 0
38067 0
38203 0
38267 0
38517 0
38605 0
38698 0
38778 0
38791 0
38907 0
39191 0
39267 0
39785 0
39963 0
40265 0
40349 0
40394 0
40436 0
40559 0
40750 0
40829 0
41285 0
41412 0
41463 0
41521 0
41897 0
41904 0
42705 0
42822 0
42840 0
42848 0
42980 0
43184 0
43337 0
43443 0
43546 0
43743 0
43879 0
43944 0
44136 0
44193 0
44303 0
44654 0
44836 0
44910 0
44970 0
45118 0
45146 0
45211 0
45682 0
46048 0
46098 0
46306 0
46550 0
46569 0
46740 0
46841 0
46931 0
47281 0
47636 0
48453 0
48707 0
48733 0
48807 0
48889 0
48952 0
49016 0
49343 0
49480 0
49643 0
49656 0
49686 0
49781 0
50149 0
50268 0
50273 0
50503 0
50615 0
50714 0
51273 0
51430 0
51597 0
51704 0
51775 0
52016 0
52226 0
52585 0
52875 0
52943 0
53115 0
53150 0
53306 0
53371 0
53835 0
53902 0
53949 0
54043 0
54190 0
54382 0
54879 0
54964 0
55463 0
55790 0
55935 0
56617 0
56733 0
57356 0
57535 0
57548 0
57710 0
58267 0
58275 0
58722 0
59331 0
59384 0
59534 0
59573 0
59717 0
59787 0
59831 0
59925 0
60136 0
60349 0
60411 0
60497 0
60756 0
60785 0
60818 0
60880 0
60972 0
61073 0
61280 0
61826 0
61869 0
62160 0
62220 0
62479 0
62514 0
62585 0
62920 0
63036 0
63063 0
63320 0
63361 0
63548 0
64146 0
64431 0
64529 0
64745 0
64824 0
64857 0
65019 0
65099 0
65142 0
65268 0
65309 0
65442 0
65461 0
65685 0
65690 0
66036 0
66037 0
66342 0
66633 0
66725 0
66841 0
67097 0
67547 0
67717 0
67824 0
67953 0
68183 0
68238 0
69058 0
69277 0
69298 0
69708 0
69940 0
70032 0
70039 0
70125 0
70390 0
70476 0
70740 0
70937 0
71122 0
71552 0
71839 0
71984 0
71988 0
72160 0
72236 0
72741 0
72878 0
73111 0
73136 0
73648 0
73694 0
74118 0
74225 0
74281 0
74517 0
74735 0
74741 0
74801 0
74970 0
76256 0
76377 0
76721 0
76953 0
76967 0
77290 0
77351 0
77616 0
77621 0
77968 0
78140 0
78254 0
78353 0
78904 0
79231 0
79336 0
79639 0
79784 0
80004 0
80145 0
80473 0
80574 0
80655 0
80754 0
80805 0
81284 0
81415 0
81487 0
81892 0
81893 0
82455 0
83227 0
83334 0
83426 0
83805 0
83828 0
84231 0
84342 0
84465 0
84958 0
85206 0
85439 0
85442 0
85595 0
86470 0
86633 0
86701 0
87001 0
87004 0
87052 0
87294 0
87312 0
87797 0
88191 0
88596 0
88955 0
88997 0
89058 0
89112 0
89228 0
89253 0
89508 0
89862 0
89870 0
89882 0
90457 0
90511 0
90792 0
91044 0
91218 0
91331 0
91498 0
91879 0
92071 0
92192 0
92240 0
92285 0
92441 0
92573 0
93198 0
93358 0
93770 0
93814 0
94015 0
94074 0
94259 0
94421 0
94454 0
94464 0
95258 0
95488 0
95545 0
95683 0
95911 0
96130 0
96199 0
96626 0
96666 0
96689 0
96783 0
97016 0
97027 0
97077 0
97287 0
97363 0
97691 0
97849 0
97936 0
98223 0
98341 0
98369 0
98379 0
98451 0
98643 0
98873 0
99211 0
99277 0
99557 0
99565 0
99572 0
99638 0
99975 0
99984 0
