c This is a uniform distributed  1-D DIMACS file 
c width height point_number
p 100000 100000 512
718 0
802 0
858 0
966 0
1010 0
1217 0
1350 0
1926 0
2333 0
2410 0
2424 0
2497 0
2500 0
2533 0
2932 0
3165 0
3211 0
3278 0
3297 0
3524 0
3561 0
3980 0
4172 0
4696 0
4802 0
5007 0
5361 0
5606 0
5809 0
5810 0
6035 0
6131 0
6211 0
6508 0
6789 0
6814 0
7103 0
7514 0
7843 0
7916 0
7968 0
8039 0
9104 0
9443 0
9475 0
9776 0
9874 0
10248 0
10367 0
10392 0
10963 0
11182 0
11401 0
11519 0
11914 0
12214 0
12279 0
12576 0
12803 0
12833 0
13154 0
13231 0
13303 0
13879 0
13991 0
14295 0
14401 0
14880 0
15006 0
15065 0
15148 0
15149 0
15227 0
15458 0
15790 0
15982 0
16114 0
16332 0
16577 0
16801 0
16949 0
16963 0
17732 0
17737 0
17985 0
18298 0
18445 0
18842 0
18862 0
19157 0
19298 0
19740 0
19845 0
19912 0
20372 0
20588 0
20618 0
20661 0
20780 0
21039 0
21047 0
21174 0
21197 0
21219 0
21317 0
21425 0
21618 0
21680 0
21962 0
22124 0
22245 0
22396 0
22467 0
22652 0
23076 0
23279 0
23689 0
24231 0
24245 0
24249 0
24549 0
24578 0
24661 0
24848 0
25013 0
25119 0
25647 0
26097 0
26152 0
26245 0
26884 0
26981 0
27228 0
27239 0
27253 0
27576 0
27596 0
28120 0
28188 0
28387 0
28511 0
28561 0
28994 0
28998 0
29480 0
29521 0
29553 0
30182 0
30223 0
30231 0
30780 0
30851 0
31218 0
31522 0
31793 0
31935 0
32206 0
33025 0
33383 0
33443 0
33492 0
33819 0
33943 0
34503 0
34511 0
34742 0
34981 0
35002 0
35037 0
35049 0
35297 0
35505 0
35644 0
35755 0
36198 0
36282 0
36319 0
36735 0
37090 0
37127 0
37157 0
37408 0
38014 0
38060 0
38117 0
38240 0
38438 0
38723 0
39033 0
39061 0
39344 0
39623 0
39756 0
39913 0
39979 0
40466 0
40550 0
40631 0
41115 0
41181 0
41188 0
41206 0
41483 0
41781 0
41867 0
41927 0
42030 0
42129 0
43105 0
43234 0
43294 0
43305 0
44066 0
44559 0
44864 0
45532 0
45535 0
45558 0
45632 0
45729 0
45913 0
46159 0
46193 0
46212 0
46309 0
46630 0
46905 0
47028 0
47107 0
47464 0
47495 0
47598 0
47880 0
47930 0
48055 0
48335 0
48783 0
48964 0
49132 0
49322 0
49390 0
49437 0
49440 0
49954 0
50113 0
50114 0
50457 0
50732 0
50780 0
50942 0
51063 0
51174 0
51760 0
51809 0
51837 0
52046 0
52121 0
52200 0
52356 0
52533 0
52880 0
52941 0
53037 0
53561 0
54066 0
54395 0
54597 0
54741 0
54742 0
54869 0
54976 0
54982 0
55281 0
55398 0
55499 0
55670 0
55940 0
56038 0
56089 0
56095 0
56507 0
56780 0
57028 0
57376 0
57444 0
57885 0
57931 0
58265 0
58563 0
58569 0
58742 0
58818 0
58861 0
58932 0
59162 0
59165 0
59192 0
59382 0
59464 0
59506 0
59847 0
59962 0
59981 0
60286 0
60661 0
60798 0
60816 0
61033 0
61060 0
61175 0
61606 0
61785 0
61790 0
62213 0
62341 0
62494 0
62808 0
62885 0
63055 0
63437 0
63625 0
64002 0
64059 0
64824 0
64932 0
65290 0
65778 0
66337 0
66492 0
66610 0
66653 0
66751 0
67067 0
67077 0
67391 0
67406 0
67578 0
67891 0
67922 0
68057 0
68179 0
68348 0
68360 0
68384 0
68493 0
68611 0
68685 0
68740 0
69234 0
69778 0
69894 0
69955 0
69962 0
70137 0
70344 0
70717 0
70830 0
70865 0
70920 0
71454 0
71501 0
71552 0
71674 0
72006 0
72148 0
72670 0
72680 0
73134 0
73760 0
73774 0
74528 0
74579 0
74606 0
75000 0
75282 0
75336 0
75348 0
75479 0
75755 0
76045 0
76241 0
76377 0
76705 0
77194 0
77923 0
78403 0
78804 0
79214 0
79281 0
79295 0
79632 0
79673 0
79709 0
79919 0
80049 0
80201 0
80202 0
80707 0
80722 0
80878 0
80942 0
81402 0
81430 0
81576 0
82357 0
82406 0
82662 0
82681 0
82836 0
83105 0
83327 0
83341 0
83493 0
83786 0
83830 0
83913 0
84053 0
84238 0
84312 0
84758 0
84818 0
85085 0
85174 0
85291 0
85595 0
85612 0
85827 0
86556 0
86583 0
86632 0
86810 0
87042 0
87187 0
87301 0
87319 0
87565 0
87725 0
87795 0
88145 0
88159 0
88355 0
88406 0
89196 0
89399 0
89551 0
89715 0
90145 0
90768 0
91093 0
91101 0
91492 0
91559 0
91701 0
92102 0
92438 0
92556 0
92923 0
93180 0
93195 0
93243 0
93290 0
93397 0
93546 0
93631 0
93677 0
93744 0
93945 0
94152 0
94203 0
94324 0
94458 0
94612 0
95305 0
95720 0
95793 0
95925 0
96009 0
96024 0
96094 0
96129 0
96208 0
96513 0
96575 0
96658 0
96750 0
96933 0
96941 0
96997 0
97016 0
97339 0
97354 0
98082 0
98218 0
98293 0
98339 0
98361 0
98416 0
98476 0
98498 0
98639 0
98928 0
99008 0
99115 0
99323 0
99388 0
99467 0
99506 0
99548 0
99850 0
99911 0
99953 0
99961 0
