c This is a uniform distributed  1-D DIMACS file 
c width height point_number
p 100000 100000 512
28 0
673 0
691 0
707 0
829 0
1195 0
1517 0
1693 0
1802 0
1870 0
1912 0
1942 0
2028 0
2128 0
2159 0
2267 0
2405 0
2495 0
3169 0
3179 0
3407 0
3581 0
3903 0
4009 0
4714 0
5544 0
5549 0
5635 0
5691 0
5808 0
5818 0
6201 0
6238 0
6669 0
6678 0
6745 0
7041 0
7261 0
7427 0
7446 0
7642 0
7900 0
8043 0
8207 0
8533 0
9130 0
9331 0
9420 0
9509 0
9522 0
9620 0
9622 0
9682 0
9747 0
9810 0
9843 0
10047 0
10207 0
10404 0
10770 0
10869 0
10900 0
11094 0
11118 0
11135 0
11141 0
11389 0
11596 0
11693 0
11917 0
12184 0
12772 0
12804 0
12853 0
12924 0
13293 0
14416 0
14616 0
14625 0
14703 0
14797 0
14835 0
15113 0
15211 0
15385 0
15526 0
15822 0
16017 0
16103 0
16619 0
16822 0
17003 0
17197 0
17426 0
17698 0
18001 0
18428 0
18519 0
18627 0
18734 0
18772 0
18820 0
19550 0
19586 0
19722 0
19846 0
20206 0
20694 0
20831 0
20890 0
20961 0
21791 0
22508 0
22667 0
22873 0
22999 0
23010 0
23063 0
23275 0
23404 0
23587 0
23657 0
23683 0
23785 0
23869 0
23987 0
24021 0
24064 0
24163 0
24167 0
24216 0
24310 0
24512 0
24933 0
25422 0
25553 0
25845 0
26006 0
26110 0
26768 0
26780 0
27157 0
27298 0
27322 0
27462 0
27485 0
27511 0
27599 0
27622 0
27859 0
27923 0
28555 0
28602 0
28678 0
28690 0
28770 0
28815 0
29185 0
30289 0
30446 0
30877 0
31117 0
31134 0
31274 0
31381 0
31566 0
31702 0
31810 0
31893 0
32661 0
32714 0
32877 0
32936 0
33693 0
34248 0
34376 0
34438 0
34499 0
34524 0
34644 0
34737 0
34961 0
35757 0
35956 0
36108 0
36236 0
36671 0
36679 0
36689 0
37170 0
37230 0
37628 0
37653 0
38158 0
38716 0
38720 0
39020 0
39062 0
39238 0
39814 0
39938 0
40278 0
41016 0
41064 0
41181 0
41403 0
41622 0
41648 0
41920 0
42185 0
42324 0
42424 0
42655 0
42812 0
42896 0
43053 0
43303 0
43415 0
43445 0
44403 0
44487 0
44531 0
44590 0
44607 0
44680 0
44886 0
44898 0
44957 0
45381 0
45500 0
45535 0
45537 0
45561 0
45808 0
45828 0
45837 0
46223 0
46247 0
47095 0
47123 0
47146 0
47346 0
47360 0
47375 0
47386 0
47606 0
47718 0
47813 0
47974 0
48002 0
48005 0
48039 0
48386 0
48473 0
48756 0
48828 0
48924 0
48967 0
48976 0
49033 0
49129 0
49410 0
49718 0
49959 0
50184 0
50478 0
50570 0
50770 0
51272 0
51349 0
51612 0
51633 0
51688 0
51813 0
51882 0
51966 0
52439 0
52545 0
52883 0
53095 0
53130 0
53285 0
53289 0
53319 0
53395 0
53442 0
53469 0
53483 0
53548 0
53724 0
53774 0
53786 0
54092 0
54098 0
54229 0
54461 0
54655 0
54808 0
54991 0
55090 0
55210 0
55256 0
55698 0
55733 0
55764 0
55901 0
55969 0
56483 0
56693 0
57283 0
57321 0
57741 0
58023 0
58921 0
58954 0
58997 0
59235 0
59396 0
59608 0
59691 0
59752 0
59800 0
59804 0
59915 0
59977 0
60089 0
60158 0
60183 0
61156 0
61522 0
61988 0
62709 0
62886 0
63298 0
63402 0
63490 0
64091 0
64131 0
64187 0
64319 0
64335 0
64468 0
64630 0
64707 0
64778 0
65399 0
65419 0
65545 0
65677 0
65719 0
65805 0
66133 0
66507 0
66548 0
66628 0
66636 0
66727 0
67050 0
67095 0
67171 0
67241 0
67379 0
67700 0
67769 0
68313 0
68443 0
68748 0
68752 0
69010 0
69563 0
69620 0
69659 0
69858 0
69991 0
70080 0
70446 0
71051 0
71675 0
71820 0
71894 0
71937 0
72017 0
72233 0
72309 0
73138 0
73345 0
73443 0
73618 0
73835 0
73926 0
73995 0
74263 0
74313 0
74707 0
74739 0
74763 0
74816 0
75040 0
75319 0
75619 0
75693 0
76078 0
76224 0
76514 0
76626 0
76663 0
76982 0
76992 0
77388 0
77682 0
77692 0
78477 0
78587 0
79204 0
79380 0
79595 0
79720 0
79870 0
79968 0
80001 0
80447 0
80671 0
80864 0
81396 0
81423 0
81482 0
81717 0
81838 0
82296 0
82335 0
82626 0
82825 0
83118 0
83498 0
83618 0
83879 0
83946 0
84413 0
85088 0
85125 0
85450 0
85510 0
85695 0
85704 0
85857 0
86005 0
86122 0
86154 0
86316 0
86427 0
86475 0
86988 0
87003 0
87285 0
87621 0
88283 0
89190 0
89287 0
89290 0
89358 0
89361 0
89388 0
89717 0
89988 0
90033 0
90154 0
90246 0
90469 0
90496 0
90729 0
90800 0
91334 0
91798 0
92013 0
92171 0
92738 0
92804 0
93154 0
93191 0
93264 0
93639 0
93641 0
93816 0
93845 0
94448 0
94490 0
94642 0
94686 0
94743 0
95214 0
95268 0
95420 0
95479 0
95634 0
95794 0
96021 0
96195 0
96306 0
96405 0
96498 0
97238 0
97352 0
97408 0
97736 0
98189 0
98354 0
98356 0
98402 0
98431 0
98749 0
98982 0
99234 0
