c This is a uniform distributed  1-D DIMACS file 
c width height point_number
p 100000 100000 512
248 0
452 0
1033 0
1387 0
1578 0
1606 0
1785 0
1898 0
1901 0
2005 0
2052 0
2071 0
2556 0
2565 0
2598 0
2634 0
2675 0
2767 0
2768 0
2837 0
2946 0
3033 0
3038 0
3043 0
3308 0
3402 0
3855 0
4047 0
4249 0
4475 0
4608 0
5155 0
5292 0
5390 0
5600 0
5891 0
6069 0
6122 0
6514 0
6809 0
7000 0
7008 0
7440 0
8113 0
8215 0
8248 0
8438 0
8715 0
8800 0
8906 0
8972 0
9511 0
9569 0
9585 0
9601 0
9799 0
10279 0
10702 0
10780 0
10794 0
10799 0
10941 0
10968 0
11102 0
11291 0
11520 0
11662 0
11697 0
12138 0
12273 0
12586 0
12618 0
13070 0
13576 0
13620 0
13901 0
13954 0
14020 0
14329 0
14632 0
14714 0
14779 0
14818 0
14984 0
15127 0
15178 0
15493 0
15520 0
15780 0
15816 0
15961 0
15978 0
16404 0
16449 0
16523 0
16688 0
16705 0
16728 0
16793 0
16800 0
16880 0
16987 0
17005 0
17161 0
17236 0
17436 0
17667 0
17736 0
17752 0
17842 0
17882 0
17940 0
17958 0
18083 0
18321 0
18374 0
18388 0
18483 0
18589 0
18789 0
18872 0
19267 0
19294 0
19508 0
19888 0
20018 0
20171 0
20208 0
20651 0
20681 0
20839 0
21004 0
21169 0
21593 0
21648 0
21981 0
22150 0
22168 0
22359 0
22378 0
22719 0
22763 0
22833 0
23355 0
23623 0
23788 0
23871 0
23992 0
24252 0
24432 0
24582 0
25265 0
25376 0
25923 0
26092 0
26269 0
26331 0
26657 0
26848 0
26954 0
27419 0
27426 0
27757 0
27881 0
27959 0
28172 0
28198 0
28411 0
28492 0
29228 0
29253 0
29585 0
29813 0
29870 0
29990 0
30195 0
30621 0
30741 0
31052 0
31057 0
31133 0
31394 0
31559 0
31916 0
32312 0
32359 0
32373 0
32499 0
32710 0
32780 0
32976 0
32982 0
33333 0
33413 0
34154 0
34247 0
34346 0
34349 0
34467 0
34809 0
34939 0
35106 0
35243 0
35254 0
35411 0
35552 0
35809 0
35813 0
35932 0
36395 0
36640 0
36735 0
36971 0
37471 0
37907 0
37954 0
37986 0
38078 0
38761 0
39137 0
39363 0
39688 0
39919 0
39964 0
40375 0
40707 0
40929 0
40956 0
41054 0
41155 0
41158 0
41186 0
41834 0
42104 0
42120 0
42246 0
42602 0
42789 0
43089 0
43118 0
43358 0
43600 0
43670 0
43746 0
43842 0
44317 0
44332 0
44424 0
44560 0
45173 0
45555 0
45712 0
45713 0
45821 0
46015 0
46039 0
46079 0
46120 0
46168 0
46177 0
46241 0
46343 0
46441 0
46640 0
47069 0
47306 0
47605 0
47851 0
47917 0
48547 0
48823 0
49280 0
49329 0
49489 0
49671 0
50532 0
50878 0
51177 0
51197 0
51219 0
51401 0
51536 0
51985 0
52131 0
52249 0
52870 0
53066 0
53252 0
53978 0
54080 0
54129 0
54141 0
54416 0
54592 0
54630 0
54957 0
54995 0
55254 0
55306 0
55489 0
55491 0
55512 0
55601 0
56057 0
56172 0
56384 0
56392 0
56415 0
56563 0
56630 0
56709 0
56777 0
57188 0
57644 0
58883 0
58939 0
59108 0
59252 0
59270 0
59432 0
59724 0
59838 0
59858 0
60117 0
60279 0
60348 0
60422 0
60652 0
60787 0
60924 0
61355 0
61377 0
61736 0
61740 0
61804 0
62269 0
62548 0
62794 0
63135 0
63218 0
63317 0
64111 0
64673 0
64818 0
64930 0
65802 0
65860 0
66061 0
66093 0
66319 0
66811 0
67114 0
67701 0
67771 0
68024 0
68250 0
68504 0
68745 0
69033 0
69282 0
69288 0
69351 0
69793 0
69891 0
70468 0
70761 0
70900 0
70947 0
71084 0
71528 0
71621 0
71833 0
71989 0
72158 0
72265 0
72299 0
72375 0
72453 0
72528 0
72650 0
72744 0
72845 0
73272 0
73276 0
73407 0
73486 0
73558 0
73597 0
73867 0
73980 0
73999 0
74035 0
74147 0
74454 0
74459 0
74541 0
74621 0
74749 0
74799 0
74918 0
75316 0
75336 0
75420 0
75459 0
75495 0
75653 0
76550 0
76570 0
76711 0
76924 0
76985 0
76993 0
77889 0
77944 0
78083 0
78209 0
78481 0
78682 0
78759 0
79090 0
79344 0
79812 0
79952 0
80096 0
80178 0
80585 0
80603 0
80936 0
81650 0
81762 0
82316 0
82632 0
82917 0
82967 0
83019 0
83384 0
83576 0
83661 0
83789 0
84115 0
84117 0
84257 0
84545 0
84702 0
84824 0
84995 0
85173 0
85351 0
85465 0
85508 0
85592 0
85676 0
85913 0
85919 0
87210 0
87570 0
87727 0
87769 0
88621 0
88924 0
89061 0
89312 0
89463 0
89865 0
89873 0
90260 0
90307 0
90417 0
90476 0
90601 0
90789 0
91007 0
91366 0
91752 0
92194 0
92347 0
92793 0
92800 0
92814 0
93064 0
93492 0
93875 0
93879 0
94106 0
94313 0
94469 0
95299 0
95431 0
95493 0
95759 0
95781 0
96175 0
96672 0
97203 0
97284 0
97380 0
97435 0
97854 0
97855 0
97878 0
97977 0
98174 0
98183 0
98197 0
98342 0
98359 0
98698 0
98851 0
98853 0
98934 0
99488 0
99725 0
