c This is a uniform distributed  1-D DIMACS file 
c width height point_number
p 100000 100000 512
25 0
77 0
235 0
740 0
775 0
957 0
1506 0
1587 0
1706 0
1907 0
2045 0
2395 0
2454 0
2632 0
2967 0
3053 0
3091 0
3190 0
3343 0
3375 0
3384 0
3426 0
3593 0
4112 0
4222 0
4388 0
4999 0
5034 0
5128 0
5143 0
5145 0
5270 0
5300 0
5355 0
5461 0
5577 0
5813 0
5994 0
6451 0
6459 0
6523 0
6555 0
6556 0
6778 0
7192 0
7413 0
7685 0
7986 0
8044 0
8057 0
8171 0
8196 0
8363 0
8424 0
8603 0
9396 0
9432 0
9561 0
9828 0
9880 0
10258 0
10394 0
10575 0
10750 0
10758 0
11198 0
11278 0
11313 0
11477 0
11633 0
11673 0
11778 0
11890 0
11913 0
12473 0
12535 0
12566 0
12949 0
13096 0
13132 0
13550 0
13727 0
13834 0
14619 0
14743 0
14961 0
14984 0
15494 0
15501 0
15506 0
15666 0
15749 0
15928 0
16072 0
16153 0
16242 0
16299 0
16321 0
17207 0
17308 0
17433 0
17752 0
17810 0
18030 0
18074 0
18110 0
18168 0
18209 0
18409 0
18699 0
18703 0
18764 0
19260 0
19386 0
19836 0
20064 0
20087 0
20117 0
20226 0
20272 0
20344 0
20376 0
20501 0
20771 0
20815 0
20882 0
20993 0
21365 0
21691 0
21837 0
21839 0
21993 0
22253 0
22667 0
22706 0
22803 0
23085 0
23262 0
23356 0
23437 0
23773 0
23792 0
23842 0
23853 0
23963 0
24047 0
24402 0
24852 0
24911 0
24919 0
25107 0
25145 0
25645 0
25821 0
25863 0
26177 0
26252 0
26476 0
26629 0
26904 0
27160 0
27409 0
27456 0
27615 0
28089 0
28092 0
28152 0
28219 0
28403 0
28556 0
28765 0
28823 0
29035 0
29143 0
29440 0
29473 0
29492 0
29710 0
30096 0
30458 0
30510 0
30628 0
30846 0
31149 0
31578 0
31743 0
31924 0
32368 0
32531 0
32534 0
32708 0
32728 0
33089 0
33238 0
33255 0
33539 0
33703 0
33796 0
33864 0
34118 0
34236 0
34313 0
34767 0
34788 0
34905 0
35252 0
35582 0
35893 0
35956 0
35991 0
36105 0
36171 0
36336 0
36873 0
37042 0
37067 0
37575 0
37581 0
37711 0
38152 0
38166 0
38493 0
38994 0
39059 0
39156 0
39282 0
39337 0
39509 0
39620 0
40029 0
40212 0
40493 0
40500 0
40613 0
41263 0
41433 0
41453 0
41491 0
41623 0
41776 0
41873 0
41929 0
41949 0
42576 0
42640 0
42863 0
43292 0
43345 0
43394 0
43483 0
43895 0
44078 0
44121 0
44191 0
44339 0
44463 0
44535 0
44699 0
45157 0
45263 0
45916 0
46826 0
47148 0
47387 0
47434 0
47466 0
47530 0
48815 0
48908 0
49173 0
49335 0
49361 0
49394 0
49466 0
49640 0
49835 0
49869 0
49885 0
49947 0
50073 0
50361 0
50705 0
50781 0
51284 0
51293 0
51428 0
51942 0
51980 0
52294 0
52414 0
52578 0
52805 0
53026 0
53099 0
53186 0
53191 0
53192 0
53785 0
53909 0
53938 0
54506 0
54879 0
55013 0
55222 0
55226 0
55379 0
55641 0
55823 0
56351 0
57121 0
57142 0
57290 0
57441 0
57823 0
57978 0
58579 0
58920 0
58931 0
59343 0
59448 0
59459 0
60028 0
60377 0
60516 0
60946 0
60963 0
60972 0
61230 0
61467 0
61546 0
62550 0
62570 0
62982 0
63200 0
63623 0
64239 0
64498 0
64513 0
64700 0
64812 0
65059 0
65065 0
65309 0
65531 0
65711 0
66033 0
66064 0
66255 0
66344 0
66572 0
66708 0
66728 0
66781 0
67042 0
67132 0
67392 0
67531 0
68012 0
68016 0
68348 0
68996 0
69572 0
69611 0
69651 0
70044 0
70098 0
70375 0
70472 0
70991 0
71123 0
71140 0
71285 0
71403 0
71591 0
72211 0
72737 0
73006 0
73093 0
73237 0
73474 0
73685 0
74300 0
74384 0
75116 0
75130 0
75237 0
75458 0
75481 0
75936 0
76138 0
76187 0
76267 0
76670 0
76714 0
76875 0
77035 0
77107 0
77151 0
77286 0
77447 0
77669 0
77706 0
77713 0
77797 0
77865 0
78017 0
78055 0
78195 0
78332 0
78591 0
79049 0
79304 0
79522 0
79539 0
79930 0
80219 0
80465 0
80544 0
80582 0
80744 0
80749 0
81000 0
81238 0
81965 0
82021 0
82104 0
82130 0
82155 0
82239 0
82277 0
82400 0
83029 0
83150 0
83233 0
83355 0
83617 0
83868 0
83930 0
84004 0
84048 0
84219 0
84442 0
85021 0
85254 0
85596 0
85598 0
85660 0
85737 0
86071 0
86266 0
86400 0
86445 0
86540 0
86541 0
86862 0
87602 0
87657 0
88161 0
88580 0
88767 0
89232 0
89302 0
89303 0
89803 0
89922 0
90053 0
90070 0
90256 0
90667 0
91393 0
91506 0
91708 0
92001 0
92056 0
92238 0
92354 0
92446 0
92570 0
92610 0
93062 0
93461 0
93864 0
93958 0
93978 0
94585 0
94987 0
95142 0
95624 0
95676 0
95812 0
96041 0
96249 0
96808 0
96817 0
96997 0
97107 0
97113 0
97309 0
97507 0
97621 0
97624 0
97652 0
98276 0
98280 0
98371 0
98482 0
98594 0
98923 0
99113 0
99169 0
99484 0
99684 0
