c This is a uniform distributed  1-D DIMACS file 
c width height point_number
p 100000 100000 512
98 0
500 0
552 0
672 0
990 0
1023 0
1193 0
1900 0
2469 0
2630 0
3045 0
3200 0
3533 0
3635 0
3815 0
3919 0
4003 0
4015 0
4337 0
4368 0
4519 0
4791 0
4884 0
5397 0
5437 0
5475 0
5527 0
5531 0
5532 0
5703 0
5830 0
5965 0
5983 0
6531 0
6672 0
7058 0
7085 0
7398 0
7518 0
8444 0
8945 0
9414 0
9662 0
9757 0
9966 0
9967 0
10478 0
10527 0
10537 0
10585 0
10648 0
10939 0
11040 0
11052 0
11070 0
11134 0
11261 0
11405 0
11479 0
11548 0
11604 0
11803 0
11855 0
11969 0
12316 0
12606 0
12778 0
12824 0
12850 0
13086 0
13093 0
13422 0
14374 0
14889 0
15049 0
15108 0
15228 0
15425 0
15750 0
15766 0
16037 0
16082 0
16303 0
17168 0
18052 0
18221 0
18596 0
18952 0
19571 0
19786 0
19867 0
19896 0
20241 0
20375 0
20432 0
20830 0
20916 0
21217 0
21300 0
21760 0
22092 0
22195 0
22360 0
22404 0
22521 0
23136 0
23332 0
23432 0
23505 0
23573 0
23674 0
23730 0
24053 0
24606 0
24847 0
24881 0
25984 0
26180 0
26755 0
26944 0
27012 0
27112 0
27136 0
27216 0
27728 0
27807 0
28142 0
28150 0
28287 0
28375 0
28768 0
29001 0
29008 0
29154 0
29305 0
29418 0
29559 0
29678 0
29718 0
29749 0
29937 0
30070 0
30249 0
30618 0
30820 0
30980 0
31116 0
32036 0
32080 0
32174 0
32355 0
32364 0
32366 0
32394 0
32859 0
32894 0
33110 0
33451 0
33974 0
33987 0
34246 0
34404 0
34454 0
34591 0
34651 0
34672 0
34969 0
35319 0
35360 0
35463 0
35574 0
35670 0
35714 0
35870 0
35884 0
36556 0
36655 0
37283 0
37505 0
37552 0
37586 0
37676 0
37760 0
37965 0
38163 0
38211 0
38596 0
39241 0
39386 0
39601 0
39749 0
40050 0
40175 0
40398 0
40536 0
40625 0
40889 0
41174 0
41220 0
41233 0
41412 0
41633 0
41765 0
42001 0
42174 0
42305 0
42433 0
42513 0
42691 0
43030 0
43132 0
43382 0
43609 0
43746 0
43898 0
43934 0
44105 0
44196 0
44577 0
44776 0
44902 0
45433 0
45580 0
45629 0
45670 0
45680 0
45733 0
45880 0
45926 0
46301 0
46506 0
46604 0
46752 0
46887 0
47000 0
47100 0
47121 0
47192 0
47384 0
47501 0
47754 0
47805 0
47862 0
48022 0
48222 0
48585 0
48787 0
48897 0
49565 0
49858 0
50301 0
50305 0
50323 0
50440 0
50623 0
51008 0
51293 0
51509 0
51604 0
51612 0
51774 0
52044 0
52146 0
52627 0
53105 0
53210 0
53243 0
53562 0
53692 0
53939 0
53967 0
54099 0
54324 0
54602 0
54620 0
54855 0
54900 0
54935 0
55265 0
55673 0
55841 0
56191 0
56649 0
56693 0
56913 0
56986 0
57061 0
57211 0
57217 0
57252 0
57523 0
58143 0
58471 0
58529 0
58560 0
58678 0
58681 0
59184 0
59211 0
59215 0
59533 0
59650 0
59955 0
60101 0
60953 0
61134 0
61373 0
61411 0
61669 0
61704 0
61929 0
62075 0
62145 0
62369 0
62444 0
62539 0
62677 0
63103 0
63485 0
63832 0
63901 0
64024 0
64306 0
64576 0
64780 0
64891 0
64898 0
65577 0
65617 0
65892 0
65942 0
66062 0
66063 0
66106 0
66419 0
66800 0
66818 0
66914 0
67550 0
67618 0
68359 0
68443 0
68553 0
68768 0
69047 0
69283 0
69506 0
69666 0
70355 0
70854 0
70960 0
70986 0
71223 0
71604 0
71781 0
72341 0
72424 0
72577 0
72584 0
72781 0
72864 0
72914 0
73201 0
73427 0
73568 0
73671 0
73745 0
73795 0
74263 0
74339 0
74517 0
74519 0
74814 0
75091 0
75125 0
75168 0
75290 0
75901 0
76419 0
76606 0
77073 0
77488 0
77789 0
78034 0
78662 0
78804 0
78835 0
78990 0
79112 0
79140 0
79387 0
79611 0
79774 0
80316 0
80445 0
80620 0
81086 0
81098 0
81346 0
81571 0
81944 0
82095 0
82112 0
82351 0
82387 0
82393 0
82465 0
82563 0
82579 0
82915 0
83114 0
83134 0
83335 0
83484 0
83616 0
83910 0
84067 0
84411 0
84458 0
84499 0
84534 0
84607 0
84669 0
84766 0
84878 0
84928 0
84967 0
85144 0
85279 0
85299 0
85554 0
85655 0
85738 0
85827 0
85829 0
86138 0
86188 0
86225 0
86323 0
86417 0
86689 0
86694 0
86822 0
87009 0
87299 0
87351 0
87423 0
87548 0
87600 0
87714 0
87808 0
87851 0
88079 0
88109 0
88128 0
88264 0
88449 0
88813 0
88886 0
88902 0
88956 0
89039 0
89640 0
90141 0
90174 0
90503 0
90851 0
90992 0
91032 0
91068 0
91495 0
92065 0
92158 0
92224 0
92361 0
92534 0
92615 0
92679 0
92787 0
92942 0
93273 0
93501 0
93605 0
93912 0
93938 0
94050 0
94239 0
94260 0
94295 0
94335 0
94921 0
94978 0
95114 0
95436 0
96253 0
96263 0
96294 0
96507 0
96591 0
97063 0
97160 0
97715 0
97791 0
98096 0
98115 0
98346 0
98424 0
98467 0
98852 0
98899 0
99186 0
99676 0
