c This is a uniform distributed  1-D DIMACS file 
c width height point_number
p 100000 100000 512
440 0
573 0
818 0
1271 0
1376 0
2628 0
2759 0
3078 0
3215 0
3407 0
3533 0
3564 0
3900 0
4292 0
4803 0
4808 0
4898 0
4991 0
5069 0
5635 0
5637 0
5683 0
5868 0
6008 0
6017 0
6042 0
6414 0
6659 0
6744 0
7010 0
7026 0
7055 0
7158 0
7213 0
7409 0
7617 0
7782 0
8427 0
8614 0
8989 0
9171 0
9218 0
9532 0
9548 0
9604 0
10027 0
10888 0
11383 0
11447 0
11587 0
11634 0
11864 0
12408 0
12476 0
12548 0
12561 0
12892 0
13336 0
13339 0
13445 0
13481 0
13505 0
13594 0
13636 0
14254 0
14485 0
14749 0
14865 0
15193 0
15390 0
15519 0
15617 0
16331 0
17465 0
17520 0
17559 0
17583 0
17701 0
17722 0
17770 0
17951 0
18047 0
18166 0
18604 0
18665 0
18777 0
19072 0
19121 0
19124 0
19346 0
19582 0
19629 0
19663 0
19824 0
20063 0
20436 0
20621 0
20777 0
21072 0
21278 0
21365 0
21401 0
21515 0
21534 0
21723 0
21856 0
21919 0
21991 0
22144 0
22305 0
22581 0
23226 0
23249 0
23347 0
23453 0
23576 0
23922 0
24045 0
24058 0
24396 0
24491 0
24782 0
25065 0
25129 0
25215 0
25230 0
25601 0
26036 0
26289 0
26365 0
26417 0
26529 0
26554 0
26564 0
26741 0
26860 0
26897 0
27014 0
27135 0
27298 0
27305 0
27560 0
27767 0
27871 0
27933 0
28548 0
28755 0
29033 0
29202 0
29213 0
29375 0
29556 0
30064 0
30206 0
30433 0
31499 0
31926 0
32230 0
32260 0
32278 0
32382 0
32419 0
32461 0
32472 0
32617 0
33129 0
33222 0
33229 0
33707 0
33842 0
34292 0
34554 0
34844 0
34911 0
34977 0
35946 0
36042 0
36197 0
36233 0
36389 0
36818 0
37291 0
37343 0
37413 0
37478 0
37594 0
37798 0
37869 0
38198 0
38357 0
38461 0
38694 0
39445 0
39944 0
40438 0
40753 0
40970 0
41009 0
41404 0
41707 0
42582 0
42645 0
42728 0
42756 0
42873 0
42878 0
42904 0
43131 0
43207 0
43852 0
43856 0
43960 0
44026 0
44055 0
44350 0
44837 0
45200 0
45264 0
45312 0
45453 0
45617 0
45676 0
46271 0
46394 0
46433 0
46748 0
46812 0
47574 0
48064 0
48148 0
48387 0
48470 0
48497 0
48616 0
48738 0
48793 0
48946 0
49239 0
49338 0
49471 0
50179 0
50236 0
50489 0
50509 0
51005 0
51166 0
51224 0
51386 0
51411 0
51701 0
51734 0
51827 0
51849 0
52116 0
52356 0
52593 0
52595 0
52616 0
52758 0
52786 0
52915 0
53091 0
53250 0
53400 0
53789 0
53949 0
54044 0
54300 0
54414 0
54569 0
54758 0
54864 0
54883 0
56042 0
56256 0
56326 0
56331 0
56362 0
56375 0
56390 0
56525 0
57494 0
57656 0
57811 0
58285 0
58295 0
58916 0
59062 0
59178 0
59815 0
59847 0
60135 0
60244 0
60287 0
60477 0
60545 0
60859 0
60998 0
61122 0
61606 0
61768 0
62794 0
62840 0
62910 0
63063 0
63347 0
64297 0
64310 0
64388 0
65047 0
65212 0
65277 0
65479 0
65833 0
66615 0
66788 0
66927 0
67125 0
67166 0
67171 0
67235 0
67269 0
67358 0
67471 0
67585 0
67628 0
67680 0
67782 0
68116 0
68176 0
68539 0
68630 0
68746 0
68873 0
69326 0
69533 0
69642 0
69873 0
70103 0
70254 0
70268 0
70387 0
70887 0
71203 0
71369 0
71384 0
71532 0
71596 0
71609 0
72042 0
72129 0
72295 0
72673 0
72709 0
73154 0
73332 0
73334 0
73576 0
73707 0
73724 0
73729 0
73745 0
73903 0
74031 0
74290 0
74409 0
74594 0
75130 0
75156 0
75350 0
75352 0
75356 0
75423 0
75724 0
75880 0
76061 0
76367 0
76379 0
76410 0
76789 0
76861 0
77223 0
77292 0
77384 0
77410 0
77600 0
77681 0
78021 0
78574 0
79113 0
79198 0
79222 0
79764 0
79982 0
80055 0
80181 0
80187 0
80367 0
80820 0
80875 0
80970 0
81176 0
81263 0
81390 0
81559 0
81927 0
82094 0
82385 0
83023 0
83067 0
83149 0
83179 0
83668 0
83676 0
83722 0
83997 0
84006 0
84390 0
84435 0
84454 0
84655 0
84776 0
85089 0
85198 0
85632 0
85641 0
85648 0
85757 0
85908 0
85930 0
86146 0
86623 0
86664 0
86809 0
86929 0
86944 0
87114 0
87481 0
87913 0
87999 0
88216 0
88403 0
88408 0
88598 0
88834 0
88878 0
88907 0
89184 0
89573 0
90234 0
90675 0
91054 0
91224 0
91575 0
91620 0
92048 0
92078 0
92295 0
92521 0
92600 0
92649 0
92660 0
92850 0
92894 0
92923 0
92925 0
92958 0
93207 0
93393 0
93592 0
93602 0
93957 0
94078 0
94426 0
94459 0
94548 0
94580 0
94595 0
94597 0
94602 0
94938 0
94958 0
95160 0
95218 0
95279 0
95604 0
95952 0
96042 0
96073 0
96220 0
96592 0
96808 0
96821 0
97041 0
97319 0
97575 0
97616 0
97778 0
97847 0
98086 0
98114 0
98128 0
98274 0
98389 0
98560 0
98932 0
99016 0
99053 0
99156 0
99264 0
99408 0
99581 0
