c This is a uniform distributed  1-D DIMACS file 
c width height point_number
p 100000 100000 512
75 0
423 0
536 0
579 0
711 0
715 0
986 0
1292 0
1450 0
1570 0
1906 0
1964 0
2585 0
3133 0
3219 0
3237 0
3792 0
3933 0
3967 0
4196 0
4227 0
4315 0
4375 0
4423 0
4565 0
4695 0
5273 0
5294 0
5914 0
6170 0
6181 0
6233 0
6481 0
6534 0
6600 0
6656 0
6988 0
7038 0
7175 0
7271 0
7420 0
7542 0
7721 0
7752 0
7784 0
8002 0
8372 0
8727 0
8906 0
9890 0
10274 0
10451 0
10463 0
11059 0
11205 0
11346 0
11478 0
11788 0
12033 0
12049 0
12693 0
12783 0
12967 0
13192 0
13215 0
13948 0
14239 0
14320 0
15027 0
15606 0
15645 0
15828 0
16298 0
16388 0
16391 0
16485 0
16487 0
16522 0
16790 0
17005 0
17055 0
17233 0
17246 0
17351 0
17508 0
17619 0
17637 0
17957 0
18122 0
18198 0
18247 0
18283 0
18316 0
18694 0
18924 0
19060 0
19274 0
19654 0
19719 0
19943 0
20081 0
20219 0
20824 0
20935 0
21294 0
21392 0
21440 0
21950 0
21997 0
22147 0
22167 0
22410 0
22568 0
22756 0
22904 0
23170 0
23573 0
23725 0
23759 0
23867 0
24142 0
24435 0
24584 0
24632 0
24705 0
25086 0
25358 0
25444 0
25804 0
25818 0
25825 0
25856 0
25977 0
26530 0
26705 0
26851 0
26953 0
27204 0
27206 0
27529 0
27546 0
27850 0
28230 0
28391 0
28746 0
28834 0
29007 0
29373 0
29377 0
29729 0
30191 0
30545 0
30773 0
30796 0
31053 0
31156 0
31184 0
31396 0
31837 0
31862 0
32060 0
32068 0
32140 0
32294 0
32361 0
32479 0
32488 0
32699 0
32896 0
33234 0
33376 0
33614 0
33901 0
34706 0
34813 0
34862 0
34865 0
34878 0
35146 0
35433 0
36087 0
36327 0
36563 0
36775 0
37335 0
37715 0
37840 0
38083 0
38414 0
38519 0
38615 0
38824 0
39641 0
39706 0
39837 0
39995 0
40050 0
40209 0
40305 0
40355 0
40397 0
40791 0
40877 0
40930 0
40971 0
40989 0
41877 0
41887 0
42118 0
42500 0
42595 0
42970 0
42976 0
43129 0
43169 0
43256 0
44578 0
44922 0
45005 0
45016 0
45052 0
45141 0
45174 0
45181 0
45349 0
45470 0
45571 0
45623 0
46100 0
46208 0
46287 0
46479 0
46945 0
47003 0
47058 0
47382 0
47686 0
48118 0
48244 0
48651 0
48735 0
48827 0
49053 0
49097 0
49140 0
49154 0
49250 0
49403 0
49416 0
49646 0
49778 0
49825 0
49988 0
50223 0
50345 0
50712 0
50900 0
51539 0
51805 0
51849 0
52725 0
52910 0
52999 0
53001 0
53095 0
53207 0
53556 0
53618 0
53777 0
53936 0
54188 0
54201 0
54585 0
54750 0
54968 0
55171 0
55201 0
55628 0
55641 0
56279 0
56557 0
56629 0
56995 0
57373 0
57394 0
57408 0
57553 0
58174 0
58192 0
58269 0
58323 0
58332 0
58398 0
58408 0
58509 0
58646 0
59446 0
59665 0
59774 0
59813 0
60347 0
60657 0
60768 0
60846 0
60904 0
60917 0
61017 0
61443 0
61522 0
61662 0
61679 0
61689 0
61844 0
62195 0
62513 0
62547 0
62615 0
63157 0
63220 0
63404 0
63454 0
63568 0
63869 0
64003 0
64223 0
64238 0
64459 0
64474 0
65061 0
65369 0
65502 0
65594 0
65780 0
66418 0
66876 0
67306 0
67462 0
67843 0
67863 0
67976 0
68128 0
68445 0
68611 0
68679 0
68762 0
69640 0
69778 0
69794 0
69946 0
70107 0
70501 0
70786 0
71383 0
71408 0
71741 0
71991 0
72128 0
72203 0
72255 0
72405 0
72526 0
72951 0
73033 0
73297 0
73455 0
74541 0
74712 0
75299 0
75378 0
75584 0
75663 0
75720 0
75750 0
75775 0
75790 0
75891 0
75972 0
76062 0
76225 0
76986 0
77135 0
77217 0
77319 0
77539 0
77565 0
77776 0
77799 0
77989 0
78234 0
78266 0
78376 0
78567 0
78769 0
78797 0
78889 0
79038 0
79063 0
79387 0
79733 0
80014 0
80154 0
80168 0
80268 0
80915 0
81010 0
81393 0
81998 0
81999 0
82186 0
82205 0
82228 0
82296 0
82448 0
82798 0
82890 0
82996 0
83454 0
83574 0
84443 0
84457 0
84648 0
84927 0
84934 0
85336 0
85452 0
85710 0
85730 0
86064 0
86105 0
86128 0
86210 0
86219 0
86272 0
86427 0
86520 0
86661 0
86952 0
87138 0
87176 0
87852 0
88108 0
88133 0
88849 0
89024 0
89282 0
89466 0
89548 0
89660 0
89874 0
90391 0
90453 0
90483 0
90674 0
90763 0
90833 0
90857 0
91132 0
91335 0
91430 0
91480 0
91568 0
91865 0
91940 0
92105 0
92819 0
92899 0
93006 0
93192 0
93420 0
93564 0
93911 0
94329 0
94453 0
94571 0
94645 0
94647 0
94693 0
94906 0
95349 0
95780 0
95853 0
96280 0
96381 0
96387 0
96465 0
96591 0
96740 0
96776 0
96810 0
97213 0
97594 0
97745 0
97962 0
98365 0
98573 0
98589 0
98659 0
98704 0
98926 0
98953 0
98999 0
99045 0
99468 0
99487 0
99538 0
99606 0
99714 0
99732 0
99826 0
99948 0
99956 0
99972 0
