c This is a uniform distributed  1-D DIMACS file 
c width height point_number
p 100000 100000 512
122 0
152 0
398 0
1019 0
1207 0
1305 0
1672 0
2269 0
2344 0
2482 0
2618 0
3343 0
3413 0
3590 0
3633 0
3880 0
4117 0
4238 0
4333 0
4548 0
4571 0
4627 0
5204 0
5227 0
5335 0
5419 0
5647 0
5827 0
5871 0
6023 0
6193 0
6662 0
6782 0
7039 0
7087 0
7108 0
7429 0
7643 0
8104 0
8340 0
8472 0
8586 0
8758 0
9021 0
9100 0
9131 0
9503 0
9728 0
9916 0
9960 0
10159 0
10337 0
10835 0
11236 0
11344 0
11506 0
11516 0
11540 0
11700 0
11839 0
12252 0
12503 0
12613 0
12909 0
13204 0
14196 0
14250 0
14253 0
14268 0
14335 0
14416 0
14775 0
14809 0
15406 0
15441 0
15691 0
15728 0
15827 0
16219 0
16469 0
16478 0
16838 0
17003 0
17007 0
17036 0
17065 0
17441 0
17810 0
17859 0
17992 0
18027 0
18096 0
18186 0
18881 0
18981 0
19157 0
19191 0
19223 0
19467 0
19571 0
19714 0
19824 0
20131 0
20544 0
20972 0
20978 0
21117 0
21438 0
21468 0
21592 0
21615 0
22062 0
22081 0
22198 0
22277 0
22478 0
22598 0
22647 0
22804 0
23274 0
23561 0
23740 0
23856 0
24020 0
24081 0
24311 0
24443 0
24534 0
24586 0
24933 0
25008 0
25430 0
25663 0
25705 0
26252 0
26847 0
26972 0
27006 0
27107 0
27612 0
27790 0
28094 0
28206 0
28455 0
29246 0
29347 0
29368 0
29410 0
29575 0
29676 0
29769 0
29892 0
29935 0
29946 0
30166 0
30338 0
30580 0
30720 0
30765 0
30926 0
31116 0
31134 0
31302 0
31681 0
32001 0
32039 0
32138 0
32190 0
32283 0
32447 0
32819 0
32953 0
33085 0
33128 0
33159 0
33375 0
33417 0
33555 0
33607 0
35007 0
35397 0
35554 0
35601 0
35616 0
35731 0
36023 0
36105 0
36111 0
36221 0
36513 0
36646 0
37021 0
37112 0
37414 0
37693 0
38738 0
38975 0
39286 0
39517 0
39607 0
39955 0
39982 0
40151 0
40364 0
40407 0
40661 0
40841 0
40861 0
41030 0
41385 0
41453 0
41865 0
42078 0
42127 0
42169 0
42467 0
42657 0
42662 0
42746 0
43094 0
43731 0
44116 0
44382 0
44652 0
44822 0
44880 0
45014 0
45295 0
45360 0
45862 0
45997 0
46007 0
46023 0
46226 0
46586 0
46753 0
46936 0
46958 0
47149 0
47421 0
47565 0
47785 0
48037 0
48255 0
48589 0
48790 0
49002 0
49024 0
49139 0
49610 0
49676 0
50116 0
50229 0
50573 0
50630 0
50703 0
50736 0
50806 0
50881 0
50969 0
51354 0
51928 0
52056 0
52514 0
52523 0
53319 0
53438 0
53613 0
53920 0
53922 0
54356 0
54498 0
54579 0
54686 0
55032 0
55871 0
56430 0
56464 0
56596 0
56791 0
56887 0
56946 0
57044 0
57084 0
57262 0
57309 0
57639 0
57910 0
58109 0
58212 0
58308 0
58502 0
58600 0
58690 0
58945 0
59408 0
59425 0
59479 0
59768 0
59874 0
60009 0
60040 0
60200 0
60675 0
60718 0
60723 0
60746 0
61264 0
61423 0
61546 0
61723 0
61767 0
61842 0
61972 0
62105 0
62133 0
62334 0
62420 0
62681 0
62813 0
62814 0
63172 0
63514 0
63592 0
63720 0
64192 0
64620 0
64750 0
64820 0
65408 0
65523 0
66198 0
66272 0
66528 0
66731 0
66842 0
66891 0
66919 0
66948 0
66972 0
67259 0
67471 0
67486 0
67877 0
68090 0
68189 0
68212 0
68522 0
68564 0
69138 0
69219 0
69641 0
69890 0
69922 0
70217 0
70504 0
70550 0
70645 0
70715 0
70748 0
70849 0
70909 0
71062 0
71485 0
71578 0
71955 0
72515 0
72701 0
73082 0
73195 0
73214 0
73589 0
73792 0
74250 0
74572 0
75140 0
75262 0
75365 0
75477 0
75510 0
75730 0
76000 0
76102 0
76136 0
76230 0
76385 0
76454 0
76480 0
76503 0
76523 0
76632 0
76808 0
76824 0
77044 0
77226 0
77564 0
78044 0
78138 0
78287 0
78466 0
78921 0
79089 0
79507 0
79842 0
79852 0
80052 0
80107 0
80414 0
80556 0
80883 0
81097 0
81493 0
81509 0
81607 0
81819 0
82086 0
82097 0
82110 0
82625 0
82647 0
82681 0
82910 0
83015 0
83051 0
83423 0
83637 0
83863 0
83878 0
83900 0
84268 0
84290 0
84556 0
84956 0
84967 0
84999 0
85002 0
85152 0
85647 0
85927 0
86182 0
86391 0
86866 0
86991 0
87024 0
87307 0
87697 0
88061 0
88297 0
88562 0
88567 0
88601 0
89012 0
89029 0
89170 0
89291 0
90191 0
90244 0
90375 0
90390 0
90608 0
90713 0
90808 0
90842 0
90918 0
91338 0
91432 0
91436 0
91529 0
91606 0
91859 0
91935 0
92076 0
92093 0
92823 0
92906 0
92926 0
92948 0
93137 0
93412 0
93498 0
94247 0
94264 0
94450 0
95001 0
95021 0
95066 0
95103 0
95214 0
95262 0
95307 0
95326 0
95474 0
95563 0
95857 0
96058 0
96665 0
96708 0
96850 0
97201 0
97371 0
97827 0
98066 0
98356 0
98517 0
98596 0
98626 0
98630 0
99260 0
99329 0
99558 0
99814 0
99862 0
