c This is a uniform distributed  1-D DIMACS file 
c width height point_number
p 100000 100000 512
590 0
608 0
688 0
990 0
2115 0
2222 0
2236 0
2304 0
2560 0
2566 0
2594 0
2657 0
2797 0
2811 0
3141 0
3146 0
3513 0
3716 0
3767 0
3911 0
4201 0
4211 0
4444 0
5231 0
5241 0
5485 0
5500 0
5547 0
5578 0
6574 0
7074 0
7328 0
7417 0
7545 0
7733 0
7760 0
8266 0
8405 0
8437 0
8733 0
8813 0
9036 0
9231 0
9350 0
9422 0
9666 0
9746 0
10336 0
10446 0
10593 0
10600 0
10814 0
11175 0
11296 0
11359 0
11463 0
11525 0
11579 0
11590 0
11657 0
11963 0
11998 0
12033 0
12187 0
12274 0
12459 0
12473 0
12749 0
12910 0
13238 0
13304 0
13372 0
13433 0
13509 0
13595 0
13689 0
13798 0
14041 0
14321 0
14634 0
14635 0
14761 0
14783 0
14936 0
14950 0
15261 0
15362 0
15477 0
15508 0
15517 0
15853 0
15911 0
16440 0
17005 0
17011 0
17125 0
17485 0
17497 0
18054 0
18441 0
19085 0
19275 0
19539 0
19580 0
19842 0
19880 0
19944 0
19963 0
20266 0
20327 0
20421 0
20646 0
20842 0
21241 0
21504 0
21505 0
21654 0
21988 0
22177 0
22584 0
22876 0
23162 0
23194 0
23426 0
23460 0
23558 0
23588 0
23750 0
23776 0
23808 0
23979 0
24130 0
24284 0
25022 0
25047 0
25372 0
25518 0
25705 0
25761 0
25804 0
25946 0
25986 0
26029 0
26131 0
26349 0
26463 0
26542 0
26659 0
26939 0
27083 0
27360 0
27524 0
27850 0
27934 0
28043 0
28469 0
29013 0
29314 0
29325 0
29331 0
29336 0
29557 0
29890 0
29912 0
30008 0
30172 0
30261 0
30619 0
30919 0
31196 0
31226 0
31252 0
31630 0
31710 0
31790 0
32002 0
32270 0
32276 0
32335 0
32780 0
32856 0
33150 0
33186 0
33213 0
33670 0
33876 0
34033 0
34042 0
34417 0
34635 0
34976 0
35128 0
35156 0
35166 0
35709 0
35903 0
36009 0
36090 0
36260 0
36364 0
36629 0
36672 0
36924 0
36963 0
37149 0
37349 0
37575 0
37604 0
37615 0
37638 0
37956 0
38129 0
38529 0
39035 0
39152 0
39469 0
39628 0
39685 0
39912 0
40070 0
40660 0
41795 0
42036 0
42091 0
42851 0
43288 0
43327 0
43563 0
43598 0
43618 0
43931 0
43945 0
43972 0
44281 0
44293 0
45033 0
45880 0
46239 0
46241 0
46266 0
46495 0
46505 0
46513 0
46775 0
46869 0
47000 0
47197 0
47305 0
47379 0
48379 0
48482 0
48663 0
48984 0
49212 0
49250 0
49343 0
49477 0
49548 0
49645 0
49744 0
49754 0
49926 0
49964 0
50037 0
50058 0
50172 0
50216 0
50395 0
50431 0
50442 0
50538 0
50627 0
51196 0
51225 0
51276 0
51309 0
52103 0
52123 0
52637 0
52707 0
52812 0
54213 0
54316 0
54636 0
54913 0
55106 0
55272 0
55535 0
55627 0
55703 0
55842 0
56034 0
56237 0
56352 0
56449 0
56641 0
56760 0
57043 0
57621 0
57648 0
59113 0
59133 0
59449 0
59552 0
59968 0
60084 0
60144 0
60172 0
60334 0
60433 0
60455 0
60511 0
60758 0
61163 0
61410 0
61507 0
61598 0
61610 0
61622 0
62075 0
62598 0
62953 0
63128 0
63362 0
63413 0
63812 0
64081 0
64230 0
64232 0
64514 0
64547 0
64767 0
64944 0
65041 0
65164 0
65211 0
65317 0
65529 0
65550 0
65687 0
65765 0
65780 0
65817 0
65935 0
66074 0
66585 0
66688 0
67181 0
67286 0
67356 0
67564 0
67675 0
67998 0
68088 0
68333 0
68816 0
70103 0
70138 0
70977 0
71388 0
71495 0
72288 0
72421 0
72574 0
72610 0
73210 0
73368 0
73905 0
74286 0
74511 0
74752 0
74883 0
74914 0
75035 0
75195 0
75410 0
75477 0
75630 0
75751 0
76028 0
76209 0
76256 0
76334 0
76524 0
76572 0
76796 0
76871 0
76922 0
77220 0
77231 0
77248 0
77392 0
77440 0
77456 0
77584 0
77654 0
77658 0
77663 0
77683 0
77759 0
77885 0
78632 0
78791 0
78947 0
78963 0
78979 0
80137 0
80604 0
80667 0
80860 0
80974 0
81393 0
81431 0
81614 0
81956 0
82099 0
82214 0
82258 0
82965 0
83003 0
83399 0
83729 0
83770 0
83917 0
83945 0
84014 0
84042 0
84126 0
84209 0
84221 0
84379 0
84724 0
84836 0
84870 0
84871 0
84943 0
85393 0
85689 0
86077 0
86263 0
86285 0
86404 0
86463 0
86770 0
87109 0
87126 0
87262 0
87302 0
87443 0
87672 0
87779 0
87785 0
87922 0
88112 0
88254 0
88292 0
88797 0
89128 0
89401 0
89613 0
89640 0
89718 0
90134 0
90233 0
90447 0
90573 0
90599 0
90603 0
90663 0
91005 0
91234 0
91321 0
91375 0
91580 0
91609 0
92516 0
92682 0
92701 0
93769 0
93880 0
93937 0
94191 0
94603 0
94717 0
94838 0
95032 0
95530 0
95779 0
95792 0
95801 0
95905 0
96015 0
96058 0
96073 0
96247 0
96278 0
96304 0
96325 0
96659 0
96915 0
97004 0
97139 0
97176 0
97429 0
97672 0
98235 0
98271 0
98620 0
98731 0
99238 0
99620 0
99992 0
