c This is a uniform distributed  1-D DIMACS file 
c width height point_number
p 100000 100000 512
14 0
190 0
459 0
736 0
844 0
1054 0
1195 0
1231 0
1310 0
1421 0
1539 0
1949 0
2019 0
2516 0
2739 0
2759 0
2791 0
3185 0
3293 0
3427 0
3719 0
3847 0
4475 0
4762 0
4776 0
4839 0
4847 0
4855 0
4913 0
5048 0
5287 0
5481 0
5745 0
5749 0
6156 0
6257 0
6413 0
6700 0
6715 0
6727 0
6802 0
7256 0
7429 0
7625 0
7901 0
7956 0
8001 0
8576 0
8806 0
8835 0
8841 0
8871 0
8985 0
9134 0
9181 0
9238 0
9416 0
9538 0
10248 0
10377 0
10887 0
11285 0
11434 0
11747 0
11795 0
11859 0
11870 0
11880 0
12990 0
13106 0
13203 0
13308 0
13873 0
14061 0
14152 0
14190 0
14404 0
14477 0
14489 0
14584 0
14691 0
14923 0
14971 0
14999 0
15049 0
15098 0
15559 0
15975 0
16066 0
16084 0
16203 0
16373 0
16601 0
17152 0
17256 0
17785 0
17973 0
18296 0
18418 0
18749 0
18965 0
19140 0
19149 0
19272 0
19416 0
19976 0
20087 0
20103 0
20374 0
21033 0
21269 0
21281 0
21541 0
21882 0
22274 0
22563 0
22690 0
22750 0
22952 0
22969 0
23231 0
23374 0
23535 0
23773 0
24026 0
24104 0
24122 0
24192 0
24383 0
24520 0
24534 0
24767 0
24847 0
24852 0
24931 0
25528 0
25639 0
25941 0
26120 0
26494 0
26556 0
26582 0
27284 0
27658 0
27946 0
27950 0
28054 0
28138 0
28142 0
28146 0
28575 0
28788 0
28845 0
28874 0
29029 0
29090 0
29095 0
29123 0
29410 0
29597 0
29600 0
29772 0
30213 0
30224 0
30314 0
30315 0
30790 0
30871 0
30905 0
30980 0
31685 0
31759 0
32640 0
32690 0
33150 0
33490 0
33633 0
33660 0
33881 0
34007 0
34187 0
34269 0
34424 0
34496 0
34995 0
35037 0
35350 0
35565 0
35625 0
35644 0
35669 0
35746 0
36264 0
36491 0
36826 0
36911 0
36980 0
37537 0
37814 0
37874 0
37931 0
38156 0
38466 0
38623 0
38856 0
39507 0
40050 0
40385 0
40676 0
40885 0
40917 0
40985 0
41385 0
41863 0
42046 0
42309 0
42645 0
42751 0
42788 0
43163 0
43177 0
43360 0
43427 0
43428 0
43469 0
43568 0
43939 0
43941 0
44028 0
44156 0
44516 0
44605 0
44841 0
45059 0
45060 0
45155 0
45161 0
45308 0
45406 0
45480 0
45659 0
45885 0
45898 0
45963 0
46128 0
46158 0
46196 0
46653 0
46842 0
47072 0
47124 0
47233 0
47586 0
47795 0
47868 0
48252 0
48595 0
48677 0
48910 0
49002 0
49075 0
49271 0
49276 0
49340 0
49359 0
49664 0
50026 0
50064 0
50130 0
50291 0
50324 0
50338 0
50562 0
50570 0
50727 0
51033 0
51118 0
51211 0
51247 0
51283 0
51339 0
51378 0
52358 0
52496 0
52674 0
52807 0
52909 0
52924 0
52940 0
53008 0
53074 0
53346 0
53659 0
53666 0
53812 0
54044 0
54689 0
54795 0
55114 0
55255 0
55291 0
55292 0
55659 0
55723 0
56162 0
56355 0
56536 0
56662 0
57054 0
57058 0
57623 0
57745 0
57920 0
58276 0
58547 0
58584 0
58600 0
58638 0
58757 0
58768 0
59235 0
59585 0
59605 0
59684 0
59857 0
59929 0
60029 0
60137 0
60355 0
60373 0
60485 0
60674 0
60716 0
61584 0
61731 0
61788 0
61949 0
62050 0
62202 0
62427 0
63073 0
63588 0
63594 0
63972 0
64165 0
64477 0
64544 0
64623 0
64893 0
64919 0
65048 0
65386 0
65605 0
65876 0
66246 0
66258 0
66325 0
66841 0
66908 0
67320 0
67633 0
68232 0
68257 0
68394 0
68602 0
69003 0
69250 0
69330 0
69380 0
69775 0
69902 0
69928 0
69937 0
70084 0
70243 0
70467 0
71046 0
71240 0
71321 0
71325 0
71326 0
71723 0
72006 0
72042 0
72128 0
72241 0
72247 0
72278 0
72383 0
72736 0
72948 0
73499 0
73801 0
74199 0
74700 0
74959 0
75054 0
75076 0
75316 0
75366 0
75491 0
75494 0
76173 0
76229 0
76271 0
76338 0
76462 0
76585 0
76606 0
76863 0
76980 0
77187 0
77337 0
77342 0
77499 0
77504 0
78024 0
78030 0
78257 0
78339 0
78451 0
78492 0
78581 0
78934 0
79061 0
79088 0
79119 0
79832 0
79879 0
80230 0
80308 0
80617 0
80644 0
80745 0
80951 0
80991 0
81883 0
81915 0
82242 0
82412 0
83068 0
83170 0
83828 0
83862 0
84788 0
84814 0
85153 0
85241 0
85319 0
85374 0
85405 0
85868 0
86294 0
86820 0
86868 0
87185 0
87351 0
87390 0
87447 0
87498 0
88208 0
88235 0
88679 0
89074 0
89110 0
89462 0
89542 0
89614 0
89639 0
90287 0
90477 0
90639 0
90704 0
90874 0
90942 0
91111 0
91630 0
91782 0
92007 0
92042 0
92215 0
92247 0
92732 0
92758 0
92811 0
92874 0
92937 0
93464 0
93521 0
94211 0
95052 0
95157 0
95235 0
95259 0
95308 0
95365 0
95368 0
95592 0
95593 0
95653 0
96187 0
96280 0
97383 0
97542 0
98161 0
98223 0
98676 0
98866 0
99450 0
99490 0
99555 0
99965 0
