c This is a uniform distributed  1-D DIMACS file 
c width height point_number
p 100000 100000 512
490 0
512 0
603 0
853 0
879 0
961 0
1223 0
2062 0
2617 0
2768 0
2957 0
3057 0
3142 0
3352 0
3402 0
3546 0
3635 0
4052 0
4092 0
4161 0
4278 0
4472 0
4498 0
4693 0
4774 0
4833 0
5239 0
5333 0
5819 0
5824 0
5933 0
6182 0
6450 0
6486 0
6577 0
6627 0
6720 0
6745 0
6823 0
7350 0
7352 0
7407 0
7518 0
7550 0
7787 0
7790 0
8274 0
8286 0
8343 0
8350 0
8418 0
8987 0
9004 0
9039 0
9408 0
9728 0
9746 0
10049 0
10359 0
10471 0
11072 0
11095 0
11307 0
12243 0
12495 0
12500 0
12617 0
12786 0
12836 0
12961 0
13150 0
13225 0
13249 0
13258 0
13847 0
13903 0
13906 0
13979 0
14370 0
14923 0
15242 0
15563 0
15983 0
16059 0
16076 0
16556 0
16639 0
16968 0
17111 0
17421 0
17617 0
17680 0
17713 0
17788 0
17816 0
17948 0
17955 0
18587 0
18887 0
19429 0
19773 0
19937 0
20235 0
20689 0
21072 0
21458 0
21635 0
21674 0
21835 0
21924 0
21998 0
22041 0
22747 0
23034 0
23089 0
23450 0
23648 0
23656 0
23986 0
24427 0
24694 0
24855 0
24893 0
24960 0
24981 0
25115 0
25206 0
25830 0
26110 0
26165 0
26216 0
26302 0
26640 0
27204 0
27272 0
27540 0
27557 0
28008 0
28071 0
28304 0
28338 0
28413 0
28981 0
29098 0
29210 0
29968 0
30123 0
30393 0
30452 0
30839 0
30845 0
31082 0
31399 0
31469 0
31789 0
31817 0
31855 0
31882 0
32227 0
32266 0
32468 0
32637 0
32790 0
32868 0
32914 0
33363 0
33520 0
33980 0
34021 0
34226 0
34355 0
34362 0
34404 0
34548 0
34842 0
35021 0
35405 0
35526 0
35793 0
35894 0
36025 0
36248 0
36302 0
36394 0
36467 0
36589 0
36627 0
36645 0
37122 0
37524 0
37941 0
37967 0
37971 0
37997 0
38280 0
38754 0
38932 0
38937 0
38990 0
39064 0
39065 0
39313 0
39402 0
39514 0
39583 0
39616 0
39758 0
39773 0
40559 0
40787 0
40905 0
40979 0
40993 0
41408 0
41928 0
42220 0
42249 0
42528 0
42580 0
42677 0
43402 0
43869 0
43928 0
44068 0
44308 0
44517 0
44662 0
44853 0
45235 0
45355 0
45417 0
45557 0
45738 0
45953 0
47467 0
47672 0
48041 0
48319 0
48661 0
48672 0
48837 0
48998 0
49056 0
49106 0
49327 0
49438 0
49795 0
49800 0
49979 0
49993 0
49997 0
50096 0
50187 0
50352 0
50586 0
50939 0
51005 0
51012 0
51591 0
51628 0
51702 0
51788 0
51862 0
52133 0
52270 0
52344 0
52367 0
52405 0
52428 0
52815 0
52831 0
52920 0
52969 0
53326 0
53394 0
53452 0
53562 0
53707 0
53824 0
54131 0
54329 0
54424 0
54652 0
54703 0
54960 0
55019 0
55200 0
55378 0
55593 0
55800 0
56115 0
56384 0
56921 0
56987 0
57112 0
57315 0
57527 0
57611 0
57700 0
57788 0
58076 0
58211 0
58316 0
58835 0
58907 0
59037 0
59230 0
59357 0
59386 0
59617 0
60005 0
60113 0
60169 0
60204 0
60226 0
60377 0
61140 0
61162 0
61248 0
61286 0
61548 0
61643 0
61720 0
61794 0
61801 0
61988 0
62090 0
62299 0
62315 0
62426 0
62665 0
62903 0
63105 0
63281 0
63773 0
63996 0
64069 0
64188 0
64394 0
64552 0
64759 0
65676 0
66192 0
66591 0
67575 0
67784 0
67827 0
67861 0
67864 0
68071 0
68160 0
68185 0
68217 0
68898 0
68938 0
69228 0
69464 0
69543 0
69564 0
69734 0
69739 0
70190 0
70467 0
70490 0
70682 0
71092 0
71193 0
71219 0
71737 0
71751 0
72175 0
72568 0
72726 0
72841 0
73406 0
73642 0
73840 0
74924 0
75056 0
75064 0
75136 0
75329 0
75386 0
75481 0
75522 0
76013 0
76026 0
76865 0
76999 0
77031 0
77043 0
77321 0
77595 0
77745 0
78127 0
78146 0
78381 0
78744 0
78777 0
78849 0
78863 0
79009 0
79615 0
79821 0
79929 0
80479 0
81217 0
81408 0
81831 0
82416 0
82712 0
82953 0
83087 0
83263 0
83797 0
83800 0
83961 0
83977 0
84052 0
84191 0
84269 0
84332 0
84394 0
84407 0
84535 0
84649 0
85016 0
85383 0
85528 0
85770 0
85873 0
85933 0
86076 0
86440 0
86441 0
86590 0
87008 0
87491 0
87539 0
87760 0
87770 0
87829 0
87912 0
87982 0
88019 0
88375 0
88470 0
88497 0
88611 0
88832 0
88878 0
88967 0
89207 0
89540 0
89567 0
89845 0
90141 0
90256 0
90326 0
90328 0
90653 0
90957 0
91175 0
91585 0
91898 0
92118 0
92134 0
92675 0
92691 0
93318 0
93725 0
94106 0
94118 0
94278 0
94408 0
94478 0
94525 0
94704 0
94976 0
95002 0
95062 0
95155 0
95490 0
95869 0
95945 0
95973 0
95998 0
96020 0
96082 0
96225 0
96351 0
96526 0
96613 0
96636 0
96713 0
96924 0
96997 0
97325 0
97371 0
97405 0
97665 0
97926 0
98289 0
98294 0
98404 0
98663 0
98711 0
98826 0
99012 0
99342 0
99371 0
99664 0
