c This is a uniform distributed  1-D DIMACS file 
c width height point_number
p 100000 100000 512
122 0
320 0
521 0
576 0
724 0
959 0
1098 0
1480 0
1655 0
1750 0
1843 0
2458 0
2744 0
2776 0
3053 0
3755 0
3883 0
3991 0
3995 0
4080 0
4537 0
4871 0
4971 0
5366 0
5751 0
5825 0
5844 0
5948 0
6091 0
6168 0
6611 0
6846 0
6965 0
7019 0
7037 0
7470 0
7944 0
7951 0
8039 0
8125 0
8243 0
8541 0
8646 0
8740 0
8950 0
9154 0
9185 0
9306 0
9464 0
9831 0
9935 0
10358 0
10444 0
10536 0
10689 0
10748 0
11049 0
11055 0
11551 0
11559 0
11588 0
11810 0
12098 0
12608 0
12680 0
12762 0
12789 0
13060 0
13439 0
13873 0
14049 0
14433 0
14584 0
14592 0
14822 0
15061 0
15088 0
15153 0
15157 0
15946 0
15996 0
16070 0
16194 0
16215 0
16579 0
16591 0
16644 0
16704 0
17072 0
17086 0
17136 0
17207 0
17747 0
17833 0
17915 0
18166 0
18187 0
18205 0
18207 0
18512 0
18621 0
18879 0
18950 0
19357 0
19552 0
19917 0
20329 0
20391 0
20430 0
20779 0
21012 0
21017 0
21126 0
21564 0
21746 0
21750 0
21836 0
22147 0
22434 0
22536 0
22680 0
23041 0
23269 0
23298 0
23390 0
23506 0
23591 0
23678 0
23888 0
23961 0
24015 0
24159 0
24192 0
24254 0
24461 0
24536 0
24863 0
24933 0
25052 0
25276 0
25575 0
25594 0
25739 0
25831 0
25876 0
25955 0
26672 0
26739 0
26755 0
26896 0
27434 0
28454 0
28857 0
29247 0
29296 0
29411 0
29592 0
29758 0
29911 0
30163 0
30562 0
30563 0
30990 0
31496 0
31645 0
31794 0
31865 0
31949 0
32258 0
32307 0
32351 0
32490 0
32545 0
32833 0
32840 0
33226 0
33331 0
33500 0
33898 0
34225 0
34240 0
34322 0
34581 0
35099 0
35194 0
35308 0
35495 0
35798 0
35975 0
36462 0
36549 0
36852 0
37150 0
37365 0
37392 0
37459 0
37535 0
37779 0
37795 0
38126 0
38244 0
38287 0
38484 0
38536 0
38544 0
38732 0
38914 0
39271 0
39630 0
39663 0
39760 0
39837 0
39910 0
39924 0
40029 0
40200 0
40405 0
40587 0
40681 0
41161 0
41424 0
41897 0
42400 0
42639 0
42677 0
42974 0
43042 0
43050 0
43107 0
43216 0
43310 0
43394 0
43454 0
44093 0
44333 0
44503 0
44878 0
44880 0
45175 0
45744 0
45788 0
45890 0
45900 0
45951 0
46054 0
46259 0
46684 0
46716 0
46827 0
47040 0
47256 0
47474 0
47552 0
47725 0
47899 0
48140 0
48475 0
48548 0
48584 0
49066 0
49962 0
50066 0
50336 0
50564 0
50569 0
50649 0
50952 0
51078 0
51151 0
51408 0
51413 0
51466 0
51699 0
52015 0
52600 0
52657 0
53240 0
54175 0
54258 0
54949 0
55074 0
55394 0
55634 0
55683 0
55685 0
55907 0
55963 0
56166 0
56340 0
56552 0
56789 0
57153 0
57556 0
57974 0
58056 0
58111 0
58143 0
58253 0
58789 0
58895 0
59253 0
59297 0
60156 0
60200 0
60369 0
60495 0
61187 0
61257 0
61762 0
61811 0
61902 0
62110 0
62142 0
62313 0
62335 0
62498 0
62898 0
63096 0
63286 0
63303 0
63702 0
63833 0
63854 0
64286 0
64556 0
64816 0
65107 0
65145 0
65833 0
65978 0
65990 0
66072 0
66277 0
67492 0
68261 0
68310 0
68381 0
68594 0
68880 0
69203 0
69378 0
69585 0
69648 0
69662 0
69939 0
70192 0
70274 0
70322 0
70346 0
70804 0
70817 0
70977 0
70985 0
70989 0
71122 0
71247 0
71307 0
71363 0
71378 0
71427 0
71681 0
71777 0
71889 0
72372 0
72450 0
72554 0
72751 0
72791 0
73093 0
73168 0
73188 0
73519 0
73669 0
73860 0
74069 0
74187 0
74281 0
74325 0
74612 0
74638 0
74843 0
74862 0
74865 0
75082 0
75111 0
75311 0
75435 0
75461 0
75532 0
75626 0
75726 0
75825 0
76081 0
76133 0
76416 0
76562 0
76624 0
76733 0
76746 0
76788 0
76979 0
77096 0
77417 0
78185 0
78225 0
78346 0
78412 0
78463 0
78564 0
78756 0
78784 0
78792 0
78985 0
79056 0
79260 0
79293 0
79401 0
80256 0
80613 0
80642 0
80702 0
80780 0
80903 0
80996 0
80998 0
81072 0
81113 0
82422 0
82427 0
82594 0
82881 0
82893 0
83096 0
83272 0
83368 0
83546 0
83886 0
84000 0
84059 0
84086 0
84124 0
84355 0
84389 0
84535 0
84711 0
85033 0
85320 0
85325 0
85351 0
85850 0
85879 0
85936 0
86112 0
86118 0
86224 0
86236 0
86584 0
87184 0
87185 0
87226 0
87486 0
87853 0
87976 0
88072 0
88544 0
88654 0
88786 0
89423 0
89631 0
89856 0
90054 0
90329 0
90611 0
90958 0
91141 0
91322 0
91348 0
91516 0
91753 0
92186 0
92470 0
92487 0
92800 0
92912 0
94103 0
94308 0
94405 0
94479 0
94644 0
94802 0
95043 0
95148 0
95252 0
95367 0
96103 0
96124 0
96504 0
97005 0
97043 0
97708 0
97915 0
98103 0
98106 0
98418 0
98502 0
99019 0
99159 0
99379 0
99771 0
99816 0
99896 0
99956 0
