c This is a uniform distributed  1-D DIMACS file 
c width height point_number
p 100000 100000 512
175 0
215 0
861 0
938 0
1230 0
1248 0
1252 0
1701 0
1877 0
2041 0
2318 0
2592 0
2955 0
3157 0
3198 0
3296 0
3503 0
3558 0
3609 0
4644 0
4832 0
5106 0
5235 0
5263 0
5640 0
5669 0
5673 0
5937 0
6177 0
6600 0
6667 0
6958 0
7126 0
7306 0
7417 0
7447 0
7486 0
7501 0
7872 0
8036 0
8169 0
8490 0
8554 0
8802 0
9059 0
9220 0
9491 0
9829 0
10028 0
10187 0
10230 0
10893 0
11071 0
11809 0
12064 0
12377 0
12714 0
12729 0
12911 0
13148 0
13272 0
13341 0
14322 0
14569 0
14759 0
14923 0
14951 0
15283 0
15833 0
16036 0
16099 0
16247 0
16541 0
16896 0
17016 0
17283 0
17293 0
17404 0
17664 0
17818 0
17820 0
17864 0
17974 0
19283 0
19340 0
19758 0
20193 0
20228 0
20279 0
20465 0
20510 0
20733 0
21083 0
21454 0
21596 0
21624 0
21966 0
22344 0
22592 0
22593 0
22710 0
22900 0
23698 0
23840 0
23944 0
24060 0
24342 0
24668 0
24686 0
24816 0
25245 0
25283 0
25296 0
25439 0
25735 0
26100 0
26166 0
26386 0
26404 0
26527 0
26615 0
26773 0
26837 0
26875 0
26945 0
27080 0
27085 0
27134 0
27453 0
27505 0
27633 0
27667 0
27726 0
27868 0
27955 0
28041 0
28376 0
28774 0
28874 0
28879 0
28916 0
29235 0
29407 0
29415 0
29616 0
29878 0
30088 0
30113 0
30385 0
30721 0
30746 0
30775 0
31417 0
31504 0
31640 0
31771 0
31782 0
32026 0
32071 0
33804 0
34146 0
34234 0
34371 0
34451 0
34620 0
34638 0
34670 0
34886 0
35084 0
35213 0
35357 0
35585 0
36288 0
36471 0
36579 0
36865 0
36920 0
36947 0
37270 0
37863 0
37903 0
37920 0
38066 0
38107 0
38263 0
38290 0
38563 0
39015 0
39032 0
39229 0
39349 0
40812 0
41130 0
41222 0
41437 0
41460 0
41573 0
42154 0
42173 0
42250 0
42711 0
42809 0
42850 0
42867 0
42967 0
43360 0
43539 0
43659 0
44037 0
44197 0
44249 0
44424 0
44485 0
44599 0
44637 0
44768 0
44866 0
44939 0
45154 0
45230 0
45269 0
45337 0
45442 0
45940 0
46268 0
46612 0
46719 0
47056 0
47213 0
47800 0
48112 0
48125 0
48498 0
48676 0
48808 0
49122 0
49260 0
49261 0
49483 0
49657 0
50177 0
50178 0
50953 0
51044 0
51167 0
51316 0
51361 0
51432 0
51486 0
51578 0
51681 0
51771 0
51797 0
51850 0
52469 0
52663 0
52752 0
53127 0
53278 0
53668 0
53684 0
53951 0
53957 0
54157 0
54188 0
54263 0
54437 0
54442 0
54967 0
55241 0
55269 0
55336 0
55515 0
55621 0
55830 0
55911 0
56068 0
56190 0
56277 0
56866 0
56875 0
56898 0
56904 0
57556 0
57637 0
57704 0
57783 0
57795 0
58068 0
58242 0
58469 0
58764 0
59246 0
59301 0
59303 0
59594 0
60149 0
60237 0
60497 0
60544 0
61150 0
61247 0
61461 0
61532 0
61967 0
61997 0
62030 0
62123 0
62203 0
62302 0
62495 0
62564 0
62759 0
62864 0
63022 0
63095 0
63604 0
64044 0
64064 0
64137 0
64347 0
64449 0
64645 0
64930 0
65012 0
65143 0
65416 0
65502 0
65730 0
65757 0
66316 0
66337 0
66388 0
66694 0
66754 0
67321 0
67805 0
68064 0
68576 0
68699 0
68894 0
68942 0
69319 0
69422 0
69486 0
69635 0
70097 0
70239 0
70357 0
70544 0
70714 0
71013 0
71049 0
71151 0
71297 0
71488 0
71700 0
71850 0
71998 0
72026 0
72621 0
72715 0
73522 0
74030 0
74215 0
74415 0
74559 0
74657 0
74750 0
75415 0
75637 0
76120 0
76220 0
76280 0
76307 0
76316 0
76326 0
76392 0
76443 0
76445 0
76460 0
76575 0
76588 0
76722 0
76926 0
76943 0
76952 0
76971 0
77395 0
77511 0
77680 0
77739 0
78166 0
78407 0
78789 0
78817 0
79042 0
79135 0
79295 0
79824 0
80097 0
80168 0
80217 0
80442 0
80630 0
80647 0
80803 0
80879 0
81121 0
82102 0
82171 0
82227 0
82877 0
82948 0
83186 0
83203 0
83217 0
83450 0
83552 0
84086 0
84105 0
84158 0
84165 0
84168 0
84429 0
84827 0
84896 0
84977 0
85009 0
85120 0
85207 0
85559 0
85773 0
86507 0
86533 0
86908 0
86932 0
87013 0
87059 0
87343 0
87517 0
87606 0
87653 0
88222 0
88736 0
88834 0
89055 0
89296 0
89392 0
89584 0
89761 0
90069 0
90332 0
90532 0
90673 0
90700 0
90773 0
90943 0
91338 0
91674 0
91797 0
91894 0
91949 0
92104 0
92932 0
92940 0
92989 0
93204 0
93219 0
93264 0
93299 0
93323 0
93449 0
93523 0
94140 0
94392 0
94456 0
94691 0
94754 0
94894 0
94901 0
95103 0
95170 0
95445 0
95982 0
96485 0
96572 0
96638 0
96764 0
97255 0
97419 0
97504 0
97600 0
97618 0
97629 0
97764 0
97914 0
98077 0
98562 0
98623 0
98646 0
98889 0
98924 0
99010 0
99290 0
99331 0
99338 0
99376 0
99386 0
99753 0
99759 0
99856 0
