c This is a uniform distributed  1-D DIMACS file 
c width height point_number
p 100000 100000 512
45 0
123 0
145 0
633 0
726 0
739 0
769 0
836 0
915 0
1312 0
1376 0
1480 0
1917 0
1929 0
2222 0
2399 0
3984 0
4113 0
4179 0
4596 0
4823 0
5339 0
5392 0
5521 0
6040 0
6126 0
6154 0
6245 0
6282 0
6396 0
6459 0
6793 0
6822 0
6894 0
6903 0
6954 0
7052 0
7352 0
7514 0
7540 0
7949 0
8500 0
8586 0
8971 0
9037 0
9160 0
9246 0
9515 0
9554 0
9758 0
9908 0
10121 0
10555 0
11031 0
11433 0
11456 0
12372 0
12780 0
12894 0
13059 0
13449 0
13576 0
13842 0
13979 0
14091 0
14177 0
14288 0
14415 0
14704 0
14766 0
15226 0
15441 0
15533 0
15637 0
15669 0
15867 0
15946 0
15983 0
16010 0
16373 0
16426 0
16596 0
16762 0
17282 0
17522 0
17544 0
17724 0
17759 0
17912 0
18079 0
18245 0
18374 0
18512 0
18639 0
18695 0
19092 0
19158 0
19503 0
19980 0
19985 0
20163 0
20165 0
20177 0
20464 0
20495 0
20710 0
20899 0
20946 0
21016 0
21408 0
21441 0
22126 0
22545 0
22553 0
22648 0
22805 0
22809 0
22849 0
23037 0
23233 0
23397 0
23578 0
23711 0
23933 0
24021 0
24213 0
24426 0
24502 0
24552 0
24679 0
24788 0
24806 0
24909 0
24966 0
25327 0
25378 0
25548 0
25563 0
25807 0
25878 0
26273 0
26460 0
26699 0
27067 0
27503 0
27729 0
27750 0
28027 0
28078 0
28420 0
28482 0
28574 0
28631 0
28666 0
28740 0
28877 0
29047 0
29373 0
29424 0
29594 0
29619 0
29654 0
29824 0
29899 0
29986 0
30150 0
30322 0
30407 0
30449 0
30719 0
30863 0
31032 0
31123 0
31318 0
31426 0
31492 0
31806 0
31966 0
32416 0
32656 0
32923 0
32957 0
32961 0
33025 0
33204 0
33357 0
33509 0
33689 0
33801 0
33823 0
34010 0
34539 0
34619 0
34631 0
34751 0
34773 0
34931 0
35048 0
35228 0
35301 0
35459 0
35495 0
35684 0
35768 0
35873 0
36870 0
37032 0
37080 0
37128 0
37245 0
37550 0
37805 0
37958 0
37977 0
38146 0
38342 0
38447 0
38562 0
38718 0
38812 0
39217 0
39460 0
40097 0
40308 0
40553 0
40736 0
40824 0
40938 0
40953 0
41135 0
41235 0
41420 0
41489 0
41543 0
41935 0
42055 0
42120 0
42382 0
42640 0
42704 0
42771 0
43466 0
43525 0
43878 0
44142 0
45151 0
45296 0
45465 0
45954 0
45971 0
46067 0
46145 0
46183 0
47315 0
47498 0
47656 0
47779 0
47944 0
47978 0
48037 0
48851 0
49148 0
49386 0
49751 0
49866 0
50066 0
50358 0
50566 0
50884 0
51023 0
51119 0
51240 0
51297 0
51424 0
51825 0
52051 0
52102 0
52463 0
52489 0
52743 0
52915 0
53126 0
53156 0
53266 0
53820 0
54179 0
54747 0
55222 0
55317 0
55668 0
55699 0
55840 0
55881 0
55937 0
56510 0
56812 0
56928 0
56989 0
57010 0
57183 0
57326 0
57427 0
57561 0
57883 0
57911 0
58205 0
58364 0
58571 0
58579 0
58804 0
58872 0
58900 0
59055 0
59466 0
59474 0
59694 0
59806 0
59998 0
60064 0
60181 0
60600 0
60951 0
61035 0
61050 0
61416 0
61774 0
61805 0
61838 0
62291 0
62322 0
62570 0
62894 0
62911 0
63050 0
63330 0
63397 0
63516 0
63603 0
63672 0
63817 0
64140 0
64316 0
64604 0
64802 0
64984 0
65119 0
65228 0
65362 0
65492 0
65794 0
65857 0
65910 0
65934 0
66383 0
66792 0
67386 0
67731 0
67789 0
67853 0
68255 0
68400 0
68530 0
68603 0
68719 0
69019 0
69198 0
69230 0
69435 0
69519 0
70055 0
70161 0
70271 0
70515 0
70532 0
70631 0
70842 0
70992 0
71087 0
71180 0
71678 0
71710 0
71724 0
71850 0
71856 0
71946 0
72579 0
72799 0
73164 0
73224 0
73405 0
73590 0
73803 0
73934 0
73984 0
74023 0
74441 0
75322 0
75455 0
75508 0
75777 0
75782 0
75808 0
76653 0
76789 0
76831 0
76859 0
76945 0
77204 0
77497 0
77505 0
77559 0
78050 0
78116 0
79024 0
79041 0
79633 0
79685 0
79828 0
79838 0
79965 0
80037 0
80369 0
80443 0
80455 0
80641 0
80795 0
80821 0
81311 0
81380 0
81457 0
81582 0
81640 0
81712 0
81790 0
82381 0
82579 0
82615 0
82947 0
83015 0
83032 0
84059 0
84082 0
84609 0
85011 0
85157 0
85253 0
85480 0
85630 0
86031 0
86408 0
86525 0
87054 0
87569 0
87607 0
87886 0
87943 0
88141 0
88777 0
89044 0
89120 0
89243 0
89341 0
89550 0
89728 0
90079 0
90106 0
90149 0
90168 0
90204 0
90685 0
90706 0
91374 0
91690 0
92228 0
92614 0
92960 0
93057 0
93830 0
94171 0
94454 0
94473 0
94581 0
95017 0
95074 0
95093 0
95101 0
95328 0
95331 0
95517 0
95670 0
95809 0
96139 0
96369 0
96439 0
96823 0
97286 0
97329 0
97367 0
97427 0
97501 0
97693 0
97898 0
97966 0
98490 0
98827 0
98902 0
99046 0
99441 0
99474 0
99566 0
99879 0
99974 0
