c This is a uniform distributed  1-D DIMACS file 
c width height point_number
p 100000 100000 512
63 0
147 0
194 0
332 0
408 0
749 0
967 0
1240 0
1312 0
1379 0
1506 0
1743 0
1788 0
1947 0
1967 0
2047 0
2129 0
2170 0
2875 0
3023 0
3056 0
3129 0
3261 0
3561 0
3673 0
3952 0
4157 0
4250 0
4369 0
5066 0
5105 0
5180 0
5341 0
5465 0
5497 0
5678 0
5749 0
5859 0
6573 0
6947 0
6993 0
7162 0
7232 0
7353 0
7356 0
7407 0
7656 0
7842 0
7968 0
7992 0
8050 0
8292 0
8614 0
8674 0
8890 0
9045 0
9358 0
9763 0
9876 0
9938 0
10180 0
10339 0
10370 0
10474 0
10775 0
10777 0
10909 0
11633 0
11676 0
12036 0
12220 0
12400 0
12455 0
12457 0
12463 0
13012 0
13103 0
13109 0
13414 0
13647 0
13804 0
14203 0
14232 0
14658 0
14997 0
15080 0
15472 0
15637 0
16138 0
16292 0
16391 0
16408 0
16660 0
16749 0
16766 0
16823 0
16911 0
16947 0
17014 0
17143 0
17165 0
17569 0
17684 0
17767 0
17820 0
18176 0
18190 0
18241 0
18307 0
18338 0
18542 0
18578 0
18616 0
18779 0
19122 0
19378 0
19529 0
19833 0
19863 0
20037 0
20489 0
20661 0
20799 0
20868 0
20945 0
20978 0
21086 0
21093 0
21355 0
21377 0
21625 0
21626 0
21985 0
22404 0
22589 0
22645 0
22689 0
22864 0
23171 0
23390 0
23441 0
24720 0
24972 0
25233 0
25678 0
25711 0
26365 0
26413 0
26613 0
27179 0
27210 0
27429 0
27473 0
27633 0
27795 0
27910 0
27924 0
28065 0
28098 0
28259 0
28545 0
28625 0
29248 0
29737 0
30240 0
30708 0
30935 0
31020 0
31071 0
31093 0
31203 0
31574 0
31750 0
31790 0
32038 0
32039 0
32484 0
32781 0
32825 0
33162 0
33180 0
33577 0
34272 0
34757 0
34924 0
34960 0
35057 0
35438 0
35529 0
35996 0
36004 0
36236 0
36289 0
36491 0
36956 0
37040 0
37092 0
37317 0
37352 0
37520 0
37531 0
38203 0
38410 0
38468 0
38476 0
38691 0
38767 0
39020 0
39386 0
39453 0
39607 0
39737 0
40286 0
40331 0
40410 0
40746 0
41085 0
41088 0
41112 0
41118 0
41748 0
42001 0
42352 0
42683 0
42839 0
43105 0
43228 0
43314 0
43399 0
43411 0
43845 0
44485 0
44521 0
44587 0
44793 0
45039 0
45260 0
45559 0
45800 0
45817 0
45900 0
46105 0
46441 0
46525 0
46552 0
46584 0
46719 0
46902 0
47310 0
47407 0
47418 0
47520 0
48406 0
49056 0
49133 0
49255 0
49586 0
50028 0
50041 0
50095 0
50175 0
50279 0
50403 0
50498 0
50532 0
50738 0
50970 0
51252 0
51697 0
51894 0
52195 0
52460 0
53095 0
53103 0
53213 0
53399 0
53454 0
53455 0
53690 0
53856 0
53967 0
54010 0
54164 0
54521 0
55142 0
55411 0
55725 0
56006 0
56063 0
56080 0
56419 0
56465 0
56606 0
56893 0
57002 0
57456 0
57843 0
57923 0
57946 0
58306 0
58758 0
59290 0
59415 0
59734 0
60029 0
60303 0
60345 0
60511 0
60516 0
60572 0
61087 0
61103 0
61536 0
61599 0
61674 0
61757 0
62020 0
62246 0
62530 0
62609 0
62828 0
63014 0
63048 0
63133 0
63399 0
63477 0
63590 0
63747 0
63927 0
64076 0
64210 0
64523 0
64598 0
64690 0
64994 0
65299 0
65628 0
66044 0
66228 0
66229 0
66727 0
66837 0
66934 0
67028 0
67155 0
67221 0
67292 0
67420 0
67624 0
67730 0
68169 0
68175 0
68304 0
68325 0
68670 0
68939 0
69125 0
69318 0
69440 0
69881 0
70043 0
70071 0
70085 0
70275 0
70585 0
70646 0
70771 0
70896 0
71281 0
71544 0
71644 0
71780 0
71820 0
71844 0
72054 0
72119 0
72312 0
72523 0
73654 0
73683 0
73776 0
73804 0
73966 0
74236 0
74299 0
74365 0
74423 0
74518 0
74700 0
74769 0
75036 0
75041 0
75135 0
75486 0
75558 0
75853 0
75911 0
76055 0
76108 0
76379 0
76483 0
76546 0
76595 0
76710 0
76762 0
76963 0
77019 0
77168 0
77300 0
77400 0
77610 0
77636 0
77852 0
78701 0
78746 0
78981 0
79014 0
79217 0
79604 0
79843 0
79896 0
79909 0
80263 0
80785 0
81243 0
81984 0
82183 0
82302 0
82611 0
82651 0
82989 0
83478 0
83758 0
84247 0
84406 0
84735 0
84760 0
85041 0
85175 0
85447 0
85572 0
85579 0
85703 0
85808 0
85946 0
86102 0
86201 0
86283 0
86289 0
86380 0
87450 0
87869 0
87978 0
87990 0
88169 0
88250 0
88535 0
89170 0
89212 0
89330 0
89410 0
89419 0
89431 0
89523 0
89623 0
91502 0
91657 0
91954 0
92113 0
92562 0
92876 0
92902 0
92964 0
93129 0
93184 0
93250 0
93408 0
93825 0
93946 0
94488 0
94489 0
94517 0
94604 0
94655 0
94882 0
94914 0
94970 0
95032 0
95609 0
95776 0
95797 0
95810 0
96129 0
96216 0
97050 0
97250 0
97402 0
97652 0
98005 0
98047 0
98125 0
98134 0
98508 0
98677 0
98886 0
98940 0
99101 0
99187 0
99370 0
99411 0
99587 0
99778 0
