c This is a uniform distributed  1-D DIMACS file 
c width height point_number
p 100000 100000 512
236 0
288 0
410 0
831 0
1485 0
1575 0
1712 0
2044 0
2187 0
2214 0
2293 0
2342 0
2351 0
2414 0
2470 0
3012 0
3248 0
3384 0
3405 0
3599 0
3622 0
3777 0
3905 0
4008 0
4144 0
4215 0
4400 0
4435 0
4523 0
4680 0
4737 0
5352 0
5435 0
5441 0
5605 0
5863 0
5948 0
6337 0
6512 0
6543 0
6719 0
6909 0
7436 0
7508 0
7740 0
7759 0
7762 0
8430 0
8574 0
8825 0
9022 0
9226 0
9376 0
9446 0
9604 0
9605 0
10117 0
10121 0
10155 0
10249 0
10620 0
10705 0
10899 0
11104 0
12509 0
12522 0
12526 0
12645 0
12688 0
12733 0
13134 0
13465 0
13691 0
13832 0
13963 0
14066 0
14099 0
14123 0
14150 0
14257 0
14621 0
14804 0
15197 0
15258 0
15479 0
15550 0
15649 0
15790 0
16088 0
16438 0
16525 0
16572 0
16889 0
17003 0
17008 0
17239 0
17557 0
18101 0
18110 0
18153 0
18309 0
18608 0
18678 0
18684 0
18819 0
18861 0
18962 0
19025 0
19083 0
19140 0
19852 0
20324 0
20401 0
20653 0
20673 0
20696 0
21108 0
21116 0
21308 0
21588 0
21780 0
22278 0
22776 0
23319 0
23687 0
23699 0
23958 0
24158 0
24287 0
24565 0
25289 0
25494 0
25750 0
25927 0
26423 0
26752 0
27280 0
27281 0
27469 0
27531 0
28432 0
28650 0
28815 0
28817 0
29071 0
29198 0
29545 0
30088 0
30224 0
30265 0
30303 0
30378 0
30470 0
30817 0
30928 0
31044 0
31128 0
31158 0
31201 0
31357 0
31381 0
31638 0
32232 0
32542 0
32560 0
32619 0
32627 0
32630 0
32708 0
33001 0
33139 0
33454 0
33803 0
33943 0
34152 0
34262 0
34413 0
34602 0
34674 0
35254 0
35496 0
35819 0
35996 0
36213 0
36556 0
36614 0
36647 0
36797 0
36884 0
36895 0
37163 0
37182 0
37710 0
37800 0
37970 0
37984 0
38158 0
38274 0
38382 0
38655 0
38731 0
38808 0
38846 0
38867 0
38881 0
38945 0
38946 0
39275 0
39442 0
39462 0
39973 0
39986 0
40252 0
40776 0
40886 0
41253 0
41321 0
41423 0
41735 0
42040 0
42063 0
42121 0
42362 0
42365 0
42392 0
42454 0
42650 0
42699 0
43112 0
43238 0
43300 0
43356 0
43364 0
43820 0
43844 0
43981 0
44410 0
44421 0
44448 0
44856 0
44937 0
44948 0
45091 0
45293 0
45438 0
45472 0
45517 0
45592 0
45800 0
46035 0
46138 0
46336 0
46484 0
46728 0
46845 0
46930 0
47462 0
47527 0
47762 0
47779 0
48296 0
48539 0
48575 0
49121 0
49320 0
49539 0
49728 0
49854 0
49984 0
50247 0
50329 0
50464 0
50733 0
51051 0
51058 0
51078 0
51259 0
51386 0
51446 0
51723 0
52110 0
52231 0
52328 0
52445 0
52644 0
52753 0
52854 0
53214 0
53718 0
53818 0
54124 0
54311 0
54452 0
54590 0
54646 0
54712 0
54738 0
54942 0
55580 0
55764 0
55864 0
56072 0
56745 0
56788 0
56819 0
56958 0
57031 0
57128 0
57441 0
57621 0
58786 0
59043 0
59320 0
60361 0
60479 0
60596 0
60706 0
60832 0
60989 0
61076 0
61121 0
61270 0
61287 0
61391 0
61403 0
61444 0
61772 0
61866 0
62044 0
62369 0
62648 0
62656 0
62933 0
63377 0
63572 0
63709 0
64189 0
64271 0
64510 0
64909 0
65824 0
66165 0
66744 0
66845 0
67089 0
67216 0
67358 0
67504 0
67625 0
67749 0
67765 0
68080 0
68117 0
68133 0
68179 0
68259 0
68276 0
68588 0
68696 0
68860 0
68861 0
68950 0
68994 0
69119 0
69496 0
69739 0
69830 0
69837 0
69944 0
70431 0
70454 0
70562 0
71123 0
71208 0
71734 0
72135 0
72156 0
72172 0
72204 0
72241 0
72377 0
72591 0
72677 0
72957 0
73086 0
73314 0
73323 0
73586 0
73696 0
73866 0
73871 0
74620 0
74746 0
74977 0
75003 0
75508 0
76039 0
76062 0
76126 0
76346 0
76494 0
76692 0
77309 0
77482 0
77842 0
78381 0
78435 0
78675 0
79128 0
79196 0
79356 0
79506 0
79545 0
79604 0
79615 0
79891 0
80003 0
80214 0
80292 0
80537 0
81112 0
81283 0
81423 0
81713 0
81795 0
81940 0
82060 0
82137 0
82337 0
82416 0
82466 0
82610 0
82643 0
83476 0
83550 0
84200 0
84414 0
84782 0
84876 0
85036 0
85233 0
85260 0
85454 0
85607 0
85720 0
86302 0
86377 0
86554 0
87131 0
87234 0
87568 0
87910 0
88151 0
88174 0
88272 0
88294 0
88310 0
88351 0
88869 0
88888 0
89148 0
89291 0
89847 0
89971 0
89989 0
90382 0
90395 0
90680 0
90743 0
90762 0
90854 0
90885 0
91023 0
91271 0
91967 0
92604 0
92609 0
92742 0
93008 0
93124 0
93199 0
93224 0
93247 0
93502 0
93552 0
93589 0
93601 0
93769 0
93837 0
94729 0
95009 0
95107 0
95397 0
95574 0
95840 0
95941 0
96084 0
96422 0
96935 0
97148 0
97441 0
97445 0
97662 0
98125 0
98595 0
98852 0
98898 0
99152 0
99214 0
99222 0
99243 0
99489 0
