c This is a uniform distributed  1-D DIMACS file 
c width height point_number
p 100000 100000 512
362 0
854 0
1019 0
1040 0
1078 0
1143 0
1292 0
1510 0
1618 0
1778 0
1788 0
1813 0
1862 0
1924 0
1941 0
2698 0
2987 0
3192 0
3419 0
3460 0
3920 0
4015 0
4203 0
4253 0
4303 0
4873 0
5138 0
5649 0
5712 0
6279 0
6324 0
6448 0
7195 0
7601 0
7883 0
8088 0
8256 0
8333 0
9051 0
9506 0
9765 0
9777 0
9981 0
10099 0
10413 0
10472 0
10549 0
10837 0
10953 0
10970 0
11038 0
11336 0
11382 0
11598 0
11724 0
11761 0
11766 0
11975 0
12299 0
12441 0
12686 0
12757 0
12758 0
12794 0
12864 0
12895 0
12899 0
13067 0
13117 0
13146 0
13242 0
13332 0
13508 0
13980 0
14053 0
14060 0
14218 0
14306 0
14577 0
14650 0
14724 0
14860 0
14874 0
14928 0
14932 0
15450 0
15487 0
15592 0
15821 0
16189 0
16513 0
16885 0
16980 0
17029 0
17081 0
17136 0
17486 0
17778 0
18290 0
18443 0
18543 0
18657 0
18734 0
19498 0
19732 0
19891 0
20150 0
20219 0
20371 0
20463 0
20788 0
20981 0
21031 0
21109 0
21557 0
21955 0
22070 0
22131 0
22267 0
22338 0
22425 0
22596 0
22709 0
22743 0
22817 0
23063 0
23087 0
24025 0
24333 0
24372 0
24905 0
25064 0
25125 0
25231 0
25232 0
25272 0
25285 0
25370 0
25799 0
25815 0
26155 0
26210 0
26797 0
26921 0
27738 0
28095 0
28249 0
28480 0
28636 0
28822 0
28911 0
29450 0
29774 0
30395 0
31163 0
31166 0
31279 0
31407 0
31549 0
31583 0
31638 0
32042 0
32213 0
32218 0
32238 0
32749 0
33174 0
33200 0
33328 0
33401 0
33817 0
34432 0
34714 0
34754 0
34995 0
35706 0
35849 0
35873 0
35957 0
36146 0
36153 0
36312 0
36317 0
36474 0
36519 0
36673 0
37130 0
37366 0
37707 0
37918 0
37984 0
38695 0
38805 0
38930 0
38954 0
38958 0
39183 0
39253 0
39432 0
39666 0
40060 0
40215 0
40635 0
40833 0
40912 0
40926 0
41218 0
41265 0
41413 0
41694 0
41699 0
41751 0
41985 0
42017 0
42466 0
42504 0
42628 0
42838 0
42883 0
43713 0
43749 0
43828 0
44279 0
44413 0
44455 0
44473 0
44510 0
44704 0
44754 0
44922 0
45023 0
45092 0
45810 0
45833 0
46172 0
46319 0
46356 0
47248 0
47601 0
47766 0
48505 0
48753 0
48755 0
48843 0
48867 0
48897 0
48978 0
49071 0
49345 0
49357 0
49569 0
49647 0
49678 0
49752 0
49944 0
50129 0
50143 0
50538 0
50821 0
51576 0
51705 0
51837 0
51928 0
52134 0
52611 0
52645 0
52725 0
52924 0
53378 0
53428 0
53890 0
54142 0
54163 0
54274 0
54678 0
54714 0
54935 0
55153 0
55464 0
55953 0
56108 0
56348 0
56470 0
56529 0
56574 0
56646 0
56670 0
56761 0
56774 0
56994 0
57797 0
57888 0
57910 0
58465 0
58518 0
58781 0
58955 0
59065 0
59181 0
59220 0
59282 0
60402 0
60486 0
60740 0
60773 0
61284 0
61429 0
61565 0
61585 0
61728 0
61734 0
61839 0
61948 0
62184 0
62265 0
62343 0
62368 0
62431 0
62762 0
62824 0
62850 0
63348 0
63527 0
63569 0
63617 0
63697 0
64074 0
64631 0
64637 0
65061 0
65224 0
65359 0
65493 0
65557 0
65828 0
65941 0
66103 0
66460 0
67189 0
67376 0
67806 0
67919 0
68073 0
68505 0
68863 0
68888 0
68909 0
69018 0
69072 0
69133 0
69326 0
69593 0
69808 0
70104 0
70121 0
70244 0
70308 0
70318 0
70538 0
70971 0
71075 0
71191 0
71260 0
71446 0
71669 0
71757 0
71974 0
72542 0
72589 0
72610 0
72671 0
72762 0
73273 0
73311 0
73454 0
73501 0
73509 0
73571 0
73818 0
73986 0
73995 0
74043 0
74077 0
74199 0
74388 0
74455 0
74592 0
75178 0
75215 0
75327 0
75344 0
75360 0
75595 0
75655 0
76296 0
76298 0
76303 0
76373 0
76393 0
76489 0
76761 0
76835 0
76847 0
76888 0
77094 0
77100 0
77229 0
77518 0
77550 0
77852 0
78027 0
78051 0
78128 0
78136 0
78157 0
78372 0
78382 0
78463 0
78787 0
79080 0
79867 0
80387 0
80547 0
80670 0
81416 0
81505 0
81747 0
81760 0
81975 0
82214 0
82893 0
82967 0
83090 0
83360 0
83382 0
83452 0
83460 0
83534 0
83615 0
83746 0
84093 0
84305 0
84609 0
85009 0
86420 0
86425 0
86456 0
87033 0
87152 0
87414 0
87658 0
87979 0
88003 0
88145 0
88355 0
88552 0
88576 0
88780 0
88837 0
88978 0
89006 0
89246 0
89279 0
89396 0
89702 0
89982 0
90274 0
90665 0
91095 0
91144 0
91376 0
91569 0
91707 0
93595 0
93668 0
93709 0
93712 0
93778 0
93827 0
93938 0
94120 0
94146 0
94277 0
94455 0
94803 0
94852 0
94895 0
95158 0
95214 0
95342 0
95498 0
95731 0
95915 0
96304 0
97013 0
97030 0
97088 0
97346 0
97493 0
97494 0
97564 0
97806 0
97836 0
98286 0
98729 0
98824 0
98986 0
99032 0
99345 0
99561 0
99578 0
99652 0
