c This is a uniform distributed  1-D DIMACS file 
c width height point_number
p 100000 100000 512
216 0
495 0
675 0
1057 0
1064 0
1212 0
1713 0
2066 0
2118 0
2199 0
2381 0
2467 0
2705 0
2912 0
3544 0
3814 0
3946 0
3957 0
4368 0
4759 0
5690 0
5971 0
6096 0
6230 0
6637 0
6817 0
6830 0
7378 0
7381 0
7625 0
7651 0
7768 0
7930 0
8077 0
8123 0
8414 0
8471 0
8603 0
8671 0
8704 0
8731 0
8867 0
9053 0
9196 0
9326 0
9594 0
9702 0
9819 0
9841 0
10055 0
10263 0
10454 0
10740 0
10840 0
10983 0
11117 0
11619 0
12419 0
12443 0
12825 0
12956 0
13023 0
13162 0
13250 0
13516 0
13597 0
13689 0
13691 0
13753 0
14433 0
14529 0
14700 0
14895 0
15027 0
15312 0
15462 0
15607 0
15865 0
15964 0
16311 0
16493 0
16779 0
16933 0
17203 0
17445 0
17905 0
18122 0
18333 0
18373 0
18521 0
18872 0
18976 0
19169 0
19403 0
19603 0
19934 0
20240 0
20332 0
20379 0
20432 0
20942 0
21144 0
21260 0
21309 0
21314 0
21402 0
21408 0
21693 0
21872 0
21948 0
22543 0
22633 0
22795 0
22943 0
23175 0
24231 0
24411 0
24543 0
24700 0
25137 0
25533 0
25960 0
26690 0
26857 0
27125 0
27643 0
28154 0
28364 0
28775 0
29604 0
29805 0
29819 0
29922 0
30128 0
30412 0
30639 0
30853 0
31002 0
31327 0
31475 0
31849 0
31927 0
32077 0
32553 0
32907 0
32949 0
33268 0
33278 0
33440 0
33865 0
33957 0
34049 0
34443 0
34450 0
34470 0
34588 0
34594 0
34730 0
34887 0
34946 0
35100 0
35209 0
35285 0
35358 0
35386 0
35414 0
35430 0
35466 0
35484 0
35490 0
35674 0
35748 0
35781 0
36438 0
36453 0
36640 0
36946 0
37032 0
37094 0
37225 0
37247 0
37677 0
37832 0
37889 0
37967 0
38105 0
38454 0
38577 0
38797 0
38818 0
39050 0
39110 0
39192 0
39205 0
39353 0
39421 0
39746 0
39786 0
40111 0
40190 0
40209 0
40630 0
40709 0
40764 0
40808 0
40813 0
40998 0
41088 0
41163 0
41448 0
41685 0
41747 0
41888 0
42142 0
42484 0
42674 0
42740 0
42790 0
42799 0
43043 0
43075 0
43132 0
43171 0
43264 0
43492 0
44163 0
44232 0
44246 0
44834 0
44921 0
45305 0
45448 0
45591 0
45805 0
45897 0
46000 0
46023 0
46083 0
46814 0
47104 0
47134 0
47223 0
47245 0
47345 0
47449 0
47577 0
47778 0
48032 0
48176 0
48180 0
48337 0
48887 0
49016 0
49069 0
49329 0
49539 0
49870 0
49891 0
49907 0
49983 0
50103 0
50134 0
50200 0
50317 0
50347 0
50394 0
51519 0
51580 0
51596 0
51932 0
52462 0
52526 0
52531 0
52797 0
52805 0
52907 0
52982 0
53180 0
53858 0
54151 0
54369 0
54552 0
55124 0
55246 0
55303 0
55542 0
55557 0
55670 0
55960 0
56510 0
56724 0
56896 0
57034 0
57143 0
57393 0
57625 0
57631 0
58140 0
58383 0
58500 0
58729 0
58748 0
59045 0
59106 0
59610 0
60136 0
60157 0
60523 0
60990 0
61004 0
61222 0
61275 0
61379 0
61403 0
61542 0
61903 0
62265 0
62409 0
62480 0
62756 0
62811 0
62828 0
62840 0
62863 0
62997 0
63019 0
63038 0
63289 0
63320 0
63395 0
63753 0
63822 0
63962 0
64016 0
64163 0
64503 0
64765 0
64772 0
65391 0
66017 0
66118 0
66142 0
66286 0
67044 0
67368 0
67808 0
67829 0
68150 0
68230 0
68574 0
68597 0
68742 0
68762 0
68841 0
69028 0
69369 0
69975 0
70014 0
70340 0
70394 0
70477 0
70560 0
70568 0
70623 0
70688 0
70860 0
71777 0
71795 0
71873 0
72242 0
72485 0
72517 0
72731 0
73252 0
73612 0
73762 0
73925 0
74352 0
74973 0
74982 0
75088 0
75107 0
75256 0
75680 0
75741 0
76268 0
76284 0
76287 0
76558 0
76710 0
76930 0
77064 0
77110 0
77559 0
77683 0
77907 0
78262 0
78446 0
78476 0
78911 0
79033 0
79084 0
79094 0
79198 0
79300 0
79332 0
80228 0
80276 0
80484 0
81134 0
81380 0
82111 0
82387 0
83307 0
83464 0
83730 0
83773 0
83820 0
83908 0
84332 0
84433 0
84522 0
84640 0
84825 0
84832 0
85172 0
85205 0
85291 0
85432 0
85452 0
85567 0
85996 0
86127 0
86229 0
86601 0
86631 0
86647 0
86671 0
86695 0
86892 0
87468 0
87737 0
87851 0
87936 0
87976 0
88233 0
88285 0
88636 0
88974 0
89208 0
89486 0
89926 0
90078 0
90179 0
90455 0
90490 0
90529 0
90581 0
90706 0
90732 0
90761 0
90798 0
91130 0
91345 0
91398 0
91613 0
92070 0
92498 0
92668 0
92882 0
93182 0
93429 0
93569 0
94032 0
94210 0
94243 0
94580 0
94612 0
94684 0
94907 0
94977 0
95125 0
95222 0
95396 0
95416 0
95653 0
96412 0
96725 0
96857 0
97389 0
97451 0
97502 0
97683 0
97722 0
97810 0
97867 0
97923 0
98042 0
98067 0
98077 0
98250 0
98324 0
98599 0
98699 0
98892 0
99066 0
99107 0
99232 0
99246 0
99272 0
99290 0
99446 0
