c This is a uniform distributed  1-D DIMACS file 
c width height point_number
p 100000 100000 512
470 0
798 0
852 0
895 0
1385 0
1741 0
1872 0
1914 0
2122 0
2196 0
2419 0
2497 0
2563 0
2680 0
2776 0
3561 0
3887 0
3913 0
3919 0
4421 0
4681 0
5029 0
5104 0
5182 0
5411 0
5897 0
6005 0
6522 0
6922 0
7013 0
7602 0
7705 0
7735 0
7789 0
7878 0
7998 0
8011 0
8287 0
8473 0
8753 0
9145 0
9360 0
9397 0
9501 0
9725 0
9782 0
10089 0
10101 0
11053 0
11060 0
11466 0
11591 0
11606 0
11724 0
11835 0
12004 0
12135 0
12233 0
12373 0
12580 0
12844 0
13430 0
13641 0
13730 0
13825 0
13908 0
14255 0
14298 0
14673 0
14706 0
15116 0
15128 0
15353 0
15589 0
15621 0
15742 0
15836 0
15913 0
15998 0
16299 0
16364 0
16958 0
16976 0
17090 0
17341 0
17583 0
17592 0
18232 0
18492 0
18505 0
18729 0
18984 0
19056 0
19341 0
19362 0
19609 0
20007 0
20166 0
20178 0
20738 0
20951 0
20990 0
21244 0
21267 0
21753 0
21876 0
22037 0
22303 0
22572 0
22598 0
23307 0
23311 0
23315 0
23418 0
23419 0
23483 0
23762 0
23837 0
23906 0
24405 0
24676 0
24778 0
24786 0
25026 0
25275 0
25485 0
25688 0
25908 0
26814 0
26873 0
26952 0
26982 0
27258 0
27480 0
27742 0
27785 0
27868 0
28087 0
28437 0
28648 0
28652 0
29845 0
30143 0
30753 0
30858 0
31076 0
31223 0
31786 0
31839 0
31922 0
32231 0
32905 0
33202 0
33355 0
33375 0
33416 0
33539 0
33921 0
33931 0
34010 0
34489 0
34736 0
35051 0
35429 0
35490 0
35621 0
36210 0
36224 0
36590 0
36662 0
36737 0
36951 0
37074 0
37213 0
37238 0
37620 0
38009 0
38041 0
38112 0
38213 0
38215 0
38396 0
38430 0
38805 0
39042 0
39336 0
39513 0
39607 0
39921 0
40134 0
40801 0
41505 0
41691 0
41994 0
42180 0
42440 0
42513 0
42522 0
42614 0
42915 0
43296 0
43350 0
43568 0
43672 0
43724 0
43891 0
43987 0
44240 0
44260 0
44890 0
45193 0
45303 0
45354 0
45445 0
45464 0
45664 0
45857 0
45892 0
46403 0
46500 0
46523 0
46615 0
46775 0
47395 0
47806 0
47884 0
47955 0
47994 0
48209 0
48601 0
48683 0
48692 0
48799 0
49748 0
49812 0
49867 0
50587 0
50625 0
51116 0
51655 0
51812 0
51940 0
52087 0
52142 0
52238 0
52281 0
52490 0
52514 0
52548 0
52549 0
52574 0
52621 0
52669 0
53007 0
53122 0
53252 0
54181 0
54255 0
54269 0
54356 0
54546 0
54763 0
55027 0
55083 0
55154 0
55271 0
55752 0
55914 0
56133 0
56357 0
56449 0
56621 0
56895 0
57192 0
57369 0
57509 0
57601 0
57626 0
57853 0
58147 0
58504 0
59301 0
59602 0
59619 0
59716 0
60156 0
60344 0
60536 0
60810 0
61074 0
61354 0
61571 0
61714 0
62080 0
62445 0
62552 0
62571 0
62730 0
62747 0
62757 0
62886 0
63004 0
63361 0
63414 0
63419 0
63721 0
64023 0
64224 0
64571 0
65181 0
65484 0
65600 0
66273 0
66276 0
66440 0
66478 0
66510 0
66565 0
66577 0
66590 0
67399 0
67700 0
67841 0
67890 0
68202 0
68269 0
68474 0
68628 0
68756 0
68956 0
69070 0
69435 0
69525 0
69659 0
69940 0
70382 0
70400 0
70487 0
70558 0
70609 0
70745 0
70839 0
70883 0
71300 0
71332 0
71383 0
71558 0
71714 0
71787 0
71893 0
72131 0
72309 0
72933 0
73136 0
73479 0
73926 0
73930 0
74254 0
74306 0
74499 0
74545 0
74660 0
75524 0
75752 0
76324 0
76474 0
76579 0
76694 0
76724 0
76854 0
77583 0
78634 0
78697 0
78710 0
78779 0
78929 0
79074 0
79129 0
79225 0
79286 0
79404 0
79465 0
79669 0
79702 0
79836 0
79861 0
79905 0
79984 0
80042 0
80164 0
80187 0
80213 0
80472 0
80578 0
80676 0
80705 0
80749 0
80783 0
80967 0
81412 0
81476 0
81758 0
81858 0
81859 0
82033 0
82089 0
82120 0
82128 0
82213 0
82250 0
82358 0
82458 0
82571 0
82728 0
82866 0
82992 0
83350 0
83698 0
83726 0
83892 0
83967 0
84213 0
84356 0
84467 0
84524 0
84632 0
84666 0
84918 0
84978 0
85533 0
85972 0
86108 0
86180 0
86294 0
86340 0
86385 0
86824 0
86905 0
87070 0
87315 0
87583 0
87987 0
88158 0
88163 0
88871 0
89069 0
89100 0
89142 0
89184 0
89237 0
89515 0
89689 0
89936 0
89988 0
90071 0
90239 0
90266 0
90536 0
90617 0
90708 0
90719 0
90750 0
90869 0
90929 0
91505 0
91758 0
91803 0
91981 0
92172 0
92218 0
92289 0
92300 0
92310 0
92504 0
92649 0
92926 0
93006 0
93558 0
93791 0
93808 0
93847 0
94124 0
94202 0
94276 0
95082 0
95805 0
95869 0
95940 0
95953 0
96592 0
96701 0
96737 0
96767 0
96991 0
97595 0
97640 0
97692 0
97769 0
97856 0
98230 0
98259 0
98612 0
98728 0
98928 0
99037 0
99060 0
99109 0
99272 0
99439 0
99752 0
99939 0
99976 0
