c This is a uniform distributed  1-D DIMACS file 
c width height point_number
p 100000 100000 512
9 0
366 0
918 0
1146 0
1285 0
1373 0
1832 0
1991 0
2102 0
2259 0
2387 0
2493 0
2533 0
2549 0
2575 0
2945 0
3109 0
3484 0
3522 0
3574 0
4129 0
4134 0
4373 0
5481 0
5505 0
5925 0
6056 0
6806 0
7193 0
7194 0
7352 0
7545 0
7546 0
7662 0
7993 0
8179 0
8600 0
8691 0
8938 0
9232 0
9478 0
9490 0
9650 0
9925 0
10029 0
10092 0
10236 0
10560 0
10640 0
10784 0
11089 0
11196 0
11224 0
11336 0
11381 0
11499 0
11526 0
11612 0
12063 0
12389 0
12462 0
12509 0
12814 0
13107 0
13215 0
13661 0
13669 0
13771 0
14794 0
14929 0
14939 0
15025 0
15230 0
15643 0
15808 0
16189 0
16952 0
17665 0
17782 0
18116 0
18227 0
18451 0
18453 0
18781 0
19011 0
19046 0
19114 0
19198 0
19256 0
19341 0
19405 0
19747 0
19819 0
19923 0
19967 0
20105 0
20328 0
20342 0
20643 0
20734 0
21146 0
21474 0
21886 0
22118 0
22145 0
22664 0
22682 0
22788 0
23049 0
23178 0
23219 0
23521 0
23588 0
24140 0
24339 0
24529 0
24820 0
24822 0
25386 0
25585 0
25636 0
25638 0
25816 0
26094 0
26098 0
26106 0
26359 0
26422 0
26505 0
26586 0
27059 0
27192 0
27463 0
27516 0
27607 0
27753 0
27799 0
27840 0
28005 0
28168 0
28180 0
29090 0
29427 0
29816 0
30024 0
30124 0
30201 0
30234 0
30299 0
30311 0
30676 0
31014 0
31250 0
31452 0
31811 0
32144 0
32633 0
32785 0
32908 0
33216 0
33721 0
33776 0
33788 0
33862 0
33939 0
34019 0
34539 0
34547 0
34803 0
34937 0
35068 0
35205 0
35251 0
35268 0
35376 0
36002 0
36154 0
36380 0
36577 0
36837 0
36936 0
37034 0
37179 0
37663 0
37676 0
37859 0
37953 0
38172 0
38278 0
39070 0
39706 0
39778 0
39779 0
40364 0
40381 0
40397 0
41358 0
41802 0
42582 0
42832 0
43305 0
43390 0
43504 0
43510 0
43635 0
43645 0
43667 0
43970 0
44138 0
44281 0
44750 0
45015 0
45281 0
45567 0
45653 0
45724 0
45758 0
46098 0
46251 0
46499 0
46525 0
46656 0
46665 0
46723 0
46936 0
47810 0
47898 0
47960 0
48121 0
48492 0
48566 0
48779 0
48881 0
49086 0
49992 0
50071 0
50119 0
51052 0
51102 0
51121 0
51145 0
51175 0
51540 0
51730 0
52647 0
52889 0
53271 0
53385 0
53449 0
53533 0
53546 0
53685 0
54003 0
54028 0
54031 0
54069 0
54134 0
54296 0
55169 0
55354 0
55395 0
55463 0
55652 0
55681 0
55704 0
55710 0
56062 0
56185 0
56340 0
56686 0
56868 0
56898 0
57041 0
57233 0
57340 0
57374 0
57558 0
57760 0
57848 0
57860 0
58149 0
58465 0
58613 0
59039 0
59099 0
59105 0
59198 0
59248 0
59283 0
59668 0
60114 0
60132 0
60487 0
60541 0
60727 0
60785 0
60854 0
60976 0
60977 0
61051 0
61057 0
61107 0
61602 0
61941 0
62848 0
62851 0
62869 0
63148 0
63270 0
63293 0
63637 0
63776 0
63973 0
64123 0
64472 0
64560 0
64618 0
64822 0
65068 0
65349 0
65429 0
65449 0
65473 0
65558 0
65752 0
65825 0
65886 0
65964 0
66253 0
66316 0
66559 0
66690 0
66837 0
67330 0
67426 0
67700 0
67778 0
68065 0
68077 0
68420 0
68510 0
68854 0
68865 0
69096 0
69499 0
69626 0
69710 0
69850 0
69999 0
70189 0
70215 0
70485 0
70701 0
70884 0
70968 0
71008 0
71087 0
71548 0
71627 0
71984 0
72270 0
72729 0
72803 0
72983 0
73180 0
73338 0
73351 0
73369 0
73410 0
73477 0
73660 0
73711 0
73735 0
73938 0
73972 0
75122 0
75135 0
75178 0
75191 0
75556 0
75900 0
76311 0
76559 0
76762 0
77239 0
77704 0
78192 0
78259 0
78469 0
78523 0
79029 0
79080 0
79426 0
79519 0
79565 0
79946 0
80695 0
80982 0
81287 0
81293 0
81298 0
81532 0
81856 0
81990 0
82459 0
82460 0
82467 0
82583 0
82753 0
82869 0
83027 0
83312 0
83327 0
83791 0
84507 0
84623 0
84741 0
84771 0
84783 0
84950 0
85232 0
85557 0
85790 0
86070 0
86271 0
86549 0
86873 0
87157 0
87219 0
87355 0
87627 0
87774 0
87960 0
88038 0
88162 0
88180 0
88515 0
88524 0
88525 0
88526 0
88582 0
88654 0
88830 0
88952 0
89154 0
89160 0
89291 0
89369 0
89461 0
89500 0
89539 0
89639 0
89693 0
89805 0
90240 0
90329 0
90390 0
90503 0
90563 0
90794 0
91053 0
91113 0
91152 0
91796 0
92518 0
92677 0
93179 0
93282 0
93327 0
93333 0
93351 0
93870 0
94383 0
94567 0
94826 0
94842 0
95007 0
95063 0
95073 0
95282 0
95421 0
95445 0
95478 0
95516 0
95551 0
95947 0
95969 0
96017 0
96244 0
96262 0
96274 0
96303 0
96341 0
96422 0
96736 0
97130 0
97300 0
97446 0
97558 0
97940 0
97977 0
98083 0
98107 0
98359 0
98641 0
98811 0
99234 0
99249 0
99325 0
99436 0
99580 0
99945 0
