c This is a uniform distributed  1-D DIMACS file 
c width height point_number
p 100000 100000 512
143 0
238 0
392 0
485 0
500 0
987 0
1067 0
1096 0
1264 0
1509 0
1772 0
1897 0
1948 0
2073 0
2728 0
2879 0
3209 0
3348 0
3464 0
3472 0
3582 0
3589 0
3743 0
3878 0
4774 0
5507 0
5557 0
5747 0
5759 0
5923 0
6227 0
6307 0
6651 0
6708 0
6722 0
6730 0
7334 0
7466 0
7876 0
8062 0
8380 0
8494 0
8626 0
8879 0
8955 0
9392 0
9621 0
9699 0
10073 0
10174 0
10336 0
10445 0
10466 0
11128 0
11280 0
11763 0
11824 0
12224 0
12234 0
12273 0
12286 0
12302 0
12312 0
12533 0
12555 0
12624 0
12883 0
13507 0
13658 0
13743 0
13834 0
13859 0
13945 0
14243 0
14356 0
14387 0
14495 0
14504 0
14711 0
14854 0
15041 0
15244 0
15328 0
15473 0
15610 0
15911 0
16073 0
16204 0
16497 0
16703 0
17281 0
17335 0
17392 0
17442 0
17636 0
17691 0
17740 0
17941 0
18025 0
18316 0
18452 0
18592 0
18619 0
18654 0
18996 0
19255 0
19342 0
19431 0
20074 0
20242 0
20651 0
20819 0
20853 0
21003 0
21248 0
21572 0
21614 0
21707 0
21769 0
22091 0
22310 0
22397 0
22649 0
22719 0
22991 0
23120 0
23398 0
23583 0
23894 0
23908 0
24257 0
24579 0
24673 0
25039 0
25146 0
25196 0
25343 0
25722 0
25762 0
25856 0
25941 0
26244 0
26258 0
26455 0
26573 0
26860 0
26991 0
27098 0
27119 0
27128 0
27353 0
27574 0
28269 0
28625 0
28693 0
28789 0
28820 0
28993 0
29245 0
29571 0
29618 0
29765 0
29827 0
30065 0
30629 0
30655 0
30832 0
31004 0
31015 0
31491 0
31542 0
31658 0
31800 0
31866 0
32219 0
32223 0
32353 0
32860 0
33061 0
33121 0
33259 0
33341 0
33509 0
33596 0
33617 0
34167 0
34283 0
34462 0
35428 0
35446 0
35665 0
35908 0
35965 0
35973 0
36219 0
36224 0
36725 0
37078 0
37390 0
37577 0
37924 0
38035 0
38163 0
38303 0
38744 0
38775 0
38860 0
38954 0
39338 0
39518 0
39678 0
39844 0
39973 0
40123 0
40357 0
40927 0
40991 0
41145 0
41255 0
41600 0
42121 0
42129 0
42232 0
42371 0
42877 0
43002 0
43181 0
43347 0
43681 0
43773 0
43894 0
43975 0
44018 0
44303 0
44471 0
44507 0
44856 0
44869 0
45229 0
45329 0
45960 0
46187 0
46326 0
46382 0
46789 0
46984 0
47130 0
47170 0
47373 0
47755 0
48563 0
48824 0
48914 0
48939 0
49271 0
49646 0
49731 0
49861 0
50232 0
50444 0
50546 0
50661 0
50686 0
50999 0
51242 0
51653 0
51890 0
52134 0
52394 0
52521 0
52552 0
52637 0
52999 0
53027 0
53053 0
53113 0
53123 0
53317 0
54299 0
54413 0
54475 0
54817 0
54934 0
54996 0
55415 0
55620 0
55805 0
55861 0
56001 0
56070 0
56509 0
56536 0
56581 0
56705 0
56727 0
56805 0
57156 0
57592 0
57620 0
58287 0
58325 0
58585 0
58757 0
58978 0
59024 0
59121 0
59178 0
59205 0
59452 0
59524 0
59887 0
60245 0
60445 0
60786 0
60948 0
60968 0
61039 0
61126 0
61169 0
61305 0
61309 0
61401 0
61822 0
61997 0
63228 0
63245 0
63335 0
63699 0
63781 0
63900 0
64065 0
64209 0
64323 0
64412 0
64464 0
64525 0
64530 0
65039 0
65759 0
65841 0
65950 0
65951 0
66088 0
66288 0
66463 0
66592 0
66810 0
66922 0
67032 0
67172 0
68114 0
68172 0
68429 0
68448 0
68470 0
68622 0
69432 0
69439 0
69598 0
69746 0
69785 0
69896 0
69908 0
69986 0
70006 0
70056 0
70274 0
70314 0
70359 0
70668 0
70916 0
71293 0
71522 0
71527 0
72265 0
72471 0
72623 0
72829 0
72957 0
73054 0
73208 0
73441 0
73665 0
73685 0
73758 0
73862 0
73868 0
73900 0
74424 0
74624 0
74691 0
74760 0
75278 0
75346 0
75426 0
75620 0
75726 0
75813 0
75824 0
75894 0
76156 0
76238 0
76341 0
76553 0
76570 0
76865 0
76888 0
77773 0
78041 0
78215 0
78398 0
78432 0
78732 0
78753 0
78868 0
79100 0
79170 0
79235 0
80680 0
80767 0
80852 0
80863 0
81006 0
81280 0
81458 0
81565 0
81639 0
81677 0
81966 0
82028 0
82053 0
82534 0
82572 0
82748 0
82895 0
83004 0
83153 0
83525 0
83797 0
84256 0
84355 0
84424 0
84615 0
84660 0
85453 0
85934 0
86337 0
86969 0
87029 0
87892 0
88081 0
88192 0
88599 0
88811 0
88916 0
89711 0
89715 0
89757 0
89902 0
89992 0
90012 0
90108 0
90243 0
90425 0
90468 0
90470 0
90591 0
91186 0
91879 0
91909 0
91930 0
92680 0
92810 0
93409 0
93465 0
93495 0
93615 0
93627 0
94298 0
94393 0
94826 0
94869 0
94998 0
95073 0
95142 0
95178 0
95361 0
95453 0
95912 0
96023 0
96052 0
96090 0
96723 0
97188 0
97264 0
97309 0
97394 0
97426 0
97562 0
97668 0
97807 0
97871 0
98099 0
98143 0
98227 0
98239 0
98248 0
98864 0
98883 0
99025 0
99179 0
99903 0
