c This is a uniform distributed  1-D DIMACS file 
c width height point_number
p 100000 100000 512
417 0
498 0
882 0
985 0
1152 0
1209 0
1324 0
1395 0
1460 0
1571 0
1575 0
1966 0
2175 0
2331 0
2478 0
2558 0
3028 0
3056 0
3156 0
3223 0
3257 0
3496 0
3677 0
3744 0
3891 0
3983 0
4007 0
4069 0
4070 0
4082 0
4404 0
5032 0
5237 0
5719 0
5822 0
5971 0
5986 0
6258 0
6445 0
6547 0
7052 0
7178 0
7361 0
7456 0
7581 0
7626 0
7833 0
8158 0
8170 0
8427 0
8447 0
8596 0
8729 0
8756 0
8766 0
8845 0
8864 0
8979 0
9035 0
9037 0
9163 0
9292 0
9694 0
9901 0
10073 0
10201 0
10321 0
10552 0
10695 0
11288 0
11352 0
11812 0
11830 0
11847 0
12093 0
12263 0
12298 0
12336 0
12535 0
12629 0
12807 0
12917 0
12946 0
12966 0
13146 0
13399 0
13690 0
13864 0
13881 0
14294 0
14422 0
14501 0
14651 0
14937 0
14955 0
15131 0
15591 0
15779 0
15791 0
15800 0
16005 0
16120 0
16282 0
16580 0
16615 0
16629 0
16655 0
16764 0
17068 0
17605 0
18014 0
18319 0
18374 0
18392 0
18756 0
18831 0
18856 0
19085 0
19221 0
19318 0
19410 0
19492 0
19528 0
19624 0
19824 0
20210 0
20477 0
20677 0
20844 0
20854 0
21502 0
21701 0
21814 0
22028 0
22227 0
22318 0
22508 0
22609 0
22783 0
23804 0
24008 0
24191 0
24483 0
24685 0
25148 0
25581 0
25785 0
25818 0
25840 0
25904 0
25952 0
26029 0
26062 0
26185 0
26502 0
26715 0
27318 0
28004 0
28005 0
28406 0
28425 0
28561 0
28693 0
29063 0
29064 0
29110 0
29505 0
29517 0
29582 0
29856 0
29986 0
30486 0
30521 0
30870 0
30972 0
31325 0
31332 0
31506 0
31791 0
31809 0
32141 0
32784 0
33168 0
33578 0
33899 0
34065 0
34071 0
34333 0
34704 0
34779 0
34840 0
34900 0
34962 0
35337 0
35410 0
35443 0
35691 0
36276 0
36478 0
36680 0
36811 0
36839 0
36909 0
36992 0
37054 0
37280 0
37676 0
38234 0
38492 0
38799 0
38838 0
39023 0
39169 0
39432 0
39545 0
39765 0
40006 0
40162 0
40202 0
40360 0
40590 0
40598 0
40629 0
40705 0
40802 0
40831 0
40899 0
41023 0
41062 0
41188 0
41266 0
41339 0
41371 0
41419 0
42108 0
42283 0
42332 0
42379 0
42736 0
42795 0
42819 0
42922 0
43313 0
43655 0
43850 0
43974 0
44066 0
44300 0
44536 0
44667 0
45119 0
45354 0
45646 0
46022 0
46038 0
46145 0
46169 0
46397 0
46452 0
46573 0
46712 0
46870 0
46882 0
47448 0
47530 0
47891 0
47899 0
48049 0
48183 0
48935 0
49540 0
49551 0
49597 0
49650 0
49740 0
49936 0
50131 0
50231 0
50346 0
50627 0
50651 0
50688 0
50747 0
50911 0
51008 0
51096 0
51213 0
52258 0
52329 0
52339 0
53097 0
53112 0
53142 0
53348 0
53522 0
53566 0
53726 0
54105 0
54237 0
54261 0
54315 0
54475 0
54609 0
54707 0
54856 0
54883 0
55084 0
55091 0
55332 0
55365 0
55513 0
55952 0
56800 0
56838 0
57000 0
57025 0
57080 0
57229 0
57472 0
57645 0
57661 0
57712 0
57761 0
57920 0
58146 0
58257 0
58794 0
58908 0
58936 0
59008 0
59087 0
59189 0
59508 0
59583 0
60015 0
60104 0
60458 0
60866 0
60945 0
61284 0
61522 0
61608 0
62188 0
62274 0
62294 0
62307 0
62415 0
62436 0
62490 0
62509 0
62642 0
62840 0
62921 0
62970 0
63135 0
63387 0
63467 0
63633 0
63784 0
63961 0
64081 0
64314 0
64584 0
65338 0
65356 0
66525 0
66570 0
67005 0
67013 0
67093 0
67151 0
67279 0
67297 0
67389 0
67445 0
67525 0
67813 0
67822 0
67959 0
68036 0
68451 0
68971 0
69208 0
69395 0
69436 0
69557 0
69655 0
69684 0
69920 0
70366 0
71169 0
71739 0
71776 0
72100 0
72116 0
72208 0
72356 0
72983 0
73119 0
73163 0
73204 0
73366 0
73372 0
73395 0
73414 0
73475 0
73563 0
73576 0
74010 0
74152 0
74370 0
74550 0
74573 0
74670 0
74895 0
75197 0
75317 0
76161 0
76399 0
76516 0
76541 0
76629 0
76765 0
77058 0
77134 0
77367 0
78403 0
78516 0
79543 0
80227 0
80263 0
80300 0
80630 0
80794 0
81711 0
82175 0
83018 0
83278 0
83281 0
83404 0
83446 0
83662 0
84093 0
84139 0
84321 0
84956 0
84983 0
85008 0
85338 0
85547 0
86096 0
86352 0
86394 0
86456 0
86861 0
87054 0
87285 0
87584 0
87697 0
88204 0
88216 0
88311 0
88346 0
88815 0
89307 0
89395 0
89415 0
89558 0
89766 0
89887 0
89979 0
90048 0
90208 0
90493 0
90526 0
90648 0
90743 0
90752 0
91439 0
91592 0
91619 0
91964 0
91984 0
92173 0
92807 0
92877 0
93535 0
93979 0
94240 0
94266 0
94365 0
94434 0
94724 0
94731 0
94738 0
94965 0
95465 0
96232 0
96394 0
96477 0
96622 0
96731 0
96876 0
97288 0
97418 0
98294 0
98494 0
98503 0
98601 0
98690 0
98769 0
99681 0
