c This is a uniform distributed  1-D DIMACS file 
c width height point_number
p 100000 100000 512
32 0
257 0
383 0
543 0
632 0
637 0
683 0
905 0
933 0
1273 0
1573 0
1574 0
1628 0
1636 0
1964 0
2137 0
2314 0
2391 0
2409 0
2517 0
2851 0
2890 0
2892 0
2936 0
3506 0
3635 0
3652 0
3788 0
4029 0
4213 0
4259 0
4320 0
4443 0
4634 0
4758 0
4832 0
4862 0
5277 0
5574 0
6082 0
6445 0
6700 0
6947 0
7201 0
7877 0
8001 0
8345 0
8464 0
8510 0
8941 0
9057 0
9065 0
9387 0
9399 0
9983 0
10091 0
10117 0
10249 0
10260 0
10269 0
10730 0
11028 0
11135 0
11180 0
11186 0
11192 0
11475 0
11495 0
11639 0
11777 0
11864 0
12120 0
12374 0
12418 0
12585 0
12807 0
12867 0
13017 0
13247 0
13437 0
13494 0
13512 0
13717 0
13733 0
13799 0
13931 0
14116 0
14283 0
14360 0
14514 0
14717 0
14860 0
14954 0
14979 0
15383 0
15443 0
15445 0
15769 0
16224 0
16751 0
17061 0
17263 0
17330 0
17436 0
17453 0
17493 0
19644 0
19884 0
20119 0
20221 0
20296 0
20369 0
20563 0
20807 0
20829 0
21458 0
21519 0
21838 0
22122 0
22135 0
22336 0
22406 0
22407 0
22528 0
23353 0
23378 0
23466 0
23564 0
23584 0
23846 0
23980 0
23993 0
24210 0
24863 0
24892 0
24902 0
24933 0
25157 0
25393 0
25424 0
25735 0
25968 0
26262 0
26417 0
26491 0
26672 0
26927 0
27140 0
27306 0
27673 0
27734 0
28148 0
28543 0
28707 0
28812 0
28824 0
28864 0
28941 0
28944 0
29735 0
30556 0
30731 0
30881 0
30898 0
31579 0
31906 0
32108 0
32202 0
32371 0
32693 0
32698 0
32875 0
33110 0
33390 0
33498 0
33527 0
33936 0
34243 0
34741 0
34957 0
35098 0
35360 0
35362 0
35368 0
35502 0
35626 0
36097 0
36226 0
36386 0
37250 0
37446 0
37935 0
37953 0
38476 0
38680 0
38724 0
38777 0
38821 0
39122 0
39133 0
39261 0
39365 0
39898 0
40005 0
40151 0
40297 0
40756 0
40839 0
41101 0
41339 0
41970 0
42021 0
42425 0
42457 0
42699 0
42978 0
43521 0
43577 0
43726 0
43939 0
44376 0
44784 0
45072 0
45123 0
45510 0
45516 0
45590 0
45764 0
45768 0
45913 0
46030 0
46096 0
46115 0
46278 0
46453 0
46486 0
46541 0
47350 0
47737 0
48106 0
48141 0
48766 0
48811 0
48913 0
49161 0
49175 0
49207 0
49215 0
49325 0
50179 0
50303 0
50427 0
50586 0
50667 0
51108 0
51306 0
51426 0
51486 0
51930 0
51938 0
52070 0
52243 0
52850 0
52929 0
53565 0
53592 0
54197 0
54428 0
54529 0
54545 0
54556 0
54605 0
54785 0
54794 0
55011 0
55284 0
55360 0
55439 0
55905 0
56102 0
56142 0
56169 0
56337 0
56406 0
56447 0
56567 0
57193 0
57214 0
57314 0
57483 0
57647 0
58171 0
58534 0
58619 0
58649 0
58721 0
58948 0
59155 0
59201 0
59420 0
59483 0
59640 0
60035 0
60180 0
60981 0
61224 0
61582 0
61788 0
62123 0
62461 0
62681 0
62693 0
62706 0
62745 0
62883 0
62892 0
63146 0
63187 0
63262 0
63298 0
63490 0
63681 0
64094 0
64196 0
64277 0
64385 0
64558 0
64721 0
64815 0
64936 0
65218 0
65302 0
65669 0
65738 0
65752 0
65825 0
65992 0
66189 0
66367 0
66447 0
66632 0
66679 0
66749 0
66759 0
66806 0
67105 0
67270 0
67655 0
67710 0
67899 0
67971 0
68045 0
68060 0
68495 0
68901 0
68967 0
69127 0
69326 0
70000 0
70018 0
70031 0
70266 0
70293 0
70878 0
71085 0
71115 0
71392 0
71452 0
71573 0
71727 0
71863 0
71935 0
72021 0
72443 0
72464 0
72556 0
72629 0
72669 0
72819 0
73054 0
73127 0
73156 0
73281 0
73306 0
74114 0
74164 0
74434 0
74761 0
74767 0
75223 0
75530 0
75581 0
75611 0
76057 0
76241 0
76287 0
76576 0
76790 0
77752 0
77994 0
78247 0
78252 0
78362 0
78619 0
78648 0
78690 0
78897 0
79148 0
79514 0
80069 0
80098 0
80123 0
80634 0
80641 0
80733 0
80845 0
80906 0
81189 0
81385 0
81386 0
81628 0
82006 0
82543 0
83590 0
83596 0
83628 0
83802 0
83879 0
83919 0
84001 0
84189 0
84382 0
84541 0
84549 0
85290 0
85377 0
85439 0
86205 0
86527 0
86782 0
86848 0
87015 0
87303 0
87411 0
87416 0
87472 0
87518 0
88076 0
88184 0
88405 0
88912 0
88971 0
89005 0
89349 0
89380 0
89461 0
89557 0
89580 0
90033 0
90491 0
90496 0
90618 0
90663 0
90919 0
91413 0
91481 0
91659 0
92235 0
92744 0
92776 0
92949 0
92954 0
93036 0
93584 0
93619 0
93631 0
93744 0
94125 0
94263 0
94309 0
94447 0
94532 0
95340 0
95571 0
95781 0
95855 0
95868 0
95944 0
96036 0
96099 0
96152 0
96315 0
96704 0
96944 0
97279 0
97383 0
97689 0
97746 0
97927 0
98291 0
98422 0
98456 0
98543 0
98558 0
98725 0
98769 0
98794 0
98910 0
99347 0
99797 0
99907 0
99983 0
