c This is a uniform distributed  1-D DIMACS file 
c width height point_number
p 100000 100000 512
29 0
99 0
263 0
364 0
743 0
766 0
932 0
972 0
1281 0
1296 0
1394 0
1427 0
1492 0
1802 0
2014 0
2542 0
2764 0
2975 0
3400 0
3491 0
3702 0
3797 0
3924 0
4001 0
4146 0
4275 0
4551 0
4684 0
4796 0
4848 0
4904 0
5109 0
5137 0
5305 0
5461 0
5540 0
6076 0
6106 0
6126 0
6291 0
6508 0
6724 0
6761 0
6777 0
6846 0
6853 0
6897 0
7024 0
7140 0
7385 0
7994 0
8584 0
8669 0
8778 0
9281 0
9670 0
9949 0
9979 0
10005 0
10477 0
10644 0
11664 0
12036 0
12057 0
12249 0
12754 0
12770 0
13059 0
13118 0
13123 0
13305 0
13440 0
13670 0
13790 0
13875 0
13882 0
14594 0
14655 0
14658 0
14810 0
15067 0
15084 0
15092 0
15132 0
15137 0
16292 0
16791 0
17070 0
17390 0
17452 0
17598 0
17690 0
17981 0
18103 0
18667 0
18737 0
18741 0
18969 0
19008 0
19106 0
19247 0
19719 0
20128 0
20179 0
20244 0
20345 0
20672 0
20968 0
21071 0
21322 0
21495 0
21613 0
21719 0
21757 0
21884 0
21908 0
21933 0
22194 0
22308 0
22845 0
23196 0
23213 0
23219 0
23468 0
23602 0
23686 0
23792 0
24194 0
24367 0
24572 0
25050 0
25184 0
25213 0
25311 0
25454 0
25463 0
25578 0
25607 0
25812 0
25959 0
26043 0
26171 0
26380 0
26641 0
27019 0
27424 0
27517 0
27519 0
27846 0
27956 0
28121 0
28136 0
28174 0
28190 0
28227 0
28311 0
28382 0
28824 0
28864 0
28878 0
28929 0
29243 0
29670 0
29705 0
29854 0
29985 0
30218 0
30623 0
31343 0
31627 0
32559 0
32656 0
32711 0
32743 0
32753 0
32755 0
32884 0
33035 0
33200 0
33217 0
33373 0
33730 0
33823 0
34412 0
34508 0
34559 0
35483 0
35579 0
35770 0
36100 0
36278 0
36365 0
36368 0
36743 0
37346 0
37618 0
37753 0
37986 0
38014 0
38247 0
38310 0
38319 0
38929 0
39005 0
39434 0
39713 0
40179 0
40194 0
40303 0
40922 0
41233 0
41336 0
41428 0
41496 0
41558 0
42660 0
42979 0
43167 0
43639 0
44038 0
44341 0
45220 0
45321 0
45431 0
46277 0
46343 0
46403 0
46592 0
46604 0
46897 0
46929 0
46998 0
47110 0
47128 0
47190 0
47227 0
47341 0
47403 0
47616 0
47775 0
47880 0
48101 0
48147 0
48376 0
48409 0
48555 0
48853 0
48893 0
49247 0
49399 0
49480 0
49551 0
49675 0
49819 0
50089 0
50176 0
50618 0
50646 0
50914 0
50930 0
50995 0
51284 0
51521 0
51553 0
51658 0
51858 0
52012 0
52580 0
52687 0
52934 0
52994 0
53133 0
53423 0
53570 0
53685 0
53756 0
53763 0
53835 0
53971 0
53982 0
55085 0
55107 0
55263 0
55362 0
55490 0
55498 0
55702 0
55768 0
56242 0
56345 0
56398 0
56431 0
56465 0
56530 0
56645 0
56660 0
56788 0
56974 0
58124 0
58149 0
58280 0
58291 0
58647 0
58691 0
58962 0
59241 0
59569 0
59701 0
59957 0
60154 0
60314 0
60342 0
60602 0
60818 0
61057 0
61153 0
61638 0
62331 0
62463 0
62512 0
62533 0
62631 0
62711 0
62942 0
62973 0
63257 0
63321 0
63322 0
63366 0
63515 0
63563 0
63582 0
63743 0
64342 0
64454 0
64492 0
64578 0
64682 0
65105 0
65215 0
65253 0
65255 0
65417 0
65875 0
65946 0
66001 0
66279 0
66522 0
66637 0
66694 0
67176 0
67333 0
67679 0
68372 0
68750 0
69094 0
69263 0
69272 0
69275 0
69556 0
69584 0
69660 0
70084 0
70231 0
70593 0
70767 0
70789 0
70803 0
71041 0
71075 0
71077 0
71128 0
71155 0
71423 0
71585 0
71704 0
72215 0
72326 0
72490 0
72527 0
72720 0
72922 0
73258 0
73714 0
74352 0
74357 0
74447 0
74632 0
74900 0
74999 0
75125 0
75282 0
75695 0
76126 0
76145 0
76647 0
76666 0
76997 0
77015 0
77075 0
77089 0
77208 0
77301 0
77485 0
77637 0
77691 0
77762 0
77825 0
77891 0
78068 0
78230 0
78697 0
79072 0
79392 0
79524 0
79981 0
80483 0
80673 0
80821 0
80986 0
81019 0
81131 0
81202 0
81330 0
81475 0
81671 0
81744 0
82280 0
82289 0
82475 0
82601 0
82669 0
83831 0
83958 0
83960 0
84137 0
84389 0
84439 0
85044 0
85523 0
85768 0
86175 0
86279 0
86292 0
86664 0
86895 0
86910 0
86978 0
87421 0
87443 0
87550 0
87672 0
87875 0
87956 0
88025 0
88090 0
88559 0
88733 0
88830 0
88884 0
88961 0
89310 0
89624 0
89688 0
89753 0
90126 0
90674 0
90844 0
90919 0
91008 0
91047 0
91550 0
91601 0
91787 0
92392 0
92503 0
92515 0
92549 0
92639 0
92642 0
93131 0
93196 0
93245 0
93370 0
93536 0
93700 0
94192 0
94227 0
94532 0
94796 0
94871 0
95033 0
95942 0
96223 0
96628 0
96649 0
96761 0
96768 0
97003 0
97028 0
97079 0
97152 0
97646 0
98050 0
98132 0
98236 0
98613 0
98993 0
99131 0
99133 0
99546 0
99741 0
