c This is a uniform distributed  1-D DIMACS file 
c width height point_number
p 100000 100000 512
212 0
426 0
491 0
820 0
875 0
882 0
925 0
961 0
993 0
997 0
1078 0
1300 0
1729 0
1803 0
2010 0
2713 0
2928 0
3095 0
3194 0
3539 0
3711 0
4228 0
4290 0
4405 0
4562 0
4609 0
4985 0
5154 0
5338 0
5598 0
5776 0
5990 0
6162 0
6220 0
6375 0
6451 0
6971 0
7175 0
7181 0
7205 0
7247 0
7359 0
7550 0
7584 0
7615 0
8017 0
8019 0
8560 0
9018 0
9154 0
9415 0
9462 0
9467 0
9579 0
9723 0
9795 0
9823 0
10089 0
10126 0
10178 0
10396 0
10566 0
10677 0
10745 0
10785 0
10848 0
10862 0
11067 0
11192 0
11213 0
11516 0
12217 0
12223 0
12348 0
12629 0
13257 0
13409 0
13697 0
14001 0
14191 0
14715 0
14995 0
15069 0
15265 0
15364 0
15454 0
16067 0
16122 0
16271 0
16486 0
16596 0
16731 0
17540 0
17564 0
17599 0
17626 0
17675 0
18165 0
18316 0
18425 0
18459 0
18705 0
18767 0
19001 0
19156 0
19407 0
19502 0
19988 0
20099 0
20299 0
20900 0
21232 0
21414 0
21464 0
21489 0
21499 0
21657 0
22109 0
22127 0
22276 0
22638 0
22648 0
22776 0
22839 0
23687 0
23982 0
24331 0
24816 0
24919 0
25410 0
25473 0
25568 0
25628 0
25671 0
26162 0
26212 0
26426 0
26497 0
26697 0
26824 0
27277 0
27461 0
27566 0
27707 0
27719 0
27926 0
27983 0
28051 0
28442 0
28460 0
28637 0
28956 0
29011 0
29057 0
29150 0
29668 0
29825 0
29836 0
29906 0
29989 0
30158 0
30448 0
30776 0
30997 0
31012 0
31237 0
31280 0
32246 0
32588 0
32745 0
32829 0
32933 0
33160 0
33220 0
33430 0
33460 0
33978 0
34219 0
34228 0
34290 0
34680 0
34888 0
35511 0
35596 0
35723 0
35929 0
36245 0
36417 0
36534 0
37398 0
37482 0
37576 0
38079 0
38196 0
38388 0
38484 0
38565 0
38832 0
39288 0
39294 0
39503 0
39557 0
39704 0
40054 0
40493 0
40525 0
40687 0
40701 0
40833 0
40916 0
40949 0
41031 0
41644 0
41774 0
42651 0
42909 0
43178 0
43329 0
43979 0
44117 0
44180 0
44219 0
44222 0
44495 0
44609 0
44714 0
44728 0
45136 0
45244 0
45734 0
46198 0
46321 0
46602 0
47259 0
47374 0
47406 0
47482 0
48092 0
48170 0
48198 0
48290 0
48418 0
48491 0
48713 0
49082 0
49145 0
49300 0
49660 0
50052 0
50142 0
50351 0
50410 0
50465 0
50486 0
50629 0
50764 0
51003 0
51103 0
51326 0
51459 0
51535 0
51638 0
51905 0
52143 0
52168 0
52399 0
52444 0
52481 0
53540 0
53574 0
53601 0
53663 0
53767 0
53813 0
54060 0
54084 0
54118 0
54253 0
54591 0
54707 0
54994 0
55281 0
55367 0
55392 0
55419 0
55814 0
55952 0
56226 0
56370 0
56816 0
56938 0
57018 0
57118 0
57155 0
57396 0
57522 0
57785 0
58030 0
58085 0
58163 0
58328 0
58584 0
58866 0
59031 0
59105 0
59122 0
59196 0
59216 0
59359 0
59974 0
59990 0
60122 0
60253 0
60270 0
60327 0
60365 0
60580 0
60726 0
61241 0
61514 0
61573 0
61752 0
62021 0
62868 0
63186 0
63275 0
63388 0
63730 0
63899 0
64290 0
64526 0
64706 0
65032 0
65156 0
65486 0
65594 0
66084 0
66127 0
66263 0
66267 0
66286 0
66486 0
66971 0
67048 0
67333 0
67335 0
67498 0
67516 0
67843 0
68260 0
68850 0
69547 0
69694 0
69833 0
70119 0
70565 0
70655 0
70766 0
70902 0
70968 0
71104 0
71196 0
71468 0
71590 0
71837 0
71852 0
72069 0
72084 0
72130 0
72351 0
72504 0
73304 0
73552 0
73902 0
74077 0
74496 0
74533 0
74591 0
74860 0
75203 0
75527 0
75839 0
75841 0
75905 0
75953 0
75975 0
75986 0
76207 0
76424 0
76444 0
76943 0
77097 0
77101 0
77508 0
77649 0
77825 0
78022 0
78236 0
78347 0
78889 0
78944 0
79490 0
79557 0
79726 0
79801 0
79936 0
80080 0
80293 0
80522 0
81159 0
81333 0
81618 0
81687 0
81788 0
81832 0
82016 0
82309 0
82524 0
82620 0
82622 0
83110 0
83134 0
83285 0
83291 0
83504 0
83731 0
83804 0
83900 0
84426 0
84569 0
84731 0
85292 0
85344 0
85424 0
85804 0
86008 0
86235 0
86528 0
86633 0
86814 0
87312 0
87345 0
87398 0
87586 0
87647 0
87656 0
87950 0
88016 0
88046 0
88406 0
88777 0
88797 0
89256 0
89260 0
89525 0
89614 0
89633 0
89681 0
90035 0
90205 0
90447 0
91108 0
91193 0
91426 0
91576 0
92208 0
92229 0
92366 0
92600 0
92723 0
92744 0
92762 0
93151 0
93259 0
93447 0
93512 0
94053 0
94116 0
94382 0
94566 0
94587 0
94695 0
95031 0
95545 0
95581 0
95740 0
96106 0
96114 0
96124 0
96180 0
96283 0
96314 0
96397 0
96592 0
96685 0
97055 0
97066 0
97072 0
97194 0
97512 0
97559 0
97590 0
97824 0
97991 0
98141 0
98676 0
99223 0
99482 0
99494 0
99620 0
99661 0
99722 0
