c This is a uniform distributed  1-D DIMACS file 
c width height point_number
p 100000 100000 512
177 0
358 0
426 0
680 0
801 0
927 0
1237 0
1496 0
2013 0
2413 0
2422 0
2582 0
2615 0
3145 0
3311 0
3417 0
3516 0
3558 0
3680 0
3824 0
3960 0
3983 0
4087 0
4249 0
4453 0
4506 0
4661 0
4887 0
4939 0
5237 0
5636 0
5731 0
5809 0
6404 0
6613 0
6704 0
6849 0
6973 0
7008 0
7362 0
7506 0
7665 0
7704 0
7926 0
7957 0
8323 0
8349 0
8431 0
8479 0
8649 0
8842 0
9069 0
9272 0
9374 0
9422 0
9434 0
9523 0
9797 0
9838 0
9900 0
9918 0
10004 0
10043 0
10054 0
10585 0
10850 0
11158 0
11481 0
11783 0
12284 0
12378 0
12535 0
12569 0
12732 0
12827 0
12971 0
13003 0
13379 0
13576 0
14027 0
14304 0
14381 0
14454 0
14738 0
14767 0
14911 0
15033 0
15416 0
15569 0
15678 0
15868 0
16026 0
16214 0
16220 0
16228 0
16297 0
16342 0
16409 0
16586 0
16799 0
16980 0
17314 0
17597 0
17778 0
17919 0
17942 0
18037 0
18230 0
18557 0
18728 0
18729 0
18837 0
19092 0
19211 0
19675 0
19698 0
19832 0
21049 0
21341 0
21342 0
21566 0
21651 0
21674 0
21900 0
22133 0
22190 0
22382 0
22772 0
22805 0
23052 0
23403 0
23464 0
23492 0
23677 0
23939 0
24608 0
24667 0
25609 0
25720 0
26054 0
26091 0
26319 0
26381 0
26429 0
26671 0
26812 0
27850 0
28062 0
28641 0
28729 0
28841 0
29118 0
29126 0
29242 0
29422 0
29659 0
29712 0
29765 0
29910 0
30016 0
30231 0
30514 0
30601 0
30959 0
31051 0
31190 0
31592 0
31871 0
31912 0
32131 0
32537 0
32880 0
32932 0
33031 0
33218 0
33766 0
33807 0
33894 0
34618 0
34700 0
34859 0
34867 0
35043 0
35119 0
35205 0
35633 0
35690 0
35736 0
35859 0
35955 0
36343 0
36433 0
36685 0
36735 0
36882 0
37349 0
38010 0
38350 0
38637 0
38647 0
38787 0
38882 0
39016 0
39030 0
39405 0
39512 0
39569 0
39614 0
39835 0
39913 0
40274 0
40383 0
40462 0
40732 0
40761 0
41067 0
41194 0
41298 0
41570 0
41690 0
41903 0
41971 0
42521 0
42820 0
42903 0
43107 0
43200 0
43241 0
43369 0
43422 0
43471 0
43571 0
43652 0
43840 0
43962 0
44149 0
44390 0
44458 0
44559 0
44633 0
44780 0
45336 0
45358 0
45406 0
45418 0
45444 0
45496 0
45511 0
45974 0
46010 0
46230 0
46319 0
46385 0
46562 0
46790 0
47550 0
47762 0
48005 0
48218 0
48357 0
48455 0
49272 0
49390 0
50074 0
50322 0
50340 0
51394 0
51418 0
51609 0
52032 0
52197 0
52293 0
52694 0
52880 0
52894 0
52995 0
53006 0
53581 0
53589 0
53628 0
53861 0
53950 0
53980 0
54061 0
54072 0
54301 0
54438 0
55409 0
55627 0
55769 0
55904 0
56222 0
56284 0
56414 0
56500 0
56549 0
56724 0
56760 0
56779 0
57070 0
57116 0
57219 0
57388 0
57451 0
57537 0
57869 0
57923 0
57964 0
58052 0
58279 0
58408 0
58552 0
58721 0
59298 0
59387 0
59415 0
59850 0
60020 0
60446 0
60603 0
60781 0
61008 0
61168 0
61598 0
61634 0
61868 0
62080 0
62094 0
62204 0
62535 0
63068 0
63268 0
63442 0
63556 0
63574 0
63616 0
63817 0
64242 0
64314 0
64317 0
64518 0
64793 0
65205 0
65273 0
65319 0
65342 0
65353 0
65484 0
65636 0
66412 0
66912 0
67074 0
67075 0
67199 0
67216 0
67234 0
67349 0
67998 0
68027 0
68073 0
68118 0
68255 0
68321 0
68485 0
68624 0
68783 0
68809 0
69410 0
69491 0
69950 0
70096 0
70187 0
70631 0
70941 0
71037 0
71203 0
71241 0
71284 0
71616 0
72129 0
72170 0
72181 0
72519 0
72615 0
72732 0
72750 0
73006 0
73068 0
73470 0
73520 0
73737 0
73820 0
74015 0
74236 0
74617 0
75175 0
75314 0
75425 0
75524 0
75575 0
75861 0
76042 0
76198 0
76280 0
76292 0
76384 0
76425 0
76561 0
76918 0
77212 0
77737 0
77823 0
78244 0
78477 0
79130 0
79186 0
79191 0
79361 0
79398 0
79527 0
79961 0
79967 0
80298 0
80311 0
80582 0
81331 0
81689 0
82110 0
82245 0
82749 0
83722 0
83925 0
84810 0
84867 0
85087 0
85249 0
86111 0
86240 0
86268 0
86476 0
87086 0
87225 0
87382 0
87440 0
87779 0
88010 0
88413 0
88698 0
88737 0
88771 0
88839 0
89114 0
89431 0
89491 0
89753 0
89754 0
89845 0
89982 0
90062 0
90371 0
90414 0
90503 0
90676 0
90733 0
90748 0
90832 0
91056 0
91168 0
91184 0
91583 0
91681 0
91801 0
91940 0
91955 0
91989 0
92032 0
92081 0
92302 0
92343 0
92416 0
92594 0
93050 0
93305 0
93469 0
93491 0
93619 0
93659 0
93755 0
95383 0
95683 0
95894 0
96470 0
96577 0
96788 0
96807 0
96871 0
96915 0
97105 0
97106 0
97555 0
97692 0
98389 0
98454 0
98536 0
98728 0
98892 0
99261 0
99282 0
99346 0
99425 0
99481 0
99975 0
