c This is a uniform distributed  1-D DIMACS file 
c width height point_number
p 100000 100000 512
345 0
443 0
638 0
773 0
1296 0
1316 0
1481 0
1671 0
2101 0
2297 0
2480 0
3000 0
3013 0
3199 0
3221 0
3305 0
3744 0
3813 0
3851 0
4136 0
4264 0
4469 0
4845 0
5017 0
5252 0
5346 0
5561 0
5624 0
6292 0
6587 0
6655 0
6889 0
7482 0
7718 0
7917 0
8082 0
8149 0
8172 0
8206 0
8347 0
8457 0
8576 0
8602 0
8728 0
8948 0
8997 0
9593 0
9669 0
9848 0
10433 0
10451 0
10521 0
10573 0
10695 0
10740 0
10803 0
11134 0
11912 0
12479 0
12624 0
12663 0
13044 0
13504 0
13651 0
13666 0
13803 0
14509 0
14814 0
15004 0
15186 0
15405 0
15569 0
15706 0
15797 0
16600 0
16740 0
17150 0
17257 0
17445 0
17464 0
17629 0
17925 0
18270 0
18275 0
18519 0
18593 0
18681 0
18877 0
19253 0
19342 0
19350 0
20102 0
20489 0
20507 0
20751 0
20754 0
21104 0
21319 0
21382 0
21391 0
21449 0
21616 0
22111 0
22300 0
22454 0
22811 0
22878 0
23769 0
24007 0
24299 0
24390 0
25076 0
25409 0
25572 0
26058 0
26144 0
26389 0
26459 0
26539 0
26601 0
26982 0
27077 0
27218 0
27264 0
27353 0
27605 0
27817 0
28665 0
29036 0
29219 0
29326 0
29494 0
29665 0
30018 0
30169 0
30299 0
30740 0
30754 0
30814 0
31045 0
31173 0
31402 0
31529 0
31545 0
31960 0
32397 0
32455 0
32522 0
33117 0
33119 0
33164 0
33277 0
33401 0
33572 0
34268 0
34936 0
35427 0
35461 0
35490 0
36055 0
36069 0
36155 0
36172 0
36483 0
36538 0
36698 0
37108 0
37202 0
37513 0
37554 0
37580 0
37659 0
37854 0
38081 0
38129 0
38280 0
38458 0
38798 0
39124 0
39297 0
39650 0
40204 0
40209 0
40320 0
40566 0
40681 0
40787 0
40805 0
40813 0
41515 0
41667 0
41952 0
41968 0
41981 0
42066 0
42385 0
42450 0
42608 0
42610 0
42611 0
43085 0
43336 0
43507 0
43936 0
44043 0
44249 0
44322 0
44434 0
44588 0
44771 0
44902 0
45017 0
45146 0
45191 0
45495 0
45651 0
45717 0
45736 0
45860 0
45946 0
45984 0
46024 0
46240 0
46374 0
46622 0
46629 0
46632 0
47055 0
47347 0
47723 0
47754 0
47893 0
47925 0
48022 0
48386 0
48433 0
48717 0
48999 0
49343 0
49397 0
49793 0
49970 0
50151 0
50163 0
50481 0
50511 0
50621 0
50741 0
50747 0
50947 0
51089 0
51145 0
51456 0
51691 0
51822 0
52046 0
52161 0
52396 0
52446 0
52498 0
52536 0
52870 0
52960 0
53309 0
53336 0
53352 0
53570 0
53621 0
53854 0
54128 0
54555 0
54729 0
55105 0
55459 0
55526 0
55601 0
55966 0
55975 0
56174 0
56228 0
56317 0
56596 0
56599 0
57023 0
57157 0
57297 0
57313 0
57380 0
57632 0
57660 0
57692 0
57767 0
57883 0
57997 0
58025 0
58370 0
58628 0
58849 0
59133 0
59260 0
59348 0
59392 0
59416 0
59428 0
59475 0
59752 0
59803 0
60235 0
60309 0
60380 0
60532 0
61484 0
62181 0
62527 0
62601 0
63025 0
63357 0
63796 0
63851 0
63935 0
64090 0
64685 0
64713 0
64865 0
65072 0
65130 0
65226 0
65291 0
65463 0
65520 0
66158 0
66265 0
66325 0
66341 0
66414 0
66900 0
66953 0
67150 0
67254 0
68085 0
68227 0
68520 0
68679 0
68886 0
69018 0
69358 0
69389 0
69538 0
69539 0
69584 0
69928 0
69946 0
69977 0
70001 0
70086 0
70227 0
70394 0
70416 0
70490 0
70574 0
71609 0
72107 0
72550 0
73242 0
73409 0
73845 0
74045 0
74161 0
74239 0
74431 0
74517 0
74819 0
74956 0
75006 0
75144 0
75280 0
75640 0
75761 0
76278 0
76682 0
77053 0
77271 0
77535 0
77551 0
77764 0
77816 0
77859 0
78036 0
78353 0
78508 0
78518 0
78574 0
78902 0
78956 0
79092 0
79234 0
79315 0
79552 0
79614 0
79744 0
79862 0
79918 0
80058 0
80235 0
80470 0
80603 0
80698 0
81142 0
81311 0
81319 0
81345 0
81488 0
81535 0
81599 0
81912 0
82557 0
82905 0
82995 0
83277 0
83465 0
83599 0
84645 0
84755 0
85403 0
85437 0
85521 0
85625 0
86029 0
86103 0
86205 0
86213 0
86504 0
86723 0
86855 0
87188 0
87445 0
87572 0
88236 0
88474 0
88714 0
88765 0
88909 0
89115 0
90151 0
90365 0
90383 0
90570 0
90870 0
90947 0
91383 0
91461 0
91613 0
91875 0
91994 0
92203 0
92367 0
92368 0
92403 0
92405 0
92530 0
92773 0
92904 0
93035 0
93303 0
93523 0
93661 0
93708 0
93753 0
94124 0
94403 0
94635 0
94684 0
94770 0
95142 0
95189 0
95375 0
95757 0
95965 0
96055 0
96071 0
96148 0
96446 0
96517 0
96551 0
96614 0
96641 0
96690 0
96932 0
97005 0
97035 0
97232 0
97262 0
97644 0
97670 0
97891 0
97929 0
98121 0
98381 0
98534 0
98559 0
98954 0
99075 0
99212 0
99261 0
99411 0
99570 0
99589 0
99644 0
99759 0
99820 0
99867 0
99974 0
