c This is a uniform distributed  1-D DIMACS file 
c width height point_number
p 100000 100000 512
120 0
203 0
413 0
649 0
958 0
1175 0
1215 0
1305 0
1336 0
1622 0
1638 0
1992 0
1998 0
2020 0
2186 0
2417 0
2701 0
2788 0
3125 0
3294 0
3663 0
3791 0
3878 0
4125 0
4410 0
4661 0
4735 0
4955 0
5424 0
5842 0
6201 0
6293 0
6422 0
6441 0
6464 0
6544 0
7163 0
8013 0
8058 0
8703 0
8785 0
9247 0
9467 0
9640 0
10544 0
10827 0
10841 0
12022 0
12130 0
12372 0
12485 0
12799 0
12877 0
13106 0
13487 0
13562 0
13596 0
13616 0
13620 0
14057 0
14312 0
14382 0
14591 0
15041 0
15051 0
15062 0
15302 0
15695 0
15975 0
16056 0
16125 0
16169 0
16257 0
16301 0
16335 0
16359 0
16394 0
16409 0
16551 0
16641 0
16665 0
16667 0
16807 0
16809 0
16890 0
17159 0
17388 0
17433 0
17438 0
17474 0
17483 0
17484 0
17815 0
17879 0
18044 0
18187 0
18397 0
18457 0
18689 0
19114 0
19316 0
19374 0
19756 0
20489 0
20519 0
20921 0
21139 0
21246 0
21713 0
21847 0
21990 0
21992 0
22560 0
22744 0
22781 0
22829 0
23315 0
23414 0
23445 0
23630 0
23812 0
23933 0
23992 0
24276 0
24501 0
24564 0
24673 0
24892 0
25534 0
26103 0
26981 0
27148 0
27149 0
27171 0
27427 0
27942 0
27997 0
28294 0
28374 0
28666 0
28816 0
28841 0
28969 0
29075 0
29368 0
29591 0
29735 0
29738 0
30015 0
30255 0
30262 0
30547 0
30728 0
30734 0
30849 0
31047 0
31288 0
31468 0
31640 0
31877 0
32107 0
32261 0
32611 0
32695 0
33034 0
33413 0
33832 0
33936 0
33951 0
34096 0
34145 0
34247 0
34530 0
34535 0
34600 0
34658 0
35010 0
35108 0
35311 0
35654 0
35668 0
35681 0
35792 0
36026 0
36184 0
36222 0
37323 0
37326 0
37542 0
37596 0
38251 0
38267 0
38511 0
38817 0
38909 0
39073 0
39088 0
39200 0
39214 0
39305 0
39469 0
39508 0
39675 0
40010 0
40639 0
40879 0
41162 0
41286 0
41521 0
41633 0
41952 0
42170 0
42215 0
43178 0
43399 0
43630 0
43740 0
43981 0
45060 0
45345 0
45369 0
45785 0
45796 0
45887 0
46510 0
46519 0
46529 0
46647 0
46689 0
47010 0
47047 0
47194 0
47277 0
47634 0
47674 0
48450 0
48640 0
48671 0
48798 0
49064 0
49169 0
49351 0
49525 0
49565 0
49942 0
50155 0
50263 0
50379 0
50609 0
51103 0
51599 0
51636 0
51682 0
51896 0
51945 0
51988 0
52114 0
52367 0
52394 0
52765 0
52883 0
52914 0
53211 0
53462 0
53551 0
53585 0
53892 0
53972 0
54070 0
54318 0
54385 0
54845 0
54867 0
54945 0
55047 0
55702 0
56099 0
56246 0
57333 0
57663 0
58051 0
58170 0
58290 0
58445 0
58471 0
59032 0
59288 0
59350 0
59853 0
59896 0
59942 0
60145 0
60212 0
60265 0
60309 0
60734 0
60871 0
61355 0
61850 0
62039 0
62309 0
62388 0
62616 0
62629 0
62806 0
62984 0
63039 0
63076 0
63084 0
63125 0
63672 0
63744 0
64079 0
64138 0
64296 0
64395 0
64397 0
64663 0
64792 0
64938 0
65193 0
65233 0
65262 0
65597 0
66870 0
67501 0
67794 0
67905 0
68024 0
68134 0
68260 0
68591 0
68665 0
68769 0
68812 0
69189 0
69212 0
69346 0
69553 0
69945 0
70301 0
70339 0
70402 0
70480 0
70529 0
70819 0
70966 0
70999 0
71213 0
71263 0
71407 0
71781 0
71898 0
71963 0
72376 0
72509 0
72550 0
73377 0
73384 0
73629 0
73730 0
73783 0
73808 0
73992 0
74201 0
74206 0
74488 0
74738 0
74838 0
74988 0
75037 0
75282 0
75353 0
75714 0
75739 0
75783 0
76346 0
76659 0
76853 0
77005 0
77102 0
77197 0
77305 0
77319 0
77419 0
77444 0
77469 0
77495 0
77506 0
77915 0
78066 0
78226 0
78339 0
78807 0
78847 0
78867 0
79080 0
80013 0
80325 0
80368 0
80397 0
80917 0
80962 0
81323 0
81728 0
82590 0
82636 0
82776 0
82785 0
82795 0
83237 0
83364 0
83585 0
83658 0
83845 0
83931 0
84295 0
84406 0
84717 0
85176 0
85282 0
85319 0
86418 0
86897 0
86932 0
86955 0
86998 0
87116 0
87441 0
87596 0
87600 0
88062 0
88065 0
88207 0
88464 0
88500 0
88531 0
88679 0
88932 0
88945 0
89166 0
89188 0
89261 0
89424 0
89550 0
89687 0
89715 0
89868 0
89988 0
89994 0
90013 0
90222 0
90473 0
90497 0
90516 0
90684 0
91174 0
91257 0
91307 0
91817 0
91831 0
91851 0
91892 0
92061 0
92149 0
92454 0
92480 0
92859 0
93586 0
93614 0
93804 0
93927 0
94115 0
94154 0
94157 0
94173 0
94198 0
94297 0
94652 0
94774 0
94778 0
94917 0
95501 0
95818 0
95916 0
95938 0
96089 0
96485 0
96639 0
96784 0
96833 0
97036 0
97043 0
97132 0
97457 0
97465 0
97898 0
98531 0
98841 0
98850 0
98949 0
98973 0
99008 0
99220 0
99279 0
99451 0
99461 0
99506 0
99579 0
99730 0
99854 0
99965 0
