c This is a uniform distributed  1-D DIMACS file 
c width height point_number
p 100000 100000 512
260 0
753 0
811 0
1036 0
1110 0
1138 0
1630 0
2035 0
2154 0
2316 0
2346 0
2563 0
2831 0
3488 0
3604 0
3670 0
3694 0
3878 0
4154 0
4716 0
5122 0
5132 0
5191 0
5376 0
5783 0
6400 0
6505 0
6828 0
6851 0
7296 0
7366 0
7809 0
8001 0
8003 0
8038 0
8138 0
8336 0
8548 0
8868 0
9080 0
9389 0
9432 0
10214 0
10225 0
10233 0
10505 0
10798 0
10826 0
11030 0
11443 0
11444 0
11499 0
11522 0
11592 0
12138 0
12260 0
12363 0
12451 0
12594 0
12619 0
12643 0
12692 0
12741 0
12841 0
13019 0
13252 0
13324 0
13397 0
13674 0
14096 0
15128 0
15228 0
15352 0
15469 0
15473 0
15540 0
15592 0
15876 0
16116 0
16195 0
16258 0
16309 0
16310 0
16654 0
17731 0
17887 0
17993 0
18128 0
18273 0
18329 0
18447 0
18791 0
19150 0
19595 0
19652 0
20032 0
20069 0
20534 0
20589 0
20689 0
21357 0
22004 0
22175 0
22514 0
22556 0
22641 0
22714 0
22744 0
23065 0
23175 0
23304 0
23370 0
23437 0
23521 0
23578 0
23609 0
23855 0
24920 0
25283 0
25371 0
25635 0
26073 0
26158 0
26351 0
26360 0
26422 0
26445 0
26689 0
27412 0
27542 0
27679 0
27711 0
27732 0
27767 0
27806 0
27854 0
27876 0
28380 0
28405 0
28576 0
28680 0
28699 0
28890 0
29260 0
29586 0
29614 0
29703 0
29844 0
30058 0
30081 0
30242 0
30249 0
30716 0
30758 0
30765 0
30827 0
31028 0
31412 0
31460 0
31540 0
32004 0
32123 0
32456 0
32573 0
32590 0
32645 0
32650 0
32793 0
32798 0
32905 0
33099 0
33421 0
33451 0
33456 0
33834 0
34020 0
34028 0
34143 0
34183 0
34303 0
34562 0
34951 0
34983 0
35553 0
35665 0
36083 0
36390 0
36446 0
36615 0
36680 0
37249 0
37500 0
37919 0
38039 0
38262 0
38575 0
39157 0
39196 0
39263 0
39465 0
39526 0
39987 0
40061 0
40157 0
40175 0
40357 0
40359 0
40544 0
40758 0
40771 0
40823 0
40824 0
40910 0
41231 0
41885 0
42287 0
42390 0
42439 0
42474 0
42619 0
42646 0
42721 0
42784 0
42965 0
43758 0
43925 0
43988 0
44017 0
44106 0
44286 0
44365 0
44433 0
44551 0
44661 0
45028 0
45228 0
45338 0
45468 0
46086 0
46108 0
46120 0
46225 0
46284 0
46567 0
47056 0
47221 0
47250 0
47426 0
47575 0
47716 0
47958 0
47994 0
48005 0
48182 0
48301 0
48346 0
48739 0
48746 0
48833 0
48922 0
48928 0
49108 0
49341 0
49545 0
49814 0
50215 0
50563 0
50677 0
50699 0
50717 0
50732 0
50748 0
51002 0
51058 0
51319 0
51774 0
51983 0
52120 0
52516 0
52772 0
53334 0
54499 0
54712 0
54873 0
54955 0
55940 0
56167 0
56269 0
56281 0
56469 0
56744 0
56973 0
57081 0
58010 0
58129 0
58174 0
58197 0
58547 0
58559 0
58639 0
58723 0
58987 0
59095 0
59126 0
59151 0
59228 0
59291 0
59823 0
59866 0
60034 0
60053 0
60200 0
60769 0
60804 0
60966 0
61179 0
61235 0
61287 0
61438 0
61558 0
61674 0
61715 0
61915 0
61963 0
62020 0
62046 0
62137 0
62715 0
62726 0
62832 0
63213 0
63386 0
63586 0
63648 0
63912 0
63955 0
64172 0
64236 0
64471 0
64816 0
64901 0
64980 0
64997 0
65047 0
65288 0
65749 0
65834 0
65927 0
66130 0
66607 0
66641 0
66739 0
66948 0
67005 0
67043 0
67094 0
67216 0
67539 0
68286 0
69290 0
69388 0
69574 0
69634 0
69675 0
69891 0
70042 0
70100 0
70438 0
70590 0
70853 0
71116 0
71143 0
71391 0
71550 0
71704 0
72225 0
72318 0
72626 0
72710 0
72821 0
73191 0
73450 0
73459 0
73520 0
73601 0
73723 0
73757 0
74560 0
74606 0
74622 0
75231 0
75232 0
75283 0
75317 0
75654 0
75968 0
76276 0
76574 0
76683 0
76949 0
77060 0
77150 0
77561 0
78203 0
78649 0
78841 0
79221 0
79300 0
79328 0
79676 0
79705 0
79800 0
79922 0
79929 0
79978 0
80009 0
80106 0
80136 0
80231 0
81214 0
81489 0
81688 0
81866 0
82334 0
82665 0
82867 0
82882 0
82902 0
82965 0
83520 0
84002 0
84491 0
84635 0
84637 0
85039 0
85494 0
85615 0
85760 0
85863 0
86314 0
86435 0
86794 0
86896 0
87141 0
87216 0
87289 0
87322 0
87508 0
87512 0
88149 0
88172 0
88275 0
88409 0
88425 0
88541 0
88878 0
88898 0
89156 0
89658 0
89918 0
90007 0
90059 0
90082 0
90124 0
90267 0
90744 0
90977 0
91269 0
91642 0
92052 0
92537 0
92778 0
93535 0
93668 0
93862 0
94231 0
94323 0
94423 0
94769 0
94800 0
94875 0
94908 0
94955 0
95172 0
95269 0
95323 0
95368 0
95374 0
95606 0
95684 0
95950 0
96418 0
96664 0
96700 0
96707 0
96716 0
96778 0
96812 0
97202 0
97632 0
97806 0
98158 0
98560 0
98674 0
98729 0
98866 0
99417 0
99517 0
99564 0
99690 0
99775 0
99992 0
