c This is a uniform distributed  1-D DIMACS file 
c width height point_number
p 100000 100000 512
54 0
161 0
289 0
504 0
752 0
915 0
934 0
947 0
1159 0
1358 0
1464 0
1478 0
1505 0
1518 0
1555 0
1817 0
2106 0
2211 0
2282 0
2377 0
2384 0
2681 0
2746 0
2834 0
2992 0
3204 0
3708 0
3738 0
3884 0
4031 0
4197 0
4511 0
4747 0
4849 0
5195 0
5302 0
5382 0
5499 0
5541 0
5598 0
5806 0
5933 0
5982 0
6006 0
6179 0
6599 0
7553 0
7582 0
7780 0
8167 0
8486 0
8501 0
8652 0
8673 0
9248 0
9312 0
9409 0
9442 0
9508 0
9847 0
9877 0
10068 0
10213 0
11056 0
11072 0
11082 0
11443 0
11638 0
11898 0
12871 0
13386 0
13861 0
14315 0
14698 0
15061 0
15087 0
15088 0
15161 0
15284 0
15317 0
15469 0
15487 0
16022 0
16173 0
16296 0
16566 0
16838 0
16871 0
17149 0
17319 0
17344 0
17513 0
17567 0
17723 0
17920 0
18014 0
18181 0
18357 0
18865 0
18879 0
18949 0
19254 0
19368 0
19505 0
19506 0
19609 0
19661 0
19710 0
20028 0
20110 0
20154 0
20169 0
20386 0
20402 0
20405 0
20687 0
20759 0
20954 0
20972 0
21020 0
21063 0
21126 0
21834 0
22064 0
22175 0
22449 0
22460 0
22506 0
22684 0
22785 0
23578 0
23607 0
23618 0
24284 0
24455 0
24595 0
24809 0
25028 0
25269 0
25371 0
25746 0
26056 0
26136 0
26300 0
26585 0
27402 0
27788 0
28564 0
28627 0
28819 0
28922 0
29005 0
29370 0
29477 0
29607 0
29657 0
30451 0
30482 0
30657 0
30846 0
30853 0
30997 0
31222 0
31288 0
31339 0
31594 0
31631 0
31821 0
32220 0
32321 0
32535 0
32651 0
32884 0
33072 0
33113 0
33233 0
33315 0
33754 0
33817 0
33869 0
33882 0
33987 0
34019 0
34294 0
34661 0
34922 0
35004 0
35113 0
35162 0
35300 0
35322 0
35442 0
35738 0
35873 0
36187 0
36191 0
36425 0
36483 0
36544 0
36947 0
37162 0
37170 0
37171 0
37389 0
37512 0
38032 0
38224 0
38300 0
38380 0
38915 0
39365 0
39457 0
39617 0
40178 0
40182 0
40265 0
40462 0
40660 0
40746 0
40883 0
41041 0
41068 0
41379 0
41461 0
41872 0
41921 0
41944 0
42163 0
42384 0
42655 0
42761 0
43636 0
43780 0
43940 0
44152 0
44160 0
44659 0
45044 0
45884 0
45946 0
46246 0
46865 0
46895 0
46944 0
47370 0
47557 0
47610 0
47637 0
47954 0
48051 0
48398 0
48402 0
48561 0
48565 0
48759 0
48904 0
49208 0
49211 0
49819 0
49911 0
50334 0
50343 0
50473 0
50596 0
50766 0
51346 0
51361 0
51414 0
51491 0
51614 0
51656 0
52423 0
52556 0
52955 0
53010 0
53014 0
53339 0
53602 0
53704 0
53713 0
54148 0
54157 0
54232 0
54325 0
55015 0
55084 0
55453 0
55776 0
55896 0
55905 0
56239 0
56310 0
56538 0
56733 0
56787 0
56950 0
56997 0
57192 0
57260 0
57399 0
57434 0
57855 0
58046 0
58076 0
58558 0
58566 0
58651 0
59011 0
59240 0
59346 0
59440 0
59757 0
59782 0
59821 0
59951 0
60126 0
60200 0
60483 0
60600 0
60626 0
60717 0
60753 0
60781 0
61125 0
61151 0
61217 0
61379 0
61391 0
61702 0
61728 0
61796 0
61873 0
62123 0
62192 0
62547 0
62647 0
63251 0
63262 0
63551 0
63842 0
63873 0
64074 0
64133 0
64197 0
64446 0
64530 0
65197 0
65685 0
65726 0
65815 0
65913 0
66542 0
66560 0
66657 0
66721 0
67138 0
67459 0
67661 0
68191 0
69061 0
69149 0
69310 0
69313 0
69330 0
69381 0
69492 0
69523 0
69606 0
70047 0
70052 0
70070 0
70681 0
72251 0
72328 0
72511 0
72666 0
73548 0
73908 0
74041 0
74121 0
74314 0
74465 0
74553 0
74768 0
74976 0
74999 0
75012 0
75355 0
75601 0
76255 0
76412 0
76611 0
76617 0
76714 0
76827 0
77207 0
77213 0
77405 0
77509 0
77560 0
77645 0
77764 0
78050 0
78370 0
78439 0
78481 0
78570 0
78621 0
78735 0
78755 0
78997 0
79098 0
79113 0
79244 0
79279 0
79437 0
79526 0
79692 0
80075 0
80283 0
81044 0
81219 0
81323 0
81629 0
81845 0
82005 0
82273 0
82750 0
82780 0
83057 0
83316 0
83545 0
83555 0
83605 0
83871 0
83912 0
84100 0
84143 0
84172 0
84240 0
84248 0
84253 0
84995 0
85152 0
85460 0
85494 0
85515 0
85740 0
85824 0
86335 0
86426 0
86654 0
87275 0
87841 0
87852 0
87860 0
88093 0
88244 0
88615 0
88702 0
88724 0
88846 0
89055 0
89166 0
89292 0
89402 0
89791 0
89843 0
90030 0
90041 0
90052 0
90231 0
90362 0
90571 0
90629 0
90806 0
91129 0
91427 0
91657 0
92651 0
92809 0
92916 0
93047 0
93494 0
93614 0
93795 0
94881 0
95057 0
95183 0
95324 0
95724 0
96026 0
96308 0
96439 0
96476 0
96898 0
96945 0
96994 0
97029 0
97139 0
97611 0
97634 0
97698 0
98175 0
98192 0
98480 0
98680 0
98777 0
99142 0
99383 0
99633 0
99863 0
