c This is a uniform distributed  1-D DIMACS file 
c width height point_number
p 100000 100000 512
174 0
285 0
341 0
402 0
444 0
638 0
823 0
949 0
1150 0
1318 0
1374 0
1427 0
1458 0
1638 0
1719 0
1856 0
2127 0
2731 0
3035 0
3059 0
3650 0
3757 0
3819 0
4061 0
4808 0
5001 0
5014 0
5539 0
5828 0
6040 0
6390 0
6849 0
6883 0
6884 0
7248 0
7464 0
7533 0
7590 0
8048 0
8237 0
8586 0
9247 0
9431 0
9663 0
9765 0
9786 0
9870 0
9920 0
10193 0
10220 0
10561 0
10596 0
10930 0
10934 0
10980 0
10981 0
11503 0
11712 0
11906 0
12378 0
12817 0
13100 0
13167 0
13192 0
13340 0
13442 0
13523 0
13605 0
13668 0
13669 0
14378 0
14780 0
14958 0
15372 0
16023 0
16156 0
16993 0
17018 0
17046 0
17143 0
17359 0
17770 0
17803 0
17970 0
18498 0
18863 0
18963 0
18979 0
19584 0
19606 0
19755 0
19877 0
19914 0
20099 0
20160 0
20414 0
20487 0
20553 0
20566 0
20690 0
20895 0
20926 0
21088 0
21129 0
21156 0
21325 0
21454 0
21523 0
21737 0
21792 0
22125 0
22212 0
22406 0
22942 0
23130 0
23235 0
23280 0
23335 0
23446 0
23536 0
23673 0
23684 0
24510 0
24656 0
24687 0
24820 0
24823 0
24889 0
25182 0
25307 0
26018 0
26025 0
26204 0
26469 0
26656 0
27600 0
27844 0
27910 0
28308 0
28357 0
29059 0
29355 0
29392 0
29643 0
29667 0
29719 0
29931 0
30022 0
30392 0
30424 0
30605 0
30768 0
30975 0
31430 0
31696 0
31780 0
31873 0
31914 0
32230 0
32237 0
32356 0
32939 0
32946 0
33187 0
33602 0
33656 0
33947 0
34371 0
34595 0
34621 0
34736 0
34954 0
35252 0
35301 0
35375 0
35645 0
35800 0
35964 0
36226 0
36288 0
36476 0
36538 0
36573 0
36848 0
37066 0
37276 0
37497 0
37801 0
37809 0
37974 0
38079 0
38085 0
38363 0
38519 0
38639 0
38663 0
38894 0
38943 0
39060 0
39163 0
39343 0
39398 0
39491 0
39618 0
39722 0
40106 0
40164 0
40307 0
40401 0
40745 0
40940 0
40982 0
40996 0
41130 0
41136 0
41160 0
41210 0
41426 0
41613 0
41690 0
41752 0
41800 0
42010 0
42043 0
42308 0
42422 0
42603 0
42663 0
42945 0
43006 0
43308 0
43367 0
43500 0
43547 0
43612 0
43994 0
44020 0
44126 0
44907 0
45128 0
45309 0
45320 0
45661 0
45898 0
46071 0
46461 0
46614 0
46861 0
46870 0
47033 0
47072 0
47170 0
47518 0
48073 0
48361 0
48846 0
49192 0
49240 0
49929 0
50137 0
50336 0
50416 0
50424 0
50465 0
50500 0
51036 0
51111 0
51152 0
51214 0
51344 0
51476 0
52184 0
52268 0
52283 0
52319 0
53091 0
53137 0
53447 0
53656 0
53713 0
53723 0
54021 0
54230 0
54284 0
54335 0
54355 0
54628 0
54832 0
54987 0
55192 0
55769 0
55839 0
56005 0
56392 0
56478 0
56746 0
56867 0
56881 0
57183 0
57347 0
57550 0
57879 0
58268 0
58395 0
58539 0
58567 0
58858 0
58869 0
59184 0
59783 0
59979 0
59989 0
60054 0
60480 0
60550 0
60674 0
60761 0
60770 0
60778 0
60792 0
60820 0
60912 0
61141 0
61265 0
61466 0
61476 0
61484 0
61715 0
61793 0
61878 0
62116 0
62126 0
62944 0
63046 0
63231 0
63345 0
63597 0
63618 0
63864 0
64174 0
64501 0
64527 0
64792 0
65001 0
65025 0
65620 0
66003 0
66140 0
66141 0
66189 0
66403 0
66824 0
67228 0
67570 0
67911 0
67994 0
68036 0
68128 0
68304 0
68327 0
68579 0
68731 0
68809 0
69161 0
69225 0
69309 0
69321 0
69412 0
69600 0
69965 0
70113 0
70125 0
70606 0
70931 0
71417 0
71424 0
71535 0
71642 0
71748 0
72018 0
72188 0
72540 0
72912 0
72969 0
73172 0
73228 0
73229 0
73232 0
73684 0
73719 0
73899 0
74026 0
74258 0
74927 0
75106 0
75151 0
75324 0
75398 0
75548 0
75631 0
76346 0
76358 0
76599 0
77332 0
77382 0
77566 0
77964 0
78269 0
78304 0
78330 0
78338 0
78486 0
78739 0
79418 0
79443 0
79551 0
79653 0
79843 0
80009 0
80158 0
80387 0
80398 0
80897 0
81337 0
81616 0
81621 0
81726 0
81748 0
82128 0
82187 0
82437 0
82540 0
82560 0
82649 0
82761 0
83497 0
84195 0
84230 0
84313 0
84502 0
84643 0
84946 0
84954 0
85144 0
85173 0
85662 0
85834 0
86059 0
86253 0
86533 0
86536 0
86654 0
87234 0
87586 0
87733 0
88005 0
88150 0
88160 0
88748 0
89199 0
89305 0
89790 0
89950 0
90482 0
90875 0
91022 0
91146 0
91257 0
91303 0
92202 0
92374 0
92379 0
92434 0
92649 0
92781 0
92782 0
93306 0
93389 0
93435 0
93491 0
93585 0
93622 0
94105 0
94427 0
94614 0
94636 0
94763 0
95016 0
95485 0
95558 0
95751 0
96099 0
96179 0
96262 0
96321 0
96505 0
96893 0
96900 0
97058 0
97078 0
97552 0
97557 0
97642 0
97888 0
98037 0
98444 0
98510 0
98799 0
98898 0
99012 0
99214 0
99621 0
