c This is a uniform distributed  1-D DIMACS file 
c width height point_number
p 100000 100000 512
61 0
198 0
352 0
437 0
697 0
770 0
950 0
1213 0
1451 0
1737 0
1752 0
1800 0
1857 0
1959 0
1980 0
2158 0
2260 0
2301 0
2343 0
2807 0
2989 0
3268 0
3365 0
3954 0
4041 0
4514 0
4614 0
4617 0
4687 0
4749 0
5153 0
5274 0
5425 0
5758 0
5840 0
6211 0
6348 0
6596 0
6702 0
6717 0
6847 0
7130 0
7201 0
7748 0
8278 0
8420 0
8487 0
8737 0
9181 0
9657 0
9664 0
9773 0
9797 0
10064 0
10243 0
10412 0
10465 0
10639 0
10701 0
10775 0
11015 0
11200 0
11260 0
11605 0
11733 0
11790 0
11820 0
12216 0
12445 0
12595 0
12646 0
12992 0
13030 0
13253 0
13315 0
13421 0
13701 0
13720 0
13763 0
14420 0
14600 0
14933 0
15005 0
15561 0
15672 0
16139 0
16254 0
16304 0
16472 0
16520 0
16538 0
17381 0
17716 0
17943 0
18050 0
18124 0
18212 0
18247 0
18529 0
18584 0
19059 0
19101 0
19219 0
19224 0
19549 0
19823 0
19898 0
20159 0
20218 0
20282 0
20305 0
20326 0
20852 0
21030 0
21057 0
21166 0
21457 0
21690 0
21706 0
21714 0
21789 0
21848 0
22089 0
22168 0
22475 0
22586 0
22764 0
23004 0
23096 0
23188 0
23561 0
23596 0
23879 0
23988 0
24027 0
24116 0
24236 0
24532 0
24822 0
24927 0
24934 0
25757 0
25777 0
26079 0
26214 0
26231 0
26499 0
26512 0
26920 0
26971 0
27166 0
27259 0
27302 0
27321 0
27423 0
27645 0
27945 0
28265 0
28359 0
28596 0
29244 0
29355 0
29527 0
30131 0
30155 0
30253 0
30454 0
30459 0
30811 0
30898 0
31209 0
31250 0
31314 0
31613 0
31691 0
31868 0
32341 0
32621 0
33040 0
33413 0
33670 0
33679 0
33749 0
33833 0
34232 0
34450 0
34849 0
34968 0
34970 0
35495 0
35515 0
35787 0
35814 0
35865 0
36451 0
36497 0
36533 0
36693 0
36711 0
36873 0
37137 0
37301 0
37479 0
37517 0
37575 0
37852 0
38428 0
38816 0
38982 0
39033 0
39199 0
39598 0
39852 0
39893 0
40112 0
40171 0
40196 0
40485 0
40559 0
40936 0
40945 0
41039 0
41349 0
41460 0
41521 0
41527 0
41899 0
41974 0
42077 0
42242 0
42438 0
42500 0
42561 0
43059 0
43259 0
43311 0
43378 0
43860 0
43949 0
43965 0
44220 0
44486 0
45066 0
45126 0
45663 0
46807 0
46844 0
47452 0
47854 0
47894 0
48208 0
48462 0
48587 0
48673 0
48711 0
48908 0
48952 0
49238 0
49347 0
49502 0
49627 0
49677 0
49789 0
49834 0
49892 0
49938 0
50020 0
50271 0
50390 0
50534 0
51164 0
51206 0
51497 0
51689 0
51765 0
51783 0
51916 0
52510 0
53114 0
53127 0
53305 0
53354 0
53523 0
53851 0
53852 0
53896 0
54175 0
54183 0
54244 0
54737 0
54758 0
54964 0
55176 0
55201 0
55336 0
55572 0
55654 0
55705 0
55773 0
55902 0
55978 0
56145 0
56159 0
56230 0
56307 0
56535 0
56978 0
56995 0
57164 0
57327 0
57532 0
57882 0
58253 0
58439 0
58627 0
58828 0
59021 0
59176 0
59262 0
59469 0
59513 0
59847 0
60265 0
60316 0
60346 0
61358 0
62136 0
62229 0
62361 0
62365 0
62418 0
62743 0
62776 0
62811 0
63181 0
63251 0
63356 0
63623 0
64004 0
64044 0
64067 0
64333 0
64419 0
64680 0
64685 0
65005 0
65264 0
65922 0
66211 0
66245 0
66368 0
66665 0
67037 0
67110 0
67170 0
67222 0
67277 0
67411 0
67851 0
67880 0
68000 0
68341 0
68356 0
68715 0
68931 0
68947 0
69223 0
69612 0
69626 0
70775 0
71152 0
71170 0
71234 0
71259 0
71841 0
71902 0
72332 0
72445 0
72872 0
73289 0
73383 0
73481 0
73518 0
73774 0
73825 0
73931 0
74822 0
75196 0
75302 0
75517 0
75558 0
76512 0
76865 0
77255 0
77581 0
77868 0
77949 0
78158 0
78214 0
78660 0
78694 0
78758 0
78828 0
79065 0
79066 0
79130 0
79222 0
79491 0
79729 0
80109 0
80200 0
80257 0
80326 0
80753 0
80861 0
80902 0
80992 0
81066 0
81148 0
81235 0
81623 0
81707 0
82030 0
82073 0
82193 0
82410 0
82458 0
82548 0
82959 0
83120 0
83156 0
83199 0
83217 0
83383 0
83528 0
83532 0
83587 0
83610 0
83677 0
83907 0
84516 0
84694 0
84723 0
85011 0
85025 0
85253 0
85440 0
85501 0
85525 0
87153 0
87157 0
87310 0
87758 0
87847 0
87917 0
88018 0
88068 0
88071 0
88134 0
88159 0
88161 0
88564 0
88761 0
89027 0
89174 0
89369 0
89533 0
89702 0
89755 0
89949 0
90398 0
90712 0
91643 0
91654 0
91658 0
92393 0
92521 0
92659 0
93160 0
93378 0
93605 0
93613 0
93907 0
94077 0
94457 0
94984 0
95242 0
95431 0
96085 0
96407 0
96812 0
97029 0
97162 0
97216 0
97277 0
97461 0
97490 0
97520 0
97629 0
98514 0
98556 0
98562 0
98690 0
98824 0
98982 0
99205 0
99338 0
99515 0
99574 0
99587 0
99596 0
99736 0
