c This is a uniform distributed  1-D DIMACS file 
c width height point_number
p 100000 100000 512
107 0
116 0
434 0
444 0
664 0
756 0
808 0
829 0
842 0
921 0
1130 0
1608 0
1687 0
1873 0
1939 0
2191 0
2217 0
2750 0
3036 0
3048 0
3244 0
3273 0
3482 0
3514 0
3551 0
4034 0
4836 0
4863 0
4987 0
5008 0
5072 0
5116 0
5449 0
5675 0
5760 0
5799 0
5836 0
6325 0
6481 0
6495 0
6555 0
6942 0
7244 0
7706 0
7718 0
7921 0
7952 0
8593 0
8802 0
9580 0
9935 0
10053 0
10054 0
10364 0
10581 0
10589 0
10608 0
10636 0
10744 0
10788 0
10810 0
11116 0
11733 0
11755 0
12372 0
12643 0
12652 0
12724 0
13263 0
13391 0
13518 0
13607 0
14080 0
14166 0
14393 0
14647 0
14667 0
14736 0
14847 0
15185 0
15224 0
15436 0
15673 0
15777 0
15828 0
16172 0
16292 0
16510 0
17430 0
17609 0
18092 0
18435 0
18764 0
19255 0
19342 0
19812 0
20370 0
20398 0
20403 0
20752 0
20835 0
20861 0
21032 0
21116 0
21331 0
21458 0
21570 0
21791 0
21903 0
22323 0
22336 0
22472 0
22490 0
22648 0
22736 0
22801 0
22878 0
22937 0
22965 0
23632 0
23748 0
24052 0
24294 0
24463 0
24571 0
24581 0
24723 0
25017 0
25234 0
25384 0
25396 0
25436 0
25818 0
26158 0
26233 0
26679 0
27113 0
27222 0
27245 0
27256 0
27434 0
27463 0
28170 0
28201 0
28235 0
28475 0
28489 0
28621 0
28985 0
29035 0
29363 0
29445 0
29486 0
29532 0
29751 0
29822 0
29881 0
30092 0
30971 0
31051 0
31420 0
31513 0
31517 0
31589 0
31789 0
32034 0
32048 0
32061 0
32128 0
32955 0
32972 0
33532 0
33759 0
33883 0
34097 0
34220 0
34631 0
34772 0
35079 0
35658 0
35708 0
35918 0
35939 0
36143 0
36319 0
36423 0
36456 0
36459 0
36728 0
36854 0
37254 0
37339 0
37367 0
37446 0
37824 0
37860 0
38031 0
38182 0
38530 0
38836 0
39144 0
39379 0
39422 0
40466 0
40758 0
41037 0
41048 0
41209 0
41261 0
41393 0
41547 0
42199 0
42218 0
42466 0
42640 0
43310 0
43597 0
43674 0
43993 0
44359 0
44708 0
44968 0
45048 0
45328 0
45363 0
45812 0
45898 0
45908 0
46017 0
46249 0
46558 0
47176 0
47245 0
47702 0
47720 0
47728 0
47742 0
47750 0
47823 0
47994 0
48170 0
48220 0
48400 0
48495 0
48703 0
48851 0
48902 0
49119 0
49250 0
49719 0
49746 0
50640 0
50711 0
50991 0
51330 0
51649 0
51794 0
51816 0
51880 0
51973 0
52512 0
52602 0
52825 0
53277 0
53636 0
53891 0
54087 0
54110 0
54152 0
54433 0
54588 0
54849 0
55234 0
55273 0
55402 0
55644 0
55682 0
55805 0
55934 0
56507 0
56773 0
56980 0
57118 0
57217 0
57261 0
57303 0
57314 0
57356 0
57389 0
57466 0
57508 0
57915 0
58168 0
58182 0
58323 0
58360 0
58491 0
58680 0
58866 0
58931 0
59562 0
60259 0
60338 0
61117 0
61127 0
61515 0
61571 0
61601 0
61684 0
61704 0
62125 0
62180 0
62230 0
62775 0
62931 0
62939 0
63065 0
63270 0
63342 0
63510 0
63649 0
63805 0
64283 0
64364 0
64470 0
64539 0
64663 0
64690 0
64730 0
64753 0
65072 0
65223 0
65256 0
65290 0
65305 0
65451 0
65504 0
65554 0
65623 0
65626 0
66009 0
66608 0
66633 0
66683 0
66862 0
67015 0
67104 0
67499 0
67686 0
67852 0
67889 0
67911 0
67934 0
68254 0
68618 0
68771 0
68882 0
69089 0
69137 0
69252 0
70034 0
70217 0
70377 0
70423 0
70462 0
70612 0
70825 0
70860 0
71027 0
71120 0
71283 0
71601 0
71620 0
71642 0
71736 0
71970 0
72183 0
72230 0
72261 0
72373 0
72606 0
72873 0
73140 0
73261 0
73681 0
73876 0
74160 0
74372 0
74412 0
74791 0
75203 0
75529 0
75549 0
75592 0
75651 0
75896 0
76006 0
76074 0
76309 0
76342 0
76360 0
76391 0
76405 0
76577 0
76631 0
76703 0
76734 0
76932 0
76964 0
77506 0
77773 0
77790 0
77815 0
78400 0
78553 0
78558 0
78564 0
78856 0
78916 0
79223 0
79615 0
79988 0
80529 0
80537 0
80544 0
80963 0
81160 0
81477 0
81580 0
82341 0
82362 0
82457 0
83652 0
83717 0
83982 0
84070 0
84173 0
84208 0
84778 0
84790 0
84854 0
85137 0
85161 0
85411 0
85576 0
85660 0
85814 0
85887 0
85961 0
85975 0
86652 0
86777 0
87264 0
87716 0
87916 0
88161 0
88791 0
89490 0
89517 0
89548 0
89769 0
90104 0
90555 0
90646 0
90755 0
90894 0
91062 0
91192 0
91369 0
91480 0
91512 0
91515 0
92013 0
92267 0
92275 0
92297 0
93228 0
93723 0
93818 0
93899 0
94027 0
94339 0
94388 0
94437 0
94467 0
94526 0
94622 0
94825 0
94830 0
94946 0
95009 0
95037 0
95156 0
95374 0
95748 0
95863 0
96189 0
96467 0
96856 0
97076 0
97843 0
97941 0
97993 0
98544 0
98574 0
98594 0
98611 0
99102 0
99507 0
99616 0
99860 0
99905 0
