c This is a uniform distributed  1-D DIMACS file 
c width height point_number
p 100000 100000 512
48 0
180 0
248 0
628 0
1024 0
1099 0
1381 0
1429 0
1522 0
1587 0
1869 0
1950 0
1975 0
2124 0
2343 0
2612 0
2666 0
3128 0
3618 0
3771 0
4061 0
4076 0
4564 0
4936 0
5134 0
5298 0
5396 0
5488 0
6063 0
6365 0
6379 0
6479 0
6901 0
7792 0
8157 0
8196 0
8225 0
8846 0
8850 0
9030 0
9171 0
9510 0
9554 0
9727 0
10229 0
10328 0
10442 0
10783 0
10921 0
11022 0
11080 0
11457 0
11585 0
11777 0
11866 0
11996 0
12187 0
12209 0
12295 0
12648 0
12652 0
12718 0
12922 0
12942 0
13129 0
13236 0
13480 0
13585 0
13615 0
14236 0
14443 0
14789 0
14884 0
14998 0
15061 0
15117 0
15213 0
15476 0
15873 0
15885 0
16230 0
16365 0
16436 0
16509 0
16522 0
17011 0
17365 0
17595 0
17889 0
17936 0
17978 0
18025 0
18054 0
18183 0
18240 0
18313 0
18452 0
18878 0
18928 0
19159 0
19203 0
19884 0
20048 0
20107 0
20254 0
21036 0
21180 0
21481 0
21585 0
21859 0
21884 0
21950 0
22065 0
22407 0
22408 0
22526 0
22628 0
22654 0
22861 0
22901 0
23214 0
23292 0
23520 0
23801 0
24070 0
24120 0
24158 0
24279 0
24676 0
24783 0
25075 0
25128 0
25815 0
25885 0
26150 0
26185 0
26427 0
26461 0
26462 0
26574 0
26808 0
26834 0
27229 0
27246 0
27391 0
27605 0
27628 0
27825 0
27974 0
28046 0
28241 0
28344 0
28383 0
28545 0
28792 0
29004 0
29435 0
29544 0
29883 0
29997 0
30050 0
30095 0
30209 0
30277 0
30694 0
31181 0
31276 0
31289 0
31481 0
31517 0
31987 0
32157 0
32317 0
33117 0
33367 0
33659 0
33813 0
34260 0
34428 0
34478 0
34510 0
34562 0
34851 0
35540 0
35584 0
35594 0
36079 0
36101 0
36371 0
36412 0
36423 0
36474 0
36573 0
36627 0
36797 0
36862 0
37556 0
37565 0
37594 0
37644 0
38082 0
38118 0
38234 0
38255 0
38388 0
38473 0
38545 0
38607 0
38633 0
38839 0
39137 0
39505 0
39548 0
39579 0
40123 0
40349 0
40938 0
41047 0
41214 0
41216 0
41249 0
41510 0
41754 0
41759 0
41797 0
42136 0
42359 0
42383 0
42612 0
42714 0
42808 0
42976 0
43292 0
43356 0
43642 0
43938 0
43957 0
44175 0
44535 0
44637 0
44824 0
45143 0
45187 0
45357 0
45405 0
45586 0
45657 0
45816 0
46401 0
46781 0
47133 0
47335 0
47421 0
47875 0
48201 0
48599 0
48635 0
48655 0
48743 0
49236 0
49273 0
49320 0
49435 0
49439 0
49446 0
49607 0
49789 0
49791 0
50279 0
50568 0
50676 0
50694 0
50740 0
50844 0
50984 0
51053 0
51250 0
51782 0
51835 0
51940 0
52128 0
52241 0
52340 0
52639 0
52756 0
52759 0
53237 0
53244 0
53253 0
53418 0
53687 0
53697 0
53857 0
54448 0
54735 0
54803 0
54928 0
54993 0
55009 0
55056 0
55157 0
55309 0
55313 0
55397 0
55427 0
55473 0
56552 0
56949 0
57010 0
57343 0
57626 0
57732 0
57764 0
57847 0
57916 0
58076 0
58084 0
58228 0
58255 0
58295 0
58659 0
58790 0
58861 0
58874 0
58885 0
58970 0
59062 0
59066 0
59190 0
59511 0
59664 0
60065 0
60141 0
60212 0
60269 0
60558 0
60727 0
61513 0
61730 0
61774 0
61970 0
61973 0
62119 0
62150 0
62336 0
62400 0
62820 0
62884 0
62916 0
63134 0
63151 0
63294 0
63344 0
63657 0
64028 0
64503 0
64707 0
64837 0
65174 0
65559 0
65681 0
66524 0
67614 0
67780 0
68260 0
68293 0
68318 0
68325 0
68743 0
69187 0
69427 0
69470 0
69776 0
69791 0
69945 0
70237 0
70256 0
70518 0
70667 0
70678 0
70742 0
70861 0
70900 0
71019 0
71170 0
71193 0
71236 0
71318 0
71684 0
72016 0
72038 0
73229 0
73331 0
73362 0
73582 0
73682 0
73886 0
74075 0
74365 0
74449 0
74584 0
74621 0
75350 0
75376 0
75455 0
75506 0
75670 0
75824 0
75971 0
76043 0
76395 0
76397 0
76704 0
76752 0
76874 0
76989 0
77087 0
77171 0
77315 0
77500 0
77940 0
78262 0
78359 0
78426 0
78482 0
78533 0
78707 0
79171 0
79376 0
79465 0
79880 0
80242 0
81208 0
81501 0
81816 0
82449 0
82664 0
82681 0
82734 0
82818 0
83115 0
83291 0
83480 0
83794 0
83966 0
84250 0
84313 0
84369 0
84469 0
84762 0
84907 0
85097 0
85395 0
85594 0
85756 0
86131 0
86179 0
86218 0
86393 0
86528 0
86929 0
86989 0
87005 0
87470 0
88230 0
88238 0
88547 0
88645 0
88788 0
89009 0
89049 0
89177 0
89459 0
89468 0
89525 0
89915 0
89935 0
90531 0
90662 0
91836 0
92074 0
92349 0
92433 0
92481 0
93143 0
93234 0
93275 0
93347 0
93666 0
94103 0
94336 0
94397 0
94595 0
94628 0
94702 0
95245 0
95249 0
95282 0
95286 0
95685 0
95791 0
96096 0
96293 0
96456 0
96548 0
96802 0
96823 0
97131 0
98286 0
98717 0
99351 0
99578 0
