c This is a uniform distributed  1-D DIMACS file 
c width height point_number
p 100000 100000 512
153 0
271 0
702 0
919 0
1457 0
2004 0
2100 0
2247 0
2369 0
2608 0
2637 0
2688 0
2707 0
2779 0
2862 0
3051 0
3221 0
3399 0
3501 0
3690 0
3759 0
3822 0
3869 0
4107 0
4691 0
4789 0
4830 0
4865 0
4927 0
4997 0
5069 0
5128 0
5500 0
5617 0
5652 0
5850 0
6132 0
6328 0
6448 0
6456 0
6531 0
6612 0
6699 0
6799 0
6878 0
6885 0
7154 0
7227 0
7263 0
7319 0
7657 0
7750 0
7811 0
7911 0
7916 0
7955 0
7965 0
8351 0
8451 0
8632 0
8769 0
9204 0
9237 0
9360 0
9704 0
9870 0
9958 0
9962 0
10097 0
10345 0
11097 0
11186 0
11381 0
11449 0
11629 0
11666 0
11754 0
11821 0
12201 0
12479 0
13108 0
13768 0
14061 0
14065 0
14093 0
14414 0
14739 0
14985 0
15109 0
15125 0
15276 0
15439 0
16099 0
16263 0
16348 0
16488 0
16813 0
16848 0
17215 0
17291 0
17379 0
17430 0
17566 0
17606 0
17655 0
17660 0
17811 0
17913 0
18155 0
18162 0
18778 0
18978 0
19374 0
19407 0
19478 0
19609 0
19773 0
20803 0
21233 0
21244 0
21282 0
21296 0
21597 0
21614 0
21946 0
22017 0
22126 0
22222 0
22840 0
23304 0
23305 0
23451 0
24063 0
24128 0
24337 0
24549 0
24575 0
24790 0
24952 0
25212 0
25280 0
25391 0
25569 0
26220 0
26429 0
26569 0
26963 0
27192 0
27475 0
27633 0
27636 0
27878 0
28128 0
28465 0
29234 0
29289 0
29295 0
29399 0
29450 0
29617 0
29636 0
29733 0
29853 0
29883 0
30108 0
30289 0
30704 0
31032 0
31060 0
31539 0
31746 0
32128 0
32307 0
32356 0
32358 0
32889 0
33273 0
33477 0
33498 0
33618 0
33638 0
33858 0
34574 0
34720 0
34732 0
35124 0
35454 0
35831 0
36064 0
36358 0
36377 0
37451 0
37589 0
37628 0
37778 0
38529 0
38793 0
39472 0
39473 0
39906 0
39942 0
40476 0
40569 0
40572 0
40806 0
40867 0
40935 0
40958 0
41046 0
41066 0
41075 0
41522 0
41796 0
41809 0
41869 0
41962 0
42202 0
42206 0
42225 0
42322 0
42448 0
42572 0
43202 0
43251 0
43330 0
43443 0
43528 0
43608 0
44199 0
44209 0
44317 0
44798 0
45008 0
45109 0
45483 0
45763 0
45883 0
46456 0
46546 0
46709 0
46775 0
46807 0
46835 0
46902 0
46936 0
47203 0
47339 0
47456 0
48449 0
48693 0
48759 0
48815 0
48827 0
48883 0
48970 0
49472 0
49681 0
49896 0
50058 0
50063 0
50378 0
50456 0
50627 0
50786 0
50866 0
51139 0
51168 0
51225 0
51264 0
51871 0
52462 0
52509 0
52517 0
52628 0
52954 0
53127 0
53376 0
53655 0
54466 0
54575 0
54655 0
54799 0
54817 0
54861 0
55081 0
55303 0
55388 0
55905 0
56183 0
56289 0
56294 0
56721 0
57001 0
57275 0
57305 0
57684 0
57767 0
57813 0
58010 0
58182 0
58249 0
58957 0
59115 0
59119 0
59408 0
59492 0
59873 0
60123 0
60129 0
61370 0
61459 0
61812 0
61852 0
62315 0
62543 0
62802 0
62828 0
62887 0
62998 0
63015 0
63115 0
63297 0
63406 0
63615 0
63698 0
63902 0
63938 0
64141 0
64174 0
65000 0
65049 0
65162 0
65442 0
65447 0
65788 0
65833 0
65842 0
65925 0
65978 0
66006 0
66222 0
66286 0
66493 0
67429 0
67819 0
67906 0
68477 0
68577 0
68755 0
68855 0
69092 0
69224 0
69319 0
69448 0
69658 0
69874 0
69998 0
70267 0
70663 0
71077 0
71202 0
71221 0
71338 0
71357 0
71441 0
71997 0
72331 0
72910 0
73134 0
73434 0
73686 0
73803 0
74015 0
74136 0
74361 0
74657 0
74670 0
74789 0
74846 0
75643 0
75823 0
75829 0
75909 0
76054 0
76250 0
76299 0
76400 0
76544 0
76641 0
76923 0
77017 0
77133 0
77295 0
77318 0
77489 0
77736 0
77821 0
77923 0
78800 0
78976 0
79012 0
79035 0
79100 0
79167 0
79372 0
79473 0
79515 0
79713 0
80100 0
80119 0
80550 0
80652 0
80681 0
80831 0
80841 0
80998 0
81244 0
81392 0
81436 0
81522 0
81573 0
81823 0
81979 0
82164 0
82170 0
82351 0
82576 0
82745 0
82801 0
83044 0
83064 0
83415 0
83570 0
83615 0
83816 0
84741 0
84890 0
84923 0
84993 0
85388 0
85424 0
86003 0
86186 0
86551 0
86616 0
86838 0
87262 0
87285 0
87333 0
87513 0
87609 0
87688 0
88047 0
88258 0
88612 0
89021 0
89290 0
89355 0
89850 0
89975 0
90101 0
90656 0
90682 0
90696 0
91584 0
91800 0
91877 0
92165 0
92688 0
92703 0
92831 0
92933 0
92937 0
93114 0
93297 0
93342 0
93516 0
93698 0
93794 0
93828 0
93940 0
94530 0
95074 0
95089 0
95506 0
95581 0
95717 0
95767 0
96329 0
96584 0
96634 0
96707 0
97103 0
97362 0
97407 0
97500 0
97583 0
98033 0
98193 0
98223 0
98474 0
98510 0
98811 0
98860 0
99152 0
99270 0
99483 0
99550 0
99714 0
99810 0
99854 0
99923 0
