c This is a uniform distributed  1-D DIMACS file 
c width height point_number
p 100000 100000 512
252 0
860 0
1380 0
1520 0
1568 0
2118 0
2253 0
2332 0
2373 0
2632 0
2693 0
2734 0
2766 0
2822 0
3149 0
3367 0
3556 0
4123 0
4488 0
4715 0
4785 0
4998 0
5056 0
5084 0
5527 0
5798 0
5831 0
5861 0
5907 0
6064 0
6235 0
6466 0
6573 0
6725 0
6801 0
6913 0
7062 0
7244 0
7288 0
7360 0
8089 0
8110 0
8255 0
8270 0
8618 0
8711 0
8981 0
9090 0
9111 0
9145 0
9421 0
9653 0
9840 0
9915 0
10298 0
10365 0
10694 0
10710 0
10777 0
11058 0
11185 0
11483 0
11645 0
11991 0
12234 0
12764 0
12768 0
12953 0
12977 0
13196 0
13436 0
13686 0
13854 0
14049 0
14086 0
14103 0
14152 0
14179 0
14462 0
14465 0
14864 0
14948 0
15283 0
15535 0
15656 0
15730 0
15763 0
15834 0
16315 0
16510 0
16534 0
16574 0
16774 0
17112 0
17406 0
17767 0
17864 0
18173 0
18185 0
18192 0
18522 0
18667 0
18918 0
19430 0
19480 0
19565 0
19711 0
20129 0
20160 0
20610 0
21179 0
21562 0
21802 0
21893 0
22053 0
22310 0
22436 0
22477 0
22512 0
23146 0
23312 0
23494 0
23788 0
23859 0
23905 0
24150 0
24210 0
24255 0
24259 0
24454 0
24458 0
24641 0
24811 0
24903 0
25068 0
25555 0
25632 0
25772 0
25938 0
26054 0
26120 0
26138 0
26415 0
26448 0
26914 0
27056 0
27563 0
27650 0
27782 0
27917 0
28002 0
28134 0
28275 0
28418 0
28611 0
28629 0
28715 0
29174 0
29294 0
29305 0
29514 0
29580 0
29664 0
29718 0
29821 0
30138 0
30338 0
30406 0
30693 0
30704 0
31054 0
31276 0
31388 0
31581 0
31627 0
31815 0
32440 0
32472 0
32475 0
32576 0
32612 0
32778 0
32868 0
32915 0
33013 0
33367 0
33597 0
33895 0
33918 0
34251 0
34362 0
34397 0
34497 0
34700 0
34722 0
35324 0
35590 0
35697 0
35737 0
36344 0
36391 0
36748 0
36874 0
36881 0
37040 0
37111 0
37199 0
37400 0
37797 0
37852 0
38144 0
38554 0
38809 0
39040 0
39185 0
39362 0
39551 0
39612 0
39786 0
39967 0
39999 0
40240 0
40635 0
40757 0
40933 0
41188 0
41296 0
41499 0
41706 0
42089 0
42491 0
43153 0
43682 0
43951 0
43990 0
44127 0
44277 0
44285 0
44497 0
44578 0
44906 0
44955 0
45024 0
45093 0
45132 0
45167 0
45177 0
45200 0
45754 0
45788 0
45859 0
46072 0
46311 0
46491 0
46706 0
47206 0
47277 0
47338 0
48001 0
48123 0
48313 0
48619 0
48655 0
48748 0
49207 0
49473 0
49967 0
50024 0
50441 0
50481 0
51407 0
51410 0
51760 0
51863 0
51979 0
52077 0
52246 0
52622 0
52678 0
52829 0
53104 0
53117 0
53346 0
53642 0
53798 0
53835 0
53926 0
53942 0
54056 0
54086 0
54758 0
54860 0
54909 0
54911 0
54948 0
54995 0
55115 0
55336 0
55371 0
55394 0
55581 0
55615 0
56337 0
56571 0
56882 0
57399 0
57612 0
58058 0
58271 0
58346 0
58419 0
58542 0
58818 0
59209 0
59226 0
59332 0
59532 0
59811 0
60015 0
60435 0
60537 0
60578 0
60610 0
60750 0
61171 0
61252 0
61509 0
62078 0
62101 0
62121 0
62144 0
62379 0
62530 0
62667 0
63162 0
63244 0
63301 0
63403 0
63747 0
63869 0
63926 0
63938 0
63955 0
64002 0
64095 0
64585 0
64749 0
64878 0
64926 0
65049 0
65086 0
65441 0
65536 0
65621 0
65847 0
66004 0
66089 0
66093 0
66395 0
66581 0
66619 0
66931 0
67164 0
67351 0
67447 0
67460 0
67937 0
68136 0
68448 0
68449 0
68596 0
68669 0
68803 0
68955 0
69485 0
69559 0
69719 0
70403 0
70572 0
70652 0
70739 0
70893 0
70915 0
71403 0
71404 0
71432 0
71528 0
71635 0
72008 0
72051 0
72245 0
72248 0
72352 0
72729 0
72854 0
73011 0
73199 0
73452 0
73664 0
73709 0
73833 0
74176 0
74693 0
74738 0
74895 0
75048 0
75075 0
75345 0
75678 0
76070 0
76331 0
77090 0
77969 0
79533 0
79555 0
79609 0
79950 0
80283 0
80455 0
80582 0
80698 0
81054 0
81381 0
81917 0
82183 0
82948 0
82980 0
83284 0
83362 0
83559 0
83678 0
83843 0
84003 0
84005 0
84182 0
84316 0
84464 0
84515 0
84934 0
84951 0
85468 0
85796 0
86020 0
86051 0
86084 0
86554 0
86763 0
86920 0
87020 0
87090 0
87322 0
87501 0
87678 0
88719 0
88993 0
89171 0
89387 0
89493 0
89836 0
89955 0
90258 0
90346 0
90366 0
90752 0
90961 0
91025 0
91069 0
91078 0
91123 0
91130 0
91423 0
91943 0
92143 0
92480 0
92496 0
92525 0
92910 0
92989 0
93263 0
93270 0
93385 0
93444 0
93674 0
93931 0
93933 0
94339 0
94348 0
94523 0
94715 0
95078 0
95149 0
95159 0
95536 0
95586 0
95874 0
96203 0
96205 0
96243 0
96427 0
96713 0
97241 0
97643 0
98082 0
98249 0
98324 0
98709 0
98877 0
98904 0
98989 0
99599 0
99670 0
99681 0
