c This is a uniform distributed  1-D DIMACS file 
c width height point_number
p 100000 100000 512
240 0
266 0
571 0
682 0
1106 0
1315 0
1465 0
1667 0
1806 0
2023 0
2421 0
2435 0
2578 0
2997 0
3199 0
3201 0
3209 0
3443 0
3517 0
3654 0
3913 0
4045 0
4109 0
4207 0
4320 0
4422 0
4500 0
4674 0
4896 0
5096 0
5117 0
5149 0
5314 0
5474 0
5731 0
5735 0
5759 0
6153 0
6295 0
6510 0
6696 0
6746 0
6814 0
7033 0
7096 0
7123 0
7247 0
7332 0
7416 0
7761 0
8026 0
8169 0
8560 0
8891 0
9257 0
9512 0
9705 0
9721 0
9728 0
9979 0
10078 0
10551 0
10623 0
10654 0
11562 0
11858 0
12223 0
12293 0
12299 0
12332 0
12526 0
12532 0
13469 0
14412 0
14775 0
14793 0
14883 0
14903 0
15170 0
15345 0
15417 0
15541 0
15608 0
15656 0
16204 0
16217 0
16424 0
16434 0
16608 0
16740 0
16922 0
17027 0
17512 0
18095 0
18465 0
18638 0
18649 0
18699 0
19459 0
19499 0
19646 0
19657 0
20059 0
20135 0
20181 0
20274 0
20492 0
20886 0
21004 0
21013 0
21090 0
21343 0
21367 0
21392 0
21922 0
22006 0
22026 0
22107 0
22153 0
22533 0
22673 0
22913 0
23205 0
23552 0
23695 0
23786 0
23857 0
23923 0
24342 0
24354 0
24430 0
24464 0
24467 0
24994 0
25251 0
25430 0
25672 0
27090 0
27625 0
27755 0
28074 0
28109 0
28176 0
28255 0
28474 0
28477 0
28530 0
28608 0
28793 0
28848 0
28918 0
28935 0
28989 0
29250 0
29280 0
29728 0
29928 0
30008 0
30369 0
30617 0
30926 0
31386 0
31447 0
31584 0
31944 0
32285 0
32451 0
32542 0
33765 0
33914 0
34265 0
34602 0
34674 0
34822 0
34985 0
34988 0
35072 0
35416 0
35590 0
35898 0
36127 0
36189 0
36340 0
36354 0
36603 0
36797 0
37372 0
37476 0
37659 0
38081 0
38704 0
38708 0
39169 0
39172 0
39377 0
39501 0
39607 0
39728 0
39733 0
39877 0
39895 0
40274 0
40353 0
41210 0
41479 0
42176 0
42254 0
42264 0
42453 0
42661 0
43005 0
43151 0
43655 0
43692 0
43915 0
44305 0
44462 0
44502 0
44646 0
44875 0
44958 0
45052 0
45072 0
45452 0
45549 0
45597 0
45636 0
45680 0
45716 0
45891 0
45998 0
46023 0
46090 0
46337 0
46384 0
46451 0
46576 0
46669 0
47282 0
47323 0
47618 0
47661 0
47717 0
47777 0
47832 0
48090 0
48164 0
48554 0
49322 0
49846 0
50650 0
51007 0
51243 0
51388 0
51752 0
52198 0
52354 0
52602 0
52630 0
52698 0
52820 0
52975 0
53188 0
53256 0
53419 0
53479 0
53489 0
53534 0
53810 0
54241 0
54864 0
54890 0
54926 0
55009 0
55291 0
55613 0
55793 0
55845 0
56062 0
56206 0
56332 0
56353 0
56921 0
57048 0
57068 0
57636 0
57641 0
57810 0
57812 0
57964 0
57986 0
58098 0
58194 0
58318 0
58431 0
58529 0
58590 0
58660 0
59026 0
59178 0
59194 0
59243 0
59424 0
59449 0
59782 0
59786 0
59908 0
60373 0
60596 0
60636 0
60694 0
60721 0
60791 0
61025 0
61073 0
61374 0
61747 0
61783 0
62211 0
62310 0
62344 0
62573 0
62586 0
62915 0
63136 0
63206 0
63821 0
64004 0
64200 0
64209 0
64254 0
64376 0
64834 0
64965 0
65197 0
65976 0
67214 0
67347 0
67982 0
68099 0
68165 0
68459 0
68522 0
68746 0
68807 0
68851 0
69127 0
69168 0
69287 0
69689 0
69806 0
70156 0
70187 0
70249 0
70734 0
71167 0
71377 0
71712 0
71880 0
72271 0
72468 0
72711 0
72970 0
73023 0
73074 0
73156 0
73309 0
73532 0
73678 0
73681 0
73797 0
73922 0
73943 0
74411 0
74513 0
74591 0
74731 0
75238 0
75340 0
75637 0
75644 0
75834 0
76024 0
76074 0
76265 0
76536 0
76601 0
76727 0
76905 0
77018 0
77600 0
77605 0
77678 0
77865 0
77927 0
78069 0
78598 0
79249 0
79761 0
80231 0
80462 0
80522 0
80602 0
80676 0
81228 0
81359 0
81614 0
81905 0
82145 0
82268 0
82281 0
82392 0
82474 0
83144 0
83292 0
83320 0
83489 0
83549 0
83684 0
83717 0
83749 0
84050 0
84057 0
84094 0
84218 0
84224 0
84248 0
84395 0
84606 0
85310 0
85546 0
85621 0
85788 0
85970 0
86061 0
86066 0
86237 0
86812 0
86837 0
86892 0
87340 0
87573 0
88181 0
88552 0
88621 0
88678 0
88962 0
89422 0
89516 0
89558 0
89569 0
89828 0
90101 0
90229 0
90655 0
90704 0
90831 0
90835 0
90873 0
91331 0
91667 0
91809 0
91961 0
91971 0
92106 0
92274 0
92402 0
92465 0
92676 0
92795 0
92825 0
92901 0
93034 0
93173 0
93525 0
93734 0
93806 0
93816 0
93888 0
94089 0
94093 0
94251 0
94455 0
94491 0
94532 0
94565 0
94609 0
94742 0
95027 0
95166 0
95223 0
95266 0
95826 0
96299 0
96504 0
96622 0
96694 0
96897 0
97207 0
97280 0
97366 0
97449 0
97525 0
97794 0
98221 0
98604 0
98928 0
99086 0
99135 0
99649 0
99705 0
99908 0
