c This is a uniform distributed  1-D DIMACS file 
c width height point_number
p 100000 100000 512
35 0
78 0
209 0
652 0
1012 0
1318 0
1558 0
1686 0
1897 0
1915 0
1954 0
1978 0
2156 0
2273 0
2291 0
2328 0
2602 0
2782 0
2907 0
3076 0
3201 0
3327 0
3413 0
3427 0
3519 0
3554 0
3683 0
3722 0
3820 0
3899 0
4164 0
5458 0
5773 0
5823 0
5875 0
5927 0
6374 0
6450 0
6674 0
6882 0
7122 0
7252 0
7559 0
7673 0
7817 0
7833 0
8213 0
8406 0
8714 0
9602 0
9804 0
10213 0
10360 0
10560 0
11201 0
11290 0
11421 0
11614 0
11681 0
11711 0
11826 0
11868 0
12078 0
12152 0
12662 0
13493 0
13667 0
14160 0
14187 0
14202 0
14283 0
14396 0
14416 0
14422 0
14725 0
14778 0
14820 0
14939 0
15119 0
15456 0
15706 0
16200 0
16457 0
16666 0
16884 0
16921 0
17243 0
17254 0
17255 0
17467 0
17471 0
17993 0
18097 0
18431 0
18524 0
18643 0
19057 0
19197 0
19426 0
19519 0
19643 0
19833 0
19991 0
20401 0
20575 0
20635 0
20676 0
21059 0
21078 0
21107 0
21365 0
21518 0
21564 0
22261 0
22330 0
22890 0
22971 0
23094 0
23132 0
23327 0
23353 0
23385 0
23430 0
23668 0
23707 0
23789 0
23888 0
24271 0
24737 0
24896 0
25015 0
25031 0
25391 0
25691 0
25815 0
25917 0
25950 0
26131 0
26195 0
26277 0
26427 0
26703 0
26704 0
26763 0
26870 0
26955 0
27526 0
27587 0
27722 0
27989 0
28267 0
28283 0
28297 0
28940 0
29304 0
29393 0
29407 0
29457 0
29560 0
29634 0
29927 0
30336 0
30598 0
30913 0
30984 0
31317 0
31457 0
31643 0
31870 0
32024 0
32105 0
32389 0
32444 0
32622 0
32951 0
33944 0
33985 0
34109 0
34136 0
34263 0
34299 0
34422 0
34951 0
35036 0
35063 0
35164 0
35179 0
35420 0
35570 0
35591 0
35858 0
36132 0
37122 0
37353 0
37591 0
37663 0
37767 0
37975 0
38123 0
38159 0
38248 0
38296 0
38915 0
39650 0
39720 0
39991 0
40223 0
40370 0
40628 0
40715 0
40730 0
40846 0
41060 0
41379 0
41692 0
41967 0
42002 0
42008 0
42035 0
42281 0
42391 0
42813 0
42917 0
42943 0
43518 0
43864 0
43977 0
44359 0
44566 0
44726 0
45025 0
45232 0
45297 0
45351 0
45446 0
45493 0
45647 0
45650 0
46029 0
46133 0
46456 0
46608 0
46620 0
46831 0
46985 0
47166 0
47527 0
47734 0
47781 0
47923 0
47937 0
48048 0
48544 0
48758 0
48902 0
48980 0
49073 0
49074 0
49512 0
49619 0
49785 0
49794 0
49956 0
50165 0
50242 0
50273 0
50691 0
50913 0
50953 0
51061 0
51420 0
51632 0
51781 0
52037 0
52353 0
52367 0
52527 0
52572 0
52614 0
52648 0
52773 0
52879 0
53151 0
53326 0
54704 0
54725 0
54839 0
55370 0
55731 0
56278 0
56491 0
56616 0
56725 0
56797 0
57364 0
57642 0
57982 0
58189 0
58239 0
58264 0
58603 0
59020 0
59199 0
59347 0
59503 0
59560 0
59580 0
59847 0
59986 0
60070 0
60156 0
60265 0
60330 0
60343 0
60416 0
61354 0
61365 0
61408 0
61451 0
61844 0
61852 0
61878 0
62094 0
62335 0
62350 0
62987 0
63159 0
63584 0
63728 0
63905 0
63999 0
64310 0
64444 0
64771 0
65042 0
65445 0
65816 0
66187 0
66718 0
66985 0
67113 0
67117 0
67121 0
67273 0
67448 0
67493 0
67590 0
67811 0
67962 0
68714 0
68793 0
69700 0
69733 0
70481 0
70562 0
70697 0
70756 0
70998 0
71034 0
71083 0
71298 0
71359 0
71486 0
71694 0
72170 0
72246 0
72300 0
72319 0
72534 0
72649 0
73152 0
73415 0
73818 0
73985 0
74410 0
74852 0
75199 0
75207 0
75319 0
75476 0
75556 0
75629 0
75777 0
76149 0
76255 0
76382 0
76793 0
76926 0
77015 0
77238 0
77317 0
77399 0
77621 0
78126 0
78539 0
78602 0
79302 0
79348 0
79379 0
79413 0
79528 0
79555 0
79586 0
79658 0
79739 0
79843 0
80157 0
80266 0
80363 0
80624 0
80769 0
80948 0
81066 0
81081 0
81188 0
81229 0
81271 0
81550 0
81640 0
81667 0
81749 0
82028 0
83006 0
83153 0
83365 0
83530 0
83539 0
83794 0
83990 0
84046 0
84125 0
84391 0
84584 0
84858 0
84944 0
85297 0
85377 0
85915 0
86147 0
86358 0
86593 0
86906 0
87020 0
87066 0
87101 0
87134 0
87155 0
87296 0
87474 0
87496 0
87641 0
87681 0
88336 0
88401 0
88536 0
88688 0
88943 0
88956 0
89192 0
89198 0
89423 0
89550 0
89665 0
89673 0
90086 0
90311 0
90392 0
90633 0
91016 0
91148 0
91386 0
91395 0
91582 0
91602 0
91798 0
92550 0
92655 0
92686 0
93091 0
94227 0
94599 0
94803 0
94923 0
95150 0
95153 0
95278 0
95388 0
95443 0
95483 0
95573 0
95609 0
95650 0
95726 0
95812 0
95950 0
96667 0
96772 0
96797 0
97555 0
97798 0
97923 0
98072 0
98109 0
98390 0
98724 0
99041 0
99481 0
99805 0
99815 0
99828 0
99926 0
99951 0
