c This is a uniform distributed  1-D DIMACS file 
c width height point_number
p 100000 100000 512
377 0
525 0
1125 0
1151 0
1228 0
1286 0
1676 0
1969 0
1972 0
2185 0
2258 0
2383 0
2687 0
2751 0
2810 0
2823 0
3029 0
3175 0
3257 0
3483 0
3485 0
3609 0
3678 0
3883 0
3887 0
4088 0
4108 0
4291 0
4597 0
5445 0
5611 0
6595 0
6705 0
7316 0
7597 0
7839 0
8021 0
8342 0
8457 0
8621 0
8930 0
9152 0
9950 0
9951 0
10056 0
10091 0
10195 0
10356 0
10405 0
10605 0
10608 0
10874 0
10981 0
11324 0
11347 0
11453 0
11965 0
12617 0
12790 0
13080 0
13105 0
13846 0
14088 0
14651 0
14709 0
14793 0
14801 0
15009 0
15079 0
15147 0
15242 0
15400 0
15454 0
15468 0
15545 0
15559 0
15783 0
16099 0
16150 0
16170 0
16361 0
16492 0
17027 0
17184 0
17378 0
17505 0
17652 0
17688 0
17747 0
17950 0
18254 0
18357 0
18862 0
19006 0
19334 0
19466 0
20007 0
20159 0
20328 0
20454 0
20617 0
20772 0
21079 0
21433 0
21638 0
21843 0
21980 0
22378 0
22608 0
22648 0
22895 0
22980 0
22982 0
23201 0
23474 0
23599 0
23649 0
23770 0
23959 0
24086 0
24659 0
24685 0
24815 0
24976 0
25118 0
25278 0
25585 0
25685 0
25857 0
26753 0
26848 0
26866 0
26903 0
28186 0
28305 0
28435 0
28792 0
28911 0
28970 0
29036 0
29108 0
29153 0
29279 0
29334 0
29728 0
29734 0
30054 0
30215 0
30443 0
30456 0
30483 0
30891 0
31075 0
31467 0
32166 0
32171 0
32237 0
32458 0
32484 0
32658 0
32662 0
33543 0
33572 0
33580 0
33778 0
34093 0
34119 0
34767 0
35093 0
35344 0
35461 0
35947 0
36717 0
36731 0
37195 0
37493 0
37679 0
37947 0
37959 0
37981 0
38113 0
38182 0
38211 0
38436 0
38566 0
38570 0
39012 0
39122 0
39152 0
39323 0
39599 0
39779 0
39780 0
40327 0
40342 0
40467 0
40468 0
40562 0
41287 0
41323 0
41326 0
41509 0
42285 0
42343 0
42694 0
42698 0
42733 0
43052 0
43468 0
43496 0
43499 0
43517 0
43904 0
43969 0
44125 0
45058 0
45082 0
45223 0
45247 0
45262 0
45270 0
45489 0
45498 0
45671 0
45887 0
45995 0
46032 0
46680 0
46734 0
46869 0
47142 0
47331 0
47438 0
47542 0
47546 0
47603 0
48147 0
48284 0
48287 0
48517 0
49085 0
49197 0
49638 0
49928 0
50082 0
50254 0
50284 0
50349 0
50741 0
51323 0
51460 0
51525 0
51774 0
51819 0
51862 0
51903 0
52042 0
52518 0
52623 0
52929 0
53537 0
53945 0
54116 0
54569 0
54620 0
55510 0
55623 0
55648 0
55682 0
55866 0
55989 0
56025 0
56124 0
56277 0
56424 0
56654 0
56690 0
56731 0
56853 0
57485 0
57578 0
57959 0
57983 0
58306 0
58400 0
58441 0
59088 0
59306 0
59436 0
59437 0
59754 0
59882 0
59917 0
60178 0
60470 0
60510 0
60827 0
61141 0
61375 0
61982 0
62026 0
62102 0
62271 0
62335 0
62830 0
62888 0
62967 0
62978 0
62990 0
63313 0
63419 0
63420 0
63483 0
63575 0
63675 0
63873 0
63947 0
64090 0
64169 0
64427 0
64473 0
64716 0
64821 0
65022 0
65041 0
65067 0
65466 0
65650 0
65677 0
65690 0
65780 0
65895 0
65949 0
65956 0
65970 0
66226 0
66228 0
66518 0
66610 0
66889 0
66949 0
67290 0
67485 0
67547 0
67699 0
67939 0
68073 0
68290 0
68694 0
68757 0
68815 0
69217 0
69339 0
69418 0
69499 0
69634 0
69778 0
69786 0
69834 0
69875 0
69937 0
70114 0
70392 0
70693 0
70843 0
70851 0
70860 0
70863 0
70872 0
71038 0
71267 0
71329 0
71407 0
71807 0
71926 0
72443 0
72472 0
72723 0
72899 0
73113 0
73377 0
73617 0
74101 0
74102 0
74169 0
74182 0
74452 0
74751 0
75142 0
75342 0
75383 0
75662 0
75744 0
75862 0
76009 0
76140 0
76272 0
76404 0
76488 0
76682 0
76783 0
77218 0
77618 0
77710 0
77828 0
77962 0
78552 0
78633 0
78831 0
78857 0
78991 0
79126 0
79171 0
79507 0
79775 0
79782 0
80002 0
80633 0
80943 0
81365 0
81501 0
81539 0
81541 0
81581 0
81852 0
81942 0
82245 0
82724 0
82804 0
82866 0
83429 0
83723 0
83762 0
83905 0
83991 0
84095 0
84439 0
84570 0
84700 0
85048 0
85520 0
85537 0
85999 0
86512 0
86747 0
86793 0
86967 0
87041 0
87044 0
87389 0
88107 0
88256 0
88297 0
88366 0
88433 0
88780 0
88862 0
89020 0
89089 0
89113 0
89260 0
89262 0
89433 0
89565 0
89899 0
90103 0
90191 0
90562 0
90601 0
90656 0
90818 0
90891 0
90925 0
91157 0
91242 0
91554 0
91981 0
92613 0
93706 0
93751 0
93943 0
94245 0
94315 0
94488 0
94645 0
94664 0
94723 0
94866 0
94894 0
95070 0
95257 0
96146 0
96263 0
96682 0
96718 0
96974 0
97695 0
97777 0
98035 0
98234 0
98296 0
99107 0
99168 0
99194 0
99411 0
99428 0
99475 0
99476 0
99495 0
99559 0
99568 0
99610 0
