c This is a uniform distributed  1-D DIMACS file 
c width height point_number
p 100000 100000 512
376 0
448 0
1623 0
1711 0
2060 0
2185 0
2224 0
2382 0
2478 0
2554 0
2745 0
2922 0
4235 0
4452 0
4861 0
5028 0
5901 0
6151 0
7452 0
7584 0
7857 0
8147 0
8165 0
8448 0
8688 0
8808 0
8849 0
9212 0
9431 0
9469 0
9723 0
9761 0
10459 0
10826 0
10843 0
11080 0
11982 0
12101 0
12283 0
12294 0
12920 0
12931 0
12983 0
13115 0
13147 0
13158 0
13641 0
13840 0
13887 0
14175 0
14436 0
14564 0
14594 0
14671 0
14719 0
14889 0
14956 0
15743 0
16189 0
16362 0
16456 0
16711 0
16779 0
16873 0
16966 0
17286 0
17298 0
17437 0
17519 0
17729 0
18256 0
18368 0
18385 0
18470 0
18491 0
18615 0
18798 0
18832 0
19214 0
19756 0
19818 0
19847 0
20179 0
20183 0
20303 0
20389 0
20395 0
20397 0
20726 0
20732 0
21209 0
21226 0
21235 0
21345 0
21354 0
21550 0
21586 0
21696 0
21760 0
22274 0
22300 0
22645 0
22685 0
22790 0
22854 0
22902 0
22978 0
23005 0
23136 0
23215 0
23319 0
23466 0
23510 0
23621 0
23800 0
23984 0
24107 0
24137 0
24434 0
24872 0
24888 0
24915 0
24982 0
25265 0
25307 0
25324 0
25435 0
25438 0
25747 0
25757 0
25798 0
25805 0
26387 0
26487 0
26580 0
26633 0
26763 0
26859 0
26971 0
27045 0
27843 0
28745 0
29196 0
29313 0
29750 0
29899 0
30190 0
30230 0
30300 0
30465 0
30528 0
30749 0
30791 0
31298 0
31392 0
31418 0
31544 0
31639 0
31854 0
31979 0
32018 0
32507 0
32651 0
32722 0
32986 0
33196 0
34258 0
34285 0
34572 0
34684 0
34963 0
35022 0
35057 0
35254 0
35311 0
35755 0
35792 0
36484 0
36524 0
37002 0
37025 0
37205 0
37223 0
37314 0
37370 0
37667 0
37707 0
37788 0
37867 0
38733 0
38846 0
39078 0
39102 0
39401 0
39703 0
39722 0
40023 0
40125 0
40270 0
40634 0
40755 0
40837 0
41583 0
41748 0
42441 0
42586 0
42640 0
42644 0
42789 0
42893 0
42942 0
43240 0
43341 0
43355 0
43426 0
43431 0
43433 0
44090 0
44096 0
44213 0
44333 0
44561 0
44655 0
44693 0
44709 0
44760 0
44787 0
44907 0
45140 0
45147 0
45252 0
45343 0
45527 0
46371 0
46445 0
46490 0
46558 0
46833 0
46878 0
47092 0
47758 0
48108 0
48235 0
48679 0
49072 0
49366 0
49377 0
49647 0
49916 0
49945 0
50070 0
50255 0
50343 0
50377 0
50499 0
50536 0
50688 0
51041 0
51211 0
51219 0
51482 0
51599 0
51884 0
51925 0
52049 0
52202 0
53092 0
53111 0
53294 0
53344 0
53464 0
53611 0
53750 0
53889 0
54109 0
54531 0
54605 0
55322 0
55422 0
55597 0
55731 0
55809 0
55919 0
56132 0
56808 0
56851 0
56939 0
57176 0
57308 0
57461 0
57533 0
57654 0
57867 0
58543 0
58737 0
58890 0
58941 0
59467 0
59618 0
59737 0
60148 0
60173 0
60474 0
60544 0
60689 0
60802 0
60945 0
61247 0
61629 0
61752 0
62305 0
62524 0
62769 0
62838 0
62947 0
63667 0
63845 0
64272 0
64325 0
64607 0
64964 0
65211 0
65512 0
65563 0
65677 0
66160 0
66170 0
66202 0
66253 0
66400 0
66638 0
66734 0
66828 0
66878 0
67493 0
67853 0
67881 0
68025 0
68524 0
68823 0
69360 0
69512 0
69573 0
69737 0
69858 0
69980 0
70006 0
70113 0
70337 0
70359 0
70374 0
70845 0
70906 0
71065 0
71312 0
71389 0
73359 0
73394 0
73447 0
73779 0
73912 0
74173 0
74176 0
74535 0
74571 0
74605 0
74726 0
74732 0
74987 0
76337 0
76471 0
76581 0
76778 0
76981 0
77054 0
77243 0
77562 0
77698 0
77937 0
78098 0
78153 0
78167 0
78430 0
78435 0
78635 0
78912 0
79161 0
79213 0
79856 0
80310 0
80350 0
80385 0
80433 0
80694 0
80707 0
80767 0
80821 0
80945 0
81018 0
81227 0
81233 0
81409 0
81579 0
81666 0
81994 0
82005 0
82039 0
82195 0
82251 0
82470 0
82475 0
82517 0
82575 0
82773 0
82883 0
83090 0
83299 0
83653 0
83802 0
84497 0
84993 0
85229 0
85649 0
85763 0
85776 0
85858 0
86012 0
86358 0
86674 0
86844 0
86898 0
87019 0
87080 0
87166 0
87184 0
87449 0
87743 0
88301 0
88334 0
88421 0
88645 0
88867 0
88992 0
89012 0
89203 0
89223 0
89584 0
89847 0
90135 0
90269 0
90331 0
90415 0
90511 0
90513 0
90569 0
90588 0
90819 0
90991 0
90996 0
91016 0
91063 0
91097 0
91183 0
91501 0
91582 0
91945 0
91988 0
91998 0
92023 0
92160 0
92346 0
92501 0
92549 0
92573 0
92670 0
92766 0
92925 0
92952 0
92957 0
93362 0
93614 0
93664 0
93965 0
94010 0
94052 0
94279 0
94300 0
94365 0
94473 0
94590 0
94792 0
95374 0
96098 0
96443 0
96519 0
96732 0
96968 0
97215 0
97468 0
98108 0
98353 0
98388 0
98464 0
98515 0
98549 0
99111 0
99338 0
99382 0
99396 0
99440 0
99546 0
99806 0
