c This is a uniform distributed  1-D DIMACS file 
c width height point_number
p 100000 100000 512
482 0
729 0
1056 0
2170 0
2203 0
2289 0
2479 0
2647 0
2737 0
2946 0
3210 0
3477 0
3490 0
3538 0
3688 0
3782 0
3885 0
4112 0
4130 0
4241 0
5015 0
5079 0
5174 0
5343 0
5357 0
5413 0
5495 0
5652 0
5785 0
5917 0
5945 0
5972 0
6419 0
6825 0
7391 0
7411 0
7422 0
7793 0
7800 0
7832 0
8269 0
8289 0
8405 0
8617 0
8904 0
9206 0
9532 0
9804 0
9843 0
9880 0
10071 0
10482 0
10733 0
10769 0
10826 0
10980 0
11340 0
11531 0
11615 0
11623 0
11907 0
11941 0
11975 0
12579 0
12594 0
12690 0
12717 0
12756 0
12908 0
13215 0
13320 0
13361 0
13467 0
13625 0
13748 0
13849 0
13965 0
14052 0
14150 0
14152 0
14312 0
14582 0
15111 0
15123 0
15346 0
15934 0
16053 0
16081 0
16099 0
16780 0
16837 0
17417 0
17954 0
18134 0
18208 0
18313 0
18562 0
18615 0
18674 0
19214 0
19371 0
19406 0
19421 0
20396 0
20634 0
20687 0
20722 0
20869 0
21011 0
21074 0
21103 0
21175 0
21304 0
21387 0
21443 0
21524 0
21737 0
21982 0
22130 0
22164 0
22446 0
22585 0
22598 0
22698 0
22932 0
22936 0
22992 0
22999 0
23254 0
23404 0
23554 0
23693 0
23743 0
24271 0
24299 0
24599 0
24815 0
24867 0
25315 0
25383 0
25407 0
25419 0
25505 0
25987 0
26463 0
26931 0
26985 0
27494 0
27533 0
27716 0
27866 0
27952 0
28105 0
28146 0
28189 0
28468 0
29726 0
30113 0
30567 0
30606 0
30636 0
30696 0
31153 0
31448 0
31992 0
32464 0
32627 0
33032 0
33097 0
33117 0
33157 0
33315 0
33482 0
33730 0
33906 0
33994 0
34709 0
34818 0
34866 0
34961 0
34975 0
35440 0
35447 0
35499 0
35553 0
35762 0
35983 0
36028 0
36050 0
36146 0
36599 0
36793 0
36805 0
36811 0
36866 0
37126 0
37533 0
38558 0
38721 0
38738 0
39005 0
39023 0
39260 0
39304 0
39347 0
39382 0
39538 0
39624 0
39627 0
39749 0
39900 0
40041 0
40209 0
40242 0
40804 0
40938 0
41043 0
41128 0
41484 0
41897 0
41990 0
42233 0
42540 0
42748 0
42802 0
42924 0
42938 0
43004 0
43070 0
43746 0
43957 0
44453 0
44510 0
44557 0
44570 0
44830 0
45236 0
45297 0
45397 0
45874 0
45898 0
46009 0
46271 0
46472 0
46567 0
46589 0
46680 0
46827 0
46989 0
47100 0
47358 0
47652 0
47899 0
47993 0
48010 0
48038 0
48237 0
48455 0
48637 0
48650 0
48686 0
48760 0
49289 0
49388 0
49851 0
50038 0
50149 0
50160 0
50272 0
50806 0
50809 0
50899 0
51483 0
51519 0
51934 0
52013 0
52659 0
52824 0
53206 0
53488 0
53492 0
53772 0
54325 0
54429 0
54788 0
55291 0
55319 0
55588 0
55754 0
55823 0
55935 0
56144 0
56595 0
56681 0
56768 0
56831 0
56873 0
56875 0
56958 0
56990 0
57303 0
57638 0
57884 0
58123 0
58795 0
59051 0
59079 0
59130 0
59283 0
59476 0
59564 0
59748 0
59757 0
60218 0
60312 0
60503 0
60534 0
60924 0
61060 0
61112 0
61177 0
61241 0
61748 0
61830 0
61954 0
62644 0
62653 0
62761 0
62882 0
62962 0
63077 0
63672 0
63927 0
63949 0
64109 0
64122 0
64431 0
65463 0
65670 0
65694 0
65843 0
66038 0
66058 0
66646 0
67213 0
67224 0
67403 0
67560 0
67597 0
67827 0
68069 0
68727 0
68895 0
69122 0
69305 0
69317 0
69324 0
70155 0
70210 0
70289 0
70459 0
70548 0
70638 0
70958 0
71261 0
71562 0
71830 0
71842 0
71860 0
71895 0
71906 0
71959 0
72155 0
72254 0
72392 0
72667 0
72751 0
73139 0
73141 0
73241 0
73646 0
73873 0
74149 0
74417 0
74650 0
74796 0
75148 0
75218 0
75600 0
75959 0
76260 0
76625 0
76653 0
76789 0
77455 0
77481 0
77669 0
78110 0
78116 0
78200 0
78465 0
78769 0
78837 0
78941 0
79437 0
79603 0
80107 0
81161 0
81274 0
81793 0
81827 0
82036 0
82306 0
82389 0
82447 0
82877 0
83174 0
83276 0
83316 0
83433 0
83597 0
84027 0
84235 0
84687 0
84741 0
84785 0
85111 0
85256 0
85268 0
85359 0
85364 0
85448 0
85879 0
85989 0
86012 0
86013 0
86052 0
86308 0
86331 0
86365 0
86831 0
86876 0
87063 0
87249 0
87834 0
88056 0
88636 0
88697 0
88817 0
89308 0
89385 0
89445 0
90275 0
90321 0
90578 0
90823 0
90948 0
90977 0
91262 0
91560 0
92021 0
92028 0
92094 0
92097 0
92138 0
92151 0
92286 0
92366 0
92633 0
92757 0
93120 0
93169 0
93677 0
93808 0
93827 0
93838 0
93907 0
94439 0
94643 0
94700 0
95175 0
95297 0
95360 0
95431 0
95611 0
95767 0
95936 0
96174 0
96370 0
96455 0
96913 0
96953 0
97047 0
97121 0
97141 0
97224 0
97408 0
97610 0
97684 0
97828 0
97886 0
98117 0
98133 0
98590 0
98692 0
98705 0
98718 0
99290 0
99464 0
99630 0
99882 0
99924 0
