c This is a uniform distributed  1-D DIMACS file 
c width height point_number
p 100000 100000 64
1138 0
5122 0
6851 0
7809 0
8001 0
8548 0
12594 0
13019 0
15128 0
18273 0
20534 0
23578 0
23855 0
24920 0
25635 0
27542 0
27732 0
28405 0
28890 0
30716 0
30758 0
30827 0
31540 0
32590 0
39263 0
40359 0
40823 0
42619 0
42965 0
45028 0
46108 0
47221 0
50677 0
51319 0
52772 0
56281 0
58010 0
58174 0
60034 0
61674 0
62020 0
63386 0
71143 0
72225 0
73601 0
73723 0
75283 0
75317 0
75654 0
77561 0
79922 0
81688 0
85494 0
86794 0
88425 0
89156 0
90082 0
93668 0
95323 0
95950 0
96418 0
96700 0
96716 0
99690 0
