c This is a uniform distributed  1-D DIMACS file 
c width height point_number
p 100000 100000 64
603 0
879 0
4161 0
4693 0
5239 0
5333 0
5933 0
6627 0
7350 0
11072 0
11307 0
17421 0
17680 0
17816 0
17948 0
24893 0
25115 0
25830 0
27540 0
34362 0
35793 0
36394 0
37524 0
39064 0
40905 0
42249 0
43869 0
44308 0
45235 0
45557 0
50939 0
51788 0
52133 0
52270 0
52367 0
52428 0
53452 0
54131 0
54703 0
54960 0
57611 0
57788 0
59037 0
60226 0
62090 0
62903 0
64069 0
65676 0
67784 0
71219 0
75522 0
76013 0
79009 0
83800 0
84269 0
84394 0
87008 0
87539 0
90326 0
90328 0
95062 0
96351 0
96713 0
99664 0
