c This is a uniform distributed  1-D DIMACS file 
c width height point_number
p 100000 100000 64
1296 0
3013 0
4845 0
7482 0
8172 0
10521 0
11134 0
11912 0
13803 0
15004 0
18681 0
20507 0
22811 0
23769 0
24390 0
25572 0
27817 0
30018 0
30814 0
33164 0
35490 0
36155 0
39124 0
39297 0
40204 0
41968 0
42611 0
43507 0
45717 0
45860 0
47754 0
48022 0
52396 0
52498 0
54729 0
58628 0
59752 0
68085 0
68227 0
68679 0
69358 0
74517 0
75144 0
75280 0
77271 0
77535 0
77816 0
79234 0
79614 0
81142 0
81599 0
83465 0
84645 0
86103 0
86205 0
92203 0
92405 0
93753 0
94635 0
95965 0
97005 0
97891 0
98954 0
99820 0
