c This is a uniform distributed  1-D DIMACS file 
c width height point_number
p 100000 100000 64
836 0
5521 0
9908 0
13059 0
14415 0
16010 0
16426 0
16762 0
17544 0
18639 0
20177 0
20464 0
20495 0
23397 0
23933 0
24426 0
25378 0
27729 0
28574 0
28877 0
32656 0
33509 0
33801 0
34751 0
34773 0
35228 0
35684 0
38812 0
40938 0
41235 0
41489 0
41935 0
47315 0
51825 0
56812 0
59466 0
61416 0
61805 0
62322 0
62570 0
62911 0
63516 0
63672 0
65228 0
65492 0
67731 0
68255 0
68719 0
69230 0
69435 0
72799 0
73224 0
73934 0
74023 0
75782 0
76945 0
80641 0
81640 0
85630 0
86408 0
92960 0
94454 0
95670 0
97367 0
