c This is a uniform distributed  1-D DIMACS file 
c width height point_number
p 100000 100000 64
380 0
707 0
4021 0
4977 0
5308 0
6937 0
8011 0
10481 0
10928 0
11162 0
14149 0
16323 0
16566 0
18337 0
19777 0
20252 0
24269 0
24609 0
25420 0
26794 0
27444 0
28508 0
29103 0
33939 0
38196 0
38303 0
40754 0
44795 0
44918 0
44928 0
45377 0
47408 0
47645 0
48702 0
57429 0
57652 0
57975 0
58223 0
60851 0
61854 0
62914 0
63081 0
64520 0
64612 0
68715 0
70462 0
73669 0
73864 0
75335 0
75744 0
79946 0
83985 0
84356 0
86513 0
87417 0
88869 0
90429 0
90770 0
90806 0
90998 0
94668 0
95012 0
96561 0
98437 0
