c This is a uniform distributed  1-D DIMACS file 
c width height point_number
p 100000 100000 64
120 0
5424 0
6201 0
6464 0
8058 0
13616 0
13620 0
16169 0
16257 0
19374 0
23630 0
24276 0
24501 0
27149 0
28841 0
29368 0
29591 0
30015 0
30255 0
32611 0
33951 0
35668 0
37596 0
38511 0
39073 0
39088 0
43740 0
48798 0
54070 0
54385 0
54867 0
55047 0
55702 0
58445 0
58471 0
60212 0
62616 0
63076 0
64079 0
68591 0
70480 0
70966 0
71213 0
71898 0
75714 0
75739 0
76659 0
77469 0
80013 0
80397 0
84295 0
84717 0
85319 0
86418 0
86897 0
86955 0
88464 0
88679 0
91851 0
92061 0
93586 0
93614 0
93927 0
94652 0
