c This is a uniform distributed  1-D DIMACS file 
c width height point_number
p 100000 100000 64
68 0
107 0
206 0
978 0
2446 0
4668 0
5420 0
8224 0
9537 0
10004 0
10396 0
12522 0
19899 0
20957 0
22910 0
24687 0
28553 0
29235 0
31515 0
32094 0
32920 0
34294 0
36824 0
36828 0
37662 0
42355 0
46663 0
48078 0
48095 0
49394 0
49503 0
50741 0
52078 0
52941 0
53342 0
54728 0
57631 0
57879 0
59341 0
63906 0
64983 0
65619 0
66839 0
70834 0
71813 0
74177 0
74327 0
77197 0
79330 0
79824 0
80113 0
80228 0
82442 0
82649 0
82770 0
83217 0
83723 0
96448 0
98551 0
98758 0
99304 0
99616 0
99823 0
99909 0
