c This is a uniform distributed  1-D DIMACS file 
c width height point_number
p 100000 100000 64
3965 0
6186 0
6607 0
8772 0
9485 0
9849 0
10732 0
11322 0
11438 0
12546 0
12619 0
16146 0
22401 0
22734 0
22856 0
24304 0
30032 0
32503 0
33000 0
33029 0
34512 0
34878 0
37504 0
39486 0
40587 0
41179 0
42796 0
43039 0
43534 0
44794 0
47209 0
48119 0
49180 0
51302 0
54164 0
54263 0
55965 0
57949 0
60174 0
61911 0
62490 0
65263 0
66008 0
68988 0
70606 0
71323 0
75763 0
76729 0
78571 0
79193 0
79361 0
80210 0
80230 0
81135 0
82698 0
83222 0
83626 0
86344 0
89447 0
93344 0
95557 0
95883 0
96960 0
99537 0
