c This is a uniform distributed  1-D DIMACS file 
c width height point_number
p 100000 100000 64
95 0
1688 0
2210 0
2855 0
4518 0
7810 0
8038 0
11991 0
13964 0
14483 0
15157 0
15737 0
15817 0
16671 0
17760 0
18437 0
19065 0
19966 0
23683 0
27648 0
28429 0
30064 0
30967 0
30998 0
31785 0
35792 0
35846 0
39511 0
40029 0
41486 0
45212 0
47066 0
48449 0
50227 0
51206 0
51922 0
52037 0
52888 0
57583 0
58883 0
59008 0
61222 0
66225 0
68663 0
68945 0
70746 0
73949 0
76526 0
77190 0
80407 0
80823 0
81551 0
84856 0
85072 0
88761 0
88918 0
89193 0
92024 0
92235 0
92811 0
95331 0
97264 0
98621 0
98782 0
