c This is a uniform distributed  1-D DIMACS file 
c width height point_number
p 100000 100000 64
1711 0
2668 0
3048 0
5055 0
5127 0
5624 0
9605 0
11838 0
12172 0
14398 0
15913 0
18291 0
19446 0
22179 0
22906 0
24396 0
26988 0
27273 0
27324 0
28203 0
32469 0
32554 0
33664 0
34138 0
34935 0
38676 0
38742 0
41294 0
41520 0
41819 0
43786 0
46624 0
48492 0
48917 0
50762 0
54304 0
58070 0
58890 0
60631 0
60903 0
61093 0
62741 0
66447 0
66761 0
68077 0
68719 0
75313 0
77208 0
82064 0
82271 0
84193 0
84415 0
84788 0
86047 0
86589 0
87292 0
87952 0
89161 0
93353 0
95219 0
95585 0
95849 0
98874 0
99655 0
