c This is a uniform distributed  1-D DIMACS file 
c width height point_number
p 100000 100000 64
993 0
1803 0
6971 0
8560 0
10126 0
11213 0
14001 0
15454 0
16596 0
19407 0
19502 0
20099 0
21657 0
22127 0
22638 0
23687 0
29825 0
29836 0
34888 0
36245 0
37576 0
38388 0
41031 0
42651 0
43329 0
44180 0
44219 0
45136 0
48418 0
49660 0
50351 0
50629 0
51103 0
53663 0
53767 0
54060 0
54084 0
55281 0
55367 0
55392 0
57155 0
57396 0
58085 0
59359 0
60580 0
62868 0
70655 0
71837 0
75839 0
77825 0
82524 0
82622 0
85804 0
86235 0
87647 0
88046 0
88406 0
92744 0
96180 0
96283 0
97194 0
97559 0
98141 0
98676 0
