c This is a uniform distributed  1-D DIMACS file 
c width height point_number
p 100000 100000 64
1934 0
3503 0
3689 0
3824 0
5728 0
5960 0
7091 0
7840 0
9124 0
10296 0
11533 0
11591 0
11993 0
13923 0
15204 0
15631 0
15797 0
20691 0
21420 0
22589 0
28385 0
30148 0
30728 0
33278 0
33629 0
35384 0
35796 0
39455 0
41770 0
43741 0
44041 0
47315 0
49596 0
50054 0
50654 0
50924 0
53042 0
54579 0
54616 0
56761 0
59062 0
60508 0
63179 0
66202 0
69140 0
70986 0
73684 0
74964 0
75857 0
78451 0
79990 0
80038 0
80173 0
85405 0
85498 0
87035 0
87584 0
92387 0
93177 0
93293 0
94416 0
94907 0
96235 0
99720 0
