c This is a uniform distributed  1-D DIMACS file 
c width height point_number
p 100000 100000 64
733 0
2780 0
3550 0
4763 0
8799 0
10214 0
12014 0
12781 0
16254 0
20921 0
22264 0
23262 0
23871 0
26774 0
28081 0
28301 0
28334 0
28968 0
30140 0
32403 0
33599 0
34382 0
37089 0
37118 0
38257 0
39374 0
39507 0
40723 0
41209 0
44252 0
44383 0
45977 0
47154 0
47403 0
49014 0
51007 0
52974 0
57007 0
58575 0
59324 0
60960 0
61257 0
63185 0
64354 0
68200 0
74557 0
77112 0
77963 0
80257 0
81864 0
82889 0
83518 0
84012 0
85273 0
85994 0
86434 0
86452 0
88119 0
89072 0
89133 0
89854 0
91195 0
93532 0
95198 0
