c This is a uniform distributed  1-D DIMACS file 
c width height point_number
p 100000 100000 64
1402 0
2876 0
3447 0
5862 0
7833 0
8072 0
8675 0
8677 0
10203 0
13476 0
16825 0
17081 0
17738 0
18752 0
21357 0
21622 0
22354 0
25504 0
26429 0
26503 0
32165 0
32936 0
33382 0
37601 0
38085 0
40244 0
40338 0
41133 0
41920 0
43019 0
43440 0
45860 0
47832 0
48502 0
49643 0
50180 0
50815 0
51458 0
51503 0
53213 0
53455 0
54839 0
58124 0
59349 0
61013 0
67353 0
73935 0
74336 0
76061 0
77410 0
79221 0
81296 0
83607 0
83861 0
84204 0
86126 0
87209 0
88361 0
92826 0
93089 0
93722 0
96140 0
96659 0
96997 0
