c This is a uniform distributed  1-D DIMACS file 
c width height point_number
p 100000 100000 64
1904 0
4346 0
4492 0
8113 0
8228 0
8843 0
9404 0
9476 0
9771 0
10968 0
11184 0
15466 0
17827 0
19891 0
20415 0
22067 0
22469 0
22879 0
23517 0
24762 0
24829 0
25767 0
29465 0
30348 0
32869 0
37893 0
39487 0
40970 0
43220 0
44622 0
45523 0
46580 0
48114 0
51299 0
51321 0
51774 0
52996 0
53586 0
53759 0
55909 0
57173 0
60285 0
62005 0
65478 0
67541 0
69862 0
71279 0
75063 0
76354 0
77004 0
79326 0
82507 0
84443 0
84458 0
85064 0
85919 0
86828 0
88286 0
89740 0
91371 0
92068 0
97159 0
97875 0
98369 0
