c This is a uniform distributed  1-D DIMACS file 
c width height point_number
p 100000 100000 64
2567 0
3916 0
5265 0
6035 0
8337 0
11004 0
12407 0
12774 0
21974 0
22295 0
23776 0
28186 0
29448 0
31463 0
31963 0
34577 0
36583 0
36719 0
37136 0
39907 0
43774 0
44434 0
44807 0
45136 0
46522 0
47054 0
47498 0
50590 0
52387 0
54528 0
55033 0
57113 0
59372 0
59652 0
60535 0
60607 0
63364 0
65580 0
67144 0
67562 0
69452 0
70250 0
71969 0
74281 0
75467 0
77090 0
77263 0
80388 0
80651 0
80865 0
85964 0
87550 0
88268 0
88989 0
89038 0
89950 0
91931 0
92091 0
92635 0
93614 0
94054 0
96147 0
96956 0
98779 0
