c This is a uniform distributed  1-D DIMACS file 
c width height point_number
p 100000 100000 64
10058 0
12238 0
13557 0
14331 0
15029 0
15616 0
17812 0
22678 0
23547 0
25325 0
31026 0
32844 0
33236 0
33635 0
33782 0
34673 0
36795 0
37401 0
38027 0
38203 0
39191 0
43743 0
44193 0
45682 0
47281 0
49480 0
50615 0
51430 0
51704 0
53115 0
54964 0
55463 0
55935 0
56617 0
57356 0
57535 0
57710 0
58267 0
59331 0
60880 0
62585 0
64431 0
65019 0
65099 0
65690 0
66036 0
70476 0
70937 0
74118 0
77621 0
78254 0
80805 0
81892 0
84231 0
84342 0
85206 0
87797 0
89228 0
90457 0
92573 0
95488 0
98379 0
98643 0
99572 0
