c This is a uniform distributed  1-D DIMACS file 
c width height point_number
p 100000 100000 64
1575 0
1712 0
2351 0
2470 0
3599 0
4680 0
5435 0
8430 0
9376 0
10705 0
12522 0
12688 0
13465 0
14066 0
15197 0
18101 0
18861 0
19852 0
22278 0
24158 0
25750 0
30224 0
30470 0
31044 0
31638 0
32542 0
32627 0
33001 0
33139 0
33943 0
34674 0
36556 0
38731 0
39973 0
39986 0
40252 0
43820 0
44421 0
44448 0
44856 0
46336 0
51058 0
54452 0
56819 0
59043 0
59320 0
61866 0
62044 0
70562 0
72241 0
73314 0
73586 0
74746 0
79196 0
79545 0
79615 0
81283 0
83476 0
88272 0
93224 0
94729 0
96422 0
98125 0
99489 0
