c This is a uniform distributed  1-D DIMACS file 
c width height point_number
p 100000 100000 64
2696 0
2851 0
3321 0
3795 0
5200 0
5386 0
6030 0
8158 0
8244 0
8824 0
9166 0
11343 0
17151 0
18322 0
18643 0
24884 0
26667 0
26995 0
28286 0
28488 0
31416 0
32231 0
32289 0
32637 0
33916 0
34088 0
36651 0
42607 0
43809 0
43958 0
44666 0
45084 0
48033 0
48288 0
50894 0
53503 0
55131 0
55697 0
57047 0
57598 0
59689 0
61411 0
62587 0
63809 0
66939 0
68772 0
69215 0
69308 0
70329 0
70925 0
71083 0
73855 0
76291 0
76464 0
78559 0
82701 0
86731 0
88491 0
89573 0
89645 0
91157 0
92637 0
94808 0
96918 0
