c This is a uniform distributed  1-D DIMACS file 
c width height point_number
p 100000 100000 64
4803 0
7213 0
9548 0
9604 0
11587 0
11864 0
12476 0
14254 0
14749 0
17465 0
18047 0
20063 0
21991 0
22305 0
23347 0
25601 0
26289 0
26554 0
26564 0
27871 0
30206 0
32260 0
32617 0
36818 0
37291 0
42728 0
43207 0
45312 0
46271 0
46394 0
51734 0
52595 0
52786 0
54883 0
57494 0
59815 0
63347 0
65047 0
65277 0
67125 0
67680 0
68539 0
69873 0
73576 0
73707 0
73903 0
74409 0
78574 0
79222 0
79982 0
81176 0
81390 0
83067 0
85641 0
87114 0
88216 0
88408 0
90675 0
92600 0
94602 0
94938 0
95160 0
95604 0
97575 0
