c This is a uniform distributed  1-D DIMACS file 
c width height point_number
p 100000 100000 64
1726 0
4363 0
4382 0
6549 0
7845 0
10134 0
10144 0
10831 0
12220 0
12926 0
13710 0
18269 0
20726 0
21602 0
21763 0
23444 0
26876 0
28492 0
29343 0
31276 0
31322 0
32162 0
32458 0
32461 0
32719 0
32998 0
34076 0
34251 0
40757 0
46355 0
47230 0
47947 0
49124 0
50380 0
52168 0
57922 0
58247 0
62997 0
63374 0
64389 0
65693 0
69768 0
69949 0
71008 0
75422 0
76382 0
76508 0
78312 0
79316 0
79704 0
79998 0
86517 0
86946 0
87888 0
88888 0
90714 0
92037 0
92898 0
95438 0
95844 0
96837 0
97549 0
99167 0
99247 0
