c This is a uniform distributed  1-D DIMACS file 
c width height point_number
p 100000 100000 64
147 0
749 0
1743 0
1788 0
2170 0
5465 0
5749 0
7407 0
7968 0
8890 0
10474 0
12220 0
13414 0
15080 0
16749 0
16766 0
16823 0
16911 0
17165 0
18578 0
19833 0
20489 0
20661 0
20978 0
21086 0
21985 0
22689 0
23441 0
28545 0
37317 0
38203 0
38767 0
39020 0
41088 0
46105 0
47520 0
50498 0
52195 0
53103 0
53454 0
55725 0
61087 0
63014 0
63477 0
65299 0
67221 0
67730 0
70771 0
72119 0
72312 0
74518 0
77610 0
79014 0
82183 0
85579 0
93129 0
93250 0
93408 0
94914 0
98134 0
98886 0
98940 0
99101 0
99778 0
