c This is a uniform distributed  1-D DIMACS file 
c width height point_number
p 100000 100000 64
48 0
1587 0
2612 0
4061 0
4076 0
5298 0
6379 0
8157 0
9510 0
9554 0
10783 0
11996 0
12295 0
12718 0
13585 0
15213 0
15873 0
18025 0
22408 0
25075 0
25815 0
28046 0
31276 0
31517 0
33117 0
36371 0
39579 0
43356 0
44535 0
44637 0
49607 0
50279 0
51250 0
52128 0
52759 0
53697 0
54803 0
54928 0
55427 0
56552 0
57626 0
57732 0
58659 0
58861 0
59511 0
60065 0
63134 0
69187 0
70678 0
71236 0
71318 0
73229 0
75670 0
77171 0
78262 0
78359 0
79376 0
89009 0
89915 0
90531 0
93347 0
94336 0
95685 0
96823 0
