c This is a uniform distributed  1-D DIMACS file 
c width height point_number
p 100000 100000 64
1367 0
5192 0
6900 0
7291 0
8282 0
9225 0
9290 0
9373 0
10202 0
12302 0
15435 0
16242 0
17905 0
20876 0
22544 0
25551 0
28179 0
28750 0
30092 0
31546 0
32290 0
33343 0
35423 0
36185 0
36701 0
37598 0
43003 0
43769 0
44497 0
47476 0
49392 0
49436 0
50497 0
50559 0
51596 0
52569 0
53605 0
55553 0
59799 0
61215 0
62665 0
67218 0
67365 0
67639 0
72600 0
73098 0
73822 0
76279 0
76855 0
79517 0
79538 0
81350 0
81588 0
82330 0
82551 0
82574 0
83210 0
85523 0
89957 0
93554 0
94249 0
94736 0
95449 0
96747 0
