c This is a uniform distributed  1-D DIMACS file 
c width height point_number
p 100000 100000 64
398 0
1019 0
3413 0
3633 0
5647 0
5827 0
8472 0
12909 0
13204 0
14809 0
15728 0
17036 0
20972 0
22198 0
23561 0
24933 0
25008 0
27612 0
28206 0
29347 0
29935 0
31116 0
31134 0
31681 0
32039 0
32138 0
33159 0
37021 0
42746 0
43731 0
44116 0
46226 0
47785 0
49002 0
49024 0
50229 0
50736 0
51928 0
56946 0
58109 0
58308 0
58502 0
61264 0
66198 0
68212 0
68522 0
70504 0
75140 0
75365 0
76136 0
76808 0
79507 0
79852 0
80414 0
81493 0
82910 0
83423 0
88567 0
92926 0
92948 0
95021 0
95066 0
98626 0
99260 0
