c This is a uniform distributed  1-D DIMACS file 
c width height point_number
p 100000 100000 64
900 0
1908 0
3496 0
3517 0
6501 0
7564 0
8779 0
11873 0
12412 0
14341 0
14397 0
14554 0
21634 0
22448 0
22455 0
26247 0
28324 0
29349 0
31714 0
33273 0
33680 0
36167 0
36732 0
37188 0
38318 0
38372 0
39574 0
41345 0
42239 0
44335 0
45040 0
48942 0
53204 0
53532 0
53794 0
54044 0
55106 0
55417 0
58245 0
59155 0
59538 0
64354 0
65989 0
66559 0
68447 0
68993 0
71363 0
72912 0
75172 0
77010 0
78904 0
80065 0
82262 0
85394 0
88952 0
93011 0
93355 0
93527 0
95018 0
95466 0
96367 0
96898 0
97356 0
99296 0
