c This is a uniform distributed  1-D DIMACS file 
c width height point_number
p 100000 100000 64
16 0
432 0
1845 0
3607 0
5193 0
7752 0
8445 0
9553 0
16278 0
17138 0
19434 0
19947 0
20610 0
21441 0
21759 0
26104 0
28115 0
31229 0
31960 0
33879 0
34381 0
35438 0
35731 0
36231 0
36843 0
37184 0
39540 0
43758 0
44511 0
45414 0
45572 0
49101 0
50058 0
51041 0
51669 0
56261 0
57246 0
58073 0
60978 0
61757 0
63698 0
64396 0
68098 0
73350 0
74824 0
76569 0
77709 0
82463 0
85019 0
88463 0
90072 0
92741 0
93249 0
95092 0
95497 0
95530 0
97562 0
97934 0
98048 0
98449 0
98540 0
99336 0
99642 0
99783 0
