c This is a uniform distributed  1-D DIMACS file 
c width height point_number
p 100000 100000 64
2476 0
4527 0
6162 0
7223 0
10816 0
11966 0
12053 0
15345 0
17021 0
18267 0
20952 0
23814 0
24574 0
27822 0
31863 0
35724 0
36729 0
40264 0
40738 0
40840 0
42653 0
46912 0
48122 0
49616 0
50064 0
51925 0
56846 0
58269 0
58930 0
60451 0
60651 0
60698 0
61157 0
62263 0
63204 0
66826 0
68047 0
69715 0
69784 0
70184 0
72471 0
72833 0
72844 0
73664 0
73745 0
73979 0
76018 0
76705 0
85383 0
87552 0
88006 0
89078 0
90267 0
91750 0
93026 0
93348 0
94507 0
96715 0
97229 0
97346 0
98291 0
98294 0
99287 0
99368 0
