c This is a uniform distributed  1-D DIMACS file 
c width height point_number
p 100000 100000 64
29 0
1394 0
2764 0
3797 0
7024 0
18103 0
19247 0
20128 0
20345 0
21757 0
22194 0
25050 0
26641 0
27519 0
28878 0
29243 0
32711 0
32884 0
33373 0
33730 0
34412 0
37986 0
38319 0
47227 0
47616 0
48555 0
50930 0
52580 0
52994 0
53971 0
53982 0
56242 0
58124 0
58962 0
60154 0
63257 0
63515 0
64492 0
64682 0
65255 0
65875 0
67176 0
69272 0
69275 0
71128 0
71423 0
71585 0
74357 0
77485 0
77691 0
79524 0
80483 0
81671 0
86279 0
86978 0
87672 0
88025 0
88090 0
89753 0
91787 0
98613 0
99131 0
99546 0
99741 0
