c This is a uniform distributed  1-D DIMACS file 
c width height point_number
p 100000 100000 64
4324 0
5252 0
8333 0
10138 0
11969 0
15777 0
17692 0
20249 0
21585 0
22777 0
23367 0
24561 0
25265 0
27129 0
27977 0
30198 0
30370 0
31870 0
32324 0
32353 0
36544 0
36654 0
37522 0
38493 0
40702 0
40841 0
41296 0
42076 0
46546 0
49736 0
52314 0
55736 0
56024 0
57011 0
57677 0
57841 0
59211 0
60496 0
61683 0
62291 0
62341 0
62401 0
63158 0
65410 0
67260 0
71682 0
72227 0
72796 0
73173 0
75488 0
79094 0
79521 0
80934 0
81736 0
83176 0
83214 0
85074 0
85135 0
85916 0
89669 0
90554 0
94892 0
97618 0
99655 0
