c This is a uniform distributed  1-D DIMACS file 
c width height point_number
p 100000 100000 64
341 0
3035 0
5014 0
7533 0
9431 0
14958 0
17143 0
18498 0
19584 0
20414 0
20690 0
21737 0
22212 0
26025 0
28357 0
29059 0
29392 0
29643 0
30392 0
35645 0
36288 0
36848 0
37066 0
38519 0
38663 0
39163 0
40996 0
41160 0
41752 0
44126 0
45128 0
46861 0
50137 0
51036 0
51476 0
52268 0
56005 0
56392 0
57347 0
58395 0
58858 0
60054 0
61484 0
64792 0
66140 0
68036 0
71642 0
72018 0
72188 0
72540 0
77332 0
78739 0
80387 0
82128 0
82540 0
84313 0
85173 0
85834 0
88160 0
91146 0
92374 0
92781 0
93491 0
93622 0
