c This is a uniform distributed  1-D DIMACS file 
c width height point_number
p 100000 100000 64
1711 0
5028 0
9723 0
9761 0
12920 0
12931 0
13115 0
13158 0
17298 0
17519 0
18256 0
19756 0
22645 0
24434 0
26633 0
29313 0
29750 0
30749 0
31298 0
37667 0
37867 0
42789 0
44693 0
44907 0
46878 0
49072 0
49647 0
50499 0
51884 0
51925 0
53111 0
53464 0
53750 0
55919 0
56851 0
57867 0
63667 0
64325 0
64964 0
66878 0
70359 0
70906 0
77562 0
78167 0
81227 0
81579 0
82575 0
83090 0
86674 0
86898 0
87080 0
88867 0
90269 0
90511 0
91097 0
91945 0
91998 0
92160 0
92670 0
92766 0
92957 0
98388 0
98515 0
99806 0
