c This is a uniform distributed  1-D DIMACS file 
c width height point_number
p 100000 100000 64
3611 0
4719 0
5526 0
7714 0
8128 0
8897 0
11262 0
14272 0
15199 0
16047 0
17781 0
19961 0
20657 0
22908 0
23546 0
24134 0
25366 0
30306 0
31737 0
33152 0
42750 0
43884 0
46416 0
47612 0
48057 0
50858 0
51459 0
54813 0
54991 0
59012 0
59873 0
61778 0
62584 0
64094 0
64935 0
65013 0
66395 0
66984 0
67225 0
67698 0
68247 0
69556 0
71531 0
72079 0
72094 0
72553 0
72725 0
73592 0
74003 0
76296 0
76972 0
77050 0
78466 0
81574 0
82945 0
84628 0
87607 0
90947 0
91081 0
95947 0
96185 0
97433 0
98850 0
99803 0
