c This is a uniform distributed  1-D DIMACS file 
c width height point_number
p 100000 100000 64
2608 0
2860 0
3477 0
6217 0
8341 0
11009 0
12641 0
16855 0
17280 0
20590 0
20963 0
21591 0
24498 0
24756 0
27015 0
28097 0
31502 0
31833 0
33045 0
33091 0
34284 0
36828 0
37406 0
38031 0
40746 0
41301 0
43313 0
44130 0
44969 0
46349 0
50843 0
51158 0
52749 0
54431 0
55149 0
59469 0
62938 0
63405 0
66245 0
66727 0
67465 0
68305 0
68667 0
69016 0
69241 0
69543 0
71359 0
76031 0
77213 0
79031 0
79423 0
81743 0
82936 0
82948 0
83303 0
84084 0
85677 0
86095 0
88170 0
89215 0
91726 0
92863 0
93351 0
96664 0
