c This is a uniform distributed  1-D DIMACS file 
c width height point_number
p 100000 100000 64
235 0
893 0
3227 0
4103 0
6666 0
8025 0
8855 0
8925 0
10509 0
11451 0
11949 0
12457 0
13269 0
13311 0
15626 0
17478 0
19633 0
21564 0
23360 0
23894 0
26618 0
28795 0
29499 0
35702 0
37078 0
37365 0
37857 0
40327 0
41006 0
41169 0
44559 0
46375 0
46414 0
46844 0
50716 0
52328 0
54511 0
55718 0
56858 0
58142 0
58673 0
59616 0
60518 0
66654 0
66701 0
67145 0
67317 0
67876 0
67978 0
68806 0
69239 0
73527 0
75025 0
76748 0
77324 0
82819 0
85182 0
87483 0
87936 0
88445 0
90416 0
93400 0
94285 0
96911 0
