c This is a uniform distributed  1-D DIMACS file 
c width height point_number
p 100000 100000 64
794 0
1594 0
4008 0
6495 0
7197 0
9436 0
11125 0
11340 0
11999 0
12117 0
12838 0
14909 0
15221 0
16437 0
16870 0
17845 0
18118 0
19957 0
20771 0
21946 0
23462 0
23670 0
24254 0
27703 0
31249 0
31527 0
33848 0
35524 0
40702 0
41827 0
43261 0
48127 0
49098 0
51987 0
53223 0
55977 0
56134 0
56260 0
58268 0
61177 0
62347 0
63517 0
64654 0
65728 0
67297 0
68252 0
70070 0
70267 0
72302 0
72733 0
73048 0
73131 0
80290 0
81201 0
82799 0
83975 0
84440 0
85669 0
94102 0
94487 0
97368 0
97522 0
98834 0
99332 0
