c This is a uniform distributed  1-D DIMACS file 
c width height point_number
p 100000 100000 64
1193 0
3200 0
5437 0
5527 0
8945 0
11040 0
11134 0
11261 0
16082 0
19867 0
19896 0
23505 0
27807 0
29008 0
29305 0
30249 0
32364 0
34591 0
35714 0
36556 0
37505 0
40625 0
42001 0
44105 0
45880 0
49565 0
49858 0
50440 0
51293 0
51604 0
51612 0
51774 0
52627 0
56693 0
58529 0
58681 0
59533 0
62444 0
64024 0
65617 0
66800 0
68553 0
73745 0
74339 0
74519 0
76419 0
79611 0
80316 0
80620 0
81086 0
82465 0
82563 0
82579 0
83910 0
84411 0
85655 0
86417 0
88902 0
90174 0
92224 0
92361 0
92787 0
93912 0
94239 0
