c This is a uniform distributed  1-D DIMACS file 
c width height point_number
p 100000 100000 64
456 0
457 0
1409 0
1489 0
2361 0
2490 0
3891 0
6153 0
7243 0
9448 0
11329 0
11373 0
16711 0
18774 0
31248 0
32157 0
33010 0
35894 0
36045 0
36139 0
37217 0
39475 0
40086 0
41321 0
43878 0
44163 0
48223 0
49028 0
52090 0
52238 0
52661 0
54691 0
56232 0
56870 0
61296 0
61931 0
63252 0
67483 0
68422 0
69179 0
70703 0
72987 0
76808 0
78297 0
78530 0
78775 0
78992 0
80852 0
83630 0
85478 0
85862 0
86240 0
86895 0
88701 0
89161 0
90913 0
91707 0
94570 0
97396 0
98976 0
99262 0
99276 0
99501 0
99854 0
