c This is a uniform distributed  1-D DIMACS file 
c width height point_number
p 100000 100000 64
2253 0
2373 0
2693 0
4123 0
4715 0
5084 0
7244 0
7288 0
9111 0
10298 0
10777 0
11185 0
13436 0
14864 0
15834 0
20610 0
22436 0
24150 0
24454 0
24811 0
24903 0
25632 0
28134 0
28275 0
28629 0
28715 0
29580 0
31276 0
31627 0
32475 0
34722 0
39040 0
39999 0
41188 0
41296 0
44906 0
46491 0
50441 0
51979 0
54909 0
55615 0
60015 0
60578 0
60750 0
61252 0
63162 0
64002 0
64878 0
68803 0
70572 0
70739 0
73011 0
75075 0
75345 0
84464 0
87322 0
87678 0
90961 0
91078 0
92480 0
93933 0
94339 0
97643 0
99670 0
