c This is a uniform distributed  1-D DIMACS file 
c width height point_number
p 100000 100000 64
1767 0
3265 0
4515 0
6944 0
11576 0
12543 0
15892 0
16298 0
18244 0
18455 0
19211 0
19468 0
22900 0
25836 0
27915 0
30873 0
31020 0
31389 0
32487 0
33168 0
33458 0
34337 0
37921 0
38352 0
39069 0
42107 0
42912 0
44735 0
44973 0
46994 0
48912 0
49240 0
54037 0
54128 0
54969 0
55225 0
55582 0
57039 0
57931 0
58036 0
63006 0
63503 0
65114 0
65770 0
69989 0
70643 0
71761 0
72462 0
76383 0
78479 0
78844 0
81673 0
82598 0
83994 0
84847 0
85826 0
86016 0
86774 0
88759 0
89229 0
89932 0
96544 0
96963 0
99234 0
