c This is a uniform distributed  1-D DIMACS file 
c width height point_number
p 100000 100000 64
934 0
1159 0
1505 0
2384 0
4031 0
4511 0
4849 0
5195 0
5806 0
8652 0
8673 0
9442 0
9508 0
9847 0
11638 0
15161 0
15317 0
17513 0
19661 0
19710 0
20110 0
20954 0
21020 0
22175 0
23578 0
26300 0
26585 0
28819 0
33754 0
36483 0
40178 0
40182 0
41379 0
44152 0
48051 0
48398 0
49911 0
52423 0
55453 0
57434 0
59011 0
60717 0
61873 0
62123 0
63873 0
65815 0
67138 0
69381 0
70052 0
74314 0
75012 0
77645 0
79692 0
81845 0
83316 0
84172 0
89292 0
90052 0
90571 0
90806 0
93494 0
94881 0
95724 0
98480 0
