c This is a uniform distributed  1-D DIMACS file 
c width height point_number
p 100000 100000 64
1286 0
1676 0
1972 0
2751 0
4088 0
5611 0
8021 0
8621 0
9950 0
10405 0
12617 0
16150 0
17950 0
20454 0
22378 0
22982 0
23770 0
28911 0
32171 0
35093 0
37947 0
38113 0
38182 0
38436 0
40467 0
40468 0
41326 0
43499 0
45223 0
45247 0
45262 0
45270 0
47331 0
50254 0
51819 0
56025 0
59754 0
61141 0
62271 0
62335 0
64090 0
64427 0
64716 0
65067 0
65466 0
66518 0
68073 0
68694 0
68815 0
69217 0
70843 0
74101 0
74102 0
77218 0
79171 0
81365 0
81539 0
82245 0
83429 0
86512 0
88256 0
88862 0
93943 0
97777 0
