c This is a uniform distributed  1-D DIMACS file 
c width height point_number
p 100000 100000 64
2405 0
3407 0
6238 0
6669 0
6678 0
7041 0
7446 0
9331 0
9420 0
9747 0
9810 0
10404 0
11118 0
11389 0
15385 0
16017 0
18772 0
19550 0
19586 0
21791 0
23010 0
24216 0
27322 0
28555 0
28690 0
30289 0
31893 0
35757 0
35956 0
36108 0
41403 0
43445 0
44531 0
45535 0
48828 0
49129 0
52545 0
53724 0
55256 0
55764 0
57321 0
58954 0
61156 0
61522 0
62886 0
65545 0
67050 0
67700 0
69858 0
73835 0
76982 0
80001 0
81482 0
81838 0
82335 0
85704 0
90246 0
93641 0
94448 0
95268 0
95479 0
97736 0
98354 0
98402 0
