c This is a uniform distributed  1-D DIMACS file 
c width height point_number
p 100000 100000 64
2387 0
2493 0
2945 0
3522 0
5505 0
7194 0
7662 0
9232 0
9478 0
10029 0
11381 0
11612 0
14929 0
22118 0
25816 0
26359 0
27753 0
27799 0
30311 0
31250 0
32633 0
32908 0
34539 0
34547 0
34937 0
35205 0
35251 0
39779 0
40381 0
43635 0
44750 0
45281 0
45653 0
47810 0
52889 0
53546 0
53685 0
54031 0
55463 0
59198 0
59668 0
60487 0
60541 0
64123 0
65825 0
67700 0
68077 0
68865 0
69626 0
69850 0
70701 0
73351 0
76559 0
77704 0
79519 0
82459 0
84507 0
84783 0
87627 0
95551 0
95947 0
96017 0
97446 0
99325 0
