c This is a uniform distributed  1-D DIMACS file 
c width height point_number
p 100000 100000 64
3210 0
3490 0
5015 0
6419 0
10482 0
10980 0
13625 0
13849 0
16081 0
16780 0
18562 0
18615 0
19421 0
22585 0
22932 0
24815 0
25407 0
25419 0
26985 0
33157 0
34961 0
36028 0
36793 0
36811 0
37126 0
39260 0
42748 0
44510 0
46009 0
46567 0
48038 0
48760 0
50806 0
51934 0
54325 0
55291 0
55935 0
59748 0
61177 0
62761 0
65463 0
66038 0
69305 0
70210 0
71895 0
76789 0
78465 0
80107 0
81793 0
82877 0
84027 0
84741 0
85268 0
86365 0
88636 0
88697 0
89385 0
91262 0
92633 0
93677 0
93838 0
94643 0
95767 0
97047 0
