c This is a uniform distributed  1-D DIMACS file 
c width height point_number
p 100000 100000 64
35 0
652 0
1686 0
2782 0
3683 0
5773 0
7252 0
12078 0
14187 0
14283 0
14939 0
17243 0
17993 0
18431 0
19197 0
19643 0
21365 0
21564 0
25917 0
26277 0
26703 0
26704 0
27989 0
29393 0
31317 0
32389 0
34136 0
34299 0
37767 0
45025 0
45232 0
45493 0
45650 0
46608 0
46985 0
47734 0
56278 0
57642 0
61354 0
61451 0
62094 0
62987 0
67273 0
70998 0
71298 0
75207 0
77621 0
79586 0
80769 0
80948 0
81081 0
81749 0
84046 0
84584 0
84944 0
86358 0
87101 0
87155 0
88336 0
89423 0
90392 0
94599 0
98072 0
99805 0
