c This is a uniform distributed  1-D DIMACS file 
c width height point_number
p 100000 100000 64
3265 0
6855 0
7330 0
7786 0
12053 0
12261 0
12491 0
20116 0
21703 0
22553 0
27437 0
32398 0
33012 0
40225 0
43156 0
43514 0
45234 0
45300 0
46983 0
47968 0
48723 0
50862 0
52137 0
56090 0
57638 0
58643 0
61343 0
61637 0
66301 0
66413 0
66523 0
66889 0
68527 0
69242 0
69736 0
71306 0
72071 0
72192 0
72479 0
74336 0
74383 0
75126 0
77024 0
80466 0
80708 0
81184 0
83705 0
83830 0
86438 0
87165 0
90026 0
91039 0
91387 0
91799 0
91813 0
92993 0
93203 0
94336 0
94854 0
95833 0
98293 0
98326 0
98915 0
99534 0
