c This is a uniform distributed  1-D DIMACS file 
c width height point_number
p 100000 100000 64
1476 0
1727 0
2970 0
3036 0
3947 0
6883 0
9494 0
11318 0
11836 0
13188 0
14765 0
19306 0
20277 0
21004 0
25739 0
31648 0
31990 0
33380 0
33730 0
35617 0
35654 0
35768 0
36275 0
36694 0
36853 0
40444 0
41354 0
44558 0
44735 0
46934 0
49034 0
49074 0
49740 0
49798 0
55579 0
55995 0
60715 0
61081 0
62231 0
69259 0
70831 0
70848 0
72180 0
73123 0
76213 0
76614 0
77939 0
79507 0
81008 0
82762 0
83783 0
84211 0
84822 0
88299 0
90948 0
91257 0
93454 0
94484 0
94736 0
96000 0
98461 0
99247 0
99256 0
99965 0
