c This is a uniform distributed  1-D DIMACS file 
c width height point_number
p 100000 100000 64
2082 0
4645 0
4832 0
5066 0
6778 0
8124 0
9166 0
13397 0
20185 0
20233 0
22997 0
23298 0
24425 0
25847 0
27068 0
27177 0
28234 0
28773 0
29635 0
31303 0
33857 0
34833 0
35784 0
35964 0
38339 0
41732 0
41742 0
43236 0
43807 0
44717 0
45984 0
46407 0
48533 0
49368 0
50938 0
52370 0
52657 0
54137 0
56352 0
59999 0
60810 0
61274 0
63713 0
64538 0
66169 0
67480 0
69101 0
69326 0
72647 0
72746 0
73527 0
78825 0
79873 0
80329 0
90218 0
90354 0
90501 0
90701 0
93241 0
93326 0
93419 0
93812 0
96269 0
96718 0
