c This is a uniform distributed  1-D DIMACS file 
c width height point_number
p 100000 100000 64
536 0
579 0
1570 0
4196 0
6181 0
10451 0
16487 0
18283 0
18924 0
21294 0
23573 0
23725 0
24435 0
24632 0
25804 0
26530 0
27204 0
27850 0
30545 0
32488 0
33234 0
33614 0
34813 0
34878 0
36087 0
37840 0
41887 0
44922 0
45141 0
46287 0
46479 0
49825 0
50900 0
53777 0
53936 0
55641 0
56557 0
59446 0
61844 0
62615 0
65594 0
67976 0
68128 0
70107 0
75663 0
75972 0
77565 0
78769 0
79387 0
80154 0
80268 0
82890 0
87138 0
89548 0
90674 0
90763 0
90857 0
91940 0
92819 0
93192 0
94645 0
96591 0
98704 0
99972 0
