c This is a uniform distributed  1-D DIMACS file 
c width height point_number
p 100000 100000 64
1010 0
3524 0
4172 0
5810 0
11182 0
11519 0
13231 0
15006 0
15458 0
16332 0
17985 0
20588 0
20780 0
21425 0
24245 0
24249 0
27228 0
27239 0
27253 0
28188 0
30780 0
31793 0
32206 0
33025 0
33443 0
35755 0
36735 0
38240 0
38723 0
39623 0
39979 0
40550 0
43234 0
43294 0
46212 0
48964 0
49954 0
50114 0
50732 0
51174 0
56038 0
57931 0
59162 0
59506 0
60286 0
65290 0
66492 0
66653 0
67077 0
70717 0
71674 0
72148 0
76045 0
79632 0
82406 0
85085 0
86583 0
88159 0
89196 0
91093 0
91101 0
94324 0
96941 0
98082 0
