c This is a uniform distributed  1-D DIMACS file 
c width height point_number
p 100000 100000 64
1656 0
2538 0
4181 0
11976 0
14101 0
14457 0
14772 0
16715 0
16964 0
19399 0
21833 0
24044 0
25774 0
26176 0
28162 0
28253 0
30009 0
31243 0
32909 0
33230 0
33302 0
34469 0
36387 0
37366 0
40499 0
41081 0
43066 0
43621 0
43959 0
48280 0
49724 0
52809 0
53124 0
55171 0
58277 0
58356 0
59411 0
63172 0
64403 0
64407 0
66014 0
68583 0
68587 0
69028 0
71358 0
73462 0
74357 0
76197 0
80160 0
80993 0
81838 0
82666 0
82959 0
84196 0
84274 0
84720 0
89198 0
89438 0
89654 0
92247 0
93257 0
93910 0
97566 0
98171 0
