c This is a uniform distributed  1-D DIMACS file 
c width height point_number
p 100000 100000 2048
141 0
148 0
184 0
186 0
245 0
257 0
301 0
328 0
509 0
555 0
567 0
574 0
654 0
735 0
747 0
757 0
760 0
806 0
832 0
931 0
1025 0
1055 0
1102 0
1129 0
1130 0
1143 0
1157 0
1221 0
1234 0
1301 0
1465 0
1525 0
1573 0
1580 0
1655 0
1666 0
1691 0
1749 0
1819 0
1822 0
1845 0
1880 0
1956 0
2020 0
2374 0
2499 0
2546 0
2562 0
2604 0
2653 0
2696 0
2700 0
2774 0
2778 0
2785 0
2819 0
2851 0
2866 0
2925 0
2932 0
3036 0
3100 0
3106 0
3261 0
3265 0
3321 0
3351 0
3472 0
3542 0
3564 0
3603 0
3643 0
3720 0
3752 0
3795 0
3882 0
3910 0
3912 0
3918 0
3940 0
3941 0
4002 0
4019 0
4070 0
4143 0
4270 0
4274 0
4276 0
4368 0
4383 0
4386 0
4476 0
4506 0
4510 0
4516 0
4524 0
4576 0
4621 0
4690 0
4724 0
4798 0
4803 0
4813 0
4859 0
4860 0
4915 0
4964 0
5036 0
5125 0
5175 0
5177 0
5200 0
5371 0
5386 0
5403 0
5508 0
5544 0
5603 0
5618 0
5659 0
5701 0
5772 0
5895 0
5897 0
5925 0
6024 0
6030 0
6087 0
6118 0
6149 0
6151 0
6174 0
6179 0
6189 0
6218 0
6257 0
6264 0
6276 0
6278 0
6291 0
6306 0
6311 0
6341 0
6521 0
6759 0
6829 0
6841 0
6909 0
6915 0
7016 0
7035 0
7038 0
7066 0
7074 0
7136 0
7232 0
7234 0
7280 0
7339 0
7343 0
7392 0
7427 0
7446 0
7451 0
7516 0
7535 0
7640 0
7651 0
7716 0
7787 0
7790 0
7806 0
7927 0
7992 0
8013 0
8058 0
8142 0
8158 0
8234 0
8244 0
8288 0
8312 0
8325 0
8401 0
8413 0
8462 0
8474 0
8559 0
8565 0
8644 0
8682 0
8758 0
8763 0
8774 0
8824 0
8832 0
8880 0
8921 0
8978 0
9023 0
9066 0
9100 0
9103 0
9148 0
9166 0
9183 0
9192 0
9275 0
9339 0
9428 0
9442 0
9466 0
9525 0
9634 0
9641 0
9686 0
9739 0
9812 0
9873 0
9933 0
9944 0
9945 0
9986 0
10021 0
10028 0
10167 0
10176 0
10180 0
10201 0
10223 0
10240 0
10329 0
10414 0
10434 0
10515 0
10602 0
10662 0
10667 0
10712 0
10748 0
10762 0
10791 0
10832 0
10840 0
10858 0
10901 0
10917 0
10924 0
11072 0
11092 0
11121 0
11133 0
11183 0
11227 0
11274 0
11279 0
11287 0
11343 0
11349 0
11418 0
11481 0
11482 0
11530 0
11609 0
11632 0
11633 0
11704 0
11721 0
11724 0
11735 0
11804 0
11829 0
11878 0
11946 0
11963 0
11976 0
11990 0
12012 0
12067 0
12096 0
12113 0
12114 0
12145 0
12247 0
12265 0
12271 0
12375 0
12603 0
12638 0
12705 0
12729 0
12823 0
12836 0
12920 0
12928 0
12960 0
12965 0
13049 0
13066 0
13308 0
13328 0
13334 0
13352 0
13732 0
13816 0
13886 0
13947 0
14020 0
14064 0
14087 0
14094 0
14123 0
14143 0
14161 0
14285 0
14297 0
14307 0
14315 0
14377 0
14419 0
14444 0
14527 0
14577 0
14588 0
14797 0
14858 0
14901 0
14915 0
14938 0
14988 0
15028 0
15029 0
15044 0
15059 0
15114 0
15164 0
15244 0
15269 0
15320 0
15321 0
15342 0
15445 0
15448 0
15611 0
15614 0
15618 0
15676 0
15718 0
15842 0
15866 0
15878 0
15911 0
15952 0
16021 0
16034 0
16046 0
16089 0
16116 0
16190 0
16351 0
16376 0
16380 0
16397 0
16431 0
16467 0
16493 0
16495 0
16645 0
16686 0
16787 0
16813 0
16836 0
16843 0
16936 0
16976 0
16982 0
17031 0
17066 0
17110 0
17151 0
17207 0
17513 0
17619 0
17626 0
17636 0
17640 0
17647 0
17668 0
17679 0
17690 0
17739 0
17871 0
17898 0
17901 0
17930 0
17951 0
17970 0
18002 0
18023 0
18044 0
18089 0
18141 0
18165 0
18237 0
18247 0
18252 0
18288 0
18322 0
18334 0
18358 0
18379 0
18427 0
18431 0
18510 0
18570 0
18581 0
18602 0
18642 0
18643 0
18647 0
18689 0
18764 0
18793 0
18914 0
18928 0
18950 0
18997 0
19012 0
19055 0
19057 0
19063 0
19102 0
19110 0
19111 0
19256 0
19265 0
19295 0
19307 0
19310 0
19314 0
19383 0
19462 0
19499 0
19504 0
19521 0
19550 0
19737 0
19789 0
19803 0
19825 0
19930 0
19953 0
20002 0
20024 0
20044 0
20089 0
20092 0
20097 0
20175 0
20176 0
20182 0
20292 0
20344 0
20363 0
20378 0
20450 0
20467 0
20574 0
20707 0
20728 0
20737 0
20820 0
20877 0
20943 0
21038 0
21058 0
21083 0
21088 0
21129 0
21141 0
21184 0
21333 0
21470 0
21517 0
21576 0
21602 0
21638 0
21699 0
21771 0
21856 0
21900 0
22025 0
22044 0
22089 0
22090 0
22096 0
22177 0
22188 0
22293 0
22338 0
22414 0
22428 0
22433 0
22459 0
22480 0
22692 0
22731 0
22734 0
22804 0
22830 0
22863 0
22918 0
22979 0
22989 0
23155 0
23342 0
23482 0
23669 0
23762 0
23777 0
23782 0
23797 0
23806 0
23845 0
23907 0
23910 0
23985 0
24119 0
24253 0
24356 0
24384 0
24499 0
24518 0
24597 0
24647 0
24671 0
24676 0
24725 0
24728 0
24884 0
24892 0
25001 0
25009 0
25044 0
25092 0
25103 0
25105 0
25165 0
25282 0
25471 0
25487 0
25537 0
25561 0
25657 0
25687 0
25710 0
25744 0
25754 0
25810 0
25813 0
25861 0
25907 0
25940 0
25946 0
25996 0
26141 0
26207 0
26251 0
26271 0
26331 0
26427 0
26447 0
26494 0
26532 0
26574 0
26650 0
26653 0
26667 0
26711 0
26726 0
26760 0
26861 0
26865 0
26875 0
26909 0
26919 0
26940 0
26995 0
27084 0
27115 0
27169 0
27198 0
27244 0
27296 0
27352 0
27361 0
27385 0
27423 0
27434 0
27464 0
27483 0
27565 0
27578 0
27603 0
27703 0
27736 0
27741 0
27793 0
27804 0
27856 0
27871 0
27899 0
28029 0
28063 0
28184 0
28237 0
28270 0
28271 0
28286 0
28315 0
28366 0
28375 0
28461 0
28488 0
28613 0
28662 0
28663 0
28665 0
28700 0
28713 0
28719 0
28900 0
28943 0
29003 0
29016 0
29231 0
29242 0
29315 0
29335 0
29362 0
29388 0
29485 0
29586 0
29624 0
29629 0
29712 0
29775 0
29878 0
29929 0
29937 0
29956 0
29998 0
30043 0
30188 0
30217 0
30307 0
30404 0
30407 0
30564 0
30593 0
30673 0
30679 0
30703 0
30711 0
30845 0
30952 0
30980 0
31039 0
31143 0
31173 0
31266 0
31372 0
31401 0
31416 0
31454 0
31611 0
31612 0
31637 0
31716 0
31766 0
31817 0
31829 0
31884 0
31952 0
32069 0
32203 0
32228 0
32231 0
32250 0
32288 0
32289 0
32405 0
32433 0
32469 0
32485 0
32551 0
32573 0
32576 0
32637 0
32646 0
32679 0
32696 0
32732 0
32811 0
32832 0
32894 0
32923 0
32933 0
32950 0
33089 0
33125 0
33134 0
33138 0
33235 0
33270 0
33278 0
33308 0
33336 0
33436 0
33440 0
33453 0
33455 0
33463 0
33516 0
33590 0
33615 0
33619 0
33623 0
33706 0
33827 0
33860 0
33874 0
33916 0
33967 0
34000 0
34033 0
34073 0
34088 0
34191 0
34197 0
34215 0
34235 0
34278 0
34280 0
34305 0
34317 0
34348 0
34452 0
34500 0
34553 0
34567 0
34583 0
34624 0
34668 0
34730 0
34770 0
34804 0
34817 0
34882 0
34902 0
34945 0
35010 0
35096 0
35116 0
35124 0
35147 0
35240 0
35258 0
35298 0
35326 0
35392 0
35520 0
35538 0
35571 0
35618 0
35622 0
35687 0
35746 0
35843 0
35880 0
35882 0
35885 0
35917 0
35921 0
35971 0
36014 0
36196 0
36318 0
36352 0
36445 0
36475 0
36527 0
36622 0
36635 0
36651 0
36669 0
36701 0
36761 0
36842 0
37016 0
37081 0
37146 0
37164 0
37219 0
37255 0
37275 0
37286 0
37334 0
37349 0
37374 0
37448 0
37544 0
37593 0
37622 0
37656 0
37663 0
37690 0
37724 0
37785 0
37808 0
37883 0
37915 0
37983 0
38038 0
38054 0
38078 0
38102 0
38257 0
38313 0
38350 0
38458 0
38604 0
38627 0
38644 0
38707 0
38761 0
38809 0
38851 0
38971 0
39040 0
39071 0
39267 0
39287 0
39301 0
39337 0
39353 0
39384 0
39406 0
39434 0
39499 0
39528 0
39552 0
39637 0
39641 0
39823 0
39826 0
39973 0
39985 0
39988 0
40099 0
40285 0
40364 0
40383 0
40388 0
40436 0
40470 0
40604 0
40643 0
40648 0
40748 0
40867 0
40926 0
40932 0
40937 0
40963 0
41023 0
41067 0
41087 0
41304 0
41334 0
41344 0
41388 0
41401 0
41406 0
41545 0
41558 0
41572 0
41617 0
41619 0
41640 0
41675 0
41682 0
41706 0
41769 0
41835 0
41881 0
41904 0
41976 0
42026 0
42051 0
42075 0
42087 0
42122 0
42138 0
42228 0
42361 0
42450 0
42497 0
42568 0
42603 0
42607 0
42616 0
42625 0
42668 0
42696 0
42737 0
42783 0
42827 0
42855 0
42922 0
43092 0
43120 0
43154 0
43244 0
43272 0
43280 0
43306 0
43307 0
43318 0
43364 0
43428 0
43437 0
43552 0
43591 0
43785 0
43794 0
43809 0
43832 0
43888 0
43890 0
43958 0
43969 0
43975 0
44040 0
44145 0
44170 0
44212 0
44278 0
44313 0
44332 0
44404 0
44423 0
44541 0
44624 0
44631 0
44666 0
44733 0
44857 0
44870 0
44876 0
44880 0
44937 0
45040 0
45084 0
45170 0
45388 0
45488 0
45495 0
45532 0
45608 0
45625 0
45741 0
45748 0
45762 0
45768 0
45792 0
45800 0
45865 0
45905 0
45937 0
45949 0
45969 0
46026 0
46115 0
46128 0
46162 0
46235 0
46258 0
46373 0
46374 0
46497 0
46527 0
46543 0
46587 0
46620 0
46624 0
46651 0
46751 0
46770 0
46809 0
46829 0
46831 0
46857 0
46905 0
46969 0
46970 0
46972 0
47028 0
47118 0
47156 0
47171 0
47325 0
47338 0
47382 0
47395 0
47477 0
47543 0
47548 0
47618 0
47719 0
47759 0
47819 0
47872 0
47957 0
47975 0
48033 0
48183 0
48241 0
48266 0
48274 0
48288 0
48351 0
48363 0
48377 0
48457 0
48483 0
48489 0
48521 0
48601 0
48629 0
48655 0
48659 0
48677 0
48721 0
48730 0
48745 0
48987 0
49008 0
49033 0
49064 0
49080 0
49125 0
49147 0
49153 0
49181 0
49237 0
49285 0
49290 0
49390 0
49436 0
49443 0
49444 0
49464 0
49488 0
49528 0
49606 0
49768 0
49809 0
49856 0
49904 0
49952 0
49960 0
49982 0
49990 0
50006 0
50146 0
50195 0
50306 0
50338 0
50427 0
50454 0
50463 0
50635 0
50759 0
50764 0
50789 0
50799 0
50842 0
50862 0
50894 0
51018 0
51079 0
51185 0
51191 0
51246 0
51317 0
51360 0
51396 0
51425 0
51523 0
51645 0
51671 0
51745 0
51776 0
51900 0
51916 0
52061 0
52080 0
52143 0
52196 0
52245 0
52248 0
52340 0
52406 0
52539 0
52547 0
52556 0
52587 0
52696 0
52908 0
52934 0
53001 0
53009 0
53022 0
53052 0
53053 0
53083 0
53101 0
53129 0
53137 0
53140 0
53215 0
53436 0
53462 0
53503 0
53537 0
53676 0
53692 0
53772 0
53773 0
53867 0
53958 0
54012 0
54019 0
54063 0
54117 0
54262 0
54284 0
54291 0
54328 0
54529 0
54616 0
54668 0
54760 0
54854 0
54889 0
54906 0
54918 0
55061 0
55131 0
55176 0
55216 0
55275 0
55356 0
55364 0
55430 0
55439 0
55514 0
55531 0
55583 0
55652 0
55682 0
55697 0
55807 0
55835 0
55853 0
55897 0
55931 0
56007 0
56018 0
56102 0
56126 0
56220 0
56225 0
56236 0
56262 0
56266 0
56285 0
56305 0
56311 0
56541 0
56565 0
56650 0
56677 0
56728 0
56751 0
56757 0
56772 0
56794 0
56811 0
56952 0
56982 0
57047 0
57138 0
57187 0
57222 0
57291 0
57429 0
57460 0
57499 0
57501 0
57559 0
57598 0
57727 0
57757 0
57773 0
57776 0
57813 0
57902 0
57993 0
58023 0
58102 0
58109 0
58175 0
58253 0
58297 0
58402 0
58412 0
58427 0
58462 0
58472 0
58488 0
58518 0
58552 0
58618 0
58635 0
58636 0
58704 0
58771 0
58793 0
58814 0
58854 0
58887 0
58968 0
58978 0
59040 0
59041 0
59078 0
59083 0
59112 0
59126 0
59247 0
59253 0
59274 0
59294 0
59368 0
59382 0
59519 0
59547 0
59564 0
59574 0
59605 0
59656 0
59689 0
59772 0
59787 0
59793 0
59862 0
59906 0
60024 0
60025 0
60080 0
60147 0
60181 0
60224 0
60256 0
60392 0
60419 0
60428 0
60529 0
60553 0
60576 0
60643 0
60716 0
60732 0
60761 0
60798 0
60872 0
60902 0
60948 0
61007 0
61108 0
61411 0
61436 0
61445 0
61464 0
61472 0
61481 0
61490 0
61532 0
61608 0
61673 0
61694 0
61754 0
61774 0
61784 0
61888 0
61912 0
61960 0
62041 0
62220 0
62290 0
62474 0
62485 0
62493 0
62584 0
62587 0
62597 0
62616 0
62627 0
62632 0
62656 0
62795 0
62839 0
62928 0
62947 0
62995 0
63121 0
63204 0
63289 0
63321 0
63463 0
63563 0
63596 0
63600 0
63617 0
63719 0
63751 0
63756 0
63809 0
63853 0
63932 0
64009 0
64184 0
64187 0
64189 0
64264 0
64273 0
64311 0
64332 0
64371 0
64550 0
64607 0
64620 0
64847 0
64904 0
64927 0
65019 0
65061 0
65120 0
65149 0
65199 0
65202 0
65209 0
65261 0
65538 0
65594 0
65670 0
65757 0
65780 0
65854 0
66006 0
66121 0
66223 0
66268 0
66270 0
66410 0
66497 0
66502 0
66557 0
66563 0
66586 0
66612 0
66647 0
66662 0
66726 0
66729 0
66747 0
66756 0
66772 0
66778 0
66881 0
66939 0
66978 0
66993 0
67038 0
67043 0
67044 0
67090 0
67125 0
67163 0
67202 0
67206 0
67221 0
67292 0
67370 0
67481 0
67606 0
67673 0
67700 0
67733 0
67752 0
67817 0
67853 0
67906 0
67992 0
68016 0
68086 0
68136 0
68143 0
68166 0
68222 0
68235 0
68280 0
68413 0
68630 0
68772 0
68775 0
68860 0
68877 0
69010 0
69215 0
69266 0
69300 0
69308 0
69317 0
69324 0
69377 0
69421 0
69435 0
69437 0
69554 0
69585 0
69649 0
69703 0
69799 0
69890 0
69951 0
70043 0
70142 0
70225 0
70312 0
70329 0
70386 0
70393 0
70416 0
70498 0
70510 0
70519 0
70675 0
70767 0
70768 0
70807 0
70893 0
70895 0
70908 0
70925 0
70964 0
71003 0
71010 0
71040 0
71083 0
71127 0
71192 0
71234 0
71261 0
71274 0
71321 0
71488 0
71532 0
71544 0
71553 0
71609 0
71623 0
71687 0
71717 0
71739 0
71811 0
71872 0
71901 0
71927 0
72144 0
72224 0
72266 0
72304 0
72307 0
72408 0
72443 0
72486 0
72517 0
72551 0
72556 0
72583 0
72641 0
72670 0
72784 0
72832 0
72844 0
72894 0
72899 0
72915 0
72919 0
73054 0
73074 0
73122 0
73159 0
73184 0
73221 0
73229 0
73296 0
73299 0
73313 0
73323 0
73407 0
73416 0
73430 0
73452 0
73455 0
73491 0
73492 0
73523 0
73544 0
73603 0
73620 0
73650 0
73657 0
73710 0
73774 0
73801 0
73839 0
73855 0
73905 0
73943 0
74025 0
74058 0
74063 0
74077 0
74105 0
74177 0
74225 0
74403 0
74476 0
74561 0
74576 0
74629 0
74638 0
74654 0
74677 0
74726 0
74735 0
74777 0
74876 0
74889 0
74934 0
74938 0
74965 0
75032 0
75044 0
75087 0
75171 0
75233 0
75460 0
75682 0
75688 0
75718 0
75828 0
75839 0
75902 0
75932 0
76017 0
76041 0
76071 0
76072 0
76083 0
76261 0
76291 0
76464 0
76557 0
76577 0
76624 0
76639 0
76673 0
76678 0
76717 0
76722 0
76723 0
76746 0
76883 0
76942 0
76947 0
76949 0
76983 0
77003 0
77014 0
77038 0
77084 0
77133 0
77141 0
77142 0
77262 0
77265 0
77351 0
77539 0
77562 0
77632 0
77664 0
77681 0
77692 0
77855 0
77874 0
77917 0
78023 0
78068 0
78069 0
78173 0
78176 0
78200 0
78253 0
78289 0
78348 0
78356 0
78357 0
78391 0
78432 0
78521 0
78559 0
78669 0
78687 0
78696 0
78780 0
78938 0
78948 0
78999 0
79077 0
79121 0
79228 0
79240 0
79361 0
79379 0
79396 0
79412 0
79418 0
79522 0
79580 0
79581 0
79584 0
79609 0
79634 0
79656 0
79765 0
79794 0
79829 0
79862 0
79921 0
80065 0
80071 0
80074 0
80075 0
80082 0
80085 0
80167 0
80266 0
80269 0
80327 0
80385 0
80450 0
80466 0
80471 0
80488 0
80490 0
80524 0
80557 0
80615 0
80645 0
80701 0
80817 0
80882 0
80949 0
80966 0
81026 0
81102 0
81104 0
81255 0
81277 0
81298 0
81403 0
81516 0
81670 0
81676 0
81681 0
81686 0
81760 0
81786 0
81798 0
81817 0
81839 0
81854 0
81968 0
81994 0
82106 0
82155 0
82201 0
82321 0
82342 0
82356 0
82488 0
82530 0
82586 0
82701 0
82809 0
82818 0
82880 0
82897 0
83028 0
83042 0
83045 0
83049 0
83095 0
83117 0
83134 0
83262 0
83271 0
83304 0
83305 0
83335 0
83419 0
83506 0
83508 0
83569 0
83615 0
83630 0
83693 0
83737 0
83777 0
83784 0
83804 0
83846 0
83986 0
84113 0
84123 0
84305 0
84450 0
84469 0
84483 0
84516 0
84558 0
84616 0
84677 0
84877 0
85022 0
85121 0
85125 0
85180 0
85219 0
85252 0
85266 0
85469 0
85555 0
85608 0
85628 0
85685 0
85709 0
85798 0
85819 0
86030 0
86070 0
86208 0
86291 0
86350 0
86359 0
86404 0
86547 0
86604 0
86711 0
86731 0
86763 0
86793 0
86907 0
86910 0
86991 0
86992 0
87046 0
87075 0
87113 0
87138 0
87178 0
87301 0
87305 0
87323 0
87340 0
87399 0
87465 0
87494 0
87522 0
87531 0
87535 0
87604 0
87607 0
87628 0
87657 0
87659 0
87717 0
87733 0
87750 0
87801 0
87882 0
87914 0
87922 0
88021 0
88029 0
88143 0
88155 0
88236 0
88284 0
88323 0
88452 0
88491 0
88516 0
88536 0
88588 0
88609 0
88662 0
88693 0
88782 0
88835 0
88957 0
89014 0
89015 0
89093 0
89105 0
89128 0
89129 0
89173 0
89193 0
89305 0
89346 0
89412 0
89421 0
89554 0
89573 0
89645 0
89652 0
89664 0
89746 0
89758 0
89759 0
89909 0
89924 0
89937 0
89986 0
90056 0
90120 0
90164 0
90170 0
90186 0
90205 0
90345 0
90439 0
90551 0
90604 0
90614 0
90631 0
90637 0
90678 0
90703 0
90777 0
90786 0
90863 0
90941 0
90995 0
91032 0
91124 0
91129 0
91138 0
91157 0
91176 0
91187 0
91233 0
91304 0
91320 0
91334 0
91364 0
91367 0
91373 0
91407 0
91552 0
91582 0
91624 0
91749 0
91836 0
91852 0
91884 0
91901 0
91920 0
91924 0
91936 0
92049 0
92157 0
92222 0
92269 0
92377 0
92427 0
92467 0
92519 0
92520 0
92630 0
92637 0
92650 0
92654 0
92708 0
92814 0
92823 0
92900 0
92970 0
93022 0
93051 0
93080 0
93101 0
93165 0
93174 0
93189 0
93250 0
93297 0
93339 0
93347 0
93504 0
93519 0
93631 0
93664 0
93699 0
93707 0
93737 0
93796 0
94012 0
94032 0
94051 0
94198 0
94313 0
94612 0
94619 0
94789 0
94801 0
94808 0
94859 0
94888 0
94940 0
94984 0
95006 0
95042 0
95075 0
95142 0
95185 0
95237 0
95271 0
95343 0
95436 0
95461 0
95537 0
95579 0
95628 0
95641 0
95658 0
95662 0
95667 0
95689 0
95818 0
95823 0
95838 0
95972 0
95974 0
96031 0
96239 0
96420 0
96479 0
96510 0
96512 0
96614 0
96642 0
96644 0
96717 0
96805 0
96834 0
96918 0
96951 0
96964 0
96985 0
97013 0
97114 0
97173 0
97258 0
97283 0
97289 0
97295 0
97351 0
97391 0
97429 0
97447 0
97457 0
97538 0
97618 0
97737 0
97770 0
97919 0
97940 0
97967 0
98024 0
98025 0
98050 0
98179 0
98191 0
98237 0
98312 0
98356 0
98402 0
98464 0
98514 0
98547 0
98645 0
98698 0
98804 0
99039 0
99096 0
99127 0
99213 0
99246 0
99313 0
99363 0
99370 0
99373 0
99414 0
99432 0
99462 0
99587 0
99669 0
99912 0
99914 0
99926 0
99957 0
