c This is a uniform distributed  1-D DIMACS file 
c width height point_number
p 100000 100000 2048
48 0
115 0
116 0
122 0
136 0
204 0
226 0
282 0
310 0
407 0
441 0
505 0
523 0
593 0
609 0
624 0
656 0
678 0
736 0
843 0
903 0
1044 0
1104 0
1128 0
1160 0
1185 0
1200 0
1209 0
1241 0
1278 0
1298 0
1366 0
1377 0
1402 0
1413 0
1446 0
1461 0
1480 0
1520 0
1583 0
1594 0
1711 0
1754 0
2033 0
2070 0
2163 0
2168 0
2178 0
2187 0
2213 0
2216 0
2231 0
2301 0
2447 0
2461 0
2465 0
2515 0
2548 0
2562 0
2610 0
2627 0
2692 0
2701 0
2725 0
2766 0
2774 0
2799 0
2876 0
2928 0
2936 0
2961 0
2975 0
3010 0
3044 0
3049 0
3092 0
3123 0
3179 0
3180 0
3253 0
3277 0
3313 0
3328 0
3360 0
3429 0
3439 0
3447 0
3458 0
3481 0
3525 0
3622 0
3645 0
3655 0
3673 0
3726 0
3769 0
3810 0
3929 0
3988 0
4119 0
4144 0
4149 0
4154 0
4189 0
4228 0
4246 0
4316 0
4378 0
4392 0
4497 0
4662 0
4663 0
4746 0
4751 0
4776 0
4824 0
4841 0
4848 0
4855 0
4867 0
4933 0
4959 0
5004 0
5023 0
5025 0
5094 0
5122 0
5128 0
5190 0
5327 0
5369 0
5376 0
5487 0
5579 0
5594 0
5633 0
5723 0
5731 0
5759 0
5762 0
5763 0
5787 0
5854 0
5862 0
5867 0
5895 0
5920 0
5925 0
5992 0
6019 0
6064 0
6067 0
6069 0
6226 0
6273 0
6389 0
6444 0
6488 0
6616 0
6655 0
6677 0
6833 0
6842 0
6949 0
7007 0
7237 0
7240 0
7268 0
7357 0
7440 0
7446 0
7459 0
7471 0
7529 0
7538 0
7692 0
7833 0
7839 0
7880 0
8003 0
8033 0
8072 0
8133 0
8255 0
8315 0
8339 0
8374 0
8387 0
8521 0
8546 0
8552 0
8654 0
8656 0
8675 0
8677 0
8695 0
8719 0
8804 0
8806 0
8838 0
9042 0
9124 0
9144 0
9208 0
9273 0
9380 0
9479 0
9507 0
9513 0
9614 0
9679 0
9699 0
9713 0
9763 0
9764 0
9806 0
9831 0
9955 0
10009 0
10056 0
10107 0
10130 0
10147 0
10148 0
10190 0
10203 0
10205 0
10207 0
10242 0
10292 0
10442 0
10523 0
10566 0
10600 0
10619 0
10646 0
10651 0
10735 0
10817 0
10838 0
10854 0
10962 0
10965 0
11121 0
11125 0
11247 0
11307 0
11333 0
11351 0
11456 0
11490 0
11491 0
11531 0
11547 0
11565 0
11659 0
11674 0
11697 0
11712 0
11713 0
11717 0
11739 0
11741 0
11787 0
11793 0
11848 0
11912 0
11928 0
11943 0
11969 0
12099 0
12136 0
12254 0
12344 0
12400 0
12421 0
12441 0
12529 0
12534 0
12579 0
12617 0
12716 0
12744 0
12820 0
12962 0
13019 0
13128 0
13221 0
13255 0
13418 0
13476 0
13663 0
13669 0
13689 0
13763 0
13791 0
13850 0
13888 0
13945 0
14035 0
14170 0
14235 0
14260 0
14264 0
14435 0
14448 0
14583 0
14598 0
14627 0
14633 0
14716 0
14792 0
14797 0
14933 0
14957 0
15011 0
15188 0
15191 0
15251 0
15262 0
15314 0
15320 0
15351 0
15418 0
15579 0
15624 0
15669 0
15684 0
15697 0
15710 0
15727 0
15804 0
15841 0
15857 0
15894 0
15902 0
16128 0
16148 0
16183 0
16191 0
16246 0
16249 0
16265 0
16270 0
16291 0
16407 0
16459 0
16464 0
16573 0
16618 0
16803 0
16825 0
16971 0
17013 0
17039 0
17081 0
17127 0
17225 0
17236 0
17257 0
17266 0
17316 0
17449 0
17555 0
17582 0
17625 0
17697 0
17738 0
17808 0
17899 0
17941 0
17998 0
18041 0
18237 0
18410 0
18450 0
18610 0
18622 0
18671 0
18752 0
18992 0
19008 0
19009 0
19015 0
19037 0
19112 0
19121 0
19165 0
19259 0
19276 0
19277 0
19280 0
19329 0
19347 0
19354 0
19357 0
19395 0
19431 0
19452 0
19618 0
19722 0
19819 0
19833 0
19861 0
19877 0
19891 0
19903 0
19959 0
19969 0
20017 0
20060 0
20091 0
20127 0
20130 0
20191 0
20236 0
20258 0
20370 0
20386 0
20399 0
20594 0
20598 0
20689 0
20720 0
20737 0
20778 0
20783 0
20789 0
20861 0
20862 0
20946 0
20980 0
21146 0
21191 0
21249 0
21317 0
21357 0
21440 0
21445 0
21509 0
21517 0
21578 0
21622 0
21650 0
21717 0
21728 0
21770 0
21821 0
21932 0
21957 0
22093 0
22199 0
22354 0
22470 0
22553 0
22613 0
22645 0
22683 0
22691 0
22731 0
22763 0
22780 0
22811 0
22925 0
22948 0
22953 0
22993 0
23072 0
23116 0
23163 0
23180 0
23251 0
23298 0
23339 0
23348 0
23398 0
23463 0
23484 0
23529 0
23541 0
23557 0
23711 0
23735 0
23791 0
23794 0
23820 0
23830 0
23847 0
23857 0
23922 0
23982 0
23995 0
24019 0
24052 0
24079 0
24163 0
24169 0
24206 0
24244 0
24301 0
24357 0
24397 0
24461 0
24466 0
24472 0
24479 0
24560 0
24647 0
24672 0
24684 0
24691 0
24693 0
24695 0
24726 0
24736 0
24840 0
24901 0
25034 0
25061 0
25065 0
25080 0
25087 0
25136 0
25208 0
25294 0
25319 0
25479 0
25504 0
25513 0
25563 0
25585 0
25763 0
25807 0
25810 0
25836 0
25883 0
25966 0
26091 0
26131 0
26137 0
26187 0
26236 0
26274 0
26362 0
26364 0
26386 0
26429 0
26453 0
26503 0
26563 0
26597 0
26648 0
26754 0
26907 0
26988 0
27123 0
27305 0
27373 0
27378 0
27408 0
27600 0
27631 0
27717 0
27876 0
27952 0
28000 0
28003 0
28087 0
28176 0
28220 0
28270 0
28282 0
28313 0
28314 0
28326 0
28348 0
28368 0
28544 0
28657 0
28680 0
28795 0
28822 0
28855 0
28865 0
28894 0
28927 0
28975 0
29315 0
29436 0
29455 0
29551 0
29679 0
29723 0
29762 0
29772 0
29775 0
29777 0
29795 0
29948 0
29982 0
30111 0
30128 0
30158 0
30163 0
30203 0
30285 0
30343 0
30390 0
30415 0
30498 0
30517 0
30551 0
30571 0
30583 0
30615 0
30654 0
30665 0
30727 0
30813 0
30876 0
30896 0
30932 0
30991 0
31004 0
31065 0
31079 0
31169 0
31457 0
31458 0
31539 0
31546 0
31590 0
31660 0
31661 0
31706 0
31717 0
31934 0
31993 0
32010 0
32015 0
32029 0
32114 0
32149 0
32165 0
32221 0
32238 0
32243 0
32249 0
32265 0
32347 0
32389 0
32390 0
32399 0
32402 0
32435 0
32441 0
32456 0
32496 0
32542 0
32626 0
32669 0
32676 0
32685 0
32723 0
32774 0
32822 0
32936 0
33000 0
33123 0
33140 0
33157 0
33164 0
33199 0
33206 0
33253 0
33271 0
33315 0
33382 0
33397 0
33421 0
33516 0
33606 0
33693 0
33782 0
33789 0
33922 0
33945 0
34061 0
34110 0
34168 0
34179 0
34301 0
34306 0
34331 0
34361 0
34375 0
34385 0
34486 0
34502 0
34602 0
34724 0
34752 0
34767 0
34789 0
35000 0
35009 0
35240 0
35447 0
35476 0
35511 0
35528 0
35553 0
35645 0
35694 0
35703 0
35770 0
35791 0
35815 0
35859 0
35896 0
35909 0
35920 0
35999 0
36010 0
36060 0
36088 0
36154 0
36267 0
36274 0
36333 0
36430 0
36477 0
36483 0
36537 0
36679 0
36701 0
36731 0
36809 0
36855 0
36959 0
37035 0
37072 0
37103 0
37143 0
37183 0
37314 0
37322 0
37340 0
37342 0
37355 0
37392 0
37413 0
37564 0
37601 0
37605 0
37693 0
37781 0
37796 0
37804 0
37807 0
37831 0
37885 0
37914 0
37970 0
38085 0
38268 0
38312 0
38390 0
38431 0
38435 0
38481 0
38567 0
38598 0
38622 0
38643 0
38648 0
38757 0
38758 0
38804 0
38856 0
38869 0
38895 0
38933 0
38951 0
38969 0
38990 0
39037 0
39039 0
39057 0
39060 0
39068 0
39146 0
39201 0
39208 0
39249 0
39380 0
39437 0
39477 0
39523 0
39695 0
39779 0
39794 0
39796 0
39841 0
39930 0
39939 0
39949 0
40030 0
40045 0
40173 0
40228 0
40237 0
40244 0
40252 0
40284 0
40338 0
40364 0
40385 0
40485 0
40493 0
40515 0
40525 0
40575 0
40627 0
40629 0
40808 0
40829 0
40834 0
40876 0
40886 0
40910 0
40944 0
40950 0
40962 0
40971 0
40985 0
41133 0
41138 0
41222 0
41269 0
41311 0
41367 0
41423 0
41482 0
41570 0
41594 0
41616 0
41670 0
41687 0
41715 0
41718 0
41748 0
41756 0
41780 0
41815 0
41831 0
41846 0
41920 0
41960 0
41988 0
42041 0
42043 0
42166 0
42182 0
42196 0
42207 0
42214 0
42222 0
42224 0
42335 0
42365 0
42474 0
42475 0
42783 0
42829 0
42903 0
42950 0
43019 0
43066 0
43083 0
43091 0
43133 0
43135 0
43181 0
43197 0
43249 0
43359 0
43385 0
43419 0
43429 0
43440 0
43485 0
43698 0
43755 0
43756 0
43805 0
43846 0
43997 0
44083 0
44119 0
44446 0
44524 0
44633 0
44749 0
44752 0
45007 0
45080 0
45082 0
45089 0
45120 0
45132 0
45143 0
45260 0
45362 0
45364 0
45411 0
45464 0
45501 0
45524 0
45565 0
45590 0
45611 0
45656 0
45698 0
45767 0
45819 0
45847 0
45860 0
46019 0
46039 0
46112 0
46120 0
46141 0
46151 0
46153 0
46164 0
46234 0
46329 0
46396 0
46432 0
46520 0
46661 0
46870 0
46984 0
47032 0
47042 0
47161 0
47180 0
47210 0
47249 0
47274 0
47310 0
47346 0
47348 0
47359 0
47366 0
47493 0
47517 0
47537 0
47580 0
47696 0
47736 0
47825 0
47829 0
47832 0
47833 0
47841 0
47888 0
47964 0
48050 0
48055 0
48058 0
48074 0
48109 0
48175 0
48206 0
48350 0
48424 0
48465 0
48502 0
48544 0
48715 0
48780 0
48885 0
48996 0
49029 0
49077 0
49123 0
49277 0
49294 0
49296 0
49374 0
49395 0
49419 0
49467 0
49564 0
49605 0
49630 0
49643 0
49673 0
49817 0
49931 0
50016 0
50035 0
50075 0
50180 0
50301 0
50306 0
50349 0
50382 0
50383 0
50390 0
50450 0
50576 0
50595 0
50602 0
50624 0
50700 0
50736 0
50756 0
50758 0
50760 0
50808 0
50815 0
50820 0
50824 0
51008 0
51011 0
51013 0
51036 0
51177 0
51265 0
51337 0
51359 0
51408 0
51431 0
51449 0
51458 0
51503 0
51517 0
51549 0
51616 0
51707 0
51737 0
51771 0
51784 0
51862 0
51871 0
51902 0
51921 0
51950 0
51959 0
51960 0
51969 0
51982 0
52006 0
52016 0
52028 0
52093 0
52164 0
52168 0
52201 0
52223 0
52257 0
52411 0
52418 0
52430 0
52505 0
52613 0
52661 0
52725 0
52772 0
52795 0
52803 0
52836 0
52858 0
52911 0
52934 0
53034 0
53078 0
53213 0
53273 0
53299 0
53316 0
53347 0
53381 0
53438 0
53455 0
53505 0
53537 0
53594 0
53621 0
53770 0
54038 0
54064 0
54073 0
54077 0
54083 0
54116 0
54147 0
54211 0
54220 0
54256 0
54295 0
54392 0
54462 0
54470 0
54483 0
54515 0
54814 0
54822 0
54839 0
55012 0
55039 0
55076 0
55082 0
55095 0
55134 0
55217 0
55230 0
55235 0
55236 0
55288 0
55397 0
55464 0
55495 0
55555 0
55597 0
55601 0
55685 0
55690 0
55770 0
55800 0
55853 0
55862 0
55898 0
55948 0
55963 0
56034 0
56035 0
56050 0
56101 0
56160 0
56163 0
56364 0
56375 0
56397 0
56455 0
56457 0
56583 0
56590 0
56610 0
56618 0
56619 0
56620 0
56626 0
56903 0
56909 0
57065 0
57106 0
57131 0
57160 0
57174 0
57184 0
57191 0
57206 0
57223 0
57381 0
57442 0
57463 0
57481 0
57555 0
57611 0
57635 0
57726 0
57736 0
57783 0
57876 0
57902 0
57924 0
57941 0
57989 0
58085 0
58124 0
58243 0
58317 0
58422 0
58477 0
58577 0
58591 0
58700 0
58734 0
58740 0
58776 0
58777 0
58815 0
58820 0
58845 0
58884 0
58907 0
58920 0
58923 0
58978 0
59050 0
59126 0
59141 0
59191 0
59231 0
59240 0
59253 0
59274 0
59301 0
59349 0
59397 0
59430 0
59432 0
59469 0
59487 0
59548 0
59742 0
59745 0
59750 0
59788 0
59856 0
59993 0
60086 0
60190 0
60242 0
60255 0
60343 0
60347 0
60382 0
60462 0
60480 0
60529 0
60539 0
60600 0
60692 0
60697 0
60750 0
60755 0
60801 0
60869 0
60915 0
60949 0
61011 0
61013 0
61058 0
61154 0
61172 0
61182 0
61192 0
61253 0
61313 0
61375 0
61380 0
61423 0
61497 0
61612 0
61647 0
61690 0
61716 0
61730 0
61735 0
61746 0
61814 0
61822 0
61909 0
62032 0
62080 0
62096 0
62171 0
62247 0
62290 0
62326 0
62395 0
62403 0
62456 0
62466 0
62539 0
62568 0
62776 0
62787 0
62798 0
62888 0
62905 0
62913 0
62926 0
62928 0
63008 0
63342 0
63562 0
63681 0
63729 0
63735 0
63789 0
63819 0
63821 0
63973 0
63992 0
64001 0
64034 0
64057 0
64070 0
64087 0
64090 0
64118 0
64226 0
64242 0
64247 0
64312 0
64317 0
64344 0
64384 0
64454 0
64544 0
64546 0
64608 0
64688 0
64715 0
64755 0
64895 0
65036 0
65051 0
65080 0
65095 0
65111 0
65128 0
65130 0
65133 0
65274 0
65341 0
65346 0
65378 0
65380 0
65475 0
65484 0
65522 0
65589 0
65644 0
65646 0
65889 0
65949 0
65976 0
66109 0
66155 0
66179 0
66180 0
66201 0
66275 0
66299 0
66376 0
66435 0
66445 0
66499 0
66657 0
66740 0
66756 0
66761 0
66784 0
66801 0
66821 0
66841 0
66972 0
67018 0
67022 0
67122 0
67134 0
67163 0
67226 0
67227 0
67247 0
67254 0
67291 0
67309 0
67353 0
67355 0
67378 0
67399 0
67403 0
67430 0
67478 0
67516 0
67532 0
67535 0
67577 0
67621 0
67659 0
67692 0
67709 0
67853 0
68056 0
68059 0
68060 0
68091 0
68231 0
68269 0
68300 0
68343 0
68405 0
68445 0
68463 0
68469 0
68527 0
68546 0
68570 0
68571 0
68661 0
68717 0
68818 0
68898 0
68920 0
68930 0
69034 0
69077 0
69120 0
69237 0
69256 0
69260 0
69494 0
69508 0
69530 0
69610 0
69660 0
69821 0
69822 0
69862 0
69875 0
69997 0
70000 0
70010 0
70064 0
70155 0
70190 0
70318 0
70359 0
70361 0
70374 0
70418 0
70470 0
70557 0
70611 0
70733 0
70878 0
70905 0
71102 0
71111 0
71119 0
71178 0
71227 0
71232 0
71285 0
71295 0
71343 0
71369 0
71385 0
71414 0
71426 0
71451 0
71473 0
71480 0
71489 0
71527 0
71574 0
71655 0
71735 0
71736 0
71778 0
71863 0
71916 0
71976 0
72021 0
72209 0
72309 0
72358 0
72378 0
72393 0
72510 0
72523 0
72671 0
72726 0
72838 0
72861 0
72910 0
72955 0
73000 0
73098 0
73164 0
73171 0
73181 0
73230 0
73245 0
73262 0
73368 0
73382 0
73384 0
73422 0
73470 0
73485 0
73509 0
73516 0
73527 0
73548 0
73581 0
73714 0
73769 0
73805 0
73836 0
73876 0
73935 0
73936 0
73937 0
73977 0
73981 0
73992 0
74015 0
74077 0
74099 0
74154 0
74155 0
74160 0
74202 0
74215 0
74251 0
74288 0
74336 0
74371 0
74379 0
74465 0
74586 0
74707 0
74713 0
74767 0
74904 0
74909 0
74955 0
75029 0
75036 0
75060 0
75122 0
75160 0
75219 0
75358 0
75381 0
75439 0
75495 0
75538 0
75594 0
75611 0
75633 0
75651 0
75655 0
75660 0
75671 0
75693 0
75762 0
75778 0
75788 0
75806 0
75812 0
75980 0
76006 0
76061 0
76077 0
76120 0
76127 0
76164 0
76169 0
76271 0
76286 0
76322 0
76373 0
76390 0
76412 0
76439 0
76452 0
76483 0
76493 0
76512 0
76526 0
76529 0
76578 0
76611 0
76649 0
76744 0
76750 0
76753 0
77099 0
77257 0
77322 0
77379 0
77383 0
77410 0
77430 0
77454 0
77512 0
77554 0
77582 0
77623 0
77659 0
77663 0
77738 0
77805 0
77807 0
77826 0
77923 0
77995 0
78123 0
78150 0
78161 0
78173 0
78182 0
78223 0
78237 0
78254 0
78288 0
78295 0
78311 0
78316 0
78451 0
78516 0
78519 0
78570 0
78636 0
78689 0
78794 0
78849 0
78871 0
78967 0
78993 0
79099 0
79117 0
79221 0
79307 0
79321 0
79368 0
79460 0
79472 0
79491 0
79498 0
79641 0
79708 0
79736 0
79750 0
79806 0
79820 0
79855 0
79870 0
79879 0
79997 0
80089 0
80156 0
80157 0
80161 0
80165 0
80197 0
80207 0
80217 0
80281 0
80344 0
80356 0
80374 0
80443 0
80561 0
80606 0
80679 0
80785 0
80929 0
80940 0
80947 0
81015 0
81028 0
81033 0
81062 0
81105 0
81152 0
81188 0
81213 0
81244 0
81279 0
81296 0
81359 0
81400 0
81462 0
81555 0
81602 0
81634 0
81638 0
81780 0
81848 0
81860 0
81922 0
81934 0
82096 0
82105 0
82133 0
82166 0
82200 0
82278 0
82344 0
82361 0
82416 0
82468 0
82491 0
82492 0
82583 0
82625 0
82649 0
82758 0
82838 0
82841 0
82903 0
82951 0
82956 0
82994 0
83032 0
83048 0
83069 0
83138 0
83236 0
83355 0
83393 0
83446 0
83465 0
83521 0
83578 0
83592 0
83607 0
83647 0
83791 0
83861 0
83864 0
83872 0
83916 0
83923 0
84030 0
84109 0
84156 0
84162 0
84180 0
84187 0
84204 0
84210 0
84274 0
84401 0
84483 0
84489 0
84505 0
84558 0
84577 0
84665 0
84666 0
84754 0
84783 0
84786 0
84800 0
84859 0
85013 0
85029 0
85111 0
85183 0
85231 0
85306 0
85308 0
85314 0
85393 0
85486 0
85520 0
85534 0
85537 0
85597 0
85646 0
85804 0
86009 0
86028 0
86039 0
86124 0
86126 0
86144 0
86226 0
86269 0
86379 0
86426 0
86454 0
86505 0
86676 0
86846 0
86848 0
86856 0
86959 0
86997 0
86999 0
87027 0
87028 0
87060 0
87079 0
87083 0
87115 0
87125 0
87144 0
87209 0
87269 0
87307 0
87445 0
87503 0
87509 0
87518 0
87615 0
87688 0
87707 0
87760 0
87810 0
87858 0
87859 0
88034 0
88069 0
88361 0
88439 0
88474 0
88503 0
88522 0
88529 0
88595 0
88604 0
88619 0
88634 0
88668 0
88685 0
88714 0
88749 0
88753 0
88984 0
89007 0
89070 0
89090 0
89187 0
89203 0
89260 0
89338 0
89397 0
89403 0
89405 0
89495 0
89515 0
89585 0
89633 0
89640 0
89645 0
89730 0
89768 0
89965 0
89987 0
90017 0
90032 0
90051 0
90058 0
90135 0
90138 0
90242 0
90267 0
90296 0
90305 0
90351 0
90377 0
90408 0
90430 0
90446 0
90590 0
90618 0
90691 0
90695 0
90712 0
90832 0
90853 0
90885 0
90911 0
90922 0
90987 0
91155 0
91187 0
91249 0
91275 0
91308 0
91329 0
91429 0
91444 0
91452 0
91566 0
91609 0
91692 0
91798 0
91799 0
91824 0
91829 0
91839 0
91946 0
92181 0
92242 0
92276 0
92291 0
92315 0
92325 0
92373 0
92386 0
92411 0
92458 0
92464 0
92538 0
92571 0
92608 0
92668 0
92675 0
92725 0
92783 0
92794 0
92817 0
92826 0
92834 0
92874 0
92911 0
92922 0
92983 0
93058 0
93089 0
93181 0
93193 0
93195 0
93215 0
93282 0
93399 0
93422 0
93454 0
93482 0
93493 0
93558 0
93644 0
93652 0
93709 0
93722 0
93724 0
93745 0
93759 0
93819 0
93886 0
93921 0
93937 0
94004 0
94109 0
94110 0
94141 0
94218 0
94288 0
94300 0
94504 0
94619 0
94778 0
94866 0
94887 0
94944 0
94957 0
95033 0
95037 0
95085 0
95139 0
95233 0
95236 0
95326 0
95379 0
95384 0
95390 0
95398 0
95547 0
95710 0
95723 0
95772 0
95822 0
96010 0
96038 0
96127 0
96140 0
96246 0
96323 0
96407 0
96410 0
96415 0
96421 0
96517 0
96610 0
96629 0
96659 0
96705 0
96716 0
96758 0
96763 0
96833 0
96880 0
96997 0
97077 0
97078 0
97085 0
97088 0
97179 0
97249 0
97348 0
97397 0
97607 0
97652 0
97695 0
97716 0
97760 0
97781 0
97984 0
97994 0
98062 0
98127 0
98180 0
98221 0
98222 0
98228 0
98259 0
98399 0
98406 0
98450 0
98503 0
98510 0
98518 0
98519 0
98587 0
98656 0
98701 0
98735 0
98778 0
98859 0
98867 0
99129 0
99192 0
99248 0
99274 0
99343 0
99406 0
99419 0
99548 0
99696 0
99722 0
99723 0
99793 0
99942 0
99987 0
