c This is a uniform distributed  1-D DIMACS file 
c width height point_number
p 100000 100000 2048
47 0
113 0
223 0
316 0
415 0
426 0
522 0
557 0
568 0
615 0
630 0
660 0
690 0
737 0
745 0
768 0
778 0
788 0
814 0
826 0
860 0
894 0
929 0
936 0
948 0
1043 0
1055 0
1101 0
1166 0
1218 0
1323 0
1342 0
1413 0
1429 0
1432 0
1446 0
1476 0
1497 0
1519 0
1560 0
1565 0
1578 0
1580 0
1620 0
1639 0
1640 0
1645 0
1722 0
1727 0
1815 0
1851 0
1925 0
1930 0
2004 0
2050 0
2122 0
2126 0
2232 0
2405 0
2542 0
2579 0
2709 0
2750 0
2763 0
2764 0
2779 0
2789 0
2822 0
2868 0
2911 0
2944 0
2951 0
2956 0
2970 0
3017 0
3031 0
3036 0
3071 0
3112 0
3393 0
3395 0
3403 0
3447 0
3473 0
3488 0
3566 0
3634 0
3703 0
3731 0
3744 0
3775 0
3786 0
3809 0
3845 0
3947 0
3960 0
4060 0
4120 0
4133 0
4235 0
4262 0
4323 0
4382 0
4460 0
4566 0
4576 0
4787 0
4817 0
4931 0
5011 0
5125 0
5287 0
5309 0
5345 0
5385 0
5567 0
5606 0
5642 0
5692 0
5788 0
5789 0
5963 0
6039 0
6081 0
6212 0
6275 0
6337 0
6351 0
6368 0
6428 0
6430 0
6488 0
6519 0
6555 0
6639 0
6661 0
6804 0
6818 0
6830 0
6837 0
6841 0
6866 0
6877 0
6883 0
6886 0
6901 0
6912 0
6946 0
6954 0
6971 0
6974 0
7007 0
7012 0
7087 0
7157 0
7287 0
7306 0
7319 0
7380 0
7408 0
7416 0
7456 0
7495 0
7578 0
7667 0
7670 0
7794 0
7796 0
7818 0
7924 0
8008 0
8042 0
8070 0
8101 0
8124 0
8140 0
8240 0
8269 0
8398 0
8417 0
8540 0
8583 0
8598 0
8729 0
8731 0
8798 0
8828 0
8886 0
8915 0
8988 0
9148 0
9204 0
9324 0
9362 0
9396 0
9494 0
9569 0
9606 0
9680 0
9746 0
9751 0
9797 0
9936 0
9942 0
9952 0
9997 0
10077 0
10186 0
10227 0
10247 0
10259 0
10301 0
10309 0
10337 0
10344 0
10353 0
10478 0
10518 0
10545 0
10568 0
10644 0
10766 0
10835 0
10881 0
10936 0
10942 0
11070 0
11077 0
11121 0
11153 0
11197 0
11258 0
11266 0
11318 0
11401 0
11424 0
11456 0
11508 0
11528 0
11813 0
11836 0
11904 0
11916 0
11945 0
11952 0
11984 0
11995 0
12145 0
12151 0
12161 0
12261 0
12268 0
12410 0
12509 0
12529 0
12539 0
12572 0
12578 0
12704 0
12746 0
12802 0
12902 0
12969 0
12990 0
12993 0
12995 0
13109 0
13145 0
13153 0
13188 0
13230 0
13271 0
13348 0
13359 0
13392 0
13398 0
13418 0
13455 0
13529 0
13545 0
13614 0
13651 0
13700 0
13734 0
13753 0
13817 0
13819 0
13893 0
14061 0
14062 0
14154 0
14157 0
14179 0
14227 0
14415 0
14428 0
14502 0
14524 0
14590 0
14701 0
14742 0
14765 0
15062 0
15154 0
15163 0
15164 0
15174 0
15242 0
15245 0
15255 0
15286 0
15393 0
15438 0
15495 0
15564 0
15585 0
15634 0
15652 0
15859 0
15872 0
15944 0
16040 0
16059 0
16093 0
16120 0
16195 0
16229 0
16276 0
16420 0
16609 0
16769 0
16811 0
16835 0
16847 0
16878 0
16910 0
16945 0
16981 0
17011 0
17047 0
17050 0
17127 0
17176 0
17178 0
17230 0
17242 0
17249 0
17284 0
17327 0
17337 0
17382 0
17433 0
17459 0
17474 0
17500 0
17629 0
17682 0
17727 0
17741 0
17759 0
17778 0
17783 0
17791 0
17810 0
17828 0
17877 0
17906 0
17945 0
18020 0
18040 0
18103 0
18104 0
18156 0
18258 0
18408 0
18424 0
18556 0
18579 0
18614 0
18738 0
18743 0
18767 0
18795 0
18833 0
18868 0
18966 0
19006 0
19036 0
19038 0
19040 0
19208 0
19298 0
19306 0
19380 0
19406 0
19483 0
19486 0
19488 0
19543 0
19577 0
19578 0
19666 0
19706 0
19745 0
19775 0
19782 0
19800 0
19802 0
19848 0
19885 0
19902 0
19938 0
20042 0
20093 0
20101 0
20125 0
20128 0
20277 0
20373 0
20467 0
20541 0
20580 0
20722 0
20765 0
20780 0
20792 0
20795 0
20853 0
20854 0
20878 0
20894 0
20908 0
20949 0
20954 0
20957 0
20968 0
21002 0
21004 0
21045 0
21048 0
21112 0
21140 0
21150 0
21268 0
21298 0
21368 0
21462 0
21524 0
21545 0
21571 0
21578 0
21664 0
21682 0
21840 0
21861 0
21879 0
21940 0
22002 0
22012 0
22061 0
22077 0
22185 0
22209 0
22268 0
22300 0
22322 0
22385 0
22415 0
22517 0
22535 0
22632 0
22645 0
22749 0
22752 0
22777 0
22785 0
22901 0
22936 0
22961 0
22969 0
22998 0
23063 0
23072 0
23173 0
23183 0
23198 0
23207 0
23322 0
23400 0
23467 0
23494 0
23538 0
23564 0
23577 0
23663 0
23783 0
23789 0
23886 0
23893 0
24056 0
24126 0
24265 0
24274 0
24307 0
24484 0
24545 0
24586 0
24697 0
24783 0
24838 0
24923 0
24934 0
25071 0
25096 0
25113 0
25270 0
25279 0
25293 0
25306 0
25337 0
25377 0
25403 0
25473 0
25493 0
25514 0
25615 0
25638 0
25654 0
25734 0
25739 0
25763 0
25793 0
25850 0
25904 0
26035 0
26082 0
26111 0
26192 0
26206 0
26217 0
26245 0
26467 0
26671 0
26692 0
26832 0
26839 0
26876 0
26996 0
27028 0
27090 0
27103 0
27130 0
27160 0
27216 0
27233 0
27275 0
27331 0
27435 0
27495 0
27645 0
27726 0
27738 0
27801 0
27810 0
27850 0
27861 0
27873 0
27887 0
27977 0
28087 0
28131 0
28132 0
28308 0
28325 0
28402 0
28415 0
28425 0
28455 0
28463 0
28470 0
28535 0
28597 0
28619 0
28644 0
28746 0
28754 0
28838 0
28882 0
28901 0
28931 0
29161 0
29175 0
29197 0
29322 0
29343 0
29367 0
29474 0
29489 0
29578 0
29602 0
29702 0
29763 0
29781 0
29952 0
29986 0
30006 0
30029 0
30065 0
30112 0
30134 0
30319 0
30388 0
30506 0
30592 0
30676 0
30731 0
30740 0
30793 0
30931 0
31034 0
31084 0
31116 0
31188 0
31211 0
31241 0
31260 0
31366 0
31392 0
31397 0
31407 0
31418 0
31449 0
31481 0
31572 0
31614 0
31648 0
31701 0
31712 0
31759 0
31822 0
31885 0
31913 0
31944 0
31990 0
32045 0
32089 0
32134 0
32162 0
32183 0
32253 0
32294 0
32347 0
32384 0
32455 0
32465 0
32556 0
32586 0
32798 0
32826 0
32885 0
32912 0
32927 0
32942 0
32953 0
32954 0
32985 0
33019 0
33089 0
33109 0
33126 0
33197 0
33245 0
33259 0
33277 0
33278 0
33301 0
33305 0
33380 0
33465 0
33508 0
33534 0
33663 0
33687 0
33716 0
33730 0
33746 0
33802 0
33963 0
34111 0
34163 0
34331 0
34340 0
34504 0
34506 0
34544 0
34553 0
34570 0
34575 0
34579 0
34592 0
34612 0
34664 0
34673 0
34749 0
34838 0
34839 0
34916 0
34928 0
34934 0
34987 0
35027 0
35047 0
35072 0
35078 0
35115 0
35140 0
35280 0
35295 0
35302 0
35320 0
35416 0
35452 0
35506 0
35545 0
35617 0
35654 0
35663 0
35737 0
35768 0
35795 0
35910 0
35965 0
35999 0
36164 0
36191 0
36263 0
36275 0
36320 0
36359 0
36393 0
36426 0
36445 0
36545 0
36589 0
36625 0
36641 0
36668 0
36674 0
36681 0
36694 0
36695 0
36721 0
36735 0
36750 0
36853 0
36918 0
36946 0
36958 0
36992 0
37103 0
37127 0
37215 0
37264 0
37285 0
37352 0
37371 0
37640 0
37686 0
37748 0
37789 0
37792 0
37885 0
37918 0
38052 0
38072 0
38077 0
38142 0
38148 0
38157 0
38221 0
38226 0
38264 0
38307 0
38319 0
38324 0
38346 0
38353 0
38387 0
38514 0
38549 0
38606 0
38644 0
38896 0
38959 0
39007 0
39112 0
39128 0
39144 0
39166 0
39196 0
39219 0
39379 0
39501 0
39517 0
39527 0
39593 0
39640 0
39647 0
39721 0
39826 0
39836 0
39902 0
40066 0
40117 0
40134 0
40145 0
40164 0
40304 0
40312 0
40360 0
40407 0
40444 0
40616 0
40650 0
40691 0
40725 0
40810 0
40911 0
40921 0
40950 0
40955 0
41038 0
41112 0
41284 0
41294 0
41349 0
41353 0
41354 0
41386 0
41450 0
41478 0
41563 0
41611 0
41631 0
41646 0
41714 0
41727 0
41783 0
41794 0
41796 0
41804 0
41851 0
42011 0
42037 0
42064 0
42071 0
42087 0
42129 0
42149 0
42177 0
42184 0
42189 0
42222 0
42247 0
42311 0
42485 0
42537 0
42553 0
42554 0
42560 0
42607 0
42608 0
42693 0
42696 0
42723 0
42795 0
42892 0
42934 0
42966 0
42982 0
43082 0
43102 0
43148 0
43292 0
43384 0
43403 0
43526 0
43553 0
43611 0
43636 0
43697 0
43701 0
43705 0
43727 0
43747 0
43880 0
43886 0
43924 0
43929 0
43951 0
44014 0
44054 0
44064 0
44128 0
44135 0
44139 0
44147 0
44148 0
44261 0
44317 0
44346 0
44374 0
44376 0
44400 0
44509 0
44514 0
44532 0
44558 0
44650 0
44652 0
44735 0
44736 0
44747 0
44826 0
44853 0
44999 0
45082 0
45096 0
45107 0
45206 0
45209 0
45273 0
45345 0
45462 0
45592 0
45645 0
45649 0
45650 0
45667 0
45822 0
45881 0
45885 0
45943 0
46162 0
46170 0
46241 0
46269 0
46310 0
46370 0
46433 0
46446 0
46601 0
46626 0
46652 0
46714 0
46749 0
46786 0
46801 0
46823 0
46868 0
46934 0
46938 0
46939 0
46981 0
47164 0
47178 0
47196 0
47211 0
47236 0
47269 0
47377 0
47390 0
47440 0
47484 0
47624 0
47691 0
47721 0
47803 0
47899 0
47948 0
47949 0
47994 0
48068 0
48080 0
48157 0
48255 0
48291 0
48361 0
48430 0
48447 0
48525 0
48614 0
48656 0
48675 0
48765 0
48887 0
48984 0
49034 0
49041 0
49074 0
49355 0
49372 0
49387 0
49512 0
49547 0
49608 0
49700 0
49740 0
49766 0
49798 0
49841 0
49944 0
49977 0
49989 0
49990 0
50042 0
50126 0
50140 0
50182 0
50184 0
50284 0
50355 0
50361 0
50380 0
50388 0
50529 0
50626 0
50785 0
50871 0
50885 0
50952 0
51015 0
51019 0
51049 0
51096 0
51239 0
51249 0
51369 0
51410 0
51452 0
51458 0
51510 0
51545 0
51765 0
51840 0
51879 0
51882 0
52010 0
52035 0
52043 0
52088 0
52149 0
52229 0
52295 0
52307 0
52370 0
52432 0
52451 0
52468 0
52572 0
52599 0
52608 0
52689 0
52746 0
52788 0
52858 0
52992 0
53026 0
53037 0
53049 0
53054 0
53087 0
53105 0
53135 0
53142 0
53162 0
53167 0
53322 0
53353 0
53374 0
53419 0
53422 0
53516 0
53522 0
53542 0
53580 0
53595 0
53631 0
53670 0
53698 0
53796 0
53803 0
53899 0
54052 0
54109 0
54166 0
54168 0
54269 0
54310 0
54328 0
54394 0
54427 0
54476 0
54595 0
54635 0
54639 0
54689 0
54707 0
54723 0
54786 0
54952 0
55059 0
55164 0
55301 0
55348 0
55496 0
55529 0
55579 0
55580 0
55583 0
55705 0
55718 0
55729 0
55745 0
55760 0
55780 0
55785 0
55796 0
55840 0
55845 0
55902 0
55995 0
56000 0
56018 0
56192 0
56225 0
56259 0
56294 0
56358 0
56405 0
56435 0
56487 0
56558 0
56616 0
56690 0
56777 0
56826 0
56839 0
56840 0
56974 0
57004 0
57008 0
57075 0
57082 0
57091 0
57097 0
57111 0
57310 0
57315 0
57343 0
57350 0
57415 0
57420 0
57543 0
57555 0
57630 0
57663 0
57665 0
57715 0
57718 0
57797 0
57820 0
57936 0
57940 0
57949 0
58008 0
58034 0
58067 0
58080 0
58097 0
58132 0
58185 0
58243 0
58334 0
58340 0
58401 0
58409 0
58462 0
58469 0
58513 0
58547 0
58665 0
58676 0
58769 0
58783 0
58785 0
58911 0
58944 0
58974 0
59012 0
59018 0
59042 0
59090 0
59148 0
59321 0
59382 0
59421 0
59440 0
59465 0
59496 0
59593 0
59681 0
59691 0
59695 0
59767 0
59790 0
59863 0
59864 0
59871 0
59891 0
59948 0
59984 0
60010 0
60015 0
60040 0
60138 0
60170 0
60199 0
60217 0
60227 0
60238 0
60263 0
60271 0
60275 0
60332 0
60374 0
60375 0
60445 0
60459 0
60507 0
60569 0
60680 0
60706 0
60715 0
60853 0
60862 0
60911 0
61008 0
61020 0
61028 0
61052 0
61081 0
61128 0
61152 0
61194 0
61221 0
61255 0
61338 0
61371 0
61374 0
61400 0
61661 0
61672 0
61718 0
61732 0
61810 0
61815 0
61820 0
61913 0
61975 0
61983 0
62039 0
62129 0
62138 0
62146 0
62151 0
62195 0
62231 0
62245 0
62337 0
62344 0
62355 0
62366 0
62431 0
62474 0
62499 0
62775 0
62815 0
62840 0
62936 0
62949 0
62978 0
63038 0
63083 0
63131 0
63164 0
63191 0
63319 0
63411 0
63522 0
63632 0
63829 0
63875 0
63884 0
63920 0
63943 0
64084 0
64135 0
64192 0
64230 0
64285 0
64457 0
64527 0
64532 0
64547 0
64687 0
64700 0
64706 0
64767 0
64887 0
64929 0
64958 0
64960 0
64991 0
65014 0
65042 0
65056 0
65078 0
65114 0
65144 0
65256 0
65265 0
65290 0
65398 0
65447 0
65515 0
65549 0
65578 0
65581 0
65651 0
65679 0
65827 0
65876 0
65896 0
65919 0
65924 0
65979 0
65997 0
66097 0
66117 0
66139 0
66142 0
66167 0
66169 0
66204 0
66224 0
66283 0
66291 0
66318 0
66319 0
66348 0
66383 0
66428 0
66469 0
66498 0
66519 0
66521 0
66576 0
66580 0
66615 0
66632 0
66686 0
66726 0
66734 0
66745 0
66780 0
66909 0
66946 0
66994 0
67031 0
67066 0
67082 0
67159 0
67247 0
67287 0
67342 0
67349 0
67380 0
67438 0
67443 0
67465 0
67514 0
67517 0
67548 0
67631 0
67687 0
67691 0
67716 0
67734 0
67736 0
67747 0
67768 0
67871 0
67882 0
67885 0
67890 0
68032 0
68183 0
68228 0
68245 0
68262 0
68371 0
68385 0
68401 0
68648 0
68662 0
68675 0
68723 0
68759 0
68760 0
68812 0
68912 0
68940 0
69012 0
69022 0
69035 0
69120 0
69157 0
69259 0
69269 0
69327 0
69432 0
69493 0
69619 0
69629 0
69751 0
69763 0
69802 0
69826 0
69923 0
69995 0
70075 0
70161 0
70234 0
70249 0
70266 0
70274 0
70354 0
70402 0
70474 0
70699 0
70731 0
70757 0
70831 0
70848 0
70992 0
71104 0
71105 0
71169 0
71170 0
71253 0
71257 0
71309 0
71340 0
71360 0
71428 0
71455 0
71470 0
71543 0
71577 0
71596 0
71606 0
71615 0
71621 0
71665 0
71709 0
71717 0
71729 0
71755 0
71822 0
71838 0
71903 0
71978 0
71993 0
72059 0
72165 0
72180 0
72197 0
72241 0
72276 0
72357 0
72368 0
72373 0
72452 0
72543 0
72565 0
72570 0
72587 0
72667 0
72694 0
72799 0
72950 0
72984 0
73020 0
73086 0
73115 0
73123 0
73164 0
73174 0
73183 0
73184 0
73285 0
73494 0
73586 0
73674 0
73692 0
73701 0
73745 0
73769 0
73778 0
73817 0
73824 0
73841 0
73884 0
73938 0
73990 0
74011 0
74021 0
74233 0
74317 0
74351 0
74385 0
74387 0
74392 0
74400 0
74484 0
74562 0
74651 0
74652 0
74704 0
74752 0
74848 0
74885 0
74890 0
74933 0
74940 0
75012 0
75130 0
75227 0
75231 0
75263 0
75289 0
75316 0
75359 0
75385 0
75573 0
75577 0
75762 0
75769 0
75787 0
75832 0
75917 0
75994 0
76001 0
76048 0
76186 0
76195 0
76213 0
76237 0
76308 0
76333 0
76362 0
76366 0
76564 0
76574 0
76590 0
76591 0
76614 0
76620 0
76640 0
76646 0
76742 0
76759 0
76849 0
76853 0
76926 0
77022 0
77080 0
77134 0
77161 0
77169 0
77301 0
77303 0
77330 0
77354 0
77413 0
77415 0
77502 0
77596 0
77646 0
77674 0
77696 0
77763 0
77774 0
77939 0
77965 0
77970 0
78024 0
78026 0
78151 0
78177 0
78191 0
78224 0
78237 0
78335 0
78341 0
78466 0
78517 0
78531 0
78539 0
78541 0
78593 0
78610 0
78641 0
78672 0
78747 0
78830 0
79065 0
79067 0
79131 0
79180 0
79230 0
79239 0
79497 0
79503 0
79507 0
79542 0
79585 0
79611 0
79625 0
79629 0
79705 0
79782 0
79788 0
79812 0
79869 0
79984 0
79994 0
80063 0
80074 0
80107 0
80113 0
80130 0
80134 0
80144 0
80191 0
80252 0
80276 0
80371 0
80404 0
80455 0
80457 0
80467 0
80470 0
80499 0
80602 0
80695 0
80805 0
80839 0
80852 0
80856 0
80867 0
80894 0
80902 0
80964 0
80969 0
81008 0
81103 0
81125 0
81142 0
81147 0
81164 0
81251 0
81504 0
81547 0
81616 0
81792 0
81821 0
81845 0
82128 0
82136 0
82289 0
82341 0
82395 0
82412 0
82436 0
82471 0
82473 0
82500 0
82578 0
82645 0
82725 0
82726 0
82762 0
82804 0
82819 0
82893 0
83084 0
83157 0
83182 0
83214 0
83363 0
83595 0
83610 0
83611 0
83627 0
83642 0
83783 0
83792 0
83813 0
83869 0
83906 0
83919 0
84019 0
84052 0
84059 0
84060 0
84211 0
84247 0
84287 0
84314 0
84326 0
84344 0
84372 0
84400 0
84549 0
84554 0
84577 0
84590 0
84652 0
84690 0
84732 0
84788 0
84798 0
84806 0
84822 0
84839 0
84856 0
84869 0
84870 0
84902 0
84932 0
84986 0
85102 0
85169 0
85183 0
85218 0
85253 0
85257 0
85393 0
85533 0
85612 0
85694 0
85724 0
86005 0
86021 0
86032 0
86070 0
86083 0
86085 0
86125 0
86143 0
86159 0
86217 0
86293 0
86301 0
86310 0
86447 0
86640 0
86646 0
86712 0
86725 0
86782 0
86790 0
86816 0
86821 0
86859 0
86909 0
86955 0
87001 0
87019 0
87075 0
87196 0
87245 0
87272 0
87386 0
87410 0
87427 0
87440 0
87480 0
87542 0
87546 0
87565 0
87584 0
87629 0
87636 0
87648 0
87673 0
87725 0
87738 0
87744 0
87749 0
87871 0
87941 0
87953 0
87999 0
88045 0
88048 0
88075 0
88107 0
88299 0
88369 0
88466 0
88515 0
88552 0
88586 0
88732 0
88831 0
88867 0
88889 0
88937 0
88975 0
89092 0
89109 0
89195 0
89198 0
89262 0
89294 0
89352 0
89417 0
89520 0
89676 0
89677 0
89724 0
89783 0
89846 0
89905 0
89945 0
89953 0
89985 0
89997 0
90000 0
90100 0
90169 0
90189 0
90217 0
90220 0
90221 0
90306 0
90316 0
90323 0
90349 0
90378 0
90461 0
90521 0
90628 0
90642 0
90675 0
90715 0
90752 0
90865 0
90895 0
90907 0
90922 0
90946 0
90948 0
91029 0
91107 0
91161 0
91199 0
91257 0
91280 0
91321 0
91384 0
91394 0
91492 0
91510 0
91513 0
91535 0
91740 0
92064 0
92149 0
92257 0
92360 0
92369 0
92401 0
92456 0
92661 0
92666 0
92818 0
92828 0
92882 0
92899 0
92931 0
92946 0
92972 0
92979 0
92999 0
93010 0
93028 0
93222 0
93441 0
93454 0
93511 0
93580 0
93599 0
93606 0
93647 0
93743 0
93770 0
93796 0
93827 0
93832 0
93905 0
93911 0
94077 0
94103 0
94183 0
94222 0
94223 0
94279 0
94384 0
94435 0
94450 0
94458 0
94484 0
94507 0
94533 0
94658 0
94670 0
94704 0
94735 0
94736 0
94785 0
94937 0
94988 0
94999 0
95098 0
95146 0
95193 0
95202 0
95209 0
95221 0
95253 0
95275 0
95397 0
95475 0
95511 0
95639 0
95643 0
95660 0
95723 0
95853 0
95889 0
96000 0
96031 0
96032 0
96129 0
96133 0
96203 0
96274 0
96342 0
96359 0
96363 0
96372 0
96437 0
96476 0
96484 0
96488 0
96491 0
96527 0
96676 0
96682 0
96733 0
96818 0
96832 0
96900 0
96912 0
96975 0
97009 0
97027 0
97101 0
97211 0
97345 0
97387 0
97397 0
97398 0
97405 0
97492 0
97497 0
97500 0
97547 0
97552 0
97586 0
97595 0
97650 0
97654 0
97655 0
97920 0
97925 0
97980 0
98060 0
98068 0
98107 0
98204 0
98269 0
98322 0
98354 0
98369 0
98405 0
98451 0
98461 0
98519 0
98525 0
98563 0
98606 0
98627 0
98742 0
98746 0
98760 0
98789 0
98872 0
98968 0
99087 0
99140 0
99190 0
99229 0
99235 0
99247 0
99256 0
99289 0
99416 0
99486 0
99611 0
99693 0
99735 0
99785 0
99965 0
