c This is a uniform distributed  1-D DIMACS file 
c width height point_number
p 100000 100000 2048
27 0
104 0
200 0
294 0
316 0
426 0
450 0
590 0
635 0
746 0
777 0
789 0
796 0
818 0
823 0
970 0
1046 0
1086 0
1127 0
1162 0
1192 0
1220 0
1253 0
1360 0
1433 0
1459 0
1515 0
1549 0
1612 0
1661 0
1717 0
1753 0
1784 0
1785 0
1838 0
1956 0
1968 0
1971 0
2006 0
2030 0
2077 0
2130 0
2173 0
2217 0
2243 0
2326 0
2369 0
2435 0
2567 0
2610 0
2712 0
2761 0
2955 0
2961 0
3004 0
3027 0
3083 0
3114 0
3164 0
3212 0
3304 0
3359 0
3374 0
3381 0
3436 0
3499 0
3518 0
3521 0
3541 0
3574 0
3593 0
3683 0
3727 0
3792 0
3830 0
3865 0
3900 0
3901 0
3916 0
3932 0
3945 0
3969 0
3981 0
4038 0
4056 0
4070 0
4145 0
4184 0
4185 0
4201 0
4235 0
4246 0
4266 0
4275 0
4307 0
4321 0
4326 0
4450 0
4476 0
4549 0
4672 0
4676 0
4742 0
4758 0
4814 0
4821 0
4873 0
4883 0
5029 0
5097 0
5131 0
5143 0
5154 0
5166 0
5211 0
5265 0
5291 0
5292 0
5300 0
5304 0
5340 0
5374 0
5380 0
5384 0
5536 0
5561 0
5735 0
5736 0
5744 0
5750 0
5839 0
5868 0
5875 0
5880 0
5894 0
5931 0
6013 0
6035 0
6501 0
6642 0
6733 0
6799 0
6853 0
6867 0
6928 0
6929 0
6963 0
7136 0
7219 0
7222 0
7260 0
7278 0
7281 0
7377 0
7402 0
7411 0
7432 0
7461 0
7633 0
7768 0
7816 0
7827 0
7839 0
7965 0
7973 0
7986 0
8071 0
8196 0
8236 0
8263 0
8278 0
8317 0
8337 0
8387 0
8426 0
8452 0
8554 0
8658 0
8709 0
8741 0
8757 0
8767 0
8815 0
8854 0
8856 0
8943 0
9024 0
9062 0
9065 0
9097 0
9138 0
9217 0
9255 0
9267 0
9292 0
9302 0
9310 0
9339 0
9364 0
9401 0
9433 0
9520 0
9618 0
9632 0
9678 0
9706 0
9723 0
9804 0
9805 0
9817 0
9838 0
9839 0
9960 0
10068 0
10080 0
10144 0
10198 0
10252 0
10341 0
10397 0
10418 0
10434 0
10474 0
10534 0
10645 0
10660 0
10663 0
10700 0
10703 0
10749 0
10818 0
10849 0
10915 0
10919 0
11004 0
11057 0
11080 0
11102 0
11239 0
11302 0
11305 0
11313 0
11362 0
11394 0
11503 0
11505 0
11553 0
11576 0
11643 0
11699 0
11739 0
11863 0
11891 0
11969 0
12188 0
12208 0
12216 0
12221 0
12294 0
12323 0
12365 0
12407 0
12418 0
12536 0
12553 0
12583 0
12671 0
12774 0
12786 0
12802 0
12807 0
12843 0
12852 0
12882 0
13079 0
13093 0
13100 0
13124 0
13127 0
13130 0
13215 0
13223 0
13284 0
13389 0
13430 0
13533 0
13568 0
13588 0
13730 0
13764 0
13779 0
13793 0
14013 0
14019 0
14037 0
14055 0
14082 0
14239 0
14298 0
14305 0
14330 0
14342 0
14366 0
14405 0
14406 0
14438 0
14490 0
14547 0
14637 0
14710 0
14794 0
14825 0
14845 0
14893 0
14949 0
14953 0
15011 0
15140 0
15184 0
15320 0
15375 0
15404 0
15428 0
15506 0
15509 0
15513 0
15668 0
15671 0
15700 0
15712 0
15776 0
15817 0
15905 0
15906 0
15923 0
16047 0
16062 0
16177 0
16275 0
16292 0
16433 0
16555 0
16568 0
16577 0
16603 0
16671 0
16686 0
16716 0
16762 0
16789 0
16792 0
16892 0
16900 0
16958 0
16964 0
16985 0
17019 0
17031 0
17105 0
17117 0
17159 0
17214 0
17243 0
17246 0
17251 0
17341 0
17447 0
17524 0
17546 0
17618 0
17623 0
17744 0
17791 0
17797 0
17832 0
17914 0
17920 0
17922 0
17928 0
17944 0
17950 0
17954 0
18002 0
18038 0
18056 0
18119 0
18124 0
18235 0
18237 0
18289 0
18404 0
18479 0
18519 0
18600 0
18663 0
18681 0
18955 0
18965 0
18989 0
18995 0
19006 0
19111 0
19121 0
19136 0
19140 0
19187 0
19218 0
19365 0
19453 0
19463 0
19464 0
19561 0
19613 0
19647 0
19677 0
19733 0
19751 0
19812 0
19920 0
19938 0
20016 0
20049 0
20091 0
20125 0
20130 0
20155 0
20168 0
20180 0
20203 0
20275 0
20321 0
20357 0
20370 0
20412 0
20427 0
20451 0
20455 0
20577 0
20626 0
20690 0
20713 0
20742 0
20772 0
20821 0
20839 0
20868 0
20876 0
20878 0
20882 0
20900 0
20907 0
20914 0
20916 0
20925 0
20947 0
20978 0
20991 0
21004 0
21022 0
21047 0
21213 0
21258 0
21359 0
21377 0
21432 0
21439 0
21478 0
21517 0
21606 0
21722 0
21744 0
21766 0
21785 0
21952 0
21974 0
22188 0
22193 0
22213 0
22263 0
22295 0
22363 0
22425 0
22460 0
22495 0
22623 0
22697 0
22701 0
22708 0
22731 0
22830 0
22863 0
22884 0
22901 0
22911 0
22934 0
22961 0
23013 0
23094 0
23105 0
23144 0
23172 0
23195 0
23264 0
23284 0
23296 0
23300 0
23328 0
23379 0
23557 0
23603 0
23630 0
23649 0
23679 0
23760 0
23776 0
23924 0
24091 0
24226 0
24324 0
24352 0
24380 0
24412 0
24553 0
24599 0
24693 0
24744 0
24789 0
24814 0
24818 0
24825 0
24840 0
24925 0
24941 0
24951 0
25046 0
25067 0
25090 0
25148 0
25168 0
25200 0
25233 0
25234 0
25235 0
25244 0
25282 0
25303 0
25388 0
25506 0
25521 0
25522 0
25578 0
25589 0
25625 0
25685 0
25687 0
25761 0
25763 0
25767 0
25797 0
25831 0
25848 0
25884 0
25982 0
25985 0
25992 0
26032 0
26040 0
26056 0
26063 0
26102 0
26160 0
26162 0
26167 0
26184 0
26237 0
26262 0
26298 0
26315 0
26375 0
26428 0
26446 0
26477 0
26520 0
26785 0
26846 0
26864 0
26871 0
26930 0
26948 0
26962 0
26981 0
27054 0
27109 0
27137 0
27187 0
27222 0
27246 0
27310 0
27498 0
27552 0
27587 0
27602 0
27605 0
27973 0
27974 0
27983 0
28069 0
28108 0
28142 0
28183 0
28186 0
28361 0
28385 0
28427 0
28482 0
28573 0
28593 0
28611 0
28682 0
28737 0
28794 0
28868 0
28907 0
28946 0
29081 0
29157 0
29187 0
29189 0
29307 0
29377 0
29389 0
29413 0
29448 0
29471 0
29541 0
29553 0
29556 0
29588 0
29689 0
29724 0
29731 0
29783 0
29883 0
29900 0
29950 0
29982 0
30066 0
30081 0
30146 0
30157 0
30193 0
30246 0
30346 0
30432 0
30438 0
30482 0
30572 0
30581 0
30600 0
30603 0
30669 0
30843 0
30897 0
30901 0
30954 0
31022 0
31156 0
31211 0
31314 0
31409 0
31463 0
31469 0
31471 0
31566 0
31595 0
31597 0
31718 0
31784 0
31815 0
31855 0
31957 0
31963 0
32029 0
32084 0
32187 0
32236 0
32299 0
32311 0
32483 0
32508 0
32675 0
32692 0
32720 0
32777 0
32784 0
32845 0
32888 0
32906 0
32957 0
33012 0
33129 0
33243 0
33261 0
33298 0
33388 0
33405 0
33427 0
33460 0
33473 0
33505 0
33507 0
33538 0
33585 0
33643 0
33703 0
33815 0
34058 0
34061 0
34162 0
34190 0
34200 0
34351 0
34368 0
34470 0
34516 0
34571 0
34577 0
34668 0
34727 0
34761 0
34857 0
34877 0
34912 0
34921 0
34946 0
34975 0
35005 0
35250 0
35328 0
35381 0
35395 0
35417 0
35451 0
35578 0
35713 0
35767 0
35793 0
35820 0
35901 0
35923 0
36075 0
36167 0
36236 0
36241 0
36254 0
36283 0
36289 0
36309 0
36351 0
36357 0
36368 0
36391 0
36472 0
36487 0
36583 0
36624 0
36687 0
36719 0
36728 0
36782 0
36825 0
36872 0
36899 0
36903 0
36925 0
36988 0
37063 0
37090 0
37136 0
37204 0
37273 0
37331 0
37392 0
37432 0
37442 0
37491 0
37700 0
37718 0
37755 0
37762 0
37768 0
37773 0
37828 0
37904 0
37920 0
37967 0
38052 0
38078 0
38082 0
38106 0
38109 0
38112 0
38117 0
38235 0
38246 0
38302 0
38314 0
38354 0
38367 0
38609 0
38626 0
38677 0
38703 0
38864 0
38865 0
38918 0
38984 0
39038 0
39104 0
39131 0
39246 0
39361 0
39408 0
39496 0
39521 0
39559 0
39575 0
39592 0
39643 0
39750 0
39759 0
39850 0
39905 0
39907 0
39943 0
39954 0
39984 0
40105 0
40123 0
40195 0
40231 0
40302 0
40337 0
40470 0
40519 0
40537 0
40649 0
40709 0
40768 0
40780 0
40817 0
40835 0
40876 0
40893 0
40992 0
40996 0
41105 0
41115 0
41143 0
41232 0
41308 0
41320 0
41339 0
41375 0
41397 0
41398 0
41430 0
41449 0
41489 0
41507 0
41531 0
41564 0
41581 0
41678 0
41733 0
41748 0
41789 0
41831 0
41839 0
41854 0
41927 0
41937 0
41952 0
42018 0
42295 0
42421 0
42430 0
42505 0
42541 0
42598 0
42602 0
42604 0
42611 0
42668 0
42671 0
42674 0
42725 0
42748 0
42790 0
42812 0
42836 0
42849 0
42888 0
43046 0
43060 0
43073 0
43089 0
43136 0
43170 0
43229 0
43290 0
43415 0
43438 0
43487 0
43586 0
43627 0
43651 0
43659 0
43665 0
43731 0
43769 0
43774 0
43819 0
43928 0
43987 0
44019 0
44033 0
44038 0
44052 0
44100 0
44102 0
44145 0
44248 0
44257 0
44292 0
44323 0
44382 0
44434 0
44464 0
44485 0
44491 0
44589 0
44725 0
44754 0
44760 0
44807 0
44889 0
44954 0
44988 0
44990 0
45046 0
45092 0
45095 0
45105 0
45136 0
45213 0
45305 0
45331 0
45334 0
45351 0
45377 0
45497 0
45549 0
45552 0
45628 0
45661 0
45784 0
45882 0
45959 0
46012 0
46038 0
46047 0
46083 0
46192 0
46251 0
46252 0
46265 0
46277 0
46279 0
46315 0
46333 0
46495 0
46522 0
46604 0
46683 0
46783 0
46857 0
47054 0
47084 0
47183 0
47306 0
47315 0
47333 0
47477 0
47498 0
47579 0
47692 0
47847 0
47962 0
47967 0
47972 0
47984 0
48040 0
48082 0
48199 0
48240 0
48262 0
48363 0
48371 0
48424 0
48435 0
48466 0
48479 0
48529 0
48564 0
48618 0
48653 0
48764 0
48787 0
48808 0
48891 0
48892 0
48966 0
49002 0
49169 0
49196 0
49204 0
49251 0
49389 0
49433 0
49602 0
49614 0
49665 0
49698 0
49711 0
49763 0
49792 0
49850 0
50150 0
50219 0
50241 0
50247 0
50285 0
50288 0
50300 0
50354 0
50378 0
50411 0
50452 0
50491 0
50590 0
50635 0
50640 0
50744 0
50776 0
50801 0
50803 0
50825 0
50844 0
50858 0
50929 0
50947 0
50984 0
50995 0
51053 0
51103 0
51109 0
51111 0
51244 0
51278 0
51436 0
51643 0
51678 0
51690 0
51718 0
51721 0
51995 0
52042 0
52092 0
52106 0
52130 0
52242 0
52282 0
52288 0
52310 0
52360 0
52387 0
52396 0
52418 0
52555 0
52676 0
52760 0
52763 0
52805 0
52907 0
52962 0
52988 0
53113 0
53134 0
53165 0
53180 0
53459 0
53497 0
53507 0
53534 0
53616 0
53649 0
53811 0
53815 0
53827 0
53878 0
53956 0
53964 0
54063 0
54158 0
54275 0
54365 0
54372 0
54399 0
54473 0
54486 0
54501 0
54506 0
54518 0
54528 0
54550 0
54575 0
54666 0
54713 0
54743 0
54917 0
54992 0
54997 0
55033 0
55220 0
55284 0
55318 0
55363 0
55455 0
55473 0
55524 0
55651 0
55654 0
55671 0
55691 0
55822 0
55832 0
56066 0
56067 0
56070 0
56105 0
56124 0
56352 0
56371 0
56393 0
56432 0
56506 0
56576 0
56577 0
56589 0
56629 0
56685 0
56689 0
56715 0
56814 0
56940 0
56977 0
57059 0
57070 0
57086 0
57089 0
57105 0
57113 0
57217 0
57329 0
57360 0
57408 0
57541 0
57555 0
57573 0
57664 0
57674 0
57675 0
57786 0
57814 0
57940 0
57948 0
57981 0
58010 0
58022 0
58026 0
58035 0
58211 0
58349 0
58404 0
58410 0
58417 0
58526 0
58567 0
58613 0
58627 0
58731 0
58776 0
58787 0
58814 0
58846 0
58929 0
58959 0
59084 0
59089 0
59125 0
59221 0
59274 0
59334 0
59372 0
59387 0
59392 0
59393 0
59394 0
59457 0
59477 0
59526 0
59537 0
59594 0
59602 0
59652 0
59767 0
59789 0
59798 0
59848 0
59868 0
59920 0
59949 0
59955 0
59970 0
60010 0
60011 0
60108 0
60146 0
60164 0
60184 0
60225 0
60287 0
60326 0
60369 0
60535 0
60592 0
60606 0
60607 0
60640 0
60653 0
60697 0
60790 0
60832 0
60852 0
60986 0
61024 0
61064 0
61136 0
61152 0
61263 0
61277 0
61319 0
61394 0
61429 0
61499 0
61509 0
61544 0
61583 0
61620 0
61664 0
61723 0
61725 0
61816 0
61824 0
61877 0
61887 0
61951 0
61980 0
62020 0
62053 0
62113 0
62211 0
62264 0
62357 0
62409 0
62429 0
62457 0
62506 0
62551 0
62556 0
62791 0
62889 0
62973 0
63219 0
63228 0
63261 0
63299 0
63310 0
63343 0
63364 0
63421 0
63434 0
63685 0
63706 0
63729 0
63794 0
63986 0
64333 0
64448 0
64492 0
64502 0
64528 0
64564 0
64568 0
64589 0
64611 0
64659 0
64740 0
64776 0
64781 0
64837 0
64843 0
64859 0
64891 0
64897 0
64922 0
64965 0
65010 0
65043 0
65069 0
65117 0
65181 0
65267 0
65292 0
65339 0
65412 0
65509 0
65513 0
65567 0
65580 0
65614 0
65639 0
65669 0
65707 0
65748 0
65810 0
65898 0
65922 0
65983 0
66032 0
66097 0
66100 0
66121 0
66174 0
66202 0
66283 0
66344 0
66359 0
66429 0
66462 0
66465 0
66517 0
66570 0
66668 0
66717 0
66748 0
66836 0
66878 0
66908 0
66958 0
67077 0
67144 0
67190 0
67209 0
67299 0
67415 0
67416 0
67469 0
67562 0
67570 0
67608 0
67627 0
67735 0
67764 0
67775 0
67816 0
67856 0
67886 0
67888 0
67961 0
67971 0
67986 0
67993 0
68056 0
68063 0
68136 0
68143 0
68147 0
68183 0
68194 0
68204 0
68207 0
68307 0
68335 0
68336 0
68341 0
68346 0
68395 0
68402 0
68423 0
68505 0
68532 0
68566 0
68594 0
68658 0
68670 0
68689 0
68712 0
68720 0
68754 0
68791 0
68924 0
69005 0
69016 0
69042 0
69073 0
69142 0
69171 0
69172 0
69275 0
69323 0
69401 0
69448 0
69452 0
69540 0
69564 0
69669 0
69695 0
69706 0
69782 0
69811 0
69923 0
69999 0
70016 0
70152 0
70162 0
70250 0
70267 0
70483 0
70709 0
70799 0
70878 0
70896 0
70909 0
70992 0
71098 0
71219 0
71313 0
71322 0
71337 0
71345 0
71347 0
71390 0
71410 0
71543 0
71646 0
71778 0
71839 0
71869 0
71957 0
71958 0
71969 0
71972 0
72023 0
72106 0
72180 0
72192 0
72197 0
72202 0
72265 0
72304 0
72319 0
72339 0
72427 0
72432 0
72444 0
72537 0
72595 0
72706 0
72766 0
72992 0
73032 0
73074 0
73151 0
73164 0
73203 0
73230 0
73266 0
73331 0
73353 0
73401 0
73451 0
73466 0
73509 0
73539 0
73686 0
73704 0
73708 0
73768 0
73853 0
73863 0
73864 0
73888 0
73906 0
74007 0
74139 0
74256 0
74281 0
74292 0
74357 0
74362 0
74367 0
74422 0
74428 0
74509 0
74510 0
74529 0
74550 0
74592 0
74704 0
74721 0
74793 0
74808 0
74907 0
75047 0
75096 0
75125 0
75141 0
75181 0
75231 0
75253 0
75257 0
75380 0
75434 0
75467 0
75542 0
75559 0
75615 0
75690 0
75745 0
75802 0
75883 0
75944 0
76001 0
76140 0
76157 0
76236 0
76250 0
76492 0
76544 0
76550 0
76560 0
76619 0
76638 0
76645 0
76648 0
76660 0
76676 0
76754 0
76792 0
76825 0
76939 0
76982 0
77065 0
77090 0
77092 0
77110 0
77260 0
77263 0
77321 0
77341 0
77356 0
77427 0
77461 0
77476 0
77483 0
77485 0
77625 0
77773 0
77785 0
77808 0
77810 0
77885 0
77894 0
77922 0
77932 0
77949 0
77998 0
78003 0
78093 0
78162 0
78230 0
78322 0
78553 0
78620 0
78664 0
78796 0
78805 0
78883 0
78912 0
78926 0
79011 0
79120 0
79194 0
79242 0
79251 0
79476 0
79482 0
79584 0
79622 0
79685 0
79822 0
79859 0
79901 0
79927 0
79986 0
80085 0
80090 0
80222 0
80376 0
80383 0
80388 0
80535 0
80574 0
80595 0
80610 0
80649 0
80651 0
80758 0
80836 0
80855 0
80865 0
80878 0
81019 0
81031 0
81107 0
81182 0
81302 0
81389 0
81408 0
81445 0
81470 0
81504 0
81546 0
81557 0
81628 0
81684 0
81724 0
81791 0
81836 0
81837 0
81874 0
81967 0
82035 0
82151 0
82173 0
82206 0
82299 0
82377 0
82425 0
82426 0
82443 0
82454 0
82539 0
82576 0
82646 0
82745 0
82748 0
82775 0
82777 0
82795 0
82841 0
82857 0
82942 0
82949 0
82976 0
83137 0
83142 0
83216 0
83273 0
83274 0
83396 0
83487 0
83493 0
83494 0
83564 0
83582 0
83591 0
83634 0
83639 0
83730 0
83740 0
83802 0
83837 0
83888 0
83912 0
83963 0
83972 0
84070 0
84073 0
84077 0
84082 0
84086 0
84100 0
84201 0
84245 0
84274 0
84332 0
84386 0
84429 0
84546 0
84614 0
84620 0
84632 0
84633 0
84646 0
84746 0
84793 0
84891 0
85061 0
85071 0
85219 0
85256 0
85260 0
85296 0
85346 0
85403 0
85556 0
85577 0
85665 0
85677 0
85753 0
85769 0
85776 0
85848 0
85863 0
85915 0
85964 0
85971 0
86006 0
86107 0
86150 0
86169 0
86175 0
86253 0
86327 0
86349 0
86353 0
86366 0
86422 0
86435 0
86865 0
86909 0
86941 0
87053 0
87101 0
87188 0
87192 0
87201 0
87215 0
87251 0
87263 0
87327 0
87485 0
87550 0
87622 0
87701 0
87782 0
87792 0
87842 0
87852 0
87908 0
87934 0
87958 0
87970 0
88011 0
88018 0
88023 0
88168 0
88212 0
88239 0
88268 0
88282 0
88284 0
88292 0
88333 0
88359 0
88384 0
88387 0
88396 0
88531 0
88548 0
88623 0
88630 0
88666 0
88792 0
88873 0
88929 0
88989 0
89031 0
89038 0
89047 0
89081 0
89093 0
89131 0
89161 0
89170 0
89282 0
89345 0
89488 0
89550 0
89572 0
89588 0
89628 0
89643 0
89649 0
89675 0
89712 0
89733 0
89734 0
89735 0
89779 0
89871 0
89876 0
89890 0
89920 0
89950 0
90060 0
90160 0
90163 0
90251 0
90309 0
90365 0
90594 0
90672 0
90686 0
90692 0
90694 0
90701 0
90823 0
90832 0
90857 0
90859 0
90893 0
90906 0
91218 0
91263 0
91344 0
91400 0
91526 0
91665 0
91758 0
91771 0
91809 0
91823 0
91829 0
91836 0
91844 0
91912 0
91920 0
91931 0
91979 0
92010 0
92040 0
92079 0
92088 0
92090 0
92091 0
92141 0
92218 0
92233 0
92342 0
92417 0
92475 0
92483 0
92513 0
92526 0
92551 0
92635 0
92760 0
92856 0
92975 0
93057 0
93189 0
93229 0
93279 0
93321 0
93361 0
93456 0
93459 0
93560 0
93600 0
93614 0
93694 0
93717 0
93746 0
93791 0
93852 0
93927 0
93939 0
93951 0
93972 0
94041 0
94054 0
94058 0
94176 0
94186 0
94208 0
94246 0
94394 0
94412 0
94610 0
94635 0
94638 0
94649 0
94687 0
94700 0
94759 0
94771 0
94876 0
94963 0
95084 0
95229 0
95276 0
95333 0
95440 0
95473 0
95506 0
95541 0
95557 0
95568 0
95574 0
95575 0
95583 0
95610 0
95675 0
95690 0
95838 0
95892 0
95923 0
95958 0
96046 0
96122 0
96127 0
96147 0
96214 0
96227 0
96243 0
96257 0
96284 0
96287 0
96328 0
96330 0
96535 0
96552 0
96556 0
96561 0
96623 0
96639 0
96694 0
96768 0
96817 0
96923 0
96931 0
96956 0
97070 0
97112 0
97160 0
97173 0
97278 0
97313 0
97341 0
97351 0
97359 0
97371 0
97376 0
97393 0
97448 0
97466 0
97471 0
97474 0
97483 0
97500 0
97504 0
97526 0
97541 0
97590 0
97683 0
97714 0
97726 0
97733 0
97909 0
97965 0
98087 0
98184 0
98307 0
98348 0
98386 0
98404 0
98463 0
98466 0
98470 0
98472 0
98510 0
98513 0
98609 0
98646 0
98685 0
98735 0
98779 0
98812 0
98824 0
98906 0
99011 0
99075 0
99095 0
99110 0
99142 0
99261 0
99288 0
99319 0
99331 0
99343 0
99372 0
99458 0
99498 0
99574 0
99624 0
99634 0
99689 0
99791 0
99857 0
99901 0
99951 0
99985 0
99993 0
99999 0
