c This is a uniform distributed  1-D DIMACS file 
c width height point_number
p 100000 100000 2048
18 0
20 0
32 0
54 0
70 0
151 0
161 0
192 0
289 0
473 0
504 0
507 0
534 0
594 0
698 0
726 0
752 0
826 0
915 0
925 0
934 0
947 0
951 0
997 0
1042 0
1065 0
1113 0
1130 0
1153 0
1159 0
1254 0
1258 0
1298 0
1315 0
1353 0
1358 0
1367 0
1389 0
1414 0
1464 0
1478 0
1505 0
1518 0
1555 0
1577 0
1588 0
1603 0
1615 0
1745 0
1810 0
1817 0
1820 0
1935 0
1972 0
2068 0
2075 0
2088 0
2106 0
2211 0
2282 0
2320 0
2357 0
2377 0
2384 0
2515 0
2604 0
2681 0
2710 0
2721 0
2746 0
2783 0
2786 0
2828 0
2834 0
2845 0
2894 0
2992 0
3052 0
3204 0
3219 0
3360 0
3396 0
3400 0
3492 0
3563 0
3590 0
3601 0
3624 0
3678 0
3697 0
3708 0
3738 0
3884 0
3902 0
3953 0
3990 0
4031 0
4197 0
4445 0
4458 0
4511 0
4618 0
4681 0
4747 0
4760 0
4790 0
4792 0
4849 0
4852 0
4928 0
5038 0
5195 0
5302 0
5382 0
5411 0
5499 0
5541 0
5556 0
5558 0
5566 0
5590 0
5598 0
5614 0
5714 0
5776 0
5806 0
5933 0
5982 0
6006 0
6022 0
6058 0
6067 0
6094 0
6110 0
6132 0
6177 0
6179 0
6207 0
6450 0
6599 0
6622 0
6625 0
6655 0
6774 0
6810 0
6823 0
6904 0
6946 0
7060 0
7064 0
7066 0
7104 0
7116 0
7156 0
7219 0
7366 0
7491 0
7553 0
7582 0
7614 0
7780 0
8030 0
8117 0
8167 0
8172 0
8219 0
8263 0
8279 0
8320 0
8349 0
8377 0
8402 0
8447 0
8486 0
8501 0
8527 0
8561 0
8652 0
8673 0
8751 0
8870 0
8965 0
8975 0
9032 0
9057 0
9059 0
9157 0
9248 0
9272 0
9281 0
9286 0
9312 0
9367 0
9372 0
9409 0
9422 0
9442 0
9508 0
9544 0
9556 0
9666 0
9677 0
9716 0
9799 0
9847 0
9877 0
9983 0
10068 0
10090 0
10104 0
10213 0
10249 0
10300 0
10329 0
10397 0
10444 0
10497 0
10536 0
10620 0
10696 0
10811 0
10865 0
10917 0
10990 0
11030 0
11056 0
11057 0
11072 0
11082 0
11108 0
11153 0
11234 0
11261 0
11271 0
11274 0
11310 0
11319 0
11324 0
11325 0
11356 0
11443 0
11466 0
11497 0
11540 0
11574 0
11626 0
11638 0
11745 0
11898 0
11903 0
11962 0
12038 0
12087 0
12099 0
12123 0
12231 0
12255 0
12257 0
12275 0
12411 0
12499 0
12556 0
12781 0
12866 0
12871 0
12978 0
13269 0
13278 0
13386 0
13417 0
13578 0
13679 0
13723 0
13763 0
13811 0
13861 0
13867 0
13896 0
13901 0
14021 0
14134 0
14168 0
14238 0
14315 0
14374 0
14381 0
14424 0
14444 0
14457 0
14489 0
14524 0
14566 0
14667 0
14694 0
14698 0
14765 0
14873 0
14998 0
15061 0
15087 0
15088 0
15094 0
15161 0
15210 0
15217 0
15226 0
15253 0
15284 0
15303 0
15317 0
15463 0
15469 0
15487 0
15519 0
15602 0
15809 0
15851 0
15893 0
15904 0
15946 0
16022 0
16033 0
16046 0
16082 0
16133 0
16173 0
16186 0
16201 0
16296 0
16386 0
16391 0
16396 0
16437 0
16566 0
16584 0
16825 0
16834 0
16838 0
16843 0
16871 0
16888 0
16909 0
16975 0
17083 0
17094 0
17111 0
17149 0
17198 0
17249 0
17294 0
17319 0
17344 0
17345 0
17453 0
17513 0
17567 0
17617 0
17692 0
17723 0
17847 0
17920 0
17990 0
18014 0
18090 0
18135 0
18181 0
18186 0
18197 0
18322 0
18326 0
18328 0
18357 0
18407 0
18415 0
18434 0
18462 0
18532 0
18558 0
18702 0
18781 0
18825 0
18863 0
18865 0
18879 0
18949 0
18981 0
19032 0
19241 0
19254 0
19321 0
19326 0
19357 0
19366 0
19368 0
19431 0
19490 0
19505 0
19506 0
19550 0
19609 0
19661 0
19677 0
19710 0
19767 0
19837 0
19873 0
19945 0
19961 0
19970 0
20028 0
20029 0
20093 0
20110 0
20154 0
20169 0
20209 0
20228 0
20296 0
20367 0
20386 0
20402 0
20404 0
20405 0
20480 0
20536 0
20541 0
20546 0
20587 0
20687 0
20759 0
20771 0
20783 0
20788 0
20954 0
20972 0
21020 0
21063 0
21102 0
21126 0
21238 0
21240 0
21361 0
21435 0
21437 0
21489 0
21506 0
21510 0
21694 0
21735 0
21740 0
21787 0
21800 0
21814 0
21834 0
21863 0
21949 0
22064 0
22079 0
22081 0
22147 0
22175 0
22219 0
22432 0
22449 0
22460 0
22506 0
22544 0
22684 0
22691 0
22748 0
22754 0
22763 0
22785 0
22881 0
22936 0
22946 0
23030 0
23056 0
23070 0
23095 0
23129 0
23211 0
23277 0
23320 0
23428 0
23572 0
23578 0
23595 0
23607 0
23618 0
23655 0
23691 0
23786 0
23787 0
23797 0
23798 0
23810 0
23819 0
23832 0
23837 0
23839 0
23895 0
23904 0
24099 0
24157 0
24275 0
24279 0
24284 0
24453 0
24455 0
24508 0
24595 0
24809 0
24895 0
25028 0
25048 0
25123 0
25206 0
25235 0
25243 0
25269 0
25317 0
25371 0
25425 0
25560 0
25575 0
25623 0
25665 0
25673 0
25683 0
25701 0
25727 0
25746 0
25787 0
25808 0
25840 0
25869 0
25910 0
25987 0
25991 0
26010 0
26023 0
26056 0
26136 0
26270 0
26300 0
26388 0
26585 0
26642 0
26669 0
26685 0
26732 0
26740 0
26750 0
26751 0
26788 0
26812 0
26878 0
26918 0
26934 0
26986 0
27027 0
27083 0
27169 0
27220 0
27311 0
27402 0
27429 0
27535 0
27584 0
27590 0
27788 0
27887 0
27967 0
28004 0
28090 0
28280 0
28447 0
28564 0
28627 0
28641 0
28654 0
28759 0
28768 0
28819 0
28829 0
28839 0
28885 0
28922 0
29005 0
29196 0
29201 0
29213 0
29326 0
29370 0
29477 0
29607 0
29613 0
29629 0
29636 0
29657 0
29663 0
29755 0
29783 0
29862 0
29877 0
30080 0
30100 0
30133 0
30181 0
30200 0
30218 0
30323 0
30451 0
30482 0
30502 0
30580 0
30620 0
30657 0
30722 0
30846 0
30849 0
30853 0
30873 0
30991 0
30996 0
30997 0
31036 0
31053 0
31156 0
31222 0
31279 0
31288 0
31339 0
31382 0
31445 0
31476 0
31594 0
31631 0
31644 0
31821 0
31824 0
31852 0
31954 0
32029 0
32091 0
32174 0
32220 0
32257 0
32267 0
32321 0
32340 0
32457 0
32522 0
32528 0
32529 0
32535 0
32651 0
32687 0
32711 0
32725 0
32781 0
32825 0
32843 0
32884 0
32919 0
32969 0
33072 0
33094 0
33113 0
33196 0
33227 0
33233 0
33267 0
33276 0
33315 0
33380 0
33543 0
33626 0
33633 0
33674 0
33694 0
33748 0
33754 0
33782 0
33792 0
33801 0
33813 0
33817 0
33842 0
33869 0
33882 0
33949 0
33987 0
34019 0
34080 0
34097 0
34166 0
34188 0
34220 0
34260 0
34294 0
34540 0
34548 0
34594 0
34611 0
34645 0
34661 0
34739 0
34887 0
34922 0
35004 0
35039 0
35054 0
35113 0
35153 0
35162 0
35230 0
35256 0
35300 0
35322 0
35360 0
35417 0
35435 0
35442 0
35454 0
35622 0
35651 0
35738 0
35785 0
35816 0
35873 0
36109 0
36126 0
36175 0
36180 0
36187 0
36191 0
36221 0
36240 0
36336 0
36385 0
36404 0
36425 0
36453 0
36483 0
36544 0
36595 0
36746 0
36947 0
36991 0
37124 0
37131 0
37150 0
37162 0
37170 0
37171 0
37238 0
37252 0
37382 0
37389 0
37413 0
37512 0
37563 0
37573 0
37668 0
37671 0
37712 0
37725 0
37749 0
37777 0
37831 0
37919 0
37951 0
37961 0
37970 0
37975 0
38015 0
38032 0
38086 0
38125 0
38148 0
38152 0
38164 0
38174 0
38224 0
38300 0
38380 0
38404 0
38416 0
38509 0
38550 0
38614 0
38672 0
38766 0
38801 0
38809 0
38899 0
38915 0
38916 0
39075 0
39153 0
39198 0
39267 0
39365 0
39457 0
39458 0
39537 0
39568 0
39591 0
39617 0
39649 0
39733 0
39737 0
39745 0
39904 0
39906 0
39968 0
40051 0
40078 0
40120 0
40142 0
40170 0
40177 0
40178 0
40180 0
40182 0
40211 0
40247 0
40265 0
40331 0
40355 0
40385 0
40431 0
40462 0
40490 0
40500 0
40539 0
40554 0
40598 0
40654 0
40660 0
40695 0
40746 0
40883 0
40953 0
41031 0
41041 0
41065 0
41068 0
41088 0
41131 0
41184 0
41206 0
41266 0
41340 0
41379 0
41409 0
41461 0
41577 0
41672 0
41757 0
41764 0
41768 0
41785 0
41812 0
41865 0
41872 0
41888 0
41893 0
41921 0
41944 0
41951 0
42006 0
42017 0
42111 0
42124 0
42163 0
42181 0
42188 0
42333 0
42342 0
42349 0
42352 0
42384 0
42410 0
42551 0
42619 0
42634 0
42655 0
42658 0
42700 0
42726 0
42761 0
42833 0
43004 0
43137 0
43155 0
43195 0
43453 0
43609 0
43610 0
43636 0
43752 0
43758 0
43780 0
43884 0
43940 0
43960 0
43963 0
44012 0
44065 0
44132 0
44152 0
44160 0
44373 0
44424 0
44462 0
44518 0
44560 0
44629 0
44653 0
44659 0
44661 0
44722 0
44826 0
44992 0
45012 0
45014 0
45044 0
45095 0
45190 0
45314 0
45369 0
45470 0
45480 0
45552 0
45559 0
45580 0
45643 0
45753 0
45793 0
45834 0
45861 0
45884 0
45911 0
45946 0
45952 0
46120 0
46148 0
46246 0
46262 0
46371 0
46380 0
46411 0
46527 0
46549 0
46560 0
46566 0
46601 0
46760 0
46810 0
46813 0
46865 0
46892 0
46895 0
46924 0
46930 0
46944 0
47023 0
47046 0
47049 0
47068 0
47201 0
47207 0
47265 0
47370 0
47374 0
47427 0
47516 0
47557 0
47560 0
47586 0
47610 0
47614 0
47619 0
47637 0
47653 0
47675 0
47720 0
47755 0
47769 0
47787 0
47826 0
47830 0
47856 0
47867 0
47878 0
47910 0
47954 0
48002 0
48051 0
48106 0
48138 0
48166 0
48175 0
48190 0
48248 0
48250 0
48283 0
48302 0
48313 0
48324 0
48330 0
48398 0
48402 0
48561 0
48565 0
48597 0
48692 0
48703 0
48717 0
48744 0
48759 0
48766 0
48831 0
48886 0
48904 0
48909 0
49038 0
49102 0
49208 0
49211 0
49232 0
49305 0
49326 0
49393 0
49524 0
49608 0
49629 0
49655 0
49788 0
49791 0
49819 0
49866 0
49911 0
49983 0
50014 0
50157 0
50208 0
50260 0
50333 0
50334 0
50343 0
50457 0
50473 0
50566 0
50576 0
50578 0
50596 0
50601 0
50692 0
50694 0
50700 0
50766 0
50973 0
50993 0
51032 0
51153 0
51207 0
51227 0
51236 0
51237 0
51249 0
51273 0
51334 0
51346 0
51361 0
51414 0
51446 0
51491 0
51510 0
51614 0
51635 0
51656 0
51910 0
52011 0
52046 0
52079 0
52218 0
52315 0
52330 0
52369 0
52371 0
52414 0
52423 0
52483 0
52524 0
52532 0
52556 0
52573 0
52724 0
52864 0
52955 0
53010 0
53014 0
53108 0
53119 0
53303 0
53322 0
53339 0
53370 0
53393 0
53495 0
53598 0
53602 0
53623 0
53633 0
53655 0
53656 0
53704 0
53713 0
53745 0
53780 0
53804 0
53943 0
53946 0
53953 0
53965 0
53971 0
53980 0
54004 0
54046 0
54055 0
54116 0
54131 0
54147 0
54148 0
54157 0
54232 0
54325 0
54359 0
54387 0
54524 0
54757 0
54804 0
54900 0
54983 0
55002 0
55015 0
55040 0
55080 0
55084 0
55162 0
55197 0
55247 0
55329 0
55366 0
55425 0
55447 0
55453 0
55552 0
55590 0
55660 0
55707 0
55709 0
55776 0
55846 0
55881 0
55896 0
55905 0
55913 0
56008 0
56025 0
56052 0
56129 0
56239 0
56249 0
56287 0
56310 0
56394 0
56407 0
56501 0
56538 0
56688 0
56733 0
56764 0
56787 0
56950 0
56997 0
57013 0
57117 0
57192 0
57208 0
57254 0
57260 0
57283 0
57347 0
57399 0
57434 0
57501 0
57543 0
57583 0
57600 0
57786 0
57855 0
57970 0
58046 0
58076 0
58137 0
58237 0
58272 0
58318 0
58330 0
58378 0
58421 0
58558 0
58566 0
58628 0
58651 0
58696 0
58829 0
58996 0
59011 0
59030 0
59052 0
59106 0
59240 0
59338 0
59346 0
59384 0
59440 0
59506 0
59520 0
59546 0
59602 0
59618 0
59757 0
59766 0
59782 0
59821 0
59872 0
59895 0
59905 0
59918 0
59947 0
59951 0
59971 0
60030 0
60068 0
60120 0
60126 0
60200 0
60299 0
60412 0
60447 0
60483 0
60542 0
60599 0
60600 0
60626 0
60717 0
60753 0
60778 0
60781 0
61046 0
61056 0
61066 0
61125 0
61129 0
61135 0
61151 0
61161 0
61217 0
61379 0
61391 0
61404 0
61419 0
61432 0
61488 0
61504 0
61509 0
61655 0
61702 0
61728 0
61755 0
61756 0
61787 0
61796 0
61873 0
61930 0
61935 0
61971 0
61990 0
62123 0
62130 0
62192 0
62290 0
62362 0
62370 0
62387 0
62429 0
62547 0
62549 0
62601 0
62604 0
62647 0
62680 0
62681 0
62703 0
62737 0
62753 0
62803 0
62805 0
62885 0
62923 0
62992 0
63007 0
63036 0
63053 0
63056 0
63168 0
63194 0
63198 0
63219 0
63251 0
63262 0
63267 0
63274 0
63398 0
63496 0
63502 0
63533 0
63546 0
63551 0
63627 0
63686 0
63717 0
63753 0
63770 0
63842 0
63873 0
63885 0
64074 0
64106 0
64130 0
64133 0
64184 0
64197 0
64407 0
64446 0
64530 0
64539 0
64550 0
64554 0
64752 0
64775 0
64938 0
64957 0
65197 0
65235 0
65316 0
65355 0
65479 0
65533 0
65562 0
65622 0
65685 0
65726 0
65757 0
65769 0
65774 0
65814 0
65815 0
65891 0
65913 0
65979 0
65997 0
66065 0
66084 0
66137 0
66197 0
66252 0
66278 0
66309 0
66334 0
66342 0
66506 0
66542 0
66560 0
66601 0
66657 0
66675 0
66721 0
66773 0
66801 0
66860 0
66946 0
67026 0
67047 0
67079 0
67120 0
67128 0
67138 0
67226 0
67389 0
67428 0
67459 0
67661 0
67733 0
67741 0
67845 0
67852 0
67901 0
67908 0
68093 0
68150 0
68191 0
68214 0
68273 0
68300 0
68348 0
68400 0
68419 0
68433 0
68460 0
68703 0
68839 0
68889 0
69061 0
69149 0
69220 0
69309 0
69310 0
69313 0
69330 0
69363 0
69364 0
69381 0
69393 0
69409 0
69418 0
69443 0
69492 0
69523 0
69606 0
69614 0
69801 0
69815 0
69924 0
69969 0
70029 0
70047 0
70052 0
70070 0
70150 0
70164 0
70185 0
70307 0
70356 0
70405 0
70558 0
70615 0
70681 0
70697 0
70737 0
70942 0
71138 0
71154 0
71236 0
71244 0
71246 0
71309 0
71348 0
71557 0
71606 0
71673 0
71791 0
71817 0
71895 0
71905 0
71914 0
71989 0
72000 0
72054 0
72187 0
72194 0
72251 0
72328 0
72332 0
72378 0
72511 0
72516 0
72587 0
72621 0
72666 0
72683 0
72689 0
72756 0
72828 0
72862 0
72898 0
72900 0
72922 0
73064 0
73142 0
73298 0
73305 0
73313 0
73347 0
73374 0
73548 0
73769 0
73788 0
73868 0
73908 0
73918 0
73980 0
74041 0
74045 0
74121 0
74127 0
74221 0
74314 0
74317 0
74400 0
74409 0
74426 0
74465 0
74553 0
74595 0
74596 0
74740 0
74768 0
74788 0
74809 0
74840 0
74888 0
74962 0
74964 0
74976 0
74999 0
75012 0
75034 0
75037 0
75048 0
75068 0
75149 0
75186 0
75199 0
75225 0
75300 0
75307 0
75314 0
75328 0
75355 0
75394 0
75462 0
75543 0
75601 0
75645 0
75806 0
76137 0
76145 0
76153 0
76188 0
76241 0
76255 0
76336 0
76412 0
76429 0
76611 0
76617 0
76714 0
76792 0
76822 0
76827 0
76913 0
76948 0
76959 0
76972 0
77123 0
77174 0
77207 0
77213 0
77255 0
77256 0
77335 0
77373 0
77405 0
77440 0
77454 0
77509 0
77545 0
77560 0
77617 0
77645 0
77694 0
77764 0
77813 0
77822 0
77937 0
77974 0
78024 0
78050 0
78098 0
78231 0
78319 0
78352 0
78370 0
78439 0
78453 0
78481 0
78542 0
78570 0
78621 0
78629 0
78701 0
78735 0
78755 0
78801 0
78957 0
78965 0
78983 0
78997 0
79047 0
79083 0
79098 0
79113 0
79137 0
79189 0
79205 0
79244 0
79279 0
79300 0
79319 0
79331 0
79437 0
79500 0
79505 0
79526 0
79594 0
79622 0
79692 0
79897 0
79960 0
80060 0
80075 0
80113 0
80129 0
80154 0
80167 0
80283 0
80469 0
80488 0
80566 0
80650 0
80656 0
80692 0
80760 0
80769 0
80943 0
81002 0
81044 0
81139 0
81219 0
81275 0
81292 0
81323 0
81502 0
81594 0
81629 0
81634 0
81753 0
81834 0
81841 0
81845 0
81955 0
82005 0
82016 0
82056 0
82092 0
82188 0
82219 0
82229 0
82255 0
82266 0
82273 0
82280 0
82289 0
82303 0
82341 0
82350 0
82353 0
82393 0
82475 0
82535 0
82591 0
82659 0
82683 0
82685 0
82750 0
82778 0
82780 0
82848 0
82922 0
83057 0
83087 0
83113 0
83137 0
83261 0
83316 0
83413 0
83422 0
83545 0
83555 0
83595 0
83597 0
83605 0
83622 0
83681 0
83693 0
83709 0
83808 0
83843 0
83863 0
83871 0
83912 0
83969 0
84010 0
84014 0
84022 0
84088 0
84100 0
84113 0
84120 0
84123 0
84142 0
84143 0
84166 0
84172 0
84240 0
84248 0
84253 0
84336 0
84409 0
84487 0
84498 0
84509 0
84540 0
84572 0
84632 0
84656 0
84674 0
84679 0
84724 0
84859 0
84970 0
84990 0
84995 0
84999 0
85028 0
85039 0
85096 0
85143 0
85152 0
85195 0
85299 0
85321 0
85322 0
85384 0
85460 0
85494 0
85515 0
85740 0
85824 0
85920 0
86029 0
86040 0
86057 0
86074 0
86089 0
86093 0
86104 0
86130 0
86154 0
86157 0
86198 0
86222 0
86239 0
86335 0
86349 0
86426 0
86505 0
86521 0
86530 0
86576 0
86577 0
86654 0
86852 0
86866 0
86891 0
86898 0
86954 0
87015 0
87021 0
87132 0
87165 0
87275 0
87314 0
87414 0
87442 0
87536 0
87545 0
87564 0
87607 0
87685 0
87717 0
87831 0
87841 0
87852 0
87860 0
87947 0
88093 0
88143 0
88162 0
88167 0
88191 0
88244 0
88284 0
88318 0
88371 0
88399 0
88453 0
88528 0
88569 0
88615 0
88623 0
88637 0
88639 0
88702 0
88722 0
88724 0
88790 0
88846 0
88963 0
89019 0
89055 0
89057 0
89109 0
89166 0
89172 0
89292 0
89319 0
89402 0
89466 0
89491 0
89554 0
89623 0
89627 0
89629 0
89791 0
89812 0
89843 0
89966 0
90030 0
90041 0
90045 0
90052 0
90231 0
90256 0
90313 0
90318 0
90362 0
90394 0
90493 0
90503 0
90537 0
90571 0
90629 0
90724 0
90743 0
90744 0
90806 0
90965 0
91002 0
91019 0
91129 0
91140 0
91158 0
91164 0
91171 0
91188 0
91231 0
91246 0
91287 0
91293 0
91378 0
91427 0
91477 0
91620 0
91657 0
91890 0
91956 0
91959 0
92106 0
92203 0
92205 0
92271 0
92274 0
92434 0
92447 0
92510 0
92577 0
92618 0
92651 0
92727 0
92773 0
92809 0
92839 0
92916 0
92950 0
92954 0
93047 0
93150 0
93258 0
93290 0
93364 0
93402 0
93440 0
93494 0
93521 0
93559 0
93586 0
93614 0
93711 0
93795 0
93861 0
93878 0
93883 0
93886 0
94043 0
94056 0
94078 0
94118 0
94166 0
94362 0
94378 0
94401 0
94471 0
94488 0
94699 0
94736 0
94753 0
94873 0
94881 0
94978 0
95057 0
95082 0
95138 0
95183 0
95224 0
95231 0
95252 0
95297 0
95324 0
95385 0
95426 0
95444 0
95607 0
95616 0
95659 0
95724 0
95795 0
95853 0
95947 0
96006 0
96026 0
96169 0
96308 0
96325 0
96342 0
96344 0
96401 0
96413 0
96439 0
96476 0
96660 0
96666 0
96740 0
96761 0
96795 0
96854 0
96898 0
96945 0
96994 0
97022 0
97029 0
97048 0
97139 0
97254 0
97264 0
97391 0
97510 0
97594 0
97611 0
97634 0
97662 0
97678 0
97698 0
97737 0
97782 0
97797 0
97962 0
98018 0
98039 0
98175 0
98192 0
98276 0
98294 0
98361 0
98480 0
98484 0
98610 0
98680 0
98685 0
98777 0
98789 0
98920 0
98951 0
99142 0
99162 0
99199 0
99382 0
99383 0
99420 0
99467 0
99563 0
99633 0
99837 0
99858 0
99861 0
99863 0
99881 0
99886 0
99890 0
99908 0
99950 0
