c This is a uniform distributed  1-D DIMACS file 
c width height point_number
p 100000 100000 2048
56 0
61 0
78 0
118 0
127 0
207 0
236 0
302 0
303 0
339 0
385 0
405 0
413 0
527 0
662 0
729 0
770 0
807 0
815 0
847 0
855 0
861 0
923 0
957 0
1008 0
1016 0
1017 0
1063 0
1151 0
1253 0
1280 0
1325 0
1342 0
1343 0
1436 0
1525 0
1543 0
1561 0
1592 0
1606 0
1623 0
1646 0
1751 0
1760 0
1803 0
1829 0
1918 0
1926 0
1981 0
2050 0
2051 0
2080 0
2199 0
2201 0
2220 0
2337 0
2357 0
2369 0
2397 0
2444 0
2470 0
2483 0
2558 0
2569 0
2574 0
2694 0
2696 0
2718 0
2720 0
2748 0
2812 0
2870 0
2912 0
2921 0
2984 0
3021 0
3052 0
3094 0
3268 0
3344 0
3374 0
3390 0
3421 0
3431 0
3437 0
3562 0
3597 0
3710 0
3749 0
3757 0
3798 0
3813 0
3891 0
3973 0
3988 0
4001 0
4015 0
4019 0
4159 0
4264 0
4325 0
4426 0
4433 0
4495 0
4500 0
4612 0
4622 0
4633 0
4704 0
4749 0
4758 0
4810 0
4836 0
4854 0
5085 0
5110 0
5123 0
5127 0
5238 0
5241 0
5259 0
5288 0
5312 0
5409 0
5416 0
5487 0
5531 0
5540 0
5570 0
5601 0
5627 0
5656 0
5714 0
5777 0
5802 0
5896 0
5950 0
5952 0
6091 0
6103 0
6151 0
6155 0
6169 0
6230 0
6255 0
6266 0
6296 0
6369 0
6372 0
6470 0
6541 0
6641 0
6646 0
6656 0
6738 0
6777 0
6784 0
6802 0
6894 0
6911 0
6942 0
6950 0
6961 0
6971 0
7084 0
7115 0
7240 0
7288 0
7315 0
7358 0
7393 0
7401 0
7425 0
7492 0
7544 0
7562 0
7565 0
7658 0
7806 0
7814 0
7907 0
8008 0
8071 0
8111 0
8156 0
8309 0
8336 0
8393 0
8416 0
8513 0
8568 0
8572 0
8578 0
8667 0
8681 0
8703 0
8706 0
8712 0
8713 0
8717 0
8718 0
8793 0
8821 0
8947 0
9078 0
9079 0
9112 0
9185 0
9269 0
9338 0
9349 0
9436 0
9447 0
9475 0
9517 0
9541 0
9663 0
9693 0
9824 0
9861 0
9866 0
9904 0
10268 0
10327 0
10396 0
10479 0
10489 0
10493 0
10617 0
10628 0
10648 0
10730 0
10790 0
10817 0
10917 0
10955 0
10966 0
10967 0
10976 0
11024 0
11047 0
11094 0
11112 0
11123 0
11131 0
11175 0
11247 0
11303 0
11304 0
11315 0
11339 0
11345 0
11395 0
11412 0
11486 0
11535 0
11537 0
11556 0
11638 0
11654 0
11665 0
11695 0
11746 0
11939 0
11955 0
12016 0
12113 0
12162 0
12176 0
12183 0
12184 0
12186 0
12202 0
12220 0
12255 0
12343 0
12667 0
12677 0
12689 0
12764 0
12858 0
12875 0
12911 0
12985 0
12988 0
13000 0
13026 0
13047 0
13117 0
13225 0
13235 0
13282 0
13285 0
13351 0
13404 0
13457 0
13501 0
13508 0
13546 0
13630 0
13719 0
13808 0
13844 0
13860 0
13919 0
13920 0
13987 0
14061 0
14154 0
14200 0
14289 0
14383 0
14389 0
14398 0
14490 0
14597 0
15035 0
15049 0
15152 0
15252 0
15255 0
15306 0
15314 0
15318 0
15329 0
15339 0
15359 0
15486 0
15525 0
15708 0
15709 0
15796 0
15851 0
15897 0
16024 0
16033 0
16083 0
16242 0
16310 0
16365 0
16372 0
16390 0
16479 0
16647 0
16726 0
16749 0
16780 0
16897 0
16908 0
16965 0
16985 0
17020 0
17101 0
17145 0
17160 0
17261 0
17328 0
17369 0
17430 0
17483 0
17603 0
17641 0
17675 0
17686 0
17772 0
17779 0
17851 0
17956 0
18018 0
18031 0
18048 0
18071 0
18072 0
18142 0
18298 0
18382 0
18385 0
18432 0
18450 0
18575 0
18590 0
18640 0
18712 0
18778 0
18788 0
18889 0
19030 0
19064 0
19066 0
19088 0
19097 0
19098 0
19130 0
19191 0
19199 0
19217 0
19251 0
19257 0
19263 0
19283 0
19427 0
19458 0
19509 0
19542 0
19624 0
19739 0
19759 0
19817 0
19831 0
19871 0
19957 0
19964 0
19983 0
20023 0
20050 0
20057 0
20080 0
20104 0
20129 0
20151 0
20160 0
20310 0
20359 0
20385 0
20492 0
20560 0
20582 0
20610 0
20612 0
20619 0
20663 0
20765 0
20807 0
20933 0
20954 0
21173 0
21196 0
21289 0
21353 0
21358 0
21428 0
21448 0
21521 0
21546 0
21564 0
21567 0
21678 0
21690 0
21733 0
21755 0
21793 0
21805 0
21835 0
21919 0
21950 0
21960 0
21977 0
22016 0
22043 0
22117 0
22181 0
22300 0
22400 0
22416 0
22432 0
22535 0
22575 0
22663 0
22672 0
22678 0
22701 0
22891 0
23020 0
23050 0
23052 0
23062 0
23094 0
23151 0
23237 0
23248 0
23276 0
23290 0
23322 0
23329 0
23387 0
23399 0
23412 0
23420 0
23484 0
23511 0
23525 0
23575 0
23625 0
23626 0
23665 0
23711 0
23715 0
23753 0
23777 0
23794 0
23822 0
23834 0
23875 0
23898 0
23931 0
23955 0
23960 0
23961 0
24059 0
24071 0
24072 0
24161 0
24215 0
24263 0
24286 0
24301 0
24355 0
24443 0
24467 0
24505 0
24520 0
24539 0
24575 0
24579 0
24763 0
24819 0
24827 0
24861 0
24918 0
24952 0
25004 0
25054 0
25151 0
25185 0
25290 0
25343 0
25352 0
25426 0
25471 0
25511 0
25523 0
25560 0
25659 0
25684 0
25850 0
25932 0
25935 0
25940 0
25946 0
25964 0
26016 0
26018 0
26030 0
26070 0
26093 0
26106 0
26144 0
26173 0
26290 0
26293 0
26310 0
26386 0
26400 0
26432 0
26433 0
26590 0
26615 0
26631 0
26642 0
26647 0
26658 0
26661 0
26686 0
26735 0
26737 0
26738 0
26746 0
26791 0
26855 0
26959 0
26963 0
27083 0
27084 0
27140 0
27193 0
27267 0
27286 0
27307 0
27346 0
27351 0
27356 0
27377 0
27425 0
27447 0
27533 0
27633 0
27664 0
27697 0
27713 0
27752 0
27789 0
27857 0
27936 0
27953 0
27962 0
28017 0
28025 0
28146 0
28252 0
28296 0
28381 0
28530 0
28542 0
28603 0
28694 0
28700 0
28733 0
28747 0
28770 0
28832 0
28866 0
29010 0
29125 0
29190 0
29193 0
29242 0
29258 0
29288 0
29300 0
29374 0
29376 0
29403 0
29427 0
29431 0
29487 0
29593 0
29630 0
29704 0
29712 0
29758 0
29760 0
29856 0
29976 0
30016 0
30028 0
30081 0
30088 0
30106 0
30307 0
30355 0
30356 0
30449 0
30524 0
30536 0
30562 0
30679 0
30708 0
30747 0
30978 0
31025 0
31420 0
31481 0
31552 0
31576 0
31586 0
31599 0
31617 0
31654 0
31822 0
31861 0
31891 0
31922 0
31967 0
31988 0
32050 0
32094 0
32098 0
32155 0
32197 0
32202 0
32218 0
32255 0
32266 0
32308 0
32414 0
32480 0
32607 0
32636 0
32712 0
32734 0
32746 0
32914 0
32922 0
32982 0
33040 0
33063 0
33131 0
33160 0
33308 0
33321 0
33435 0
33497 0
33537 0
33573 0
33592 0
33661 0
33663 0
33720 0
33743 0
33757 0
33828 0
33829 0
33934 0
34009 0
34017 0
34021 0
34158 0
34350 0
34388 0
34530 0
34532 0
34561 0
34579 0
34585 0
34621 0
34637 0
34675 0
34699 0
34702 0
34755 0
34767 0
34802 0
34817 0
34833 0
34912 0
35112 0
35196 0
35223 0
35248 0
35271 0
35368 0
35401 0
35436 0
35489 0
35548 0
35736 0
35738 0
35773 0
35774 0
35778 0
35855 0
35910 0
35921 0
35955 0
36063 0
36160 0
36188 0
36209 0
36213 0
36221 0
36245 0
36259 0
36369 0
36396 0
36398 0
36409 0
36445 0
36456 0
36510 0
36587 0
36632 0
36669 0
36878 0
36940 0
36977 0
37066 0
37081 0
37132 0
37149 0
37158 0
37195 0
37199 0
37220 0
37266 0
37312 0
37413 0
37431 0
37442 0
37505 0
37568 0
37574 0
37600 0
37627 0
37642 0
37745 0
37842 0
37893 0
37905 0
38001 0
38045 0
38089 0
38103 0
38111 0
38159 0
38198 0
38244 0
38259 0
38305 0
38361 0
38414 0
38468 0
38495 0
38514 0
38519 0
38560 0
38566 0
38624 0
38639 0
38661 0
38710 0
38757 0
38766 0
38828 0
38891 0
39064 0
39082 0
39100 0
39111 0
39215 0
39225 0
39283 0
39299 0
39342 0
39354 0
39385 0
39444 0
39500 0
39505 0
39667 0
39712 0
39735 0
39750 0
39765 0
39791 0
39810 0
39812 0
39916 0
39953 0
39955 0
39975 0
39987 0
40043 0
40159 0
40263 0
40398 0
40601 0
40632 0
40739 0
40758 0
40765 0
40775 0
40807 0
40810 0
40819 0
40944 0
40999 0
41091 0
41158 0
41241 0
41428 0
41431 0
41556 0
41607 0
41689 0
41756 0
41787 0
41833 0
41845 0
41847 0
41874 0
41875 0
41915 0
41950 0
41976 0
42079 0
42102 0
42108 0
42208 0
42230 0
42319 0
42345 0
42349 0
42461 0
42521 0
42534 0
42535 0
42558 0
42643 0
42809 0
42875 0
42881 0
42919 0
42930 0
42942 0
42945 0
43002 0
43017 0
43089 0
43126 0
43222 0
43287 0
43304 0
43409 0
43485 0
43526 0
43586 0
43643 0
43873 0
43920 0
43926 0
44029 0
44065 0
44079 0
44132 0
44239 0
44248 0
44262 0
44263 0
44328 0
44414 0
44426 0
44483 0
44548 0
44570 0
44624 0
44812 0
44814 0
44860 0
45003 0
45005 0
45018 0
45029 0
45085 0
45107 0
45187 0
45237 0
45242 0
45351 0
45421 0
45446 0
45501 0
45526 0
45540 0
45544 0
45559 0
45588 0
45649 0
45715 0
45759 0
45766 0
46164 0
46168 0
46176 0
46198 0
46215 0
46241 0
46272 0
46428 0
46515 0
46541 0
46543 0
46577 0
46601 0
46718 0
46733 0
46829 0
46844 0
46960 0
46976 0
47058 0
47203 0
47255 0
47281 0
47296 0
47305 0
47334 0
47363 0
47518 0
47524 0
47606 0
47639 0
47838 0
47883 0
47909 0
47916 0
47925 0
47927 0
48137 0
48191 0
48281 0
48286 0
48291 0
48303 0
48355 0
48365 0
48405 0
48448 0
48544 0
48556 0
48748 0
48757 0
48771 0
48788 0
48846 0
48875 0
48902 0
48926 0
48985 0
49081 0
49116 0
49139 0
49154 0
49269 0
49377 0
49378 0
49408 0
49482 0
49689 0
49690 0
49709 0
49727 0
49787 0
49812 0
49841 0
49923 0
49931 0
50016 0
50070 0
50073 0
50107 0
50109 0
50193 0
50301 0
50337 0
50344 0
50429 0
50449 0
50461 0
50518 0
50613 0
50637 0
50860 0
50862 0
50949 0
50976 0
50991 0
50994 0
51006 0
51028 0
51048 0
51185 0
51196 0
51215 0
51227 0
51294 0
51357 0
51408 0
51475 0
51572 0
51664 0
51694 0
51746 0
51757 0
51861 0
51886 0
51921 0
51935 0
51991 0
51992 0
52084 0
52099 0
52225 0
52252 0
52257 0
52270 0
52308 0
52327 0
52330 0
52376 0
52394 0
52488 0
52529 0
52580 0
52604 0
52639 0
52649 0
52663 0
52734 0
52737 0
52797 0
52854 0
52922 0
52931 0
52993 0
52996 0
53003 0
53007 0
53029 0
53174 0
53223 0
53269 0
53277 0
53303 0
53331 0
53332 0
53352 0
53395 0
53414 0
53442 0
53626 0
53683 0
53708 0
53872 0
53933 0
53948 0
54022 0
54029 0
54046 0
54099 0
54238 0
54241 0
54269 0
54303 0
54341 0
54385 0
54554 0
54616 0
54621 0
54694 0
54749 0
54757 0
54772 0
54843 0
54887 0
54913 0
54918 0
55017 0
55030 0
55070 0
55107 0
55124 0
55130 0
55169 0
55177 0
55181 0
55231 0
55285 0
55319 0
55338 0
55394 0
55480 0
55555 0
55592 0
55610 0
55620 0
55646 0
55659 0
55681 0
55762 0
55767 0
55772 0
55821 0
55962 0
56045 0
56134 0
56139 0
56179 0
56180 0
56251 0
56265 0
56277 0
56374 0
56398 0
56447 0
56492 0
56557 0
56571 0
56574 0
56639 0
56662 0
56794 0
56801 0
56820 0
56836 0
56847 0
56887 0
56943 0
56959 0
56980 0
56986 0
57044 0
57092 0
57109 0
57133 0
57135 0
57373 0
57385 0
57459 0
57493 0
57546 0
57661 0
57680 0
57762 0
57776 0
57800 0
57855 0
57933 0
58018 0
58054 0
58067 0
58068 0
58142 0
58244 0
58336 0
58597 0
58607 0
58657 0
58763 0
58872 0
59032 0
59041 0
59053 0
59102 0
59130 0
59151 0
59164 0
59202 0
59208 0
59276 0
59322 0
59380 0
59384 0
59400 0
59495 0
59639 0
59677 0
59721 0
59736 0
60005 0
60101 0
60113 0
60161 0
60264 0
60280 0
60316 0
60404 0
60462 0
60501 0
60505 0
60536 0
60546 0
60567 0
60693 0
60714 0
60775 0
60891 0
60922 0
61088 0
61121 0
61136 0
61229 0
61247 0
61268 0
61269 0
61374 0
61390 0
61397 0
61414 0
61435 0
61477 0
61530 0
61551 0
61630 0
61643 0
61666 0
61682 0
61789 0
61814 0
61859 0
61878 0
61887 0
61917 0
62004 0
62047 0
62188 0
62212 0
62293 0
62484 0
62517 0
62553 0
62593 0
62624 0
62681 0
62753 0
62769 0
62824 0
62857 0
62956 0
62982 0
63077 0
63198 0
63209 0
63231 0
63336 0
63375 0
63417 0
63484 0
63621 0
63705 0
63732 0
63735 0
63853 0
63889 0
63933 0
64045 0
64078 0
64289 0
64292 0
64324 0
64436 0
64485 0
64506 0
64645 0
64755 0
64773 0
64821 0
64882 0
64896 0
64926 0
64930 0
65083 0
65129 0
65156 0
65161 0
65216 0
65311 0
65319 0
65418 0
65442 0
65456 0
65511 0
65546 0
65642 0
65698 0
65726 0
65727 0
65734 0
65954 0
66018 0
66041 0
66082 0
66106 0
66151 0
66200 0
66204 0
66235 0
66236 0
66263 0
66321 0
66359 0
66388 0
66413 0
66436 0
66558 0
66618 0
66657 0
66673 0
66691 0
66704 0
66804 0
66843 0
67068 0
67122 0
67173 0
67215 0
67216 0
67222 0
67271 0
67299 0
67365 0
67436 0
67445 0
67507 0
67527 0
67564 0
67585 0
67642 0
67643 0
67662 0
67676 0
67729 0
67780 0
67864 0
67890 0
67958 0
67970 0
68028 0
68149 0
68245 0
68248 0
68345 0
68386 0
68451 0
68498 0
68578 0
68761 0
68837 0
68841 0
68867 0
68879 0
68905 0
68917 0
69043 0
69093 0
69164 0
69173 0
69275 0
69299 0
69347 0
69450 0
69480 0
69627 0
69670 0
69679 0
69725 0
69769 0
69837 0
69897 0
70032 0
70081 0
70092 0
70174 0
70272 0
70314 0
70317 0
70327 0
70341 0
70343 0
70391 0
70468 0
70481 0
70508 0
70589 0
70593 0
70641 0
70793 0
70832 0
70836 0
70856 0
70982 0
71159 0
71181 0
71212 0
71296 0
71316 0
71325 0
71432 0
71521 0
71627 0
71720 0
71727 0
71775 0
71896 0
71908 0
71911 0
71933 0
72083 0
72100 0
72102 0
72125 0
72259 0
72268 0
72275 0
72304 0
72356 0
72370 0
72410 0
72475 0
72542 0
72546 0
72593 0
72596 0
72616 0
72695 0
72716 0
72751 0
72790 0
72848 0
72937 0
72992 0
73320 0
73341 0
73478 0
73480 0
73507 0
73510 0
73524 0
73531 0
73544 0
73554 0
73610 0
73657 0
73667 0
73687 0
73689 0
73699 0
73745 0
73782 0
73795 0
73848 0
73964 0
73970 0
73973 0
74039 0
74056 0
74066 0
74132 0
74138 0
74183 0
74291 0
74319 0
74320 0
74442 0
74461 0
74479 0
74533 0
74544 0
74554 0
74664 0
74667 0
74692 0
74741 0
74745 0
74860 0
74911 0
75040 0
75047 0
75061 0
75187 0
75305 0
75354 0
75419 0
75451 0
75453 0
75521 0
75533 0
75630 0
75673 0
75684 0
75698 0
75704 0
75714 0
75718 0
75746 0
75759 0
75767 0
75881 0
75898 0
75917 0
75933 0
75994 0
76078 0
76091 0
76126 0
76214 0
76219 0
76243 0
76324 0
76326 0
76430 0
76535 0
76540 0
76553 0
76590 0
76708 0
76798 0
76821 0
76899 0
76909 0
76919 0
76920 0
76962 0
77053 0
77130 0
77150 0
77190 0
77237 0
77259 0
77372 0
77374 0
77455 0
77476 0
77506 0
77540 0
77576 0
77710 0
77736 0
77835 0
78070 0
78188 0
78250 0
78340 0
78345 0
78412 0
78478 0
78588 0
78604 0
78618 0
78624 0
78658 0
78753 0
78758 0
78782 0
78798 0
78833 0
78860 0
78946 0
78954 0
79027 0
79084 0
79105 0
79112 0
79149 0
79240 0
79253 0
79274 0
79310 0
79460 0
79562 0
79576 0
79580 0
79606 0
79635 0
79715 0
79768 0
79906 0
79910 0
80039 0
80078 0
80098 0
80136 0
80200 0
80220 0
80357 0
80396 0
80436 0
80560 0
80624 0
80643 0
80689 0
80720 0
80739 0
80766 0
80819 0
80880 0
80886 0
80911 0
81062 0
81122 0
81183 0
81245 0
81265 0
81318 0
81413 0
81450 0
81471 0
81735 0
81819 0
81872 0
81906 0
81942 0
81959 0
81975 0
81995 0
82019 0
82051 0
82075 0
82153 0
82181 0
82198 0
82311 0
82387 0
82504 0
82559 0
82566 0
82638 0
82712 0
82746 0
82751 0
82799 0
82839 0
82845 0
82849 0
82857 0
82871 0
82874 0
82880 0
82949 0
82971 0
82986 0
82987 0
82990 0
83043 0
83105 0
83123 0
83187 0
83212 0
83252 0
83286 0
83301 0
83310 0
83442 0
83461 0
83525 0
83560 0
83561 0
83614 0
83625 0
83692 0
83764 0
83808 0
83848 0
83870 0
83880 0
83977 0
84057 0
84077 0
84083 0
84292 0
84387 0
84459 0
84472 0
84479 0
84556 0
84652 0
84655 0
84660 0
84665 0
84666 0
84718 0
84792 0
84897 0
84977 0
85068 0
85231 0
85306 0
85315 0
85383 0
85393 0
85432 0
85452 0
85470 0
85515 0
85531 0
85554 0
85596 0
85617 0
85656 0
85681 0
85709 0
85957 0
85982 0
86000 0
86028 0
86067 0
86124 0
86144 0
86146 0
86189 0
86203 0
86207 0
86232 0
86417 0
86445 0
86653 0
86673 0
86705 0
86741 0
86770 0
86780 0
86808 0
86832 0
86901 0
86926 0
86989 0
87045 0
87047 0
87055 0
87063 0
87093 0
87128 0
87143 0
87236 0
87264 0
87267 0
87273 0
87313 0
87314 0
87370 0
87389 0
87411 0
87456 0
87488 0
87499 0
87506 0
87509 0
87539 0
87546 0
87732 0
87834 0
87887 0
87896 0
87898 0
87923 0
87940 0
87956 0
87959 0
88093 0
88224 0
88237 0
88462 0
88465 0
88615 0
88653 0
88669 0
88727 0
88802 0
88859 0
88862 0
88870 0
88892 0
88930 0
89046 0
89085 0
89107 0
89113 0
89136 0
89187 0
89340 0
89400 0
89432 0
89475 0
89476 0
89481 0
89564 0
89589 0
89600 0
89614 0
89644 0
89781 0
89790 0
89813 0
89900 0
89913 0
89931 0
90085 0
90094 0
90273 0
90328 0
90398 0
90470 0
90475 0
90601 0
90736 0
90817 0
90826 0
90828 0
90853 0
90875 0
90983 0
91008 0
91084 0
91195 0
91249 0
91268 0
91358 0
91363 0
91388 0
91413 0
91660 0
91681 0
91748 0
91749 0
91752 0
91793 0
91795 0
91866 0
91907 0
91923 0
92068 0
92094 0
92109 0
92125 0
92194 0
92202 0
92235 0
92242 0
92264 0
92375 0
92437 0
92448 0
92659 0
92706 0
92739 0
92773 0
92788 0
92921 0
93009 0
93017 0
93046 0
93066 0
93071 0
93106 0
93107 0
93180 0
93230 0
93265 0
93385 0
93397 0
93427 0
93469 0
93502 0
93558 0
93608 0
93611 0
93624 0
93710 0
93715 0
93790 0
93849 0
94007 0
94072 0
94075 0
94180 0
94210 0
94224 0
94243 0
94247 0
94271 0
94298 0
94378 0
94457 0
94458 0
94477 0
94614 0
94661 0
94662 0
94664 0
94705 0
94759 0
94842 0
94857 0
94915 0
94935 0
95004 0
95082 0
95085 0
95258 0
95260 0
95286 0
95318 0
95403 0
95436 0
95463 0
95506 0
95743 0
95757 0
95840 0
95982 0
96123 0
96215 0
96277 0
96348 0
96355 0
96444 0
96524 0
96574 0
96602 0
96647 0
96732 0
96753 0
96810 0
96826 0
96827 0
97000 0
97008 0
97204 0
97240 0
97242 0
97380 0
97417 0
97420 0
97426 0
97433 0
97505 0
97533 0
97580 0
97625 0
97660 0
97721 0
97769 0
97821 0
97830 0
97857 0
97884 0
97889 0
97946 0
98019 0
98099 0
98117 0
98143 0
98394 0
98507 0
98512 0
98657 0
98724 0
98763 0
98807 0
98819 0
98834 0
98876 0
99098 0
99132 0
99158 0
99260 0
99300 0
99519 0
99523 0
99609 0
99617 0
99658 0
99714 0
99786 0
99805 0
99836 0
99912 0
99930 0
99987 0
