c This is a uniform distributed  1-D DIMACS file 
c width height point_number
p 100000 100000 2048
6 0
12 0
58 0
61 0
194 0
198 0
352 0
409 0
437 0
610 0
648 0
663 0
667 0
685 0
697 0
699 0
770 0
783 0
804 0
950 0
960 0
998 0
1038 0
1072 0
1208 0
1213 0
1256 0
1314 0
1425 0
1451 0
1594 0
1610 0
1651 0
1663 0
1737 0
1752 0
1758 0
1800 0
1857 0
1878 0
1894 0
1948 0
1959 0
1980 0
2074 0
2116 0
2158 0
2206 0
2260 0
2262 0
2301 0
2343 0
2760 0
2807 0
2979 0
2989 0
3037 0
3093 0
3125 0
3151 0
3191 0
3268 0
3274 0
3343 0
3365 0
3374 0
3387 0
3417 0
3489 0
3525 0
3609 0
3740 0
3844 0
3900 0
3954 0
3985 0
4036 0
4041 0
4140 0
4303 0
4305 0
4307 0
4334 0
4350 0
4354 0
4391 0
4399 0
4418 0
4463 0
4479 0
4493 0
4514 0
4566 0
4572 0
4614 0
4617 0
4620 0
4687 0
4704 0
4723 0
4741 0
4749 0
4799 0
4812 0
4909 0
5016 0
5038 0
5063 0
5071 0
5073 0
5097 0
5128 0
5135 0
5153 0
5274 0
5299 0
5369 0
5403 0
5425 0
5475 0
5533 0
5624 0
5676 0
5689 0
5758 0
5768 0
5809 0
5840 0
5860 0
5881 0
5907 0
6062 0
6096 0
6155 0
6211 0
6230 0
6348 0
6397 0
6408 0
6421 0
6441 0
6596 0
6636 0
6702 0
6717 0
6725 0
6792 0
6827 0
6847 0
7024 0
7102 0
7130 0
7176 0
7201 0
7235 0
7246 0
7249 0
7314 0
7402 0
7435 0
7499 0
7534 0
7748 0
7901 0
8062 0
8066 0
8243 0
8278 0
8326 0
8360 0
8384 0
8420 0
8434 0
8487 0
8552 0
8638 0
8696 0
8721 0
8731 0
8737 0
8762 0
8808 0
8809 0
8861 0
8912 0
9020 0
9026 0
9031 0
9036 0
9038 0
9099 0
9155 0
9181 0
9243 0
9249 0
9284 0
9307 0
9399 0
9573 0
9591 0
9609 0
9627 0
9657 0
9664 0
9668 0
9766 0
9773 0
9797 0
9894 0
9899 0
10049 0
10064 0
10160 0
10186 0
10243 0
10286 0
10388 0
10412 0
10418 0
10465 0
10639 0
10701 0
10770 0
10775 0
10800 0
10889 0
10950 0
10996 0
11015 0
11016 0
11068 0
11132 0
11171 0
11200 0
11208 0
11234 0
11260 0
11352 0
11426 0
11462 0
11555 0
11595 0
11605 0
11615 0
11663 0
11692 0
11733 0
11790 0
11820 0
11871 0
11902 0
12011 0
12016 0
12030 0
12043 0
12074 0
12172 0
12211 0
12216 0
12249 0
12433 0
12445 0
12515 0
12530 0
12595 0
12611 0
12646 0
12725 0
12816 0
12926 0
12941 0
12961 0
12962 0
12992 0
13030 0
13064 0
13126 0
13224 0
13243 0
13253 0
13281 0
13307 0
13315 0
13390 0
13421 0
13511 0
13524 0
13542 0
13567 0
13630 0
13676 0
13686 0
13691 0
13701 0
13712 0
13718 0
13720 0
13763 0
13919 0
14057 0
14111 0
14170 0
14192 0
14300 0
14315 0
14341 0
14353 0
14420 0
14422 0
14447 0
14469 0
14472 0
14515 0
14557 0
14584 0
14600 0
14628 0
14737 0
14768 0
14933 0
14962 0
15005 0
15098 0
15104 0
15118 0
15278 0
15322 0
15337 0
15391 0
15516 0
15529 0
15561 0
15672 0
15750 0
15806 0
15850 0
15898 0
16065 0
16127 0
16139 0
16166 0
16207 0
16225 0
16228 0
16254 0
16304 0
16403 0
16411 0
16438 0
16461 0
16472 0
16520 0
16538 0
16660 0
16688 0
17042 0
17084 0
17163 0
17179 0
17211 0
17218 0
17281 0
17381 0
17490 0
17503 0
17535 0
17545 0
17576 0
17612 0
17667 0
17670 0
17716 0
17773 0
17943 0
17964 0
18050 0
18124 0
18144 0
18168 0
18212 0
18247 0
18289 0
18529 0
18571 0
18584 0
18596 0
18605 0
18768 0
19008 0
19059 0
19101 0
19213 0
19219 0
19224 0
19262 0
19296 0
19314 0
19376 0
19414 0
19532 0
19549 0
19823 0
19827 0
19898 0
19930 0
19933 0
20133 0
20158 0
20159 0
20175 0
20218 0
20239 0
20243 0
20258 0
20282 0
20305 0
20320 0
20326 0
20358 0
20455 0
20474 0
20477 0
20512 0
20676 0
20690 0
20695 0
20738 0
20784 0
20852 0
20853 0
21030 0
21057 0
21135 0
21163 0
21166 0
21218 0
21294 0
21325 0
21457 0
21502 0
21525 0
21690 0
21706 0
21714 0
21744 0
21789 0
21803 0
21820 0
21848 0
21898 0
21905 0
22089 0
22092 0
22121 0
22165 0
22168 0
22189 0
22223 0
22302 0
22323 0
22335 0
22367 0
22371 0
22379 0
22443 0
22475 0
22539 0
22545 0
22586 0
22650 0
22673 0
22684 0
22689 0
22764 0
22821 0
22951 0
23004 0
23041 0
23096 0
23167 0
23188 0
23216 0
23229 0
23237 0
23274 0
23380 0
23448 0
23542 0
23561 0
23585 0
23596 0
23615 0
23656 0
23672 0
23871 0
23879 0
23897 0
23988 0
24027 0
24116 0
24165 0
24236 0
24330 0
24370 0
24473 0
24532 0
24577 0
24739 0
24782 0
24822 0
24927 0
24934 0
25087 0
25225 0
25400 0
25473 0
25489 0
25506 0
25510 0
25573 0
25603 0
25757 0
25777 0
25805 0
25816 0
25943 0
26030 0
26079 0
26083 0
26132 0
26214 0
26231 0
26312 0
26338 0
26348 0
26380 0
26398 0
26499 0
26503 0
26512 0
26542 0
26549 0
26574 0
26597 0
26783 0
26818 0
26920 0
26971 0
27038 0
27101 0
27166 0
27184 0
27201 0
27242 0
27259 0
27302 0
27318 0
27321 0
27354 0
27375 0
27423 0
27442 0
27602 0
27645 0
27752 0
27780 0
27891 0
27896 0
27925 0
27945 0
28084 0
28123 0
28129 0
28225 0
28265 0
28321 0
28332 0
28339 0
28341 0
28359 0
28376 0
28537 0
28542 0
28596 0
28625 0
28855 0
28880 0
28907 0
29036 0
29143 0
29195 0
29217 0
29244 0
29355 0
29475 0
29527 0
29604 0
29628 0
29707 0
29729 0
29855 0
29882 0
29981 0
30014 0
30084 0
30131 0
30148 0
30155 0
30159 0
30232 0
30253 0
30275 0
30299 0
30310 0
30343 0
30352 0
30355 0
30397 0
30454 0
30459 0
30486 0
30652 0
30682 0
30706 0
30721 0
30722 0
30724 0
30728 0
30742 0
30790 0
30794 0
30811 0
30821 0
30898 0
30996 0
31014 0
31019 0
31136 0
31209 0
31214 0
31243 0
31250 0
31314 0
31330 0
31377 0
31447 0
31459 0
31461 0
31467 0
31613 0
31653 0
31691 0
31730 0
31744 0
31788 0
31868 0
31896 0
31949 0
32065 0
32124 0
32209 0
32238 0
32248 0
32311 0
32341 0
32397 0
32420 0
32511 0
32538 0
32601 0
32603 0
32621 0
32721 0
32880 0
33022 0
33040 0
33055 0
33075 0
33078 0
33107 0
33123 0
33151 0
33153 0
33226 0
33231 0
33325 0
33342 0
33413 0
33438 0
33458 0
33498 0
33573 0
33615 0
33670 0
33679 0
33749 0
33833 0
33843 0
34021 0
34180 0
34232 0
34417 0
34450 0
34451 0
34460 0
34555 0
34583 0
34584 0
34749 0
34846 0
34849 0
34957 0
34968 0
34970 0
34988 0
35013 0
35199 0
35231 0
35235 0
35380 0
35438 0
35446 0
35485 0
35495 0
35515 0
35527 0
35678 0
35751 0
35787 0
35814 0
35861 0
35865 0
35955 0
36098 0
36223 0
36317 0
36421 0
36451 0
36497 0
36533 0
36640 0
36667 0
36693 0
36695 0
36711 0
36743 0
36756 0
36780 0
36873 0
36878 0
36893 0
37006 0
37096 0
37137 0
37183 0
37299 0
37301 0
37328 0
37338 0
37463 0
37479 0
37486 0
37499 0
37511 0
37517 0
37562 0
37575 0
37639 0
37692 0
37730 0
37756 0
37815 0
37852 0
37959 0
38035 0
38037 0
38040 0
38072 0
38085 0
38188 0
38200 0
38299 0
38361 0
38376 0
38406 0
38428 0
38526 0
38550 0
38650 0
38800 0
38816 0
38885 0
38903 0
38943 0
38982 0
38990 0
39026 0
39033 0
39101 0
39145 0
39162 0
39199 0
39234 0
39275 0
39347 0
39495 0
39598 0
39761 0
39768 0
39802 0
39852 0
39893 0
40112 0
40157 0
40160 0
40171 0
40196 0
40222 0
40313 0
40385 0
40430 0
40474 0
40485 0
40559 0
40572 0
40606 0
40664 0
40685 0
40747 0
40757 0
40818 0
40846 0
40874 0
40905 0
40936 0
40945 0
41039 0
41272 0
41287 0
41315 0
41349 0
41423 0
41426 0
41428 0
41460 0
41461 0
41491 0
41521 0
41525 0
41527 0
41539 0
41542 0
41583 0
41625 0
41632 0
41846 0
41867 0
41899 0
41974 0
42020 0
42067 0
42077 0
42078 0
42084 0
42094 0
42242 0
42277 0
42411 0
42438 0
42442 0
42500 0
42561 0
42607 0
42638 0
42796 0
42829 0
42985 0
42991 0
43059 0
43080 0
43188 0
43257 0
43259 0
43311 0
43378 0
43400 0
43471 0
43563 0
43611 0
43763 0
43784 0
43842 0
43850 0
43860 0
43943 0
43949 0
43963 0
43965 0
43995 0
44031 0
44058 0
44112 0
44130 0
44136 0
44137 0
44211 0
44220 0
44425 0
44486 0
44693 0
44698 0
44758 0
44788 0
44796 0
44834 0
44942 0
44966 0
45018 0
45066 0
45126 0
45187 0
45199 0
45288 0
45332 0
45366 0
45467 0
45505 0
45511 0
45517 0
45600 0
45629 0
45651 0
45663 0
45733 0
45743 0
45769 0
45795 0
45847 0
45914 0
45946 0
45956 0
46085 0
46163 0
46184 0
46214 0
46233 0
46293 0
46349 0
46467 0
46491 0
46705 0
46741 0
46807 0
46844 0
46918 0
46943 0
47029 0
47208 0
47351 0
47354 0
47452 0
47463 0
47464 0
47468 0
47516 0
47524 0
47599 0
47675 0
47694 0
47718 0
47755 0
47854 0
47860 0
47894 0
47900 0
47959 0
47965 0
48030 0
48080 0
48087 0
48120 0
48196 0
48208 0
48211 0
48230 0
48299 0
48340 0
48421 0
48462 0
48496 0
48536 0
48571 0
48577 0
48587 0
48673 0
48711 0
48795 0
48802 0
48896 0
48905 0
48908 0
48925 0
48938 0
48939 0
48952 0
49019 0
49090 0
49124 0
49164 0
49222 0
49238 0
49347 0
49387 0
49398 0
49502 0
49627 0
49643 0
49662 0
49677 0
49680 0
49738 0
49754 0
49789 0
49834 0
49892 0
49914 0
49938 0
49954 0
50020 0
50066 0
50098 0
50271 0
50279 0
50339 0
50383 0
50390 0
50420 0
50441 0
50532 0
50534 0
50732 0
50735 0
50764 0
50767 0
50914 0
50993 0
50995 0
51045 0
51060 0
51074 0
51164 0
51170 0
51206 0
51277 0
51415 0
51497 0
51498 0
51506 0
51689 0
51723 0
51730 0
51765 0
51783 0
51795 0
51834 0
51838 0
51916 0
52061 0
52116 0
52193 0
52197 0
52199 0
52259 0
52346 0
52387 0
52510 0
52533 0
52543 0
52606 0
52688 0
52706 0
52817 0
52972 0
53051 0
53081 0
53114 0
53127 0
53305 0
53328 0
53344 0
53354 0
53477 0
53523 0
53602 0
53650 0
53709 0
53776 0
53814 0
53851 0
53852 0
53867 0
53896 0
53938 0
53969 0
54034 0
54143 0
54175 0
54183 0
54244 0
54319 0
54361 0
54396 0
54437 0
54461 0
54523 0
54546 0
54584 0
54602 0
54624 0
54737 0
54758 0
54934 0
54964 0
54973 0
55055 0
55122 0
55140 0
55176 0
55201 0
55253 0
55260 0
55274 0
55336 0
55572 0
55578 0
55615 0
55641 0
55654 0
55679 0
55705 0
55771 0
55773 0
55794 0
55902 0
55974 0
55978 0
55981 0
56091 0
56145 0
56159 0
56196 0
56230 0
56305 0
56307 0
56329 0
56465 0
56477 0
56527 0
56535 0
56634 0
56694 0
56770 0
56978 0
56995 0
57001 0
57030 0
57043 0
57072 0
57164 0
57204 0
57206 0
57327 0
57398 0
57400 0
57433 0
57532 0
57576 0
57591 0
57757 0
57772 0
57830 0
57882 0
58009 0
58063 0
58210 0
58253 0
58310 0
58332 0
58382 0
58439 0
58465 0
58468 0
58471 0
58479 0
58498 0
58578 0
58627 0
58673 0
58736 0
58744 0
58816 0
58828 0
58836 0
58876 0
58920 0
59021 0
59117 0
59135 0
59144 0
59170 0
59176 0
59196 0
59199 0
59226 0
59262 0
59284 0
59297 0
59367 0
59375 0
59378 0
59401 0
59421 0
59469 0
59478 0
59513 0
59538 0
59579 0
59663 0
59691 0
59816 0
59847 0
59880 0
59954 0
60014 0
60107 0
60208 0
60265 0
60279 0
60311 0
60316 0
60346 0
60405 0
60438 0
60580 0
60639 0
60668 0
60693 0
60696 0
60788 0
60838 0
60869 0
60958 0
61147 0
61264 0
61285 0
61328 0
61358 0
61549 0
61705 0
61773 0
61801 0
61829 0
61836 0
61849 0
61861 0
61904 0
61947 0
62042 0
62136 0
62195 0
62229 0
62331 0
62361 0
62365 0
62418 0
62440 0
62457 0
62608 0
62629 0
62740 0
62743 0
62763 0
62776 0
62811 0
62814 0
62832 0
62853 0
62912 0
62947 0
63039 0
63080 0
63125 0
63146 0
63181 0
63251 0
63257 0
63299 0
63356 0
63554 0
63581 0
63623 0
63626 0
63631 0
63674 0
63741 0
63898 0
63917 0
63941 0
63989 0
64004 0
64014 0
64027 0
64035 0
64037 0
64044 0
64058 0
64067 0
64088 0
64091 0
64117 0
64141 0
64179 0
64233 0
64270 0
64319 0
64333 0
64390 0
64403 0
64419 0
64468 0
64601 0
64610 0
64639 0
64644 0
64680 0
64685 0
64786 0
64835 0
64867 0
64883 0
64891 0
64926 0
64966 0
64968 0
65005 0
65044 0
65149 0
65164 0
65230 0
65264 0
65343 0
65414 0
65428 0
65444 0
65494 0
65528 0
65540 0
65602 0
65760 0
65810 0
65851 0
65914 0
65922 0
65930 0
66001 0
66075 0
66141 0
66164 0
66211 0
66230 0
66245 0
66272 0
66368 0
66377 0
66404 0
66413 0
66478 0
66557 0
66608 0
66609 0
66617 0
66622 0
66665 0
66675 0
66725 0
66756 0
66763 0
66799 0
66936 0
66961 0
66989 0
67003 0
67037 0
67075 0
67110 0
67115 0
67158 0
67170 0
67173 0
67222 0
67226 0
67277 0
67286 0
67366 0
67411 0
67416 0
67463 0
67543 0
67566 0
67576 0
67583 0
67625 0
67796 0
67807 0
67827 0
67851 0
67880 0
67897 0
67921 0
67970 0
67971 0
67974 0
67989 0
68000 0
68020 0
68150 0
68166 0
68213 0
68288 0
68340 0
68341 0
68342 0
68356 0
68375 0
68417 0
68435 0
68482 0
68715 0
68815 0
68850 0
68883 0
68907 0
68931 0
68947 0
69048 0
69223 0
69248 0
69262 0
69309 0
69411 0
69424 0
69430 0
69558 0
69589 0
69612 0
69626 0
69677 0
69697 0
69799 0
69836 0
69840 0
69911 0
70024 0
70026 0
70065 0
70079 0
70218 0
70288 0
70302 0
70410 0
70423 0
70428 0
70456 0
70516 0
70640 0
70743 0
70775 0
70782 0
70827 0
70885 0
70985 0
70994 0
70999 0
71057 0
71152 0
71170 0
71188 0
71234 0
71247 0
71259 0
71261 0
71343 0
71382 0
71392 0
71396 0
71437 0
71444 0
71467 0
71524 0
71685 0
71690 0
71734 0
71747 0
71841 0
71902 0
71926 0
72047 0
72092 0
72102 0
72218 0
72252 0
72273 0
72276 0
72313 0
72332 0
72345 0
72359 0
72361 0
72409 0
72440 0
72445 0
72503 0
72703 0
72743 0
72761 0
72872 0
72907 0
72960 0
72975 0
73006 0
73077 0
73289 0
73314 0
73383 0
73418 0
73464 0
73481 0
73518 0
73550 0
73571 0
73572 0
73607 0
73654 0
73689 0
73692 0
73704 0
73727 0
73774 0
73825 0
73852 0
73894 0
73924 0
73931 0
74113 0
74129 0
74213 0
74342 0
74353 0
74544 0
74678 0
74759 0
74822 0
74844 0
74879 0
74931 0
74997 0
75163 0
75196 0
75280 0
75302 0
75309 0
75422 0
75445 0
75489 0
75517 0
75558 0
75635 0
75707 0
75781 0
75818 0
75889 0
75894 0
75938 0
75992 0
76011 0
76169 0
76203 0
76363 0
76371 0
76401 0
76466 0
76512 0
76611 0
76624 0
76740 0
76747 0
76772 0
76808 0
76829 0
76840 0
76865 0
76890 0
76909 0
77044 0
77083 0
77158 0
77255 0
77349 0
77363 0
77421 0
77510 0
77581 0
77585 0
77588 0
77810 0
77868 0
77949 0
77991 0
78035 0
78094 0
78158 0
78197 0
78198 0
78214 0
78335 0
78357 0
78377 0
78516 0
78660 0
78669 0
78691 0
78694 0
78715 0
78758 0
78806 0
78828 0
78893 0
78996 0
78998 0
79040 0
79065 0
79066 0
79130 0
79133 0
79161 0
79179 0
79222 0
79246 0
79260 0
79374 0
79491 0
79620 0
79643 0
79729 0
79736 0
79819 0
79854 0
79856 0
79905 0
80011 0
80019 0
80105 0
80109 0
80200 0
80257 0
80270 0
80326 0
80499 0
80753 0
80852 0
80861 0
80902 0
80982 0
80992 0
80995 0
81049 0
81052 0
81066 0
81148 0
81167 0
81186 0
81219 0
81235 0
81462 0
81463 0
81515 0
81623 0
81672 0
81698 0
81707 0
81784 0
81912 0
81946 0
81975 0
82030 0
82037 0
82073 0
82193 0
82208 0
82405 0
82410 0
82420 0
82458 0
82465 0
82497 0
82526 0
82548 0
82632 0
82663 0
82778 0
82807 0
82817 0
82861 0
82959 0
83017 0
83120 0
83130 0
83156 0
83163 0
83199 0
83217 0
83218 0
83236 0
83312 0
83337 0
83345 0
83360 0
83383 0
83433 0
83528 0
83532 0
83587 0
83610 0
83634 0
83643 0
83677 0
83760 0
83905 0
83907 0
83918 0
83988 0
84063 0
84103 0
84106 0
84171 0
84270 0
84330 0
84380 0
84407 0
84433 0
84448 0
84516 0
84613 0
84627 0
84678 0
84694 0
84723 0
84733 0
84838 0
84903 0
85011 0
85025 0
85029 0
85049 0
85253 0
85268 0
85326 0
85428 0
85429 0
85440 0
85480 0
85501 0
85510 0
85514 0
85525 0
85576 0
85604 0
85704 0
85857 0
85905 0
85969 0
85981 0
86032 0
86094 0
86133 0
86237 0
86313 0
86346 0
86407 0
86447 0
86606 0
86616 0
86657 0
86736 0
86790 0
86800 0
86804 0
86806 0
86879 0
87080 0
87085 0
87100 0
87153 0
87157 0
87239 0
87286 0
87305 0
87310 0
87348 0
87390 0
87508 0
87610 0
87631 0
87742 0
87758 0
87827 0
87847 0
87917 0
87936 0
87949 0
87967 0
87975 0
88007 0
88018 0
88068 0
88071 0
88134 0
88159 0
88161 0
88164 0
88368 0
88385 0
88442 0
88490 0
88517 0
88556 0
88564 0
88566 0
88583 0
88593 0
88761 0
88773 0
88875 0
88965 0
89027 0
89064 0
89174 0
89269 0
89303 0
89338 0
89341 0
89369 0
89375 0
89425 0
89533 0
89537 0
89685 0
89702 0
89755 0
89914 0
89941 0
89949 0
89966 0
90046 0
90117 0
90118 0
90189 0
90286 0
90351 0
90389 0
90398 0
90457 0
90460 0
90470 0
90485 0
90499 0
90519 0
90696 0
90712 0
90721 0
90735 0
90795 0
90880 0
91002 0
91035 0
91065 0
91215 0
91268 0
91306 0
91521 0
91582 0
91643 0
91654 0
91658 0
91674 0
91677 0
91682 0
91882 0
91915 0
91921 0
91960 0
92091 0
92101 0
92105 0
92131 0
92325 0
92353 0
92386 0
92393 0
92404 0
92429 0
92521 0
92568 0
92659 0
92702 0
92735 0
92746 0
92848 0
93160 0
93212 0
93337 0
93378 0
93383 0
93455 0
93482 0
93505 0
93529 0
93605 0
93613 0
93649 0
93751 0
93801 0
93857 0
93907 0
94053 0
94077 0
94147 0
94176 0
94231 0
94309 0
94332 0
94385 0
94437 0
94457 0
94749 0
94775 0
94944 0
94984 0
95032 0
95112 0
95197 0
95242 0
95309 0
95324 0
95327 0
95340 0
95371 0
95397 0
95407 0
95421 0
95429 0
95431 0
95546 0
95606 0
95683 0
95722 0
95808 0
95849 0
95857 0
95957 0
96085 0
96272 0
96351 0
96398 0
96407 0
96410 0
96423 0
96437 0
96443 0
96765 0
96766 0
96797 0
96808 0
96812 0
96832 0
96839 0
96933 0
96969 0
96985 0
97021 0
97029 0
97054 0
97128 0
97146 0
97162 0
97216 0
97239 0
97277 0
97301 0
97461 0
97490 0
97520 0
97607 0
97609 0
97629 0
97704 0
97731 0
97836 0
97946 0
97995 0
98190 0
98206 0
98217 0
98252 0
98280 0
98464 0
98490 0
98514 0
98530 0
98544 0
98556 0
98562 0
98595 0
98621 0
98664 0
98690 0
98782 0
98824 0
98857 0
98971 0
98982 0
99057 0
99205 0
99317 0
99338 0
99362 0
99376 0
99430 0
99515 0
99574 0
99587 0
99596 0
99655 0
99671 0
99675 0
99736 0
99802 0
99909 0
