c This is a uniform distributed  1-D DIMACS file 
c width height point_number
p 100000 100000 2048
14 0
139 0
182 0
273 0
421 0
437 0
517 0
524 0
535 0
622 0
703 0
731 0
756 0
833 0
835 0
840 0
874 0
900 0
959 0
1010 0
1051 0
1069 0
1089 0
1137 0
1188 0
1251 0
1276 0
1362 0
1404 0
1433 0
1517 0
1594 0
1602 0
1613 0
1634 0
1644 0
1651 0
1706 0
1708 0
1779 0
1804 0
1881 0
1899 0
1908 0
1920 0
1939 0
1960 0
1978 0
1987 0
2219 0
2373 0
2384 0
2525 0
2629 0
2769 0
2845 0
2879 0
2906 0
2953 0
3020 0
3037 0
3095 0
3118 0
3159 0
3180 0
3235 0
3263 0
3298 0
3307 0
3320 0
3335 0
3490 0
3496 0
3517 0
3540 0
3599 0
3640 0
3819 0
3825 0
3848 0
3985 0
4016 0
4099 0
4102 0
4218 0
4236 0
4309 0
4323 0
4342 0
4344 0
4350 0
4400 0
4408 0
4441 0
4458 0
4473 0
4606 0
4650 0
4675 0
4693 0
4721 0
4722 0
4802 0
4877 0
4972 0
5004 0
5006 0
5094 0
5183 0
5187 0
5250 0
5327 0
5347 0
5360 0
5383 0
5402 0
5414 0
5445 0
5449 0
5532 0
5560 0
5599 0
5643 0
5783 0
5805 0
5841 0
5926 0
5952 0
5953 0
5988 0
6032 0
6047 0
6064 0
6075 0
6076 0
6166 0
6195 0
6202 0
6238 0
6249 0
6337 0
6393 0
6418 0
6501 0
6547 0
6560 0
6628 0
6759 0
6760 0
6776 0
6785 0
6812 0
6918 0
6981 0
7003 0
7083 0
7126 0
7149 0
7195 0
7204 0
7231 0
7306 0
7368 0
7538 0
7564 0
7783 0
7848 0
8055 0
8067 0
8076 0
8104 0
8113 0
8180 0
8286 0
8294 0
8337 0
8456 0
8459 0
8519 0
8542 0
8545 0
8555 0
8565 0
8572 0
8669 0
8779 0
8806 0
8807 0
8869 0
8893 0
8900 0
8904 0
8944 0
9055 0
9120 0
9127 0
9243 0
9250 0
9322 0
9397 0
9426 0
9501 0
9506 0
9577 0
9582 0
9599 0
9889 0
9921 0
9956 0
9957 0
9986 0
10045 0
10067 0
10084 0
10088 0
10105 0
10109 0
10111 0
10118 0
10239 0
10277 0
10289 0
10300 0
10359 0
10376 0
10406 0
10459 0
10514 0
10566 0
10568 0
10896 0
10984 0
11045 0
11164 0
11220 0
11238 0
11244 0
11439 0
11449 0
11494 0
11547 0
11552 0
11657 0
11671 0
11673 0
11675 0
11682 0
11729 0
11752 0
11779 0
11824 0
11840 0
11873 0
11991 0
12021 0
12043 0
12128 0
12245 0
12372 0
12412 0
12424 0
12483 0
12484 0
12658 0
12796 0
12804 0
12813 0
12906 0
13039 0
13063 0
13111 0
13129 0
13154 0
13214 0
13237 0
13261 0
13278 0
13409 0
13545 0
13557 0
13567 0
13570 0
13604 0
13606 0
13740 0
13748 0
13802 0
13806 0
13846 0
13938 0
14085 0
14330 0
14341 0
14354 0
14397 0
14424 0
14437 0
14466 0
14485 0
14554 0
14557 0
14638 0
14709 0
14730 0
14750 0
14770 0
14847 0
14946 0
14962 0
15094 0
15230 0
15372 0
15383 0
15400 0
15547 0
15624 0
15631 0
15750 0
15781 0
15839 0
15843 0
15879 0
15882 0
15928 0
16005 0
16019 0
16082 0
16087 0
16171 0
16208 0
16306 0
16318 0
16376 0
16389 0
16406 0
16524 0
16580 0
16647 0
16744 0
16754 0
16822 0
16842 0
16937 0
17035 0
17081 0
17116 0
17153 0
17159 0
17206 0
17228 0
17235 0
17261 0
17305 0
17379 0
17448 0
17584 0
17634 0
17660 0
17679 0
17690 0
17745 0
17780 0
17835 0
17841 0
17890 0
17891 0
18081 0
18101 0
18141 0
18153 0
18236 0
18249 0
18272 0
18289 0
18409 0
18424 0
18444 0
18482 0
18571 0
18604 0
18607 0
18762 0
18956 0
18960 0
18994 0
19001 0
19018 0
19112 0
19206 0
19326 0
19332 0
19474 0
19486 0
19511 0
19551 0
19558 0
19700 0
19743 0
19772 0
19831 0
19854 0
19892 0
19927 0
19931 0
19950 0
19976 0
20015 0
20048 0
20093 0
20160 0
20223 0
20383 0
20608 0
20620 0
20632 0
20671 0
20687 0
20703 0
20728 0
20742 0
20755 0
20809 0
20812 0
20839 0
20860 0
20899 0
20938 0
20965 0
20973 0
20986 0
21035 0
21095 0
21110 0
21132 0
21200 0
21204 0
21329 0
21330 0
21341 0
21386 0
21425 0
21513 0
21624 0
21634 0
21656 0
21677 0
21762 0
21782 0
21810 0
21832 0
21844 0
21880 0
21941 0
21987 0
22011 0
22211 0
22280 0
22395 0
22440 0
22448 0
22455 0
22669 0
22722 0
22762 0
22773 0
22810 0
22831 0
22833 0
22961 0
22999 0
23061 0
23076 0
23168 0
23200 0
23215 0
23232 0
23258 0
23294 0
23310 0
23327 0
23328 0
23467 0
23480 0
23587 0
23591 0
23593 0
23599 0
23610 0
23660 0
23689 0
23720 0
23731 0
23977 0
24003 0
24086 0
24141 0
24190 0
24267 0
24372 0
24389 0
24501 0
24525 0
24533 0
24595 0
24624 0
24674 0
24696 0
24728 0
24752 0
24845 0
24874 0
24876 0
24937 0
25022 0
25025 0
25095 0
25477 0
25523 0
25556 0
25567 0
25575 0
25585 0
25645 0
25731 0
25812 0
25927 0
25936 0
25939 0
25987 0
26092 0
26100 0
26182 0
26214 0
26230 0
26247 0
26261 0
26331 0
26369 0
26461 0
26597 0
26607 0
26632 0
26638 0
26666 0
26705 0
26740 0
26773 0
26787 0
26808 0
26816 0
26903 0
26971 0
27055 0
27230 0
27243 0
27322 0
27349 0
27414 0
27480 0
27637 0
27677 0
27732 0
27790 0
27840 0
27962 0
27975 0
28049 0
28110 0
28112 0
28126 0
28156 0
28175 0
28217 0
28315 0
28324 0
28609 0
28705 0
28781 0
28801 0
28815 0
28848 0
28891 0
29045 0
29070 0
29084 0
29086 0
29123 0
29152 0
29167 0
29335 0
29349 0
29393 0
29399 0
29426 0
29469 0
29502 0
29504 0
29515 0
29518 0
29534 0
29545 0
29566 0
29610 0
29614 0
29816 0
29821 0
29886 0
29887 0
29942 0
29948 0
29988 0
30032 0
30060 0
30110 0
30170 0
30268 0
30282 0
30586 0
30681 0
30865 0
30870 0
30873 0
31003 0
31080 0
31085 0
31375 0
31446 0
31456 0
31522 0
31623 0
31645 0
31714 0
31785 0
31814 0
31815 0
31927 0
32026 0
32206 0
32421 0
32517 0
32596 0
32599 0
32643 0
32672 0
32708 0
32754 0
32898 0
32899 0
33095 0
33128 0
33222 0
33273 0
33283 0
33310 0
33551 0
33639 0
33662 0
33680 0
33698 0
33745 0
33842 0
33865 0
33868 0
33976 0
34091 0
34119 0
34166 0
34192 0
34195 0
34257 0
34272 0
34374 0
34455 0
34477 0
34566 0
34593 0
34611 0
34666 0
34760 0
34864 0
35057 0
35070 0
35106 0
35131 0
35165 0
35216 0
35221 0
35228 0
35273 0
35318 0
35413 0
35471 0
35515 0
35568 0
35875 0
35925 0
35955 0
35965 0
36013 0
36047 0
36140 0
36143 0
36152 0
36167 0
36226 0
36256 0
36266 0
36279 0
36281 0
36290 0
36301 0
36340 0
36342 0
36397 0
36419 0
36448 0
36453 0
36531 0
36583 0
36589 0
36685 0
36689 0
36695 0
36732 0
36749 0
36844 0
36909 0
36960 0
37003 0
37042 0
37060 0
37078 0
37129 0
37174 0
37188 0
37243 0
37274 0
37280 0
37613 0
37687 0
37775 0
37831 0
37944 0
37974 0
38028 0
38030 0
38033 0
38034 0
38040 0
38063 0
38173 0
38181 0
38214 0
38240 0
38243 0
38299 0
38302 0
38318 0
38330 0
38372 0
38462 0
38493 0
38500 0
38624 0
38672 0
38674 0
38836 0
38862 0
38923 0
38937 0
39019 0
39020 0
39023 0
39025 0
39062 0
39067 0
39098 0
39123 0
39147 0
39160 0
39165 0
39297 0
39335 0
39385 0
39443 0
39574 0
39594 0
39652 0
39831 0
39879 0
40013 0
40280 0
40367 0
40444 0
40550 0
40588 0
40599 0
40626 0
40642 0
40692 0
40767 0
40852 0
40987 0
41039 0
41101 0
41129 0
41135 0
41165 0
41338 0
41345 0
41356 0
41381 0
41404 0
41424 0
41473 0
41484 0
41512 0
41522 0
41539 0
41579 0
41604 0
41654 0
41714 0
41719 0
41736 0
41776 0
41786 0
41806 0
41816 0
41902 0
41906 0
42007 0
42009 0
42047 0
42139 0
42161 0
42192 0
42239 0
42283 0
42402 0
42410 0
42427 0
42450 0
42455 0
42520 0
42529 0
42599 0
42628 0
42643 0
42685 0
42740 0
42796 0
42825 0
43039 0
43047 0
43134 0
43190 0
43215 0
43355 0
43370 0
43384 0
43462 0
43491 0
43555 0
43620 0
43621 0
43660 0
43669 0
43702 0
43722 0
43782 0
43803 0
43886 0
43991 0
44090 0
44194 0
44287 0
44309 0
44329 0
44335 0
44397 0
44412 0
44449 0
44457 0
44581 0
44656 0
44677 0
44749 0
44791 0
44818 0
44969 0
44986 0
45004 0
45030 0
45040 0
45050 0
45100 0
45145 0
45378 0
45470 0
45477 0
45522 0
45541 0
45577 0
45581 0
45632 0
45670 0
45860 0
45897 0
45970 0
46033 0
46064 0
46131 0
46161 0
46166 0
46218 0
46265 0
46300 0
46316 0
46348 0
46414 0
46422 0
46551 0
46582 0
46722 0
46741 0
46840 0
46873 0
46888 0
46906 0
46958 0
47072 0
47084 0
47098 0
47112 0
47118 0
47233 0
47255 0
47256 0
47279 0
47313 0
47328 0
47332 0
47452 0
47483 0
47516 0
47532 0
47551 0
47602 0
47605 0
47619 0
47635 0
47678 0
47717 0
47725 0
47736 0
47835 0
47869 0
47880 0
47885 0
47946 0
48047 0
48088 0
48137 0
48206 0
48259 0
48319 0
48325 0
48477 0
48533 0
48561 0
48734 0
48760 0
48762 0
48907 0
48942 0
48948 0
48968 0
49049 0
49124 0
49150 0
49152 0
49189 0
49190 0
49231 0
49238 0
49287 0
49333 0
49406 0
49478 0
49512 0
49599 0
49638 0
49648 0
49692 0
49743 0
49805 0
49922 0
49961 0
49974 0
49986 0
49995 0
50023 0
50128 0
50250 0
50298 0
50336 0
50402 0
50406 0
50514 0
50529 0
50533 0
50615 0
50679 0
50686 0
50787 0
50793 0
50855 0
50871 0
50919 0
50950 0
51023 0
51051 0
51079 0
51089 0
51191 0
51328 0
51344 0
51420 0
51422 0
51436 0
51447 0
51453 0
51474 0
51500 0
51501 0
51547 0
51563 0
51571 0
51605 0
51618 0
51644 0
51745 0
51807 0
51849 0
51869 0
51890 0
51897 0
52120 0
52186 0
52236 0
52263 0
52267 0
52278 0
52393 0
52414 0
52429 0
52471 0
52499 0
52677 0
52744 0
52812 0
52876 0
52898 0
52929 0
52978 0
52981 0
53000 0
53012 0
53204 0
53232 0
53298 0
53421 0
53433 0
53496 0
53505 0
53532 0
53561 0
53568 0
53577 0
53606 0
53765 0
53770 0
53794 0
53871 0
53925 0
53974 0
54044 0
54049 0
54158 0
54300 0
54319 0
54407 0
54713 0
54757 0
54764 0
54794 0
54837 0
54845 0
54852 0
54874 0
54887 0
54959 0
54966 0
55011 0
55056 0
55096 0
55106 0
55147 0
55160 0
55196 0
55200 0
55236 0
55243 0
55356 0
55362 0
55373 0
55417 0
55437 0
55490 0
55492 0
55495 0
55510 0
55517 0
55584 0
55615 0
55667 0
55672 0
55685 0
55795 0
55893 0
56153 0
56238 0
56299 0
56301 0
56335 0
56393 0
56521 0
56529 0
56570 0
56672 0
56713 0
56740 0
56748 0
56771 0
56773 0
56830 0
56856 0
56867 0
56868 0
56918 0
56932 0
56951 0
56956 0
57000 0
57060 0
57075 0
57181 0
57239 0
57248 0
57249 0
57254 0
57356 0
57405 0
57428 0
57483 0
57505 0
57512 0
57541 0
57554 0
57556 0
57569 0
57633 0
57643 0
57676 0
57680 0
57786 0
57826 0
57886 0
57908 0
57922 0
57928 0
57942 0
57981 0
57998 0
58014 0
58112 0
58127 0
58138 0
58168 0
58245 0
58286 0
58410 0
58460 0
58523 0
58555 0
58593 0
58604 0
58777 0
58964 0
59087 0
59155 0
59187 0
59194 0
59369 0
59411 0
59428 0
59456 0
59463 0
59538 0
59582 0
59635 0
59692 0
59703 0
59723 0
59741 0
59761 0
59795 0
59908 0
59966 0
59984 0
60041 0
60051 0
60174 0
60189 0
60202 0
60353 0
60365 0
60482 0
60509 0
60545 0
60608 0
60621 0
60645 0
60650 0
60706 0
60712 0
60718 0
60980 0
60993 0
60999 0
61012 0
61049 0
61202 0
61249 0
61251 0
61309 0
61329 0
61355 0
61471 0
61527 0
61564 0
61614 0
61623 0
61639 0
61668 0
61732 0
61781 0
61782 0
61845 0
61851 0
61884 0
61916 0
61930 0
61976 0
62000 0
62009 0
62019 0
62046 0
62049 0
62171 0
62206 0
62274 0
62307 0
62357 0
62465 0
62505 0
62547 0
62646 0
62657 0
62672 0
62676 0
62686 0
62825 0
62894 0
62899 0
62929 0
62942 0
62973 0
63089 0
63115 0
63120 0
63130 0
63141 0
63181 0
63194 0
63336 0
63446 0
63503 0
63536 0
63554 0
63581 0
63631 0
63652 0
63876 0
63933 0
63936 0
63966 0
64060 0
64101 0
64122 0
64213 0
64291 0
64319 0
64354 0
64379 0
64383 0
64399 0
64415 0
64419 0
64511 0
64541 0
64576 0
64601 0
64630 0
64659 0
64700 0
64725 0
64822 0
64824 0
64825 0
64828 0
64947 0
64971 0
65135 0
65137 0
65172 0
65232 0
65295 0
65302 0
65346 0
65348 0
65418 0
65488 0
65545 0
65576 0
65601 0
65610 0
65619 0
65720 0
65724 0
65908 0
65976 0
65978 0
65983 0
65989 0
66119 0
66196 0
66240 0
66261 0
66319 0
66406 0
66540 0
66559 0
66613 0
66915 0
66934 0
66952 0
67013 0
67048 0
67083 0
67245 0
67292 0
67356 0
67385 0
67470 0
67537 0
67557 0
67705 0
67741 0
67768 0
67778 0
67786 0
67835 0
67854 0
67862 0
67916 0
67995 0
68030 0
68042 0
68063 0
68124 0
68287 0
68294 0
68338 0
68376 0
68414 0
68432 0
68447 0
68465 0
68672 0
68696 0
68788 0
68790 0
68803 0
68808 0
68913 0
68989 0
68993 0
69069 0
69070 0
69075 0
69083 0
69142 0
69171 0
69201 0
69233 0
69337 0
69394 0
69539 0
69548 0
69560 0
69569 0
69585 0
69613 0
69675 0
69695 0
69712 0
69717 0
69774 0
69781 0
69791 0
69838 0
69858 0
69891 0
69919 0
69949 0
69956 0
69972 0
70020 0
70058 0
70092 0
70121 0
70197 0
70292 0
70338 0
70359 0
70444 0
70568 0
70611 0
70685 0
70804 0
70854 0
70864 0
70884 0
70909 0
70933 0
71039 0
71045 0
71046 0
71114 0
71176 0
71248 0
71363 0
71386 0
71394 0
71418 0
71437 0
71598 0
71607 0
71664 0
71741 0
71754 0
71764 0
71831 0
71985 0
71986 0
72100 0
72161 0
72186 0
72238 0
72273 0
72360 0
72385 0
72409 0
72418 0
72427 0
72456 0
72458 0
72506 0
72597 0
72620 0
72624 0
72626 0
72660 0
72714 0
72727 0
72775 0
72795 0
72801 0
72816 0
72821 0
72850 0
72865 0
72896 0
72912 0
72973 0
73045 0
73241 0
73276 0
73300 0
73310 0
73370 0
73422 0
73528 0
73580 0
73630 0
73689 0
73734 0
73942 0
74027 0
74033 0
74079 0
74095 0
74099 0
74131 0
74155 0
74176 0
74182 0
74237 0
74373 0
74394 0
74427 0
74448 0
74451 0
74568 0
74593 0
74597 0
74661 0
74730 0
74841 0
74944 0
74976 0
74982 0
75003 0
75013 0
75102 0
75119 0
75131 0
75143 0
75161 0
75172 0
75179 0
75212 0
75216 0
75281 0
75364 0
75400 0
75418 0
75430 0
75508 0
75525 0
75572 0
75608 0
75609 0
75629 0
75652 0
75694 0
75699 0
75866 0
75972 0
76050 0
76114 0
76155 0
76209 0
76278 0
76330 0
76388 0
76410 0
76523 0
76675 0
76708 0
76896 0
76939 0
76945 0
77010 0
77029 0
77039 0
77095 0
77143 0
77155 0
77171 0
77246 0
77381 0
77404 0
77556 0
77584 0
77622 0
77624 0
77717 0
77726 0
77765 0
77868 0
77908 0
77913 0
78026 0
78032 0
78054 0
78063 0
78065 0
78091 0
78143 0
78204 0
78215 0
78229 0
78248 0
78260 0
78291 0
78397 0
78476 0
78545 0
78548 0
78553 0
78616 0
78668 0
78719 0
78788 0
78904 0
79081 0
79099 0
79100 0
79144 0
79230 0
79243 0
79395 0
79436 0
79499 0
79526 0
79527 0
79538 0
79540 0
79541 0
79632 0
79669 0
79695 0
79701 0
79717 0
79733 0
79779 0
79888 0
79951 0
80039 0
80065 0
80397 0
80444 0
80505 0
80530 0
80563 0
80635 0
80662 0
80684 0
80737 0
80757 0
80858 0
80931 0
80935 0
80948 0
81029 0
81039 0
81109 0
81309 0
81377 0
81413 0
81450 0
81469 0
81477 0
81517 0
81564 0
81668 0
81703 0
81773 0
81898 0
81905 0
81954 0
81977 0
81983 0
81990 0
82068 0
82159 0
82262 0
82279 0
82340 0
82347 0
82379 0
82477 0
82483 0
82487 0
82519 0
82550 0
82590 0
82603 0
82625 0
82663 0
82687 0
82816 0
83033 0
83097 0
83116 0
83141 0
83151 0
83173 0
83203 0
83382 0
83395 0
83434 0
83572 0
83583 0
83656 0
83706 0
83749 0
83806 0
83859 0
83888 0
83904 0
83911 0
83970 0
84159 0
84163 0
84340 0
84350 0
84384 0
84569 0
84608 0
84642 0
84652 0
84721 0
84740 0
84848 0
85051 0
85131 0
85199 0
85221 0
85371 0
85372 0
85394 0
85408 0
85436 0
85471 0
85492 0
85559 0
85632 0
85641 0
85642 0
85670 0
85763 0
85797 0
85858 0
85972 0
86060 0
86199 0
86278 0
86388 0
86429 0
86451 0
86483 0
86484 0
86508 0
86547 0
86610 0
86627 0
86649 0
86692 0
86784 0
86797 0
86929 0
86936 0
87001 0
87030 0
87031 0
87078 0
87092 0
87132 0
87144 0
87155 0
87189 0
87333 0
87391 0
87479 0
87501 0
87585 0
87604 0
87606 0
87700 0
87705 0
87768 0
87791 0
87939 0
87978 0
87999 0
88041 0
88066 0
88093 0
88103 0
88211 0
88227 0
88267 0
88271 0
88428 0
88448 0
88520 0
88531 0
88535 0
88565 0
88584 0
88586 0
88608 0
88613 0
88676 0
88707 0
88711 0
88743 0
88761 0
88812 0
88952 0
89018 0
89139 0
89154 0
89195 0
89238 0
89277 0
89284 0
89320 0
89338 0
89354 0
89448 0
89452 0
89499 0
89555 0
89560 0
89621 0
89629 0
89656 0
89721 0
89737 0
89785 0
89873 0
89919 0
89931 0
89965 0
90101 0
90113 0
90193 0
90219 0
90257 0
90306 0
90320 0
90346 0
90361 0
90389 0
90438 0
90556 0
90579 0
90627 0
90755 0
90764 0
90820 0
90832 0
90858 0
91060 0
91062 0
91073 0
91138 0
91143 0
91212 0
91257 0
91320 0
91322 0
91400 0
91443 0
91516 0
91553 0
91573 0
91590 0
91615 0
91707 0
91739 0
91830 0
91841 0
91856 0
91897 0
91902 0
91948 0
92049 0
92140 0
92161 0
92219 0
92227 0
92334 0
92400 0
92438 0
92669 0
92815 0
92830 0
92846 0
92903 0
92924 0
92931 0
92947 0
92967 0
92980 0
93011 0
93045 0
93145 0
93212 0
93355 0
93425 0
93436 0
93527 0
93560 0
93565 0
93678 0
93686 0
93724 0
93863 0
93908 0
93945 0
93974 0
94026 0
94048 0
94051 0
94095 0
94164 0
94241 0
94257 0
94283 0
94331 0
94346 0
94348 0
94360 0
94367 0
94396 0
94415 0
94506 0
94556 0
94562 0
94573 0
94584 0
94659 0
94676 0
94688 0
94699 0
94708 0
94785 0
94834 0
94849 0
94930 0
94940 0
94958 0
94974 0
94996 0
95018 0
95251 0
95290 0
95311 0
95341 0
95378 0
95411 0
95439 0
95446 0
95447 0
95466 0
95667 0
95854 0
95884 0
95914 0
95919 0
95953 0
95957 0
96087 0
96149 0
96367 0
96373 0
96423 0
96451 0
96463 0
96487 0
96491 0
96502 0
96637 0
96661 0
96674 0
96775 0
96898 0
96975 0
97008 0
97015 0
97216 0
97283 0
97356 0
97657 0
97672 0
97685 0
97722 0
97814 0
97831 0
97843 0
97852 0
97983 0
98068 0
98083 0
98172 0
98187 0
98230 0
98265 0
98311 0
98313 0
98350 0
98370 0
98456 0
98470 0
98487 0
98568 0
98594 0
98670 0
98733 0
98770 0
98779 0
98867 0
98876 0
98960 0
98982 0
99046 0
99170 0
99172 0
99178 0
99193 0
99296 0
99314 0
99372 0
99425 0
99430 0
99431 0
99594 0
99609 0
99668 0
99784 0
99920 0
99983 0
