c This is a uniform distributed  1-D DIMACS file 
c width height point_number
p 100000 100000 2048
198 0
233 0
237 0
280 0
322 0
358 0
414 0
478 0
480 0
482 0
616 0
658 0
765 0
779 0
898 0
920 0
965 0
980 0
1005 0
1030 0
1095 0
1141 0
1177 0
1230 0
1307 0
1366 0
1403 0
1404 0
1466 0
1541 0
1546 0
1585 0
1650 0
1688 0
1846 0
2007 0
2024 0
2050 0
2170 0
2211 0
2284 0
2297 0
2422 0
2460 0
2481 0
2518 0
2604 0
2652 0
2844 0
2907 0
2984 0
3066 0
3075 0
3132 0
3150 0
3156 0
3308 0
3313 0
3418 0
3488 0
3506 0
3547 0
3610 0
3725 0
3756 0
3775 0
3784 0
3843 0
3889 0
4117 0
4128 0
4142 0
4158 0
4189 0
4328 0
4357 0
4377 0
4414 0
4441 0
4473 0
4475 0
4601 0
4608 0
4683 0
4792 0
4795 0
4815 0
4830 0
5030 0
5080 0
5140 0
5183 0
5261 0
5328 0
5337 0
5344 0
5388 0
5444 0
5479 0
5485 0
5551 0
5580 0
5585 0
5657 0
5788 0
5917 0
5953 0
6013 0
6185 0
6190 0
6253 0
6380 0
6422 0
6479 0
6525 0
6545 0
6551 0
6558 0
6559 0
6630 0
6674 0
6699 0
6710 0
6727 0
6728 0
6775 0
6787 0
6824 0
6953 0
6981 0
7077 0
7088 0
7113 0
7138 0
7213 0
7246 0
7259 0
7260 0
7298 0
7311 0
7327 0
7362 0
7380 0
7500 0
7622 0
7662 0
7681 0
7685 0
7722 0
7800 0
7828 0
7841 0
7925 0
7951 0
8050 0
8062 0
8124 0
8156 0
8180 0
8218 0
8371 0
8376 0
8382 0
8397 0
8406 0
8444 0
8525 0
8588 0
8612 0
8720 0
8777 0
8786 0
8802 0
8881 0
8916 0
8942 0
8985 0
9046 0
9050 0
9087 0
9189 0
9203 0
9266 0
9268 0
9326 0
9334 0
9357 0
9391 0
9434 0
9465 0
9537 0
9668 0
9800 0
9836 0
9877 0
9904 0
9921 0
10010 0
10079 0
10125 0
10172 0
10179 0
10180 0
10223 0
10242 0
10261 0
10276 0
10278 0
10309 0
10329 0
10354 0
10545 0
10635 0
10728 0
10804 0
10915 0
10933 0
11000 0
11054 0
11183 0
11197 0
11233 0
11235 0
11361 0
11425 0
11435 0
11561 0
11569 0
11582 0
11714 0
11765 0
11813 0
11826 0
11832 0
11854 0
11865 0
11930 0
11968 0
11982 0
12017 0
12053 0
12084 0
12089 0
12142 0
12166 0
12200 0
12220 0
12353 0
12382 0
12384 0
12464 0
12473 0
12480 0
12540 0
12559 0
12603 0
12656 0
12688 0
12738 0
12803 0
12866 0
12896 0
12919 0
12932 0
12937 0
13016 0
13187 0
13202 0
13211 0
13232 0
13356 0
13448 0
13487 0
13516 0
13557 0
13588 0
13684 0
13711 0
13724 0
13745 0
13760 0
13819 0
13835 0
13842 0
13862 0
13875 0
13923 0
13981 0
14026 0
14092 0
14108 0
14146 0
14190 0
14206 0
14270 0
14392 0
14436 0
14465 0
14473 0
14523 0
14531 0
14568 0
14589 0
14620 0
14721 0
14778 0
14860 0
15045 0
15057 0
15092 0
15195 0
15247 0
15258 0
15264 0
15303 0
15329 0
15442 0
15444 0
15455 0
15550 0
15567 0
15741 0
15805 0
15832 0
15857 0
15879 0
15995 0
16022 0
16120 0
16128 0
16195 0
16224 0
16324 0
16334 0
16352 0
16441 0
16521 0
16647 0
16692 0
16699 0
16768 0
16850 0
16873 0
16877 0
16903 0
16964 0
16991 0
17025 0
17098 0
17173 0
17240 0
17299 0
17352 0
17395 0
17462 0
17523 0
17568 0
17642 0
17655 0
17758 0
17871 0
17920 0
17929 0
17959 0
18000 0
18056 0
18109 0
18221 0
18222 0
18427 0
18491 0
18707 0
18871 0
18872 0
18987 0
19011 0
19081 0
19110 0
19208 0
19216 0
19248 0
19300 0
19421 0
19438 0
19524 0
19536 0
19544 0
19545 0
19672 0
19756 0
19759 0
19811 0
20001 0
20015 0
20028 0
20099 0
20199 0
20205 0
20221 0
20306 0
20388 0
20451 0
20559 0
20571 0
20576 0
20631 0
20665 0
20669 0
20682 0
20698 0
20735 0
20769 0
20783 0
20819 0
20846 0
20853 0
20880 0
20966 0
20974 0
21037 0
21076 0
21220 0
21265 0
21321 0
21372 0
21444 0
21497 0
21530 0
21579 0
21610 0
21705 0
21752 0
21783 0
21786 0
21812 0
21826 0
21869 0
21870 0
21962 0
22114 0
22115 0
22146 0
22313 0
22419 0
22507 0
22512 0
22693 0
22727 0
22899 0
22967 0
22989 0
23100 0
23103 0
23176 0
23227 0
23242 0
23289 0
23426 0
23450 0
23451 0
23454 0
23499 0
23509 0
23529 0
23580 0
23683 0
23706 0
23734 0
23740 0
23746 0
23878 0
23919 0
23935 0
23944 0
24071 0
24111 0
24155 0
24244 0
24246 0
24294 0
24302 0
24331 0
24364 0
24429 0
24433 0
24493 0
24547 0
24677 0
24736 0
24754 0
24797 0
24851 0
24867 0
24875 0
25019 0
25046 0
25154 0
25189 0
25449 0
25469 0
25496 0
25598 0
25658 0
25682 0
25800 0
25896 0
25916 0
25949 0
26034 0
26330 0
26352 0
26383 0
26470 0
26477 0
26489 0
26520 0
26536 0
26572 0
26781 0
26832 0
26836 0
26918 0
26941 0
27029 0
27033 0
27045 0
27059 0
27060 0
27085 0
27114 0
27213 0
27236 0
27275 0
27306 0
27326 0
27385 0
27459 0
27527 0
27641 0
27643 0
27653 0
27724 0
27744 0
27803 0
27901 0
27938 0
27986 0
28071 0
28072 0
28090 0
28182 0
28184 0
28400 0
28401 0
28405 0
28524 0
28667 0
28763 0
28792 0
28830 0
28834 0
28878 0
28892 0
28896 0
28928 0
28965 0
28978 0
29000 0
29013 0
29077 0
29081 0
29139 0
29216 0
29283 0
29308 0
29360 0
29375 0
29417 0
29490 0
29560 0
29568 0
29636 0
29654 0
29664 0
29686 0
29725 0
29762 0
29769 0
29795 0
29849 0
29897 0
29898 0
29945 0
30103 0
30161 0
30166 0
30189 0
30228 0
30258 0
30329 0
30363 0
30381 0
30404 0
30424 0
30531 0
30570 0
30622 0
30739 0
30748 0
30768 0
30871 0
30959 0
31083 0
31085 0
31089 0
31098 0
31150 0
31182 0
31210 0
31245 0
31396 0
31435 0
31459 0
31481 0
31579 0
31723 0
31779 0
31957 0
31958 0
32010 0
32187 0
32220 0
32356 0
32357 0
32396 0
32409 0
32427 0
32441 0
32470 0
32480 0
32566 0
32582 0
32583 0
32591 0
32657 0
32673 0
32714 0
32715 0
32754 0
32825 0
32860 0
32880 0
32883 0
32917 0
32934 0
32993 0
33071 0
33133 0
33176 0
33206 0
33220 0
33223 0
33242 0
33245 0
33254 0
33302 0
33336 0
33370 0
33448 0
33560 0
33727 0
33730 0
33805 0
33876 0
33908 0
33925 0
33940 0
33980 0
33989 0
34006 0
34025 0
34133 0
34191 0
34248 0
34262 0
34383 0
34432 0
34443 0
34498 0
34538 0
34547 0
34677 0
34691 0
34750 0
34768 0
34854 0
34872 0
34931 0
34934 0
34937 0
34967 0
34997 0
35032 0
35044 0
35050 0
35054 0
35184 0
35259 0
35272 0
35303 0
35390 0
35433 0
35462 0
35466 0
35496 0
35546 0
35761 0
35800 0
35808 0
35814 0
35842 0
35856 0
35858 0
35955 0
35999 0
36031 0
36067 0
36104 0
36173 0
36241 0
36267 0
36329 0
36473 0
36482 0
36497 0
36562 0
36581 0
36609 0
36626 0
36776 0
36844 0
36882 0
36918 0
36958 0
36970 0
36988 0
36997 0
37011 0
37023 0
37044 0
37051 0
37085 0
37185 0
37221 0
37274 0
37276 0
37305 0
37314 0
37366 0
37368 0
37425 0
37431 0
37456 0
37633 0
37674 0
37699 0
37771 0
37814 0
37873 0
37902 0
37931 0
37965 0
38037 0
38094 0
38104 0
38148 0
38203 0
38462 0
38492 0
38547 0
38583 0
38588 0
38618 0
38619 0
38668 0
38717 0
38741 0
38750 0
38850 0
38882 0
38889 0
38899 0
38915 0
38958 0
39087 0
39141 0
39150 0
39152 0
39191 0
39360 0
39385 0
39405 0
39520 0
39563 0
39620 0
39662 0
39716 0
39793 0
39817 0
39871 0
39883 0
39922 0
40047 0
40097 0
40365 0
40421 0
40451 0
40481 0
40503 0
40526 0
40556 0
40628 0
40733 0
40770 0
40819 0
40852 0
40885 0
40944 0
40969 0
41029 0
41078 0
41110 0
41120 0
41133 0
41134 0
41148 0
41259 0
41327 0
41451 0
41486 0
41564 0
41573 0
41745 0
41762 0
41792 0
41824 0
41826 0
41834 0
41853 0
41904 0
41997 0
42065 0
42070 0
42077 0
42100 0
42108 0
42134 0
42214 0
42224 0
42230 0
42274 0
42312 0
42333 0
42358 0
42399 0
42416 0
42452 0
42483 0
42520 0
42598 0
42617 0
42623 0
42627 0
42634 0
42644 0
42716 0
42737 0
42766 0
42835 0
42886 0
42912 0
42942 0
42990 0
43095 0
43316 0
43408 0
43447 0
43507 0
43519 0
43529 0
43560 0
43664 0
43795 0
43827 0
43835 0
43851 0
43857 0
43964 0
44096 0
44154 0
44177 0
44213 0
44274 0
44302 0
44340 0
44435 0
44447 0
44471 0
44478 0
44542 0
44545 0
44593 0
44730 0
44780 0
44859 0
44890 0
44993 0
45077 0
45100 0
45183 0
45256 0
45392 0
45402 0
45430 0
45536 0
45596 0
45701 0
45791 0
45824 0
45838 0
45871 0
45972 0
45974 0
46246 0
46297 0
46300 0
46304 0
46308 0
46390 0
46430 0
46437 0
46447 0
46480 0
46537 0
46561 0
46616 0
46631 0
46695 0
46746 0
46775 0
46809 0
46843 0
46891 0
46905 0
46915 0
46918 0
46986 0
47036 0
47042 0
47075 0
47078 0
47093 0
47107 0
47173 0
47185 0
47271 0
47357 0
47424 0
47445 0
47456 0
47479 0
47517 0
47540 0
47677 0
47681 0
47735 0
47947 0
48021 0
48034 0
48037 0
48246 0
48318 0
48333 0
48362 0
48367 0
48368 0
48412 0
48446 0
48455 0
48527 0
48534 0
48542 0
48585 0
48618 0
48640 0
48652 0
48681 0
48757 0
48854 0
48943 0
49000 0
49037 0
49087 0
49148 0
49316 0
49355 0
49358 0
49398 0
49467 0
49507 0
49650 0
49657 0
49673 0
49730 0
49736 0
49748 0
49823 0
49826 0
49909 0
50041 0
50044 0
50082 0
50094 0
50127 0
50156 0
50172 0
50206 0
50356 0
50368 0
50403 0
50477 0
50530 0
50575 0
50676 0
50794 0
50997 0
51001 0
51025 0
51040 0
51118 0
51143 0
51145 0
51181 0
51261 0
51364 0
51471 0
51510 0
51565 0
51603 0
51617 0
51636 0
51657 0
51704 0
51733 0
51741 0
51767 0
51792 0
51818 0
51846 0
51886 0
51890 0
51905 0
51996 0
52076 0
52103 0
52108 0
52130 0
52218 0
52254 0
52280 0
52375 0
52393 0
52412 0
52444 0
52579 0
52601 0
52605 0
52637 0
52795 0
52848 0
52853 0
52939 0
52994 0
53044 0
53061 0
53073 0
53077 0
53089 0
53128 0
53234 0
53235 0
53314 0
53344 0
53363 0
53404 0
53426 0
53435 0
53454 0
53524 0
53575 0
53588 0
53604 0
53620 0
53669 0
53688 0
53846 0
53850 0
53897 0
53954 0
53979 0
53987 0
54012 0
54044 0
54052 0
54268 0
54357 0
54370 0
54436 0
54448 0
54532 0
54682 0
54712 0
54903 0
54958 0
55014 0
55042 0
55089 0
55121 0
55143 0
55163 0
55281 0
55455 0
55532 0
55565 0
55615 0
55624 0
55653 0
55666 0
55912 0
56004 0
56008 0
56058 0
56198 0
56227 0
56234 0
56249 0
56256 0
56271 0
56357 0
56361 0
56410 0
56421 0
56426 0
56489 0
56506 0
56511 0
56550 0
56557 0
56579 0
56606 0
56624 0
56682 0
56713 0
56784 0
56863 0
56867 0
56947 0
56967 0
57015 0
57048 0
57082 0
57106 0
57183 0
57288 0
57297 0
57325 0
57485 0
57518 0
57524 0
57541 0
57572 0
57592 0
57623 0
57656 0
57678 0
57716 0
57731 0
57734 0
57767 0
57773 0
57796 0
57948 0
57989 0
58010 0
58045 0
58243 0
58343 0
58370 0
58393 0
58463 0
58490 0
58564 0
58599 0
58632 0
58671 0
58679 0
58711 0
58740 0
58859 0
58910 0
58932 0
58954 0
59082 0
59193 0
59253 0
59266 0
59287 0
59396 0
59416 0
59417 0
59522 0
59528 0
59599 0
59667 0
59705 0
59804 0
59848 0
59969 0
60018 0
60071 0
60093 0
60147 0
60217 0
60219 0
60360 0
60388 0
60389 0
60394 0
60418 0
60445 0
60499 0
60532 0
60552 0
60580 0
60608 0
60622 0
60694 0
60721 0
60832 0
60872 0
60904 0
60920 0
60936 0
60961 0
60977 0
61040 0
61063 0
61193 0
61228 0
61232 0
61247 0
61255 0
61332 0
61350 0
61517 0
61524 0
61538 0
61610 0
61688 0
61847 0
61885 0
61932 0
61933 0
61985 0
61998 0
62010 0
62045 0
62059 0
62063 0
62092 0
62111 0
62162 0
62225 0
62236 0
62240 0
62316 0
62401 0
62428 0
62470 0
62522 0
62546 0
62595 0
62624 0
62630 0
62643 0
62697 0
62762 0
62775 0
62817 0
62851 0
62944 0
62985 0
63047 0
63108 0
63181 0
63240 0
63347 0
63394 0
63410 0
63479 0
63540 0
63645 0
63722 0
63736 0
63750 0
63784 0
63809 0
63888 0
63933 0
63940 0
63975 0
64078 0
64120 0
64190 0
64222 0
64227 0
64258 0
64276 0
64288 0
64400 0
64404 0
64449 0
64573 0
64655 0
64664 0
64668 0
64671 0
64705 0
64788 0
64827 0
64838 0
64846 0
64848 0
64866 0
64870 0
64881 0
64884 0
64908 0
64964 0
64981 0
65103 0
65120 0
65142 0
65164 0
65199 0
65390 0
65407 0
65419 0
65426 0
65433 0
65444 0
65471 0
65512 0
65557 0
65584 0
65592 0
65623 0
65735 0
65762 0
65789 0
65817 0
65844 0
65899 0
65914 0
65978 0
65993 0
66051 0
66115 0
66271 0
66281 0
66377 0
66433 0
66444 0
66486 0
66528 0
66547 0
66662 0
66824 0
66828 0
66848 0
66928 0
66942 0
67018 0
67126 0
67130 0
67148 0
67319 0
67343 0
67410 0
67411 0
67471 0
67516 0
67533 0
67542 0
67657 0
67766 0
67787 0
67791 0
67868 0
67870 0
67939 0
68026 0
68041 0
68161 0
68234 0
68237 0
68296 0
68310 0
68408 0
68442 0
68560 0
68640 0
68666 0
68667 0
68749 0
68785 0
68805 0
68808 0
68880 0
68899 0
68963 0
69040 0
69203 0
69208 0
69490 0
69507 0
69564 0
69571 0
69572 0
69596 0
69654 0
69657 0
69785 0
69831 0
69977 0
70072 0
70086 0
70317 0
70352 0
70361 0
70539 0
70554 0
70605 0
70653 0
70676 0
70743 0
70983 0
71027 0
71058 0
71085 0
71176 0
71204 0
71214 0
71244 0
71339 0
71355 0
71419 0
71672 0
71730 0
71982 0
71992 0
72012 0
72044 0
72045 0
72132 0
72146 0
72186 0
72223 0
72242 0
72250 0
72266 0
72280 0
72396 0
72423 0
72470 0
72487 0
72567 0
72573 0
72590 0
72750 0
72764 0
72862 0
72867 0
72886 0
73323 0
73356 0
73369 0
73423 0
73591 0
73600 0
73619 0
73648 0
73691 0
73718 0
73888 0
73971 0
73984 0
74041 0
74108 0
74220 0
74228 0
74229 0
74360 0
74530 0
74569 0
74632 0
74649 0
74715 0
74765 0
74826 0
74839 0
74970 0
74983 0
75005 0
75101 0
75187 0
75221 0
75228 0
75274 0
75290 0
75297 0
75311 0
75352 0
75442 0
75593 0
75704 0
75725 0
75879 0
75935 0
75985 0
76038 0
76082 0
76143 0
76179 0
76187 0
76202 0
76204 0
76226 0
76266 0
76301 0
76319 0
76321 0
76360 0
76407 0
76426 0
76483 0
76511 0
76582 0
76605 0
76615 0
76637 0
76736 0
76871 0
76947 0
76971 0
77020 0
77037 0
77043 0
77080 0
77197 0
77206 0
77251 0
77294 0
77366 0
77474 0
77520 0
77751 0
77806 0
77810 0
77826 0
77842 0
77919 0
77941 0
77978 0
78052 0
78070 0
78078 0
78120 0
78251 0
78442 0
78485 0
78559 0
78567 0
78588 0
78611 0
78630 0
78644 0
78656 0
78709 0
78762 0
78780 0
78810 0
78840 0
78846 0
78881 0
78885 0
78907 0
78918 0
78990 0
79066 0
79085 0
79091 0
79118 0
79275 0
79294 0
79298 0
79354 0
79435 0
79441 0
79473 0
79480 0
79678 0
79943 0
79950 0
79998 0
80022 0
80030 0
80059 0
80144 0
80193 0
80212 0
80222 0
80461 0
80508 0
80566 0
80575 0
80576 0
80601 0
80636 0
80679 0
80682 0
80708 0
80891 0
80978 0
80990 0
81011 0
81051 0
81065 0
81140 0
81152 0
81300 0
81455 0
81487 0
81508 0
81569 0
81660 0
81678 0
81718 0
81734 0
81744 0
81747 0
81831 0
81854 0
81909 0
81912 0
82033 0
82040 0
82056 0
82067 0
82160 0
82189 0
82242 0
82245 0
82259 0
82318 0
82363 0
82430 0
82444 0
82457 0
82523 0
82585 0
82635 0
82704 0
82752 0
82767 0
82804 0
82828 0
82964 0
82972 0
82973 0
83124 0
83271 0
83428 0
83454 0
83603 0
83656 0
83769 0
83803 0
83965 0
83988 0
84033 0
84041 0
84052 0
84074 0
84121 0
84156 0
84251 0
84317 0
84322 0
84394 0
84575 0
84710 0
84746 0
84874 0
84883 0
84917 0
84985 0
85024 0
85066 0
85078 0
85147 0
85286 0
85323 0
85389 0
85435 0
85578 0
85648 0
85672 0
85791 0
85872 0
85884 0
85905 0
85965 0
85987 0
86160 0
86202 0
86283 0
86286 0
86335 0
86363 0
86396 0
86403 0
86452 0
86543 0
86633 0
86650 0
86675 0
86808 0
86812 0
86829 0
86842 0
86865 0
86895 0
86985 0
86993 0
87030 0
87114 0
87135 0
87148 0
87188 0
87228 0
87278 0
87368 0
87565 0
87619 0
87646 0
87719 0
87799 0
87826 0
87848 0
87889 0
88116 0
88150 0
88172 0
88253 0
88294 0
88318 0
88324 0
88429 0
88495 0
88538 0
88618 0
88678 0
88703 0
88786 0
88816 0
88817 0
88851 0
88946 0
88956 0
88965 0
89210 0
89224 0
89237 0
89307 0
89331 0
89348 0
89470 0
89496 0
89533 0
89536 0
89590 0
89630 0
89655 0
89744 0
89757 0
89764 0
89783 0
89802 0
89859 0
89883 0
89942 0
89998 0
90092 0
90095 0
90149 0
90242 0
90316 0
90329 0
90336 0
90379 0
90487 0
90505 0
90520 0
90551 0
90598 0
90648 0
90717 0
90726 0
90748 0
90752 0
90811 0
90816 0
90834 0
90878 0
90937 0
90939 0
91003 0
91035 0
91056 0
91121 0
91140 0
91270 0
91329 0
91360 0
91373 0
91444 0
91524 0
91564 0
91575 0
91576 0
91658 0
91660 0
91669 0
91688 0
91701 0
91736 0
91781 0
91793 0
91864 0
91866 0
91880 0
91910 0
91975 0
92056 0
92063 0
92116 0
92134 0
92145 0
92155 0
92190 0
92214 0
92353 0
92382 0
92439 0
92444 0
92460 0
92484 0
92485 0
92509 0
92526 0
92538 0
92547 0
92585 0
92681 0
92701 0
92748 0
92761 0
92782 0
92783 0
92796 0
92807 0
92820 0
92849 0
92882 0
92961 0
92989 0
93005 0
93024 0
93070 0
93110 0
93126 0
93171 0
93368 0
93401 0
93412 0
93419 0
93421 0
93466 0
93537 0
93671 0
93722 0
93778 0
93811 0
93843 0
93851 0
93902 0
93924 0
93946 0
94085 0
94163 0
94197 0
94280 0
94298 0
94345 0
94424 0
94513 0
94534 0
94554 0
94596 0
94615 0
94677 0
94685 0
94691 0
94789 0
94794 0
94807 0
94820 0
94837 0
94857 0
94877 0
94906 0
94917 0
94952 0
95000 0
95150 0
95269 0
95277 0
95333 0
95359 0
95411 0
95414 0
95473 0
95487 0
95540 0
95544 0
95551 0
95606 0
95607 0
95623 0
95667 0
95724 0
95728 0
95777 0
95847 0
95884 0
95894 0
95922 0
95987 0
95998 0
96027 0
96028 0
96060 0
96089 0
96149 0
96279 0
96283 0
96324 0
96355 0
96366 0
96385 0
96396 0
96504 0
96530 0
96591 0
96665 0
96691 0
96701 0
96715 0
96717 0
96758 0
96777 0
96818 0
96819 0
96824 0
96834 0
96850 0
96861 0
97082 0
97124 0
97134 0
97324 0
97534 0
97569 0
97582 0
97596 0
97657 0
97724 0
97744 0
97746 0
97779 0
97907 0
97909 0
97920 0
98077 0
98113 0
98152 0
98218 0
98276 0
98283 0
98359 0
98377 0
98426 0
98427 0
98677 0
98702 0
98768 0
98799 0
98801 0
98941 0
99028 0
99065 0
99093 0
99113 0
99218 0
99288 0
99394 0
99477 0
99517 0
99543 0
99599 0
99634 0
99637 0
99684 0
99755 0
99756 0
99891 0
99944 0
