c This is a uniform distributed  1-D DIMACS file 
c width height point_number
p 100000 100000 2048
75 0
89 0
129 0
144 0
145 0
149 0
237 0
275 0
324 0
467 0
506 0
549 0
567 0
643 0
646 0
648 0
687 0
754 0
782 0
840 0
852 0
870 0
989 0
1010 0
1050 0
1093 0
1098 0
1212 0
1248 0
1271 0
1463 0
1608 0
1717 0
1844 0
1863 0
1868 0
1881 0
1908 0
1942 0
1949 0
1968 0
1973 0
2033 0
2050 0
2151 0
2239 0
2242 0
2325 0
2331 0
2381 0
2438 0
2478 0
2483 0
2543 0
2546 0
2570 0
2650 0
2724 0
2738 0
2761 0
2794 0
2861 0
2930 0
2995 0
3013 0
3070 0
3079 0
3137 0
3242 0
3246 0
3267 0
3389 0
3487 0
3501 0
3517 0
3541 0
3566 0
3584 0
3794 0
3821 0
3888 0
3920 0
3942 0
3948 0
3959 0
4015 0
4019 0
4173 0
4182 0
4217 0
4253 0
4256 0
4344 0
4347 0
4448 0
4481 0
4588 0
4683 0
4686 0
4695 0
4698 0
4731 0
4738 0
4910 0
4926 0
5009 0
5014 0
5023 0
5053 0
5062 0
5064 0
5086 0
5153 0
5223 0
5242 0
5266 0
5387 0
5426 0
5438 0
5497 0
5508 0
5594 0
5595 0
5701 0
5734 0
5801 0
5907 0
5940 0
5947 0
5963 0
5975 0
6005 0
6048 0
6102 0
6230 0
6424 0
6481 0
6504 0
6556 0
6574 0
6646 0
6722 0
6823 0
6886 0
6996 0
7007 0
7154 0
7195 0
7237 0
7491 0
7503 0
7573 0
7575 0
7610 0
7695 0
7702 0
7733 0
7766 0
7770 0
7787 0
7845 0
7912 0
8041 0
8114 0
8120 0
8235 0
8423 0
8528 0
8573 0
8834 0
8986 0
8987 0
9093 0
9168 0
9248 0
9265 0
9293 0
9436 0
9459 0
9493 0
9649 0
9659 0
9722 0
9763 0
9909 0
9910 0
9997 0
10001 0
10048 0
10122 0
10203 0
10276 0
10289 0
10320 0
10586 0
10647 0
10661 0
10686 0
10743 0
10784 0
10841 0
10866 0
10883 0
10908 0
10919 0
11014 0
11026 0
11041 0
11100 0
11132 0
11156 0
11232 0
11337 0
11355 0
11399 0
11425 0
11461 0
11518 0
11675 0
11730 0
11751 0
11778 0
11799 0
11904 0
11930 0
12068 0
12076 0
12138 0
12153 0
12304 0
12341 0
12362 0
12441 0
12574 0
12583 0
12636 0
12693 0
12724 0
12750 0
12764 0
12775 0
12843 0
12856 0
12896 0
12914 0
12972 0
13105 0
13110 0
13120 0
13123 0
13199 0
13239 0
13252 0
13257 0
13335 0
13360 0
13432 0
13444 0
13501 0
13600 0
13617 0
13697 0
13761 0
13788 0
13894 0
13951 0
14001 0
14002 0
14024 0
14106 0
14111 0
14125 0
14184 0
14305 0
14312 0
14493 0
14771 0
14824 0
14858 0
14861 0
14914 0
14921 0
14925 0
14938 0
14963 0
15091 0
15119 0
15186 0
15187 0
15213 0
15230 0
15249 0
15260 0
15377 0
15403 0
15445 0
15465 0
15563 0
15601 0
15665 0
15702 0
15743 0
15815 0
16123 0
16133 0
16158 0
16195 0
16212 0
16216 0
16217 0
16269 0
16368 0
16403 0
16434 0
16477 0
16504 0
16531 0
16538 0
16540 0
16582 0
16596 0
16620 0
16633 0
16658 0
16691 0
16716 0
16770 0
16773 0
16879 0
16990 0
16999 0
17009 0
17111 0
17193 0
17201 0
17202 0
17310 0
17358 0
17428 0
17448 0
17465 0
17532 0
17586 0
17634 0
17675 0
17702 0
17715 0
17757 0
17763 0
17873 0
17951 0
17955 0
18009 0
18016 0
18048 0
18049 0
18054 0
18079 0
18213 0
18289 0
18302 0
18373 0
18434 0
18443 0
18535 0
18628 0
18647 0
18693 0
18694 0
18734 0
18909 0
19002 0
19049 0
19057 0
19081 0
19194 0
19199 0
19232 0
19256 0
19260 0
19320 0
19395 0
19492 0
19532 0
19534 0
19541 0
19596 0
19624 0
19637 0
19689 0
19712 0
19743 0
19752 0
19835 0
19867 0
19870 0
19878 0
19948 0
19963 0
20319 0
20334 0
20379 0
20428 0
20525 0
20648 0
20784 0
20814 0
20838 0
20890 0
20962 0
21245 0
21367 0
21477 0
21493 0
21515 0
21572 0
21633 0
21777 0
21816 0
21842 0
21869 0
22050 0
22066 0
22119 0
22188 0
22191 0
22227 0
22245 0
22267 0
22295 0
22308 0
22360 0
22528 0
22634 0
22684 0
22730 0
22773 0
23068 0
23175 0
23317 0
23340 0
23589 0
23592 0
23601 0
23602 0
23620 0
23638 0
23689 0
23695 0
23753 0
23835 0
23856 0
23870 0
23885 0
23890 0
23956 0
24036 0
24092 0
24094 0
24097 0
24108 0
24142 0
24170 0
24345 0
24413 0
24426 0
24559 0
24567 0
24638 0
24670 0
24752 0
24950 0
24967 0
24985 0
25011 0
25034 0
25211 0
25224 0
25262 0
25310 0
25354 0
25368 0
25371 0
25373 0
25485 0
25488 0
25491 0
25499 0
25507 0
25521 0
25567 0
25643 0
25674 0
25796 0
25808 0
25824 0
25825 0
25843 0
25857 0
25922 0
25926 0
25955 0
26003 0
26010 0
26045 0
26063 0
26085 0
26128 0
26133 0
26154 0
26183 0
26197 0
26231 0
26302 0
26416 0
26437 0
26443 0
26455 0
26464 0
26520 0
26533 0
26541 0
26546 0
26571 0
26576 0
26622 0
26665 0
26699 0
26763 0
26782 0
26820 0
26833 0
26834 0
26863 0
26916 0
26954 0
26959 0
27012 0
27015 0
27025 0
27031 0
27035 0
27101 0
27119 0
27205 0
27237 0
27254 0
27286 0
27311 0
27355 0
27472 0
27552 0
27590 0
27693 0
27809 0
27823 0
27844 0
27869 0
27893 0
27895 0
27984 0
28001 0
28164 0
28173 0
28185 0
28312 0
28450 0
28453 0
28490 0
28503 0
28549 0
28559 0
28631 0
28695 0
28713 0
28717 0
28759 0
28901 0
28963 0
29028 0
29243 0
29362 0
29487 0
29589 0
29617 0
29655 0
29744 0
29791 0
29806 0
30046 0
30182 0
30313 0
30346 0
30381 0
30464 0
30582 0
30601 0
30605 0
30657 0
30702 0
30707 0
30821 0
30856 0
30865 0
31101 0
31142 0
31215 0
31240 0
31337 0
31348 0
31496 0
31628 0
31752 0
31753 0
31761 0
31778 0
31912 0
32012 0
32082 0
32099 0
32167 0
32275 0
32300 0
32318 0
32334 0
32382 0
32422 0
32433 0
32439 0
32477 0
32616 0
32759 0
32837 0
32906 0
32912 0
32937 0
32943 0
33002 0
33062 0
33072 0
33118 0
33135 0
33268 0
33303 0
33328 0
33354 0
33532 0
33581 0
33657 0
33726 0
33732 0
33755 0
33794 0
33860 0
33872 0
33969 0
34014 0
34136 0
34139 0
34162 0
34215 0
34220 0
34301 0
34320 0
34325 0
34336 0
34408 0
34429 0
34480 0
34512 0
34567 0
34569 0
34595 0
34612 0
34658 0
34721 0
34762 0
34767 0
34827 0
34881 0
34979 0
35043 0
35048 0
35052 0
35060 0
35108 0
35132 0
35199 0
35293 0
35317 0
35348 0
35360 0
35393 0
35399 0
35577 0
35587 0
35588 0
35595 0
35659 0
35896 0
35910 0
35989 0
36105 0
36116 0
36117 0
36148 0
36187 0
36189 0
36263 0
36287 0
36343 0
36383 0
36407 0
36465 0
36524 0
36547 0
36567 0
36591 0
36647 0
36674 0
36857 0
36861 0
36892 0
36932 0
36945 0
37003 0
37028 0
37074 0
37233 0
37345 0
37394 0
37420 0
37464 0
37472 0
37473 0
37492 0
37512 0
37540 0
37544 0
37557 0
37642 0
37658 0
37738 0
37750 0
37892 0
37893 0
37917 0
37977 0
38194 0
38221 0
38235 0
38284 0
38367 0
38489 0
38494 0
38510 0
38531 0
38552 0
38651 0
38708 0
38743 0
38774 0
38833 0
38840 0
38912 0
38927 0
38990 0
39091 0
39101 0
39112 0
39133 0
39206 0
39230 0
39246 0
39338 0
39341 0
39346 0
39453 0
39501 0
39513 0
39517 0
39531 0
39555 0
39563 0
39640 0
39649 0
39783 0
39790 0
39904 0
40012 0
40024 0
40051 0
40091 0
40113 0
40162 0
40172 0
40239 0
40307 0
40365 0
40385 0
40420 0
40427 0
40432 0
40434 0
40510 0
40615 0
40666 0
40884 0
40966 0
40986 0
41065 0
41221 0
41232 0
41243 0
41265 0
41271 0
41364 0
41733 0
41787 0
41826 0
41841 0
41980 0
42103 0
42146 0
42191 0
42226 0
42291 0
42346 0
42369 0
42372 0
42388 0
42406 0
42434 0
42441 0
42461 0
42478 0
42509 0
42616 0
42689 0
42698 0
42734 0
42771 0
42796 0
42801 0
42804 0
42846 0
42892 0
42905 0
42931 0
42970 0
43041 0
43065 0
43066 0
43142 0
43194 0
43201 0
43216 0
43328 0
43357 0
43403 0
43409 0
43437 0
43449 0
43559 0
43807 0
43822 0
43851 0
43863 0
43905 0
43935 0
43941 0
44018 0
44117 0
44161 0
44231 0
44337 0
44389 0
44462 0
44494 0
44530 0
44535 0
44556 0
44588 0
44594 0
44752 0
44812 0
44828 0
44841 0
44847 0
44862 0
44935 0
45067 0
45080 0
45206 0
45228 0
45240 0
45291 0
45295 0
45302 0
45315 0
45378 0
45428 0
45436 0
45459 0
45565 0
45602 0
45648 0
45681 0
45707 0
45711 0
45722 0
45760 0
45787 0
45882 0
45961 0
45979 0
46186 0
46195 0
46202 0
46211 0
46290 0
46294 0
46464 0
46529 0
46664 0
46669 0
46702 0
46746 0
46795 0
46809 0
46819 0
46847 0
46899 0
46923 0
46947 0
47031 0
47049 0
47064 0
47126 0
47185 0
47188 0
47194 0
47249 0
47306 0
47308 0
47336 0
47372 0
47373 0
47379 0
47394 0
47554 0
47564 0
47599 0
47623 0
47657 0
47705 0
47729 0
47755 0
47759 0
47780 0
47890 0
47917 0
47951 0
48030 0
48084 0
48109 0
48120 0
48121 0
48129 0
48318 0
48322 0
48348 0
48374 0
48393 0
48395 0
48431 0
48482 0
48493 0
48498 0
48521 0
48568 0
48582 0
48627 0
48643 0
48723 0
48879 0
48951 0
49245 0
49260 0
49354 0
49376 0
49392 0
49409 0
49422 0
49443 0
49577 0
49649 0
49658 0
49690 0
49705 0
49726 0
49781 0
49812 0
49845 0
49862 0
49918 0
49934 0
50006 0
50027 0
50031 0
50076 0
50091 0
50154 0
50160 0
50309 0
50472 0
50536 0
50669 0
50693 0
50748 0
50765 0
50829 0
50840 0
50888 0
51001 0
51020 0
51197 0
51265 0
51286 0
51299 0
51489 0
51517 0
51557 0
51638 0
51670 0
51732 0
51780 0
51920 0
51923 0
51953 0
51965 0
51981 0
52027 0
52107 0
52150 0
52153 0
52164 0
52241 0
52255 0
52277 0
52293 0
52341 0
52398 0
52399 0
52440 0
52501 0
52511 0
52523 0
52547 0
52654 0
52665 0
52678 0
52731 0
52743 0
52791 0
52798 0
52799 0
52866 0
52879 0
52904 0
52923 0
53003 0
53022 0
53042 0
53090 0
53096 0
53101 0
53173 0
53175 0
53222 0
53413 0
53414 0
53423 0
53460 0
53461 0
53498 0
53525 0
53594 0
53806 0
53824 0
53842 0
53862 0
53947 0
53959 0
53972 0
54150 0
54151 0
54155 0
54214 0
54304 0
54320 0
54325 0
54361 0
54379 0
54531 0
54611 0
54622 0
54649 0
54673 0
54714 0
54841 0
54865 0
54869 0
54890 0
54962 0
54990 0
55003 0
55066 0
55111 0
55221 0
55229 0
55250 0
55257 0
55346 0
55433 0
55551 0
55552 0
55555 0
55623 0
55740 0
55753 0
55787 0
55926 0
55972 0
56019 0
56047 0
56146 0
56170 0
56193 0
56277 0
56292 0
56331 0
56342 0
56393 0
56434 0
56499 0
56569 0
56636 0
56662 0
56681 0
56715 0
56719 0
56882 0
56895 0
56901 0
56914 0
57013 0
57046 0
57066 0
57080 0
57083 0
57087 0
57090 0
57128 0
57201 0
57350 0
57383 0
57468 0
57489 0
57583 0
57656 0
57834 0
57854 0
58018 0
58038 0
58041 0
58174 0
58215 0
58217 0
58371 0
58544 0
58565 0
58678 0
58769 0
58863 0
58901 0
58907 0
58961 0
58981 0
59096 0
59107 0
59183 0
59234 0
59241 0
59269 0
59321 0
59347 0
59370 0
59409 0
59536 0
59550 0
59577 0
59584 0
59588 0
59605 0
59685 0
59707 0
59763 0
59785 0
59817 0
59849 0
59958 0
60001 0
60023 0
60174 0
60194 0
60216 0
60258 0
60380 0
60387 0
60425 0
60479 0
60551 0
60635 0
60667 0
60799 0
60828 0
60847 0
60881 0
60932 0
60959 0
60975 0
61002 0
61065 0
61071 0
61078 0
61082 0
61141 0
61164 0
61226 0
61250 0
61272 0
61273 0
61324 0
61338 0
61576 0
61601 0
61616 0
61662 0
61671 0
61745 0
61863 0
61983 0
62045 0
62074 0
62098 0
62149 0
62197 0
62238 0
62271 0
62297 0
62347 0
62378 0
62437 0
62546 0
62713 0
62772 0
62777 0
62824 0
62881 0
62918 0
62998 0
63017 0
63048 0
63080 0
63082 0
63118 0
63191 0
63216 0
63252 0
63297 0
63327 0
63340 0
63426 0
63479 0
63524 0
63528 0
63561 0
63581 0
63682 0
63772 0
63798 0
63820 0
63854 0
63918 0
63933 0
63944 0
64066 0
64097 0
64101 0
64185 0
64263 0
64271 0
64281 0
64361 0
64386 0
64414 0
64423 0
64512 0
64519 0
64578 0
64581 0
64603 0
64710 0
64748 0
64751 0
64753 0
64773 0
64793 0
64887 0
64929 0
64986 0
64989 0
65000 0
65035 0
65091 0
65156 0
65282 0
65328 0
65601 0
65621 0
65696 0
65706 0
65802 0
65829 0
65853 0
65859 0
65945 0
65980 0
66009 0
66015 0
66038 0
66067 0
66219 0
66301 0
66346 0
66355 0
66371 0
66387 0
66456 0
66504 0
66519 0
66574 0
66606 0
66668 0
66686 0
66692 0
66697 0
66767 0
66785 0
66815 0
66837 0
66844 0
66853 0
66894 0
66896 0
66897 0
66937 0
66976 0
67017 0
67047 0
67056 0
67090 0
67111 0
67125 0
67127 0
67150 0
67195 0
67250 0
67253 0
67281 0
67361 0
67487 0
67608 0
67672 0
67717 0
67835 0
67898 0
67917 0
67970 0
68021 0
68023 0
68028 0
68044 0
68120 0
68157 0
68184 0
68206 0
68209 0
68244 0
68295 0
68361 0
68428 0
68436 0
68536 0
68544 0
68609 0
68637 0
68671 0
68748 0
68770 0
68796 0
68833 0
68966 0
69121 0
69268 0
69304 0
69347 0
69401 0
69559 0
69639 0
69678 0
69682 0
69713 0
69724 0
69749 0
69810 0
69831 0
69965 0
70032 0
70113 0
70142 0
70288 0
70304 0
70335 0
70342 0
70415 0
70508 0
70513 0
70529 0
70574 0
70577 0
70650 0
70664 0
70693 0
70823 0
70891 0
70937 0
70983 0
71019 0
71037 0
71054 0
71112 0
71138 0
71301 0
71368 0
71425 0
71466 0
71489 0
71500 0
71561 0
71600 0
71616 0
71645 0
71703 0
71750 0
71754 0
71759 0
71783 0
71788 0
71852 0
71941 0
71962 0
71976 0
72105 0
72142 0
72295 0
72357 0
72500 0
72574 0
72575 0
72733 0
72760 0
72798 0
72802 0
72858 0
72871 0
72927 0
72935 0
73016 0
73124 0
73198 0
73221 0
73228 0
73311 0
73338 0
73402 0
73427 0
73430 0
73440 0
73462 0
73492 0
73537 0
73575 0
73686 0
73692 0
73745 0
73776 0
73778 0
73820 0
73842 0
74041 0
74051 0
74072 0
74172 0
74206 0
74295 0
74335 0
74337 0
74375 0
74432 0
74443 0
74512 0
74623 0
74671 0
74695 0
74705 0
74871 0
75024 0
75301 0
75310 0
75342 0
75357 0
75359 0
75414 0
75451 0
75467 0
75489 0
75521 0
75542 0
75551 0
75558 0
75575 0
75721 0
75747 0
75839 0
75844 0
75884 0
75916 0
76020 0
76042 0
76066 0
76073 0
76141 0
76164 0
76257 0
76319 0
76365 0
76366 0
76551 0
76608 0
76624 0
76663 0
76681 0
76726 0
76764 0
76778 0
76780 0
76798 0
76838 0
76927 0
77020 0
77051 0
77059 0
77061 0
77134 0
77160 0
77165 0
77253 0
77299 0
77374 0
77380 0
77409 0
77424 0
77428 0
77448 0
77584 0
77641 0
77652 0
77670 0
77675 0
77699 0
77725 0
77755 0
77770 0
77774 0
77804 0
77847 0
77856 0
77881 0
77902 0
77910 0
77937 0
78071 0
78135 0
78147 0
78230 0
78261 0
78344 0
78376 0
78406 0
78430 0
78488 0
78531 0
78553 0
78622 0
78630 0
78718 0
78732 0
78777 0
78778 0
78785 0
78819 0
78824 0
78878 0
78924 0
78932 0
79032 0
79040 0
79192 0
79219 0
79224 0
79276 0
79325 0
79357 0
79464 0
79474 0
79550 0
79561 0
79580 0
79649 0
79658 0
79738 0
79785 0
79788 0
79794 0
79806 0
79867 0
79873 0
79951 0
79958 0
79965 0
80032 0
80054 0
80057 0
80112 0
80124 0
80176 0
80290 0
80306 0
80308 0
80312 0
80350 0
80518 0
80520 0
80521 0
80532 0
80584 0
80597 0
80626 0
80667 0
80688 0
80733 0
80754 0
80876 0
80941 0
80992 0
81000 0
81027 0
81077 0
81123 0
81157 0
81198 0
81314 0
81402 0
81435 0
81471 0
81478 0
81556 0
81632 0
81751 0
81841 0
82011 0
82179 0
82193 0
82223 0
82240 0
82243 0
82327 0
82403 0
82441 0
82478 0
82502 0
82514 0
82858 0
82879 0
82890 0
82893 0
82901 0
83082 0
83097 0
83108 0
83160 0
83194 0
83331 0
83396 0
83492 0
83496 0
83613 0
83677 0
83700 0
83715 0
83754 0
83760 0
83855 0
83894 0
83972 0
84069 0
84072 0
84108 0
84196 0
84274 0
84536 0
84538 0
84570 0
84613 0
84637 0
84658 0
84791 0
84805 0
84836 0
84977 0
84995 0
85024 0
85084 0
85110 0
85141 0
85150 0
85313 0
85323 0
85331 0
85418 0
85463 0
85505 0
85616 0
85624 0
85700 0
85754 0
85763 0
85776 0
85848 0
85870 0
85875 0
85889 0
86046 0
86058 0
86078 0
86225 0
86348 0
86408 0
86418 0
86430 0
86495 0
86537 0
86602 0
86628 0
86663 0
86713 0
86842 0
86861 0
86957 0
86999 0
87060 0
87177 0
87199 0
87211 0
87260 0
87263 0
87270 0
87306 0
87316 0
87356 0
87363 0
87441 0
87499 0
87518 0
87563 0
87665 0
87672 0
87682 0
87756 0
87783 0
87785 0
87880 0
87965 0
87968 0
87993 0
88049 0
88127 0
88166 0
88359 0
88425 0
88463 0
88470 0
88531 0
88580 0
88623 0
88755 0
88806 0
88814 0
88870 0
88887 0
88924 0
88961 0
89005 0
89074 0
89101 0
89314 0
89452 0
89494 0
89527 0
89561 0
89620 0
89625 0
89627 0
89642 0
89667 0
89711 0
89743 0
89800 0
89828 0
89919 0
89943 0
89982 0
90037 0
90074 0
90108 0
90124 0
90195 0
90235 0
90289 0
90295 0
90355 0
90648 0
90740 0
90742 0
90889 0
90947 0
90969 0
91065 0
91111 0
91131 0
91143 0
91252 0
91268 0
91274 0
91307 0
91317 0
91435 0
91482 0
91505 0
91516 0
91550 0
91595 0
91616 0
91620 0
91642 0
91765 0
91769 0
91952 0
91963 0
91978 0
91998 0
92067 0
92070 0
92088 0
92143 0
92159 0
92183 0
92246 0
92252 0
92323 0
92369 0
92391 0
92395 0
92413 0
92435 0
92513 0
92525 0
92539 0
92578 0
92634 0
92637 0
92676 0
92693 0
92776 0
92802 0
92883 0
92947 0
93027 0
93155 0
93356 0
93465 0
93498 0
93569 0
93664 0
93769 0
93848 0
93853 0
93884 0
93984 0
94020 0
94086 0
94103 0
94147 0
94293 0
94312 0
94335 0
94414 0
94430 0
94443 0
94518 0
94543 0
94678 0
94704 0
94729 0
94800 0
94950 0
94970 0
94975 0
95024 0
95036 0
95079 0
95082 0
95091 0
95166 0
95298 0
95302 0
95338 0
95342 0
95391 0
95393 0
95446 0
95450 0
95557 0
95669 0
95685 0
95855 0
95894 0
95911 0
95944 0
96042 0
96103 0
96251 0
96298 0
96381 0
96465 0
96515 0
96552 0
96561 0
96583 0
96590 0
96636 0
96665 0
96682 0
96691 0
96754 0
96807 0
96874 0
96910 0
97083 0
97122 0
97138 0
97147 0
97155 0
97233 0
97257 0
97382 0
97412 0
97430 0
97431 0
97471 0
97488 0
97568 0
97717 0
97739 0
97762 0
97797 0
97809 0
97995 0
98043 0
98132 0
98261 0
98287 0
98302 0
98514 0
98570 0
98582 0
98593 0
98602 0
98634 0
98657 0
98699 0
98716 0
98730 0
98843 0
98879 0
98880 0
98888 0
98902 0
99001 0
99076 0
99089 0
99092 0
99098 0
99120 0
99149 0
99155 0
99236 0
99259 0
99278 0
99311 0
99319 0
99370 0
99425 0
99481 0
99491 0
99519 0
99522 0
99661 0
99677 0
99757 0
99766 0
99868 0
99899 0
99928 0
99935 0
99977 0
