c This is a uniform distributed  1-D DIMACS file 
c width height point_number
p 100000 100000 2048
95 0
134 0
213 0
248 0
264 0
370 0
403 0
411 0
451 0
525 0
553 0
582 0
630 0
643 0
696 0
844 0
895 0
909 0
969 0
1150 0
1185 0
1212 0
1282 0
1294 0
1303 0
1324 0
1526 0
1588 0
1636 0
1688 0
1697 0
1699 0
1789 0
1792 0
1814 0
1827 0
1873 0
1887 0
2053 0
2063 0
2117 0
2128 0
2181 0
2210 0
2220 0
2436 0
2457 0
2519 0
2550 0
2559 0
2586 0
2616 0
2667 0
2708 0
2742 0
2744 0
2777 0
2794 0
2855 0
2897 0
2934 0
3006 0
3030 0
3041 0
3068 0
3086 0
3123 0
3146 0
3152 0
3173 0
3186 0
3215 0
3305 0
3344 0
3388 0
3390 0
3406 0
3475 0
3707 0
3820 0
3837 0
3905 0
4018 0
4068 0
4118 0
4263 0
4372 0
4411 0
4473 0
4479 0
4518 0
4658 0
4784 0
4805 0
4890 0
4924 0
4929 0
5072 0
5144 0
5147 0
5148 0
5182 0
5217 0
5291 0
5306 0
5335 0
5349 0
5381 0
5545 0
5576 0
5590 0
5797 0
5802 0
5824 0
5858 0
6007 0
6049 0
6091 0
6135 0
6162 0
6228 0
6426 0
6437 0
6438 0
6440 0
6469 0
6642 0
6671 0
6702 0
6762 0
6840 0
6858 0
6859 0
6897 0
6914 0
6917 0
7092 0
7104 0
7106 0
7207 0
7267 0
7269 0
7302 0
7365 0
7379 0
7451 0
7494 0
7546 0
7589 0
7609 0
7621 0
7631 0
7633 0
7689 0
7746 0
7764 0
7810 0
7816 0
7874 0
7940 0
7990 0
8012 0
8038 0
8041 0
8061 0
8087 0
8129 0
8143 0
8160 0
8176 0
8188 0
8290 0
8306 0
8382 0
8417 0
8485 0
8559 0
8585 0
8622 0
8715 0
8767 0
8778 0
8824 0
8844 0
8924 0
8956 0
9035 0
9039 0
9078 0
9082 0
9097 0
9100 0
9158 0
9226 0
9298 0
9366 0
9415 0
9455 0
9471 0
9477 0
9500 0
9507 0
9550 0
9580 0
9639 0
9641 0
9643 0
9673 0
9700 0
9740 0
9751 0
9768 0
9772 0
9820 0
9899 0
9928 0
9982 0
10100 0
10127 0
10245 0
10289 0
10292 0
10303 0
10428 0
10574 0
10633 0
10638 0
10656 0
10672 0
10679 0
10687 0
10693 0
10696 0
10698 0
10742 0
10781 0
10802 0
10806 0
10836 0
10841 0
10875 0
10912 0
10964 0
11028 0
11108 0
11207 0
11456 0
11494 0
11519 0
11682 0
11755 0
11843 0
11844 0
11890 0
11901 0
11967 0
11991 0
12026 0
12031 0
12081 0
12115 0
12146 0
12214 0
12217 0
12270 0
12336 0
12340 0
12448 0
12578 0
12583 0
12619 0
12634 0
12671 0
12685 0
12708 0
12721 0
12727 0
12779 0
12783 0
12794 0
12847 0
12849 0
12895 0
12963 0
13017 0
13053 0
13104 0
13122 0
13154 0
13176 0
13241 0
13328 0
13485 0
13523 0
13596 0
13628 0
13700 0
13718 0
13755 0
13881 0
13905 0
13906 0
13931 0
13964 0
13991 0
14080 0
14092 0
14101 0
14153 0
14179 0
14225 0
14271 0
14394 0
14462 0
14483 0
14527 0
14690 0
14832 0
14894 0
15010 0
15031 0
15084 0
15095 0
15125 0
15157 0
15174 0
15191 0
15305 0
15352 0
15382 0
15389 0
15451 0
15508 0
15549 0
15628 0
15704 0
15712 0
15737 0
15816 0
15817 0
15946 0
16001 0
16094 0
16097 0
16163 0
16166 0
16170 0
16226 0
16407 0
16671 0
16845 0
16942 0
17000 0
17102 0
17167 0
17246 0
17265 0
17283 0
17333 0
17435 0
17469 0
17491 0
17495 0
17519 0
17544 0
17669 0
17716 0
17741 0
17760 0
17813 0
18064 0
18117 0
18131 0
18168 0
18214 0
18219 0
18245 0
18255 0
18406 0
18429 0
18437 0
18478 0
18488 0
18599 0
18656 0
18673 0
18720 0
18812 0
18875 0
18887 0
18957 0
18975 0
19055 0
19064 0
19065 0
19088 0
19105 0
19143 0
19201 0
19222 0
19245 0
19284 0
19292 0
19352 0
19383 0
19494 0
19502 0
19518 0
19559 0
19656 0
19744 0
19769 0
19791 0
19938 0
19966 0
20015 0
20018 0
20068 0
20130 0
20238 0
20248 0
20250 0
20320 0
20397 0
20433 0
20479 0
20492 0
20540 0
20649 0
20709 0
20744 0
20785 0
20832 0
20889 0
20905 0
20977 0
21014 0
21031 0
21060 0
21088 0
21292 0
21303 0
21304 0
21367 0
21381 0
21404 0
21430 0
21463 0
21489 0
21496 0
21506 0
21619 0
21622 0
21702 0
21830 0
22082 0
22366 0
22485 0
22635 0
22717 0
22726 0
22778 0
22892 0
22954 0
22955 0
22999 0
23150 0
23173 0
23193 0
23299 0
23358 0
23450 0
23546 0
23549 0
23683 0
23736 0
23894 0
23905 0
23969 0
23995 0
24001 0
24087 0
24146 0
24180 0
24257 0
24273 0
24310 0
24327 0
24412 0
24441 0
24476 0
24489 0
24546 0
24567 0
24578 0
24625 0
24630 0
24650 0
24706 0
24745 0
24746 0
24747 0
24750 0
24760 0
24766 0
24785 0
24819 0
24890 0
24997 0
25050 0
25115 0
25192 0
25204 0
25297 0
25302 0
25343 0
25408 0
25421 0
25423 0
25516 0
25603 0
25730 0
25731 0
25739 0
25765 0
25962 0
26041 0
26055 0
26095 0
26126 0
26132 0
26194 0
26271 0
26307 0
26361 0
26421 0
26425 0
26462 0
26472 0
26522 0
26555 0
26602 0
26614 0
26623 0
26633 0
26748 0
26801 0
26815 0
26846 0
26866 0
26905 0
26975 0
27028 0
27092 0
27234 0
27334 0
27336 0
27402 0
27495 0
27502 0
27648 0
27674 0
27811 0
27882 0
27938 0
28122 0
28137 0
28145 0
28214 0
28217 0
28248 0
28329 0
28330 0
28353 0
28375 0
28376 0
28393 0
28417 0
28428 0
28429 0
28496 0
28507 0
28529 0
28613 0
28614 0
28702 0
28750 0
28752 0
28762 0
28839 0
28845 0
28860 0
28901 0
28907 0
29063 0
29090 0
29093 0
29104 0
29155 0
29162 0
29234 0
29341 0
29420 0
29480 0
29515 0
29517 0
29634 0
29671 0
29717 0
29723 0
29777 0
29795 0
29816 0
29911 0
30033 0
30064 0
30311 0
30360 0
30405 0
30421 0
30431 0
30486 0
30494 0
30511 0
30548 0
30556 0
30642 0
30666 0
30687 0
30728 0
30766 0
30930 0
30967 0
30996 0
30998 0
31027 0
31106 0
31215 0
31304 0
31308 0
31312 0
31355 0
31358 0
31363 0
31392 0
31424 0
31486 0
31583 0
31745 0
31785 0
31802 0
31918 0
31967 0
31972 0
32032 0
32059 0
32104 0
32140 0
32207 0
32237 0
32362 0
32399 0
32406 0
32419 0
32495 0
32537 0
32568 0
32615 0
32623 0
32677 0
32696 0
32701 0
32710 0
32714 0
32795 0
32827 0
32844 0
32902 0
33037 0
33056 0
33077 0
33122 0
33169 0
33179 0
33188 0
33193 0
33243 0
33293 0
33303 0
33312 0
33337 0
33376 0
33396 0
33511 0
33561 0
33608 0
33708 0
33771 0
33783 0
33839 0
33926 0
33949 0
33978 0
33983 0
34003 0
34063 0
34084 0
34106 0
34123 0
34190 0
34214 0
34236 0
34310 0
34354 0
34453 0
34566 0
34571 0
34616 0
34698 0
34708 0
34735 0
34747 0
34764 0
34788 0
34810 0
34863 0
34872 0
34998 0
35114 0
35175 0
35177 0
35230 0
35408 0
35425 0
35430 0
35623 0
35656 0
35662 0
35710 0
35772 0
35792 0
35812 0
35846 0
35857 0
35871 0
35923 0
35931 0
35948 0
35965 0
35976 0
36014 0
36078 0
36116 0
36134 0
36183 0
36218 0
36292 0
36296 0
36327 0
36335 0
36342 0
36393 0
36444 0
36445 0
36552 0
36648 0
36715 0
36726 0
36746 0
36882 0
36964 0
36999 0
37027 0
37047 0
37058 0
37157 0
37171 0
37269 0
37296 0
37318 0
37388 0
37428 0
37448 0
37478 0
37526 0
37545 0
37593 0
37605 0
37617 0
37647 0
37668 0
37721 0
37722 0
37775 0
37827 0
37853 0
37879 0
37889 0
37907 0
37963 0
37968 0
37993 0
38041 0
38080 0
38121 0
38142 0
38144 0
38156 0
38183 0
38193 0
38208 0
38233 0
38265 0
38289 0
38331 0
38445 0
38489 0
38537 0
38544 0
38571 0
38582 0
38603 0
38615 0
38650 0
38810 0
38818 0
38821 0
38852 0
38881 0
38933 0
38999 0
39004 0
39032 0
39119 0
39129 0
39131 0
39142 0
39143 0
39198 0
39250 0
39350 0
39369 0
39370 0
39436 0
39511 0
39538 0
39554 0
39625 0
39649 0
39688 0
39702 0
39895 0
39982 0
39994 0
40029 0
40052 0
40073 0
40129 0
40152 0
40250 0
40353 0
40428 0
40441 0
40500 0
40517 0
40534 0
40579 0
40627 0
40637 0
40676 0
40683 0
40715 0
40874 0
40931 0
40962 0
40979 0
40993 0
41010 0
41011 0
41045 0
41135 0
41137 0
41220 0
41236 0
41261 0
41316 0
41324 0
41335 0
41346 0
41430 0
41486 0
41545 0
41571 0
41608 0
41678 0
41713 0
41729 0
41752 0
41772 0
41784 0
41799 0
41821 0
41823 0
41868 0
41880 0
41950 0
42002 0
42019 0
42057 0
42069 0
42109 0
42151 0
42230 0
42289 0
42300 0
42344 0
42376 0
42442 0
42454 0
42557 0
42666 0
42707 0
42712 0
42902 0
42967 0
42984 0
42989 0
43043 0
43098 0
43134 0
43143 0
43211 0
43237 0
43285 0
43291 0
43315 0
43326 0
43344 0
43440 0
43456 0
43501 0
43511 0
43697 0
43749 0
43757 0
43813 0
43828 0
43862 0
43905 0
43935 0
43951 0
44110 0
44127 0
44157 0
44212 0
44332 0
44377 0
44404 0
44425 0
44454 0
44535 0
44561 0
44583 0
44606 0
44615 0
44676 0
44711 0
44770 0
44787 0
44850 0
44927 0
44937 0
44949 0
45037 0
45141 0
45163 0
45178 0
45185 0
45202 0
45212 0
45223 0
45241 0
45258 0
45417 0
45434 0
45482 0
45509 0
45528 0
45559 0
45643 0
45666 0
45691 0
45696 0
45771 0
45777 0
45827 0
45877 0
45921 0
46074 0
46136 0
46149 0
46183 0
46312 0
46429 0
46574 0
46651 0
46714 0
46756 0
46769 0
46898 0
46962 0
47066 0
47236 0
47269 0
47278 0
47312 0
47314 0
47444 0
47483 0
47558 0
47574 0
47580 0
47658 0
47875 0
47991 0
48017 0
48021 0
48049 0
48210 0
48232 0
48339 0
48403 0
48449 0
48498 0
48515 0
48557 0
48578 0
48675 0
48810 0
48812 0
48826 0
48838 0
48854 0
48866 0
48876 0
48877 0
48969 0
49048 0
49096 0
49103 0
49106 0
49136 0
49151 0
49154 0
49170 0
49227 0
49358 0
49392 0
49484 0
49542 0
49584 0
49614 0
49724 0
49738 0
49764 0
49814 0
50071 0
50075 0
50162 0
50183 0
50227 0
50300 0
50486 0
50606 0
50872 0
50886 0
50913 0
50957 0
51162 0
51164 0
51193 0
51206 0
51223 0
51280 0
51355 0
51389 0
51459 0
51550 0
51666 0
51689 0
51792 0
51844 0
51922 0
51931 0
51947 0
51974 0
52037 0
52135 0
52183 0
52199 0
52260 0
52282 0
52364 0
52405 0
52469 0
52484 0
52513 0
52538 0
52589 0
52601 0
52612 0
52624 0
52629 0
52715 0
52875 0
52884 0
52888 0
52891 0
52908 0
53050 0
53118 0
53323 0
53469 0
53587 0
53662 0
53663 0
53738 0
53772 0
53855 0
53977 0
54148 0
54268 0
54283 0
54308 0
54315 0
54328 0
54354 0
54396 0
54410 0
54431 0
54537 0
54655 0
54666 0
54670 0
54691 0
54850 0
54862 0
54877 0
54890 0
54939 0
54963 0
54998 0
55076 0
55270 0
55286 0
55328 0
55333 0
55370 0
55384 0
55499 0
55502 0
55590 0
55604 0
55663 0
55787 0
55804 0
55848 0
55952 0
56008 0
56022 0
56028 0
56041 0
56205 0
56247 0
56259 0
56314 0
56413 0
56484 0
56505 0
56506 0
56509 0
56667 0
56717 0
56734 0
56748 0
56826 0
56845 0
56866 0
56895 0
56909 0
56968 0
57096 0
57098 0
57176 0
57250 0
57251 0
57276 0
57289 0
57327 0
57416 0
57419 0
57447 0
57478 0
57583 0
57612 0
57766 0
57785 0
57817 0
57820 0
57862 0
57939 0
57964 0
58080 0
58231 0
58232 0
58401 0
58416 0
58422 0
58455 0
58480 0
58505 0
58585 0
58589 0
58600 0
58664 0
58675 0
58719 0
58723 0
58789 0
58818 0
58870 0
58883 0
58940 0
58991 0
59000 0
59008 0
59030 0
59080 0
59125 0
59131 0
59174 0
59195 0
59241 0
59293 0
59375 0
59391 0
59435 0
59475 0
59670 0
59692 0
59778 0
59788 0
59821 0
59828 0
59872 0
59948 0
60074 0
60093 0
60124 0
60235 0
60281 0
60338 0
60362 0
60375 0
60460 0
60475 0
60615 0
60633 0
60647 0
60668 0
60763 0
60781 0
60822 0
60889 0
60899 0
61004 0
61032 0
61042 0
61124 0
61149 0
61222 0
61272 0
61291 0
61341 0
61417 0
61528 0
61795 0
61843 0
61855 0
61896 0
61931 0
62051 0
62054 0
62073 0
62083 0
62157 0
62241 0
62346 0
62470 0
62488 0
62524 0
62577 0
62581 0
62597 0
62654 0
62658 0
62663 0
62715 0
62789 0
62790 0
62952 0
63055 0
63083 0
63099 0
63195 0
63306 0
63309 0
63344 0
63413 0
63491 0
63494 0
63594 0
63645 0
63688 0
63708 0
63725 0
63729 0
63891 0
63898 0
63902 0
63909 0
64038 0
64064 0
64149 0
64238 0
64304 0
64307 0
64456 0
64476 0
64489 0
64525 0
64534 0
64537 0
64641 0
64644 0
64724 0
64773 0
64782 0
64837 0
64878 0
64905 0
64942 0
65075 0
65081 0
65130 0
65255 0
65282 0
65364 0
65490 0
65516 0
65612 0
65654 0
65689 0
65750 0
65759 0
65776 0
65795 0
65818 0
65820 0
65849 0
65882 0
65928 0
66031 0
66064 0
66077 0
66082 0
66225 0
66239 0
66304 0
66329 0
66353 0
66419 0
66474 0
66501 0
66555 0
66587 0
66603 0
66705 0
66720 0
66807 0
66918 0
66966 0
66988 0
67013 0
67022 0
67032 0
67087 0
67103 0
67159 0
67188 0
67259 0
67325 0
67359 0
67407 0
67410 0
67499 0
67578 0
67651 0
67739 0
67836 0
67839 0
67869 0
67895 0
68003 0
68091 0
68092 0
68111 0
68129 0
68204 0
68249 0
68297 0
68312 0
68469 0
68663 0
68821 0
68905 0
68927 0
68945 0
69041 0
69169 0
69254 0
69273 0
69284 0
69352 0
69365 0
69368 0
69406 0
69448 0
69476 0
69571 0
69633 0
69639 0
69737 0
69738 0
69942 0
69944 0
69969 0
70021 0
70029 0
70053 0
70061 0
70076 0
70134 0
70355 0
70497 0
70523 0
70530 0
70534 0
70564 0
70582 0
70699 0
70746 0
70776 0
70778 0
70782 0
70811 0
70880 0
70972 0
70977 0
71037 0
71253 0
71286 0
71413 0
71600 0
71706 0
71711 0
71728 0
71738 0
71744 0
71758 0
71796 0
71849 0
71854 0
71861 0
71863 0
71880 0
71883 0
71884 0
71889 0
71912 0
71991 0
72054 0
72058 0
72086 0
72114 0
72264 0
72340 0
72346 0
72471 0
72554 0
72564 0
72650 0
72681 0
72787 0
72920 0
72932 0
72934 0
72993 0
73109 0
73143 0
73158 0
73184 0
73206 0
73221 0
73409 0
73414 0
73484 0
73545 0
73556 0
73599 0
73620 0
73637 0
73657 0
73765 0
73807 0
73836 0
73926 0
73945 0
73949 0
74053 0
74094 0
74220 0
74282 0
74319 0
74373 0
74394 0
74532 0
74588 0
74599 0
74627 0
74743 0
74803 0
74815 0
74832 0
74913 0
74992 0
74995 0
75088 0
75171 0
75240 0
75248 0
75257 0
75492 0
75532 0
75554 0
75562 0
75691 0
75724 0
75758 0
75779 0
75882 0
75919 0
75957 0
76101 0
76157 0
76183 0
76260 0
76308 0
76339 0
76411 0
76448 0
76495 0
76525 0
76526 0
76591 0
76739 0
76756 0
76775 0
76861 0
76877 0
76896 0
76936 0
77006 0
77016 0
77031 0
77160 0
77181 0
77190 0
77193 0
77210 0
77261 0
77329 0
77376 0
77391 0
77458 0
77528 0
77553 0
77562 0
77589 0
77710 0
77765 0
77805 0
77816 0
77997 0
78057 0
78125 0
78172 0
78203 0
78212 0
78283 0
78294 0
78353 0
78450 0
78493 0
78609 0
78651 0
78698 0
78732 0
78747 0
78755 0
78787 0
78789 0
78838 0
78843 0
78851 0
78981 0
79047 0
79051 0
79080 0
79125 0
79134 0
79138 0
79178 0
79287 0
79297 0
79307 0
79309 0
79390 0
79424 0
79457 0
79510 0
79517 0
79557 0
79596 0
79627 0
79630 0
79746 0
79752 0
79927 0
79992 0
80011 0
80125 0
80142 0
80199 0
80313 0
80359 0
80385 0
80403 0
80407 0
80500 0
80522 0
80636 0
80669 0
80706 0
80739 0
80774 0
80796 0
80813 0
80819 0
80823 0
80826 0
80898 0
80930 0
81006 0
81181 0
81186 0
81279 0
81459 0
81492 0
81503 0
81525 0
81551 0
81593 0
81595 0
81664 0
81679 0
81821 0
81854 0
81875 0
82019 0
82026 0
82068 0
82073 0
82083 0
82327 0
82357 0
82440 0
82489 0
82583 0
82724 0
82758 0
82768 0
82891 0
82981 0
83063 0
83089 0
83127 0
83164 0
83261 0
83265 0
83290 0
83396 0
83410 0
83432 0
83547 0
83663 0
83725 0
83773 0
83871 0
84129 0
84188 0
84210 0
84314 0
84317 0
84375 0
84416 0
84466 0
84513 0
84541 0
84550 0
84707 0
84708 0
84764 0
84814 0
84827 0
84850 0
84856 0
84932 0
85008 0
85042 0
85072 0
85074 0
85115 0
85142 0
85233 0
85245 0
85320 0
85340 0
85366 0
85406 0
85416 0
85453 0
85458 0
85463 0
85607 0
85638 0
85663 0
85668 0
85679 0
85738 0
85749 0
85752 0
85757 0
85833 0
85871 0
85906 0
85944 0
85956 0
85964 0
86120 0
86169 0
86248 0
86365 0
86443 0
86481 0
86526 0
86582 0
86595 0
86605 0
86610 0
86707 0
86752 0
86764 0
86844 0
86845 0
86897 0
86925 0
86927 0
86972 0
87074 0
87137 0
87149 0
87194 0
87247 0
87260 0
87268 0
87347 0
87363 0
87399 0
87478 0
87524 0
87557 0
87561 0
87646 0
87687 0
87697 0
87763 0
87767 0
87802 0
87814 0
87816 0
87865 0
87957 0
87958 0
88081 0
88090 0
88151 0
88157 0
88236 0
88238 0
88341 0
88487 0
88537 0
88593 0
88650 0
88708 0
88761 0
88784 0
88789 0
88918 0
88967 0
88974 0
88978 0
89029 0
89065 0
89086 0
89164 0
89188 0
89193 0
89201 0
89221 0
89283 0
89293 0
89351 0
89564 0
89648 0
89665 0
89724 0
89785 0
89803 0
89929 0
89942 0
90095 0
90135 0
90198 0
90277 0
90279 0
90390 0
90394 0
90459 0
90586 0
90587 0
90670 0
90794 0
90825 0
90880 0
90996 0
91010 0
91113 0
91129 0
91181 0
91209 0
91237 0
91335 0
91352 0
91428 0
91463 0
91483 0
91502 0
91570 0
91593 0
91695 0
91796 0
91894 0
91920 0
91931 0
91959 0
92023 0
92024 0
92063 0
92185 0
92235 0
92252 0
92298 0
92304 0
92321 0
92327 0
92578 0
92591 0
92674 0
92732 0
92811 0
92843 0
92846 0
92865 0
93067 0
93093 0
93115 0
93123 0
93133 0
93193 0
93230 0
93248 0
93257 0
93304 0
93394 0
93413 0
93897 0
94020 0
94067 0
94070 0
94250 0
94272 0
94360 0
94362 0
94369 0
94415 0
94419 0
94522 0
94580 0
94609 0
94621 0
94629 0
94630 0
94750 0
94811 0
94830 0
94882 0
94950 0
94966 0
94970 0
95074 0
95130 0
95165 0
95238 0
95247 0
95320 0
95327 0
95331 0
95454 0
95632 0
95722 0
95884 0
95927 0
95938 0
95973 0
95980 0
96008 0
96041 0
96179 0
96218 0
96265 0
96391 0
96392 0
96415 0
96499 0
96505 0
96510 0
96529 0
96552 0
96564 0
96565 0
96660 0
96691 0
96741 0
96765 0
96790 0
96792 0
96809 0
96888 0
96902 0
96903 0
96904 0
96931 0
96957 0
96994 0
97175 0
97187 0
97264 0
97293 0
97295 0
97352 0
97386 0
97389 0
97440 0
97458 0
97480 0
97539 0
97546 0
97612 0
97642 0
97647 0
97672 0
97690 0
97778 0
97829 0
97921 0
97965 0
97989 0
98019 0
98055 0
98106 0
98211 0
98279 0
98289 0
98353 0
98389 0
98392 0
98422 0
98425 0
98427 0
98472 0
98520 0
98560 0
98618 0
98621 0
98719 0
98782 0
98890 0
98919 0
99087 0
99088 0
99115 0
99159 0
99222 0
99291 0
99338 0
99376 0
99535 0
99584 0
99600 0
99797 0
99839 0
99882 0
99913 0
99941 0
99950 0
99954 0
