c This is a uniform distributed  1-D DIMACS file 
c width height point_number
p 100000 100000 2048
53 0
54 0
130 0
162 0
220 0
252 0
278 0
352 0
443 0
527 0
675 0
736 0
767 0
770 0
890 0
901 0
952 0
1004 0
1020 0
1023 0
1024 0
1059 0
1285 0
1299 0
1340 0
1343 0
1427 0
1443 0
1521 0
1555 0
1566 0
1698 0
1700 0
1752 0
1754 0
1824 0
1907 0
1930 0
1961 0
1998 0
2027 0
2061 0
2222 0
2235 0
2301 0
2330 0
2384 0
2413 0
2482 0
2530 0
2690 0
2692 0
2707 0
2769 0
2802 0
2901 0
2954 0
3162 0
3236 0
3298 0
3300 0
3307 0
3465 0
3494 0
3500 0
3604 0
3611 0
3613 0
3663 0
3689 0
3702 0
3731 0
3739 0
3766 0
3809 0
4046 0
4049 0
4072 0
4107 0
4161 0
4204 0
4215 0
4242 0
4389 0
4466 0
4494 0
4520 0
4577 0
4592 0
4622 0
4642 0
4673 0
4684 0
4686 0
4719 0
4819 0
4859 0
4875 0
4885 0
4892 0
4933 0
4951 0
5036 0
5236 0
5404 0
5429 0
5526 0
5614 0
5638 0
5775 0
5785 0
5846 0
5860 0
5898 0
5929 0
5983 0
5995 0
6003 0
6004 0
6082 0
6103 0
6121 0
6158 0
6208 0
6221 0
6365 0
6420 0
6424 0
6430 0
6581 0
6582 0
6590 0
6592 0
6649 0
6658 0
6765 0
6772 0
6832 0
6877 0
6903 0
6980 0
7134 0
7191 0
7226 0
7261 0
7338 0
7366 0
7371 0
7392 0
7502 0
7514 0
7571 0
7609 0
7610 0
7636 0
7688 0
7695 0
7710 0
7714 0
7767 0
7778 0
7782 0
7916 0
7927 0
7935 0
7946 0
7987 0
7990 0
8022 0
8035 0
8090 0
8093 0
8109 0
8128 0
8168 0
8240 0
8248 0
8249 0
8261 0
8297 0
8336 0
8375 0
8479 0
8484 0
8557 0
8577 0
8628 0
8677 0
8709 0
8716 0
8773 0
8866 0
8897 0
9040 0
9054 0
9058 0
9118 0
9129 0
9162 0
9191 0
9195 0
9222 0
9232 0
9238 0
9259 0
9342 0
9365 0
9379 0
9398 0
9412 0
9548 0
9559 0
9624 0
9753 0
9766 0
9886 0
9911 0
9957 0
10219 0
10228 0
10359 0
10459 0
10537 0
10566 0
10581 0
10792 0
10824 0
10834 0
10846 0
10888 0
10897 0
10904 0
10911 0
10918 0
10964 0
11040 0
11103 0
11142 0
11163 0
11185 0
11241 0
11262 0
11391 0
11414 0
11427 0
11573 0
11770 0
11823 0
11843 0
11965 0
12029 0
12066 0
12181 0
12258 0
12360 0
12381 0
12467 0
12530 0
12546 0
12566 0
12618 0
12655 0
12721 0
12772 0
12780 0
12792 0
12874 0
13006 0
13028 0
13115 0
13121 0
13135 0
13153 0
13212 0
13263 0
13273 0
13283 0
13295 0
13351 0
13353 0
13373 0
13479 0
13543 0
13558 0
13580 0
13608 0
13673 0
13725 0
13737 0
13759 0
13812 0
13868 0
13889 0
13925 0
14014 0
14145 0
14159 0
14221 0
14240 0
14252 0
14272 0
14307 0
14315 0
14404 0
14487 0
14511 0
14544 0
14581 0
14610 0
14633 0
14634 0
14685 0
14704 0
14721 0
14728 0
14773 0
14803 0
14838 0
14888 0
14981 0
14999 0
15001 0
15048 0
15154 0
15188 0
15199 0
15204 0
15221 0
15259 0
15387 0
15435 0
15471 0
15592 0
15614 0
15667 0
15744 0
15752 0
15819 0
15886 0
15938 0
15993 0
16047 0
16060 0
16121 0
16147 0
16156 0
16271 0
16278 0
16320 0
16335 0
16341 0
16469 0
16480 0
16483 0
16575 0
16610 0
16647 0
16690 0
16796 0
16869 0
16910 0
17050 0
17139 0
17172 0
17182 0
17328 0
17341 0
17355 0
17381 0
17387 0
17388 0
17402 0
17533 0
17639 0
17653 0
17684 0
17695 0
17781 0
17998 0
18017 0
18167 0
18233 0
18274 0
18334 0
18369 0
18482 0
18493 0
18533 0
18567 0
18572 0
18656 0
18673 0
18678 0
18687 0
19000 0
19067 0
19084 0
19181 0
19292 0
19320 0
19393 0
19429 0
19493 0
19570 0
19608 0
19702 0
19767 0
19877 0
19919 0
19961 0
19993 0
20054 0
20139 0
20172 0
20208 0
20220 0
20294 0
20359 0
20398 0
20444 0
20489 0
20570 0
20582 0
20622 0
20639 0
20657 0
20674 0
20699 0
20704 0
20740 0
20787 0
20861 0
20901 0
20912 0
20919 0
20958 0
20961 0
21088 0
21106 0
21183 0
21386 0
21476 0
21511 0
21514 0
21654 0
21711 0
21722 0
21786 0
21837 0
21954 0
21960 0
22012 0
22155 0
22185 0
22205 0
22267 0
22391 0
22407 0
22431 0
22544 0
22565 0
22698 0
22790 0
22815 0
22883 0
22908 0
22912 0
22921 0
22930 0
22975 0
22996 0
22997 0
23040 0
23049 0
23074 0
23101 0
23229 0
23233 0
23239 0
23378 0
23495 0
23519 0
23546 0
23586 0
23647 0
23724 0
23726 0
23731 0
23772 0
23779 0
23858 0
23891 0
23909 0
23932 0
24076 0
24125 0
24134 0
24137 0
24185 0
24237 0
24280 0
24299 0
24317 0
24481 0
24487 0
24493 0
24530 0
24644 0
24667 0
24707 0
24730 0
24814 0
24819 0
24835 0
24883 0
24890 0
24903 0
25038 0
25060 0
25089 0
25149 0
25199 0
25319 0
25363 0
25366 0
25396 0
25408 0
25410 0
25455 0
25459 0
25542 0
25565 0
25663 0
25691 0
25782 0
25842 0
25930 0
25940 0
25992 0
26063 0
26067 0
26253 0
26261 0
26336 0
26342 0
26349 0
26380 0
26433 0
26434 0
26472 0
26540 0
26660 0
26725 0
26744 0
26780 0
26810 0
26878 0
26898 0
26967 0
27112 0
27143 0
27146 0
27171 0
27208 0
27252 0
27366 0
27518 0
27546 0
27599 0
27613 0
27683 0
27715 0
27866 0
27960 0
27979 0
28077 0
28093 0
28153 0
28213 0
28232 0
28241 0
28252 0
28273 0
28374 0
28383 0
28480 0
28539 0
28558 0
28677 0
28725 0
28750 0
28805 0
28850 0
28860 0
28864 0
28891 0
29000 0
29004 0
29036 0
29094 0
29107 0
29179 0
29181 0
29283 0
29289 0
29349 0
29447 0
29448 0
29480 0
29482 0
29502 0
29617 0
29630 0
29651 0
29797 0
29808 0
29934 0
29980 0
29988 0
30005 0
30070 0
30131 0
30147 0
30203 0
30306 0
30337 0
30362 0
30384 0
30390 0
30393 0
30435 0
30439 0
30482 0
30518 0
30527 0
30556 0
30592 0
30612 0
30667 0
30870 0
30902 0
30912 0
30916 0
31029 0
31030 0
31064 0
31065 0
31127 0
31134 0
31251 0
31315 0
31420 0
31468 0
31490 0
31522 0
31523 0
31524 0
31531 0
31565 0
31594 0
31681 0
31684 0
31731 0
31737 0
31742 0
31755 0
31795 0
31798 0
31811 0
31847 0
31886 0
31964 0
32043 0
32059 0
32092 0
32110 0
32145 0
32175 0
32214 0
32219 0
32402 0
32567 0
32617 0
32673 0
32911 0
32930 0
33006 0
33045 0
33053 0
33063 0
33076 0
33152 0
33253 0
33294 0
33428 0
33490 0
33560 0
33695 0
33716 0
33721 0
33739 0
33747 0
33870 0
33883 0
34005 0
34016 0
34017 0
34049 0
34241 0
34347 0
34360 0
34365 0
34416 0
34583 0
34584 0
34588 0
34605 0
34606 0
34613 0
34702 0
34719 0
34794 0
34819 0
34873 0
34910 0
35000 0
35017 0
35068 0
35158 0
35363 0
35469 0
35498 0
35620 0
35686 0
35713 0
35818 0
35983 0
36032 0
36111 0
36244 0
36274 0
36278 0
36341 0
36349 0
36391 0
36411 0
36429 0
36441 0
36504 0
36511 0
36613 0
36718 0
36785 0
36791 0
36820 0
36909 0
36932 0
37016 0
37103 0
37164 0
37219 0
37295 0
37303 0
37655 0
37663 0
37677 0
37697 0
37778 0
37802 0
37864 0
37875 0
37943 0
38023 0
38107 0
38188 0
38256 0
38328 0
38344 0
38372 0
38415 0
38471 0
38472 0
38792 0
38802 0
38957 0
39057 0
39069 0
39108 0
39211 0
39227 0
39234 0
39541 0
39593 0
39610 0
39653 0
39678 0
39703 0
39723 0
39740 0
39817 0
39853 0
39854 0
40163 0
40207 0
40267 0
40317 0
40362 0
40410 0
40423 0
40449 0
40466 0
40488 0
40507 0
40525 0
40553 0
40563 0
40588 0
40651 0
40749 0
40776 0
40780 0
40829 0
40845 0
40874 0
40953 0
40962 0
41050 0
41063 0
41074 0
41178 0
41191 0
41277 0
41281 0
41309 0
41444 0
41514 0
41521 0
41596 0
41620 0
41681 0
41693 0
41759 0
41804 0
41825 0
41826 0
41848 0
41898 0
42023 0
42079 0
42099 0
42163 0
42175 0
42193 0
42296 0
42486 0
42542 0
42569 0
42593 0
42602 0
42677 0
42749 0
42750 0
42841 0
42978 0
43032 0
43097 0
43119 0
43167 0
43283 0
43288 0
43322 0
43367 0
43368 0
43437 0
43492 0
43506 0
43532 0
43568 0
43751 0
43815 0
43867 0
43884 0
43915 0
43921 0
44016 0
44134 0
44185 0
44373 0
44380 0
44412 0
44435 0
44508 0
44602 0
44624 0
44649 0
44687 0
44707 0
44816 0
44857 0
45004 0
45072 0
45150 0
45212 0
45334 0
45341 0
45393 0
45425 0
45453 0
45487 0
45508 0
45518 0
45540 0
45581 0
45595 0
45617 0
45629 0
45665 0
45686 0
45778 0
45833 0
45858 0
45892 0
46002 0
46021 0
46128 0
46133 0
46197 0
46246 0
46353 0
46356 0
46397 0
46416 0
46438 0
46470 0
46478 0
46514 0
46523 0
46541 0
46583 0
46630 0
46686 0
46785 0
46839 0
46861 0
46924 0
46975 0
46980 0
47022 0
47142 0
47254 0
47361 0
47375 0
47487 0
47492 0
47568 0
47574 0
47603 0
47612 0
47614 0
47625 0
47685 0
47779 0
47876 0
47891 0
47908 0
48057 0
48128 0
48196 0
48236 0
48258 0
48316 0
48360 0
48503 0
48541 0
48565 0
48630 0
48654 0
48808 0
48831 0
48919 0
48979 0
48997 0
49037 0
49090 0
49160 0
49262 0
49280 0
49286 0
49294 0
49333 0
49402 0
49468 0
49519 0
49579 0
49582 0
49584 0
49605 0
49709 0
49762 0
49798 0
49837 0
49865 0
49881 0
49887 0
49920 0
50025 0
50088 0
50139 0
50265 0
50373 0
50457 0
50536 0
50583 0
50607 0
50725 0
50744 0
50858 0
50914 0
50921 0
51008 0
51030 0
51045 0
51049 0
51105 0
51106 0
51168 0
51201 0
51220 0
51233 0
51234 0
51317 0
51389 0
51393 0
51459 0
51480 0
51585 0
51589 0
51604 0
51677 0
51706 0
51800 0
51815 0
51845 0
51867 0
51963 0
51996 0
52015 0
52038 0
52058 0
52168 0
52188 0
52240 0
52251 0
52267 0
52340 0
52433 0
52473 0
52506 0
52596 0
52634 0
52637 0
52684 0
52687 0
52698 0
52717 0
52756 0
52766 0
52852 0
52861 0
52887 0
52995 0
53011 0
53027 0
53080 0
53088 0
53156 0
53164 0
53258 0
53263 0
53298 0
53303 0
53344 0
53374 0
53466 0
53527 0
53575 0
53704 0
53715 0
53802 0
53921 0
53975 0
53987 0
54010 0
54083 0
54112 0
54219 0
54397 0
54415 0
54465 0
54517 0
54521 0
54634 0
54650 0
54736 0
54762 0
54773 0
54813 0
54815 0
54818 0
54898 0
54907 0
54945 0
54969 0
54982 0
54991 0
55017 0
55236 0
55263 0
55271 0
55291 0
55293 0
55299 0
55305 0
55387 0
55458 0
55486 0
55497 0
55515 0
55622 0
55666 0
55837 0
55855 0
55909 0
55945 0
55991 0
56032 0
56066 0
56076 0
56086 0
56090 0
56099 0
56137 0
56165 0
56214 0
56258 0
56327 0
56338 0
56396 0
56493 0
56593 0
56600 0
56655 0
56688 0
56747 0
56758 0
56812 0
56840 0
56897 0
57019 0
57037 0
57158 0
57199 0
57220 0
57263 0
57289 0
57380 0
57384 0
57393 0
57394 0
57408 0
57519 0
57605 0
57625 0
57644 0
57699 0
57768 0
57789 0
57825 0
57842 0
58017 0
58120 0
58125 0
58161 0
58242 0
58258 0
58263 0
58295 0
58379 0
58384 0
58504 0
58505 0
58590 0
58611 0
58791 0
59012 0
59034 0
59058 0
59181 0
59261 0
59278 0
59335 0
59339 0
59401 0
59455 0
59513 0
59598 0
59669 0
59675 0
59873 0
59903 0
59997 0
59998 0
60054 0
60081 0
60172 0
60225 0
60399 0
60480 0
60492 0
60550 0
60559 0
60598 0
60615 0
60648 0
60659 0
60682 0
60759 0
60820 0
60938 0
60955 0
61028 0
61090 0
61101 0
61103 0
61111 0
61128 0
61182 0
61189 0
61218 0
61329 0
61372 0
61404 0
61423 0
61494 0
61694 0
61778 0
61786 0
61911 0
61914 0
62000 0
62015 0
62042 0
62060 0
62119 0
62122 0
62155 0
62169 0
62299 0
62306 0
62327 0
62372 0
62416 0
62544 0
62545 0
62570 0
62584 0
62626 0
62632 0
62656 0
62702 0
62727 0
62737 0
62740 0
62761 0
62959 0
62967 0
62999 0
63007 0
63013 0
63055 0
63180 0
63225 0
63370 0
63421 0
63436 0
63454 0
63472 0
63580 0
63604 0
63607 0
63681 0
63744 0
63796 0
63952 0
64071 0
64094 0
64095 0
64110 0
64118 0
64157 0
64210 0
64223 0
64302 0
64306 0
64407 0
64493 0
64495 0
64538 0
64543 0
64548 0
64565 0
64635 0
64674 0
64735 0
64736 0
64749 0
64779 0
64819 0
64879 0
64935 0
64957 0
64993 0
65013 0
65043 0
65120 0
65159 0
65188 0
65204 0
65263 0
65295 0
65359 0
65406 0
65419 0
65438 0
65479 0
65505 0
65569 0
65581 0
65591 0
65603 0
65617 0
65770 0
65870 0
65873 0
65882 0
65900 0
65922 0
65927 0
66039 0
66175 0
66219 0
66264 0
66270 0
66304 0
66364 0
66384 0
66395 0
66458 0
66535 0
66541 0
66600 0
66717 0
66728 0
66847 0
66882 0
66887 0
66942 0
66945 0
66984 0
66991 0
66994 0
67225 0
67249 0
67424 0
67510 0
67543 0
67683 0
67698 0
67724 0
67741 0
67819 0
67931 0
68029 0
68052 0
68117 0
68122 0
68210 0
68247 0
68276 0
68291 0
68316 0
68343 0
68394 0
68404 0
68492 0
68513 0
68524 0
68525 0
68540 0
68629 0
68681 0
68720 0
68821 0
68861 0
68880 0
68891 0
68935 0
69091 0
69112 0
69188 0
69220 0
69293 0
69426 0
69525 0
69556 0
69558 0
69559 0
69582 0
69680 0
69710 0
69729 0
69880 0
69915 0
69970 0
69998 0
70254 0
70331 0
70356 0
70514 0
70530 0
70595 0
70619 0
70754 0
70761 0
70882 0
70890 0
70903 0
70935 0
70941 0
70957 0
70979 0
71008 0
71021 0
71051 0
71085 0
71142 0
71216 0
71302 0
71377 0
71391 0
71419 0
71427 0
71494 0
71507 0
71514 0
71531 0
71595 0
71601 0
71605 0
71628 0
71638 0
71655 0
71661 0
71667 0
71741 0
71771 0
71795 0
71906 0
71962 0
72001 0
72018 0
72079 0
72094 0
72225 0
72324 0
72361 0
72405 0
72553 0
72593 0
72682 0
72683 0
72725 0
72824 0
72843 0
72960 0
72997 0
73049 0
73072 0
73193 0
73194 0
73201 0
73209 0
73293 0
73377 0
73472 0
73592 0
73657 0
73768 0
73903 0
73930 0
73948 0
73982 0
73997 0
74003 0
74024 0
74080 0
74113 0
74159 0
74167 0
74199 0
74208 0
74225 0
74232 0
74277 0
74305 0
74311 0
74376 0
74386 0
74391 0
74406 0
74451 0
74555 0
74603 0
74647 0
74724 0
74796 0
74908 0
74954 0
74955 0
74975 0
75148 0
75151 0
75162 0
75214 0
75248 0
75295 0
75316 0
75357 0
75391 0
75395 0
75480 0
75637 0
75686 0
75724 0
75803 0
75869 0
75883 0
75885 0
75891 0
75902 0
75991 0
76065 0
76117 0
76176 0
76296 0
76411 0
76419 0
76442 0
76510 0
76512 0
76696 0
76782 0
76802 0
76911 0
76954 0
76972 0
77016 0
77050 0
77164 0
77260 0
77359 0
77439 0
77481 0
77486 0
77560 0
77593 0
77600 0
77612 0
77700 0
77705 0
77751 0
77765 0
77785 0
77857 0
77867 0
77870 0
77929 0
77961 0
78010 0
78014 0
78032 0
78039 0
78079 0
78117 0
78211 0
78253 0
78292 0
78319 0
78359 0
78381 0
78410 0
78466 0
78475 0
78491 0
78541 0
78565 0
78597 0
78605 0
78629 0
78703 0
78779 0
78831 0
78854 0
78883 0
78903 0
78933 0
78959 0
78969 0
78972 0
79081 0
79087 0
79099 0
79141 0
79294 0
79330 0
79366 0
79394 0
79451 0
79478 0
79545 0
79650 0
79724 0
79730 0
79732 0
79806 0
79813 0
79848 0
79902 0
79922 0
79926 0
79952 0
79953 0
80024 0
80049 0
80057 0
80085 0
80114 0
80178 0
80188 0
80277 0
80362 0
80392 0
80411 0
80437 0
80552 0
80572 0
80685 0
80727 0
80793 0
80844 0
80850 0
80926 0
80935 0
80946 0
81017 0
81045 0
81197 0
81200 0
81234 0
81237 0
81266 0
81283 0
81358 0
81537 0
81572 0
81574 0
81644 0
81764 0
81816 0
81872 0
81918 0
81935 0
82053 0
82092 0
82110 0
82135 0
82228 0
82306 0
82356 0
82395 0
82410 0
82462 0
82468 0
82515 0
82593 0
82602 0
82727 0
82781 0
82830 0
82905 0
82906 0
82939 0
82945 0
83160 0
83186 0
83207 0
83227 0
83239 0
83359 0
83388 0
83389 0
83442 0
83458 0
83503 0
83578 0
83623 0
83630 0
83748 0
83767 0
83769 0
83815 0
83821 0
83980 0
84010 0
84043 0
84131 0
84132 0
84234 0
84268 0
84274 0
84275 0
84306 0
84444 0
84488 0
84519 0
84558 0
84628 0
84643 0
84646 0
84664 0
84665 0
84754 0
84913 0
85042 0
85048 0
85151 0
85180 0
85247 0
85276 0
85293 0
85318 0
85336 0
85340 0
85345 0
85363 0
85398 0
85502 0
85539 0
85584 0
85587 0
85597 0
85686 0
85762 0
85801 0
85897 0
85936 0
85955 0
86036 0
86251 0
86381 0
86383 0
86384 0
86414 0
86437 0
86483 0
86572 0
86586 0
86589 0
86676 0
86684 0
86700 0
86877 0
86878 0
86890 0
86899 0
86941 0
87009 0
87259 0
87306 0
87486 0
87504 0
87536 0
87577 0
87585 0
87607 0
87610 0
87635 0
87636 0
87662 0
87695 0
87699 0
87732 0
87734 0
87839 0
87994 0
88004 0
88044 0
88075 0
88083 0
88085 0
88237 0
88282 0
88361 0
88380 0
88388 0
88559 0
88701 0
88716 0
88766 0
88850 0
88893 0
88913 0
88946 0
88983 0
89046 0
89115 0
89121 0
89161 0
89181 0
89227 0
89274 0
89357 0
89381 0
89386 0
89471 0
89476 0
89504 0
89511 0
89594 0
89799 0
89814 0
90027 0
90047 0
90242 0
90249 0
90287 0
90309 0
90390 0
90418 0
90489 0
90508 0
90528 0
90566 0
90574 0
90589 0
90737 0
90751 0
90757 0
90803 0
90869 0
90870 0
90938 0
90943 0
90947 0
90995 0
91081 0
91100 0
91129 0
91146 0
91246 0
91259 0
91260 0
91267 0
91409 0
91426 0
91531 0
91543 0
91551 0
91558 0
91584 0
91588 0
91670 0
91713 0
91753 0
91864 0
91872 0
91923 0
91970 0
92000 0
92008 0
92133 0
92141 0
92152 0
92205 0
92243 0
92297 0
92298 0
92335 0
92404 0
92417 0
92432 0
92463 0
92469 0
92544 0
92559 0
92597 0
92647 0
92708 0
92732 0
92740 0
92819 0
92881 0
92882 0
92892 0
92916 0
93039 0
93041 0
93091 0
93240 0
93259 0
93459 0
93492 0
93504 0
93530 0
93864 0
93914 0
93955 0
93956 0
93969 0
94008 0
94010 0
94066 0
94159 0
94208 0
94238 0
94244 0
94253 0
94314 0
94344 0
94409 0
94533 0
94703 0
94956 0
95069 0
95138 0
95152 0
95310 0
95411 0
95423 0
95494 0
95503 0
95594 0
95628 0
95634 0
95690 0
95708 0
95748 0
95842 0
95890 0
95947 0
96019 0
96022 0
96060 0
96144 0
96185 0
96250 0
96266 0
96283 0
96313 0
96377 0
96460 0
96506 0
96656 0
96792 0
96816 0
96829 0
96892 0
96904 0
96953 0
96958 0
97128 0
97181 0
97189 0
97235 0
97245 0
97250 0
97255 0
97290 0
97302 0
97306 0
97373 0
97381 0
97433 0
97546 0
97567 0
97634 0
97650 0
97663 0
97701 0
97706 0
97748 0
97770 0
97963 0
98037 0
98055 0
98065 0
98129 0
98170 0
98180 0
98273 0
98289 0
98303 0
98379 0
98582 0
98643 0
98647 0
98663 0
98665 0
98706 0
98722 0
98850 0
98904 0
98944 0
98960 0
98970 0
99010 0
99050 0
99072 0
99087 0
99099 0
99118 0
99385 0
99411 0
99413 0
99421 0
99457 0
99494 0
99496 0
99607 0
99664 0
99772 0
99783 0
99803 0
99839 0
99856 0
99871 0
99988 0
99997 0
