c This is a uniform distributed  1-D DIMACS file 
c width height point_number
p 100000 100000 2048
167 0
191 0
324 0
377 0
418 0
464 0
525 0
551 0
552 0
637 0
644 0
779 0
833 0
855 0
874 0
1070 0
1104 0
1125 0
1151 0
1158 0
1228 0
1286 0
1291 0
1309 0
1336 0
1565 0
1626 0
1676 0
1760 0
1851 0
1897 0
1926 0
1964 0
1969 0
1971 0
1972 0
2010 0
2011 0
2039 0
2046 0
2185 0
2220 0
2258 0
2274 0
2288 0
2312 0
2369 0
2383 0
2445 0
2552 0
2581 0
2662 0
2687 0
2751 0
2771 0
2776 0
2810 0
2823 0
2828 0
2889 0
2903 0
2927 0
2953 0
2960 0
3008 0
3029 0
3045 0
3048 0
3089 0
3175 0
3257 0
3298 0
3347 0
3349 0
3483 0
3485 0
3520 0
3565 0
3609 0
3678 0
3722 0
3760 0
3863 0
3883 0
3887 0
3909 0
3934 0
4088 0
4108 0
4119 0
4131 0
4143 0
4189 0
4225 0
4275 0
4291 0
4330 0
4349 0
4398 0
4486 0
4511 0
4520 0
4525 0
4537 0
4597 0
4715 0
4801 0
4913 0
4930 0
4936 0
5015 0
5081 0
5216 0
5263 0
5324 0
5339 0
5346 0
5395 0
5427 0
5445 0
5462 0
5463 0
5581 0
5611 0
5671 0
5673 0
5699 0
5791 0
5856 0
5941 0
5982 0
6043 0
6069 0
6225 0
6321 0
6324 0
6416 0
6454 0
6595 0
6618 0
6702 0
6705 0
6763 0
6817 0
6843 0
6920 0
6945 0
6984 0
6992 0
7018 0
7118 0
7164 0
7186 0
7259 0
7272 0
7304 0
7316 0
7346 0
7358 0
7396 0
7447 0
7484 0
7561 0
7597 0
7626 0
7676 0
7702 0
7704 0
7761 0
7763 0
7839 0
7860 0
7866 0
7996 0
8021 0
8058 0
8065 0
8092 0
8116 0
8129 0
8140 0
8153 0
8224 0
8250 0
8331 0
8342 0
8409 0
8414 0
8457 0
8519 0
8603 0
8621 0
8701 0
8767 0
8790 0
8867 0
8912 0
8930 0
8935 0
8943 0
9084 0
9125 0
9144 0
9152 0
9167 0
9253 0
9267 0
9272 0
9402 0
9429 0
9515 0
9627 0
9637 0
9663 0
9741 0
9950 0
9951 0
9961 0
9974 0
9978 0
10056 0
10091 0
10114 0
10164 0
10195 0
10215 0
10356 0
10373 0
10391 0
10405 0
10510 0
10525 0
10526 0
10605 0
10608 0
10709 0
10710 0
10712 0
10753 0
10874 0
10967 0
10968 0
10981 0
11075 0
11112 0
11145 0
11175 0
11227 0
11287 0
11324 0
11347 0
11397 0
11408 0
11430 0
11453 0
11543 0
11619 0
11621 0
11655 0
11664 0
11697 0
11728 0
11790 0
11954 0
11965 0
12160 0
12167 0
12233 0
12256 0
12378 0
12546 0
12617 0
12665 0
12672 0
12690 0
12715 0
12722 0
12777 0
12782 0
12790 0
12982 0
13080 0
13105 0
13231 0
13256 0
13298 0
13322 0
13458 0
13475 0
13605 0
13652 0
13693 0
13713 0
13828 0
13846 0
14044 0
14088 0
14098 0
14111 0
14193 0
14261 0
14317 0
14402 0
14405 0
14422 0
14459 0
14616 0
14621 0
14651 0
14681 0
14709 0
14724 0
14754 0
14769 0
14793 0
14801 0
14821 0
14878 0
14932 0
14934 0
15009 0
15079 0
15122 0
15147 0
15242 0
15253 0
15279 0
15305 0
15371 0
15372 0
15385 0
15397 0
15400 0
15438 0
15454 0
15468 0
15484 0
15523 0
15545 0
15559 0
15678 0
15717 0
15783 0
15915 0
16039 0
16099 0
16107 0
16150 0
16170 0
16187 0
16233 0
16237 0
16244 0
16303 0
16361 0
16492 0
16648 0
16660 0
16805 0
16890 0
16900 0
16994 0
17027 0
17139 0
17184 0
17220 0
17265 0
17306 0
17378 0
17504 0
17505 0
17527 0
17579 0
17581 0
17652 0
17688 0
17747 0
17749 0
17913 0
17934 0
17942 0
17950 0
17964 0
18254 0
18256 0
18297 0
18333 0
18357 0
18358 0
18366 0
18445 0
18592 0
18672 0
18754 0
18837 0
18862 0
18866 0
18895 0
18934 0
18951 0
19001 0
19006 0
19052 0
19063 0
19108 0
19253 0
19283 0
19334 0
19466 0
19559 0
19583 0
19856 0
19881 0
19950 0
19962 0
20007 0
20010 0
20159 0
20177 0
20272 0
20289 0
20328 0
20376 0
20454 0
20563 0
20617 0
20771 0
20772 0
20796 0
20840 0
20892 0
20900 0
20951 0
20972 0
21053 0
21079 0
21253 0
21279 0
21400 0
21433 0
21445 0
21473 0
21569 0
21636 0
21638 0
21639 0
21673 0
21843 0
21902 0
21965 0
21980 0
22054 0
22159 0
22229 0
22235 0
22271 0
22312 0
22319 0
22378 0
22499 0
22503 0
22525 0
22608 0
22648 0
22688 0
22726 0
22747 0
22846 0
22883 0
22895 0
22911 0
22980 0
22982 0
23034 0
23055 0
23130 0
23201 0
23411 0
23436 0
23450 0
23474 0
23516 0
23599 0
23626 0
23649 0
23654 0
23674 0
23749 0
23770 0
23789 0
23795 0
23799 0
23809 0
23838 0
23852 0
23930 0
23956 0
23959 0
23969 0
24086 0
24105 0
24271 0
24326 0
24393 0
24447 0
24458 0
24659 0
24685 0
24705 0
24736 0
24809 0
24815 0
24838 0
24976 0
24992 0
25002 0
25012 0
25053 0
25118 0
25126 0
25202 0
25228 0
25238 0
25278 0
25375 0
25416 0
25499 0
25501 0
25578 0
25585 0
25639 0
25683 0
25685 0
25706 0
25762 0
25857 0
25862 0
25896 0
26046 0
26213 0
26223 0
26261 0
26267 0
26314 0
26353 0
26377 0
26386 0
26399 0
26451 0
26624 0
26640 0
26654 0
26753 0
26771 0
26848 0
26866 0
26903 0
27082 0
27112 0
27160 0
27209 0
27239 0
27259 0
27282 0
27301 0
27487 0
27491 0
27683 0
27875 0
27915 0
27934 0
28097 0
28171 0
28186 0
28289 0
28305 0
28319 0
28333 0
28434 0
28435 0
28518 0
28539 0
28686 0
28741 0
28792 0
28823 0
28911 0
28970 0
29000 0
29006 0
29010 0
29036 0
29108 0
29153 0
29262 0
29279 0
29334 0
29336 0
29413 0
29466 0
29480 0
29526 0
29532 0
29588 0
29590 0
29604 0
29609 0
29660 0
29728 0
29734 0
29735 0
29762 0
29950 0
29960 0
29967 0
29989 0
30054 0
30120 0
30135 0
30215 0
30332 0
30353 0
30360 0
30367 0
30378 0
30443 0
30456 0
30480 0
30483 0
30671 0
30721 0
30724 0
30785 0
30809 0
30825 0
30832 0
30891 0
30906 0
30965 0
31075 0
31113 0
31199 0
31259 0
31281 0
31458 0
31467 0
31498 0
31506 0
31621 0
31634 0
31661 0
31671 0
31680 0
31761 0
31839 0
32165 0
32166 0
32171 0
32207 0
32235 0
32237 0
32244 0
32269 0
32308 0
32344 0
32355 0
32359 0
32365 0
32446 0
32458 0
32484 0
32544 0
32587 0
32598 0
32642 0
32658 0
32662 0
32713 0
32720 0
32786 0
32787 0
32821 0
32832 0
32860 0
32934 0
32956 0
33012 0
33174 0
33194 0
33332 0
33356 0
33458 0
33543 0
33572 0
33580 0
33591 0
33599 0
33682 0
33685 0
33768 0
33778 0
33813 0
33825 0
33888 0
33966 0
34093 0
34119 0
34127 0
34204 0
34265 0
34268 0
34357 0
34368 0
34426 0
34445 0
34540 0
34767 0
34818 0
34838 0
34890 0
35043 0
35093 0
35114 0
35148 0
35200 0
35306 0
35344 0
35364 0
35423 0
35426 0
35438 0
35444 0
35461 0
35570 0
35737 0
35923 0
35947 0
35977 0
35994 0
36034 0
36152 0
36191 0
36404 0
36444 0
36661 0
36676 0
36717 0
36731 0
36737 0
36848 0
37054 0
37195 0
37256 0
37333 0
37493 0
37541 0
37568 0
37625 0
37647 0
37679 0
37744 0
37877 0
37881 0
37947 0
37959 0
37981 0
38036 0
38113 0
38158 0
38182 0
38198 0
38211 0
38276 0
38295 0
38351 0
38374 0
38436 0
38465 0
38484 0
38486 0
38537 0
38564 0
38566 0
38570 0
38577 0
38611 0
38618 0
38638 0
38710 0
38745 0
38817 0
39012 0
39118 0
39121 0
39122 0
39151 0
39152 0
39188 0
39225 0
39242 0
39264 0
39313 0
39315 0
39323 0
39376 0
39380 0
39441 0
39501 0
39508 0
39599 0
39677 0
39687 0
39779 0
39780 0
39879 0
40047 0
40056 0
40244 0
40299 0
40315 0
40325 0
40327 0
40342 0
40391 0
40392 0
40467 0
40468 0
40515 0
40518 0
40526 0
40562 0
40578 0
40589 0
40590 0
40680 0
40898 0
40905 0
40932 0
40946 0
40986 0
41005 0
41042 0
41060 0
41105 0
41126 0
41203 0
41214 0
41247 0
41287 0
41291 0
41323 0
41326 0
41336 0
41344 0
41355 0
41371 0
41509 0
41708 0
41881 0
42030 0
42063 0
42117 0
42118 0
42127 0
42285 0
42298 0
42343 0
42357 0
42407 0
42429 0
42438 0
42480 0
42621 0
42686 0
42694 0
42698 0
42733 0
42798 0
42940 0
42992 0
43045 0
43047 0
43052 0
43066 0
43148 0
43307 0
43353 0
43389 0
43410 0
43463 0
43468 0
43473 0
43496 0
43499 0
43517 0
43592 0
43621 0
43660 0
43737 0
43771 0
43822 0
43893 0
43904 0
43910 0
43960 0
43969 0
43991 0
43995 0
44007 0
44125 0
44194 0
44398 0
44404 0
44416 0
44602 0
44607 0
44616 0
44669 0
44826 0
44952 0
44973 0
44996 0
45058 0
45080 0
45082 0
45127 0
45223 0
45241 0
45247 0
45262 0
45270 0
45346 0
45370 0
45394 0
45489 0
45498 0
45503 0
45631 0
45671 0
45718 0
45724 0
45806 0
45858 0
45869 0
45887 0
45995 0
46017 0
46032 0
46038 0
46078 0
46157 0
46213 0
46305 0
46312 0
46318 0
46325 0
46407 0
46672 0
46680 0
46734 0
46743 0
46761 0
46850 0
46869 0
46961 0
46979 0
47000 0
47008 0
47062 0
47121 0
47142 0
47166 0
47197 0
47331 0
47423 0
47436 0
47438 0
47479 0
47542 0
47546 0
47558 0
47560 0
47603 0
47626 0
47679 0
47731 0
47747 0
47763 0
47829 0
47880 0
47976 0
48033 0
48069 0
48120 0
48144 0
48147 0
48181 0
48204 0
48231 0
48284 0
48287 0
48291 0
48392 0
48475 0
48517 0
48524 0
48569 0
48612 0
48689 0
48826 0
48878 0
49060 0
49085 0
49135 0
49189 0
49197 0
49200 0
49257 0
49263 0
49289 0
49307 0
49353 0
49378 0
49383 0
49405 0
49536 0
49638 0
49648 0
49652 0
49654 0
49691 0
49741 0
49754 0
49831 0
49865 0
49870 0
49928 0
50082 0
50250 0
50254 0
50284 0
50314 0
50349 0
50436 0
50447 0
50482 0
50517 0
50596 0
50734 0
50741 0
50750 0
50798 0
50837 0
50857 0
50879 0
50915 0
50933 0
51062 0
51231 0
51306 0
51311 0
51323 0
51368 0
51369 0
51460 0
51525 0
51540 0
51603 0
51680 0
51773 0
51774 0
51819 0
51862 0
51903 0
51949 0
52042 0
52046 0
52157 0
52240 0
52285 0
52380 0
52386 0
52441 0
52510 0
52518 0
52588 0
52623 0
52666 0
52730 0
52780 0
52782 0
52834 0
52843 0
52857 0
52903 0
52929 0
53443 0
53537 0
53540 0
53552 0
53618 0
53653 0
53724 0
53840 0
53899 0
53901 0
53945 0
53946 0
53951 0
54047 0
54089 0
54116 0
54131 0
54159 0
54267 0
54342 0
54530 0
54569 0
54573 0
54608 0
54620 0
54630 0
54654 0
54930 0
54979 0
54987 0
55008 0
55105 0
55120 0
55238 0
55239 0
55272 0
55288 0
55327 0
55433 0
55445 0
55465 0
55478 0
55510 0
55543 0
55565 0
55623 0
55648 0
55682 0
55699 0
55727 0
55796 0
55808 0
55818 0
55866 0
55937 0
55947 0
55989 0
56016 0
56025 0
56096 0
56101 0
56124 0
56144 0
56171 0
56177 0
56277 0
56323 0
56422 0
56424 0
56433 0
56462 0
56472 0
56594 0
56649 0
56654 0
56690 0
56731 0
56774 0
56853 0
56857 0
56890 0
57078 0
57119 0
57342 0
57363 0
57430 0
57465 0
57485 0
57519 0
57533 0
57554 0
57557 0
57563 0
57578 0
57711 0
57714 0
57740 0
57742 0
57820 0
57946 0
57951 0
57959 0
57983 0
58053 0
58081 0
58103 0
58232 0
58252 0
58306 0
58400 0
58441 0
58466 0
58544 0
58638 0
58803 0
58808 0
58817 0
58929 0
58940 0
58964 0
59000 0
59019 0
59070 0
59088 0
59157 0
59286 0
59306 0
59313 0
59436 0
59437 0
59503 0
59566 0
59594 0
59677 0
59702 0
59720 0
59754 0
59759 0
59844 0
59882 0
59917 0
59989 0
60038 0
60178 0
60229 0
60256 0
60266 0
60272 0
60322 0
60335 0
60400 0
60410 0
60442 0
60470 0
60500 0
60510 0
60574 0
60630 0
60653 0
60712 0
60751 0
60758 0
60827 0
60897 0
60921 0
61141 0
61166 0
61200 0
61375 0
61457 0
61483 0
61534 0
61619 0
61846 0
61928 0
61954 0
61982 0
62026 0
62036 0
62102 0
62148 0
62173 0
62271 0
62335 0
62389 0
62438 0
62529 0
62550 0
62639 0
62653 0
62674 0
62830 0
62888 0
62967 0
62978 0
62990 0
63018 0
63081 0
63125 0
63208 0
63253 0
63313 0
63361 0
63408 0
63419 0
63420 0
63421 0
63483 0
63509 0
63540 0
63551 0
63575 0
63675 0
63760 0
63765 0
63873 0
63947 0
63967 0
64001 0
64032 0
64090 0
64097 0
64122 0
64160 0
64166 0
64167 0
64169 0
64251 0
64288 0
64345 0
64364 0
64427 0
64436 0
64438 0
64455 0
64473 0
64485 0
64491 0
64698 0
64716 0
64743 0
64759 0
64781 0
64821 0
64834 0
65022 0
65041 0
65067 0
65192 0
65236 0
65251 0
65274 0
65307 0
65308 0
65325 0
65337 0
65385 0
65410 0
65466 0
65551 0
65592 0
65596 0
65650 0
65669 0
65677 0
65690 0
65744 0
65770 0
65780 0
65822 0
65895 0
65949 0
65956 0
65970 0
66005 0
66009 0
66041 0
66164 0
66190 0
66226 0
66228 0
66297 0
66332 0
66333 0
66450 0
66518 0
66543 0
66593 0
66610 0
66626 0
66636 0
66637 0
66716 0
66765 0
66817 0
66834 0
66851 0
66889 0
66917 0
66939 0
66949 0
67020 0
67106 0
67252 0
67290 0
67344 0
67357 0
67485 0
67529 0
67547 0
67587 0
67687 0
67692 0
67699 0
67720 0
67857 0
67869 0
67907 0
67939 0
68007 0
68073 0
68179 0
68183 0
68184 0
68290 0
68337 0
68456 0
68550 0
68605 0
68607 0
68650 0
68659 0
68694 0
68705 0
68757 0
68815 0
68823 0
68847 0
69049 0
69101 0
69171 0
69217 0
69247 0
69252 0
69333 0
69339 0
69359 0
69379 0
69418 0
69438 0
69467 0
69499 0
69515 0
69523 0
69634 0
69778 0
69786 0
69834 0
69850 0
69875 0
69889 0
69937 0
70018 0
70085 0
70111 0
70114 0
70271 0
70306 0
70392 0
70560 0
70565 0
70593 0
70693 0
70709 0
70780 0
70838 0
70839 0
70843 0
70851 0
70860 0
70863 0
70872 0
70884 0
70947 0
70950 0
71038 0
71053 0
71069 0
71118 0
71123 0
71140 0
71195 0
71213 0
71265 0
71267 0
71329 0
71340 0
71395 0
71407 0
71494 0
71525 0
71526 0
71539 0
71575 0
71673 0
71720 0
71807 0
71881 0
71884 0
71926 0
71954 0
71975 0
72001 0
72049 0
72156 0
72169 0
72181 0
72204 0
72218 0
72220 0
72440 0
72443 0
72472 0
72559 0
72723 0
72812 0
72838 0
72899 0
72989 0
73085 0
73101 0
73113 0
73268 0
73280 0
73361 0
73377 0
73392 0
73555 0
73617 0
73633 0
73646 0
73756 0
73849 0
73925 0
74009 0
74081 0
74087 0
74101 0
74102 0
74169 0
74182 0
74216 0
74357 0
74387 0
74438 0
74452 0
74545 0
74561 0
74751 0
74818 0
74835 0
74975 0
74983 0
75058 0
75142 0
75145 0
75159 0
75220 0
75342 0
75350 0
75383 0
75425 0
75426 0
75431 0
75460 0
75552 0
75565 0
75611 0
75612 0
75640 0
75662 0
75680 0
75728 0
75744 0
75745 0
75862 0
75918 0
75966 0
75984 0
75991 0
76009 0
76047 0
76057 0
76072 0
76117 0
76140 0
76272 0
76404 0
76488 0
76552 0
76635 0
76649 0
76682 0
76696 0
76729 0
76783 0
76882 0
76904 0
77099 0
77110 0
77218 0
77271 0
77618 0
77654 0
77710 0
77716 0
77742 0
77783 0
77825 0
77828 0
77866 0
77900 0
77962 0
77984 0
77990 0
77992 0
78024 0
78049 0
78091 0
78101 0
78105 0
78118 0
78137 0
78220 0
78227 0
78291 0
78552 0
78584 0
78633 0
78720 0
78831 0
78857 0
78919 0
78991 0
79078 0
79126 0
79148 0
79171 0
79287 0
79293 0
79325 0
79450 0
79486 0
79507 0
79515 0
79540 0
79775 0
79782 0
79869 0
79911 0
80002 0
80068 0
80104 0
80110 0
80154 0
80372 0
80374 0
80493 0
80513 0
80544 0
80633 0
80653 0
80678 0
80933 0
80943 0
81142 0
81192 0
81195 0
81313 0
81314 0
81365 0
81408 0
81501 0
81504 0
81512 0
81539 0
81541 0
81565 0
81581 0
81589 0
81602 0
81622 0
81637 0
81681 0
81852 0
81853 0
81942 0
81978 0
82001 0
82128 0
82186 0
82245 0
82280 0
82321 0
82324 0
82503 0
82711 0
82724 0
82804 0
82832 0
82866 0
82916 0
82981 0
83020 0
83049 0
83054 0
83122 0
83242 0
83245 0
83282 0
83417 0
83429 0
83435 0
83555 0
83591 0
83658 0
83723 0
83744 0
83762 0
83805 0
83858 0
83905 0
83976 0
83991 0
84053 0
84088 0
84095 0
84100 0
84150 0
84189 0
84217 0
84246 0
84308 0
84439 0
84462 0
84523 0
84556 0
84570 0
84616 0
84700 0
84831 0
84845 0
84869 0
84924 0
84951 0
84967 0
84972 0
85033 0
85048 0
85057 0
85226 0
85230 0
85251 0
85305 0
85370 0
85520 0
85537 0
85563 0
85646 0
85749 0
85805 0
85822 0
85999 0
86034 0
86053 0
86056 0
86135 0
86193 0
86293 0
86420 0
86512 0
86611 0
86621 0
86678 0
86696 0
86747 0
86756 0
86770 0
86793 0
86851 0
86948 0
86967 0
87041 0
87044 0
87062 0
87095 0
87109 0
87340 0
87389 0
87443 0
87475 0
87606 0
87628 0
87709 0
87840 0
87959 0
88021 0
88067 0
88074 0
88084 0
88107 0
88146 0
88230 0
88256 0
88297 0
88306 0
88366 0
88409 0
88433 0
88448 0
88461 0
88493 0
88684 0
88709 0
88723 0
88780 0
88804 0
88862 0
88943 0
88970 0
89020 0
89089 0
89091 0
89113 0
89194 0
89260 0
89262 0
89371 0
89381 0
89388 0
89392 0
89433 0
89439 0
89458 0
89554 0
89565 0
89721 0
89722 0
89765 0
89811 0
89872 0
89893 0
89899 0
89938 0
90075 0
90103 0
90106 0
90187 0
90191 0
90317 0
90347 0
90396 0
90472 0
90483 0
90502 0
90562 0
90601 0
90618 0
90656 0
90705 0
90722 0
90754 0
90818 0
90891 0
90904 0
90923 0
90925 0
90943 0
90979 0
91052 0
91157 0
91158 0
91218 0
91240 0
91242 0
91252 0
91294 0
91370 0
91417 0
91507 0
91554 0
91615 0
91720 0
91809 0
91878 0
91926 0
91958 0
91981 0
91983 0
92040 0
92171 0
92188 0
92368 0
92613 0
92730 0
92982 0
93029 0
93088 0
93348 0
93381 0
93507 0
93591 0
93599 0
93620 0
93692 0
93706 0
93715 0
93726 0
93751 0
93758 0
93817 0
93838 0
93943 0
94021 0
94069 0
94149 0
94245 0
94276 0
94315 0
94335 0
94385 0
94488 0
94645 0
94664 0
94723 0
94747 0
94756 0
94772 0
94866 0
94894 0
94925 0
94931 0
94932 0
94962 0
95070 0
95115 0
95132 0
95135 0
95148 0
95180 0
95257 0
95283 0
95317 0
95435 0
95534 0
95542 0
95572 0
95693 0
95697 0
95700 0
95737 0
95834 0
95938 0
96041 0
96146 0
96165 0
96180 0
96231 0
96263 0
96344 0
96563 0
96612 0
96618 0
96682 0
96703 0
96718 0
96728 0
96783 0
96913 0
96915 0
96931 0
96970 0
96974 0
97057 0
97174 0
97194 0
97211 0
97222 0
97364 0
97499 0
97647 0
97687 0
97695 0
97777 0
97787 0
97854 0
97864 0
98005 0
98009 0
98035 0
98056 0
98057 0
98089 0
98113 0
98126 0
98212 0
98234 0
98255 0
98276 0
98296 0
98306 0
98332 0
98351 0
98368 0
98374 0
98417 0
98430 0
98508 0
98648 0
98685 0
98713 0
98742 0
98815 0
98824 0
98836 0
98914 0
98921 0
98928 0
98955 0
98969 0
99107 0
99168 0
99194 0
99227 0
99313 0
99346 0
99411 0
99428 0
99444 0
99475 0
99476 0
99495 0
99559 0
99568 0
99578 0
99610 0
99694 0
99720 0
99763 0
99812 0
99846 0
99969 0
