c This is a uniform distributed  1-D DIMACS file 
c width height point_number
p 100000 100000 2048
9 0
17 0
61 0
130 0
202 0
214 0
264 0
303 0
402 0
472 0
632 0
696 0
767 0
779 0
782 0
819 0
844 0
850 0
877 0
886 0
925 0
932 0
935 0
943 0
1027 0
1029 0
1224 0
1233 0
1236 0
1252 0
1260 0
1311 0
1336 0
1427 0
1546 0
1576 0
1646 0
1655 0
1663 0
1910 0
1916 0
1961 0
1987 0
2025 0
2095 0
2206 0
2245 0
2254 0
2256 0
2324 0
2334 0
2375 0
2387 0
2412 0
2446 0
2477 0
2521 0
2713 0
2771 0
2793 0
2831 0
2844 0
2872 0
2921 0
3034 0
3078 0
3091 0
3117 0
3261 0
3270 0
3275 0
3353 0
3358 0
3390 0
3395 0
3556 0
3664 0
3670 0
3723 0
3727 0
3729 0
3734 0
3892 0
3899 0
3926 0
3943 0
3948 0
4024 0
4051 0
4144 0
4212 0
4246 0
4277 0
4470 0
4501 0
4529 0
4540 0
4691 0
4788 0
4860 0
4887 0
5074 0
5144 0
5368 0
5377 0
5394 0
5416 0
5470 0
5476 0
5492 0
5529 0
5677 0
5789 0
5825 0
5829 0
5903 0
5934 0
5944 0
5945 0
5954 0
5991 0
6020 0
6052 0
6230 0
6264 0
6275 0
6315 0
6366 0
6379 0
6398 0
6408 0
6457 0
6474 0
6527 0
6686 0
6702 0
6775 0
6797 0
6802 0
6815 0
6819 0
6866 0
6917 0
6923 0
6942 0
7001 0
7012 0
7088 0
7093 0
7109 0
7160 0
7175 0
7191 0
7232 0
7248 0
7297 0
7304 0
7344 0
7352 0
7353 0
7385 0
7409 0
7428 0
7482 0
7504 0
7678 0
7756 0
7768 0
7892 0
7903 0
7940 0
7964 0
8002 0
8054 0
8060 0
8126 0
8336 0
8418 0
8453 0
8483 0
8497 0
8546 0
8567 0
8595 0
8722 0
8854 0
8900 0
9092 0
9100 0
9160 0
9188 0
9267 0
9429 0
9556 0
9559 0
9604 0
9653 0
9669 0
9714 0
9724 0
9729 0
9836 0
9944 0
9983 0
9984 0
10006 0
10016 0
10027 0
10063 0
10067 0
10155 0
10160 0
10252 0
10459 0
10469 0
10542 0
10577 0
10581 0
10616 0
10660 0
10666 0
10685 0
10822 0
10839 0
10853 0
10866 0
10902 0
10915 0
10937 0
10995 0
10998 0
11055 0
11071 0
11120 0
11138 0
11269 0
11277 0
11313 0
11441 0
11459 0
11497 0
11524 0
11535 0
11585 0
11606 0
11664 0
11745 0
11841 0
11931 0
11971 0
12071 0
12086 0
12185 0
12236 0
12303 0
12333 0
12430 0
12434 0
12459 0
12508 0
12525 0
12585 0
12636 0
12659 0
12680 0
12687 0
12716 0
12725 0
12984 0
13020 0
13022 0
13056 0
13059 0
13072 0
13163 0
13209 0
13279 0
13294 0
13302 0
13315 0
13322 0
13346 0
13347 0
13402 0
13420 0
13520 0
13579 0
13583 0
13596 0
13752 0
13774 0
13838 0
13866 0
13872 0
13880 0
13893 0
13940 0
13947 0
13954 0
14081 0
14097 0
14161 0
14170 0
14201 0
14207 0
14267 0
14278 0
14391 0
14394 0
14440 0
14566 0
14569 0
14640 0
14643 0
14719 0
14747 0
14816 0
14838 0
15031 0
15053 0
15074 0
15127 0
15153 0
15182 0
15210 0
15236 0
15408 0
15427 0
15440 0
15548 0
15572 0
15587 0
15670 0
15684 0
15686 0
15728 0
15734 0
15761 0
15811 0
15837 0
15892 0
15935 0
16025 0
16074 0
16083 0
16130 0
16160 0
16261 0
16275 0
16528 0
16553 0
16554 0
16746 0
16793 0
16866 0
16952 0
16956 0
17092 0
17094 0
17350 0
17353 0
17441 0
17451 0
17472 0
17485 0
17497 0
17557 0
17570 0
17607 0
17676 0
17685 0
17779 0
17808 0
17814 0
17895 0
18173 0
18178 0
18215 0
18242 0
18274 0
18432 0
18631 0
18658 0
18712 0
18777 0
18790 0
18832 0
18846 0
18849 0
18917 0
18919 0
18926 0
18952 0
18987 0
18994 0
19007 0
19027 0
19090 0
19148 0
19258 0
19287 0
19312 0
19378 0
19431 0
19436 0
19439 0
19445 0
19519 0
19525 0
19528 0
19674 0
19691 0
19699 0
19712 0
19794 0
19801 0
19867 0
19877 0
19983 0
20081 0
20100 0
20263 0
20283 0
20328 0
20347 0
20449 0
20491 0
20512 0
20594 0
20613 0
20696 0
20774 0
20791 0
20840 0
20857 0
20900 0
20920 0
20927 0
20937 0
21169 0
21261 0
21357 0
21365 0
21368 0
21397 0
21423 0
21430 0
21600 0
21641 0
21645 0
21686 0
21764 0
21775 0
21781 0
21794 0
21815 0
21854 0
21856 0
21898 0
21907 0
21959 0
22001 0
22058 0
22213 0
22233 0
22243 0
22272 0
22337 0
22345 0
22457 0
22667 0
22692 0
22758 0
22820 0
22830 0
22854 0
22918 0
22927 0
22979 0
23115 0
23263 0
23303 0
23339 0
23403 0
23540 0
23611 0
23737 0
23953 0
24053 0
24167 0
24280 0
24413 0
24427 0
24485 0
24494 0
24635 0
24657 0
24690 0
24714 0
24768 0
24791 0
24849 0
24934 0
24986 0
25022 0
25090 0
25276 0
25332 0
25336 0
25377 0
25416 0
25428 0
25447 0
25563 0
25569 0
25649 0
25736 0
25738 0
25750 0
25777 0
25786 0
25795 0
25812 0
25896 0
25909 0
25946 0
25980 0
26016 0
26036 0
26177 0
26215 0
26255 0
26257 0
26264 0
26306 0
26415 0
26531 0
26546 0
26558 0
26613 0
26630 0
26678 0
26687 0
26692 0
26722 0
26774 0
26777 0
26790 0
26804 0
26837 0
26842 0
27036 0
27050 0
27064 0
27165 0
27185 0
27206 0
27231 0
27508 0
27512 0
27607 0
27627 0
27675 0
27679 0
27707 0
27759 0
27791 0
27899 0
27958 0
28033 0
28048 0
28059 0
28136 0
28140 0
28144 0
28150 0
28188 0
28304 0
28413 0
28455 0
28495 0
28519 0
28632 0
28668 0
28730 0
28740 0
28770 0
28862 0
28897 0
28936 0
28957 0
28965 0
29036 0
29192 0
29196 0
29216 0
29298 0
29341 0
29380 0
29652 0
29695 0
29736 0
29785 0
29839 0
29909 0
29960 0
30026 0
30034 0
30060 0
30080 0
30089 0
30192 0
30243 0
30311 0
30467 0
30508 0
30512 0
30598 0
30637 0
30679 0
30732 0
30811 0
30812 0
30844 0
30885 0
30933 0
30994 0
31132 0
31134 0
31152 0
31276 0
31410 0
31601 0
31656 0
31700 0
31760 0
31799 0
31804 0
31810 0
31908 0
32014 0
32091 0
32111 0
32123 0
32193 0
32252 0
32269 0
32320 0
32364 0
32366 0
32398 0
32404 0
32413 0
32483 0
32576 0
32750 0
32806 0
32827 0
32956 0
32990 0
33051 0
33106 0
33180 0
33186 0
33204 0
33276 0
33288 0
33302 0
33537 0
33621 0
33716 0
33754 0
33782 0
33786 0
33844 0
33861 0
33941 0
33944 0
33951 0
33970 0
33971 0
34025 0
34078 0
34100 0
34176 0
34235 0
34252 0
34288 0
34325 0
34384 0
34463 0
34498 0
34686 0
34849 0
34903 0
34918 0
34967 0
35035 0
35073 0
35139 0
35167 0
35263 0
35343 0
35362 0
35400 0
35503 0
35558 0
35594 0
35597 0
35632 0
35686 0
35710 0
35716 0
35757 0
36000 0
36056 0
36060 0
36083 0
36113 0
36155 0
36196 0
36203 0
36213 0
36226 0
36230 0
36251 0
36329 0
36352 0
36366 0
36368 0
36369 0
36450 0
36578 0
36582 0
36591 0
36597 0
36614 0
36655 0
36664 0
36677 0
36708 0
36810 0
36940 0
36984 0
37033 0
37041 0
37290 0
37307 0
37325 0
37444 0
37561 0
37583 0
37614 0
37629 0
37845 0
37865 0
37971 0
37980 0
37982 0
38067 0
38079 0
38083 0
38161 0
38219 0
38254 0
38268 0
38309 0
38474 0
38508 0
38575 0
38599 0
38608 0
38615 0
38622 0
38727 0
38804 0
38916 0
38919 0
38942 0
38945 0
39078 0
39102 0
39410 0
39414 0
39425 0
39458 0
39509 0
39592 0
39651 0
39779 0
39849 0
39899 0
40134 0
40147 0
40193 0
40205 0
40223 0
40243 0
40318 0
40356 0
40395 0
40488 0
40521 0
40522 0
40625 0
40632 0
40710 0
40742 0
40793 0
40807 0
40811 0
40839 0
40841 0
40998 0
41023 0
41033 0
41059 0
41062 0
41084 0
41092 0
41149 0
41176 0
41313 0
41323 0
41346 0
41403 0
41414 0
41459 0
41466 0
41529 0
41539 0
41545 0
41557 0
41576 0
41641 0
41652 0
41704 0
41807 0
41977 0
41985 0
41986 0
42049 0
42072 0
42087 0
42100 0
42113 0
42190 0
42211 0
42266 0
42456 0
42462 0
42485 0
42494 0
42562 0
42565 0
42578 0
42644 0
42681 0
42692 0
42734 0
42845 0
42882 0
42926 0
42970 0
43225 0
43246 0
43250 0
43303 0
43313 0
43337 0
43408 0
43517 0
43520 0
43529 0
43652 0
43759 0
43768 0
43786 0
43831 0
43857 0
43897 0
43909 0
43915 0
43943 0
43953 0
44080 0
44130 0
44180 0
44228 0
44280 0
44288 0
44389 0
44414 0
44541 0
44617 0
44677 0
44685 0
44789 0
44797 0
44816 0
44955 0
44969 0
45002 0
45112 0
45140 0
45161 0
45167 0
45255 0
45260 0
45290 0
45326 0
45392 0
45398 0
45449 0
45541 0
45547 0
45582 0
45597 0
45612 0
45784 0
45886 0
45887 0
45888 0
45946 0
45978 0
46138 0
46148 0
46177 0
46307 0
46338 0
46399 0
46414 0
46421 0
46502 0
46506 0
46524 0
46558 0
46561 0
46570 0
46654 0
46748 0
46764 0
46819 0
46848 0
46885 0
46900 0
46962 0
47013 0
47050 0
47058 0
47122 0
47198 0
47217 0
47342 0
47417 0
47436 0
47520 0
47530 0
47562 0
47604 0
47788 0
47837 0
47877 0
47895 0
48039 0
48043 0
48102 0
48150 0
48156 0
48161 0
48168 0
48224 0
48232 0
48233 0
48283 0
48332 0
48391 0
48425 0
48496 0
48513 0
48516 0
48557 0
48678 0
48721 0
48732 0
48788 0
48837 0
49028 0
49067 0
49074 0
49114 0
49132 0
49187 0
49214 0
49289 0
49322 0
49359 0
49386 0
49390 0
49408 0
49458 0
49460 0
49482 0
49487 0
49576 0
49691 0
49770 0
49976 0
50099 0
50202 0
50377 0
50446 0
50546 0
50595 0
50619 0
50736 0
50765 0
50795 0
50801 0
50861 0
50985 0
51021 0
51064 0
51153 0
51159 0
51238 0
51364 0
51415 0
51424 0
51440 0
51463 0
51482 0
51552 0
51582 0
51621 0
51749 0
51787 0
51966 0
52060 0
52063 0
52087 0
52127 0
52191 0
52307 0
52344 0
52373 0
52423 0
52425 0
52467 0
52483 0
52498 0
52567 0
52573 0
52633 0
52634 0
52639 0
52727 0
52756 0
52835 0
52863 0
52874 0
52929 0
52932 0
52945 0
52962 0
52970 0
53067 0
53120 0
53131 0
53136 0
53153 0
53155 0
53189 0
53230 0
53247 0
53278 0
53348 0
53458 0
53469 0
53609 0
53627 0
53708 0
53752 0
53782 0
53784 0
53895 0
54032 0
54076 0
54202 0
54250 0
54268 0
54316 0
54406 0
54447 0
54472 0
54540 0
54710 0
54847 0
54868 0
54926 0
54942 0
54949 0
54956 0
54974 0
55005 0
55010 0
55012 0
55091 0
55096 0
55098 0
55125 0
55305 0
55327 0
55382 0
55504 0
55561 0
55592 0
55614 0
55698 0
55765 0
55781 0
55830 0
55833 0
55856 0
55863 0
55953 0
55999 0
56037 0
56134 0
56257 0
56293 0
56296 0
56317 0
56367 0
56423 0
56525 0
56573 0
56575 0
56577 0
56580 0
56615 0
56633 0
56648 0
56754 0
56851 0
56922 0
56987 0
56991 0
57026 0
57077 0
57078 0
57101 0
57256 0
57267 0
57391 0
57398 0
57456 0
57489 0
57511 0
57527 0
57552 0
57597 0
57648 0
57650 0
57767 0
57811 0
57886 0
57890 0
57910 0
58058 0
58107 0
58132 0
58152 0
58163 0
58200 0
58218 0
58232 0
58268 0
58302 0
58332 0
58343 0
58344 0
58476 0
58505 0
58681 0
58683 0
58686 0
58809 0
58858 0
58889 0
58891 0
58957 0
59043 0
59193 0
59220 0
59242 0
59455 0
59670 0
59681 0
59700 0
59808 0
59908 0
59918 0
59944 0
59963 0
60078 0
60093 0
60108 0
60123 0
60159 0
60189 0
60310 0
60312 0
60324 0
60403 0
60486 0
60514 0
60520 0
60546 0
60585 0
60590 0
60628 0
60704 0
60754 0
60772 0
60797 0
60803 0
60823 0
60836 0
60873 0
60981 0
60989 0
61103 0
61109 0
61116 0
61163 0
61200 0
61259 0
61308 0
61324 0
61330 0
61369 0
61378 0
61384 0
61437 0
61519 0
61644 0
61786 0
61823 0
61851 0
61860 0
61952 0
62011 0
62019 0
62025 0
62080 0
62147 0
62155 0
62236 0
62392 0
62453 0
62470 0
62491 0
62561 0
62590 0
62632 0
62657 0
62689 0
62756 0
62782 0
62814 0
62820 0
62836 0
62949 0
62971 0
63012 0
63153 0
63159 0
63198 0
63322 0
63356 0
63406 0
63455 0
63456 0
63481 0
63636 0
63721 0
63806 0
63868 0
63972 0
64016 0
64085 0
64098 0
64108 0
64116 0
64218 0
64231 0
64232 0
64288 0
64532 0
64536 0
64596 0
64639 0
64747 0
64767 0
64781 0
64821 0
64876 0
64928 0
64970 0
64975 0
64995 0
65029 0
65055 0
65137 0
65156 0
65258 0
65411 0
65443 0
65470 0
65566 0
65608 0
65642 0
65684 0
65694 0
65756 0
65921 0
65953 0
66039 0
66063 0
66090 0
66276 0
66335 0
66382 0
66600 0
66749 0
66756 0
66805 0
66907 0
66916 0
67045 0
67053 0
67113 0
67116 0
67129 0
67214 0
67250 0
67271 0
67289 0
67299 0
67356 0
67503 0
67519 0
67590 0
67595 0
67661 0
67674 0
67706 0
67720 0
67759 0
67760 0
67817 0
67864 0
67933 0
67951 0
67954 0
67977 0
67987 0
68070 0
68076 0
68185 0
68219 0
68228 0
68255 0
68432 0
68441 0
68557 0
68619 0
68623 0
68629 0
68646 0
68690 0
68718 0
68747 0
68853 0
68860 0
68994 0
68996 0
69016 0
69033 0
69140 0
69204 0
69261 0
69294 0
69363 0
69629 0
69753 0
69771 0
69920 0
69982 0
70001 0
70005 0
70031 0
70032 0
70117 0
70125 0
70126 0
70127 0
70183 0
70189 0
70212 0
70310 0
70332 0
70346 0
70425 0
70438 0
70462 0
70476 0
70496 0
70518 0
70526 0
70575 0
70630 0
70632 0
70670 0
70695 0
70724 0
70772 0
70953 0
70960 0
70999 0
71008 0
71050 0
71092 0
71125 0
71198 0
71264 0
71328 0
71337 0
71345 0
71408 0
71476 0
71512 0
71701 0
71726 0
71768 0
71833 0
71864 0
72070 0
72145 0
72233 0
72325 0
72401 0
72410 0
72622 0
72678 0
72727 0
72733 0
72750 0
72816 0
72886 0
72974 0
73028 0
73089 0
73246 0
73259 0
73352 0
73366 0
73372 0
73468 0
73617 0
73643 0
73671 0
73712 0
73752 0
73758 0
73783 0
73799 0
73809 0
73935 0
73950 0
73992 0
74069 0
74100 0
74102 0
74179 0
74384 0
74401 0
74446 0
74488 0
74729 0
74793 0
74924 0
74968 0
74983 0
75006 0
75048 0
75102 0
75155 0
75200 0
75212 0
75218 0
75269 0
75290 0
75563 0
75570 0
75613 0
75674 0
75689 0
75760 0
75779 0
75793 0
75804 0
75831 0
75870 0
75889 0
75960 0
75976 0
76028 0
76033 0
76069 0
76091 0
76167 0
76169 0
76221 0
76235 0
76276 0
76315 0
76337 0
76406 0
76407 0
76441 0
76445 0
76506 0
76531 0
76538 0
76698 0
76866 0
76939 0
76951 0
77034 0
77118 0
77141 0
77164 0
77177 0
77214 0
77263 0
77269 0
77274 0
77320 0
77324 0
77340 0
77354 0
77408 0
77444 0
77534 0
77604 0
77618 0
77670 0
77694 0
77700 0
77701 0
77747 0
77814 0
78068 0
78250 0
78292 0
78325 0
78370 0
78372 0
78396 0
78400 0
78410 0
78496 0
78533 0
78564 0
78656 0
78666 0
78672 0
78723 0
78813 0
78848 0
78949 0
79021 0
79144 0
79245 0
79352 0
79391 0
79415 0
79423 0
79430 0
79479 0
79497 0
79594 0
79670 0
79684 0
79761 0
79814 0
79836 0
79927 0
79954 0
80010 0
80098 0
80134 0
80232 0
80272 0
80295 0
80331 0
80362 0
80446 0
80526 0
80541 0
80553 0
80606 0
80644 0
80645 0
80674 0
80696 0
80702 0
80710 0
80722 0
80731 0
80797 0
80807 0
80822 0
80865 0
80877 0
80916 0
81061 0
81111 0
81214 0
81251 0
81273 0
81286 0
81294 0
81317 0
81363 0
81432 0
81572 0
81592 0
81654 0
81682 0
81699 0
81797 0
81885 0
81932 0
82007 0
82015 0
82102 0
82254 0
82258 0
82273 0
82289 0
82372 0
82383 0
82386 0
82402 0
82419 0
82450 0
82455 0
82535 0
82544 0
82581 0
82624 0
82645 0
82649 0
82727 0
82819 0
82853 0
82871 0
83016 0
83065 0
83097 0
83124 0
83159 0
83167 0
83178 0
83225 0
83319 0
83340 0
83354 0
83361 0
83374 0
83379 0
83402 0
83437 0
83441 0
83448 0
83482 0
83508 0
83669 0
83715 0
83766 0
83799 0
83846 0
83857 0
83875 0
83902 0
83956 0
83986 0
84017 0
84135 0
84282 0
84285 0
84380 0
84398 0
84476 0
84487 0
84574 0
84577 0
84663 0
84716 0
84735 0
84772 0
84804 0
84818 0
84863 0
84949 0
84994 0
85024 0
85116 0
85180 0
85181 0
85200 0
85246 0
85254 0
85262 0
85311 0
85359 0
85368 0
85435 0
85457 0
85481 0
85483 0
85536 0
85562 0
85584 0
85609 0
85791 0
85817 0
85870 0
85873 0
85921 0
85957 0
85972 0
85988 0
86011 0
86053 0
86099 0
86108 0
86168 0
86198 0
86243 0
86257 0
86273 0
86287 0
86292 0
86383 0
86440 0
86449 0
86487 0
86589 0
86634 0
86796 0
86861 0
86889 0
86939 0
86978 0
87023 0
87101 0
87214 0
87284 0
87330 0
87411 0
87418 0
87455 0
87456 0
87466 0
87468 0
87481 0
87509 0
87549 0
87593 0
87632 0
87700 0
87758 0
87856 0
87878 0
87904 0
87970 0
87981 0
88010 0
88025 0
88055 0
88102 0
88108 0
88191 0
88193 0
88265 0
88351 0
88366 0
88371 0
88402 0
88485 0
88618 0
88659 0
88771 0
88966 0
88987 0
89034 0
89035 0
89040 0
89043 0
89056 0
89074 0
89184 0
89195 0
89210 0
89329 0
89354 0
89366 0
89463 0
89546 0
89595 0
89622 0
89636 0
89728 0
89942 0
90083 0
90130 0
90151 0
90160 0
90212 0
90347 0
90367 0
90387 0
90419 0
90440 0
90530 0
90571 0
90627 0
90639 0
90749 0
90765 0
90824 0
90937 0
90975 0
91028 0
91081 0
91172 0
91208 0
91351 0
91431 0
91537 0
91580 0
91607 0
91614 0
91625 0
91712 0
91823 0
91835 0
91836 0
91943 0
91999 0
92036 0
92167 0
92179 0
92210 0
92229 0
92231 0
92242 0
92304 0
92351 0
92365 0
92373 0
92434 0
92443 0
92449 0
92453 0
92480 0
92543 0
92559 0
92696 0
92723 0
92813 0
92991 0
93062 0
93163 0
93283 0
93328 0
93334 0
93339 0
93374 0
93405 0
93406 0
93412 0
93424 0
93442 0
93488 0
93530 0
93571 0
93573 0
93584 0
93626 0
93640 0
93773 0
93780 0
93806 0
93914 0
93922 0
93948 0
93987 0
93990 0
94007 0
94052 0
94115 0
94131 0
94195 0
94234 0
94255 0
94300 0
94398 0
94402 0
94414 0
94568 0
94585 0
94633 0
94638 0
94653 0
94683 0
94692 0
94782 0
94848 0
94905 0
94913 0
94991 0
95017 0
95101 0
95103 0
95207 0
95280 0
95313 0
95469 0
95553 0
95606 0
95634 0
95638 0
95699 0
95813 0
95838 0
95891 0
95930 0
96037 0
96064 0
96124 0
96182 0
96187 0
96200 0
96252 0
96278 0
96308 0
96352 0
96408 0
96417 0
96455 0
96480 0
96520 0
96584 0
96607 0
96646 0
96659 0
96684 0
96739 0
96782 0
96906 0
96922 0
96944 0
97141 0
97175 0
97255 0
97272 0
97299 0
97314 0
97390 0
97405 0
97422 0
97438 0
97555 0
97571 0
97593 0
97620 0
97624 0
97634 0
97711 0
97760 0
97791 0
97896 0
97981 0
98064 0
98315 0
98438 0
98493 0
98576 0
98588 0
98678 0
98740 0
98768 0
98801 0
98887 0
98899 0
98960 0
98967 0
99039 0
99062 0
99070 0
99101 0
99118 0
99122 0
99199 0
99219 0
99270 0
99277 0
99293 0
99298 0
99403 0
99431 0
99448 0
99449 0
99471 0
99516 0
99518 0
99529 0
99570 0
99682 0
99688 0
99724 0
99742 0
99854 0
99863 0
99876 0
99880 0
99968 0
99976 0
99981 0
99990 0
99994 0
99997 0
99998 0
