c This is a uniform distributed  1-D DIMACS file 
c width height point_number
p 100000 100000 2048
75 0
181 0
423 0
428 0
475 0
535 0
536 0
579 0
668 0
701 0
702 0
711 0
715 0
760 0
847 0
872 0
985 0
986 0
1035 0
1066 0
1196 0
1224 0
1237 0
1251 0
1292 0
1340 0
1415 0
1450 0
1483 0
1493 0
1570 0
1664 0
1721 0
1736 0
1906 0
1964 0
1978 0
2081 0
2106 0
2144 0
2230 0
2316 0
2488 0
2571 0
2585 0
2614 0
2621 0
2661 0
2861 0
2862 0
2892 0
2969 0
2986 0
3133 0
3142 0
3148 0
3219 0
3237 0
3312 0
3362 0
3395 0
3396 0
3398 0
3535 0
3592 0
3746 0
3792 0
3921 0
3933 0
3952 0
3967 0
4021 0
4048 0
4194 0
4196 0
4227 0
4315 0
4337 0
4375 0
4381 0
4423 0
4500 0
4501 0
4552 0
4561 0
4565 0
4583 0
4695 0
4793 0
4806 0
4827 0
4830 0
4851 0
4921 0
5074 0
5181 0
5233 0
5270 0
5273 0
5294 0
5422 0
5437 0
5510 0
5568 0
5792 0
5809 0
5826 0
5888 0
5914 0
5963 0
5974 0
5988 0
6053 0
6170 0
6172 0
6181 0
6233 0
6240 0
6256 0
6436 0
6475 0
6481 0
6513 0
6514 0
6534 0
6600 0
6609 0
6656 0
6687 0
6717 0
6719 0
6738 0
6804 0
6988 0
7028 0
7031 0
7038 0
7077 0
7114 0
7116 0
7175 0
7271 0
7288 0
7360 0
7412 0
7420 0
7542 0
7546 0
7612 0
7629 0
7699 0
7705 0
7721 0
7752 0
7781 0
7782 0
7784 0
7815 0
7966 0
8002 0
8138 0
8191 0
8353 0
8372 0
8395 0
8405 0
8463 0
8471 0
8478 0
8483 0
8489 0
8553 0
8727 0
8745 0
8771 0
8844 0
8873 0
8876 0
8879 0
8896 0
8905 0
8906 0
8943 0
9016 0
9030 0
9078 0
9164 0
9169 0
9193 0
9234 0
9320 0
9363 0
9394 0
9471 0
9533 0
9546 0
9569 0
9626 0
9651 0
9672 0
9755 0
9836 0
9890 0
9904 0
9949 0
10148 0
10156 0
10221 0
10263 0
10274 0
10427 0
10429 0
10451 0
10463 0
10477 0
10505 0
10612 0
10746 0
10756 0
10793 0
11059 0
11062 0
11171 0
11205 0
11221 0
11241 0
11262 0
11346 0
11457 0
11461 0
11478 0
11509 0
11556 0
11788 0
11910 0
12033 0
12049 0
12050 0
12051 0
12070 0
12074 0
12106 0
12184 0
12194 0
12220 0
12265 0
12278 0
12304 0
12325 0
12341 0
12357 0
12482 0
12521 0
12545 0
12555 0
12687 0
12693 0
12726 0
12783 0
12913 0
12967 0
12974 0
13025 0
13058 0
13101 0
13151 0
13155 0
13180 0
13189 0
13192 0
13215 0
13231 0
13233 0
13340 0
13396 0
13425 0
13566 0
13616 0
13681 0
13948 0
14055 0
14107 0
14235 0
14239 0
14265 0
14320 0
14374 0
14418 0
14511 0
14546 0
14607 0
14625 0
14816 0
14870 0
14949 0
14966 0
15004 0
15006 0
15027 0
15061 0
15175 0
15228 0
15249 0
15250 0
15434 0
15570 0
15606 0
15620 0
15645 0
15667 0
15717 0
15722 0
15828 0
15913 0
16298 0
16330 0
16385 0
16388 0
16391 0
16485 0
16487 0
16516 0
16522 0
16549 0
16618 0
16790 0
16902 0
16910 0
17005 0
17055 0
17233 0
17246 0
17256 0
17351 0
17382 0
17390 0
17391 0
17392 0
17419 0
17440 0
17486 0
17492 0
17508 0
17519 0
17535 0
17577 0
17619 0
17637 0
17801 0
17807 0
17827 0
17874 0
17893 0
17912 0
17914 0
17957 0
17990 0
18007 0
18122 0
18182 0
18198 0
18247 0
18259 0
18283 0
18284 0
18300 0
18316 0
18331 0
18380 0
18397 0
18399 0
18486 0
18527 0
18578 0
18595 0
18621 0
18694 0
18699 0
18924 0
18927 0
19048 0
19060 0
19187 0
19206 0
19241 0
19254 0
19258 0
19274 0
19314 0
19457 0
19495 0
19538 0
19597 0
19624 0
19633 0
19654 0
19716 0
19719 0
19720 0
19842 0
19867 0
19926 0
19943 0
19989 0
20081 0
20132 0
20142 0
20205 0
20219 0
20240 0
20447 0
20504 0
20512 0
20616 0
20636 0
20824 0
20863 0
20935 0
20956 0
20977 0
21058 0
21210 0
21240 0
21274 0
21294 0
21300 0
21366 0
21372 0
21392 0
21422 0
21440 0
21868 0
21935 0
21950 0
21997 0
22052 0
22125 0
22147 0
22167 0
22279 0
22401 0
22410 0
22568 0
22616 0
22740 0
22756 0
22787 0
22904 0
22924 0
22988 0
23167 0
23170 0
23183 0
23262 0
23282 0
23287 0
23359 0
23387 0
23443 0
23497 0
23536 0
23540 0
23545 0
23573 0
23610 0
23651 0
23667 0
23725 0
23759 0
23787 0
23867 0
23886 0
23916 0
23942 0
24067 0
24137 0
24142 0
24152 0
24170 0
24172 0
24227 0
24232 0
24234 0
24338 0
24362 0
24435 0
24491 0
24535 0
24584 0
24590 0
24608 0
24632 0
24639 0
24652 0
24705 0
24837 0
24849 0
24890 0
24944 0
25049 0
25086 0
25165 0
25166 0
25266 0
25358 0
25444 0
25519 0
25596 0
25599 0
25620 0
25727 0
25804 0
25814 0
25818 0
25825 0
25856 0
25864 0
25977 0
26011 0
26056 0
26103 0
26135 0
26137 0
26158 0
26177 0
26197 0
26227 0
26301 0
26334 0
26340 0
26368 0
26401 0
26410 0
26446 0
26500 0
26530 0
26669 0
26705 0
26843 0
26851 0
26953 0
26983 0
26987 0
27007 0
27031 0
27061 0
27109 0
27204 0
27206 0
27210 0
27260 0
27279 0
27309 0
27330 0
27410 0
27456 0
27501 0
27529 0
27546 0
27743 0
27764 0
27850 0
27946 0
28002 0
28004 0
28024 0
28079 0
28230 0
28257 0
28270 0
28298 0
28343 0
28386 0
28391 0
28589 0
28606 0
28625 0
28640 0
28642 0
28655 0
28661 0
28746 0
28819 0
28827 0
28834 0
28854 0
28885 0
28909 0
28937 0
29007 0
29144 0
29224 0
29234 0
29254 0
29335 0
29373 0
29377 0
29416 0
29486 0
29583 0
29589 0
29598 0
29640 0
29646 0
29702 0
29725 0
29729 0
29790 0
29872 0
29904 0
30005 0
30098 0
30099 0
30151 0
30191 0
30218 0
30285 0
30287 0
30499 0
30545 0
30665 0
30681 0
30705 0
30764 0
30773 0
30796 0
30848 0
30936 0
30952 0
31053 0
31081 0
31154 0
31156 0
31184 0
31256 0
31258 0
31324 0
31396 0
31415 0
31417 0
31516 0
31725 0
31744 0
31753 0
31837 0
31862 0
31892 0
31907 0
31930 0
31953 0
31961 0
31999 0
32043 0
32060 0
32068 0
32140 0
32192 0
32294 0
32361 0
32375 0
32427 0
32479 0
32488 0
32695 0
32699 0
32705 0
32730 0
32798 0
32824 0
32896 0
32927 0
32994 0
33078 0
33195 0
33234 0
33335 0
33376 0
33412 0
33486 0
33572 0
33614 0
33622 0
33656 0
33659 0
33711 0
33736 0
33752 0
33818 0
33843 0
33886 0
33901 0
33966 0
34144 0
34187 0
34216 0
34222 0
34434 0
34451 0
34453 0
34466 0
34573 0
34662 0
34706 0
34726 0
34791 0
34813 0
34828 0
34831 0
34862 0
34865 0
34872 0
34878 0
35116 0
35146 0
35359 0
35433 0
35438 0
35461 0
35511 0
35587 0
35662 0
35718 0
35781 0
35783 0
35787 0
35817 0
35834 0
35855 0
36006 0
36087 0
36138 0
36299 0
36320 0
36327 0
36330 0
36406 0
36410 0
36413 0
36421 0
36563 0
36567 0
36645 0
36646 0
36679 0
36716 0
36775 0
36804 0
36844 0
36889 0
37048 0
37050 0
37096 0
37170 0
37252 0
37335 0
37365 0
37423 0
37434 0
37469 0
37528 0
37554 0
37569 0
37626 0
37674 0
37715 0
37725 0
37840 0
37853 0
37879 0
37955 0
37965 0
37995 0
38001 0
38026 0
38079 0
38083 0
38235 0
38298 0
38368 0
38414 0
38456 0
38519 0
38584 0
38615 0
38643 0
38740 0
38813 0
38824 0
38869 0
38879 0
38965 0
38982 0
39026 0
39216 0
39267 0
39361 0
39434 0
39494 0
39569 0
39604 0
39641 0
39677 0
39706 0
39745 0
39837 0
39881 0
39935 0
39939 0
39949 0
39973 0
39979 0
39995 0
40050 0
40117 0
40146 0
40209 0
40241 0
40252 0
40305 0
40323 0
40355 0
40370 0
40379 0
40397 0
40479 0
40498 0
40685 0
40694 0
40717 0
40739 0
40791 0
40807 0
40817 0
40827 0
40861 0
40877 0
40905 0
40910 0
40930 0
40956 0
40971 0
40989 0
41068 0
41333 0
41456 0
41501 0
41529 0
41598 0
41631 0
41744 0
41770 0
41787 0
41828 0
41863 0
41877 0
41887 0
41908 0
41957 0
41970 0
41976 0
41986 0
42003 0
42110 0
42111 0
42118 0
42205 0
42260 0
42431 0
42434 0
42439 0
42440 0
42451 0
42474 0
42480 0
42500 0
42595 0
42617 0
42636 0
42642 0
42680 0
42738 0
42740 0
42817 0
42918 0
42970 0
42976 0
42991 0
43114 0
43129 0
43169 0
43223 0
43256 0
43263 0
43268 0
43363 0
43469 0
43474 0
43477 0
43550 0
43604 0
43822 0
43866 0
43875 0
43920 0
43922 0
44076 0
44227 0
44252 0
44285 0
44295 0
44578 0
44603 0
44647 0
44693 0
44751 0
44839 0
44878 0
44922 0
44946 0
44950 0
45005 0
45016 0
45052 0
45132 0
45141 0
45174 0
45181 0
45191 0
45195 0
45245 0
45329 0
45349 0
45470 0
45473 0
45528 0
45571 0
45587 0
45610 0
45623 0
45724 0
45803 0
45890 0
45927 0
46023 0
46033 0
46055 0
46100 0
46119 0
46157 0
46208 0
46287 0
46396 0
46427 0
46479 0
46497 0
46500 0
46541 0
46563 0
46569 0
46578 0
46597 0
46657 0
46674 0
46706 0
46743 0
46766 0
46869 0
46891 0
46927 0
46945 0
46968 0
47003 0
47045 0
47058 0
47074 0
47091 0
47101 0
47103 0
47163 0
47176 0
47189 0
47244 0
47258 0
47291 0
47295 0
47312 0
47382 0
47535 0
47557 0
47574 0
47599 0
47608 0
47686 0
47724 0
47731 0
47736 0
47835 0
48038 0
48059 0
48081 0
48090 0
48118 0
48127 0
48177 0
48179 0
48216 0
48244 0
48249 0
48450 0
48545 0
48557 0
48651 0
48666 0
48709 0
48735 0
48785 0
48793 0
48827 0
48862 0
48867 0
49035 0
49053 0
49097 0
49118 0
49140 0
49154 0
49250 0
49272 0
49275 0
49291 0
49321 0
49334 0
49378 0
49388 0
49403 0
49404 0
49416 0
49486 0
49503 0
49646 0
49670 0
49751 0
49770 0
49778 0
49824 0
49825 0
49953 0
49988 0
50223 0
50282 0
50345 0
50440 0
50485 0
50511 0
50512 0
50623 0
50712 0
50775 0
50900 0
51006 0
51020 0
51144 0
51150 0
51201 0
51220 0
51221 0
51340 0
51389 0
51483 0
51498 0
51521 0
51539 0
51648 0
51707 0
51801 0
51805 0
51849 0
51865 0
51921 0
51925 0
51936 0
52026 0
52041 0
52071 0
52106 0
52143 0
52146 0
52294 0
52338 0
52553 0
52581 0
52725 0
52741 0
52910 0
52927 0
52995 0
52999 0
53001 0
53018 0
53095 0
53121 0
53207 0
53327 0
53338 0
53342 0
53535 0
53556 0
53618 0
53639 0
53777 0
53874 0
53936 0
53969 0
54010 0
54025 0
54116 0
54131 0
54143 0
54159 0
54188 0
54201 0
54251 0
54333 0
54356 0
54389 0
54400 0
54546 0
54585 0
54602 0
54654 0
54750 0
54774 0
54898 0
54968 0
55066 0
55139 0
55168 0
55171 0
55179 0
55201 0
55236 0
55244 0
55268 0
55367 0
55381 0
55389 0
55410 0
55437 0
55440 0
55471 0
55628 0
55641 0
55669 0
55764 0
55854 0
56064 0
56175 0
56195 0
56227 0
56279 0
56324 0
56348 0
56350 0
56358 0
56419 0
56433 0
56464 0
56557 0
56629 0
56650 0
56749 0
56840 0
56891 0
56894 0
56967 0
56995 0
57029 0
57156 0
57167 0
57217 0
57254 0
57269 0
57283 0
57303 0
57333 0
57373 0
57383 0
57394 0
57408 0
57420 0
57426 0
57429 0
57447 0
57553 0
57563 0
57617 0
57757 0
57831 0
58174 0
58192 0
58269 0
58304 0
58323 0
58332 0
58374 0
58378 0
58398 0
58408 0
58418 0
58476 0
58503 0
58507 0
58509 0
58562 0
58583 0
58646 0
58667 0
58674 0
58840 0
58869 0
58916 0
58979 0
59046 0
59063 0
59179 0
59205 0
59217 0
59378 0
59390 0
59446 0
59447 0
59463 0
59577 0
59597 0
59603 0
59655 0
59665 0
59678 0
59738 0
59774 0
59813 0
59874 0
59971 0
60097 0
60138 0
60298 0
60347 0
60362 0
60481 0
60512 0
60528 0
60545 0
60574 0
60624 0
60657 0
60725 0
60761 0
60768 0
60846 0
60863 0
60904 0
60917 0
60934 0
60936 0
60937 0
61017 0
61025 0
61069 0
61070 0
61073 0
61136 0
61138 0
61264 0
61340 0
61351 0
61443 0
61451 0
61467 0
61522 0
61525 0
61662 0
61679 0
61689 0
61844 0
61863 0
61994 0
62096 0
62117 0
62195 0
62284 0
62285 0
62303 0
62353 0
62394 0
62471 0
62513 0
62547 0
62615 0
62666 0
62809 0
62961 0
63059 0
63157 0
63200 0
63220 0
63404 0
63454 0
63507 0
63568 0
63604 0
63664 0
63729 0
63869 0
64003 0
64029 0
64099 0
64121 0
64223 0
64238 0
64283 0
64427 0
64451 0
64459 0
64474 0
64485 0
64683 0
64842 0
64899 0
64937 0
64945 0
65061 0
65065 0
65100 0
65116 0
65221 0
65278 0
65363 0
65369 0
65399 0
65401 0
65419 0
65487 0
65502 0
65591 0
65594 0
65744 0
65780 0
65781 0
65880 0
65953 0
65966 0
65972 0
65988 0
66025 0
66103 0
66145 0
66166 0
66219 0
66222 0
66310 0
66343 0
66418 0
66476 0
66590 0
66672 0
66674 0
66697 0
66756 0
66862 0
66876 0
67023 0
67073 0
67115 0
67132 0
67202 0
67306 0
67460 0
67462 0
67525 0
67777 0
67835 0
67843 0
67863 0
67893 0
67976 0
68014 0
68128 0
68133 0
68224 0
68416 0
68418 0
68429 0
68445 0
68464 0
68512 0
68537 0
68611 0
68628 0
68679 0
68739 0
68762 0
68807 0
69023 0
69068 0
69195 0
69349 0
69380 0
69472 0
69599 0
69604 0
69640 0
69778 0
69794 0
69892 0
69941 0
69946 0
69967 0
70010 0
70099 0
70107 0
70117 0
70158 0
70189 0
70232 0
70252 0
70363 0
70382 0
70501 0
70569 0
70599 0
70606 0
70619 0
70665 0
70695 0
70786 0
70878 0
71011 0
71075 0
71116 0
71133 0
71241 0
71332 0
71367 0
71383 0
71408 0
71432 0
71540 0
71543 0
71568 0
71596 0
71604 0
71622 0
71629 0
71632 0
71741 0
71783 0
71801 0
71803 0
71856 0
71870 0
71917 0
71991 0
72095 0
72128 0
72153 0
72203 0
72211 0
72215 0
72239 0
72255 0
72405 0
72437 0
72495 0
72524 0
72526 0
72566 0
72577 0
72768 0
72828 0
72833 0
72837 0
72878 0
72900 0
72938 0
72951 0
73033 0
73087 0
73105 0
73138 0
73154 0
73213 0
73297 0
73334 0
73455 0
73499 0
73542 0
73686 0
73703 0
73708 0
73721 0
73723 0
73820 0
74115 0
74181 0
74187 0
74268 0
74467 0
74490 0
74499 0
74541 0
74598 0
74712 0
74885 0
74995 0
75037 0
75068 0
75155 0
75225 0
75276 0
75299 0
75370 0
75378 0
75384 0
75467 0
75470 0
75502 0
75538 0
75564 0
75584 0
75602 0
75607 0
75638 0
75663 0
75698 0
75701 0
75720 0
75748 0
75750 0
75775 0
75790 0
75802 0
75827 0
75841 0
75891 0
75933 0
75935 0
75938 0
75972 0
76002 0
76007 0
76049 0
76062 0
76119 0
76140 0
76174 0
76223 0
76225 0
76257 0
76361 0
76467 0
76479 0
76509 0
76679 0
76698 0
76721 0
76732 0
76898 0
76902 0
76986 0
76990 0
77036 0
77073 0
77135 0
77191 0
77216 0
77217 0
77263 0
77271 0
77278 0
77319 0
77386 0
77403 0
77539 0
77543 0
77565 0
77691 0
77741 0
77745 0
77776 0
77799 0
77832 0
77849 0
77989 0
78168 0
78233 0
78234 0
78266 0
78376 0
78541 0
78567 0
78621 0
78698 0
78769 0
78797 0
78807 0
78889 0
78963 0
78970 0
79038 0
79063 0
79076 0
79188 0
79207 0
79238 0
79249 0
79264 0
79273 0
79279 0
79364 0
79378 0
79387 0
79399 0
79409 0
79417 0
79586 0
79733 0
79846 0
79865 0
80014 0
80128 0
80154 0
80168 0
80205 0
80239 0
80268 0
80286 0
80452 0
80555 0
80647 0
80708 0
80742 0
80805 0
80837 0
80896 0
80915 0
80953 0
81010 0
81058 0
81088 0
81106 0
81195 0
81256 0
81283 0
81294 0
81316 0
81341 0
81375 0
81393 0
81511 0
81557 0
81579 0
81652 0
81748 0
81809 0
81980 0
81998 0
81999 0
82031 0
82056 0
82068 0
82130 0
82143 0
82148 0
82186 0
82195 0
82205 0
82228 0
82296 0
82435 0
82448 0
82511 0
82626 0
82798 0
82813 0
82890 0
82994 0
82996 0
83274 0
83323 0
83335 0
83404 0
83454 0
83483 0
83554 0
83574 0
83597 0
83603 0
83649 0
83693 0
83907 0
83924 0
84122 0
84438 0
84443 0
84457 0
84574 0
84636 0
84648 0
84665 0
84833 0
84896 0
84927 0
84934 0
84988 0
85063 0
85066 0
85084 0
85088 0
85107 0
85146 0
85150 0
85195 0
85291 0
85327 0
85336 0
85347 0
85368 0
85393 0
85452 0
85454 0
85456 0
85710 0
85711 0
85730 0
85731 0
85763 0
85856 0
85881 0
85957 0
86036 0
86064 0
86105 0
86128 0
86176 0
86183 0
86187 0
86199 0
86210 0
86219 0
86259 0
86272 0
86286 0
86297 0
86344 0
86427 0
86432 0
86520 0
86638 0
86643 0
86661 0
86677 0
86765 0
86801 0
86830 0
86895 0
86928 0
86952 0
87003 0
87057 0
87128 0
87131 0
87136 0
87138 0
87176 0
87190 0
87205 0
87278 0
87359 0
87382 0
87446 0
87450 0
87540 0
87660 0
87847 0
87852 0
87874 0
87928 0
87932 0
87943 0
88031 0
88108 0
88110 0
88133 0
88155 0
88160 0
88170 0
88188 0
88222 0
88223 0
88300 0
88306 0
88324 0
88378 0
88422 0
88427 0
88478 0
88605 0
88757 0
88787 0
88802 0
88849 0
88900 0
88912 0
88923 0
88938 0
88955 0
89011 0
89024 0
89030 0
89053 0
89110 0
89215 0
89219 0
89274 0
89282 0
89306 0
89376 0
89435 0
89466 0
89511 0
89548 0
89557 0
89626 0
89660 0
89687 0
89796 0
89874 0
89910 0
90007 0
90012 0
90292 0
90310 0
90391 0
90453 0
90483 0
90527 0
90530 0
90532 0
90665 0
90674 0
90763 0
90833 0
90857 0
90973 0
90981 0
91004 0
91059 0
91082 0
91085 0
91122 0
91132 0
91335 0
91430 0
91480 0
91511 0
91568 0
91703 0
91734 0
91752 0
91819 0
91853 0
91865 0
91866 0
91874 0
91940 0
92013 0
92105 0
92121 0
92228 0
92269 0
92333 0
92352 0
92411 0
92474 0
92486 0
92504 0
92567 0
92580 0
92611 0
92819 0
92877 0
92881 0
92894 0
92899 0
92905 0
92920 0
92967 0
92970 0
93006 0
93040 0
93069 0
93115 0
93192 0
93344 0
93420 0
93505 0
93534 0
93564 0
93604 0
93624 0
93665 0
93715 0
93783 0
93801 0
93813 0
93840 0
93884 0
93911 0
94104 0
94113 0
94132 0
94284 0
94320 0
94329 0
94336 0
94371 0
94404 0
94410 0
94424 0
94434 0
94453 0
94502 0
94529 0
94571 0
94576 0
94645 0
94647 0
94693 0
94804 0
94885 0
94898 0
94906 0
95026 0
95057 0
95058 0
95104 0
95131 0
95159 0
95326 0
95349 0
95382 0
95383 0
95484 0
95494 0
95501 0
95586 0
95759 0
95780 0
95853 0
96041 0
96105 0
96176 0
96280 0
96359 0
96364 0
96381 0
96387 0
96407 0
96447 0
96465 0
96521 0
96561 0
96591 0
96612 0
96740 0
96776 0
96810 0
96886 0
97043 0
97068 0
97155 0
97213 0
97246 0
97329 0
97398 0
97424 0
97565 0
97594 0
97663 0
97677 0
97745 0
97823 0
97829 0
97912 0
97942 0
97962 0
97964 0
98025 0
98027 0
98043 0
98166 0
98365 0
98376 0
98455 0
98536 0
98573 0
98589 0
98610 0
98659 0
98662 0
98694 0
98704 0
98836 0
98851 0
98868 0
98926 0
98953 0
98957 0
98986 0
98999 0
99011 0
99028 0
99045 0
99047 0
99083 0
99120 0
99199 0
99222 0
99385 0
99412 0
99419 0
99459 0
99468 0
99487 0
99538 0
99579 0
99606 0
99714 0
99732 0
99826 0
99841 0
99863 0
99870 0
99912 0
99948 0
99956 0
99972 0
99977 0
