c This is a uniform distributed  1-D DIMACS file 
c width height point_number
p 100000 100000 2048
9 0
25 0
33 0
77 0
112 0
167 0
219 0
235 0
454 0
661 0
673 0
691 0
740 0
761 0
772 0
775 0
793 0
957 0
1049 0
1161 0
1271 0
1419 0
1506 0
1587 0
1596 0
1677 0
1706 0
1907 0
1929 0
2045 0
2071 0
2180 0
2358 0
2393 0
2395 0
2422 0
2454 0
2487 0
2510 0
2573 0
2632 0
2689 0
2715 0
2738 0
2827 0
2875 0
2944 0
2967 0
2983 0
3053 0
3091 0
3115 0
3190 0
3246 0
3343 0
3375 0
3384 0
3426 0
3442 0
3508 0
3593 0
3645 0
3654 0
3680 0
3772 0
3898 0
4112 0
4140 0
4222 0
4357 0
4388 0
4392 0
4537 0
4580 0
4706 0
4719 0
4728 0
4758 0
4834 0
4976 0
4999 0
5034 0
5128 0
5143 0
5145 0
5190 0
5194 0
5257 0
5262 0
5270 0
5271 0
5300 0
5355 0
5379 0
5441 0
5461 0
5518 0
5571 0
5577 0
5705 0
5712 0
5813 0
5945 0
5994 0
6014 0
6018 0
6051 0
6093 0
6286 0
6317 0
6395 0
6451 0
6459 0
6523 0
6555 0
6556 0
6562 0
6605 0
6619 0
6666 0
6703 0
6778 0
6864 0
6926 0
6958 0
6997 0
7129 0
7192 0
7413 0
7441 0
7447 0
7488 0
7599 0
7671 0
7678 0
7685 0
7713 0
7845 0
7986 0
7991 0
8029 0
8036 0
8044 0
8057 0
8072 0
8171 0
8196 0
8210 0
8248 0
8363 0
8424 0
8451 0
8560 0
8603 0
8638 0
8703 0
8705 0
8778 0
8820 0
8892 0
8918 0
8961 0
8977 0
9101 0
9154 0
9396 0
9432 0
9542 0
9561 0
9580 0
9646 0
9801 0
9828 0
9880 0
9909 0
9950 0
10045 0
10139 0
10152 0
10196 0
10258 0
10342 0
10353 0
10394 0
10408 0
10508 0
10567 0
10575 0
10590 0
10608 0
10677 0
10680 0
10724 0
10729 0
10750 0
10755 0
10758 0
10847 0
10914 0
11048 0
11054 0
11198 0
11278 0
11313 0
11318 0
11440 0
11446 0
11477 0
11501 0
11571 0
11633 0
11673 0
11697 0
11748 0
11778 0
11820 0
11825 0
11863 0
11890 0
11913 0
11946 0
12053 0
12118 0
12121 0
12169 0
12227 0
12250 0
12255 0
12467 0
12473 0
12535 0
12566 0
12621 0
12758 0
12780 0
12804 0
12857 0
12879 0
12893 0
12925 0
12949 0
12954 0
12981 0
13016 0
13062 0
13074 0
13096 0
13132 0
13188 0
13225 0
13292 0
13535 0
13539 0
13550 0
13589 0
13727 0
13834 0
13914 0
13928 0
13952 0
13953 0
13961 0
13964 0
14004 0
14039 0
14051 0
14204 0
14247 0
14295 0
14311 0
14327 0
14427 0
14430 0
14441 0
14446 0
14485 0
14577 0
14597 0
14619 0
14628 0
14636 0
14743 0
14777 0
14833 0
14855 0
14896 0
14898 0
14961 0
14968 0
14984 0
15072 0
15139 0
15268 0
15300 0
15397 0
15445 0
15477 0
15494 0
15501 0
15506 0
15559 0
15666 0
15668 0
15736 0
15749 0
15890 0
15906 0
15915 0
15928 0
16072 0
16108 0
16126 0
16152 0
16153 0
16194 0
16242 0
16249 0
16299 0
16321 0
16375 0
16535 0
16594 0
16620 0
16664 0
16685 0
16710 0
16809 0
17117 0
17164 0
17182 0
17207 0
17210 0
17308 0
17367 0
17412 0
17433 0
17655 0
17741 0
17752 0
17810 0
17911 0
17949 0
17976 0
18000 0
18030 0
18051 0
18053 0
18074 0
18110 0
18168 0
18186 0
18209 0
18340 0
18386 0
18391 0
18409 0
18553 0
18563 0
18584 0
18599 0
18639 0
18699 0
18703 0
18764 0
18771 0
18853 0
18896 0
18967 0
18995 0
19099 0
19186 0
19199 0
19223 0
19228 0
19260 0
19280 0
19386 0
19399 0
19402 0
19442 0
19499 0
19517 0
19577 0
19589 0
19825 0
19836 0
19949 0
20022 0
20040 0
20064 0
20068 0
20087 0
20117 0
20226 0
20272 0
20344 0
20376 0
20419 0
20424 0
20501 0
20542 0
20646 0
20771 0
20815 0
20882 0
20959 0
20967 0
20993 0
21059 0
21226 0
21240 0
21293 0
21327 0
21365 0
21372 0
21412 0
21551 0
21604 0
21691 0
21837 0
21839 0
21883 0
21935 0
21982 0
21984 0
21993 0
22010 0
22072 0
22111 0
22151 0
22182 0
22253 0
22265 0
22291 0
22408 0
22439 0
22477 0
22485 0
22526 0
22590 0
22630 0
22637 0
22667 0
22706 0
22803 0
23085 0
23191 0
23197 0
23262 0
23270 0
23327 0
23341 0
23356 0
23420 0
23437 0
23526 0
23538 0
23633 0
23773 0
23783 0
23792 0
23842 0
23846 0
23853 0
23866 0
23890 0
23891 0
23906 0
23962 0
23963 0
24013 0
24047 0
24054 0
24077 0
24156 0
24227 0
24240 0
24257 0
24390 0
24402 0
24406 0
24429 0
24477 0
24533 0
24567 0
24691 0
24711 0
24852 0
24911 0
24919 0
24947 0
24960 0
24965 0
24974 0
25036 0
25077 0
25107 0
25145 0
25283 0
25317 0
25377 0
25411 0
25444 0
25563 0
25645 0
25647 0
25821 0
25863 0
25868 0
26055 0
26100 0
26135 0
26177 0
26203 0
26252 0
26289 0
26307 0
26309 0
26362 0
26456 0
26476 0
26505 0
26554 0
26629 0
26718 0
26781 0
26816 0
26825 0
26830 0
26857 0
26904 0
26969 0
26988 0
26998 0
27018 0
27108 0
27147 0
27160 0
27207 0
27264 0
27345 0
27359 0
27409 0
27456 0
27473 0
27596 0
27615 0
27665 0
27705 0
27871 0
27898 0
27982 0
28089 0
28092 0
28148 0
28152 0
28200 0
28213 0
28219 0
28235 0
28337 0
28341 0
28375 0
28403 0
28514 0
28516 0
28549 0
28556 0
28595 0
28765 0
28803 0
28807 0
28823 0
28836 0
28922 0
28927 0
28981 0
29018 0
29035 0
29037 0
29143 0
29219 0
29256 0
29269 0
29351 0
29440 0
29446 0
29460 0
29473 0
29492 0
29540 0
29582 0
29654 0
29687 0
29710 0
29773 0
30019 0
30074 0
30096 0
30120 0
30200 0
30458 0
30470 0
30510 0
30544 0
30569 0
30606 0
30620 0
30628 0
30690 0
30734 0
30739 0
30835 0
30846 0
30868 0
30983 0
31021 0
31033 0
31059 0
31071 0
31149 0
31221 0
31348 0
31401 0
31503 0
31562 0
31578 0
31691 0
31694 0
31740 0
31743 0
31799 0
31924 0
32005 0
32018 0
32139 0
32186 0
32290 0
32313 0
32314 0
32368 0
32374 0
32429 0
32490 0
32502 0
32531 0
32534 0
32559 0
32588 0
32635 0
32676 0
32708 0
32728 0
32790 0
32801 0
32803 0
32863 0
32951 0
33065 0
33089 0
33238 0
33255 0
33309 0
33539 0
33681 0
33703 0
33774 0
33796 0
33864 0
33916 0
33954 0
34014 0
34118 0
34126 0
34212 0
34236 0
34284 0
34289 0
34313 0
34347 0
34408 0
34509 0
34511 0
34535 0
34542 0
34571 0
34576 0
34581 0
34624 0
34626 0
34648 0
34661 0
34767 0
34771 0
34788 0
34809 0
34861 0
34905 0
34929 0
35007 0
35078 0
35146 0
35151 0
35252 0
35265 0
35299 0
35354 0
35496 0
35582 0
35609 0
35631 0
35668 0
35700 0
35893 0
35956 0
35991 0
36006 0
36008 0
36021 0
36043 0
36070 0
36074 0
36105 0
36107 0
36114 0
36165 0
36171 0
36336 0
36408 0
36523 0
36600 0
36677 0
36700 0
36751 0
36793 0
36863 0
36873 0
36882 0
37042 0
37067 0
37076 0
37082 0
37145 0
37155 0
37183 0
37196 0
37229 0
37260 0
37339 0
37575 0
37581 0
37584 0
37651 0
37711 0
37756 0
37822 0
37975 0
37978 0
38023 0
38152 0
38166 0
38231 0
38235 0
38378 0
38424 0
38493 0
38500 0
38517 0
38537 0
38672 0
38697 0
38857 0
38898 0
38994 0
39042 0
39059 0
39125 0
39136 0
39156 0
39157 0
39245 0
39282 0
39292 0
39321 0
39337 0
39382 0
39412 0
39416 0
39509 0
39577 0
39620 0
39628 0
39640 0
39675 0
39712 0
39826 0
39866 0
39868 0
39886 0
39931 0
40003 0
40012 0
40029 0
40030 0
40066 0
40129 0
40212 0
40364 0
40433 0
40473 0
40493 0
40500 0
40537 0
40553 0
40610 0
40613 0
40657 0
40694 0
40819 0
40910 0
40922 0
40968 0
40987 0
41016 0
41113 0
41240 0
41263 0
41346 0
41377 0
41399 0
41413 0
41433 0
41453 0
41459 0
41473 0
41491 0
41566 0
41623 0
41704 0
41751 0
41776 0
41873 0
41929 0
41949 0
41989 0
41999 0
42017 0
42203 0
42314 0
42487 0
42576 0
42640 0
42723 0
42728 0
42826 0
42863 0
42901 0
42992 0
43063 0
43218 0
43230 0
43292 0
43314 0
43345 0
43353 0
43394 0
43428 0
43433 0
43447 0
43483 0
43485 0
43672 0
43712 0
43769 0
43773 0
43798 0
43836 0
43895 0
44046 0
44047 0
44078 0
44114 0
44121 0
44163 0
44188 0
44191 0
44339 0
44376 0
44378 0
44396 0
44410 0
44448 0
44456 0
44463 0
44535 0
44553 0
44586 0
44620 0
44699 0
44827 0
44842 0
44912 0
45016 0
45157 0
45195 0
45243 0
45248 0
45263 0
45406 0
45452 0
45467 0
45552 0
45601 0
45690 0
45730 0
45906 0
45916 0
46077 0
46171 0
46366 0
46435 0
46444 0
46497 0
46539 0
46540 0
46552 0
46578 0
46709 0
46730 0
46755 0
46822 0
46826 0
46897 0
46903 0
46937 0
46977 0
47019 0
47046 0
47130 0
47134 0
47148 0
47250 0
47276 0
47308 0
47357 0
47378 0
47387 0
47434 0
47466 0
47497 0
47530 0
47581 0
47601 0
47624 0
47661 0
47679 0
47823 0
48173 0
48230 0
48255 0
48277 0
48384 0
48431 0
48542 0
48558 0
48672 0
48815 0
48908 0
48933 0
48966 0
48972 0
48989 0
49006 0
49011 0
49046 0
49062 0
49088 0
49150 0
49173 0
49200 0
49201 0
49226 0
49250 0
49260 0
49293 0
49312 0
49335 0
49361 0
49388 0
49394 0
49466 0
49473 0
49572 0
49640 0
49653 0
49709 0
49762 0
49835 0
49869 0
49885 0
49947 0
50013 0
50073 0
50300 0
50361 0
50415 0
50435 0
50526 0
50528 0
50529 0
50563 0
50674 0
50701 0
50704 0
50705 0
50781 0
50877 0
50918 0
51051 0
51070 0
51178 0
51191 0
51284 0
51293 0
51300 0
51307 0
51378 0
51428 0
51510 0
51535 0
51646 0
51663 0
51817 0
51942 0
51980 0
52083 0
52090 0
52106 0
52289 0
52294 0
52305 0
52309 0
52410 0
52414 0
52447 0
52455 0
52538 0
52578 0
52604 0
52735 0
52751 0
52805 0
52842 0
53026 0
53066 0
53099 0
53186 0
53191 0
53192 0
53327 0
53588 0
53785 0
53797 0
53858 0
53909 0
53938 0
54047 0
54048 0
54068 0
54140 0
54164 0
54167 0
54178 0
54349 0
54369 0
54383 0
54444 0
54455 0
54474 0
54506 0
54523 0
54567 0
54704 0
54744 0
54869 0
54879 0
54901 0
55003 0
55013 0
55073 0
55222 0
55226 0
55338 0
55379 0
55574 0
55641 0
55644 0
55823 0
55853 0
55859 0
55869 0
55906 0
55919 0
55950 0
55962 0
56122 0
56137 0
56171 0
56256 0
56261 0
56265 0
56351 0
56367 0
56390 0
56544 0
56610 0
56640 0
56687 0
56768 0
56830 0
56920 0
56933 0
56938 0
56949 0
56981 0
57001 0
57026 0
57078 0
57121 0
57142 0
57196 0
57199 0
57290 0
57302 0
57348 0
57386 0
57405 0
57441 0
57446 0
57509 0
57562 0
57639 0
57681 0
57756 0
57757 0
57764 0
57823 0
57840 0
57918 0
57975 0
57978 0
58017 0
58047 0
58055 0
58191 0
58263 0
58274 0
58353 0
58387 0
58413 0
58430 0
58517 0
58572 0
58579 0
58595 0
58698 0
58752 0
58774 0
58808 0
58880 0
58898 0
58912 0
58917 0
58920 0
58931 0
59031 0
59032 0
59079 0
59094 0
59112 0
59146 0
59174 0
59229 0
59343 0
59358 0
59409 0
59448 0
59459 0
59516 0
59587 0
59629 0
59635 0
59639 0
59645 0
59721 0
59769 0
59792 0
59798 0
59800 0
59808 0
59853 0
59930 0
59986 0
60025 0
60028 0
60105 0
60123 0
60272 0
60286 0
60332 0
60350 0
60357 0
60377 0
60470 0
60477 0
60494 0
60516 0
60523 0
60712 0
60718 0
60728 0
60791 0
60946 0
60963 0
60972 0
60997 0
61053 0
61078 0
61085 0
61086 0
61171 0
61221 0
61223 0
61230 0
61266 0
61302 0
61418 0
61446 0
61467 0
61546 0
61653 0
61664 0
61670 0
61696 0
61744 0
61788 0
61823 0
61872 0
61878 0
62057 0
62158 0
62167 0
62186 0
62201 0
62219 0
62349 0
62373 0
62457 0
62496 0
62533 0
62550 0
62570 0
62651 0
62903 0
62982 0
62986 0
63055 0
63093 0
63097 0
63111 0
63200 0
63350 0
63356 0
63405 0
63472 0
63518 0
63530 0
63586 0
63623 0
63651 0
63816 0
63855 0
63914 0
64118 0
64213 0
64215 0
64239 0
64356 0
64398 0
64456 0
64498 0
64513 0
64605 0
64700 0
64717 0
64772 0
64812 0
64857 0
64912 0
64957 0
65007 0
65048 0
65059 0
65065 0
65068 0
65081 0
65108 0
65127 0
65273 0
65274 0
65304 0
65309 0
65310 0
65363 0
65433 0
65446 0
65489 0
65531 0
65650 0
65711 0
65790 0
65801 0
65850 0
65945 0
66033 0
66064 0
66105 0
66117 0
66180 0
66192 0
66196 0
66220 0
66255 0
66329 0
66344 0
66457 0
66555 0
66572 0
66639 0
66646 0
66682 0
66708 0
66728 0
66770 0
66781 0
66800 0
66854 0
66862 0
66958 0
67004 0
67020 0
67042 0
67093 0
67132 0
67345 0
67392 0
67398 0
67484 0
67531 0
67578 0
67658 0
67659 0
67727 0
67756 0
67817 0
67839 0
67865 0
67926 0
67985 0
68012 0
68016 0
68052 0
68070 0
68139 0
68281 0
68329 0
68348 0
68368 0
68387 0
68444 0
68468 0
68671 0
68684 0
68722 0
68752 0
68783 0
68874 0
68926 0
68963 0
68996 0
69074 0
69098 0
69119 0
69359 0
69435 0
69449 0
69452 0
69466 0
69467 0
69478 0
69487 0
69490 0
69572 0
69585 0
69589 0
69611 0
69651 0
69688 0
69733 0
69743 0
69803 0
69890 0
69950 0
69953 0
69983 0
70035 0
70044 0
70098 0
70109 0
70123 0
70145 0
70223 0
70265 0
70307 0
70347 0
70375 0
70377 0
70378 0
70379 0
70458 0
70472 0
70575 0
70649 0
70657 0
70658 0
70725 0
70738 0
70744 0
70778 0
70792 0
70822 0
70955 0
70991 0
71087 0
71123 0
71140 0
71222 0
71285 0
71371 0
71403 0
71452 0
71591 0
71622 0
71631 0
71643 0
71765 0
71787 0
71932 0
72042 0
72188 0
72194 0
72200 0
72211 0
72260 0
72329 0
72389 0
72463 0
72482 0
72541 0
72669 0
72737 0
72775 0
72972 0
73006 0
73051 0
73093 0
73237 0
73319 0
73376 0
73437 0
73474 0
73522 0
73564 0
73637 0
73661 0
73685 0
73695 0
73704 0
73725 0
73780 0
73867 0
73871 0
73893 0
74300 0
74334 0
74348 0
74351 0
74384 0
74401 0
74408 0
74454 0
74588 0
74606 0
74640 0
74669 0
74732 0
74849 0
74910 0
75025 0
75038 0
75042 0
75082 0
75116 0
75130 0
75158 0
75170 0
75237 0
75323 0
75342 0
75347 0
75433 0
75458 0
75462 0
75481 0
75489 0
75582 0
75610 0
75620 0
75791 0
75806 0
75815 0
75863 0
75900 0
75936 0
76062 0
76127 0
76138 0
76173 0
76184 0
76187 0
76253 0
76264 0
76267 0
76370 0
76378 0
76447 0
76541 0
76544 0
76659 0
76670 0
76714 0
76750 0
76764 0
76778 0
76871 0
76875 0
76898 0
76912 0
76926 0
77024 0
77035 0
77072 0
77088 0
77107 0
77151 0
77247 0
77256 0
77265 0
77286 0
77373 0
77416 0
77421 0
77428 0
77447 0
77606 0
77640 0
77641 0
77667 0
77669 0
77673 0
77706 0
77713 0
77723 0
77761 0
77797 0
77816 0
77865 0
77956 0
77972 0
78017 0
78055 0
78087 0
78116 0
78126 0
78147 0
78195 0
78283 0
78332 0
78373 0
78464 0
78495 0
78591 0
78808 0
78814 0
78836 0
78901 0
79049 0
79051 0
79057 0
79088 0
79103 0
79105 0
79126 0
79166 0
79272 0
79274 0
79304 0
79503 0
79522 0
79526 0
79539 0
79547 0
79569 0
79675 0
79689 0
79869 0
79881 0
79905 0
79916 0
79930 0
80074 0
80085 0
80219 0
80280 0
80285 0
80288 0
80361 0
80437 0
80465 0
80510 0
80517 0
80530 0
80544 0
80582 0
80744 0
80749 0
80814 0
80834 0
80838 0
81000 0
81019 0
81159 0
81238 0
81325 0
81355 0
81384 0
81409 0
81640 0
81693 0
81788 0
81820 0
81899 0
81913 0
81965 0
81990 0
82021 0
82104 0
82130 0
82155 0
82239 0
82253 0
82274 0
82277 0
82291 0
82330 0
82400 0
82483 0
82566 0
82727 0
82903 0
82906 0
82912 0
83029 0
83033 0
83084 0
83150 0
83185 0
83233 0
83313 0
83355 0
83412 0
83547 0
83554 0
83574 0
83581 0
83617 0
83626 0
83628 0
83682 0
83764 0
83803 0
83868 0
83898 0
83930 0
83957 0
83968 0
84004 0
84048 0
84219 0
84254 0
84256 0
84402 0
84442 0
84553 0
84563 0
84564 0
84580 0
84697 0
84724 0
84815 0
84946 0
84947 0
84950 0
84968 0
85009 0
85021 0
85115 0
85125 0
85254 0
85305 0
85340 0
85433 0
85460 0
85544 0
85596 0
85598 0
85611 0
85660 0
85737 0
85744 0
85800 0
85805 0
85806 0
85817 0
85837 0
85906 0
85975 0
86016 0
86071 0
86110 0
86178 0
86189 0
86266 0
86276 0
86370 0
86400 0
86405 0
86445 0
86468 0
86481 0
86521 0
86525 0
86540 0
86541 0
86655 0
86800 0
86862 0
86924 0
86928 0
86981 0
87010 0
87132 0
87263 0
87361 0
87425 0
87474 0
87519 0
87546 0
87602 0
87612 0
87657 0
87668 0
87676 0
87698 0
87703 0
87778 0
87806 0
87867 0
87887 0
88105 0
88133 0
88156 0
88161 0
88283 0
88327 0
88442 0
88452 0
88580 0
88594 0
88612 0
88693 0
88767 0
88899 0
88905 0
88906 0
89013 0
89064 0
89087 0
89102 0
89195 0
89219 0
89232 0
89302 0
89303 0
89345 0
89373 0
89481 0
89509 0
89517 0
89579 0
89624 0
89628 0
89650 0
89779 0
89803 0
89922 0
90022 0
90053 0
90070 0
90134 0
90183 0
90239 0
90241 0
90256 0
90269 0
90306 0
90322 0
90329 0
90434 0
90443 0
90453 0
90483 0
90518 0
90650 0
90667 0
90683 0
90825 0
90950 0
90955 0
91025 0
91044 0
91149 0
91187 0
91230 0
91252 0
91298 0
91307 0
91337 0
91393 0
91474 0
91506 0
91708 0
91767 0
91926 0
91932 0
92001 0
92040 0
92055 0
92056 0
92089 0
92169 0
92199 0
92238 0
92317 0
92354 0
92446 0
92479 0
92480 0
92551 0
92570 0
92573 0
92595 0
92610 0
92649 0
92751 0
92777 0
92793 0
92953 0
92979 0
92984 0
92999 0
93009 0
93062 0
93073 0
93149 0
93233 0
93246 0
93360 0
93461 0
93513 0
93524 0
93528 0
93559 0
93708 0
93710 0
93810 0
93847 0
93864 0
93881 0
93925 0
93958 0
93971 0
93978 0
94010 0
94112 0
94163 0
94267 0
94422 0
94555 0
94585 0
94617 0
94621 0
94632 0
94777 0
94838 0
94858 0
94966 0
94987 0
95026 0
95053 0
95142 0
95175 0
95209 0
95215 0
95348 0
95389 0
95439 0
95470 0
95481 0
95515 0
95562 0
95624 0
95676 0
95723 0
95812 0
95876 0
96002 0
96041 0
96116 0
96118 0
96123 0
96132 0
96154 0
96198 0
96221 0
96230 0
96249 0
96301 0
96327 0
96328 0
96339 0
96347 0
96368 0
96386 0
96427 0
96439 0
96551 0
96670 0
96731 0
96754 0
96778 0
96808 0
96817 0
96849 0
96917 0
96924 0
96937 0
96962 0
96981 0
96997 0
97107 0
97113 0
97128 0
97150 0
97155 0
97216 0
97248 0
97308 0
97309 0
97430 0
97457 0
97468 0
97485 0
97487 0
97507 0
97524 0
97592 0
97621 0
97624 0
97652 0
97665 0
97720 0
97812 0
97815 0
97845 0
97997 0
98012 0
98065 0
98104 0
98223 0
98258 0
98276 0
98280 0
98308 0
98367 0
98371 0
98482 0
98536 0
98594 0
98654 0
98666 0
98806 0
98869 0
98911 0
98920 0
98923 0
98928 0
99069 0
99081 0
99103 0
99113 0
99124 0
99169 0
99312 0
99362 0
99386 0
99402 0
99451 0
99484 0
99533 0
99538 0
99544 0
99605 0
99615 0
99684 0
99692 0
99711 0
99984 0
