c This is a uniform distributed  1-D DIMACS file 
c width height point_number
p 100000 100000 2048
7 0
95 0
122 0
237 0
320 0
379 0
521 0
552 0
557 0
576 0
635 0
642 0
645 0
681 0
724 0
743 0
753 0
891 0
915 0
933 0
959 0
1098 0
1212 0
1276 0
1316 0
1427 0
1480 0
1493 0
1562 0
1602 0
1655 0
1671 0
1683 0
1689 0
1750 0
1755 0
1816 0
1843 0
1973 0
2048 0
2067 0
2114 0
2336 0
2344 0
2458 0
2482 0
2526 0
2567 0
2696 0
2744 0
2767 0
2776 0
2804 0
2837 0
3013 0
3053 0
3084 0
3137 0
3260 0
3310 0
3322 0
3324 0
3330 0
3362 0
3412 0
3477 0
3489 0
3510 0
3536 0
3601 0
3641 0
3755 0
3811 0
3838 0
3883 0
3991 0
3995 0
3998 0
4076 0
4080 0
4218 0
4243 0
4250 0
4323 0
4397 0
4425 0
4493 0
4502 0
4537 0
4607 0
4634 0
4871 0
4910 0
4912 0
4971 0
4989 0
5222 0
5240 0
5266 0
5319 0
5366 0
5463 0
5504 0
5751 0
5773 0
5825 0
5844 0
5948 0
6062 0
6091 0
6098 0
6128 0
6153 0
6168 0
6208 0
6213 0
6241 0
6319 0
6377 0
6475 0
6478 0
6491 0
6566 0
6588 0
6611 0
6662 0
6720 0
6763 0
6768 0
6846 0
6856 0
6965 0
7019 0
7037 0
7207 0
7305 0
7368 0
7411 0
7413 0
7470 0
7553 0
7648 0
7706 0
7843 0
7916 0
7944 0
7951 0
8039 0
8125 0
8243 0
8246 0
8282 0
8345 0
8442 0
8494 0
8541 0
8543 0
8575 0
8622 0
8646 0
8740 0
8769 0
8870 0
8950 0
9147 0
9149 0
9154 0
9185 0
9231 0
9264 0
9286 0
9306 0
9320 0
9324 0
9355 0
9409 0
9464 0
9504 0
9538 0
9540 0
9542 0
9563 0
9565 0
9568 0
9650 0
9752 0
9793 0
9831 0
9866 0
9935 0
10009 0
10066 0
10232 0
10358 0
10368 0
10402 0
10411 0
10438 0
10444 0
10519 0
10536 0
10560 0
10562 0
10565 0
10674 0
10675 0
10689 0
10721 0
10726 0
10748 0
10751 0
10766 0
10875 0
10887 0
10922 0
10928 0
11049 0
11055 0
11092 0
11302 0
11370 0
11402 0
11427 0
11446 0
11479 0
11484 0
11492 0
11551 0
11559 0
11588 0
11682 0
11713 0
11726 0
11810 0
11863 0
11955 0
12000 0
12054 0
12098 0
12155 0
12167 0
12200 0
12278 0
12309 0
12386 0
12412 0
12458 0
12472 0
12503 0
12553 0
12560 0
12608 0
12617 0
12665 0
12670 0
12680 0
12694 0
12719 0
12762 0
12789 0
12817 0
12949 0
13023 0
13060 0
13101 0
13197 0
13242 0
13396 0
13439 0
13716 0
13738 0
13771 0
13818 0
13850 0
13873 0
13875 0
13996 0
14024 0
14036 0
14049 0
14054 0
14129 0
14201 0
14223 0
14238 0
14309 0
14433 0
14584 0
14592 0
14750 0
14792 0
14822 0
15061 0
15079 0
15088 0
15153 0
15157 0
15258 0
15323 0
15328 0
15370 0
15375 0
15496 0
15544 0
15643 0
15819 0
15872 0
15910 0
15946 0
15996 0
16070 0
16147 0
16194 0
16215 0
16401 0
16579 0
16591 0
16644 0
16657 0
16658 0
16704 0
16745 0
16746 0
16837 0
16859 0
16911 0
16939 0
17072 0
17085 0
17086 0
17122 0
17136 0
17204 0
17207 0
17257 0
17321 0
17411 0
17438 0
17603 0
17625 0
17628 0
17684 0
17705 0
17747 0
17787 0
17822 0
17833 0
17915 0
17943 0
18081 0
18083 0
18166 0
18187 0
18205 0
18207 0
18213 0
18217 0
18228 0
18356 0
18372 0
18512 0
18590 0
18621 0
18758 0
18795 0
18842 0
18879 0
18920 0
18950 0
18951 0
18975 0
19133 0
19180 0
19226 0
19282 0
19357 0
19430 0
19459 0
19473 0
19497 0
19552 0
19568 0
19607 0
19753 0
19856 0
19888 0
19890 0
19917 0
19948 0
19949 0
19962 0
20014 0
20085 0
20090 0
20156 0
20175 0
20176 0
20329 0
20365 0
20379 0
20387 0
20391 0
20394 0
20430 0
20435 0
20450 0
20519 0
20565 0
20631 0
20700 0
20728 0
20763 0
20779 0
20790 0
20870 0
20913 0
20957 0
20992 0
21012 0
21017 0
21126 0
21153 0
21234 0
21258 0
21343 0
21364 0
21456 0
21515 0
21522 0
21541 0
21564 0
21746 0
21750 0
21757 0
21836 0
21920 0
21945 0
22008 0
22016 0
22056 0
22147 0
22236 0
22280 0
22356 0
22415 0
22434 0
22536 0
22636 0
22675 0
22680 0
22749 0
22793 0
22864 0
23013 0
23041 0
23096 0
23117 0
23121 0
23171 0
23186 0
23198 0
23203 0
23269 0
23298 0
23390 0
23478 0
23506 0
23586 0
23591 0
23632 0
23655 0
23678 0
23737 0
23821 0
23839 0
23850 0
23888 0
23961 0
23993 0
24001 0
24013 0
24015 0
24016 0
24034 0
24054 0
24159 0
24192 0
24254 0
24378 0
24424 0
24461 0
24536 0
24564 0
24620 0
24800 0
24804 0
24812 0
24816 0
24863 0
24933 0
24997 0
25052 0
25066 0
25188 0
25198 0
25222 0
25228 0
25276 0
25277 0
25379 0
25448 0
25454 0
25515 0
25575 0
25579 0
25594 0
25739 0
25772 0
25797 0
25831 0
25852 0
25866 0
25876 0
25936 0
25955 0
26000 0
26310 0
26338 0
26476 0
26507 0
26518 0
26583 0
26644 0
26672 0
26692 0
26739 0
26755 0
26787 0
26794 0
26896 0
26910 0
26931 0
27005 0
27033 0
27345 0
27409 0
27434 0
27517 0
27713 0
27737 0
27870 0
28006 0
28146 0
28303 0
28383 0
28432 0
28445 0
28454 0
28541 0
28605 0
28609 0
28618 0
28745 0
28848 0
28857 0
29195 0
29247 0
29296 0
29310 0
29377 0
29378 0
29399 0
29409 0
29411 0
29415 0
29426 0
29547 0
29556 0
29592 0
29670 0
29696 0
29758 0
29849 0
29911 0
29937 0
29970 0
30025 0
30047 0
30102 0
30116 0
30148 0
30163 0
30194 0
30196 0
30215 0
30237 0
30340 0
30530 0
30546 0
30562 0
30563 0
30689 0
30967 0
30990 0
31158 0
31238 0
31266 0
31333 0
31336 0
31375 0
31496 0
31538 0
31592 0
31601 0
31607 0
31645 0
31727 0
31794 0
31826 0
31865 0
31905 0
31949 0
32121 0
32128 0
32258 0
32307 0
32351 0
32490 0
32493 0
32494 0
32499 0
32521 0
32545 0
32555 0
32744 0
32781 0
32784 0
32823 0
32833 0
32840 0
32843 0
32860 0
32937 0
32992 0
33010 0
33059 0
33134 0
33156 0
33204 0
33226 0
33282 0
33331 0
33361 0
33398 0
33432 0
33454 0
33500 0
33505 0
33550 0
33582 0
33735 0
33866 0
33898 0
33949 0
34043 0
34138 0
34225 0
34240 0
34273 0
34322 0
34404 0
34581 0
34596 0
34628 0
34671 0
34674 0
34784 0
34891 0
34907 0
34962 0
34984 0
34986 0
35021 0
35099 0
35118 0
35120 0
35194 0
35294 0
35308 0
35387 0
35493 0
35495 0
35535 0
35584 0
35683 0
35716 0
35722 0
35737 0
35798 0
35944 0
35975 0
36046 0
36167 0
36168 0
36193 0
36198 0
36375 0
36426 0
36462 0
36485 0
36529 0
36549 0
36560 0
36822 0
36828 0
36848 0
36852 0
36895 0
36942 0
36948 0
37024 0
37127 0
37150 0
37200 0
37342 0
37365 0
37392 0
37459 0
37492 0
37535 0
37660 0
37672 0
37675 0
37732 0
37779 0
37795 0
37828 0
37882 0
37952 0
37967 0
37993 0
38016 0
38102 0
38124 0
38126 0
38137 0
38144 0
38180 0
38244 0
38287 0
38310 0
38320 0
38370 0
38484 0
38533 0
38536 0
38544 0
38567 0
38616 0
38732 0
38777 0
38863 0
38914 0
38942 0
38976 0
38990 0
38997 0
39019 0
39111 0
39195 0
39244 0
39267 0
39271 0
39322 0
39347 0
39372 0
39447 0
39611 0
39618 0
39624 0
39630 0
39640 0
39663 0
39760 0
39837 0
39910 0
39924 0
40007 0
40029 0
40063 0
40144 0
40200 0
40352 0
40370 0
40405 0
40537 0
40587 0
40606 0
40649 0
40657 0
40681 0
40746 0
40750 0
40770 0
40779 0
40788 0
40818 0
40821 0
40837 0
40981 0
41058 0
41099 0
41143 0
41161 0
41187 0
41270 0
41310 0
41424 0
41447 0
41468 0
41494 0
41535 0
41588 0
41592 0
41708 0
41713 0
41735 0
41897 0
41996 0
42003 0
42268 0
42322 0
42361 0
42379 0
42400 0
42406 0
42512 0
42523 0
42533 0
42574 0
42605 0
42639 0
42664 0
42677 0
42730 0
42747 0
42922 0
42967 0
42974 0
43042 0
43050 0
43107 0
43216 0
43257 0
43310 0
43380 0
43394 0
43454 0
43607 0
43974 0
43988 0
44022 0
44037 0
44093 0
44136 0
44203 0
44272 0
44333 0
44356 0
44365 0
44423 0
44503 0
44535 0
44678 0
44689 0
44757 0
44763 0
44878 0
44880 0
45110 0
45149 0
45172 0
45175 0
45274 0
45299 0
45431 0
45460 0
45492 0
45493 0
45701 0
45719 0
45744 0
45788 0
45890 0
45894 0
45900 0
45911 0
45933 0
45951 0
45999 0
46019 0
46054 0
46131 0
46166 0
46259 0
46325 0
46354 0
46372 0
46391 0
46419 0
46458 0
46558 0
46636 0
46655 0
46660 0
46663 0
46673 0
46682 0
46684 0
46716 0
46795 0
46827 0
46908 0
47039 0
47040 0
47256 0
47277 0
47315 0
47356 0
47363 0
47377 0
47467 0
47474 0
47475 0
47491 0
47552 0
47553 0
47556 0
47565 0
47619 0
47627 0
47631 0
47716 0
47725 0
47773 0
47774 0
47801 0
47826 0
47899 0
47934 0
47961 0
47965 0
48013 0
48070 0
48126 0
48140 0
48160 0
48169 0
48297 0
48299 0
48316 0
48352 0
48474 0
48475 0
48548 0
48584 0
48592 0
48746 0
48754 0
48765 0
49039 0
49066 0
49071 0
49158 0
49254 0
49288 0
49291 0
49292 0
49466 0
49486 0
49562 0
49568 0
49746 0
49757 0
49810 0
49946 0
49962 0
49981 0
50066 0
50176 0
50277 0
50334 0
50336 0
50408 0
50420 0
50440 0
50491 0
50533 0
50564 0
50569 0
50605 0
50638 0
50649 0
50692 0
50711 0
50801 0
50844 0
50880 0
50881 0
50897 0
50900 0
50910 0
50936 0
50952 0
50963 0
50987 0
51010 0
51078 0
51088 0
51149 0
51151 0
51162 0
51239 0
51340 0
51393 0
51408 0
51413 0
51418 0
51466 0
51533 0
51563 0
51670 0
51674 0
51699 0
51794 0
51849 0
51886 0
51920 0
51937 0
51941 0
51942 0
52003 0
52015 0
52029 0
52088 0
52113 0
52169 0
52364 0
52467 0
52508 0
52529 0
52558 0
52600 0
52657 0
52687 0
52696 0
52847 0
52948 0
53104 0
53215 0
53240 0
53335 0
53364 0
53564 0
53606 0
53631 0
53649 0
53705 0
53721 0
53738 0
53926 0
53949 0
53950 0
54021 0
54024 0
54050 0
54056 0
54086 0
54090 0
54175 0
54193 0
54258 0
54304 0
54356 0
54400 0
54464 0
54470 0
54490 0
54536 0
54702 0
54819 0
54891 0
54911 0
54949 0
54968 0
55074 0
55233 0
55241 0
55268 0
55327 0
55394 0
55509 0
55552 0
55585 0
55634 0
55645 0
55683 0
55685 0
55690 0
55716 0
55754 0
55823 0
55848 0
55889 0
55907 0
55926 0
55963 0
56039 0
56166 0
56172 0
56185 0
56227 0
56266 0
56277 0
56321 0
56340 0
56475 0
56539 0
56552 0
56600 0
56700 0
56789 0
56840 0
56945 0
56968 0
57046 0
57069 0
57153 0
57190 0
57254 0
57314 0
57472 0
57556 0
57611 0
57765 0
57769 0
57974 0
58056 0
58094 0
58111 0
58127 0
58143 0
58151 0
58205 0
58236 0
58253 0
58296 0
58354 0
58369 0
58397 0
58442 0
58534 0
58567 0
58583 0
58593 0
58652 0
58691 0
58782 0
58789 0
58863 0
58895 0
58920 0
59058 0
59094 0
59172 0
59177 0
59209 0
59253 0
59263 0
59297 0
59340 0
59344 0
59368 0
59448 0
59662 0
59673 0
59740 0
59744 0
59749 0
59789 0
59869 0
59892 0
59948 0
60006 0
60026 0
60054 0
60056 0
60086 0
60091 0
60133 0
60156 0
60200 0
60204 0
60345 0
60369 0
60390 0
60404 0
60459 0
60469 0
60495 0
60517 0
60525 0
60589 0
60645 0
60748 0
60902 0
60917 0
61042 0
61187 0
61223 0
61257 0
61264 0
61304 0
61334 0
61401 0
61525 0
61576 0
61611 0
61675 0
61708 0
61725 0
61738 0
61760 0
61762 0
61811 0
61871 0
61902 0
61924 0
62025 0
62090 0
62110 0
62142 0
62146 0
62248 0
62251 0
62255 0
62313 0
62335 0
62498 0
62513 0
62593 0
62728 0
62861 0
62898 0
63021 0
63056 0
63057 0
63060 0
63094 0
63096 0
63146 0
63218 0
63259 0
63286 0
63303 0
63364 0
63370 0
63405 0
63451 0
63493 0
63622 0
63672 0
63675 0
63702 0
63833 0
63854 0
63862 0
63949 0
63961 0
64067 0
64127 0
64167 0
64201 0
64229 0
64286 0
64290 0
64334 0
64364 0
64387 0
64416 0
64459 0
64498 0
64556 0
64562 0
64618 0
64620 0
64624 0
64713 0
64745 0
64766 0
64805 0
64816 0
64844 0
64950 0
65071 0
65077 0
65090 0
65107 0
65136 0
65145 0
65188 0
65223 0
65326 0
65331 0
65387 0
65507 0
65549 0
65559 0
65562 0
65701 0
65704 0
65746 0
65794 0
65833 0
65909 0
65978 0
65990 0
66055 0
66072 0
66075 0
66147 0
66212 0
66277 0
66312 0
66539 0
66569 0
66684 0
66708 0
66783 0
67246 0
67275 0
67492 0
67589 0
67772 0
67795 0
67796 0
67964 0
67966 0
68049 0
68130 0
68132 0
68180 0
68226 0
68261 0
68310 0
68380 0
68381 0
68541 0
68594 0
68663 0
68742 0
68804 0
68821 0
68880 0
68904 0
68911 0
68966 0
69014 0
69043 0
69061 0
69081 0
69141 0
69160 0
69203 0
69206 0
69211 0
69269 0
69360 0
69364 0
69377 0
69378 0
69451 0
69471 0
69487 0
69570 0
69585 0
69648 0
69662 0
69671 0
69717 0
69812 0
69847 0
69939 0
70015 0
70114 0
70192 0
70196 0
70261 0
70264 0
70274 0
70322 0
70346 0
70348 0
70371 0
70466 0
70475 0
70726 0
70797 0
70804 0
70817 0
70830 0
70889 0
70977 0
70985 0
70989 0
71069 0
71122 0
71247 0
71250 0
71254 0
71307 0
71350 0
71363 0
71378 0
71415 0
71427 0
71440 0
71445 0
71507 0
71545 0
71611 0
71681 0
71760 0
71777 0
71884 0
71889 0
71890 0
71946 0
71970 0
72003 0
72038 0
72097 0
72312 0
72327 0
72372 0
72377 0
72450 0
72523 0
72554 0
72584 0
72659 0
72668 0
72676 0
72681 0
72686 0
72751 0
72791 0
72803 0
72816 0
72839 0
72888 0
72905 0
72991 0
73065 0
73090 0
73093 0
73105 0
73168 0
73188 0
73269 0
73340 0
73341 0
73442 0
73471 0
73475 0
73519 0
73526 0
73528 0
73576 0
73594 0
73652 0
73669 0
73821 0
73847 0
73860 0
73909 0
74069 0
74172 0
74187 0
74231 0
74259 0
74260 0
74281 0
74325 0
74454 0
74569 0
74588 0
74612 0
74638 0
74686 0
74783 0
74801 0
74843 0
74862 0
74865 0
74993 0
75010 0
75013 0
75017 0
75029 0
75033 0
75082 0
75111 0
75215 0
75225 0
75311 0
75395 0
75435 0
75437 0
75446 0
75461 0
75513 0
75532 0
75543 0
75626 0
75645 0
75726 0
75796 0
75825 0
75828 0
75922 0
76081 0
76096 0
76133 0
76203 0
76281 0
76337 0
76361 0
76383 0
76403 0
76416 0
76438 0
76447 0
76552 0
76562 0
76624 0
76704 0
76733 0
76746 0
76758 0
76788 0
76838 0
76887 0
76979 0
76980 0
77038 0
77096 0
77099 0
77203 0
77278 0
77301 0
77303 0
77307 0
77417 0
77445 0
77521 0
77557 0
77599 0
77655 0
77687 0
77882 0
77964 0
78018 0
78054 0
78090 0
78117 0
78121 0
78185 0
78225 0
78260 0
78297 0
78308 0
78332 0
78346 0
78412 0
78463 0
78474 0
78521 0
78548 0
78552 0
78564 0
78573 0
78659 0
78756 0
78784 0
78787 0
78792 0
78985 0
79056 0
79074 0
79094 0
79214 0
79251 0
79256 0
79257 0
79260 0
79293 0
79314 0
79401 0
79658 0
79711 0
79738 0
79786 0
79837 0
79874 0
79996 0
80051 0
80102 0
80105 0
80195 0
80201 0
80231 0
80234 0
80256 0
80261 0
80412 0
80430 0
80436 0
80458 0
80511 0
80538 0
80592 0
80594 0
80613 0
80636 0
80642 0
80650 0
80693 0
80702 0
80744 0
80752 0
80780 0
80903 0
80934 0
80996 0
80998 0
81072 0
81113 0
81133 0
81258 0
81287 0
81335 0
81344 0
81531 0
81675 0
81679 0
81741 0
81814 0
81837 0
81884 0
81949 0
81992 0
82093 0
82145 0
82229 0
82248 0
82253 0
82422 0
82427 0
82468 0
82497 0
82516 0
82594 0
82597 0
82620 0
82624 0
82680 0
82748 0
82765 0
82821 0
82879 0
82881 0
82893 0
82985 0
83036 0
83061 0
83096 0
83117 0
83192 0
83221 0
83256 0
83272 0
83368 0
83444 0
83472 0
83546 0
83594 0
83602 0
83621 0
83648 0
83697 0
83700 0
83747 0
83886 0
83928 0
83992 0
84000 0
84059 0
84086 0
84124 0
84210 0
84257 0
84317 0
84341 0
84355 0
84389 0
84447 0
84535 0
84556 0
84583 0
84603 0
84604 0
84630 0
84642 0
84674 0
84711 0
84856 0
84919 0
84982 0
85010 0
85033 0
85048 0
85049 0
85056 0
85108 0
85120 0
85152 0
85170 0
85215 0
85252 0
85320 0
85325 0
85351 0
85385 0
85412 0
85457 0
85574 0
85623 0
85638 0
85850 0
85879 0
85894 0
85936 0
85987 0
86112 0
86114 0
86118 0
86149 0
86224 0
86236 0
86254 0
86309 0
86339 0
86418 0
86487 0
86530 0
86584 0
86662 0
86978 0
87067 0
87146 0
87162 0
87182 0
87184 0
87185 0
87226 0
87363 0
87400 0
87486 0
87492 0
87594 0
87643 0
87664 0
87766 0
87827 0
87830 0
87852 0
87853 0
87976 0
88072 0
88326 0
88358 0
88376 0
88427 0
88544 0
88550 0
88566 0
88626 0
88640 0
88654 0
88711 0
88714 0
88776 0
88777 0
88786 0
88827 0
88900 0
88909 0
88928 0
88963 0
88973 0
89008 0
89012 0
89032 0
89040 0
89055 0
89098 0
89335 0
89385 0
89394 0
89418 0
89423 0
89483 0
89514 0
89546 0
89631 0
89651 0
89748 0
89831 0
89856 0
89858 0
89894 0
89967 0
89996 0
89997 0
90054 0
90238 0
90262 0
90298 0
90329 0
90515 0
90574 0
90587 0
90611 0
90628 0
90645 0
90663 0
90675 0
90677 0
90750 0
90768 0
90818 0
90828 0
90934 0
90958 0
91002 0
91083 0
91141 0
91154 0
91173 0
91200 0
91240 0
91322 0
91348 0
91393 0
91427 0
91473 0
91495 0
91516 0
91542 0
91585 0
91753 0
91815 0
91828 0
91909 0
91910 0
91972 0
92028 0
92083 0
92146 0
92167 0
92184 0
92186 0
92213 0
92227 0
92243 0
92268 0
92324 0
92337 0
92435 0
92453 0
92456 0
92470 0
92487 0
92549 0
92577 0
92607 0
92679 0
92717 0
92740 0
92749 0
92800 0
92803 0
92912 0
93028 0
93082 0
93098 0
93117 0
93295 0
93313 0
93365 0
93409 0
93439 0
93551 0
93563 0
93612 0
93628 0
93656 0
94065 0
94066 0
94103 0
94162 0
94308 0
94381 0
94405 0
94454 0
94479 0
94634 0
94644 0
94654 0
94690 0
94743 0
94748 0
94802 0
94856 0
94859 0
94958 0
94960 0
94961 0
94984 0
95043 0
95076 0
95088 0
95091 0
95104 0
95121 0
95148 0
95252 0
95345 0
95367 0
95445 0
95453 0
95476 0
95486 0
95569 0
95576 0
95736 0
95769 0
95770 0
95778 0
95848 0
95856 0
95883 0
95902 0
95955 0
95963 0
95996 0
96059 0
96103 0
96124 0
96204 0
96305 0
96347 0
96357 0
96392 0
96497 0
96504 0
96530 0
96624 0
96770 0
96774 0
96906 0
96933 0
97005 0
97043 0
97180 0
97317 0
97357 0
97377 0
97409 0
97514 0
97520 0
97530 0
97672 0
97708 0
97890 0
97915 0
97964 0
97990 0
98013 0
98024 0
98034 0
98103 0
98106 0
98125 0
98289 0
98345 0
98380 0
98418 0
98431 0
98502 0
98564 0
98697 0
98705 0
98740 0
98759 0
98767 0
98816 0
98827 0
98887 0
98908 0
98945 0
98979 0
98999 0
99019 0
99159 0
99207 0
99221 0
99297 0
99363 0
99379 0
99414 0
99429 0
99436 0
99620 0
99632 0
99665 0
99728 0
99733 0
99756 0
99759 0
99771 0
99816 0
99896 0
99908 0
99955 0
99956 0
99957 0
