c This is a uniform distributed  1-D DIMACS file 
c width height point_number
p 100000 100000 2048
2 0
85 0
109 0
112 0
136 0
139 0
299 0
323 0
324 0
408 0
481 0
525 0
567 0
575 0
583 0
584 0
621 0
759 0
769 0
771 0
784 0
793 0
825 0
881 0
904 0
952 0
954 0
1022 0
1047 0
1127 0
1135 0
1145 0
1194 0
1259 0
1269 0
1272 0
1287 0
1368 0
1450 0
1465 0
1472 0
1502 0
1541 0
1554 0
1578 0
1656 0
1752 0
1771 0
1856 0
1860 0
1875 0
1891 0
1943 0
1945 0
1964 0
1976 0
1977 0
2066 0
2109 0
2124 0
2156 0
2258 0
2293 0
2513 0
2538 0
2549 0
2601 0
2628 0
2670 0
2827 0
2943 0
2984 0
3011 0
3071 0
3081 0
3166 0
3223 0
3264 0
3325 0
3366 0
3392 0
3410 0
3434 0
3451 0
3469 0
3541 0
3578 0
3685 0
3762 0
3785 0
3826 0
3844 0
3853 0
3864 0
3900 0
3944 0
4045 0
4111 0
4153 0
4169 0
4171 0
4181 0
4192 0
4226 0
4289 0
4307 0
4430 0
4475 0
4619 0
4627 0
4680 0
4750 0
4757 0
4781 0
4851 0
4854 0
4884 0
4893 0
4902 0
4927 0
4936 0
4941 0
4972 0
5004 0
5038 0
5050 0
5051 0
5178 0
5209 0
5305 0
5346 0
5452 0
5473 0
5505 0
5507 0
5541 0
5652 0
5657 0
5660 0
5849 0
5871 0
5971 0
5998 0
6022 0
6032 0
6073 0
6109 0
6143 0
6188 0
6235 0
6285 0
6291 0
6375 0
6385 0
6451 0
6539 0
6556 0
6579 0
6585 0
6603 0
6617 0
6817 0
6879 0
6894 0
7009 0
7122 0
7133 0
7173 0
7183 0
7188 0
7251 0
7309 0
7327 0
7359 0
7376 0
7384 0
7466 0
7476 0
7483 0
7498 0
7534 0
7543 0
7594 0
7696 0
7704 0
7785 0
7823 0
7831 0
7887 0
7939 0
8017 0
8022 0
8174 0
8215 0
8227 0
8288 0
8315 0
8335 0
8336 0
8368 0
8396 0
8454 0
8461 0
8560 0
8643 0
8718 0
8730 0
8818 0
8884 0
8934 0
8981 0
8987 0
9008 0
9017 0
9268 0
9269 0
9280 0
9320 0
9337 0
9369 0
9485 0
9538 0
9591 0
9656 0
9696 0
9726 0
9753 0
9806 0
9832 0
9861 0
10009 0
10060 0
10084 0
10097 0
10112 0
10215 0
10258 0
10321 0
10386 0
10401 0
10407 0
10430 0
10490 0
10531 0
10607 0
10794 0
10825 0
10856 0
10858 0
10901 0
10915 0
10944 0
11073 0
11106 0
11118 0
11132 0
11175 0
11219 0
11354 0
11356 0
11441 0
11488 0
11503 0
11572 0
11586 0
11648 0
11662 0
11706 0
11747 0
11796 0
11835 0
11968 0
11970 0
11976 0
11978 0
12038 0
12056 0
12065 0
12140 0
12191 0
12314 0
12334 0
12428 0
12596 0
12688 0
12741 0
12809 0
12850 0
12956 0
13042 0
13045 0
13077 0
13242 0
13277 0
13349 0
13392 0
13424 0
13492 0
13520 0
13560 0
13735 0
13842 0
14042 0
14047 0
14101 0
14217 0
14292 0
14306 0
14315 0
14437 0
14457 0
14464 0
14537 0
14547 0
14772 0
14775 0
14802 0
14914 0
14916 0
14963 0
14965 0
14981 0
14989 0
15099 0
15158 0
15184 0
15271 0
15365 0
15397 0
15431 0
15457 0
15537 0
15568 0
15587 0
15715 0
15990 0
16128 0
16181 0
16233 0
16287 0
16401 0
16403 0
16445 0
16489 0
16547 0
16548 0
16549 0
16715 0
16744 0
16759 0
16926 0
16936 0
16939 0
16964 0
16991 0
16992 0
16995 0
17056 0
17162 0
17166 0
17202 0
17218 0
17294 0
17308 0
17348 0
17356 0
17432 0
17684 0
17772 0
17809 0
17858 0
17889 0
17897 0
18024 0
18044 0
18100 0
18142 0
18172 0
18228 0
18251 0
18334 0
18391 0
18396 0
18488 0
18594 0
18700 0
18837 0
18930 0
18955 0
18965 0
19101 0
19225 0
19278 0
19369 0
19399 0
19405 0
19413 0
19447 0
19620 0
19911 0
19913 0
19962 0
20074 0
20128 0
20151 0
20154 0
20233 0
20255 0
20266 0
20279 0
20301 0
20389 0
20399 0
20467 0
20483 0
20486 0
20573 0
20614 0
20625 0
20675 0
20766 0
20829 0
20872 0
20920 0
20945 0
20958 0
21024 0
21048 0
21072 0
21156 0
21399 0
21434 0
21453 0
21477 0
21492 0
21538 0
21667 0
21670 0
21715 0
21730 0
21751 0
21803 0
21817 0
21833 0
21959 0
21977 0
22043 0
22068 0
22081 0
22086 0
22117 0
22179 0
22221 0
22251 0
22256 0
22259 0
22265 0
22272 0
22281 0
22295 0
22353 0
22357 0
22409 0
22462 0
22562 0
22589 0
22629 0
22847 0
22929 0
23017 0
23031 0
23058 0
23118 0
23360 0
23398 0
23432 0
23512 0
23528 0
23664 0
23704 0
23752 0
23803 0
23851 0
23856 0
23857 0
23963 0
24044 0
24061 0
24075 0
24153 0
24197 0
24233 0
24318 0
24336 0
24341 0
24344 0
24385 0
24433 0
24556 0
24588 0
24604 0
24627 0
24673 0
24680 0
24734 0
24741 0
24753 0
24791 0
24799 0
24813 0
24911 0
24928 0
24962 0
25002 0
25019 0
25102 0
25260 0
25453 0
25524 0
25559 0
25623 0
25693 0
25772 0
25774 0
25787 0
25800 0
25858 0
25989 0
26020 0
26176 0
26222 0
26237 0
26293 0
26310 0
26341 0
26488 0
26506 0
26512 0
26513 0
26531 0
26546 0
26568 0
26579 0
26604 0
26749 0
26773 0
26888 0
26929 0
27071 0
27141 0
27169 0
27226 0
27293 0
27405 0
27508 0
27524 0
27527 0
27530 0
27599 0
27603 0
27616 0
27643 0
27655 0
27675 0
27773 0
27880 0
27893 0
28007 0
28077 0
28157 0
28162 0
28192 0
28207 0
28230 0
28253 0
28270 0
28271 0
28344 0
28348 0
28435 0
28507 0
28526 0
28635 0
28729 0
28772 0
28944 0
28985 0
28994 0
29045 0
29048 0
29054 0
29070 0
29109 0
29140 0
29171 0
29206 0
29208 0
29245 0
29339 0
29368 0
29393 0
29405 0
29481 0
29502 0
29608 0
29640 0
29686 0
29746 0
29832 0
30009 0
30012 0
30100 0
30117 0
30144 0
30199 0
30214 0
30234 0
30235 0
30240 0
30276 0
30349 0
30352 0
30366 0
30485 0
30489 0
30531 0
30537 0
30602 0
30619 0
30626 0
30694 0
30751 0
30820 0
30822 0
31077 0
31087 0
31176 0
31243 0
31391 0
31428 0
31433 0
31484 0
31492 0
31500 0
31538 0
31652 0
31662 0
31816 0
31842 0
31845 0
31853 0
31927 0
31955 0
32050 0
32071 0
32331 0
32371 0
32599 0
32625 0
32681 0
32735 0
32754 0
32781 0
32795 0
32800 0
32805 0
32834 0
32886 0
32909 0
33007 0
33042 0
33065 0
33091 0
33136 0
33171 0
33177 0
33182 0
33190 0
33230 0
33253 0
33302 0
33319 0
33355 0
33459 0
33484 0
33528 0
33586 0
33589 0
33700 0
33708 0
33718 0
33797 0
33963 0
34088 0
34149 0
34170 0
34191 0
34243 0
34317 0
34469 0
34483 0
34493 0
34550 0
34555 0
34560 0
34644 0
34682 0
34698 0
34743 0
34782 0
34865 0
35002 0
35085 0
35096 0
35136 0
35143 0
35161 0
35206 0
35213 0
35294 0
35304 0
35333 0
35377 0
35424 0
35467 0
35496 0
35520 0
35584 0
35734 0
35943 0
35970 0
36032 0
36037 0
36077 0
36092 0
36097 0
36129 0
36132 0
36145 0
36154 0
36176 0
36180 0
36228 0
36264 0
36283 0
36289 0
36301 0
36314 0
36370 0
36387 0
36395 0
36456 0
36495 0
36537 0
36653 0
36671 0
36718 0
36727 0
36826 0
36828 0
36860 0
36947 0
36973 0
37057 0
37128 0
37166 0
37174 0
37203 0
37259 0
37270 0
37289 0
37308 0
37319 0
37366 0
37372 0
37391 0
37437 0
37489 0
37497 0
37531 0
37580 0
37628 0
37651 0
37652 0
37669 0
37685 0
37690 0
37724 0
37739 0
37782 0
37851 0
37868 0
37910 0
37919 0
37934 0
37963 0
38004 0
38014 0
38034 0
38043 0
38152 0
38187 0
38222 0
38285 0
38313 0
38343 0
38365 0
38433 0
38464 0
38466 0
38487 0
38517 0
38529 0
38531 0
38565 0
38578 0
38731 0
38734 0
38796 0
38817 0
38959 0
39014 0
39015 0
39087 0
39126 0
39138 0
39178 0
39282 0
39296 0
39337 0
39339 0
39355 0
39384 0
39517 0
39521 0
39542 0
39680 0
40035 0
40057 0
40063 0
40086 0
40096 0
40127 0
40152 0
40362 0
40497 0
40499 0
40591 0
40592 0
40640 0
40651 0
40653 0
40761 0
40766 0
40833 0
40942 0
40972 0
40978 0
41006 0
41069 0
41081 0
41155 0
41237 0
41265 0
41369 0
41414 0
41479 0
41507 0
41516 0
41536 0
41722 0
41793 0
41818 0
41830 0
41886 0
41903 0
41941 0
41996 0
42154 0
42155 0
42205 0
42207 0
42208 0
42234 0
42307 0
42313 0
42454 0
42487 0
42549 0
42552 0
42580 0
42608 0
42734 0
42764 0
42799 0
42899 0
42919 0
42997 0
43066 0
43081 0
43135 0
43157 0
43166 0
43201 0
43204 0
43253 0
43388 0
43493 0
43509 0
43519 0
43528 0
43548 0
43570 0
43610 0
43621 0
43632 0
43719 0
43813 0
43871 0
43959 0
43966 0
44001 0
44009 0
44012 0
44077 0
44110 0
44137 0
44157 0
44278 0
44334 0
44365 0
44369 0
44390 0
44400 0
44530 0
44626 0
44700 0
44751 0
44773 0
44802 0
44807 0
44947 0
44960 0
44990 0
45067 0
45093 0
45150 0
45197 0
45247 0
45363 0
45419 0
45460 0
45466 0
45537 0
45635 0
45661 0
45670 0
45777 0
45827 0
45852 0
45867 0
45878 0
45917 0
45922 0
45928 0
46046 0
46083 0
46134 0
46139 0
46151 0
46189 0
46202 0
46240 0
46292 0
46564 0
46669 0
46725 0
46851 0
46898 0
47029 0
47054 0
47062 0
47083 0
47103 0
47114 0
47268 0
47274 0
47319 0
47384 0
47431 0
47432 0
47562 0
47565 0
47570 0
47645 0
47765 0
47819 0
47883 0
47893 0
47923 0
47938 0
48047 0
48050 0
48128 0
48201 0
48259 0
48262 0
48280 0
48283 0
48480 0
48587 0
48676 0
48721 0
48731 0
48761 0
48802 0
48900 0
49009 0
49086 0
49103 0
49132 0
49171 0
49183 0
49209 0
49230 0
49267 0
49300 0
49463 0
49495 0
49505 0
49514 0
49594 0
49719 0
49724 0
49745 0
49754 0
49777 0
49847 0
49857 0
49892 0
49910 0
49956 0
49983 0
50012 0
50036 0
50090 0
50155 0
50165 0
50186 0
50228 0
50281 0
50321 0
50342 0
50366 0
50372 0
50391 0
50542 0
50575 0
50674 0
50737 0
50771 0
50853 0
50986 0
51324 0
51382 0
51391 0
51553 0
51583 0
51646 0
51673 0
51703 0
51768 0
51866 0
51873 0
51908 0
51920 0
52198 0
52234 0
52348 0
52388 0
52421 0
52423 0
52424 0
52428 0
52430 0
52460 0
52462 0
52808 0
52809 0
52823 0
52863 0
52923 0
52992 0
53006 0
53027 0
53042 0
53048 0
53061 0
53124 0
53192 0
53200 0
53238 0
53343 0
53344 0
53400 0
53443 0
53538 0
53539 0
53576 0
53670 0
53684 0
53741 0
53770 0
53771 0
53801 0
53806 0
53818 0
53824 0
53844 0
53861 0
53917 0
53935 0
53942 0
54086 0
54122 0
54172 0
54176 0
54186 0
54234 0
54235 0
54291 0
54334 0
54342 0
54475 0
54497 0
54588 0
54675 0
54702 0
54727 0
54779 0
54803 0
54812 0
54841 0
55040 0
55147 0
55171 0
55212 0
55239 0
55251 0
55331 0
55352 0
55402 0
55426 0
55480 0
55490 0
55561 0
55646 0
55652 0
55746 0
55760 0
55765 0
55771 0
55812 0
55821 0
55887 0
55903 0
56056 0
56068 0
56179 0
56292 0
56366 0
56388 0
56416 0
56489 0
56564 0
56593 0
56639 0
56717 0
56769 0
56895 0
56901 0
56956 0
57061 0
57139 0
57228 0
57244 0
57253 0
57289 0
57318 0
57344 0
57382 0
57387 0
57416 0
57434 0
57543 0
57554 0
57623 0
57645 0
57657 0
57750 0
57874 0
57878 0
57932 0
57969 0
57972 0
58016 0
58112 0
58116 0
58227 0
58277 0
58356 0
58430 0
58464 0
58468 0
58546 0
58552 0
58627 0
58742 0
58754 0
58901 0
58960 0
59180 0
59225 0
59257 0
59341 0
59356 0
59376 0
59381 0
59411 0
59499 0
59584 0
59600 0
59611 0
59613 0
59687 0
59737 0
59744 0
59843 0
59870 0
60037 0
60059 0
60147 0
60279 0
60359 0
60430 0
60543 0
60556 0
60563 0
60590 0
60611 0
60626 0
60635 0
60651 0
60690 0
60725 0
60746 0
60763 0
60777 0
60789 0
60900 0
60989 0
61041 0
61126 0
61188 0
61239 0
61299 0
61312 0
61335 0
61374 0
61378 0
61387 0
61400 0
61463 0
61516 0
61695 0
61701 0
61821 0
61887 0
61920 0
61929 0
61981 0
61995 0
62140 0
62146 0
62172 0
62180 0
62234 0
62342 0
62352 0
62370 0
62399 0
62462 0
62478 0
62494 0
62534 0
62544 0
62613 0
62636 0
62737 0
62784 0
62829 0
62929 0
62966 0
63066 0
63067 0
63127 0
63137 0
63172 0
63290 0
63311 0
63355 0
63377 0
63379 0
63380 0
63394 0
63403 0
63508 0
63759 0
63876 0
63890 0
63909 0
63927 0
64023 0
64034 0
64106 0
64113 0
64117 0
64214 0
64224 0
64311 0
64396 0
64403 0
64407 0
64421 0
64434 0
64467 0
64556 0
64604 0
64707 0
64762 0
64867 0
64893 0
64928 0
64936 0
65000 0
65023 0
65540 0
65548 0
65579 0
65664 0
65672 0
65715 0
65794 0
65866 0
65908 0
65917 0
65924 0
65930 0
66014 0
66025 0
66041 0
66045 0
66057 0
66061 0
66136 0
66197 0
66233 0
66370 0
66398 0
66453 0
66586 0
66638 0
66656 0
66660 0
66716 0
66721 0
66728 0
66773 0
66871 0
67007 0
67093 0
67098 0
67133 0
67211 0
67241 0
67257 0
67405 0
67479 0
67668 0
67695 0
67775 0
67785 0
67855 0
67910 0
67918 0
67933 0
68015 0
68036 0
68114 0
68182 0
68222 0
68242 0
68263 0
68355 0
68382 0
68540 0
68583 0
68587 0
68606 0
68638 0
68780 0
68818 0
68850 0
68867 0
68911 0
68955 0
68980 0
68982 0
69028 0
69095 0
69179 0
69237 0
69240 0
69278 0
69571 0
69585 0
69598 0
69611 0
69756 0
69897 0
69935 0
70078 0
70129 0
70239 0
70300 0
70308 0
70347 0
70362 0
70408 0
70478 0
70480 0
70525 0
70557 0
70661 0
70730 0
70755 0
70815 0
70836 0
70994 0
71046 0
71079 0
71140 0
71263 0
71275 0
71303 0
71318 0
71358 0
71463 0
71471 0
71499 0
71500 0
71619 0
71702 0
71705 0
71733 0
71792 0
71811 0
71867 0
71875 0
71958 0
71983 0
71992 0
72018 0
72059 0
72105 0
72141 0
72145 0
72166 0
72180 0
72202 0
72245 0
72276 0
72352 0
72494 0
72531 0
72568 0
72700 0
72756 0
72758 0
72791 0
72792 0
72806 0
72829 0
72871 0
73019 0
73028 0
73073 0
73130 0
73139 0
73248 0
73274 0
73392 0
73462 0
73529 0
73559 0
73619 0
73640 0
73660 0
73735 0
73755 0
73766 0
73818 0
73830 0
73889 0
73987 0
74049 0
74052 0
74069 0
74092 0
74159 0
74196 0
74197 0
74205 0
74231 0
74247 0
74268 0
74289 0
74293 0
74350 0
74357 0
74377 0
74388 0
74429 0
74447 0
74474 0
74563 0
74727 0
74774 0
74825 0
74881 0
74890 0
74936 0
75048 0
75057 0
75073 0
75125 0
75135 0
75196 0
75268 0
75292 0
75297 0
75378 0
75461 0
75543 0
75568 0
75582 0
75662 0
75831 0
75836 0
75866 0
75930 0
75932 0
75961 0
76005 0
76019 0
76069 0
76085 0
76126 0
76197 0
76231 0
76281 0
76409 0
76422 0
76458 0
76481 0
76536 0
76543 0
76550 0
76580 0
76639 0
76665 0
76702 0
76834 0
76838 0
76845 0
76907 0
77031 0
77034 0
77102 0
77140 0
77163 0
77319 0
77328 0
77434 0
77526 0
77527 0
77638 0
77643 0
77689 0
77753 0
77775 0
77780 0
77858 0
77872 0
77941 0
77975 0
78217 0
78218 0
78251 0
78252 0
78267 0
78375 0
78389 0
78731 0
78734 0
78752 0
78936 0
78969 0
78979 0
78986 0
78996 0
79004 0
79033 0
79096 0
79212 0
79240 0
79292 0
79303 0
79323 0
79360 0
79361 0
79391 0
79431 0
79445 0
79462 0
79511 0
79529 0
79573 0
79632 0
79654 0
79803 0
79806 0
79923 0
80025 0
80074 0
80160 0
80169 0
80214 0
80216 0
80251 0
80256 0
80282 0
80334 0
80355 0
80434 0
80445 0
80453 0
80604 0
80617 0
80634 0
80650 0
80700 0
80933 0
80959 0
80993 0
80997 0
81056 0
81068 0
81074 0
81143 0
81166 0
81216 0
81270 0
81318 0
81404 0
81491 0
81502 0
81503 0
81504 0
81542 0
81587 0
81604 0
81606 0
81622 0
81705 0
81731 0
81747 0
81757 0
81838 0
81886 0
81892 0
81960 0
81981 0
81997 0
82065 0
82102 0
82171 0
82270 0
82347 0
82389 0
82392 0
82403 0
82435 0
82560 0
82606 0
82628 0
82645 0
82646 0
82662 0
82666 0
82670 0
82700 0
82752 0
82792 0
82821 0
82878 0
82959 0
82992 0
83008 0
83011 0
83077 0
83102 0
83140 0
83238 0
83268 0
83309 0
83382 0
83430 0
83457 0
83637 0
83725 0
83766 0
83786 0
83814 0
83818 0
83906 0
83909 0
83997 0
84000 0
84033 0
84169 0
84180 0
84186 0
84196 0
84274 0
84306 0
84350 0
84410 0
84433 0
84539 0
84563 0
84652 0
84677 0
84702 0
84720 0
84793 0
84805 0
84894 0
84995 0
85101 0
85142 0
85188 0
85208 0
85226 0
85237 0
85256 0
85304 0
85353 0
85384 0
85433 0
85500 0
85545 0
85621 0
85633 0
85648 0
85666 0
85764 0
85777 0
85810 0
85821 0
85854 0
85866 0
85941 0
86045 0
86076 0
86175 0
86277 0
86286 0
86426 0
86452 0
86472 0
86501 0
86513 0
86581 0
86611 0
86761 0
86862 0
86874 0
86986 0
87013 0
87072 0
87314 0
87346 0
87381 0
87384 0
87418 0
87426 0
87528 0
87597 0
87619 0
87645 0
87664 0
87814 0
87833 0
87867 0
87933 0
87940 0
87979 0
88001 0
88091 0
88110 0
88154 0
88193 0
88195 0
88213 0
88316 0
88439 0
88509 0
88568 0
88581 0
88671 0
88805 0
88824 0
88918 0
88966 0
89060 0
89129 0
89164 0
89198 0
89275 0
89311 0
89313 0
89329 0
89359 0
89382 0
89422 0
89438 0
89481 0
89502 0
89619 0
89624 0
89639 0
89654 0
89664 0
89725 0
89809 0
89817 0
89850 0
89934 0
89952 0
89967 0
89981 0
90007 0
90028 0
90043 0
90144 0
90234 0
90320 0
90379 0
90386 0
90486 0
90488 0
90498 0
90560 0
90585 0
90619 0
90633 0
90657 0
90759 0
90822 0
90868 0
90904 0
90921 0
90927 0
91013 0
91043 0
91065 0
91072 0
91084 0
91109 0
91130 0
91141 0
91154 0
91168 0
91260 0
91274 0
91299 0
91338 0
91380 0
91454 0
91464 0
91512 0
91522 0
91635 0
91774 0
91801 0
91804 0
91836 0
92003 0
92012 0
92066 0
92222 0
92244 0
92247 0
92319 0
92408 0
92525 0
92559 0
92630 0
92704 0
92709 0
92794 0
92815 0
92831 0
92883 0
92951 0
92980 0
93125 0
93213 0
93257 0
93285 0
93319 0
93409 0
93417 0
93541 0
93659 0
93758 0
93810 0
93892 0
93910 0
94061 0
94322 0
94351 0
94551 0
94563 0
94675 0
94699 0
94701 0
94784 0
94827 0
94852 0
94867 0
94903 0
94992 0
95166 0
95170 0
95236 0
95284 0
95322 0
95411 0
95556 0
95618 0
95667 0
95715 0
95798 0
95969 0
95983 0
96101 0
96143 0
96236 0
96263 0
96297 0
96299 0
96322 0
96379 0
96384 0
96393 0
96395 0
96424 0
96592 0
96642 0
96719 0
96777 0
96793 0
96974 0
96983 0
97037 0
97097 0
97268 0
97316 0
97417 0
97499 0
97516 0
97566 0
97658 0
97701 0
97721 0
97778 0
97808 0
97830 0
97860 0
97884 0
97887 0
97992 0
98004 0
98009 0
98112 0
98141 0
98152 0
98171 0
98176 0
98178 0
98217 0
98220 0
98253 0
98311 0
98416 0
98540 0
98591 0
98593 0
98600 0
98621 0
98672 0
98673 0
98674 0
98677 0
98792 0
98930 0
99009 0
99018 0
99079 0
99105 0
99168 0
99184 0
99185 0
99216 0
99237 0
99276 0
99290 0
99322 0
99444 0
99626 0
99639 0
99661 0
99679 0
99714 0
99739 0
99803 0
