c This is a uniform distributed  1-D DIMACS file 
c width height point_number
p 100000 100000 2048
52 0
200 0
270 0
275 0
304 0
351 0
388 0
426 0
495 0
522 0
555 0
692 0
779 0
792 0
817 0
826 0
836 0
934 0
941 0
964 0
982 0
1077 0
1120 0
1149 0
1158 0
1251 0
1291 0
1312 0
1353 0
1401 0
1409 0
1427 0
1456 0
1577 0
1668 0
1706 0
1781 0
1819 0
1897 0
1926 0
1973 0
2030 0
2164 0
2166 0
2180 0
2186 0
2273 0
2375 0
2423 0
2439 0
2469 0
2569 0
2571 0
2584 0
2595 0
2629 0
2668 0
2714 0
2858 0
2930 0
2934 0
3023 0
3254 0
3320 0
3326 0
3331 0
3447 0
3457 0
3650 0
3730 0
3738 0
3757 0
3829 0
3854 0
3898 0
3992 0
4007 0
4010 0
4102 0
4178 0
4260 0
4343 0
4401 0
4439 0
4445 0
4451 0
4477 0
4494 0
4503 0
4760 0
4874 0
4930 0
4968 0
4992 0
5000 0
5021 0
5025 0
5031 0
5042 0
5045 0
5119 0
5128 0
5143 0
5149 0
5310 0
5311 0
5330 0
5332 0
5392 0
5597 0
5614 0
5644 0
5836 0
5879 0
5953 0
5969 0
6072 0
6099 0
6110 0
6141 0
6395 0
6435 0
6440 0
6442 0
6605 0
6633 0
6645 0
6667 0
6702 0
6713 0
6736 0
6770 0
6823 0
6913 0
6955 0
7095 0
7159 0
7211 0
7315 0
7336 0
7407 0
7581 0
7616 0
7789 0
7891 0
7934 0
7944 0
8083 0
8174 0
8191 0
8202 0
8213 0
8311 0
8340 0
8457 0
8460 0
8599 0
8600 0
8602 0
8623 0
8662 0
8671 0
8677 0
8836 0
8921 0
8986 0
9038 0
9056 0
9070 0
9129 0
9132 0
9297 0
9365 0
9377 0
9505 0
9525 0
9650 0
9683 0
9699 0
9701 0
9712 0
9719 0
9852 0
9910 0
9931 0
9933 0
9939 0
10007 0
10022 0
10030 0
10046 0
10067 0
10121 0
10157 0
10169 0
10235 0
10257 0
10349 0
10404 0
10458 0
10467 0
10469 0
10537 0
10563 0
10606 0
10659 0
10667 0
10683 0
10744 0
10772 0
10801 0
10837 0
10938 0
10989 0
11078 0
11121 0
11190 0
11203 0
11230 0
11275 0
11321 0
11490 0
11540 0
11553 0
11559 0
11594 0
11604 0
11668 0
11748 0
11752 0
11815 0
11818 0
11868 0
11870 0
11907 0
11910 0
12177 0
12237 0
12247 0
12252 0
12346 0
12353 0
12426 0
12433 0
12633 0
12674 0
12711 0
12775 0
12780 0
12784 0
12810 0
12818 0
12852 0
12887 0
12892 0
12917 0
12927 0
12944 0
12975 0
13028 0
13081 0
13092 0
13141 0
13161 0
13221 0
13269 0
13284 0
13351 0
13391 0
13489 0
13534 0
13542 0
13562 0
13640 0
13665 0
13672 0
13685 0
13809 0
13849 0
13856 0
13878 0
13957 0
13998 0
14011 0
14031 0
14060 0
14107 0
14118 0
14229 0
14239 0
14336 0
14410 0
14427 0
14435 0
14533 0
14605 0
14609 0
14729 0
14838 0
15001 0
15132 0
15207 0
15212 0
15213 0
15292 0
15323 0
15354 0
15464 0
15579 0
15582 0
15631 0
15753 0
15831 0
15837 0
15917 0
16061 0
16063 0
16167 0
16196 0
16203 0
16218 0
16243 0
16248 0
16275 0
16322 0
16338 0
16397 0
16440 0
16448 0
16517 0
16599 0
16608 0
16716 0
16717 0
16794 0
16843 0
16857 0
16910 0
16945 0
16998 0
17001 0
17005 0
17168 0
17202 0
17221 0
17258 0
17311 0
17343 0
17346 0
17382 0
17436 0
17556 0
17582 0
17617 0
17820 0
17886 0
17919 0
17940 0
17973 0
17978 0
17991 0
18016 0
18022 0
18026 0
18098 0
18158 0
18238 0
18309 0
18406 0
18423 0
18429 0
18438 0
18467 0
18537 0
18598 0
18670 0
18740 0
18786 0
18790 0
18824 0
18925 0
18965 0
19000 0
19033 0
19086 0
19188 0
19196 0
19223 0
19425 0
19454 0
19599 0
19763 0
19825 0
19849 0
19886 0
19939 0
19951 0
19958 0
19987 0
20033 0
20085 0
20089 0
20131 0
20133 0
20142 0
20159 0
20175 0
20209 0
20216 0
20220 0
20277 0
20363 0
20364 0
20388 0
20407 0
20498 0
20515 0
20548 0
20608 0
20697 0
20741 0
20881 0
20927 0
20996 0
21022 0
21068 0
21122 0
21221 0
21247 0
21280 0
21281 0
21343 0
21409 0
21552 0
21689 0
21723 0
21773 0
21812 0
21841 0
21909 0
21931 0
21994 0
22017 0
22071 0
22075 0
22086 0
22145 0
22227 0
22288 0
22289 0
22342 0
22400 0
22404 0
22454 0
22466 0
22467 0
22499 0
22505 0
22518 0
22572 0
22683 0
22750 0
22774 0
22802 0
22837 0
22878 0
22978 0
23039 0
23066 0
23100 0
23132 0
23174 0
23190 0
23215 0
23331 0
23378 0
23432 0
23440 0
23466 0
23495 0
23522 0
23560 0
23600 0
23672 0
23690 0
23809 0
23831 0
23835 0
23845 0
23869 0
23880 0
23888 0
23947 0
23962 0
23993 0
24004 0
24105 0
24182 0
24240 0
24302 0
24324 0
24336 0
24341 0
24370 0
24523 0
24575 0
24585 0
24702 0
24716 0
24876 0
24921 0
24941 0
25032 0
25044 0
25081 0
25297 0
25314 0
25319 0
25325 0
25340 0
25506 0
25513 0
25514 0
25524 0
25586 0
25624 0
25649 0
25672 0
25685 0
25691 0
25709 0
25803 0
25836 0
25849 0
25874 0
25964 0
25979 0
26026 0
26160 0
26264 0
26276 0
26349 0
26365 0
26372 0
26506 0
26594 0
26700 0
26711 0
26794 0
26795 0
26931 0
26946 0
26973 0
27026 0
27047 0
27086 0
27155 0
27233 0
27360 0
27405 0
27445 0
27460 0
27502 0
27540 0
27583 0
27606 0
27623 0
27660 0
27667 0
27699 0
27732 0
27832 0
27853 0
27906 0
27915 0
27919 0
27944 0
27976 0
28014 0
28101 0
28185 0
28238 0
28248 0
28260 0
28390 0
28472 0
28702 0
28706 0
28715 0
28862 0
28953 0
29006 0
29056 0
29070 0
29144 0
29217 0
29355 0
29356 0
29386 0
29435 0
29446 0
29448 0
29456 0
29557 0
29652 0
29736 0
29743 0
29745 0
29749 0
29799 0
29813 0
29889 0
29899 0
29922 0
29936 0
29973 0
29991 0
30041 0
30077 0
30153 0
30246 0
30277 0
30294 0
30314 0
30431 0
30566 0
30574 0
30607 0
30675 0
30951 0
30980 0
31035 0
31038 0
31081 0
31088 0
31123 0
31149 0
31244 0
31267 0
31282 0
31284 0
31330 0
31411 0
31510 0
31528 0
31572 0
31580 0
31581 0
31590 0
31615 0
31617 0
31682 0
31686 0
31701 0
31790 0
31909 0
31920 0
31921 0
31987 0
32001 0
32024 0
32072 0
32115 0
32126 0
32158 0
32187 0
32336 0
32341 0
32472 0
32563 0
32597 0
32642 0
32877 0
32893 0
33111 0
33131 0
33272 0
33347 0
33361 0
33403 0
33416 0
33420 0
33575 0
33595 0
33709 0
33770 0
33771 0
33799 0
33837 0
33877 0
33954 0
33999 0
34035 0
34073 0
34114 0
34153 0
34156 0
34163 0
34166 0
34168 0
34304 0
34324 0
34360 0
34369 0
34439 0
34462 0
34485 0
34527 0
34593 0
34614 0
34615 0
34662 0
34735 0
34752 0
34774 0
34796 0
34816 0
34828 0
34872 0
34897 0
34908 0
34918 0
35070 0
35091 0
35106 0
35180 0
35198 0
35256 0
35341 0
35354 0
35386 0
35417 0
35482 0
35511 0
35579 0
35584 0
35593 0
35601 0
35621 0
35628 0
35690 0
35812 0
35827 0
35863 0
35866 0
36075 0
36178 0
36206 0
36210 0
36258 0
36259 0
36276 0
36380 0
36436 0
36486 0
36499 0
36707 0
36762 0
36816 0
36849 0
36950 0
36956 0
37062 0
37089 0
37103 0
37151 0
37152 0
37166 0
37211 0
37238 0
37239 0
37264 0
37325 0
37377 0
37389 0
37414 0
37446 0
37487 0
37488 0
37606 0
37758 0
37795 0
37863 0
37897 0
37925 0
38066 0
38122 0
38125 0
38137 0
38152 0
38182 0
38420 0
38542 0
38577 0
38597 0
38650 0
38760 0
38761 0
38766 0
38814 0
38927 0
38947 0
38972 0
38990 0
39007 0
39030 0
39069 0
39210 0
39239 0
39244 0
39431 0
39466 0
39532 0
39599 0
39619 0
39620 0
39625 0
39646 0
39704 0
39756 0
39822 0
39831 0
39849 0
39873 0
39939 0
39968 0
40014 0
40032 0
40143 0
40173 0
40179 0
40240 0
40284 0
40465 0
40494 0
40521 0
40536 0
40538 0
40629 0
40792 0
40807 0
40889 0
40929 0
40943 0
41026 0
41039 0
41052 0
41069 0
41095 0
41151 0
41160 0
41303 0
41306 0
41366 0
41512 0
41568 0
41631 0
41643 0
41653 0
41660 0
41697 0
41714 0
41780 0
41983 0
42093 0
42096 0
42121 0
42148 0
42265 0
42327 0
42376 0
42491 0
42493 0
42544 0
42574 0
42714 0
42750 0
42853 0
42873 0
42883 0
42927 0
42953 0
42976 0
42979 0
42986 0
43004 0
43132 0
43219 0
43235 0
43351 0
43430 0
43441 0
43499 0
43500 0
43514 0
43539 0
43566 0
43631 0
43686 0
43725 0
43744 0
43778 0
43824 0
43958 0
44001 0
44049 0
44149 0
44153 0
44167 0
44177 0
44194 0
44222 0
44268 0
44278 0
44300 0
44334 0
44407 0
44436 0
44478 0
44517 0
44525 0
44546 0
44612 0
44685 0
44732 0
44748 0
44757 0
44816 0
44833 0
44928 0
44983 0
45048 0
45056 0
45157 0
45186 0
45195 0
45216 0
45237 0
45272 0
45275 0
45277 0
45333 0
45379 0
45394 0
45503 0
45572 0
45577 0
45611 0
45645 0
45661 0
45712 0
45734 0
45767 0
45974 0
45998 0
46173 0
46255 0
46324 0
46406 0
46423 0
46459 0
46464 0
46472 0
46618 0
46644 0
46665 0
46701 0
46713 0
46751 0
46832 0
46891 0
46899 0
46905 0
46966 0
46970 0
47033 0
47046 0
47109 0
47147 0
47168 0
47331 0
47345 0
47354 0
47399 0
47417 0
47688 0
47760 0
47765 0
47812 0
47835 0
48099 0
48132 0
48166 0
48176 0
48336 0
48352 0
48380 0
48381 0
48447 0
48448 0
48522 0
48686 0
48713 0
48721 0
48764 0
48878 0
48964 0
49134 0
49158 0
49163 0
49299 0
49336 0
49395 0
49436 0
49457 0
49458 0
49476 0
49482 0
49586 0
49649 0
49705 0
49718 0
49782 0
49789 0
49790 0
49807 0
49861 0
49876 0
50028 0
50089 0
50211 0
50286 0
50320 0
50387 0
50421 0
50427 0
50452 0
50462 0
50468 0
50547 0
50554 0
50568 0
50606 0
50674 0
50701 0
50821 0
50882 0
50928 0
50937 0
50985 0
51070 0
51086 0
51105 0
51144 0
51148 0
51182 0
51209 0
51251 0
51262 0
51299 0
51354 0
51372 0
51442 0
51458 0
51516 0
51522 0
51528 0
51760 0
51900 0
51946 0
51963 0
51968 0
51982 0
52003 0
52030 0
52083 0
52126 0
52134 0
52164 0
52171 0
52263 0
52276 0
52320 0
52343 0
52442 0
52453 0
52502 0
52538 0
52670 0
52779 0
52792 0
52821 0
52963 0
53001 0
53022 0
53119 0
53149 0
53175 0
53241 0
53380 0
53404 0
53479 0
53503 0
53545 0
53596 0
53700 0
53702 0
53734 0
53761 0
53795 0
53819 0
53837 0
53881 0
54047 0
54062 0
54071 0
54153 0
54248 0
54252 0
54504 0
54574 0
54930 0
54937 0
55003 0
55013 0
55063 0
55303 0
55366 0
55371 0
55578 0
55674 0
55730 0
55772 0
55774 0
55818 0
55821 0
55822 0
55834 0
55840 0
55860 0
55901 0
55928 0
55946 0
55996 0
56016 0
56057 0
56201 0
56214 0
56307 0
56348 0
56357 0
56371 0
56420 0
56448 0
56525 0
56569 0
56715 0
56741 0
56759 0
56762 0
56798 0
56840 0
56869 0
56929 0
57009 0
57012 0
57075 0
57088 0
57119 0
57263 0
57356 0
57424 0
57432 0
57501 0
57864 0
57906 0
57941 0
57945 0
57973 0
58015 0
58031 0
58056 0
58110 0
58112 0
58170 0
58188 0
58209 0
58246 0
58266 0
58275 0
58308 0
58337 0
58474 0
58478 0
58570 0
58687 0
58741 0
58954 0
58977 0
58992 0
59115 0
59154 0
59246 0
59285 0
59344 0
59348 0
59350 0
59399 0
59524 0
59550 0
59626 0
59636 0
59711 0
59751 0
59798 0
59884 0
60074 0
60164 0
60254 0
60295 0
60369 0
60422 0
60455 0
60523 0
60548 0
60573 0
60579 0
60645 0
60648 0
60653 0
60682 0
60768 0
60888 0
60907 0
60974 0
60986 0
61091 0
61113 0
61124 0
61148 0
61153 0
61196 0
61209 0
61263 0
61294 0
61347 0
61355 0
61382 0
61422 0
61466 0
61522 0
61529 0
61554 0
61561 0
61581 0
61630 0
61696 0
61725 0
61756 0
61795 0
61796 0
61876 0
61951 0
61964 0
62072 0
62151 0
62153 0
62221 0
62460 0
62488 0
62527 0
62566 0
62596 0
62600 0
62630 0
62636 0
62665 0
62928 0
63012 0
63021 0
63029 0
63115 0
63241 0
63354 0
63363 0
63379 0
63381 0
63387 0
63410 0
63452 0
63484 0
63504 0
63517 0
63532 0
63599 0
63676 0
63771 0
63816 0
63825 0
63829 0
63846 0
63876 0
63913 0
63937 0
63951 0
63955 0
63996 0
64000 0
64014 0
64022 0
64039 0
64044 0
64103 0
64195 0
64331 0
64352 0
64528 0
64549 0
64582 0
64681 0
64722 0
64842 0
64931 0
65018 0
65099 0
65160 0
65223 0
65226 0
65258 0
65397 0
65452 0
65825 0
65876 0
65879 0
65881 0
65910 0
66039 0
66069 0
66228 0
66254 0
66268 0
66317 0
66335 0
66339 0
66378 0
66387 0
66421 0
66435 0
66587 0
66644 0
66677 0
66737 0
66767 0
66779 0
66794 0
66828 0
66852 0
66856 0
66907 0
66981 0
67022 0
67037 0
67148 0
67193 0
67309 0
67329 0
67372 0
67418 0
67421 0
67470 0
67481 0
67487 0
67504 0
67528 0
67529 0
67605 0
67607 0
67666 0
67678 0
67695 0
67696 0
67718 0
67751 0
67796 0
67801 0
67818 0
67828 0
67853 0
67871 0
67984 0
68032 0
68035 0
68063 0
68071 0
68084 0
68102 0
68172 0
68357 0
68365 0
68389 0
68394 0
68410 0
68463 0
68492 0
68591 0
68727 0
68753 0
68769 0
68811 0
68945 0
68949 0
68954 0
68961 0
68995 0
69083 0
69152 0
69211 0
69240 0
69262 0
69352 0
69378 0
69424 0
69440 0
69464 0
69479 0
69497 0
69545 0
69703 0
69719 0
69745 0
69782 0
69801 0
69809 0
69834 0
69843 0
69907 0
70046 0
70057 0
70112 0
70154 0
70162 0
70288 0
70297 0
70405 0
70443 0
70525 0
70661 0
70869 0
70887 0
70894 0
70921 0
71005 0
71049 0
71117 0
71119 0
71207 0
71228 0
71271 0
71306 0
71442 0
71610 0
71712 0
71717 0
71740 0
71795 0
71827 0
71926 0
71933 0
72120 0
72134 0
72136 0
72143 0
72155 0
72198 0
72224 0
72269 0
72274 0
72568 0
72600 0
72616 0
72640 0
72760 0
72798 0
72816 0
72967 0
73115 0
73141 0
73161 0
73262 0
73286 0
73328 0
73364 0
73367 0
73417 0
73488 0
73563 0
73593 0
73662 0
73667 0
73679 0
73765 0
73769 0
73805 0
73858 0
73879 0
73884 0
73938 0
73968 0
73985 0
74015 0
74030 0
74039 0
74102 0
74120 0
74133 0
74171 0
74180 0
74256 0
74440 0
74497 0
74610 0
74663 0
74704 0
74715 0
74745 0
74755 0
74764 0
74796 0
74924 0
74953 0
74966 0
75051 0
75117 0
75125 0
75140 0
75184 0
75311 0
75341 0
75417 0
75537 0
75539 0
75553 0
75582 0
75715 0
75726 0
75748 0
75761 0
75771 0
75783 0
75850 0
75925 0
76014 0
76254 0
76269 0
76327 0
76334 0
76370 0
76422 0
76423 0
76465 0
76500 0
76525 0
76564 0
76749 0
76754 0
76773 0
76914 0
76947 0
77050 0
77120 0
77140 0
77158 0
77251 0
77256 0
77337 0
77379 0
77388 0
77424 0
77425 0
77433 0
77457 0
77543 0
77562 0
77690 0
77736 0
77758 0
77764 0
77780 0
77984 0
78017 0
78028 0
78039 0
78119 0
78152 0
78180 0
78257 0
78296 0
78318 0
78531 0
78629 0
78630 0
78646 0
78668 0
78706 0
78722 0
78769 0
78793 0
78867 0
78886 0
78893 0
78927 0
78987 0
79018 0
79020 0
79033 0
79058 0
79179 0
79186 0
79271 0
79287 0
79316 0
79340 0
79345 0
79349 0
79376 0
79403 0
79448 0
79521 0
79544 0
79559 0
79599 0
79600 0
79637 0
79684 0
79712 0
79719 0
79727 0
79808 0
79819 0
79820 0
79854 0
79912 0
80020 0
80107 0
80251 0
80309 0
80456 0
80467 0
80491 0
80579 0
80609 0
80626 0
80633 0
80711 0
80731 0
80946 0
80947 0
81004 0
81005 0
81062 0
81170 0
81222 0
81244 0
81345 0
81351 0
81377 0
81493 0
81495 0
81576 0
81579 0
81658 0
81677 0
81708 0
81869 0
81959 0
81997 0
82035 0
82051 0
82086 0
82088 0
82104 0
82111 0
82116 0
82158 0
82190 0
82261 0
82284 0
82482 0
82549 0
82561 0
82571 0
82634 0
82873 0
82941 0
83070 0
83108 0
83130 0
83241 0
83251 0
83270 0
83330 0
83442 0
83444 0
83455 0
83470 0
83556 0
83568 0
83653 0
83724 0
83729 0
83823 0
83872 0
83880 0
83907 0
83978 0
84031 0
84041 0
84116 0
84207 0
84221 0
84350 0
84389 0
84611 0
84687 0
84697 0
84714 0
84747 0
84833 0
84834 0
84837 0
84867 0
84998 0
85040 0
85041 0
85058 0
85080 0
85186 0
85213 0
85242 0
85251 0
85257 0
85288 0
85302 0
85337 0
85349 0
85357 0
85477 0
85489 0
85505 0
85552 0
85615 0
85628 0
85630 0
85663 0
85674 0
85687 0
85707 0
85712 0
85876 0
86006 0
86007 0
86039 0
86074 0
86135 0
86174 0
86176 0
86179 0
86352 0
86465 0
86518 0
86529 0
86549 0
86650 0
86679 0
86770 0
86778 0
86811 0
86878 0
86886 0
86934 0
86936 0
86950 0
87095 0
87132 0
87153 0
87198 0
87272 0
87309 0
87366 0
87410 0
87427 0
87441 0
87443 0
87450 0
87591 0
87694 0
87696 0
87704 0
87748 0
87776 0
87869 0
87952 0
88040 0
88075 0
88088 0
88209 0
88250 0
88386 0
88399 0
88495 0
88501 0
88520 0
88570 0
88667 0
88700 0
88719 0
88784 0
88788 0
88797 0
88798 0
88822 0
88837 0
88842 0
88844 0
88867 0
88892 0
88899 0
89001 0
89009 0
89107 0
89186 0
89219 0
89224 0
89244 0
89362 0
89393 0
89422 0
89459 0
89499 0
89508 0
89605 0
89607 0
89687 0
89762 0
89779 0
89849 0
89892 0
89908 0
89922 0
89950 0
89953 0
89978 0
90061 0
90204 0
90294 0
90369 0
90448 0
90477 0
90569 0
90616 0
90713 0
90729 0
90770 0
90809 0
90821 0
90844 0
90877 0
90935 0
90962 0
90992 0
91039 0
91117 0
91127 0
91136 0
91205 0
91287 0
91303 0
91320 0
91322 0
91411 0
91466 0
91470 0
91525 0
91592 0
91635 0
91715 0
91745 0
91767 0
91868 0
91989 0
92003 0
92009 0
92019 0
92074 0
92158 0
92207 0
92247 0
92275 0
92300 0
92303 0
92388 0
92472 0
92508 0
92770 0
92887 0
92896 0
92912 0
92924 0
92971 0
92975 0
93015 0
93034 0
93232 0
93347 0
93370 0
93377 0
93426 0
93480 0
93506 0
93511 0
93529 0
93598 0
93603 0
93621 0
93655 0
93716 0
93788 0
93829 0
93850 0
93855 0
93858 0
93873 0
93938 0
93957 0
94059 0
94096 0
94157 0
94192 0
94199 0
94253 0
94284 0
94297 0
94326 0
94330 0
94367 0
94373 0
94604 0
94640 0
94648 0
94660 0
94664 0
94814 0
94826 0
94831 0
94867 0
94879 0
94897 0
94906 0
94927 0
94967 0
94992 0
95059 0
95082 0
95261 0
95304 0
95313 0
95315 0
95359 0
95364 0
95374 0
95414 0
95446 0
95638 0
95654 0
95808 0
95845 0
95884 0
95895 0
95995 0
96105 0
96131 0
96227 0
96275 0
96302 0
96310 0
96397 0
96401 0
96454 0
96458 0
96512 0
96833 0
96840 0
96856 0
96863 0
96932 0
97001 0
97030 0
97172 0
97209 0
97219 0
97232 0
97305 0
97457 0
97535 0
97579 0
97635 0
97652 0
97663 0
97664 0
97714 0
97762 0
97825 0
97829 0
97911 0
97974 0
98205 0
98363 0
98395 0
98480 0
98495 0
98513 0
98528 0
98533 0
98553 0
98555 0
98598 0
98615 0
98794 0
98893 0
98923 0
99005 0
99036 0
99041 0
99105 0
99155 0
99291 0
99458 0
99470 0
99483 0
99509 0
99533 0
99553 0
99617 0
99651 0
99847 0
99944 0
99965 0
99972 0
