c This is a uniform distributed  1-D DIMACS file 
c width height point_number
p 100000 100000 2048
305 0
333 0
345 0
372 0
443 0
612 0
638 0
666 0
773 0
944 0
956 0
991 0
1004 0
1071 0
1097 0
1132 0
1151 0
1174 0
1175 0
1248 0
1296 0
1316 0
1357 0
1405 0
1481 0
1489 0
1578 0
1602 0
1620 0
1646 0
1671 0
1732 0
1936 0
1953 0
2044 0
2101 0
2109 0
2115 0
2297 0
2480 0
2602 0
2605 0
2682 0
2691 0
2847 0
2849 0
2918 0
2933 0
2960 0
3000 0
3013 0
3033 0
3035 0
3040 0
3092 0
3199 0
3214 0
3216 0
3221 0
3242 0
3305 0
3334 0
3412 0
3423 0
3427 0
3449 0
3637 0
3686 0
3744 0
3779 0
3813 0
3851 0
3958 0
3992 0
3996 0
4047 0
4084 0
4136 0
4167 0
4237 0
4264 0
4469 0
4481 0
4500 0
4587 0
4604 0
4622 0
4638 0
4663 0
4689 0
4811 0
4845 0
4863 0
4890 0
4895 0
4999 0
5017 0
5139 0
5252 0
5257 0
5291 0
5315 0
5322 0
5346 0
5352 0
5388 0
5517 0
5561 0
5624 0
5659 0
5678 0
5814 0
5829 0
5854 0
6010 0
6091 0
6126 0
6181 0
6286 0
6292 0
6379 0
6433 0
6520 0
6558 0
6587 0
6655 0
6697 0
6755 0
6856 0
6859 0
6889 0
6955 0
7040 0
7051 0
7113 0
7143 0
7208 0
7271 0
7275 0
7365 0
7459 0
7482 0
7565 0
7718 0
7762 0
7822 0
7863 0
7880 0
7917 0
7942 0
8074 0
8081 0
8082 0
8086 0
8087 0
8130 0
8149 0
8157 0
8172 0
8206 0
8292 0
8342 0
8343 0
8347 0
8433 0
8457 0
8496 0
8576 0
8580 0
8602 0
8606 0
8728 0
8896 0
8911 0
8948 0
8997 0
9030 0
9106 0
9107 0
9118 0
9129 0
9203 0
9232 0
9253 0
9293 0
9317 0
9352 0
9359 0
9424 0
9489 0
9583 0
9593 0
9625 0
9663 0
9669 0
9742 0
9834 0
9848 0
9900 0
10074 0
10096 0
10170 0
10196 0
10316 0
10433 0
10451 0
10491 0
10521 0
10573 0
10641 0
10694 0
10695 0
10701 0
10736 0
10740 0
10779 0
10782 0
10803 0
10821 0
10849 0
10914 0
11087 0
11119 0
11134 0
11141 0
11158 0
11185 0
11210 0
11221 0
11313 0
11373 0
11407 0
11437 0
11532 0
11563 0
11643 0
11856 0
11874 0
11912 0
12089 0
12143 0
12158 0
12253 0
12269 0
12298 0
12333 0
12479 0
12510 0
12538 0
12624 0
12651 0
12663 0
12672 0
12698 0
12774 0
12800 0
12812 0
12896 0
12963 0
13044 0
13065 0
13095 0
13157 0
13258 0
13324 0
13331 0
13332 0
13348 0
13472 0
13504 0
13614 0
13619 0
13626 0
13651 0
13666 0
13680 0
13761 0
13774 0
13803 0
13824 0
13917 0
13981 0
14008 0
14023 0
14048 0
14057 0
14132 0
14153 0
14197 0
14225 0
14366 0
14480 0
14509 0
14515 0
14540 0
14568 0
14618 0
14620 0
14646 0
14814 0
14826 0
14835 0
14918 0
14937 0
14946 0
15004 0
15005 0
15030 0
15074 0
15159 0
15186 0
15254 0
15405 0
15533 0
15569 0
15617 0
15706 0
15732 0
15745 0
15797 0
15888 0
15971 0
16033 0
16069 0
16157 0
16159 0
16280 0
16312 0
16434 0
16460 0
16506 0
16520 0
16600 0
16610 0
16646 0
16655 0
16674 0
16740 0
16760 0
16798 0
16883 0
16908 0
16963 0
16974 0
16976 0
17011 0
17128 0
17150 0
17157 0
17239 0
17257 0
17291 0
17329 0
17336 0
17356 0
17445 0
17458 0
17464 0
17629 0
17750 0
17873 0
17925 0
18192 0
18202 0
18270 0
18275 0
18304 0
18368 0
18503 0
18519 0
18556 0
18593 0
18613 0
18681 0
18760 0
18801 0
18877 0
19132 0
19138 0
19186 0
19208 0
19253 0
19271 0
19294 0
19342 0
19350 0
19534 0
19582 0
19602 0
19641 0
19642 0
19689 0
19723 0
19821 0
19831 0
19906 0
19973 0
20009 0
20102 0
20258 0
20343 0
20489 0
20493 0
20507 0
20551 0
20687 0
20739 0
20751 0
20754 0
20758 0
20767 0
20935 0
20944 0
21031 0
21039 0
21104 0
21155 0
21183 0
21202 0
21276 0
21319 0
21382 0
21391 0
21420 0
21449 0
21471 0
21545 0
21560 0
21583 0
21616 0
21659 0
21667 0
21724 0
21777 0
21898 0
22061 0
22106 0
22111 0
22163 0
22278 0
22300 0
22412 0
22454 0
22467 0
22609 0
22611 0
22679 0
22702 0
22754 0
22780 0
22811 0
22836 0
22859 0
22878 0
22889 0
22902 0
23136 0
23160 0
23493 0
23512 0
23528 0
23593 0
23606 0
23636 0
23651 0
23769 0
23823 0
23883 0
23913 0
23926 0
23983 0
23997 0
24007 0
24141 0
24186 0
24187 0
24258 0
24299 0
24390 0
24784 0
24786 0
24897 0
24918 0
24933 0
24943 0
24948 0
24970 0
25014 0
25076 0
25088 0
25217 0
25242 0
25352 0
25368 0
25409 0
25524 0
25572 0
25592 0
25709 0
25797 0
25800 0
25837 0
25858 0
25985 0
26058 0
26144 0
26165 0
26245 0
26252 0
26328 0
26372 0
26389 0
26459 0
26483 0
26539 0
26601 0
26629 0
26702 0
26735 0
26750 0
26855 0
26982 0
26992 0
27008 0
27077 0
27097 0
27138 0
27157 0
27165 0
27218 0
27223 0
27264 0
27272 0
27315 0
27353 0
27361 0
27406 0
27520 0
27528 0
27532 0
27605 0
27709 0
27817 0
27830 0
27852 0
27953 0
27958 0
27964 0
28028 0
28033 0
28083 0
28259 0
28304 0
28324 0
28407 0
28440 0
28575 0
28582 0
28632 0
28641 0
28665 0
28678 0
28730 0
28739 0
28778 0
28824 0
28830 0
28853 0
28963 0
29036 0
29171 0
29195 0
29219 0
29228 0
29270 0
29271 0
29309 0
29325 0
29326 0
29369 0
29381 0
29494 0
29556 0
29662 0
29665 0
29719 0
29759 0
29864 0
29904 0
30018 0
30019 0
30076 0
30088 0
30100 0
30109 0
30111 0
30169 0
30214 0
30224 0
30299 0
30322 0
30401 0
30544 0
30558 0
30653 0
30740 0
30745 0
30754 0
30787 0
30814 0
30852 0
30907 0
30953 0
31045 0
31079 0
31115 0
31173 0
31199 0
31240 0
31402 0
31418 0
31422 0
31529 0
31545 0
31556 0
31575 0
31725 0
31803 0
31892 0
31943 0
31960 0
31973 0
31976 0
32009 0
32044 0
32105 0
32124 0
32261 0
32265 0
32349 0
32377 0
32397 0
32413 0
32455 0
32522 0
32570 0
32612 0
32614 0
32683 0
32846 0
32854 0
32921 0
33015 0
33102 0
33117 0
33119 0
33164 0
33171 0
33247 0
33271 0
33277 0
33312 0
33334 0
33401 0
33467 0
33567 0
33572 0
33623 0
33636 0
33649 0
33813 0
33897 0
33955 0
33968 0
34249 0
34268 0
34288 0
34316 0
34354 0
34517 0
34611 0
34613 0
34618 0
34621 0
34840 0
34936 0
35282 0
35308 0
35333 0
35427 0
35432 0
35461 0
35490 0
35625 0
35679 0
35772 0
35867 0
35881 0
35908 0
35937 0
36038 0
36055 0
36069 0
36082 0
36095 0
36099 0
36155 0
36172 0
36189 0
36215 0
36301 0
36319 0
36320 0
36348 0
36410 0
36447 0
36453 0
36483 0
36507 0
36529 0
36538 0
36605 0
36698 0
36760 0
36814 0
36850 0
36960 0
37082 0
37098 0
37108 0
37133 0
37202 0
37304 0
37307 0
37337 0
37396 0
37513 0
37532 0
37552 0
37554 0
37580 0
37659 0
37726 0
37791 0
37854 0
37951 0
38081 0
38128 0
38129 0
38171 0
38280 0
38295 0
38305 0
38309 0
38318 0
38365 0
38421 0
38428 0
38458 0
38496 0
38675 0
38779 0
38798 0
38875 0
38892 0
38932 0
38983 0
39095 0
39124 0
39175 0
39200 0
39297 0
39402 0
39453 0
39454 0
39469 0
39527 0
39590 0
39650 0
39861 0
39951 0
40125 0
40204 0
40209 0
40238 0
40320 0
40345 0
40356 0
40389 0
40526 0
40557 0
40566 0
40619 0
40681 0
40688 0
40716 0
40787 0
40805 0
40813 0
40876 0
40919 0
40981 0
40982 0
40987 0
41196 0
41284 0
41417 0
41504 0
41515 0
41557 0
41667 0
41685 0
41794 0
41886 0
41901 0
41933 0
41946 0
41952 0
41968 0
41974 0
41977 0
41981 0
42012 0
42066 0
42141 0
42339 0
42385 0
42400 0
42445 0
42450 0
42492 0
42526 0
42529 0
42544 0
42608 0
42610 0
42611 0
42638 0
42803 0
42826 0
42851 0
43077 0
43085 0
43193 0
43218 0
43278 0
43336 0
43391 0
43465 0
43507 0
43781 0
43800 0
43845 0
43936 0
43996 0
44043 0
44142 0
44148 0
44249 0
44267 0
44322 0
44425 0
44434 0
44477 0
44588 0
44643 0
44647 0
44755 0
44771 0
44802 0
44902 0
44965 0
45000 0
45017 0
45069 0
45093 0
45101 0
45146 0
45154 0
45191 0
45311 0
45376 0
45378 0
45381 0
45425 0
45442 0
45446 0
45495 0
45506 0
45508 0
45544 0
45570 0
45602 0
45626 0
45641 0
45651 0
45696 0
45703 0
45717 0
45736 0
45739 0
45746 0
45756 0
45827 0
45860 0
45946 0
45984 0
46024 0
46066 0
46159 0
46193 0
46199 0
46240 0
46257 0
46334 0
46345 0
46374 0
46433 0
46459 0
46528 0
46550 0
46622 0
46629 0
46632 0
46639 0
46701 0
46741 0
46775 0
46919 0
47033 0
47055 0
47067 0
47111 0
47195 0
47347 0
47424 0
47431 0
47454 0
47501 0
47510 0
47706 0
47723 0
47754 0
47776 0
47887 0
47893 0
47925 0
47926 0
47976 0
48022 0
48048 0
48050 0
48054 0
48118 0
48121 0
48137 0
48386 0
48393 0
48433 0
48452 0
48461 0
48623 0
48643 0
48665 0
48683 0
48690 0
48717 0
48774 0
48976 0
48984 0
48999 0
49252 0
49278 0
49285 0
49343 0
49397 0
49480 0
49540 0
49690 0
49696 0
49737 0
49770 0
49793 0
49861 0
49896 0
49922 0
49970 0
50042 0
50058 0
50106 0
50151 0
50163 0
50301 0
50309 0
50362 0
50452 0
50474 0
50481 0
50511 0
50578 0
50621 0
50660 0
50679 0
50687 0
50703 0
50705 0
50741 0
50747 0
50947 0
51089 0
51140 0
51142 0
51145 0
51153 0
51194 0
51259 0
51337 0
51452 0
51456 0
51626 0
51691 0
51729 0
51822 0
51853 0
51903 0
52035 0
52046 0
52091 0
52110 0
52116 0
52119 0
52161 0
52193 0
52273 0
52315 0
52351 0
52396 0
52419 0
52423 0
52446 0
52482 0
52489 0
52498 0
52536 0
52560 0
52623 0
52651 0
52852 0
52870 0
52885 0
52946 0
52960 0
53030 0
53221 0
53253 0
53271 0
53280 0
53309 0
53336 0
53352 0
53382 0
53383 0
53402 0
53552 0
53558 0
53570 0
53621 0
53668 0
53751 0
53854 0
53950 0
54060 0
54128 0
54311 0
54353 0
54400 0
54419 0
54498 0
54540 0
54555 0
54587 0
54596 0
54619 0
54676 0
54729 0
54816 0
54848 0
54850 0
54866 0
54892 0
55035 0
55062 0
55105 0
55110 0
55190 0
55209 0
55211 0
55263 0
55269 0
55280 0
55313 0
55395 0
55459 0
55526 0
55573 0
55578 0
55601 0
55760 0
55843 0
55882 0
55933 0
55947 0
55966 0
55975 0
56039 0
56121 0
56158 0
56174 0
56189 0
56201 0
56228 0
56317 0
56342 0
56384 0
56491 0
56552 0
56596 0
56599 0
56658 0
56806 0
56834 0
56853 0
56891 0
56962 0
56999 0
57023 0
57149 0
57157 0
57297 0
57313 0
57346 0
57359 0
57376 0
57380 0
57389 0
57519 0
57632 0
57660 0
57664 0
57692 0
57767 0
57857 0
57883 0
57976 0
57997 0
58007 0
58025 0
58050 0
58169 0
58205 0
58209 0
58237 0
58259 0
58273 0
58301 0
58336 0
58370 0
58479 0
58522 0
58535 0
58612 0
58628 0
58705 0
58730 0
58803 0
58849 0
58959 0
58987 0
59009 0
59092 0
59113 0
59132 0
59133 0
59183 0
59250 0
59256 0
59260 0
59296 0
59303 0
59348 0
59378 0
59392 0
59416 0
59428 0
59475 0
59494 0
59497 0
59547 0
59553 0
59564 0
59741 0
59752 0
59771 0
59800 0
59803 0
59961 0
59968 0
60063 0
60131 0
60235 0
60309 0
60335 0
60380 0
60477 0
60532 0
60534 0
60552 0
60562 0
60785 0
60936 0
61184 0
61188 0
61298 0
61299 0
61369 0
61484 0
61572 0
61616 0
61631 0
61650 0
61711 0
61720 0
61724 0
61781 0
61809 0
61839 0
61903 0
61962 0
61985 0
62055 0
62178 0
62181 0
62377 0
62523 0
62527 0
62550 0
62560 0
62595 0
62601 0
62668 0
62721 0
62731 0
62892 0
62985 0
63012 0
63025 0
63191 0
63245 0
63357 0
63385 0
63594 0
63753 0
63796 0
63851 0
63860 0
63935 0
64036 0
64041 0
64080 0
64090 0
64250 0
64269 0
64367 0
64431 0
64538 0
64612 0
64627 0
64685 0
64702 0
64713 0
64733 0
64738 0
64756 0
64814 0
64865 0
64896 0
64958 0
64996 0
65005 0
65015 0
65072 0
65129 0
65130 0
65133 0
65226 0
65234 0
65291 0
65306 0
65312 0
65450 0
65463 0
65489 0
65520 0
65556 0
65588 0
65873 0
65967 0
65998 0
66008 0
66134 0
66158 0
66162 0
66178 0
66197 0
66230 0
66265 0
66325 0
66341 0
66388 0
66390 0
66414 0
66488 0
66515 0
66522 0
66596 0
66716 0
66718 0
66851 0
66879 0
66900 0
66924 0
66953 0
67036 0
67089 0
67148 0
67150 0
67254 0
67402 0
67438 0
67508 0
67544 0
67610 0
67652 0
67688 0
67689 0
67793 0
67882 0
67888 0
67915 0
68016 0
68085 0
68147 0
68227 0
68343 0
68445 0
68491 0
68513 0
68520 0
68529 0
68547 0
68579 0
68651 0
68679 0
68700 0
68703 0
68749 0
68886 0
68889 0
68955 0
68976 0
69018 0
69030 0
69111 0
69169 0
69212 0
69258 0
69358 0
69381 0
69389 0
69427 0
69447 0
69538 0
69539 0
69584 0
69599 0
69650 0
69749 0
69779 0
69799 0
69928 0
69946 0
69977 0
70001 0
70013 0
70019 0
70031 0
70086 0
70087 0
70142 0
70227 0
70230 0
70270 0
70271 0
70286 0
70327 0
70369 0
70387 0
70391 0
70394 0
70407 0
70410 0
70416 0
70421 0
70490 0
70574 0
70706 0
70725 0
70751 0
70830 0
70831 0
70855 0
70857 0
70881 0
70897 0
70900 0
70977 0
70997 0
71189 0
71297 0
71323 0
71349 0
71363 0
71470 0
71609 0
71622 0
71706 0
71781 0
71801 0
71990 0
72107 0
72135 0
72338 0
72357 0
72447 0
72466 0
72483 0
72550 0
72671 0
72679 0
72701 0
72774 0
72826 0
72888 0
72908 0
72936 0
72945 0
72985 0
72988 0
73020 0
73024 0
73093 0
73242 0
73282 0
73348 0
73409 0
73411 0
73456 0
73588 0
73605 0
73632 0
73694 0
73762 0
73845 0
74045 0
74123 0
74161 0
74227 0
74239 0
74306 0
74368 0
74431 0
74517 0
74607 0
74628 0
74819 0
74925 0
74956 0
75006 0
75042 0
75062 0
75067 0
75073 0
75088 0
75121 0
75130 0
75139 0
75144 0
75146 0
75160 0
75280 0
75289 0
75317 0
75343 0
75394 0
75427 0
75601 0
75607 0
75640 0
75652 0
75728 0
75761 0
75784 0
75934 0
76061 0
76209 0
76278 0
76311 0
76347 0
76399 0
76442 0
76554 0
76639 0
76682 0
76994 0
77052 0
77053 0
77140 0
77199 0
77256 0
77271 0
77346 0
77348 0
77350 0
77357 0
77410 0
77438 0
77515 0
77533 0
77535 0
77551 0
77697 0
77726 0
77740 0
77756 0
77764 0
77776 0
77816 0
77838 0
77859 0
78036 0
78059 0
78066 0
78102 0
78108 0
78254 0
78291 0
78353 0
78359 0
78449 0
78458 0
78464 0
78508 0
78518 0
78541 0
78553 0
78574 0
78601 0
78631 0
78694 0
78714 0
78762 0
78902 0
78956 0
79036 0
79071 0
79092 0
79211 0
79234 0
79297 0
79315 0
79366 0
79383 0
79384 0
79395 0
79418 0
79444 0
79520 0
79552 0
79572 0
79614 0
79659 0
79709 0
79744 0
79849 0
79855 0
79862 0
79915 0
79918 0
79920 0
80058 0
80145 0
80183 0
80196 0
80235 0
80280 0
80344 0
80370 0
80431 0
80463 0
80470 0
80558 0
80589 0
80603 0
80618 0
80648 0
80698 0
80795 0
80822 0
80999 0
81007 0
81090 0
81096 0
81121 0
81142 0
81311 0
81319 0
81321 0
81345 0
81354 0
81488 0
81519 0
81535 0
81571 0
81599 0
81634 0
81719 0
81742 0
81766 0
81774 0
81783 0
81842 0
81854 0
81857 0
81912 0
82080 0
82146 0
82163 0
82204 0
82233 0
82321 0
82329 0
82446 0
82497 0
82509 0
82532 0
82545 0
82557 0
82569 0
82707 0
82718 0
82852 0
82905 0
82995 0
83009 0
83031 0
83072 0
83243 0
83277 0
83278 0
83465 0
83547 0
83599 0
83709 0
83753 0
83798 0
83889 0
83895 0
83905 0
83909 0
83933 0
83974 0
84080 0
84124 0
84245 0
84459 0
84463 0
84469 0
84510 0
84548 0
84587 0
84605 0
84612 0
84645 0
84668 0
84755 0
84775 0
84903 0
84935 0
85087 0
85098 0
85163 0
85215 0
85232 0
85264 0
85284 0
85298 0
85316 0
85347 0
85351 0
85403 0
85437 0
85448 0
85521 0
85625 0
85641 0
85651 0
85691 0
85705 0
85903 0
86029 0
86103 0
86205 0
86213 0
86269 0
86288 0
86352 0
86370 0
86399 0
86408 0
86461 0
86467 0
86468 0
86504 0
86516 0
86689 0
86698 0
86723 0
86807 0
86855 0
86906 0
86951 0
86969 0
86997 0
87070 0
87188 0
87252 0
87261 0
87262 0
87318 0
87445 0
87459 0
87526 0
87572 0
87620 0
87703 0
87723 0
87742 0
87748 0
87754 0
87815 0
87841 0
87852 0
87919 0
87960 0
87992 0
88008 0
88029 0
88071 0
88077 0
88123 0
88207 0
88229 0
88236 0
88255 0
88266 0
88335 0
88338 0
88474 0
88477 0
88497 0
88510 0
88590 0
88633 0
88658 0
88692 0
88714 0
88765 0
88804 0
88817 0
88900 0
88909 0
88938 0
89049 0
89069 0
89109 0
89115 0
89178 0
89195 0
89284 0
89354 0
89495 0
89599 0
89743 0
89746 0
89752 0
89810 0
89933 0
89967 0
89981 0
90025 0
90048 0
90151 0
90209 0
90313 0
90365 0
90377 0
90383 0
90430 0
90471 0
90511 0
90544 0
90570 0
90643 0
90678 0
90683 0
90723 0
90738 0
90781 0
90792 0
90859 0
90870 0
90874 0
90879 0
90947 0
90963 0
91111 0
91146 0
91150 0
91199 0
91360 0
91383 0
91428 0
91451 0
91461 0
91486 0
91613 0
91614 0
91637 0
91760 0
91868 0
91875 0
91889 0
91992 0
91994 0
92010 0
92110 0
92199 0
92203 0
92280 0
92289 0
92347 0
92367 0
92368 0
92378 0
92403 0
92405 0
92519 0
92530 0
92706 0
92747 0
92773 0
92791 0
92825 0
92837 0
92904 0
92985 0
92986 0
93035 0
93065 0
93086 0
93223 0
93295 0
93303 0
93347 0
93405 0
93478 0
93490 0
93523 0
93538 0
93556 0
93603 0
93637 0
93661 0
93686 0
93708 0
93750 0
93753 0
93777 0
93799 0
93808 0
93874 0
93899 0
93929 0
93934 0
94037 0
94053 0
94124 0
94235 0
94249 0
94347 0
94403 0
94416 0
94529 0
94606 0
94609 0
94635 0
94674 0
94684 0
94710 0
94770 0
94781 0
95071 0
95092 0
95129 0
95142 0
95168 0
95189 0
95202 0
95224 0
95227 0
95243 0
95258 0
95272 0
95282 0
95294 0
95315 0
95361 0
95375 0
95381 0
95395 0
95420 0
95427 0
95446 0
95460 0
95531 0
95711 0
95757 0
95817 0
95835 0
95839 0
95908 0
95934 0
95965 0
96055 0
96066 0
96071 0
96148 0
96232 0
96289 0
96326 0
96331 0
96361 0
96419 0
96429 0
96446 0
96466 0
96517 0
96535 0
96551 0
96572 0
96587 0
96614 0
96641 0
96649 0
96690 0
96722 0
96932 0
96940 0
96975 0
97005 0
97033 0
97035 0
97117 0
97161 0
97176 0
97181 0
97232 0
97262 0
97416 0
97442 0
97464 0
97532 0
97585 0
97644 0
97670 0
97676 0
97798 0
97846 0
97866 0
97874 0
97891 0
97929 0
98023 0
98073 0
98108 0
98121 0
98244 0
98381 0
98448 0
98534 0
98559 0
98574 0
98598 0
98609 0
98787 0
98931 0
98954 0
98995 0
99014 0
99075 0
99081 0
99133 0
99185 0
99212 0
99248 0
99261 0
99278 0
99392 0
99411 0
99468 0
99495 0
99528 0
99548 0
99561 0
99570 0
99589 0
99595 0
99602 0
99644 0
99709 0
99748 0
99759 0
99781 0
99820 0
99854 0
99867 0
99963 0
99974 0
