c This is a uniform distributed  1-D DIMACS file 
c width height point_number
p 100000 100000 2048
11 0
60 0
93 0
108 0
114 0
162 0
282 0
288 0
313 0
416 0
591 0
593 0
610 0
639 0
672 0
715 0
774 0
803 0
831 0
879 0
882 0
904 0
908 0
916 0
977 0
1063 0
1136 0
1142 0
1301 0
1317 0
1460 0
1470 0
1520 0
1554 0
1566 0
1600 0
1628 0
1684 0
1688 0
1730 0
1824 0
1881 0
1910 0
2081 0
2163 0
2253 0
2306 0
2521 0
2604 0
2605 0
2611 0
2626 0
2628 0
2642 0
2757 0
2761 0
2865 0
2937 0
2983 0
3020 0
3034 0
3127 0
3199 0
3263 0
3410 0
3423 0
3746 0
3893 0
3962 0
4005 0
4006 0
4010 0
4081 0
4092 0
4093 0
4122 0
4182 0
4269 0
4273 0
4304 0
4307 0
4415 0
4448 0
4477 0
4486 0
4563 0
4580 0
4602 0
4648 0
4781 0
4810 0
4822 0
4970 0
5037 0
5101 0
5142 0
5190 0
5255 0
5308 0
5326 0
5327 0
5347 0
5423 0
5577 0
5665 0
5728 0
5733 0
5771 0
5837 0
5888 0
5906 0
5924 0
5968 0
5995 0
6061 0
6163 0
6207 0
6235 0
6449 0
6474 0
6493 0
6541 0
6561 0
6593 0
6683 0
6698 0
6710 0
6800 0
6837 0
6861 0
6955 0
7017 0
7031 0
7044 0
7060 0
7088 0
7102 0
7159 0
7177 0
7231 0
7256 0
7290 0
7306 0
7312 0
7399 0
7422 0
7492 0
7518 0
7593 0
7597 0
7643 0
7672 0
7798 0
7935 0
8075 0
8085 0
8238 0
8339 0
8344 0
8390 0
8438 0
8494 0
8574 0
8618 0
8635 0
8653 0
8692 0
8708 0
8717 0
8721 0
8741 0
8762 0
8788 0
8802 0
8819 0
8962 0
8979 0
9001 0
9016 0
9028 0
9033 0
9048 0
9081 0
9244 0
9265 0
9365 0
9374 0
9378 0
9396 0
9442 0
9470 0
9531 0
9579 0
9595 0
9610 0
9619 0
9664 0
9673 0
9680 0
9715 0
9736 0
9803 0
9855 0
9857 0
9861 0
9864 0
9904 0
9950 0
9973 0
10000 0
10009 0
10019 0
10031 0
10106 0
10134 0
10231 0
10321 0
10353 0
10382 0
10383 0
10395 0
10498 0
10548 0
10608 0
10685 0
10753 0
10832 0
10870 0
10956 0
11106 0
11168 0
11236 0
11251 0
11314 0
11422 0
11527 0
11582 0
11674 0
11722 0
11795 0
11823 0
11853 0
11998 0
12003 0
12029 0
12139 0
12165 0
12207 0
12211 0
12263 0
12373 0
12571 0
12594 0
12612 0
12676 0
12741 0
12809 0
12862 0
12926 0
12934 0
12977 0
12986 0
12987 0
13035 0
13115 0
13188 0
13216 0
13339 0
13341 0
13379 0
13415 0
13490 0
13505 0
13526 0
13530 0
13531 0
13545 0
13563 0
13575 0
13602 0
13646 0
13760 0
13771 0
13789 0
13836 0
13838 0
13886 0
13943 0
13973 0
14176 0
14190 0
14208 0
14268 0
14305 0
14337 0
14408 0
14492 0
14528 0
14573 0
14604 0
14677 0
14704 0
14706 0
14789 0
14812 0
14822 0
14997 0
15021 0
15033 0
15083 0
15092 0
15152 0
15203 0
15234 0
15324 0
15359 0
15361 0
15364 0
15393 0
15478 0
15577 0
15595 0
15656 0
15681 0
15760 0
15787 0
15830 0
15934 0
15953 0
15955 0
15968 0
15981 0
16094 0
16199 0
16461 0
16481 0
16504 0
16583 0
16645 0
16648 0
16754 0
16808 0
16958 0
16966 0
17016 0
17027 0
17170 0
17208 0
17215 0
17234 0
17252 0
17282 0
17285 0
17325 0
17329 0
17352 0
17404 0
17405 0
17427 0
17447 0
17448 0
17470 0
17495 0
17528 0
17551 0
17557 0
17570 0
17603 0
17744 0
17789 0
17798 0
17930 0
17953 0
18102 0
18139 0
18320 0
18412 0
18416 0
18433 0
18484 0
18537 0
18578 0
18582 0
18586 0
18749 0
18806 0
18824 0
18834 0
18936 0
19034 0
19035 0
19279 0
19329 0
19380 0
19397 0
19400 0
19403 0
19432 0
19452 0
19466 0
19478 0
19535 0
19724 0
19818 0
19867 0
19933 0
19950 0
19975 0
19984 0
19987 0
20080 0
20227 0
20310 0
20321 0
20330 0
20391 0
20392 0
20409 0
20460 0
20475 0
20479 0
20540 0
20555 0
20613 0
20629 0
20686 0
20710 0
20775 0
20784 0
20825 0
20868 0
20907 0
20960 0
20984 0
21046 0
21127 0
21212 0
21233 0
21269 0
21300 0
21361 0
21385 0
21425 0
21516 0
21556 0
21600 0
21692 0
21753 0
21776 0
21803 0
21810 0
21870 0
22067 0
22072 0
22083 0
22152 0
22207 0
22225 0
22229 0
22279 0
22280 0
22281 0
22288 0
22308 0
22309 0
22377 0
22443 0
22474 0
22490 0
22551 0
22609 0
22615 0
22618 0
22629 0
22773 0
22783 0
22817 0
23004 0
23008 0
23057 0
23098 0
23119 0
23149 0
23261 0
23311 0
23468 0
23472 0
23493 0
23503 0
23547 0
23604 0
23823 0
23848 0
23913 0
23940 0
23964 0
23965 0
23999 0
24002 0
24003 0
24055 0
24230 0
24252 0
24296 0
24299 0
24412 0
24505 0
24512 0
24589 0
24595 0
24626 0
24647 0
24658 0
24687 0
24695 0
24755 0
24765 0
24852 0
24959 0
24991 0
25011 0
25050 0
25060 0
25134 0
25234 0
25243 0
25300 0
25361 0
25415 0
25448 0
25466 0
25561 0
25567 0
25658 0
25674 0
25696 0
25770 0
25815 0
25830 0
25837 0
25849 0
25879 0
25896 0
25910 0
26099 0
26252 0
26258 0
26375 0
26380 0
26391 0
26403 0
26408 0
26417 0
26424 0
26428 0
26597 0
26607 0
26733 0
26789 0
26809 0
26821 0
26860 0
26944 0
26966 0
26994 0
27010 0
27017 0
27021 0
27024 0
27062 0
27075 0
27096 0
27127 0
27144 0
27182 0
27256 0
27280 0
27313 0
27353 0
27397 0
27456 0
27536 0
27570 0
27627 0
27691 0
27718 0
28009 0
28018 0
28020 0
28028 0
28105 0
28161 0
28240 0
28266 0
28287 0
28301 0
28348 0
28365 0
28394 0
28408 0
28489 0
28503 0
28592 0
28612 0
28617 0
28656 0
28687 0
28712 0
28715 0
28775 0
28777 0
28785 0
28861 0
28904 0
29044 0
29069 0
29102 0
29152 0
29228 0
29232 0
29234 0
29413 0
29452 0
29471 0
29500 0
29536 0
29639 0
29691 0
29717 0
29765 0
29808 0
29829 0
29845 0
29862 0
29892 0
29936 0
29953 0
30162 0
30173 0
30189 0
30336 0
30468 0
30511 0
30545 0
30608 0
30611 0
30689 0
30708 0
30806 0
30860 0
30876 0
30936 0
30988 0
31047 0
31063 0
31064 0
31110 0
31135 0
31142 0
31247 0
31265 0
31394 0
31458 0
31463 0
31480 0
31556 0
31583 0
31632 0
31638 0
31702 0
31715 0
31719 0
31739 0
31740 0
31775 0
31803 0
31867 0
31906 0
31922 0
31935 0
32182 0
32204 0
32298 0
32425 0
32477 0
32566 0
32621 0
32626 0
32634 0
32699 0
32717 0
32720 0
32774 0
32993 0
32998 0
33015 0
33038 0
33058 0
33125 0
33164 0
33171 0
33191 0
33292 0
33305 0
33306 0
33323 0
33421 0
33453 0
33486 0
33509 0
33655 0
33747 0
33779 0
33786 0
33792 0
33889 0
33905 0
33919 0
33930 0
33935 0
34048 0
34055 0
34090 0
34145 0
34186 0
34215 0
34232 0
34236 0
34329 0
34364 0
34504 0
34616 0
34620 0
34635 0
34658 0
34661 0
34676 0
34736 0
34771 0
34831 0
34862 0
34900 0
35224 0
35235 0
35237 0
35248 0
35262 0
35278 0
35345 0
35475 0
35522 0
35529 0
35531 0
35568 0
35625 0
35659 0
35722 0
35727 0
35743 0
35848 0
35868 0
36017 0
36019 0
36036 0
36112 0
36128 0
36220 0
36264 0
36265 0
36307 0
36374 0
36423 0
36479 0
36495 0
36514 0
36531 0
36558 0
36793 0
36855 0
36873 0
36878 0
36897 0
37105 0
37138 0
37157 0
37272 0
37343 0
37410 0
37413 0
37443 0
37475 0
37517 0
37550 0
37563 0
37576 0
37580 0
37586 0
37632 0
37649 0
37669 0
37698 0
37721 0
37773 0
37869 0
37895 0
37934 0
37964 0
37965 0
38024 0
38051 0
38147 0
38202 0
38212 0
38260 0
38296 0
38424 0
38552 0
38872 0
38891 0
38966 0
39106 0
39196 0
39217 0
39246 0
39311 0
39349 0
39367 0
39385 0
39395 0
39440 0
39455 0
39489 0
39507 0
39511 0
39516 0
39530 0
39595 0
39665 0
39671 0
39690 0
39735 0
39749 0
39755 0
39788 0
39915 0
40022 0
40087 0
40170 0
40232 0
40281 0
40320 0
40328 0
40376 0
40437 0
40498 0
40533 0
40547 0
40633 0
40714 0
40899 0
40933 0
41010 0
41196 0
41228 0
41230 0
41234 0
41236 0
41389 0
41426 0
41431 0
41479 0
41567 0
41581 0
41657 0
41674 0
41729 0
41736 0
41768 0
41801 0
41814 0
41839 0
41877 0
41879 0
41894 0
41931 0
41960 0
42056 0
42120 0
42157 0
42239 0
42261 0
42277 0
42339 0
42343 0
42415 0
42579 0
42676 0
42709 0
42739 0
42757 0
42762 0
42783 0
42795 0
42827 0
42896 0
42943 0
43020 0
43051 0
43179 0
43234 0
43246 0
43249 0
43313 0
43371 0
43395 0
43453 0
43458 0
43475 0
43504 0
43563 0
43578 0
43621 0
43682 0
43699 0
43777 0
43902 0
43913 0
43926 0
43940 0
43973 0
44077 0
44104 0
44299 0
44320 0
44368 0
44421 0
44477 0
44539 0
44581 0
44608 0
44631 0
44660 0
44811 0
44812 0
44834 0
44859 0
44996 0
45046 0
45110 0
45223 0
45480 0
45506 0
45575 0
45623 0
45660 0
45663 0
45689 0
45755 0
45847 0
45943 0
45966 0
45967 0
46033 0
46034 0
46307 0
46468 0
46478 0
46505 0
46541 0
46588 0
46669 0
46741 0
46754 0
46806 0
46809 0
46822 0
47001 0
47131 0
47134 0
47153 0
47318 0
47371 0
47430 0
47457 0
47469 0
47541 0
47606 0
47635 0
47653 0
47847 0
47853 0
47913 0
47925 0
48033 0
48082 0
48240 0
48245 0
48247 0
48355 0
48393 0
48529 0
48558 0
48961 0
49064 0
49090 0
49272 0
49294 0
49296 0
49300 0
49348 0
49404 0
49449 0
49561 0
49579 0
49631 0
49685 0
49726 0
49797 0
49805 0
49809 0
49854 0
49864 0
49895 0
49903 0
49974 0
49983 0
50060 0
50166 0
50298 0
50337 0
50450 0
50471 0
50483 0
50539 0
50544 0
50586 0
50683 0
50687 0
50707 0
50758 0
50836 0
50952 0
50978 0
51002 0
51013 0
51014 0
51016 0
51053 0
51254 0
51298 0
51362 0
51502 0
51507 0
51653 0
51844 0
51895 0
51905 0
51932 0
51939 0
51985 0
52006 0
52025 0
52055 0
52113 0
52166 0
52183 0
52189 0
52231 0
52232 0
52233 0
52256 0
52276 0
52282 0
52316 0
52370 0
52374 0
52404 0
52630 0
52635 0
52647 0
52670 0
52711 0
52723 0
52759 0
52821 0
52932 0
52978 0
53056 0
53122 0
53147 0
53151 0
53167 0
53249 0
53307 0
53404 0
53420 0
53425 0
53501 0
53525 0
53571 0
53589 0
53648 0
53734 0
53786 0
53841 0
53845 0
53863 0
54024 0
54047 0
54063 0
54091 0
54129 0
54130 0
54137 0
54154 0
54182 0
54185 0
54247 0
54255 0
54284 0
54292 0
54328 0
54451 0
54452 0
54484 0
54516 0
54574 0
54757 0
54794 0
54848 0
54857 0
54899 0
54911 0
54997 0
55004 0
55032 0
55082 0
55152 0
55258 0
55272 0
55277 0
55291 0
55354 0
55575 0
55617 0
55624 0
55642 0
55647 0
55726 0
55732 0
55823 0
55836 0
55989 0
56109 0
56137 0
56173 0
56190 0
56207 0
56299 0
56319 0
56337 0
56364 0
56399 0
56422 0
56504 0
56515 0
56543 0
56567 0
56591 0
56599 0
56635 0
56681 0
56690 0
56750 0
56828 0
56945 0
57036 0
57080 0
57087 0
57182 0
57258 0
57365 0
57376 0
57393 0
57398 0
57406 0
57410 0
57524 0
57569 0
57575 0
57584 0
57656 0
57682 0
57716 0
57779 0
57808 0
57913 0
57923 0
57962 0
58125 0
58133 0
58146 0
58182 0
58184 0
58362 0
58529 0
58618 0
58626 0
58668 0
58710 0
58767 0
58819 0
58874 0
58964 0
59026 0
59047 0
59114 0
59139 0
59212 0
59254 0
59258 0
59374 0
59384 0
59460 0
59557 0
59593 0
59735 0
59814 0
59824 0
59843 0
59849 0
60038 0
60175 0
60209 0
60215 0
60312 0
60387 0
60405 0
60447 0
60487 0
60510 0
60599 0
60666 0
60676 0
60708 0
60785 0
60786 0
60821 0
60846 0
60879 0
61110 0
61169 0
61191 0
61214 0
61218 0
61267 0
61270 0
61317 0
61555 0
61621 0
61635 0
61680 0
61915 0
61967 0
61973 0
62000 0
62128 0
62143 0
62195 0
62230 0
62246 0
62380 0
62401 0
62419 0
62443 0
62476 0
62510 0
62534 0
62538 0
62578 0
62623 0
62651 0
62723 0
62850 0
62851 0
63044 0
63049 0
63077 0
63097 0
63145 0
63289 0
63331 0
63369 0
63384 0
63389 0
63409 0
63415 0
63485 0
63556 0
63581 0
63606 0
63630 0
63683 0
63733 0
63812 0
63940 0
64004 0
64014 0
64035 0
64067 0
64085 0
64120 0
64154 0
64272 0
64396 0
64398 0
64429 0
64500 0
64539 0
64630 0
64743 0
64752 0
64754 0
64796 0
64848 0
64879 0
64920 0
64927 0
64979 0
65070 0
65144 0
65178 0
65212 0
65313 0
65370 0
65397 0
65401 0
65426 0
65494 0
65560 0
65595 0
65716 0
65757 0
65776 0
65825 0
65890 0
65940 0
65963 0
66064 0
66070 0
66103 0
66193 0
66301 0
66370 0
66375 0
66419 0
66531 0
66572 0
66613 0
66638 0
66700 0
66711 0
66752 0
66780 0
66799 0
66959 0
67018 0
67031 0
67131 0
67159 0
67212 0
67218 0
67289 0
67357 0
67381 0
67393 0
67495 0
67572 0
67626 0
67664 0
67682 0
67734 0
67838 0
68145 0
68391 0
68396 0
68429 0
68458 0
68505 0
68506 0
68624 0
68656 0
68662 0
68734 0
68741 0
68751 0
68752 0
68792 0
68848 0
68929 0
69166 0
69195 0
69210 0
69241 0
69256 0
69333 0
69369 0
69450 0
69467 0
69474 0
69511 0
69534 0
69564 0
69600 0
69640 0
69706 0
69755 0
69775 0
69797 0
69827 0
69850 0
70035 0
70164 0
70189 0
70235 0
70300 0
70345 0
70349 0
70362 0
70424 0
70429 0
70455 0
70463 0
70474 0
70506 0
70507 0
70606 0
70613 0
70657 0
70704 0
70717 0
70721 0
70722 0
70733 0
70756 0
70851 0
70864 0
70888 0
70985 0
71115 0
71139 0
71211 0
71223 0
71275 0
71355 0
71376 0
71396 0
71421 0
71546 0
71675 0
71705 0
71829 0
71849 0
71937 0
72007 0
72022 0
72028 0
72179 0
72291 0
72307 0
72396 0
72463 0
72578 0
72592 0
72615 0
72681 0
72797 0
72917 0
72925 0
73038 0
73103 0
73192 0
73312 0
73409 0
73474 0
73592 0
73766 0
73773 0
73778 0
73792 0
73822 0
73871 0
73899 0
74032 0
74034 0
74107 0
74152 0
74177 0
74183 0
74234 0
74260 0
74321 0
74322 0
74324 0
74421 0
74430 0
74433 0
74532 0
74542 0
74560 0
74566 0
74614 0
74691 0
74784 0
74872 0
74904 0
74960 0
75048 0
75126 0
75234 0
75281 0
75477 0
75603 0
75893 0
75939 0
75953 0
75996 0
76100 0
76140 0
76171 0
76192 0
76203 0
76209 0
76456 0
76465 0
76513 0
76515 0
76518 0
76552 0
76598 0
76604 0
76645 0
76691 0
76709 0
76720 0
76754 0
76789 0
76971 0
77040 0
77046 0
77076 0
77102 0
77104 0
77149 0
77178 0
77248 0
77266 0
77281 0
77294 0
77346 0
77354 0
77358 0
77360 0
77451 0
77603 0
77634 0
77699 0
77726 0
77763 0
77771 0
77856 0
77973 0
77989 0
78000 0
78002 0
78102 0
78104 0
78224 0
78231 0
78363 0
78555 0
78597 0
78706 0
78736 0
78779 0
78792 0
78825 0
78851 0
78853 0
78907 0
78961 0
79053 0
79162 0
79408 0
79415 0
79431 0
79463 0
79490 0
79516 0
79597 0
79601 0
79663 0
79787 0
79835 0
79911 0
79925 0
79935 0
79964 0
79998 0
80012 0
80118 0
80131 0
80150 0
80221 0
80260 0
80394 0
80447 0
80458 0
80469 0
80497 0
80527 0
80611 0
80672 0
80743 0
80759 0
80760 0
80789 0
80926 0
80972 0
81004 0
81009 0
81012 0
81104 0
81133 0
81233 0
81409 0
81417 0
81445 0
81491 0
81534 0
81538 0
81546 0
81591 0
81648 0
81694 0
81741 0
81774 0
81807 0
81819 0
81925 0
81983 0
82016 0
82039 0
82176 0
82191 0
82205 0
82238 0
82288 0
82319 0
82353 0
82355 0
82429 0
82440 0
82540 0
82646 0
82692 0
82730 0
82745 0
82795 0
82853 0
82918 0
82948 0
82971 0
83000 0
83017 0
83035 0
83054 0
83073 0
83100 0
83200 0
83236 0
83311 0
83322 0
83358 0
83369 0
83385 0
83386 0
83398 0
83490 0
83514 0
83551 0
83622 0
83667 0
83679 0
83703 0
83983 0
84013 0
84019 0
84089 0
84129 0
84254 0
84256 0
84262 0
84296 0
84305 0
84320 0
84403 0
84444 0
84473 0
84559 0
84566 0
84638 0
84640 0
84681 0
84740 0
84781 0
84845 0
84915 0
84924 0
84925 0
85002 0
85171 0
85233 0
85264 0
85341 0
85402 0
85441 0
85450 0
85475 0
85482 0
85572 0
85690 0
85700 0
85784 0
85835 0
85842 0
85879 0
85890 0
85930 0
86014 0
86077 0
86155 0
86179 0
86231 0
86289 0
86290 0
86374 0
86557 0
86602 0
86618 0
86659 0
86689 0
86723 0
86750 0
86886 0
86921 0
86929 0
87160 0
87179 0
87246 0
87343 0
87365 0
87383 0
87421 0
87480 0
87543 0
87563 0
87719 0
87739 0
87835 0
87858 0
87892 0
87897 0
87899 0
87928 0
88107 0
88110 0
88111 0
88153 0
88184 0
88202 0
88247 0
88258 0
88321 0
88322 0
88340 0
88388 0
88542 0
88550 0
88636 0
88734 0
88782 0
88798 0
88928 0
88995 0
89029 0
89082 0
89123 0
89156 0
89226 0
89232 0
89237 0
89355 0
89405 0
89570 0
89593 0
89607 0
89610 0
89629 0
89654 0
89700 0
89760 0
89780 0
89787 0
89828 0
89922 0
90028 0
90040 0
90190 0
90228 0
90491 0
90555 0
90595 0
90658 0
90668 0
90761 0
90863 0
90877 0
91101 0
91115 0
91191 0
91222 0
91243 0
91252 0
91280 0
91316 0
91330 0
91366 0
91435 0
91474 0
91539 0
91552 0
91560 0
91585 0
91604 0
91641 0
91717 0
91822 0
91963 0
91980 0
92005 0
92050 0
92147 0
92308 0
92329 0
92375 0
92401 0
92491 0
92552 0
92560 0
92618 0
92626 0
92659 0
92716 0
92891 0
92926 0
92956 0
92965 0
93029 0
93036 0
93151 0
93178 0
93339 0
93349 0
93355 0
93424 0
93454 0
93499 0
93594 0
93598 0
93631 0
93632 0
93689 0
93715 0
93754 0
93780 0
93787 0
93830 0
93831 0
93901 0
93905 0
93954 0
94015 0
94027 0
94125 0
94210 0
94251 0
94259 0
94523 0
94648 0
94670 0
94762 0
94774 0
94840 0
94893 0
94909 0
94913 0
94931 0
95060 0
95081 0
95238 0
95295 0
95307 0
95328 0
95359 0
95361 0
95369 0
95408 0
95440 0
95442 0
95446 0
95481 0
95484 0
95487 0
95491 0
95606 0
95644 0
95742 0
95757 0
95786 0
95792 0
95804 0
95805 0
95845 0
95862 0
95863 0
95924 0
96025 0
96031 0
96090 0
96131 0
96140 0
96164 0
96233 0
96313 0
96347 0
96385 0
96401 0
96414 0
96417 0
96425 0
96596 0
96609 0
96632 0
96665 0
96678 0
96734 0
96776 0
96778 0
96805 0
96876 0
96935 0
96945 0
96997 0
97077 0
97082 0
97122 0
97127 0
97137 0
97182 0
97187 0
97228 0
97262 0
97298 0
97313 0
97348 0
97362 0
97369 0
97471 0
97530 0
97535 0
97555 0
97567 0
97575 0
97576 0
97598 0
97628 0
97669 0
97673 0
97732 0
97735 0
97953 0
98109 0
98134 0
98179 0
98233 0
98237 0
98295 0
98345 0
98365 0
98402 0
98421 0
98437 0
98519 0
98561 0
98589 0
98636 0
98642 0
98673 0
98737 0
98754 0
98761 0
98772 0
98786 0
98826 0
98830 0
98831 0
98837 0
98924 0
98956 0
99000 0
99010 0
99132 0
99203 0
99223 0
99249 0
99254 0
99272 0
99313 0
99327 0
99390 0
99396 0
99398 0
99421 0
99600 0
99621 0
99651 0
99665 0
99677 0
99700 0
99704 0
99738 0
99758 0
99765 0
99769 0
99866 0
99881 0
99891 0
