c This is a uniform distributed  1-D DIMACS file 
c width height point_number
p 100000 100000 2048
45 0
145 0
159 0
228 0
231 0
237 0
246 0
267 0
276 0
292 0
337 0
348 0
384 0
398 0
422 0
446 0
461 0
558 0
584 0
592 0
596 0
634 0
746 0
829 0
864 0
907 0
954 0
983 0
998 0
1054 0
1055 0
1057 0
1117 0
1129 0
1197 0
1230 0
1236 0
1272 0
1287 0
1307 0
1312 0
1336 0
1353 0
1385 0
1392 0
1400 0
1407 0
1463 0
1622 0
1658 0
1688 0
1705 0
1790 0
1900 0
1923 0
1980 0
2075 0
2132 0
2133 0
2192 0
2209 0
2347 0
2406 0
2744 0
2781 0
2797 0
2798 0
2832 0
2869 0
2879 0
2936 0
3074 0
3081 0
3170 0
3178 0
3188 0
3259 0
3287 0
3361 0
3431 0
3517 0
3519 0
3557 0
3578 0
3580 0
3630 0
3744 0
3756 0
3883 0
3886 0
3906 0
3907 0
3918 0
4050 0
4102 0
4210 0
4242 0
4270 0
4339 0
4373 0
4392 0
4444 0
4620 0
4629 0
4666 0
4683 0
4870 0
4879 0
4898 0
4904 0
4909 0
4946 0
4955 0
5010 0
5033 0
5041 0
5092 0
5181 0
5244 0
5298 0
5307 0
5335 0
5399 0
5640 0
5686 0
5822 0
5925 0
5928 0
5948 0
5951 0
5972 0
6090 0
6096 0
6102 0
6249 0
6318 0
6447 0
6523 0
6547 0
6598 0
6647 0
6711 0
6721 0
6758 0
6763 0
6833 0
6949 0
7144 0
7232 0
7273 0
7279 0
7293 0
7310 0
7344 0
7351 0
7394 0
7484 0
7509 0
7545 0
7603 0
7626 0
7642 0
7651 0
7700 0
7704 0
7731 0
7769 0
7789 0
7827 0
7861 0
8010 0
8078 0
8097 0
8155 0
8203 0
8228 0
8290 0
8304 0
8308 0
8320 0
8331 0
8376 0
8433 0
8475 0
8505 0
8530 0
8625 0
8651 0
8909 0
8920 0
8977 0
9071 0
9124 0
9135 0
9175 0
9232 0
9420 0
9544 0
9605 0
9632 0
9703 0
9835 0
9934 0
9998 0
10103 0
10155 0
10310 0
10311 0
10444 0
10486 0
10488 0
10510 0
10523 0
10533 0
10593 0
10607 0
10613 0
10616 0
10762 0
10770 0
10796 0
10993 0
11007 0
11073 0
11165 0
11194 0
11213 0
11250 0
11300 0
11315 0
11426 0
11554 0
11562 0
11601 0
11614 0
11630 0
11692 0
11767 0
11810 0
11883 0
11897 0
12045 0
12094 0
12124 0
12153 0
12178 0
12199 0
12242 0
12319 0
12338 0
12476 0
12583 0
12608 0
12651 0
12681 0
12791 0
12845 0
12850 0
12868 0
12895 0
12955 0
13030 0
13072 0
13096 0
13100 0
13155 0
13208 0
13235 0
13267 0
13271 0
13358 0
13399 0
13441 0
13444 0
13459 0
13581 0
13648 0
13663 0
13701 0
13719 0
13727 0
13797 0
13941 0
13943 0
13960 0
14062 0
14104 0
14191 0
14204 0
14226 0
14237 0
14250 0
14299 0
14320 0
14359 0
14377 0
14400 0
14417 0
14445 0
14505 0
14545 0
14564 0
14571 0
14602 0
14611 0
14653 0
14676 0
14703 0
14753 0
14817 0
14835 0
14966 0
15007 0
15034 0
15154 0
15224 0
15368 0
15426 0
15564 0
15571 0
15580 0
15645 0
15655 0
15716 0
15719 0
15791 0
15792 0
15864 0
15872 0
15890 0
15996 0
16024 0
16030 0
16082 0
16127 0
16281 0
16321 0
16383 0
16548 0
16560 0
16701 0
16709 0
16737 0
16769 0
16837 0
16848 0
16853 0
16871 0
16894 0
17010 0
17021 0
17032 0
17072 0
17176 0
17181 0
17183 0
17277 0
17339 0
17340 0
17406 0
17414 0
17461 0
17506 0
17515 0
17536 0
17586 0
17607 0
17613 0
17742 0
17893 0
18127 0
18152 0
18240 0
18352 0
18370 0
18410 0
18418 0
18497 0
18575 0
18652 0
18713 0
18739 0
18800 0
18831 0
18870 0
18875 0
18946 0
18982 0
19163 0
19260 0
19268 0
19350 0
19369 0
19378 0
19405 0
19429 0
19560 0
19585 0
19759 0
19815 0
19986 0
20020 0
20098 0
20149 0
20166 0
20178 0
20189 0
20228 0
20265 0
20348 0
20362 0
20482 0
20507 0
20508 0
20525 0
20607 0
20712 0
20724 0
20764 0
20786 0
20860 0
21008 0
21037 0
21043 0
21057 0
21068 0
21078 0
21112 0
21119 0
21121 0
21152 0
21195 0
21245 0
21255 0
21261 0
21299 0
21348 0
21399 0
21522 0
21573 0
21610 0
21675 0
21732 0
21775 0
21825 0
21865 0
21921 0
22107 0
22112 0
22204 0
22249 0
22268 0
22285 0
22350 0
22374 0
22419 0
22704 0
22760 0
22794 0
22807 0
22810 0
22853 0
22947 0
22950 0
22961 0
23144 0
23150 0
23179 0
23230 0
23236 0
23309 0
23324 0
23454 0
23464 0
23473 0
23520 0
23528 0
23541 0
23581 0
23613 0
23661 0
23673 0
23723 0
23809 0
23892 0
23982 0
23993 0
23996 0
24117 0
24121 0
24130 0
24169 0
24272 0
24306 0
24343 0
24385 0
24428 0
24466 0
24468 0
24470 0
24553 0
24577 0
24582 0
24619 0
24622 0
24645 0
24660 0
24808 0
24810 0
24851 0
24979 0
24981 0
25043 0
25052 0
25181 0
25184 0
25203 0
25239 0
25244 0
25280 0
25485 0
25526 0
25537 0
25652 0
25667 0
25718 0
25743 0
25854 0
25959 0
26003 0
26107 0
26257 0
26433 0
26447 0
26523 0
26575 0
26664 0
26694 0
26797 0
26805 0
26813 0
26819 0
26866 0
26948 0
27080 0
27138 0
27163 0
27166 0
27209 0
27413 0
27460 0
27464 0
27533 0
27540 0
27628 0
27784 0
27867 0
27911 0
27916 0
27953 0
27957 0
28004 0
28008 0
28042 0
28048 0
28121 0
28141 0
28267 0
28382 0
28426 0
28485 0
28609 0
28630 0
28677 0
28681 0
28697 0
28719 0
28721 0
28813 0
28842 0
28935 0
28956 0
28986 0
29208 0
29216 0
29219 0
29294 0
29336 0
29357 0
29429 0
29473 0
29512 0
29640 0
29676 0
29698 0
29865 0
29924 0
29933 0
29973 0
29990 0
30001 0
30040 0
30062 0
30083 0
30207 0
30340 0
30341 0
30369 0
30447 0
30449 0
30503 0
30595 0
30835 0
30852 0
30855 0
30865 0
30881 0
30969 0
30995 0
31071 0
31104 0
31130 0
31226 0
31252 0
31275 0
31285 0
31287 0
31370 0
31458 0
31462 0
31564 0
31566 0
31715 0
31717 0
31785 0
31791 0
31926 0
32053 0
32129 0
32170 0
32190 0
32246 0
32260 0
32399 0
32405 0
32413 0
32529 0
32541 0
32542 0
32602 0
32655 0
32701 0
32764 0
32831 0
32845 0
32847 0
32860 0
33030 0
33124 0
33269 0
33374 0
33375 0
33424 0
33437 0
33467 0
33499 0
33512 0
33548 0
33551 0
33592 0
33811 0
33947 0
34096 0
34183 0
34197 0
34202 0
34207 0
34385 0
34412 0
34462 0
34487 0
34489 0
34504 0
34545 0
34554 0
34627 0
34666 0
34699 0
34736 0
34776 0
34907 0
34947 0
34983 0
35004 0
35024 0
35109 0
35143 0
35162 0
35196 0
35210 0
35262 0
35281 0
35334 0
35359 0
35403 0
35425 0
35471 0
35554 0
35619 0
35666 0
35676 0
35699 0
35971 0
35987 0
36043 0
36118 0
36161 0
36171 0
36212 0
36213 0
36252 0
36490 0
36519 0
36530 0
36579 0
36606 0
36631 0
36659 0
36717 0
36788 0
36818 0
36918 0
36925 0
36928 0
36969 0
37019 0
37025 0
37028 0
37088 0
37112 0
37198 0
37200 0
37269 0
37339 0
37343 0
37349 0
37409 0
37490 0
37554 0
37555 0
37596 0
37608 0
37627 0
37638 0
37662 0
37843 0
37860 0
37923 0
37987 0
38097 0
38117 0
38139 0
38159 0
38175 0
38186 0
38222 0
38232 0
38253 0
38271 0
38417 0
38629 0
38653 0
38694 0
38697 0
38724 0
38725 0
38790 0
38820 0
38830 0
38942 0
39062 0
39107 0
39127 0
39175 0
39218 0
39223 0
39267 0
39321 0
39324 0
39384 0
39419 0
39438 0
39447 0
39659 0
39672 0
39722 0
39732 0
39828 0
40030 0
40071 0
40073 0
40166 0
40198 0
40223 0
40252 0
40397 0
40508 0
40512 0
40555 0
40572 0
40603 0
40650 0
40684 0
40704 0
40720 0
40730 0
40756 0
40779 0
40830 0
40863 0
40884 0
40894 0
40942 0
40998 0
41027 0
41048 0
41103 0
41138 0
41279 0
41307 0
41322 0
41372 0
41411 0
41526 0
41572 0
41660 0
41721 0
41723 0
41780 0
41801 0
41804 0
41809 0
41867 0
41874 0
41996 0
42092 0
42122 0
42125 0
42154 0
42191 0
42218 0
42231 0
42279 0
42294 0
42305 0
42321 0
42343 0
42344 0
42368 0
42376 0
42434 0
42457 0
42478 0
42503 0
42507 0
42508 0
42617 0
42679 0
42725 0
42727 0
42731 0
42794 0
42861 0
42869 0
42892 0
42941 0
42992 0
43043 0
43113 0
43289 0
43384 0
43404 0
43419 0
43427 0
43431 0
43453 0
43496 0
43498 0
43576 0
43630 0
43633 0
43647 0
43766 0
43879 0
43944 0
43950 0
44032 0
44044 0
44049 0
44050 0
44052 0
44189 0
44291 0
44326 0
44345 0
44360 0
44370 0
44381 0
44505 0
44548 0
44570 0
44583 0
44617 0
44638 0
44652 0
44698 0
44702 0
44741 0
44791 0
44818 0
44922 0
44977 0
44979 0
45072 0
45101 0
45164 0
45217 0
45242 0
45315 0
45383 0
45424 0
45643 0
45659 0
45684 0
45759 0
45776 0
45780 0
45794 0
45862 0
45886 0
46015 0
46103 0
46120 0
46154 0
46165 0
46186 0
46221 0
46225 0
46315 0
46368 0
46670 0
46711 0
46804 0
46827 0
46845 0
46903 0
46913 0
46932 0
46964 0
46987 0
46988 0
47052 0
47053 0
47078 0
47100 0
47114 0
47190 0
47191 0
47196 0
47271 0
47310 0
47333 0
47401 0
47564 0
47593 0
47634 0
47656 0
47769 0
47788 0
47848 0
47981 0
48022 0
48046 0
48052 0
48075 0
48116 0
48117 0
48154 0
48213 0
48247 0
48282 0
48442 0
48555 0
48591 0
48620 0
48652 0
48659 0
48686 0
48784 0
48795 0
48893 0
48894 0
48925 0
48971 0
48988 0
48998 0
49017 0
49101 0
49122 0
49131 0
49155 0
49164 0
49178 0
49295 0
49330 0
49335 0
49336 0
49416 0
49434 0
49485 0
49516 0
49544 0
49561 0
49608 0
49617 0
49628 0
49647 0
49669 0
49764 0
49789 0
49792 0
49797 0
49917 0
49951 0
49968 0
50083 0
50092 0
50097 0
50138 0
50204 0
50369 0
50419 0
50690 0
50794 0
50809 0
50820 0
50830 0
50853 0
50908 0
50912 0
50993 0
51056 0
51066 0
51078 0
51085 0
51096 0
51105 0
51110 0
51117 0
51214 0
51266 0
51350 0
51476 0
51524 0
51544 0
51581 0
51705 0
51722 0
51728 0
51741 0
51743 0
51785 0
51826 0
51827 0
51961 0
51972 0
52063 0
52072 0
52120 0
52210 0
52236 0
52241 0
52270 0
52414 0
52508 0
52511 0
52515 0
52527 0
52557 0
52597 0
52615 0
52694 0
52765 0
52815 0
52881 0
52899 0
52967 0
53090 0
53150 0
53161 0
53286 0
53322 0
53616 0
53733 0
53784 0
53803 0
53817 0
53830 0
53844 0
54061 0
54072 0
54090 0
54124 0
54141 0
54357 0
54418 0
54439 0
54468 0
54524 0
54557 0
54587 0
54606 0
54702 0
54802 0
54836 0
54876 0
54930 0
55131 0
55172 0
55189 0
55214 0
55241 0
55314 0
55316 0
55322 0
55423 0
55442 0
55445 0
55460 0
55535 0
55564 0
55581 0
55625 0
55651 0
55682 0
55742 0
55827 0
55900 0
55957 0
55994 0
56000 0
56037 0
56073 0
56118 0
56160 0
56164 0
56209 0
56309 0
56378 0
56497 0
56510 0
56561 0
56567 0
56578 0
56740 0
56780 0
56781 0
56851 0
56944 0
57029 0
57040 0
57051 0
57129 0
57265 0
57318 0
57407 0
57523 0
57538 0
57609 0
57636 0
57677 0
57768 0
57822 0
57951 0
58027 0
58047 0
58100 0
58207 0
58211 0
58235 0
58313 0
58441 0
58452 0
58554 0
58581 0
58616 0
58676 0
58693 0
58702 0
58756 0
58757 0
58847 0
58850 0
58932 0
58938 0
58991 0
58994 0
59032 0
59114 0
59167 0
59173 0
59227 0
59393 0
59397 0
59408 0
59417 0
59440 0
59452 0
59491 0
59660 0
59711 0
59729 0
59975 0
60066 0
60098 0
60180 0
60382 0
60403 0
60583 0
60589 0
60643 0
60717 0
60729 0
60739 0
60805 0
60816 0
60823 0
60908 0
60956 0
60975 0
61006 0
61019 0
61024 0
61029 0
61031 0
61083 0
61085 0
61101 0
61117 0
61165 0
61241 0
61261 0
61342 0
61465 0
61477 0
61529 0
61633 0
61664 0
61797 0
61826 0
61841 0
61887 0
61970 0
62187 0
62211 0
62266 0
62294 0
62310 0
62343 0
62360 0
62399 0
62484 0
62546 0
62687 0
62808 0
62833 0
62979 0
63120 0
63187 0
63268 0
63424 0
63443 0
63502 0
63537 0
63581 0
63585 0
63587 0
63658 0
63694 0
63722 0
63774 0
63832 0
63973 0
63984 0
64003 0
64019 0
64194 0
64256 0
64311 0
64338 0
64346 0
64386 0
64400 0
64476 0
64505 0
64553 0
64557 0
64561 0
64574 0
64651 0
64795 0
64829 0
64877 0
64890 0
65027 0
65085 0
65114 0
65133 0
65136 0
65171 0
65193 0
65222 0
65228 0
65253 0
65280 0
65302 0
65309 0
65321 0
65336 0
65357 0
65507 0
65521 0
65535 0
65653 0
65876 0
65903 0
65948 0
65972 0
66013 0
66098 0
66170 0
66180 0
66209 0
66219 0
66223 0
66230 0
66250 0
66305 0
66319 0
66327 0
66405 0
66420 0
66443 0
66456 0
66524 0
66589 0
66736 0
66750 0
66849 0
66980 0
67092 0
67102 0
67125 0
67136 0
67143 0
67173 0
67193 0
67201 0
67248 0
67256 0
67295 0
67307 0
67394 0
67426 0
67498 0
67508 0
67527 0
67556 0
67562 0
67623 0
67791 0
67812 0
67885 0
67946 0
67968 0
68292 0
68559 0
68592 0
68678 0
68747 0
68802 0
68813 0
68849 0
68932 0
69028 0
69039 0
69056 0
69094 0
69232 0
69262 0
69272 0
69332 0
69367 0
69445 0
69475 0
69482 0
69565 0
69642 0
69796 0
69823 0
69840 0
69858 0
69862 0
70032 0
70054 0
70089 0
70109 0
70116 0
70143 0
70153 0
70164 0
70186 0
70215 0
70221 0
70237 0
70260 0
70313 0
70349 0
70427 0
70447 0
70465 0
70566 0
70633 0
70697 0
70784 0
70793 0
70808 0
70953 0
70978 0
70981 0
70986 0
70992 0
71012 0
71064 0
71144 0
71245 0
71278 0
71301 0
71317 0
71335 0
71456 0
71480 0
71488 0
71497 0
71500 0
71594 0
71684 0
71732 0
71761 0
71797 0
71902 0
71955 0
71998 0
72043 0
72056 0
72101 0
72112 0
72131 0
72166 0
72227 0
72230 0
72312 0
72344 0
72414 0
72461 0
72463 0
72530 0
72568 0
72593 0
72606 0
72639 0
72703 0
72829 0
72862 0
72928 0
72958 0
73055 0
73162 0
73201 0
73391 0
73465 0
73505 0
73519 0
73586 0
73602 0
73606 0
73648 0
73728 0
73742 0
73791 0
73794 0
73886 0
73968 0
73979 0
74028 0
74039 0
74125 0
74131 0
74142 0
74162 0
74170 0
74177 0
74312 0
74357 0
74403 0
74508 0
74513 0
74567 0
74573 0
74604 0
74647 0
74656 0
74695 0
74729 0
74772 0
74784 0
74840 0
74842 0
74900 0
74921 0
74927 0
74948 0
74962 0
74982 0
75026 0
75067 0
75076 0
75194 0
75257 0
75284 0
75456 0
75467 0
75475 0
75506 0
75593 0
75700 0
75793 0
75828 0
75886 0
75926 0
76019 0
76095 0
76135 0
76148 0
76162 0
76327 0
76361 0
76365 0
76441 0
76501 0
76622 0
76631 0
76662 0
76741 0
76787 0
76855 0
76889 0
76896 0
76906 0
76911 0
76950 0
76971 0
76985 0
77034 0
77042 0
77052 0
77064 0
77149 0
77269 0
77289 0
77340 0
77379 0
77416 0
77428 0
77478 0
77584 0
77605 0
77631 0
77636 0
77680 0
77714 0
77795 0
77802 0
77834 0
77841 0
77906 0
77910 0
77964 0
77992 0
78010 0
78017 0
78020 0
78126 0
78188 0
78243 0
78264 0
78352 0
78373 0
78383 0
78460 0
78498 0
78501 0
78502 0
78503 0
78515 0
78526 0
78561 0
78689 0
78877 0
78904 0
78909 0
78929 0
78965 0
79012 0
79014 0
79020 0
79166 0
79185 0
79214 0
79252 0
79310 0
79347 0
79355 0
79442 0
79485 0
79552 0
79693 0
79822 0
79854 0
79976 0
80106 0
80148 0
80257 0
80379 0
80539 0
80550 0
80578 0
80819 0
80904 0
80942 0
80998 0
81029 0
81057 0
81113 0
81118 0
81236 0
81239 0
81265 0
81305 0
81309 0
81337 0
81385 0
81432 0
81489 0
81625 0
81639 0
81748 0
81755 0
81774 0
81780 0
81807 0
81828 0
81895 0
81905 0
81970 0
81985 0
82056 0
82063 0
82077 0
82160 0
82200 0
82209 0
82239 0
82317 0
82361 0
82404 0
82487 0
82549 0
82596 0
82602 0
82609 0
82650 0
82688 0
82706 0
82714 0
82727 0
82744 0
82800 0
82834 0
82954 0
83009 0
83056 0
83058 0
83064 0
83151 0
83197 0
83235 0
83305 0
83320 0
83380 0
83423 0
83436 0
83463 0
83507 0
83558 0
83618 0
83720 0
83766 0
83768 0
83852 0
83858 0
83933 0
83967 0
84005 0
84036 0
84084 0
84230 0
84233 0
84236 0
84264 0
84293 0
84308 0
84361 0
84473 0
84503 0
84524 0
84602 0
84708 0
84829 0
84906 0
85016 0
85045 0
85108 0
85120 0
85127 0
85137 0
85188 0
85255 0
85356 0
85543 0
85592 0
85607 0
85620 0
85715 0
85798 0
85867 0
85926 0
85946 0
85997 0
86067 0
86096 0
86098 0
86132 0
86181 0
86189 0
86208 0
86230 0
86234 0
86241 0
86250 0
86337 0
86345 0
86350 0
86353 0
86471 0
86604 0
86631 0
86663 0
86683 0
86730 0
86743 0
86785 0
86828 0
86894 0
86898 0
87206 0
87223 0
87251 0
87311 0
87323 0
87566 0
87643 0
87661 0
87666 0
87669 0
87675 0
87762 0
87785 0
87802 0
87851 0
87865 0
87886 0
87921 0
88060 0
88079 0
88106 0
88119 0
88427 0
88436 0
88459 0
88463 0
88507 0
88542 0
88550 0
88595 0
88605 0
88635 0
88722 0
88783 0
88817 0
88938 0
89109 0
89153 0
89211 0
89264 0
89279 0
89355 0
89460 0
89504 0
89637 0
89648 0
89668 0
89718 0
89720 0
89747 0
89835 0
89859 0
89871 0
89905 0
89917 0
90112 0
90118 0
90124 0
90182 0
90188 0
90195 0
90200 0
90216 0
90245 0
90345 0
90431 0
90461 0
90472 0
90492 0
90545 0
90573 0
90615 0
90617 0
90618 0
90630 0
90636 0
90679 0
90785 0
90786 0
90911 0
90931 0
90979 0
91083 0
91166 0
91187 0
91256 0
91268 0
91291 0
91294 0
91315 0
91410 0
91488 0
91536 0
91540 0
91545 0
91614 0
91623 0
91639 0
91644 0
91703 0
91739 0
91787 0
91792 0
91813 0
91821 0
91830 0
91877 0
91888 0
91922 0
91976 0
92227 0
92281 0
92287 0
92353 0
92404 0
92447 0
92467 0
92511 0
92550 0
92568 0
92610 0
92647 0
92697 0
92791 0
92821 0
92825 0
92923 0
92958 0
93103 0
93168 0
93193 0
93296 0
93380 0
93389 0
93391 0
93444 0
93680 0
93757 0
93792 0
93914 0
93988 0
94054 0
94097 0
94107 0
94137 0
94156 0
94243 0
94311 0
94322 0
94384 0
94564 0
94656 0
94698 0
94802 0
94834 0
94869 0
94906 0
95017 0
95139 0
95162 0
95297 0
95380 0
95503 0
95669 0
95710 0
95732 0
95798 0
95833 0
95898 0
95959 0
95998 0
96000 0
96015 0
96028 0
96054 0
96155 0
96162 0
96225 0
96270 0
96285 0
96298 0
96502 0
96519 0
96625 0
96659 0
96685 0
96718 0
96725 0
96734 0
96821 0
96831 0
97023 0
97029 0
97141 0
97177 0
97186 0
97188 0
97195 0
97223 0
97380 0
97436 0
97445 0
97493 0
97562 0
97568 0
97646 0
97672 0
97692 0
97728 0
97736 0
97739 0
97857 0
97859 0
97919 0
97936 0
97965 0
98000 0
98003 0
98034 0
98046 0
98081 0
98104 0
98145 0
98165 0
98178 0
98189 0
98218 0
98222 0
98361 0
98411 0
98414 0
98442 0
98455 0
98458 0
98491 0
98492 0
98497 0
98536 0
98551 0
98591 0
98594 0
98641 0
98649 0
98699 0
98734 0
98779 0
98805 0
98949 0
99040 0
99112 0
99137 0
99275 0
99297 0
99436 0
99506 0
99533 0
99615 0
99773 0
99781 0
99891 0
99903 0
99978 0
99996 0
