c This is a uniform distributed  1-D DIMACS file 
c width height point_number
p 100000 100000 2048
3 0
76 0
186 0
282 0
294 0
332 0
347 0
355 0
384 0
430 0
503 0
511 0
534 0
556 0
583 0
680 0
733 0
782 0
886 0
940 0
1007 0
1018 0
1046 0
1161 0
1173 0
1239 0
1289 0
1399 0
1493 0
1497 0
1506 0
1541 0
1574 0
1623 0
1643 0
1653 0
1767 0
1842 0
1896 0
2007 0
2111 0
2126 0
2178 0
2190 0
2224 0
2410 0
2419 0
2552 0
2714 0
2739 0
2741 0
2862 0
2871 0
2968 0
2996 0
3002 0
3018 0
3036 0
3075 0
3112 0
3120 0
3152 0
3155 0
3261 0
3265 0
3310 0
3321 0
3444 0
3458 0
3489 0
3509 0
3524 0
3545 0
3549 0
3554 0
3582 0
3594 0
3609 0
3703 0
3722 0
3779 0
3830 0
3837 0
3866 0
3894 0
3947 0
3956 0
3977 0
3987 0
4096 0
4101 0
4138 0
4152 0
4220 0
4227 0
4315 0
4471 0
4515 0
4526 0
4529 0
4537 0
4618 0
4669 0
4757 0
4788 0
4835 0
4840 0
4901 0
4920 0
4944 0
4971 0
5004 0
5074 0
5088 0
5112 0
5176 0
5177 0
5317 0
5371 0
5439 0
5447 0
5543 0
5652 0
5718 0
5784 0
5829 0
5909 0
5946 0
5981 0
6042 0
6092 0
6204 0
6216 0
6234 0
6247 0
6292 0
6305 0
6311 0
6412 0
6417 0
6467 0
6622 0
6720 0
6784 0
6913 0
6940 0
6944 0
6978 0
7021 0
7065 0
7161 0
7239 0
7428 0
7446 0
7540 0
7552 0
7647 0
7665 0
7669 0
7691 0
7855 0
7916 0
7951 0
8085 0
8109 0
8111 0
8119 0
8120 0
8169 0
8176 0
8186 0
8191 0
8211 0
8256 0
8301 0
8338 0
8354 0
8408 0
8548 0
8554 0
8569 0
8609 0
8716 0
8846 0
8868 0
8880 0
8910 0
8935 0
9025 0
9047 0
9128 0
9193 0
9294 0
9446 0
9478 0
9488 0
9508 0
9533 0
9555 0
9612 0
9885 0
9980 0
9988 0
9994 0
10025 0
10031 0
10351 0
10440 0
10442 0
10527 0
10552 0
10683 0
10752 0
10812 0
10876 0
10909 0
10977 0
10983 0
10986 0
11022 0
11028 0
11351 0
11380 0
11412 0
11449 0
11466 0
11483 0
11576 0
11593 0
11647 0
11687 0
11849 0
11895 0
12001 0
12006 0
12026 0
12044 0
12123 0
12125 0
12202 0
12234 0
12262 0
12420 0
12482 0
12543 0
12563 0
12673 0
12676 0
12742 0
12870 0
12924 0
12947 0
13001 0
13024 0
13125 0
13208 0
13225 0
13361 0
13383 0
13393 0
13470 0
13478 0
13479 0
13507 0
13515 0
13536 0
13696 0
13736 0
13909 0
13961 0
13979 0
14015 0
14090 0
14112 0
14184 0
14215 0
14250 0
14278 0
14280 0
14319 0
14336 0
14338 0
14343 0
14376 0
14455 0
14460 0
14520 0
14531 0
14535 0
14545 0
14728 0
14859 0
14908 0
14983 0
15047 0
15096 0
15145 0
15167 0
15195 0
15201 0
15227 0
15231 0
15248 0
15361 0
15385 0
15393 0
15443 0
15465 0
15477 0
15478 0
15486 0
15557 0
15638 0
15699 0
15783 0
15799 0
15804 0
15892 0
15956 0
15965 0
15973 0
16013 0
16032 0
16111 0
16183 0
16228 0
16286 0
16294 0
16298 0
16320 0
16335 0
16363 0
16398 0
16439 0
16637 0
16706 0
16759 0
16864 0
16894 0
16895 0
17020 0
17172 0
17179 0
17180 0
17205 0
17222 0
17260 0
17284 0
17290 0
17300 0
17653 0
17660 0
18089 0
18113 0
18241 0
18244 0
18248 0
18289 0
18303 0
18381 0
18455 0
18580 0
18645 0
18709 0
18752 0
18755 0
18870 0
18881 0
18890 0
18917 0
18980 0
19011 0
19083 0
19142 0
19150 0
19211 0
19355 0
19410 0
19468 0
19541 0
19568 0
19585 0
19644 0
19680 0
19778 0
19865 0
19896 0
19923 0
19938 0
20096 0
20175 0
20190 0
20258 0
20261 0
20300 0
20308 0
20343 0
20398 0
20444 0
20455 0
20693 0
20771 0
20782 0
20837 0
20881 0
20891 0
20941 0
20998 0
21111 0
21118 0
21160 0
21178 0
21187 0
21215 0
21315 0
21327 0
21365 0
21372 0
21379 0
21388 0
21411 0
21429 0
21445 0
21546 0
21586 0
21737 0
21903 0
21907 0
21914 0
21947 0
21955 0
21970 0
22053 0
22068 0
22185 0
22205 0
22224 0
22388 0
22424 0
22440 0
22531 0
22716 0
22719 0
22770 0
22824 0
22839 0
22866 0
22900 0
23010 0
23035 0
23042 0
23114 0
23149 0
23362 0
23373 0
23409 0
23484 0
23737 0
23759 0
23774 0
23807 0
23944 0
23995 0
24108 0
24170 0
24199 0
24295 0
24324 0
24334 0
24422 0
24464 0
24476 0
24505 0
24581 0
24731 0
24747 0
24766 0
24865 0
24894 0
24938 0
24983 0
25000 0
25009 0
25042 0
25055 0
25146 0
25158 0
25192 0
25236 0
25305 0
25315 0
25316 0
25370 0
25381 0
25438 0
25459 0
25470 0
25516 0
25557 0
25622 0
25779 0
25836 0
25915 0
25926 0
25934 0
25964 0
26001 0
26165 0
26447 0
26459 0
26612 0
26636 0
26671 0
26694 0
26765 0
26766 0
26803 0
26808 0
26812 0
26813 0
26836 0
26850 0
26877 0
26896 0
26906 0
27019 0
27025 0
27104 0
27134 0
27168 0
27198 0
27321 0
27367 0
27410 0
27417 0
27420 0
27425 0
27462 0
27575 0
27576 0
27598 0
27618 0
27637 0
27687 0
27707 0
27727 0
27797 0
27806 0
27909 0
27915 0
27941 0
27955 0
27956 0
27960 0
27966 0
27988 0
28152 0
28212 0
28228 0
28238 0
28322 0
28383 0
28405 0
28451 0
28591 0
28606 0
28610 0
28686 0
28748 0
28849 0
28908 0
28931 0
28951 0
28979 0
29042 0
29151 0
29195 0
29225 0
29271 0
29290 0
29354 0
29361 0
29451 0
29463 0
29471 0
29586 0
29651 0
29700 0
29761 0
29793 0
29815 0
29845 0
29846 0
29892 0
29895 0
30173 0
30174 0
30195 0
30202 0
30255 0
30265 0
30276 0
30314 0
30329 0
30334 0
30344 0
30402 0
30484 0
30517 0
30555 0
30572 0
30640 0
30654 0
30657 0
30660 0
30696 0
30771 0
30775 0
30814 0
30821 0
30873 0
30953 0
30962 0
30963 0
30997 0
31020 0
31037 0
31095 0
31104 0
31165 0
31251 0
31389 0
31463 0
31465 0
31528 0
31549 0
31577 0
31625 0
31704 0
31801 0
31883 0
31892 0
31926 0
32042 0
32056 0
32088 0
32098 0
32176 0
32257 0
32288 0
32337 0
32388 0
32487 0
32511 0
32580 0
32606 0
32628 0
32634 0
32636 0
32642 0
32755 0
32819 0
32866 0
32998 0
33034 0
33049 0
33168 0
33177 0
33199 0
33204 0
33205 0
33217 0
33354 0
33422 0
33458 0
33507 0
33566 0
33574 0
33620 0
33649 0
33670 0
33688 0
33745 0
33781 0
33797 0
33832 0
33860 0
33925 0
33954 0
34032 0
34135 0
34198 0
34215 0
34222 0
34236 0
34238 0
34253 0
34259 0
34307 0
34337 0
34516 0
34533 0
34536 0
34680 0
34799 0
34802 0
34834 0
34919 0
34977 0
35028 0
35074 0
35082 0
35101 0
35116 0
35143 0
35185 0
35199 0
35215 0
35276 0
35289 0
35297 0
35326 0
35357 0
35434 0
35444 0
35512 0
35519 0
35637 0
35701 0
35704 0
35784 0
35837 0
35840 0
35842 0
35848 0
35865 0
35877 0
35883 0
35924 0
35929 0
35968 0
36032 0
36147 0
36151 0
36160 0
36229 0
36237 0
36267 0
36366 0
36389 0
36446 0
36513 0
36554 0
36623 0
36639 0
36693 0
36697 0
36701 0
36724 0
36959 0
37040 0
37041 0
37127 0
37146 0
37187 0
37239 0
37458 0
37653 0
37657 0
37669 0
37697 0
37754 0
37911 0
37918 0
37921 0
37968 0
38001 0
38352 0
38357 0
38393 0
38426 0
38495 0
38500 0
38515 0
38543 0
38616 0
38678 0
38726 0
38826 0
38889 0
38910 0
38970 0
38975 0
38985 0
38993 0
38995 0
39022 0
39059 0
39069 0
39098 0
39126 0
39163 0
39220 0
39243 0
39488 0
39629 0
39635 0
39653 0
39701 0
39709 0
39780 0
39860 0
39862 0
39912 0
40005 0
40067 0
40273 0
40330 0
40348 0
40385 0
40420 0
40542 0
40557 0
40573 0
40626 0
40648 0
40696 0
40802 0
40870 0
40901 0
40979 0
41004 0
41014 0
41052 0
41119 0
41181 0
41413 0
41440 0
41570 0
41631 0
41708 0
41722 0
41760 0
41892 0
42002 0
42107 0
42117 0
42118 0
42165 0
42251 0
42255 0
42316 0
42326 0
42460 0
42506 0
42616 0
42687 0
42840 0
42842 0
42895 0
42912 0
42974 0
42984 0
43023 0
43058 0
43124 0
43234 0
43248 0
43267 0
43281 0
43284 0
43285 0
43317 0
43366 0
43382 0
43490 0
43518 0
43543 0
43641 0
43654 0
43658 0
43786 0
43787 0
43795 0
43860 0
43879 0
43915 0
43996 0
44017 0
44045 0
44056 0
44067 0
44074 0
44092 0
44137 0
44203 0
44217 0
44287 0
44326 0
44344 0
44390 0
44437 0
44516 0
44579 0
44607 0
44609 0
44641 0
44693 0
44735 0
44739 0
44747 0
44760 0
44761 0
44779 0
44803 0
44867 0
44927 0
44946 0
44952 0
44973 0
44986 0
44990 0
45016 0
45027 0
45097 0
45328 0
45343 0
45519 0
45549 0
45574 0
45586 0
45674 0
45678 0
45720 0
45729 0
45852 0
45892 0
46041 0
46044 0
46058 0
46188 0
46295 0
46321 0
46346 0
46391 0
46395 0
46408 0
46425 0
46448 0
46503 0
46557 0
46615 0
46676 0
46771 0
46777 0
46813 0
46826 0
46837 0
46862 0
46950 0
46975 0
46981 0
46994 0
47041 0
47079 0
47229 0
47313 0
47328 0
47339 0
47371 0
47415 0
47497 0
47503 0
47589 0
47616 0
47706 0
47768 0
47792 0
47798 0
47827 0
47900 0
47918 0
47996 0
48121 0
48162 0
48205 0
48207 0
48250 0
48259 0
48261 0
48271 0
48453 0
48467 0
48480 0
48518 0
48523 0
48584 0
48596 0
48716 0
48769 0
48778 0
48783 0
48797 0
48798 0
48815 0
48834 0
48852 0
48888 0
48912 0
49103 0
49120 0
49122 0
49131 0
49140 0
49240 0
49286 0
49314 0
49326 0
49364 0
49367 0
49477 0
49502 0
49510 0
49608 0
49636 0
49705 0
49728 0
49741 0
49747 0
49801 0
49813 0
49837 0
49854 0
49876 0
50214 0
50224 0
50258 0
50263 0
50291 0
50295 0
50434 0
50446 0
50507 0
50521 0
50537 0
50700 0
50720 0
50740 0
50769 0
50798 0
50898 0
51001 0
51063 0
51121 0
51158 0
51307 0
51363 0
51389 0
51410 0
51451 0
51643 0
51838 0
51854 0
51899 0
51946 0
52112 0
52154 0
52277 0
52294 0
52378 0
52407 0
52410 0
52455 0
52530 0
52703 0
52767 0
52821 0
52851 0
52918 0
52996 0
53003 0
53010 0
53110 0
53123 0
53172 0
53176 0
53195 0
53202 0
53224 0
53268 0
53272 0
53348 0
53372 0
53498 0
53506 0
53657 0
53674 0
53687 0
53696 0
53716 0
53722 0
53733 0
53735 0
53745 0
53769 0
53811 0
53863 0
53899 0
53918 0
53928 0
53968 0
53975 0
54037 0
54121 0
54128 0
54154 0
54189 0
54227 0
54232 0
54288 0
54299 0
54326 0
54426 0
54438 0
54538 0
54559 0
54611 0
54810 0
54921 0
54951 0
54969 0
55018 0
55058 0
55115 0
55133 0
55225 0
55279 0
55360 0
55371 0
55445 0
55446 0
55479 0
55487 0
55513 0
55582 0
55623 0
55680 0
55706 0
55753 0
55862 0
55930 0
55970 0
56020 0
56037 0
56074 0
56095 0
56120 0
56149 0
56191 0
56317 0
56342 0
56361 0
56374 0
56410 0
56447 0
56480 0
56511 0
56580 0
56607 0
56617 0
56621 0
56622 0
56670 0
56695 0
56723 0
56742 0
56757 0
56784 0
56805 0
56810 0
56817 0
56821 0
56857 0
56971 0
56994 0
57020 0
57039 0
57045 0
57066 0
57076 0
57115 0
57159 0
57160 0
57180 0
57251 0
57383 0
57406 0
57436 0
57518 0
57652 0
57735 0
57754 0
57802 0
57833 0
57931 0
57957 0
57997 0
58028 0
58036 0
58063 0
58075 0
58080 0
58162 0
58172 0
58205 0
58329 0
58396 0
58430 0
58477 0
58543 0
58584 0
58606 0
58624 0
58636 0
58667 0
58772 0
58797 0
58799 0
58826 0
59021 0
59041 0
59085 0
59087 0
59109 0
59132 0
59244 0
59285 0
59288 0
59365 0
59403 0
59409 0
59506 0
59524 0
59644 0
59785 0
60009 0
60016 0
60018 0
60056 0
60118 0
60129 0
60158 0
60237 0
60260 0
60338 0
60373 0
60477 0
60513 0
60523 0
60527 0
60540 0
60558 0
60619 0
60623 0
60653 0
60716 0
60763 0
60774 0
60790 0
60800 0
60830 0
60849 0
60928 0
60957 0
60982 0
61098 0
61121 0
61173 0
61217 0
61255 0
61279 0
61366 0
61376 0
61526 0
61545 0
61708 0
61733 0
61861 0
61926 0
62046 0
62086 0
62175 0
62220 0
62229 0
62234 0
62431 0
62444 0
62723 0
62856 0
62859 0
62992 0
63006 0
63147 0
63165 0
63198 0
63253 0
63274 0
63275 0
63400 0
63473 0
63503 0
63608 0
63616 0
63777 0
63793 0
63824 0
63844 0
63995 0
64046 0
64058 0
64076 0
64092 0
64115 0
64136 0
64150 0
64216 0
64247 0
64401 0
64442 0
64450 0
64464 0
64553 0
64585 0
64644 0
64653 0
64686 0
64831 0
64912 0
64966 0
65004 0
65114 0
65122 0
65139 0
65281 0
65318 0
65347 0
65384 0
65429 0
65562 0
65628 0
65639 0
65679 0
65699 0
65713 0
65731 0
65744 0
65770 0
65787 0
65859 0
65908 0
65909 0
65928 0
65964 0
65969 0
66004 0
66047 0
66115 0
66142 0
66146 0
66193 0
66205 0
66220 0
66254 0
66357 0
66376 0
66426 0
66504 0
66576 0
66701 0
66746 0
66751 0
66808 0
66815 0
66863 0
66921 0
66977 0
66986 0
66988 0
67019 0
67042 0
67102 0
67297 0
67374 0
67455 0
67467 0
67487 0
67624 0
67634 0
67800 0
67813 0
67816 0
67850 0
67864 0
67872 0
67875 0
67915 0
67937 0
68010 0
68098 0
68253 0
68256 0
68270 0
68309 0
68388 0
68404 0
68443 0
68446 0
68495 0
68519 0
68558 0
68607 0
68624 0
68636 0
68664 0
68685 0
68705 0
68753 0
68758 0
68787 0
68803 0
68809 0
68827 0
68839 0
68886 0
68928 0
68950 0
68990 0
69007 0
69009 0
69089 0
69187 0
69224 0
69227 0
69259 0
69440 0
69515 0
69537 0
69547 0
69648 0
69694 0
69775 0
69961 0
69965 0
69989 0
70049 0
70096 0
70098 0
70102 0
70134 0
70202 0
70244 0
70318 0
70387 0
70413 0
70446 0
70558 0
70639 0
70643 0
70766 0
70779 0
70813 0
70834 0
70926 0
71022 0
71049 0
71058 0
71083 0
71114 0
71163 0
71198 0
71255 0
71301 0
71308 0
71324 0
71358 0
71421 0
71501 0
71542 0
71572 0
71711 0
71713 0
71754 0
71761 0
71977 0
71978 0
72028 0
72061 0
72109 0
72200 0
72236 0
72313 0
72439 0
72447 0
72455 0
72462 0
72545 0
72633 0
72737 0
72758 0
72770 0
72824 0
72852 0
72872 0
72890 0
72908 0
73102 0
73130 0
73154 0
73200 0
73282 0
73441 0
73454 0
73463 0
73464 0
73470 0
73496 0
73655 0
73746 0
73815 0
73817 0
73853 0
73858 0
73867 0
74093 0
74248 0
74287 0
74333 0
74365 0
74367 0
74395 0
74501 0
74587 0
74611 0
74738 0
74800 0
74820 0
74867 0
74906 0
74917 0
74970 0
75321 0
75391 0
75467 0
75557 0
75600 0
75651 0
75667 0
75676 0
75866 0
75917 0
76022 0
76036 0
76046 0
76153 0
76161 0
76188 0
76238 0
76309 0
76358 0
76373 0
76383 0
76402 0
76426 0
76433 0
76546 0
76646 0
76669 0
76767 0
76803 0
76875 0
76885 0
76958 0
76962 0
76975 0
76977 0
77000 0
77009 0
77106 0
77185 0
77211 0
77221 0
77236 0
77357 0
77426 0
77455 0
77461 0
77488 0
77526 0
77559 0
77570 0
77654 0
77697 0
77735 0
77802 0
77810 0
77833 0
77954 0
78104 0
78139 0
78249 0
78261 0
78317 0
78340 0
78343 0
78418 0
78429 0
78479 0
78611 0
78621 0
78647 0
78703 0
78836 0
78844 0
78845 0
78868 0
78871 0
78919 0
78955 0
79029 0
79048 0
79155 0
79207 0
79224 0
79262 0
79314 0
79457 0
79512 0
79570 0
79581 0
79611 0
79650 0
79695 0
79702 0
79707 0
79709 0
79731 0
79847 0
79909 0
80003 0
80054 0
80096 0
80187 0
80222 0
80241 0
80253 0
80383 0
80423 0
80426 0
80500 0
80569 0
80585 0
80586 0
80686 0
80710 0
80760 0
80777 0
80805 0
80855 0
80912 0
81025 0
81047 0
81179 0
81199 0
81252 0
81264 0
81306 0
81325 0
81345 0
81400 0
81419 0
81510 0
81546 0
81558 0
81673 0
81720 0
81721 0
81753 0
81766 0
81810 0
81841 0
81846 0
81860 0
81942 0
81961 0
81975 0
82072 0
82175 0
82309 0
82351 0
82410 0
82425 0
82513 0
82533 0
82567 0
82598 0
82621 0
82728 0
82842 0
82926 0
83082 0
83167 0
83169 0
83257 0
83289 0
83372 0
83496 0
83520 0
83625 0
83752 0
83838 0
83945 0
83961 0
83994 0
84031 0
84108 0
84210 0
84243 0
84370 0
84391 0
84406 0
84633 0
84680 0
84811 0
84847 0
84867 0
84875 0
85096 0
85115 0
85228 0
85353 0
85398 0
85417 0
85475 0
85504 0
85527 0
85550 0
85594 0
85738 0
85762 0
85796 0
85819 0
85826 0
85836 0
85865 0
85965 0
86016 0
86040 0
86064 0
86101 0
86148 0
86167 0
86264 0
86358 0
86400 0
86419 0
86539 0
86578 0
86588 0
86594 0
86596 0
86703 0
86728 0
86757 0
86774 0
86848 0
86958 0
86989 0
87026 0
87055 0
87092 0
87121 0
87218 0
87299 0
87301 0
87386 0
87423 0
87464 0
87486 0
87538 0
87556 0
87603 0
87605 0
87627 0
87674 0
87732 0
87810 0
87890 0
87915 0
87921 0
87995 0
88023 0
88145 0
88155 0
88222 0
88234 0
88269 0
88371 0
88375 0
88415 0
88432 0
88468 0
88542 0
88592 0
88650 0
88653 0
88654 0
88667 0
88702 0
88740 0
88747 0
88759 0
88819 0
88859 0
88860 0
88897 0
89062 0
89203 0
89213 0
89229 0
89251 0
89253 0
89306 0
89323 0
89350 0
89441 0
89442 0
89559 0
89582 0
89675 0
89723 0
89753 0
89798 0
89811 0
89932 0
89950 0
90025 0
90121 0
90163 0
90165 0
90170 0
90248 0
90297 0
90346 0
90428 0
90530 0
90583 0
90624 0
90750 0
90753 0
90828 0
90840 0
90948 0
90978 0
90987 0
91031 0
91032 0
91052 0
91055 0
91156 0
91261 0
91279 0
91291 0
91312 0
91421 0
91487 0
91612 0
91620 0
91629 0
91649 0
91746 0
91823 0
91840 0
91877 0
91890 0
91903 0
91913 0
91917 0
91952 0
92044 0
92125 0
92134 0
92138 0
92155 0
92183 0
92186 0
92227 0
92284 0
92385 0
92428 0
92431 0
92491 0
92523 0
92642 0
92850 0
92936 0
93020 0
93041 0
93049 0
93061 0
93093 0
93201 0
93513 0
93596 0
93641 0
93643 0
93688 0
93775 0
93779 0
93806 0
93840 0
93895 0
93954 0
94055 0
94160 0
94209 0
94210 0
94234 0
94327 0
94462 0
94495 0
94513 0
94623 0
94816 0
94935 0
94943 0
95013 0
95031 0
95041 0
95068 0
95195 0
95277 0
95283 0
95305 0
95342 0
95381 0
95492 0
95606 0
95614 0
95701 0
95706 0
95741 0
95770 0
95889 0
95900 0
95908 0
95935 0
95976 0
96012 0
96016 0
96081 0
96154 0
96185 0
96216 0
96244 0
96276 0
96365 0
96428 0
96505 0
96515 0
96544 0
96710 0
96715 0
96717 0
96765 0
96781 0
96798 0
96818 0
96856 0
96963 0
97015 0
97022 0
97048 0
97079 0
97171 0
97172 0
97196 0
97212 0
97290 0
97459 0
97474 0
97492 0
97533 0
97534 0
97556 0
97681 0
97734 0
97771 0
97820 0
97951 0
98019 0
98228 0
98258 0
98313 0
98385 0
98459 0
98488 0
98500 0
98532 0
98536 0
98546 0
98564 0
98595 0
98647 0
98652 0
98681 0
98698 0
98720 0
98785 0
98802 0
98842 0
98893 0
98979 0
99028 0
99055 0
99153 0
99176 0
99181 0
99199 0
99204 0
99234 0
99262 0
99317 0
99362 0
99392 0
99396 0
99445 0
99464 0
99549 0
99572 0
99612 0
99622 0
99646 0
99657 0
99671 0
99705 0
99733 0
99860 0
99895 0
