c This is a uniform distributed  1-D DIMACS file 
c width height point_number
p 100000 100000 2048
14 0
29 0
47 0
135 0
151 0
184 0
190 0
201 0
243 0
312 0
319 0
340 0
400 0
459 0
483 0
613 0
682 0
732 0
736 0
844 0
862 0
865 0
914 0
945 0
1054 0
1110 0
1128 0
1195 0
1223 0
1231 0
1243 0
1258 0
1310 0
1421 0
1426 0
1445 0
1536 0
1539 0
1575 0
1602 0
1612 0
1752 0
1765 0
1792 0
1838 0
1856 0
1949 0
1999 0
2019 0
2054 0
2080 0
2205 0
2234 0
2396 0
2403 0
2429 0
2516 0
2519 0
2525 0
2526 0
2573 0
2632 0
2648 0
2711 0
2733 0
2739 0
2759 0
2791 0
2927 0
3078 0
3083 0
3185 0
3293 0
3323 0
3393 0
3420 0
3427 0
3631 0
3719 0
3757 0
3847 0
3854 0
4029 0
4034 0
4115 0
4135 0
4240 0
4251 0
4324 0
4373 0
4407 0
4475 0
4519 0
4674 0
4705 0
4722 0
4731 0
4762 0
4776 0
4795 0
4839 0
4847 0
4855 0
4913 0
4935 0
4985 0
5016 0
5048 0
5055 0
5126 0
5139 0
5173 0
5257 0
5268 0
5287 0
5390 0
5415 0
5456 0
5475 0
5481 0
5558 0
5615 0
5745 0
5749 0
5786 0
5797 0
5876 0
5908 0
5980 0
6031 0
6039 0
6060 0
6069 0
6092 0
6156 0
6257 0
6313 0
6364 0
6379 0
6391 0
6395 0
6413 0
6443 0
6518 0
6520 0
6552 0
6594 0
6626 0
6632 0
6661 0
6700 0
6715 0
6727 0
6743 0
6754 0
6787 0
6802 0
6835 0
6983 0
6992 0
7012 0
7042 0
7123 0
7158 0
7170 0
7207 0
7209 0
7212 0
7256 0
7267 0
7347 0
7353 0
7429 0
7465 0
7496 0
7521 0
7616 0
7625 0
7653 0
7716 0
7731 0
7901 0
7956 0
8001 0
8017 0
8030 0
8063 0
8097 0
8112 0
8153 0
8218 0
8224 0
8373 0
8420 0
8449 0
8516 0
8537 0
8576 0
8663 0
8676 0
8703 0
8806 0
8835 0
8841 0
8871 0
8985 0
9134 0
9181 0
9238 0
9355 0
9405 0
9408 0
9413 0
9416 0
9490 0
9493 0
9538 0
9706 0
9714 0
9775 0
9786 0
9836 0
9932 0
9965 0
10035 0
10080 0
10184 0
10201 0
10248 0
10323 0
10377 0
10433 0
10509 0
10583 0
10624 0
10887 0
11033 0
11037 0
11043 0
11285 0
11384 0
11387 0
11434 0
11486 0
11578 0
11594 0
11684 0
11714 0
11747 0
11795 0
11859 0
11870 0
11880 0
11957 0
11993 0
12122 0
12134 0
12261 0
12422 0
12445 0
12482 0
12572 0
12576 0
12610 0
12655 0
12680 0
12684 0
12725 0
12728 0
12747 0
12809 0
12881 0
12888 0
12939 0
12990 0
13030 0
13074 0
13106 0
13203 0
13204 0
13280 0
13308 0
13323 0
13327 0
13328 0
13383 0
13400 0
13520 0
13546 0
13693 0
13726 0
13768 0
13779 0
13796 0
13845 0
13853 0
13873 0
13925 0
13935 0
14029 0
14033 0
14039 0
14061 0
14096 0
14152 0
14190 0
14202 0
14283 0
14293 0
14319 0
14354 0
14404 0
14476 0
14477 0
14489 0
14584 0
14630 0
14634 0
14691 0
14699 0
14743 0
14748 0
14811 0
14841 0
14923 0
14930 0
14948 0
14971 0
14999 0
15049 0
15059 0
15071 0
15077 0
15097 0
15098 0
15218 0
15331 0
15343 0
15545 0
15559 0
15569 0
15624 0
15664 0
15677 0
15719 0
15731 0
15735 0
15766 0
15771 0
15785 0
15806 0
15894 0
15936 0
15944 0
15975 0
15991 0
16032 0
16066 0
16084 0
16203 0
16257 0
16306 0
16313 0
16346 0
16364 0
16373 0
16381 0
16481 0
16497 0
16507 0
16528 0
16601 0
16613 0
16626 0
16665 0
16789 0
17058 0
17152 0
17153 0
17210 0
17251 0
17256 0
17349 0
17359 0
17409 0
17466 0
17491 0
17552 0
17560 0
17561 0
17569 0
17583 0
17623 0
17624 0
17640 0
17723 0
17757 0
17785 0
17792 0
17803 0
17807 0
17825 0
17906 0
17917 0
17946 0
17950 0
17973 0
17990 0
18076 0
18107 0
18164 0
18259 0
18296 0
18299 0
18302 0
18320 0
18364 0
18410 0
18418 0
18466 0
18509 0
18597 0
18674 0
18679 0
18722 0
18749 0
18850 0
18853 0
18858 0
18890 0
18925 0
18963 0
18964 0
18965 0
19059 0
19121 0
19140 0
19149 0
19272 0
19398 0
19416 0
19471 0
19513 0
19549 0
19727 0
19798 0
19815 0
19856 0
19912 0
19976 0
19999 0
20028 0
20087 0
20096 0
20103 0
20117 0
20119 0
20141 0
20162 0
20259 0
20366 0
20374 0
20508 0
20828 0
21009 0
21014 0
21033 0
21225 0
21231 0
21235 0
21269 0
21281 0
21473 0
21541 0
21604 0
21665 0
21670 0
21774 0
21780 0
21818 0
21833 0
21881 0
21882 0
21963 0
22082 0
22123 0
22148 0
22178 0
22209 0
22240 0
22249 0
22274 0
22306 0
22511 0
22524 0
22528 0
22532 0
22563 0
22664 0
22690 0
22737 0
22750 0
22844 0
22853 0
22892 0
22952 0
22969 0
22980 0
23048 0
23157 0
23167 0
23231 0
23245 0
23301 0
23339 0
23341 0
23374 0
23535 0
23582 0
23601 0
23628 0
23773 0
23863 0
23923 0
23998 0
24026 0
24088 0
24104 0
24122 0
24141 0
24160 0
24181 0
24192 0
24209 0
24287 0
24383 0
24398 0
24490 0
24520 0
24534 0
24559 0
24718 0
24767 0
24781 0
24845 0
24847 0
24852 0
24891 0
24931 0
25072 0
25149 0
25153 0
25323 0
25368 0
25371 0
25428 0
25528 0
25531 0
25534 0
25615 0
25639 0
25670 0
25941 0
25947 0
25964 0
26120 0
26342 0
26344 0
26494 0
26518 0
26550 0
26556 0
26582 0
26750 0
26941 0
26991 0
27083 0
27284 0
27360 0
27384 0
27563 0
27612 0
27658 0
27920 0
27946 0
27950 0
27987 0
28054 0
28095 0
28103 0
28138 0
28142 0
28146 0
28361 0
28407 0
28470 0
28575 0
28592 0
28619 0
28788 0
28845 0
28858 0
28874 0
28910 0
28915 0
28946 0
29029 0
29090 0
29095 0
29123 0
29172 0
29223 0
29237 0
29289 0
29410 0
29443 0
29461 0
29494 0
29509 0
29597 0
29600 0
29632 0
29659 0
29665 0
29703 0
29747 0
29748 0
29772 0
29780 0
29818 0
29871 0
29944 0
30002 0
30067 0
30213 0
30224 0
30280 0
30291 0
30314 0
30315 0
30336 0
30517 0
30563 0
30609 0
30790 0
30816 0
30871 0
30905 0
30966 0
30980 0
31226 0
31255 0
31273 0
31311 0
31329 0
31382 0
31412 0
31452 0
31481 0
31527 0
31584 0
31655 0
31685 0
31759 0
31883 0
31982 0
32161 0
32168 0
32187 0
32341 0
32353 0
32380 0
32640 0
32664 0
32690 0
32777 0
32972 0
32988 0
32990 0
33035 0
33104 0
33133 0
33136 0
33144 0
33150 0
33166 0
33269 0
33363 0
33376 0
33422 0
33490 0
33633 0
33660 0
33717 0
33754 0
33870 0
33881 0
33983 0
34007 0
34045 0
34112 0
34135 0
34187 0
34257 0
34269 0
34331 0
34342 0
34346 0
34389 0
34421 0
34424 0
34496 0
34513 0
34539 0
34597 0
34654 0
34675 0
34703 0
34818 0
34822 0
34849 0
34941 0
34963 0
34995 0
35037 0
35050 0
35095 0
35223 0
35284 0
35327 0
35350 0
35425 0
35470 0
35528 0
35565 0
35566 0
35582 0
35589 0
35625 0
35644 0
35666 0
35669 0
35687 0
35738 0
35746 0
35839 0
36127 0
36136 0
36258 0
36264 0
36269 0
36289 0
36431 0
36491 0
36498 0
36747 0
36795 0
36826 0
36866 0
36881 0
36911 0
36962 0
36980 0
37001 0
37066 0
37074 0
37137 0
37175 0
37179 0
37200 0
37213 0
37231 0
37332 0
37398 0
37465 0
37537 0
37563 0
37572 0
37720 0
37814 0
37836 0
37840 0
37874 0
37911 0
37931 0
37941 0
37987 0
38010 0
38045 0
38060 0
38126 0
38146 0
38156 0
38359 0
38466 0
38481 0
38534 0
38583 0
38623 0
38631 0
38696 0
38754 0
38856 0
38975 0
39010 0
39069 0
39076 0
39148 0
39239 0
39320 0
39368 0
39369 0
39475 0
39507 0
39591 0
39597 0
39737 0
39766 0
39893 0
39912 0
39947 0
39967 0
40011 0
40050 0
40073 0
40104 0
40131 0
40170 0
40325 0
40347 0
40385 0
40391 0
40431 0
40480 0
40498 0
40534 0
40546 0
40676 0
40678 0
40733 0
40830 0
40838 0
40845 0
40846 0
40885 0
40903 0
40917 0
40925 0
40985 0
41067 0
41128 0
41193 0
41385 0
41487 0
41503 0
41568 0
41580 0
41602 0
41603 0
41622 0
41696 0
41857 0
41858 0
41863 0
41945 0
42002 0
42022 0
42046 0
42065 0
42119 0
42199 0
42214 0
42309 0
42376 0
42486 0
42500 0
42519 0
42571 0
42645 0
42690 0
42751 0
42788 0
42809 0
43061 0
43097 0
43116 0
43163 0
43168 0
43177 0
43298 0
43358 0
43360 0
43362 0
43398 0
43413 0
43427 0
43428 0
43445 0
43469 0
43474 0
43511 0
43535 0
43542 0
43568 0
43617 0
43623 0
43706 0
43865 0
43875 0
43883 0
43939 0
43941 0
44028 0
44056 0
44083 0
44121 0
44156 0
44186 0
44197 0
44285 0
44395 0
44516 0
44605 0
44678 0
44737 0
44742 0
44787 0
44814 0
44841 0
44967 0
44978 0
45031 0
45059 0
45060 0
45077 0
45135 0
45155 0
45161 0
45173 0
45268 0
45308 0
45406 0
45480 0
45511 0
45621 0
45659 0
45665 0
45687 0
45833 0
45851 0
45876 0
45885 0
45898 0
45927 0
45963 0
46065 0
46073 0
46116 0
46124 0
46128 0
46158 0
46177 0
46196 0
46238 0
46480 0
46653 0
46687 0
46810 0
46842 0
46888 0
46984 0
47072 0
47101 0
47124 0
47140 0
47233 0
47272 0
47286 0
47458 0
47468 0
47483 0
47551 0
47574 0
47586 0
47648 0
47660 0
47717 0
47761 0
47795 0
47868 0
48039 0
48108 0
48252 0
48417 0
48447 0
48451 0
48519 0
48533 0
48595 0
48677 0
48701 0
48791 0
48812 0
48910 0
48985 0
49002 0
49071 0
49075 0
49196 0
49212 0
49271 0
49276 0
49284 0
49287 0
49331 0
49340 0
49359 0
49428 0
49463 0
49565 0
49664 0
49711 0
49802 0
49819 0
49838 0
49847 0
50026 0
50036 0
50045 0
50064 0
50072 0
50130 0
50161 0
50191 0
50218 0
50260 0
50291 0
50324 0
50338 0
50381 0
50445 0
50447 0
50562 0
50570 0
50680 0
50727 0
50740 0
50778 0
50822 0
50841 0
50846 0
51019 0
51033 0
51084 0
51118 0
51146 0
51188 0
51211 0
51237 0
51247 0
51283 0
51339 0
51374 0
51378 0
51582 0
51603 0
51621 0
51671 0
51731 0
51769 0
51873 0
51874 0
51939 0
52000 0
52107 0
52173 0
52175 0
52218 0
52255 0
52285 0
52301 0
52358 0
52361 0
52416 0
52496 0
52507 0
52530 0
52567 0
52674 0
52692 0
52722 0
52756 0
52794 0
52807 0
52909 0
52920 0
52924 0
52939 0
52940 0
52941 0
52970 0
53008 0
53019 0
53048 0
53074 0
53158 0
53223 0
53345 0
53346 0
53378 0
53391 0
53414 0
53442 0
53527 0
53537 0
53630 0
53659 0
53666 0
53698 0
53812 0
53831 0
53881 0
53895 0
53906 0
53922 0
54025 0
54044 0
54176 0
54187 0
54283 0
54357 0
54403 0
54489 0
54600 0
54664 0
54689 0
54707 0
54759 0
54795 0
54826 0
54921 0
55089 0
55114 0
55184 0
55255 0
55263 0
55291 0
55292 0
55388 0
55444 0
55461 0
55475 0
55532 0
55563 0
55575 0
55659 0
55680 0
55719 0
55723 0
55895 0
56018 0
56085 0
56128 0
56139 0
56159 0
56162 0
56303 0
56355 0
56421 0
56449 0
56470 0
56536 0
56616 0
56651 0
56662 0
56721 0
56757 0
56822 0
56825 0
56888 0
57054 0
57058 0
57066 0
57067 0
57180 0
57211 0
57212 0
57287 0
57315 0
57607 0
57621 0
57623 0
57625 0
57745 0
57850 0
57912 0
57920 0
57936 0
57988 0
58003 0
58010 0
58147 0
58251 0
58275 0
58276 0
58376 0
58459 0
58463 0
58547 0
58584 0
58600 0
58638 0
58696 0
58757 0
58766 0
58768 0
58813 0
58890 0
58989 0
59017 0
59130 0
59133 0
59147 0
59235 0
59324 0
59418 0
59422 0
59526 0
59529 0
59551 0
59585 0
59605 0
59684 0
59699 0
59713 0
59857 0
59895 0
59912 0
59929 0
60029 0
60059 0
60121 0
60137 0
60236 0
60252 0
60288 0
60323 0
60355 0
60373 0
60444 0
60485 0
60522 0
60526 0
60536 0
60552 0
60567 0
60573 0
60669 0
60674 0
60676 0
60688 0
60716 0
60737 0
60778 0
60822 0
60978 0
60998 0
61001 0
61040 0
61053 0
61126 0
61146 0
61182 0
61382 0
61398 0
61428 0
61480 0
61493 0
61501 0
61518 0
61528 0
61584 0
61731 0
61751 0
61788 0
61934 0
61949 0
62017 0
62050 0
62159 0
62202 0
62205 0
62273 0
62322 0
62353 0
62427 0
62432 0
62579 0
62581 0
62599 0
62607 0
62637 0
62784 0
62786 0
62910 0
62960 0
63073 0
63102 0
63104 0
63119 0
63261 0
63307 0
63331 0
63371 0
63405 0
63406 0
63441 0
63442 0
63483 0
63500 0
63536 0
63588 0
63594 0
63635 0
63637 0
63775 0
63798 0
63866 0
63898 0
63932 0
63972 0
63974 0
64011 0
64060 0
64063 0
64071 0
64124 0
64165 0
64179 0
64274 0
64307 0
64397 0
64416 0
64436 0
64477 0
64544 0
64572 0
64588 0
64623 0
64723 0
64729 0
64842 0
64893 0
64919 0
64938 0
65048 0
65100 0
65134 0
65197 0
65200 0
65231 0
65259 0
65338 0
65386 0
65434 0
65468 0
65542 0
65545 0
65563 0
65590 0
65596 0
65605 0
65777 0
65828 0
65832 0
65876 0
65923 0
65950 0
66054 0
66246 0
66249 0
66251 0
66258 0
66325 0
66400 0
66450 0
66491 0
66494 0
66501 0
66533 0
66841 0
66908 0
66967 0
67151 0
67161 0
67193 0
67194 0
67320 0
67376 0
67408 0
67418 0
67457 0
67465 0
67575 0
67592 0
67633 0
67667 0
67673 0
67689 0
67785 0
67917 0
67973 0
68123 0
68124 0
68183 0
68232 0
68257 0
68394 0
68439 0
68591 0
68602 0
68793 0
68836 0
68914 0
68965 0
69003 0
69091 0
69192 0
69208 0
69250 0
69330 0
69380 0
69429 0
69476 0
69559 0
69575 0
69593 0
69617 0
69631 0
69675 0
69752 0
69754 0
69765 0
69775 0
69880 0
69902 0
69928 0
69937 0
70029 0
70084 0
70097 0
70132 0
70162 0
70226 0
70243 0
70309 0
70404 0
70414 0
70432 0
70434 0
70467 0
70554 0
70608 0
70729 0
70796 0
70839 0
70860 0
70936 0
71046 0
71058 0
71077 0
71098 0
71153 0
71240 0
71321 0
71325 0
71326 0
71359 0
71382 0
71468 0
71496 0
71558 0
71585 0
71619 0
71646 0
71660 0
71723 0
71726 0
71985 0
71986 0
72006 0
72028 0
72042 0
72054 0
72128 0
72130 0
72241 0
72247 0
72278 0
72300 0
72370 0
72383 0
72486 0
72498 0
72546 0
72644 0
72736 0
72752 0
72847 0
72948 0
73109 0
73154 0
73183 0
73251 0
73444 0
73499 0
73576 0
73638 0
73647 0
73764 0
73801 0
73805 0
73862 0
73885 0
73912 0
73932 0
73955 0
74045 0
74199 0
74205 0
74274 0
74327 0
74417 0
74437 0
74464 0
74504 0
74552 0
74580 0
74594 0
74700 0
74818 0
74834 0
74842 0
74909 0
74951 0
74959 0
74970 0
74980 0
75050 0
75054 0
75076 0
75200 0
75226 0
75241 0
75307 0
75316 0
75366 0
75376 0
75491 0
75494 0
75528 0
75590 0
75615 0
75687 0
75804 0
75806 0
75815 0
75971 0
76030 0
76031 0
76094 0
76144 0
76173 0
76229 0
76244 0
76262 0
76271 0
76292 0
76325 0
76335 0
76338 0
76381 0
76414 0
76433 0
76437 0
76462 0
76482 0
76492 0
76505 0
76528 0
76529 0
76558 0
76585 0
76606 0
76748 0
76765 0
76788 0
76826 0
76834 0
76863 0
76965 0
76971 0
76980 0
77012 0
77021 0
77038 0
77179 0
77187 0
77292 0
77329 0
77332 0
77337 0
77342 0
77354 0
77370 0
77372 0
77393 0
77428 0
77499 0
77503 0
77504 0
77629 0
77694 0
77874 0
77925 0
78024 0
78030 0
78059 0
78074 0
78120 0
78180 0
78257 0
78274 0
78296 0
78339 0
78398 0
78409 0
78424 0
78451 0
78466 0
78492 0
78526 0
78560 0
78581 0
78594 0
78656 0
78682 0
78690 0
78934 0
79034 0
79061 0
79088 0
79119 0
79227 0
79245 0
79390 0
79431 0
79450 0
79505 0
79565 0
79570 0
79572 0
79617 0
79720 0
79753 0
79832 0
79879 0
79883 0
80222 0
80230 0
80308 0
80322 0
80395 0
80411 0
80427 0
80482 0
80492 0
80599 0
80617 0
80644 0
80686 0
80706 0
80745 0
80832 0
80833 0
80843 0
80844 0
80897 0
80915 0
80951 0
80981 0
80991 0
81016 0
81041 0
81357 0
81371 0
81392 0
81414 0
81418 0
81476 0
81532 0
81548 0
81589 0
81594 0
81600 0
81609 0
81704 0
81762 0
81790 0
81865 0
81883 0
81899 0
81915 0
81949 0
82010 0
82014 0
82130 0
82181 0
82207 0
82238 0
82242 0
82251 0
82412 0
82568 0
82629 0
82692 0
82793 0
82834 0
82843 0
82857 0
82872 0
82876 0
82925 0
82941 0
82965 0
82970 0
82992 0
83001 0
83068 0
83091 0
83138 0
83170 0
83184 0
83263 0
83308 0
83502 0
83513 0
83531 0
83535 0
83676 0
83696 0
83796 0
83812 0
83828 0
83862 0
83939 0
83951 0
83975 0
84055 0
84188 0
84216 0
84267 0
84293 0
84303 0
84307 0
84312 0
84320 0
84340 0
84347 0
84387 0
84392 0
84530 0
84547 0
84619 0
84711 0
84788 0
84792 0
84799 0
84814 0
84864 0
85043 0
85099 0
85153 0
85241 0
85319 0
85343 0
85374 0
85383 0
85405 0
85469 0
85529 0
85646 0
85715 0
85868 0
85883 0
85907 0
85958 0
86028 0
86034 0
86064 0
86144 0
86230 0
86235 0
86294 0
86403 0
86408 0
86468 0
86579 0
86582 0
86634 0
86820 0
86858 0
86868 0
86909 0
86944 0
87031 0
87040 0
87185 0
87189 0
87351 0
87379 0
87390 0
87447 0
87450 0
87498 0
87585 0
87668 0
87728 0
87939 0
87947 0
87972 0
88049 0
88169 0
88208 0
88235 0
88301 0
88384 0
88414 0
88490 0
88630 0
88673 0
88679 0
88999 0
89041 0
89074 0
89110 0
89131 0
89184 0
89233 0
89390 0
89438 0
89462 0
89542 0
89614 0
89639 0
89670 0
89717 0
89720 0
89762 0
89838 0
89847 0
89880 0
90016 0
90124 0
90134 0
90146 0
90233 0
90287 0
90307 0
90402 0
90463 0
90477 0
90501 0
90633 0
90639 0
90646 0
90658 0
90704 0
90724 0
90734 0
90780 0
90857 0
90874 0
90897 0
90927 0
90942 0
90948 0
91007 0
91015 0
91111 0
91270 0
91358 0
91359 0
91418 0
91435 0
91451 0
91523 0
91536 0
91630 0
91636 0
91759 0
91767 0
91782 0
91813 0
91902 0
92007 0
92014 0
92024 0
92033 0
92042 0
92167 0
92206 0
92215 0
92247 0
92517 0
92609 0
92626 0
92732 0
92758 0
92811 0
92834 0
92874 0
92888 0
92902 0
92905 0
92919 0
92937 0
92964 0
93025 0
93032 0
93053 0
93109 0
93254 0
93274 0
93355 0
93464 0
93521 0
93608 0
93642 0
93660 0
93735 0
93769 0
93770 0
93774 0
93903 0
93909 0
93910 0
93922 0
94126 0
94199 0
94211 0
94223 0
94262 0
94575 0
94612 0
94711 0
94753 0
94816 0
94908 0
94919 0
94961 0
95038 0
95052 0
95128 0
95145 0
95157 0
95172 0
95184 0
95235 0
95259 0
95308 0
95323 0
95346 0
95365 0
95368 0
95392 0
95461 0
95477 0
95527 0
95592 0
95593 0
95653 0
95699 0
95925 0
96003 0
96025 0
96100 0
96187 0
96235 0
96280 0
96322 0
96366 0
96485 0
96533 0
96554 0
96674 0
96787 0
96844 0
97008 0
97026 0
97093 0
97141 0
97172 0
97242 0
97267 0
97324 0
97363 0
97383 0
97406 0
97542 0
97676 0
97923 0
97970 0
97991 0
98111 0
98161 0
98170 0
98186 0
98221 0
98223 0
98317 0
98577 0
98676 0
98720 0
98722 0
98754 0
98761 0
98766 0
98784 0
98866 0
98993 0
99133 0
99299 0
99327 0
99391 0
99409 0
99450 0
99467 0
99489 0
99490 0
99555 0
99577 0
99589 0
99753 0
99772 0
99911 0
99923 0
99965 0
