c This is a uniform distributed  1-D DIMACS file 
c width height point_number
p 100000 100000 2048
33 0
70 0
154 0
174 0
285 0
306 0
341 0
374 0
401 0
402 0
424 0
444 0
507 0
529 0
546 0
638 0
659 0
723 0
742 0
743 0
788 0
806 0
823 0
841 0
875 0
931 0
949 0
1076 0
1105 0
1114 0
1150 0
1177 0
1191 0
1289 0
1318 0
1338 0
1374 0
1427 0
1438 0
1458 0
1598 0
1638 0
1690 0
1719 0
1826 0
1856 0
1901 0
1902 0
1926 0
1954 0
2068 0
2127 0
2164 0
2175 0
2404 0
2538 0
2568 0
2731 0
2821 0
2825 0
2883 0
2971 0
2980 0
2998 0
3010 0
3035 0
3059 0
3123 0
3130 0
3219 0
3278 0
3313 0
3315 0
3394 0
3395 0
3601 0
3650 0
3676 0
3712 0
3757 0
3785 0
3819 0
3903 0
3941 0
4061 0
4223 0
4351 0
4388 0
4392 0
4449 0
4502 0
4516 0
4523 0
4581 0
4648 0
4762 0
4767 0
4808 0
4897 0
4943 0
4953 0
4960 0
4997 0
5001 0
5014 0
5138 0
5177 0
5188 0
5191 0
5231 0
5378 0
5386 0
5498 0
5539 0
5576 0
5828 0
5908 0
5957 0
6040 0
6067 0
6283 0
6303 0
6372 0
6390 0
6410 0
6511 0
6533 0
6625 0
6849 0
6883 0
6884 0
6914 0
6957 0
7026 0
7082 0
7135 0
7244 0
7248 0
7312 0
7366 0
7379 0
7444 0
7448 0
7464 0
7533 0
7590 0
7600 0
7695 0
7752 0
7785 0
7800 0
7883 0
7901 0
7907 0
8008 0
8048 0
8118 0
8119 0
8228 0
8237 0
8359 0
8433 0
8507 0
8558 0
8586 0
8626 0
8662 0
8707 0
8732 0
8881 0
8924 0
9172 0
9237 0
9247 0
9255 0
9272 0
9420 0
9431 0
9470 0
9506 0
9554 0
9598 0
9621 0
9640 0
9663 0
9667 0
9701 0
9765 0
9786 0
9832 0
9852 0
9869 0
9870 0
9876 0
9894 0
9920 0
9921 0
9970 0
10054 0
10193 0
10220 0
10260 0
10431 0
10529 0
10530 0
10561 0
10576 0
10596 0
10681 0
10706 0
10714 0
10878 0
10930 0
10934 0
10980 0
10981 0
10991 0
11052 0
11125 0
11142 0
11195 0
11208 0
11217 0
11252 0
11433 0
11503 0
11513 0
11600 0
11634 0
11703 0
11712 0
11718 0
11723 0
11763 0
11906 0
11935 0
12036 0
12037 0
12050 0
12179 0
12201 0
12265 0
12270 0
12279 0
12285 0
12373 0
12378 0
12392 0
12402 0
12561 0
12712 0
12721 0
12764 0
12770 0
12807 0
12817 0
12831 0
12845 0
12862 0
12906 0
12939 0
12980 0
13046 0
13100 0
13116 0
13167 0
13192 0
13198 0
13236 0
13266 0
13340 0
13442 0
13459 0
13523 0
13551 0
13560 0
13605 0
13637 0
13668 0
13669 0
13691 0
13706 0
13725 0
13874 0
13989 0
14304 0
14311 0
14378 0
14513 0
14536 0
14582 0
14594 0
14606 0
14688 0
14720 0
14727 0
14780 0
14842 0
14919 0
14958 0
14981 0
15027 0
15050 0
15117 0
15125 0
15236 0
15343 0
15372 0
15405 0
15682 0
15723 0
15774 0
15781 0
15821 0
15869 0
15898 0
15927 0
15963 0
15987 0
16023 0
16156 0
16160 0
16177 0
16204 0
16377 0
16424 0
16569 0
16577 0
16638 0
16791 0
16916 0
16993 0
17018 0
17024 0
17045 0
17046 0
17051 0
17143 0
17163 0
17311 0
17314 0
17317 0
17359 0
17366 0
17484 0
17498 0
17515 0
17706 0
17770 0
17803 0
17970 0
17987 0
18220 0
18228 0
18286 0
18304 0
18377 0
18451 0
18498 0
18534 0
18595 0
18693 0
18863 0
18877 0
18896 0
18915 0
18963 0
18979 0
19070 0
19117 0
19130 0
19209 0
19214 0
19233 0
19277 0
19400 0
19425 0
19454 0
19521 0
19580 0
19584 0
19606 0
19639 0
19644 0
19645 0
19676 0
19732 0
19755 0
19760 0
19837 0
19874 0
19877 0
19914 0
19970 0
19990 0
20056 0
20062 0
20099 0
20160 0
20229 0
20295 0
20318 0
20323 0
20362 0
20414 0
20439 0
20487 0
20490 0
20510 0
20553 0
20566 0
20606 0
20637 0
20677 0
20690 0
20749 0
20857 0
20861 0
20895 0
20921 0
20926 0
20989 0
21003 0
21054 0
21063 0
21088 0
21093 0
21110 0
21124 0
21129 0
21156 0
21241 0
21249 0
21258 0
21272 0
21278 0
21317 0
21325 0
21454 0
21523 0
21534 0
21551 0
21554 0
21559 0
21568 0
21636 0
21668 0
21737 0
21792 0
21882 0
21896 0
21982 0
22125 0
22139 0
22190 0
22191 0
22212 0
22234 0
22256 0
22259 0
22264 0
22277 0
22406 0
22434 0
22485 0
22806 0
22942 0
23130 0
23166 0
23203 0
23235 0
23280 0
23283 0
23335 0
23356 0
23368 0
23446 0
23536 0
23585 0
23643 0
23673 0
23684 0
23716 0
23750 0
23789 0
23815 0
23917 0
23954 0
23983 0
24086 0
24102 0
24139 0
24387 0
24403 0
24487 0
24510 0
24656 0
24687 0
24732 0
24755 0
24773 0
24820 0
24823 0
24889 0
24931 0
25182 0
25307 0
25326 0
25343 0
25550 0
25565 0
25599 0
25605 0
25628 0
25763 0
25798 0
25820 0
25895 0
26009 0
26018 0
26025 0
26049 0
26139 0
26204 0
26217 0
26315 0
26364 0
26367 0
26378 0
26412 0
26427 0
26469 0
26609 0
26656 0
26774 0
26794 0
26808 0
26809 0
26812 0
26865 0
26872 0
26880 0
26932 0
26970 0
27095 0
27114 0
27120 0
27232 0
27276 0
27311 0
27330 0
27334 0
27351 0
27508 0
27529 0
27571 0
27597 0
27600 0
27669 0
27730 0
27794 0
27844 0
27910 0
27987 0
28052 0
28079 0
28092 0
28115 0
28169 0
28256 0
28266 0
28308 0
28357 0
28420 0
28422 0
28512 0
28517 0
28613 0
28618 0
28628 0
28645 0
28679 0
28695 0
28702 0
28726 0
28819 0
28836 0
28905 0
28922 0
28964 0
28969 0
29059 0
29094 0
29096 0
29296 0
29355 0
29392 0
29466 0
29524 0
29556 0
29643 0
29660 0
29667 0
29695 0
29719 0
29742 0
29772 0
29874 0
29931 0
29983 0
30022 0
30061 0
30210 0
30232 0
30245 0
30322 0
30392 0
30399 0
30424 0
30461 0
30602 0
30605 0
30623 0
30629 0
30679 0
30719 0
30762 0
30768 0
30778 0
30975 0
31006 0
31075 0
31121 0
31161 0
31191 0
31234 0
31237 0
31354 0
31371 0
31415 0
31430 0
31545 0
31587 0
31622 0
31636 0
31696 0
31780 0
31842 0
31873 0
31913 0
31914 0
32142 0
32230 0
32237 0
32258 0
32313 0
32320 0
32328 0
32356 0
32420 0
32596 0
32685 0
32699 0
32722 0
32877 0
32939 0
32946 0
32964 0
33035 0
33121 0
33126 0
33144 0
33187 0
33259 0
33284 0
33353 0
33436 0
33489 0
33531 0
33544 0
33560 0
33601 0
33602 0
33656 0
33666 0
33770 0
33947 0
33948 0
34011 0
34056 0
34105 0
34111 0
34164 0
34180 0
34187 0
34223 0
34343 0
34371 0
34383 0
34436 0
34447 0
34452 0
34474 0
34492 0
34526 0
34540 0
34595 0
34621 0
34736 0
34753 0
34926 0
34954 0
34959 0
35028 0
35035 0
35063 0
35138 0
35146 0
35197 0
35252 0
35301 0
35330 0
35375 0
35385 0
35400 0
35408 0
35506 0
35577 0
35586 0
35598 0
35626 0
35645 0
35718 0
35768 0
35800 0
35810 0
35964 0
35975 0
36003 0
36017 0
36123 0
36226 0
36255 0
36265 0
36288 0
36335 0
36418 0
36443 0
36476 0
36538 0
36540 0
36573 0
36608 0
36654 0
36663 0
36665 0
36687 0
36730 0
36848 0
36869 0
36919 0
36942 0
37066 0
37086 0
37098 0
37111 0
37202 0
37211 0
37276 0
37290 0
37315 0
37404 0
37479 0
37497 0
37517 0
37519 0
37570 0
37596 0
37667 0
37762 0
37801 0
37809 0
37812 0
37822 0
37934 0
37947 0
37961 0
37974 0
38031 0
38074 0
38075 0
38079 0
38085 0
38087 0
38172 0
38231 0
38261 0
38363 0
38519 0
38545 0
38560 0
38630 0
38639 0
38663 0
38727 0
38730 0
38751 0
38822 0
38894 0
38943 0
39060 0
39079 0
39106 0
39123 0
39163 0
39220 0
39222 0
39268 0
39271 0
39307 0
39343 0
39353 0
39398 0
39460 0
39491 0
39505 0
39561 0
39596 0
39618 0
39624 0
39664 0
39701 0
39722 0
39732 0
39906 0
39944 0
39957 0
39965 0
40103 0
40106 0
40118 0
40131 0
40164 0
40307 0
40352 0
40383 0
40401 0
40443 0
40542 0
40548 0
40567 0
40615 0
40631 0
40651 0
40677 0
40734 0
40742 0
40745 0
40777 0
40819 0
40834 0
40835 0
40940 0
40945 0
40961 0
40982 0
40989 0
40996 0
41130 0
41136 0
41160 0
41187 0
41210 0
41243 0
41272 0
41279 0
41308 0
41426 0
41459 0
41508 0
41515 0
41526 0
41570 0
41613 0
41690 0
41715 0
41730 0
41752 0
41800 0
41802 0
41930 0
41962 0
42010 0
42043 0
42103 0
42105 0
42197 0
42205 0
42308 0
42334 0
42373 0
42380 0
42422 0
42425 0
42477 0
42577 0
42579 0
42603 0
42615 0
42630 0
42663 0
42945 0
43006 0
43011 0
43068 0
43096 0
43116 0
43156 0
43213 0
43308 0
43348 0
43367 0
43386 0
43416 0
43464 0
43493 0
43500 0
43547 0
43612 0
43684 0
43694 0
43715 0
43870 0
43994 0
43998 0
44014 0
44020 0
44080 0
44126 0
44128 0
44142 0
44177 0
44216 0
44431 0
44474 0
44512 0
44526 0
44532 0
44560 0
44641 0
44679 0
44765 0
44828 0
44849 0
44907 0
44968 0
45005 0
45045 0
45074 0
45128 0
45214 0
45309 0
45320 0
45392 0
45493 0
45627 0
45633 0
45661 0
45810 0
45832 0
45840 0
45898 0
45928 0
45975 0
45984 0
46071 0
46094 0
46110 0
46132 0
46173 0
46274 0
46276 0
46297 0
46329 0
46402 0
46445 0
46461 0
46472 0
46563 0
46581 0
46614 0
46642 0
46643 0
46666 0
46730 0
46783 0
46861 0
46870 0
46933 0
46967 0
47020 0
47033 0
47048 0
47072 0
47073 0
47095 0
47108 0
47170 0
47250 0
47288 0
47343 0
47344 0
47390 0
47418 0
47420 0
47513 0
47514 0
47518 0
47522 0
47685 0
47806 0
47831 0
47915 0
47927 0
48006 0
48048 0
48073 0
48190 0
48195 0
48330 0
48361 0
48383 0
48389 0
48420 0
48466 0
48467 0
48481 0
48499 0
48565 0
48597 0
48646 0
48728 0
48731 0
48738 0
48816 0
48846 0
48914 0
49042 0
49136 0
49147 0
49192 0
49240 0
49281 0
49299 0
49419 0
49448 0
49809 0
49929 0
49973 0
50083 0
50084 0
50137 0
50230 0
50336 0
50351 0
50394 0
50416 0
50424 0
50465 0
50472 0
50500 0
50599 0
50868 0
50912 0
51036 0
51062 0
51064 0
51088 0
51092 0
51111 0
51139 0
51152 0
51194 0
51214 0
51231 0
51332 0
51344 0
51400 0
51438 0
51476 0
51582 0
51621 0
51651 0
51766 0
51782 0
51814 0
52065 0
52078 0
52184 0
52268 0
52283 0
52319 0
52459 0
52463 0
52574 0
52594 0
52697 0
52769 0
52951 0
53045 0
53056 0
53091 0
53130 0
53137 0
53195 0
53210 0
53271 0
53286 0
53378 0
53439 0
53447 0
53485 0
53656 0
53706 0
53713 0
53723 0
53767 0
53773 0
53900 0
53916 0
53944 0
54002 0
54021 0
54034 0
54192 0
54198 0
54230 0
54284 0
54335 0
54355 0
54366 0
54380 0
54628 0
54640 0
54697 0
54827 0
54832 0
54862 0
54959 0
54987 0
55014 0
55018 0
55024 0
55026 0
55076 0
55137 0
55140 0
55184 0
55192 0
55222 0
55594 0
55662 0
55769 0
55791 0
55832 0
55839 0
55878 0
55886 0
55947 0
55976 0
56005 0
56198 0
56238 0
56282 0
56385 0
56392 0
56444 0
56478 0
56602 0
56638 0
56721 0
56722 0
56746 0
56789 0
56810 0
56867 0
56875 0
56881 0
56935 0
56978 0
56987 0
56988 0
57037 0
57071 0
57102 0
57153 0
57183 0
57330 0
57342 0
57347 0
57415 0
57550 0
57579 0
57598 0
57664 0
57745 0
57813 0
57872 0
57879 0
57928 0
57960 0
58265 0
58268 0
58276 0
58341 0
58395 0
58419 0
58454 0
58479 0
58539 0
58556 0
58567 0
58613 0
58622 0
58645 0
58798 0
58841 0
58858 0
58869 0
58909 0
58953 0
59028 0
59120 0
59184 0
59261 0
59281 0
59311 0
59382 0
59434 0
59593 0
59605 0
59727 0
59783 0
59821 0
59854 0
59979 0
59989 0
60054 0
60093 0
60160 0
60303 0
60330 0
60332 0
60366 0
60397 0
60480 0
60491 0
60550 0
60642 0
60664 0
60671 0
60674 0
60705 0
60727 0
60761 0
60770 0
60778 0
60792 0
60820 0
60836 0
60912 0
60931 0
60969 0
61022 0
61068 0
61128 0
61141 0
61203 0
61265 0
61276 0
61376 0
61394 0
61395 0
61408 0
61422 0
61466 0
61476 0
61484 0
61533 0
61568 0
61715 0
61725 0
61793 0
61800 0
61878 0
61946 0
61952 0
61953 0
62002 0
62105 0
62116 0
62126 0
62166 0
62259 0
62553 0
62665 0
62852 0
62874 0
62882 0
62924 0
62943 0
62944 0
62950 0
63008 0
63032 0
63046 0
63152 0
63231 0
63265 0
63335 0
63345 0
63456 0
63483 0
63490 0
63533 0
63562 0
63597 0
63613 0
63615 0
63618 0
63643 0
63678 0
63687 0
63824 0
63864 0
64044 0
64131 0
64147 0
64174 0
64186 0
64219 0
64483 0
64501 0
64527 0
64594 0
64626 0
64650 0
64708 0
64747 0
64792 0
64854 0
64871 0
64927 0
64979 0
65001 0
65025 0
65137 0
65149 0
65195 0
65202 0
65252 0
65402 0
65450 0
65488 0
65535 0
65583 0
65595 0
65620 0
65754 0
65774 0
65805 0
65827 0
65836 0
65918 0
65926 0
66003 0
66022 0
66031 0
66038 0
66140 0
66141 0
66183 0
66189 0
66197 0
66232 0
66303 0
66403 0
66429 0
66434 0
66452 0
66501 0
66529 0
66542 0
66733 0
66734 0
66743 0
66824 0
66860 0
66985 0
67064 0
67136 0
67223 0
67226 0
67228 0
67263 0
67276 0
67290 0
67570 0
67715 0
67732 0
67739 0
67788 0
67877 0
67911 0
67933 0
67985 0
67987 0
67994 0
68011 0
68036 0
68128 0
68154 0
68210 0
68298 0
68304 0
68315 0
68327 0
68516 0
68566 0
68579 0
68622 0
68697 0
68731 0
68786 0
68792 0
68794 0
68809 0
68935 0
68961 0
68974 0
69064 0
69071 0
69161 0
69180 0
69225 0
69260 0
69309 0
69321 0
69412 0
69466 0
69513 0
69600 0
69696 0
69920 0
69941 0
69965 0
70093 0
70105 0
70113 0
70125 0
70129 0
70224 0
70259 0
70279 0
70286 0
70375 0
70468 0
70487 0
70606 0
70627 0
70667 0
70712 0
70762 0
70835 0
70931 0
70980 0
70996 0
70999 0
71184 0
71248 0
71256 0
71268 0
71280 0
71282 0
71311 0
71328 0
71336 0
71381 0
71417 0
71424 0
71427 0
71523 0
71535 0
71545 0
71588 0
71642 0
71701 0
71748 0
71792 0
71876 0
71916 0
72018 0
72045 0
72109 0
72114 0
72188 0
72257 0
72401 0
72478 0
72485 0
72540 0
72634 0
72739 0
72759 0
72788 0
72792 0
72880 0
72912 0
72969 0
73077 0
73172 0
73228 0
73229 0
73232 0
73334 0
73395 0
73486 0
73600 0
73684 0
73699 0
73719 0
73824 0
73872 0
73899 0
73970 0
74026 0
74064 0
74078 0
74200 0
74203 0
74214 0
74258 0
74281 0
74319 0
74331 0
74333 0
74361 0
74390 0
74495 0
74502 0
74738 0
74776 0
74835 0
74861 0
74922 0
74927 0
75009 0
75106 0
75151 0
75155 0
75168 0
75213 0
75324 0
75352 0
75398 0
75475 0
75503 0
75533 0
75543 0
75548 0
75566 0
75631 0
75686 0
75787 0
75819 0
75878 0
75947 0
75948 0
75956 0
75976 0
76047 0
76066 0
76135 0
76182 0
76235 0
76346 0
76358 0
76370 0
76464 0
76577 0
76599 0
76619 0
76688 0
76733 0
76936 0
76957 0
77148 0
77209 0
77220 0
77265 0
77332 0
77382 0
77385 0
77427 0
77481 0
77553 0
77566 0
77574 0
77635 0
77697 0
77700 0
77722 0
77823 0
77857 0
77892 0
77906 0
77964 0
78006 0
78251 0
78269 0
78304 0
78305 0
78330 0
78338 0
78443 0
78486 0
78501 0
78601 0
78706 0
78724 0
78733 0
78739 0
78780 0
78806 0
78829 0
78939 0
79014 0
79159 0
79394 0
79418 0
79443 0
79502 0
79515 0
79551 0
79587 0
79633 0
79653 0
79671 0
79730 0
79843 0
79881 0
80009 0
80035 0
80040 0
80042 0
80109 0
80123 0
80137 0
80158 0
80387 0
80398 0
80445 0
80450 0
80556 0
80655 0
80675 0
80751 0
80766 0
80812 0
80897 0
80935 0
81001 0
81054 0
81089 0
81156 0
81255 0
81269 0
81278 0
81337 0
81365 0
81370 0
81387 0
81422 0
81449 0
81530 0
81532 0
81610 0
81616 0
81621 0
81652 0
81695 0
81710 0
81713 0
81726 0
81748 0
81750 0
81757 0
81788 0
81844 0
81855 0
81897 0
81929 0
81934 0
82005 0
82034 0
82036 0
82039 0
82056 0
82064 0
82080 0
82128 0
82187 0
82286 0
82437 0
82447 0
82449 0
82540 0
82560 0
82579 0
82604 0
82649 0
82671 0
82720 0
82740 0
82761 0
82818 0
82822 0
82917 0
82922 0
82939 0
82995 0
82996 0
83009 0
83026 0
83127 0
83300 0
83303 0
83359 0
83364 0
83439 0
83452 0
83489 0
83497 0
83540 0
83798 0
83994 0
84153 0
84195 0
84230 0
84313 0
84352 0
84458 0
84498 0
84502 0
84551 0
84643 0
84670 0
84697 0
84753 0
84775 0
84917 0
84946 0
84954 0
84980 0
84990 0
85000 0
85009 0
85045 0
85099 0
85143 0
85144 0
85145 0
85173 0
85321 0
85359 0
85404 0
85476 0
85542 0
85550 0
85662 0
85761 0
85834 0
85850 0
85913 0
85959 0
85968 0
85974 0
85999 0
86046 0
86059 0
86063 0
86070 0
86111 0
86132 0
86253 0
86308 0
86387 0
86436 0
86488 0
86533 0
86536 0
86547 0
86560 0
86654 0
86716 0
86745 0
86748 0
86834 0
86966 0
87039 0
87045 0
87155 0
87162 0
87234 0
87248 0
87360 0
87450 0
87460 0
87494 0
87508 0
87586 0
87605 0
87733 0
87735 0
87843 0
87859 0
87888 0
87925 0
87937 0
87975 0
87978 0
88005 0
88150 0
88160 0
88168 0
88275 0
88351 0
88362 0
88431 0
88448 0
88508 0
88574 0
88606 0
88620 0
88695 0
88705 0
88748 0
88771 0
88882 0
88904 0
88922 0
88961 0
89061 0
89137 0
89199 0
89305 0
89325 0
89381 0
89418 0
89449 0
89540 0
89581 0
89695 0
89700 0
89790 0
89817 0
89830 0
89950 0
90006 0
90038 0
90299 0
90389 0
90450 0
90482 0
90631 0
90791 0
90868 0
90872 0
90874 0
90875 0
90876 0
90921 0
90992 0
91007 0
91022 0
91094 0
91146 0
91257 0
91278 0
91303 0
91370 0
91376 0
91415 0
91432 0
91446 0
91655 0
91671 0
91690 0
91765 0
91772 0
91815 0
91827 0
91837 0
91841 0
91868 0
92024 0
92048 0
92198 0
92202 0
92248 0
92284 0
92293 0
92330 0
92373 0
92374 0
92379 0
92417 0
92434 0
92603 0
92649 0
92654 0
92732 0
92781 0
92782 0
92813 0
92855 0
92910 0
92921 0
92940 0
92966 0
93079 0
93188 0
93239 0
93305 0
93306 0
93337 0
93389 0
93435 0
93469 0
93471 0
93491 0
93585 0
93622 0
93650 0
93688 0
93692 0
93805 0
93883 0
93918 0
93951 0
93979 0
93988 0
94095 0
94105 0
94427 0
94442 0
94547 0
94614 0
94636 0
94683 0
94720 0
94751 0
94763 0
94846 0
94876 0
95016 0
95075 0
95183 0
95206 0
95207 0
95295 0
95335 0
95485 0
95516 0
95541 0
95551 0
95558 0
95572 0
95607 0
95674 0
95689 0
95741 0
95751 0
95804 0
95879 0
95937 0
95944 0
96099 0
96124 0
96147 0
96154 0
96165 0
96179 0
96262 0
96321 0
96463 0
96505 0
96537 0
96703 0
96784 0
96832 0
96893 0
96900 0
96920 0
96939 0
96969 0
96973 0
96999 0
97058 0
97078 0
97084 0
97087 0
97109 0
97176 0
97327 0
97465 0
97478 0
97505 0
97526 0
97552 0
97557 0
97583 0
97590 0
97642 0
97694 0
97775 0
97888 0
98037 0
98119 0
98444 0
98452 0
98510 0
98712 0
98782 0
98799 0
98867 0
98898 0
99012 0
99038 0
99214 0
99228 0
99480 0
99503 0
99604 0
99621 0
99668 0
99726 0
99840 0
