c This is a uniform distributed  1-D DIMACS file 
c width height point_number
p 100000 100000 2048
28 0
102 0
118 0
228 0
299 0
301 0
438 0
595 0
608 0
642 0
704 0
848 0
850 0
892 0
907 0
911 0
992 0
1013 0
1025 0
1049 0
1077 0
1088 0
1115 0
1146 0
1188 0
1191 0
1228 0
1329 0
1419 0
1458 0
1483 0
1524 0
1558 0
1559 0
1674 0
1679 0
1693 0
1782 0
1797 0
1838 0
1847 0
1888 0
1953 0
1960 0
1961 0
1966 0
1977 0
2029 0
2048 0
2054 0
2083 0
2102 0
2278 0
2313 0
2330 0
2331 0
2386 0
2388 0
2445 0
2457 0
2586 0
2608 0
2646 0
2667 0
2722 0
2817 0
2860 0
2897 0
2926 0
2931 0
2932 0
3004 0
3065 0
3114 0
3163 0
3178 0
3194 0
3260 0
3307 0
3421 0
3451 0
3477 0
3496 0
3566 0
3576 0
3622 0
3671 0
3772 0
3796 0
3847 0
3849 0
3860 0
4100 0
4191 0
4364 0
4427 0
4483 0
4485 0
4557 0
4597 0
4767 0
4910 0
4965 0
4999 0
5125 0
5138 0
5256 0
5289 0
5291 0
5308 0
5367 0
5380 0
5524 0
5619 0
5638 0
5654 0
5678 0
5729 0
5835 0
5887 0
5953 0
6009 0
6042 0
6095 0
6112 0
6126 0
6135 0
6145 0
6215 0
6217 0
6241 0
6321 0
6343 0
6377 0
6535 0
6536 0
6543 0
6552 0
6577 0
6602 0
6674 0
6801 0
6811 0
6953 0
6958 0
7030 0
7041 0
7061 0
7085 0
7108 0
7202 0
7245 0
7276 0
7282 0
7284 0
7292 0
7293 0
7338 0
7358 0
7436 0
7451 0
7512 0
7513 0
7544 0
7554 0
7602 0
7697 0
7914 0
7965 0
8013 0
8027 0
8059 0
8092 0
8109 0
8155 0
8194 0
8206 0
8244 0
8278 0
8296 0
8325 0
8341 0
8363 0
8370 0
8375 0
8422 0
8481 0
8508 0
8537 0
8616 0
8629 0
8640 0
8718 0
8735 0
8913 0
8942 0
9067 0
9170 0
9264 0
9286 0
9330 0
9374 0
9385 0
9395 0
9608 0
9658 0
9676 0
9680 0
9703 0
9762 0
9845 0
9854 0
9872 0
9911 0
9975 0
9977 0
9997 0
10040 0
10063 0
10162 0
10198 0
10325 0
10336 0
10416 0
10472 0
10575 0
10716 0
10767 0
10776 0
10809 0
10875 0
10931 0
10943 0
10984 0
10987 0
11009 0
11134 0
11146 0
11204 0
11217 0
11294 0
11370 0
11425 0
11477 0
11631 0
11655 0
11690 0
11793 0
11826 0
11883 0
11901 0
11917 0
11922 0
12004 0
12043 0
12055 0
12170 0
12235 0
12430 0
12488 0
12542 0
12627 0
12641 0
12731 0
12822 0
12840 0
12900 0
12910 0
12945 0
12976 0
12992 0
13002 0
13085 0
13167 0
13181 0
13185 0
13237 0
13318 0
13337 0
13398 0
13577 0
13591 0
13613 0
13700 0
13808 0
13859 0
13876 0
13957 0
13961 0
13974 0
14049 0
14055 0
14097 0
14169 0
14253 0
14261 0
14382 0
14386 0
14409 0
14452 0
14466 0
14498 0
14629 0
14731 0
14859 0
14865 0
14874 0
14939 0
14943 0
14949 0
14989 0
15023 0
15040 0
15105 0
15136 0
15235 0
15241 0
15292 0
15298 0
15299 0
15340 0
15402 0
15452 0
15467 0
15536 0
15560 0
15562 0
15585 0
15670 0
15770 0
15824 0
15861 0
15881 0
15920 0
15939 0
15949 0
16004 0
16023 0
16097 0
16111 0
16201 0
16265 0
16267 0
16382 0
16414 0
16418 0
16451 0
16498 0
16509 0
16537 0
16573 0
16608 0
16679 0
16710 0
16764 0
16801 0
16855 0
16885 0
16896 0
16983 0
17036 0
17059 0
17125 0
17151 0
17198 0
17211 0
17280 0
17330 0
17482 0
17490 0
17605 0
17645 0
17668 0
17672 0
17680 0
17692 0
17706 0
17741 0
17750 0
17763 0
17811 0
17841 0
17888 0
17924 0
18013 0
18015 0
18022 0
18025 0
18312 0
18398 0
18461 0
18542 0
18712 0
18720 0
18753 0
18759 0
18855 0
18903 0
18912 0
18919 0
19018 0
19020 0
19029 0
19097 0
19233 0
19248 0
19254 0
19300 0
19601 0
19603 0
19734 0
19746 0
19753 0
19900 0
19971 0
19983 0
20138 0
20180 0
20209 0
20213 0
20275 0
20444 0
20454 0
20457 0
20590 0
20679 0
20681 0
20692 0
20814 0
20918 0
20945 0
20957 0
20963 0
20985 0
20998 0
21000 0
21050 0
21053 0
21112 0
21149 0
21183 0
21207 0
21347 0
21392 0
21412 0
21591 0
21613 0
21615 0
21656 0
21663 0
21751 0
21787 0
21890 0
21900 0
21911 0
21912 0
22048 0
22051 0
22160 0
22207 0
22257 0
22319 0
22391 0
22401 0
22435 0
22460 0
22486 0
22516 0
22531 0
22644 0
22652 0
22680 0
22719 0
22778 0
22910 0
22918 0
23135 0
23183 0
23190 0
23226 0
23247 0
23251 0
23333 0
23360 0
23441 0
23632 0
23736 0
23739 0
23772 0
23872 0
23907 0
24020 0
24022 0
24037 0
24137 0
24149 0
24423 0
24446 0
24493 0
24497 0
24498 0
24740 0
24756 0
24787 0
24953 0
24955 0
24970 0
24981 0
25012 0
25024 0
25115 0
25155 0
25161 0
25223 0
25258 0
25302 0
25356 0
25408 0
25467 0
25469 0
25485 0
25489 0
25544 0
25557 0
25563 0
25633 0
25734 0
25776 0
25786 0
25900 0
25919 0
26109 0
26179 0
26583 0
26630 0
26639 0
26679 0
26717 0
26780 0
26804 0
26820 0
26855 0
26973 0
27015 0
27240 0
27362 0
27437 0
27512 0
27524 0
27540 0
27601 0
27641 0
27673 0
27683 0
27685 0
27716 0
27725 0
27884 0
27939 0
27967 0
28014 0
28097 0
28101 0
28166 0
28203 0
28211 0
28213 0
28295 0
28301 0
28317 0
28335 0
28388 0
28406 0
28438 0
28492 0
28665 0
28803 0
28859 0
28863 0
28886 0
28956 0
29052 0
29180 0
29284 0
29294 0
29318 0
29319 0
29385 0
29440 0
29533 0
29616 0
29658 0
29670 0
29706 0
29712 0
29752 0
29797 0
29798 0
29858 0
29885 0
30040 0
30176 0
30188 0
30304 0
30339 0
30358 0
30390 0
30397 0
30437 0
30477 0
30489 0
30490 0
30597 0
30627 0
30631 0
30682 0
30759 0
30825 0
30834 0
30848 0
30897 0
30938 0
30965 0
31037 0
31086 0
31122 0
31126 0
31138 0
31166 0
31193 0
31299 0
31305 0
31338 0
31349 0
31395 0
31459 0
31463 0
31464 0
31473 0
31502 0
31517 0
31524 0
31563 0
31575 0
31675 0
31691 0
31731 0
31742 0
31762 0
31766 0
31772 0
31776 0
31833 0
31925 0
31936 0
31973 0
31987 0
31998 0
32093 0
32121 0
32156 0
32219 0
32229 0
32301 0
32355 0
32543 0
32546 0
32651 0
32654 0
32688 0
32777 0
32891 0
32972 0
33009 0
33045 0
33070 0
33085 0
33091 0
33116 0
33187 0
33248 0
33276 0
33356 0
33363 0
33388 0
33438 0
33538 0
33553 0
33585 0
33588 0
33667 0
33689 0
33727 0
34039 0
34072 0
34105 0
34113 0
34127 0
34278 0
34284 0
34356 0
34361 0
34404 0
34450 0
34477 0
34632 0
34688 0
34808 0
34818 0
34912 0
35018 0
35030 0
35108 0
35291 0
35293 0
35438 0
35481 0
35533 0
35578 0
35579 0
35645 0
35744 0
35881 0
35930 0
36034 0
36094 0
36183 0
36194 0
36205 0
36241 0
36268 0
36296 0
36307 0
36350 0
36400 0
36401 0
36411 0
36458 0
36484 0
36760 0
36771 0
36800 0
36828 0
36847 0
36969 0
37051 0
37115 0
37125 0
37152 0
37220 0
37236 0
37269 0
37299 0
37371 0
37401 0
37406 0
37412 0
37433 0
37464 0
37508 0
37527 0
37542 0
37552 0
37555 0
37691 0
37806 0
37825 0
37843 0
37854 0
37886 0
37897 0
37916 0
37918 0
37923 0
38012 0
38022 0
38031 0
38067 0
38122 0
38299 0
38306 0
38309 0
38323 0
38372 0
38395 0
38441 0
38506 0
38525 0
38552 0
38675 0
38699 0
38753 0
38833 0
38939 0
39026 0
39082 0
39167 0
39224 0
39402 0
39422 0
39426 0
39471 0
39556 0
39584 0
39605 0
39612 0
39623 0
39635 0
39693 0
39727 0
39825 0
39905 0
39933 0
40006 0
40042 0
40076 0
40079 0
40204 0
40215 0
40474 0
40527 0
40576 0
40676 0
40722 0
40746 0
40814 0
40826 0
40855 0
41026 0
41093 0
41214 0
41299 0
41301 0
41360 0
41394 0
41473 0
41511 0
41536 0
41580 0
41630 0
41729 0
41793 0
41935 0
42066 0
42219 0
42228 0
42271 0
42315 0
42322 0
42370 0
42385 0
42388 0
42461 0
42501 0
42507 0
42549 0
42560 0
42597 0
42629 0
42702 0
42739 0
42782 0
42792 0
42812 0
42839 0
42857 0
42891 0
42912 0
42950 0
43031 0
43051 0
43082 0
43137 0
43158 0
43194 0
43213 0
43244 0
43258 0
43303 0
43313 0
43342 0
43355 0
43411 0
43415 0
43462 0
43625 0
43634 0
43666 0
43831 0
43871 0
43872 0
43929 0
43931 0
44008 0
44017 0
44045 0
44067 0
44085 0
44104 0
44105 0
44130 0
44137 0
44164 0
44178 0
44188 0
44240 0
44252 0
44314 0
44385 0
44431 0
44496 0
44531 0
44563 0
44567 0
44608 0
44644 0
44854 0
44894 0
44913 0
44969 0
45026 0
45204 0
45223 0
45237 0
45239 0
45243 0
45265 0
45267 0
45303 0
45379 0
45458 0
45500 0
45522 0
45530 0
45548 0
45557 0
45580 0
45610 0
45620 0
45635 0
45819 0
45858 0
45978 0
45979 0
45991 0
46069 0
46079 0
46176 0
46194 0
46349 0
46389 0
46400 0
46426 0
46487 0
46504 0
46557 0
46797 0
46806 0
46823 0
46842 0
46853 0
46861 0
46917 0
46934 0
46939 0
47145 0
47150 0
47425 0
47699 0
47713 0
47818 0
47854 0
47861 0
47895 0
47955 0
48002 0
48010 0
48201 0
48206 0
48213 0
48341 0
48402 0
48487 0
48552 0
48615 0
48618 0
48647 0
48668 0
48747 0
48778 0
48810 0
48843 0
48850 0
48874 0
49004 0
49072 0
49085 0
49144 0
49161 0
49355 0
49419 0
49438 0
49452 0
49457 0
49463 0
49570 0
49607 0
49717 0
49741 0
49772 0
49776 0
49791 0
49845 0
49908 0
49930 0
50008 0
50037 0
50142 0
50156 0
50207 0
50233 0
50312 0
50531 0
50556 0
50580 0
50621 0
50661 0
50676 0
50680 0
50750 0
50776 0
50820 0
50837 0
50843 0
50863 0
50897 0
50920 0
50959 0
50979 0
51041 0
51051 0
51097 0
51107 0
51117 0
51158 0
51212 0
51302 0
51345 0
51471 0
51480 0
51487 0
51501 0
51523 0
51534 0
51543 0
51552 0
51652 0
51669 0
51678 0
51680 0
51891 0
51900 0
51916 0
51953 0
52045 0
52123 0
52146 0
52153 0
52226 0
52227 0
52269 0
52325 0
52350 0
52416 0
52480 0
52500 0
52509 0
52636 0
52749 0
52858 0
52899 0
52914 0
52927 0
52946 0
52959 0
52987 0
53042 0
53071 0
53179 0
53185 0
53189 0
53224 0
53249 0
53263 0
53348 0
53416 0
53495 0
53593 0
53633 0
53637 0
53704 0
53764 0
53849 0
53900 0
53917 0
53961 0
53976 0
53993 0
54242 0
54259 0
54304 0
54309 0
54323 0
54341 0
54353 0
54428 0
54431 0
54491 0
54507 0
54511 0
54514 0
54597 0
54611 0
54649 0
54893 0
55067 0
55069 0
55102 0
55149 0
55168 0
55325 0
55374 0
55548 0
55552 0
55570 0
55578 0
55579 0
55637 0
55672 0
55881 0
55900 0
55943 0
55972 0
56078 0
56084 0
56093 0
56102 0
56112 0
56115 0
56131 0
56168 0
56252 0
56365 0
56369 0
56377 0
56407 0
56462 0
56560 0
56618 0
56787 0
56808 0
57005 0
57016 0
57026 0
57038 0
57118 0
57144 0
57176 0
57262 0
57289 0
57361 0
57371 0
57404 0
57471 0
57524 0
57555 0
57590 0
57810 0
57873 0
57877 0
58005 0
58145 0
58191 0
58224 0
58361 0
58422 0
58442 0
58535 0
58643 0
58687 0
58713 0
58760 0
58829 0
58940 0
59106 0
59122 0
59133 0
59143 0
59179 0
59250 0
59444 0
59469 0
59507 0
59523 0
59535 0
59585 0
59609 0
59622 0
59800 0
59841 0
59875 0
59916 0
60135 0
60140 0
60170 0
60234 0
60235 0
60295 0
60334 0
60348 0
60454 0
60492 0
60512 0
60533 0
60644 0
60712 0
60783 0
60864 0
60913 0
61026 0
61240 0
61344 0
61368 0
61413 0
61457 0
61504 0
61553 0
61576 0
61601 0
61629 0
61722 0
61729 0
61752 0
61916 0
61973 0
61991 0
62078 0
62087 0
62176 0
62207 0
62284 0
62314 0
62331 0
62346 0
62349 0
62423 0
62435 0
62488 0
62654 0
62765 0
62827 0
62879 0
62900 0
62938 0
62940 0
63033 0
63068 0
63136 0
63215 0
63228 0
63279 0
63314 0
63355 0
63362 0
63369 0
63405 0
63425 0
63426 0
63497 0
63499 0
63500 0
63671 0
63706 0
63752 0
63754 0
63772 0
63800 0
63803 0
63854 0
63874 0
63882 0
63891 0
63925 0
63967 0
63976 0
63993 0
64109 0
64229 0
64244 0
64287 0
64335 0
64410 0
64449 0
64564 0
64571 0
64581 0
64696 0
64772 0
64997 0
65004 0
65027 0
65186 0
65204 0
65212 0
65225 0
65243 0
65323 0
65333 0
65354 0
65409 0
65475 0
65500 0
65510 0
65607 0
65702 0
65802 0
65805 0
65827 0
65913 0
65926 0
65996 0
66042 0
66071 0
66113 0
66245 0
66253 0
66284 0
66384 0
66443 0
66456 0
66512 0
66544 0
66573 0
66722 0
66726 0
66727 0
66741 0
66762 0
66778 0
66921 0
66980 0
66981 0
67034 0
67071 0
67100 0
67124 0
67152 0
67180 0
67237 0
67256 0
67271 0
67313 0
67326 0
67365 0
67441 0
67465 0
67467 0
67492 0
67511 0
67565 0
67675 0
67736 0
67764 0
67766 0
67807 0
67810 0
68045 0
68054 0
68131 0
68139 0
68146 0
68154 0
68158 0
68173 0
68218 0
68285 0
68305 0
68316 0
68362 0
68394 0
68410 0
68427 0
68515 0
68600 0
68621 0
68653 0
68667 0
68702 0
68850 0
68990 0
69000 0
69016 0
69025 0
69131 0
69241 0
69460 0
69527 0
69533 0
69538 0
69543 0
69705 0
69778 0
69782 0
69804 0
69877 0
69943 0
70152 0
70192 0
70287 0
70359 0
70369 0
70381 0
70425 0
70435 0
70440 0
70451 0
70491 0
70516 0
70563 0
70694 0
70702 0
70757 0
70764 0
70830 0
70857 0
70991 0
71133 0
71139 0
71145 0
71155 0
71167 0
71204 0
71253 0
71275 0
71318 0
71345 0
71355 0
71356 0
71359 0
71387 0
71388 0
71401 0
71608 0
71636 0
71738 0
71792 0
71799 0
71885 0
71911 0
72025 0
72092 0
72157 0
72163 0
72192 0
72223 0
72235 0
72280 0
72474 0
72550 0
72560 0
72581 0
72640 0
72651 0
72681 0
72720 0
72728 0
72775 0
72783 0
72930 0
72982 0
72993 0
73001 0
73025 0
73054 0
73099 0
73125 0
73149 0
73165 0
73235 0
73296 0
73333 0
73377 0
73391 0
73415 0
73421 0
73468 0
73486 0
73493 0
73494 0
73530 0
73604 0
73609 0
73674 0
73682 0
73958 0
73991 0
74031 0
74089 0
74169 0
74188 0
74269 0
74336 0
74381 0
74439 0
74482 0
74518 0
74601 0
74613 0
74621 0
74696 0
74757 0
74762 0
74793 0
74817 0
74915 0
74996 0
75073 0
75094 0
75106 0
75206 0
75234 0
75250 0
75254 0
75362 0
75384 0
75403 0
75499 0
75554 0
75563 0
75610 0
75680 0
75710 0
75884 0
75976 0
75994 0
76031 0
76055 0
76322 0
76336 0
76342 0
76353 0
76401 0
76494 0
76519 0
76543 0
76599 0
76601 0
76619 0
76673 0
76836 0
76856 0
76923 0
76998 0
77042 0
77056 0
77115 0
77124 0
77125 0
77126 0
77151 0
77213 0
77245 0
77314 0
77411 0
77412 0
77440 0
77484 0
77515 0
77542 0
77579 0
77620 0
77659 0
77682 0
77686 0
77813 0
77875 0
78009 0
78088 0
78106 0
78162 0
78220 0
78238 0
78278 0
78288 0
78360 0
78374 0
78417 0
78679 0
78722 0
78733 0
78748 0
78766 0
78800 0
78952 0
78985 0
79031 0
79061 0
79107 0
79109 0
79115 0
79117 0
79250 0
79305 0
79308 0
79369 0
79386 0
79423 0
79426 0
79428 0
79434 0
79456 0
79458 0
79568 0
79636 0
79642 0
79750 0
79754 0
79777 0
79867 0
79868 0
80014 0
80055 0
80265 0
80293 0
80342 0
80368 0
80378 0
80457 0
80459 0
80536 0
80790 0
80799 0
80825 0
80885 0
81053 0
81081 0
81085 0
81154 0
81260 0
81279 0
81288 0
81332 0
81357 0
81444 0
81473 0
81475 0
81498 0
81506 0
81528 0
81579 0
81607 0
81633 0
81664 0
81719 0
81726 0
81743 0
81747 0
81753 0
81810 0
81825 0
81944 0
81952 0
81956 0
82040 0
82121 0
82132 0
82137 0
82270 0
82298 0
82314 0
82324 0
82457 0
82532 0
82547 0
82586 0
82588 0
82597 0
82623 0
82648 0
82651 0
82662 0
82811 0
82832 0
82842 0
82867 0
82906 0
82913 0
82923 0
82936 0
82948 0
82991 0
83028 0
83046 0
83202 0
83232 0
83303 0
83332 0
83438 0
83483 0
83531 0
83693 0
83705 0
83743 0
83853 0
83906 0
83909 0
83927 0
83937 0
83943 0
83953 0
83957 0
83972 0
83976 0
83980 0
83982 0
83986 0
83999 0
84084 0
84113 0
84123 0
84257 0
84296 0
84447 0
84589 0
84608 0
84612 0
84692 0
84739 0
84774 0
84790 0
84836 0
84907 0
84922 0
84930 0
84937 0
84939 0
85112 0
85146 0
85155 0
85218 0
85241 0
85352 0
85360 0
85430 0
85484 0
85506 0
85546 0
85677 0
85730 0
85740 0
85768 0
85837 0
85881 0
85894 0
85935 0
85964 0
85988 0
85993 0
86018 0
86058 0
86095 0
86115 0
86116 0
86222 0
86336 0
86349 0
86367 0
86431 0
86478 0
86563 0
86589 0
86617 0
86657 0
86762 0
86764 0
86839 0
86845 0
87062 0
87068 0
87124 0
87129 0
87207 0
87252 0
87254 0
87286 0
87327 0
87358 0
87541 0
87683 0
87852 0
87866 0
87902 0
87985 0
88022 0
88032 0
88048 0
88078 0
88131 0
88170 0
88172 0
88238 0
88258 0
88281 0
88370 0
88397 0
88412 0
88541 0
88556 0
88576 0
88599 0
88610 0
88638 0
88678 0
88701 0
88825 0
88864 0
88884 0
89021 0
89054 0
89060 0
89068 0
89071 0
89215 0
89309 0
89363 0
89382 0
89426 0
89480 0
89524 0
89620 0
89803 0
89814 0
89972 0
89979 0
90078 0
90144 0
90168 0
90230 0
90231 0
90268 0
90301 0
90315 0
90354 0
90360 0
90365 0
90416 0
90542 0
90564 0
90578 0
90704 0
90792 0
90874 0
91000 0
91094 0
91176 0
91207 0
91222 0
91257 0
91315 0
91421 0
91433 0
91441 0
91490 0
91505 0
91510 0
91571 0
91725 0
91726 0
91754 0
91767 0
91769 0
91831 0
91919 0
91952 0
91955 0
91998 0
92062 0
92064 0
92085 0
92122 0
92175 0
92284 0
92322 0
92437 0
92494 0
92528 0
92623 0
92654 0
92796 0
92863 0
93053 0
93131 0
93140 0
93165 0
93177 0
93196 0
93219 0
93251 0
93263 0
93325 0
93351 0
93356 0
93462 0
93463 0
93491 0
93545 0
93554 0
93566 0
93619 0
93633 0
93649 0
93773 0
93835 0
93927 0
93952 0
93976 0
94025 0
94105 0
94118 0
94124 0
94132 0
94167 0
94198 0
94252 0
94301 0
94329 0
94398 0
94407 0
94409 0
94447 0
94457 0
94478 0
94562 0
94676 0
94677 0
94716 0
94737 0
94741 0
94753 0
94796 0
94802 0
94904 0
94930 0
94944 0
94945 0
95079 0
95176 0
95246 0
95301 0
95359 0
95441 0
95462 0
95467 0
95506 0
95594 0
95600 0
95619 0
95655 0
95748 0
95786 0
95836 0
95892 0
95941 0
95942 0
95956 0
96031 0
96065 0
96089 0
96300 0
96347 0
96352 0
96382 0
96428 0
96573 0
96581 0
96590 0
96606 0
96661 0
96664 0
96854 0
96890 0
96981 0
97057 0
97075 0
97135 0
97288 0
97291 0
97298 0
97349 0
97364 0
97399 0
97412 0
97417 0
97504 0
97527 0
97549 0
97582 0
97606 0
97739 0
97788 0
97832 0
97840 0
97861 0
97934 0
97984 0
97988 0
98024 0
98062 0
98115 0
98209 0
98212 0
98232 0
98261 0
98281 0
98412 0
98440 0
98513 0
98551 0
98633 0
98701 0
98742 0
98858 0
98914 0
99016 0
99046 0
99068 0
99162 0
99172 0
99187 0
99196 0
99260 0
99277 0
99420 0
99542 0
99595 0
99606 0
99822 0
99849 0
