c This is a uniform distributed  1-D DIMACS file 
c width height point_number
p 100000 100000 2048
7 0
94 0
124 0
184 0
223 0
227 0
281 0
380 0
504 0
543 0
648 0
669 0
679 0
863 0
888 0
946 0
1008 0
1155 0
1228 0
1303 0
1394 0
1469 0
1744 0
1924 0
2254 0
2257 0
2267 0
2457 0
2472 0
2506 0
2537 0
2560 0
2579 0
2662 0
2666 0
2673 0
2715 0
2807 0
2828 0
2832 0
2861 0
2951 0
2970 0
2980 0
2981 0
3001 0
3011 0
3025 0
3029 0
3035 0
3052 0
3107 0
3172 0
3184 0
3205 0
3253 0
3349 0
3394 0
3455 0
3471 0
3541 0
3627 0
3643 0
3722 0
3747 0
3768 0
3811 0
3818 0
3827 0
3961 0
3983 0
3990 0
4139 0
4145 0
4148 0
4255 0
4261 0
4309 0
4321 0
4327 0
4335 0
4463 0
4572 0
4645 0
4658 0
4680 0
4693 0
4708 0
4752 0
4753 0
4810 0
4864 0
4883 0
4886 0
4940 0
5047 0
5090 0
5129 0
5165 0
5357 0
5364 0
5435 0
5455 0
5544 0
5563 0
5649 0
5677 0
5803 0
5932 0
6028 0
6118 0
6147 0
6191 0
6206 0
6210 0
6345 0
6415 0
6456 0
6505 0
6544 0
6592 0
6686 0
6879 0
6889 0
6899 0
6991 0
7039 0
7059 0
7148 0
7181 0
7186 0
7201 0
7206 0
7349 0
7417 0
7551 0
7560 0
7576 0
7641 0
7700 0
7772 0
7830 0
7887 0
7909 0
8064 0
8152 0
8169 0
8182 0
8277 0
8307 0
8334 0
8364 0
8492 0
8585 0
8611 0
8619 0
8669 0
8679 0
8770 0
8828 0
8852 0
8853 0
8920 0
8943 0
9102 0
9202 0
9279 0
9294 0
9428 0
9547 0
9557 0
9593 0
9628 0
9629 0
9657 0
9683 0
9786 0
9801 0
9898 0
9973 0
9985 0
10037 0
10101 0
10168 0
10209 0
10307 0
10403 0
10436 0
10481 0
10492 0
10496 0
10513 0
10522 0
10563 0
10580 0
10604 0
10646 0
10804 0
10805 0
10826 0
10916 0
10964 0
11117 0
11142 0
11295 0
11300 0
11324 0
11424 0
11515 0
11552 0
11598 0
11632 0
11653 0
11777 0
11784 0
11790 0
11839 0
11918 0
11973 0
11986 0
12077 0
12119 0
12129 0
12221 0
12365 0
12366 0
12375 0
12388 0
12475 0
12516 0
12546 0
12552 0
12618 0
12647 0
12650 0
12652 0
12681 0
12744 0
12810 0
12818 0
12952 0
13029 0
13093 0
13103 0
13120 0
13130 0
13233 0
13265 0
13304 0
13457 0
13461 0
13528 0
13539 0
13557 0
13569 0
13576 0
13763 0
13913 0
14004 0
14022 0
14045 0
14130 0
14168 0
14299 0
14313 0
14328 0
14351 0
14390 0
14451 0
14468 0
14506 0
14528 0
14616 0
14676 0
14701 0
14760 0
14851 0
14919 0
15068 0
15069 0
15098 0
15197 0
15219 0
15237 0
15240 0
15287 0
15289 0
15313 0
15320 0
15387 0
15441 0
15463 0
15500 0
15533 0
15545 0
15567 0
15579 0
15594 0
15686 0
15782 0
15809 0
15810 0
15853 0
15911 0
15934 0
16283 0
16343 0
16488 0
16504 0
16520 0
16570 0
16622 0
16639 0
16677 0
16690 0
16702 0
16743 0
16811 0
16818 0
16832 0
16858 0
16912 0
16939 0
16944 0
16959 0
16962 0
17024 0
17048 0
17068 0
17133 0
17142 0
17254 0
17353 0
17378 0
17398 0
17414 0
17448 0
17539 0
17576 0
17625 0
17684 0
17859 0
17864 0
17877 0
17901 0
17926 0
17999 0
18037 0
18062 0
18119 0
18146 0
18157 0
18163 0
18179 0
18253 0
18260 0
18266 0
18314 0
18375 0
18380 0
18406 0
18418 0
18447 0
18454 0
18556 0
18713 0
18781 0
18791 0
18798 0
18981 0
19083 0
19122 0
19125 0
19180 0
19241 0
19261 0
19283 0
19293 0
19494 0
19528 0
19553 0
19566 0
19575 0
19601 0
19608 0
19655 0
19860 0
19865 0
19866 0
19893 0
19904 0
19910 0
19963 0
19992 0
20023 0
20062 0
20136 0
20179 0
20222 0
20236 0
20359 0
20396 0
20475 0
20492 0
20565 0
20653 0
20711 0
20778 0
20831 0
20832 0
20837 0
20995 0
21068 0
21072 0
21083 0
21089 0
21099 0
21185 0
21236 0
21399 0
21545 0
21582 0
21655 0
21685 0
21696 0
21698 0
21707 0
21781 0
21809 0
21818 0
21862 0
21941 0
22030 0
22059 0
22106 0
22150 0
22209 0
22299 0
22328 0
22492 0
22530 0
22549 0
22567 0
22608 0
22687 0
22720 0
22897 0
22979 0
23016 0
23049 0
23060 0
23091 0
23171 0
23213 0
23248 0
23423 0
23463 0
23482 0
23500 0
23532 0
23616 0
23617 0
23688 0
23803 0
23835 0
23840 0
23891 0
23893 0
23969 0
24075 0
24084 0
24219 0
24256 0
24266 0
24290 0
24307 0
24321 0
24339 0
24399 0
24433 0
24481 0
24491 0
24563 0
24577 0
24591 0
24621 0
24658 0
24675 0
24752 0
24805 0
24973 0
25013 0
25048 0
25088 0
25138 0
25152 0
25162 0
25180 0
25211 0
25222 0
25281 0
25287 0
25298 0
25315 0
25376 0
25396 0
25527 0
25584 0
25725 0
25767 0
25774 0
25795 0
25898 0
25960 0
25972 0
26040 0
26074 0
26232 0
26298 0
26327 0
26472 0
26538 0
26583 0
26634 0
26708 0
26865 0
26934 0
26969 0
27026 0
27032 0
27078 0
27079 0
27112 0
27122 0
27139 0
27145 0
27222 0
27336 0
27356 0
27408 0
27528 0
27643 0
27662 0
27731 0
27821 0
27839 0
27871 0
27911 0
27919 0
27939 0
28044 0
28224 0
28328 0
28370 0
28378 0
28419 0
28480 0
28483 0
28508 0
28525 0
28584 0
28643 0
28720 0
28838 0
28928 0
28963 0
29031 0
29085 0
29117 0
29120 0
29184 0
29248 0
29330 0
29332 0
29336 0
29364 0
29368 0
29400 0
29401 0
29412 0
29436 0
29490 0
29496 0
29551 0
29651 0
29655 0
29665 0
29672 0
29714 0
29741 0
29805 0
29806 0
29898 0
29973 0
30053 0
30124 0
30270 0
30338 0
30339 0
30342 0
30376 0
30404 0
30517 0
30538 0
30590 0
30738 0
30779 0
30785 0
30794 0
30798 0
30806 0
30839 0
30869 0
30912 0
30926 0
31025 0
31090 0
31101 0
31111 0
31198 0
31221 0
31363 0
31442 0
31494 0
31515 0
31571 0
31594 0
31617 0
31688 0
31779 0
31780 0
31817 0
31836 0
31967 0
31972 0
32009 0
32034 0
32071 0
32142 0
32169 0
32176 0
32187 0
32189 0
32227 0
32283 0
32285 0
32318 0
32332 0
32432 0
32472 0
32474 0
32513 0
32596 0
32597 0
32711 0
32832 0
32833 0
32836 0
32920 0
32944 0
32976 0
32985 0
33020 0
33073 0
33155 0
33169 0
33178 0
33192 0
33216 0
33320 0
33409 0
33672 0
33687 0
33695 0
33773 0
33843 0
33870 0
33921 0
34008 0
34059 0
34065 0
34079 0
34084 0
34094 0
34105 0
34109 0
34133 0
34159 0
34169 0
34175 0
34185 0
34387 0
34413 0
34464 0
34484 0
34491 0
34503 0
34522 0
34679 0
34718 0
34851 0
34905 0
34907 0
34938 0
34978 0
35178 0
35184 0
35218 0
35238 0
35329 0
35354 0
35552 0
35564 0
35635 0
35685 0
35744 0
35798 0
35808 0
35845 0
35872 0
35882 0
35947 0
36002 0
36035 0
36042 0
36043 0
36200 0
36263 0
36305 0
36345 0
36381 0
36560 0
36584 0
36594 0
36639 0
36771 0
36807 0
36935 0
36937 0
37013 0
37034 0
37058 0
37143 0
37326 0
37373 0
37401 0
37437 0
37446 0
37453 0
37476 0
37488 0
37497 0
37510 0
37560 0
37598 0
37627 0
37684 0
37771 0
37822 0
37876 0
37965 0
37986 0
38002 0
38050 0
38169 0
38308 0
38338 0
38354 0
38361 0
38383 0
38409 0
38416 0
38419 0
38498 0
38508 0
38514 0
38524 0
38745 0
38835 0
38859 0
38866 0
38909 0
39044 0
39061 0
39093 0
39099 0
39126 0
39206 0
39218 0
39285 0
39372 0
39533 0
39651 0
39806 0
39984 0
40062 0
40164 0
40219 0
40237 0
40295 0
40308 0
40348 0
40365 0
40415 0
40444 0
40476 0
40518 0
40547 0
40575 0
40654 0
40677 0
40696 0
40698 0
40704 0
40725 0
40774 0
40822 0
40853 0
40928 0
41010 0
41022 0
41078 0
41118 0
41197 0
41224 0
41298 0
41356 0
41459 0
41491 0
41495 0
41513 0
41543 0
41544 0
41594 0
41652 0
41684 0
41729 0
41739 0
41762 0
41798 0
41833 0
41852 0
41911 0
41922 0
41985 0
42003 0
42019 0
42022 0
42071 0
42097 0
42194 0
42204 0
42211 0
42214 0
42229 0
42276 0
42325 0
42340 0
42371 0
42505 0
42515 0
42658 0
42854 0
42882 0
42891 0
42980 0
43051 0
43059 0
43108 0
43172 0
43183 0
43251 0
43280 0
43287 0
43377 0
43615 0
43634 0
43650 0
43662 0
43723 0
43745 0
43757 0
43828 0
43865 0
43908 0
43984 0
43999 0
44230 0
44313 0
44329 0
44354 0
44357 0
44462 0
44488 0
44510 0
44578 0
44594 0
44696 0
44698 0
44796 0
44896 0
44990 0
44991 0
45011 0
45033 0
45078 0
45142 0
45159 0
45161 0
45261 0
45286 0
45304 0
45331 0
45380 0
45397 0
45459 0
45476 0
45485 0
45505 0
45555 0
45649 0
45676 0
45678 0
45691 0
45695 0
45803 0
45829 0
45859 0
45865 0
45940 0
45975 0
46023 0
46033 0
46230 0
46232 0
46271 0
46289 0
46352 0
46372 0
46377 0
46381 0
46417 0
46427 0
46619 0
46688 0
46729 0
46748 0
46841 0
46920 0
46999 0
47005 0
47020 0
47038 0
47131 0
47180 0
47268 0
47281 0
47426 0
47474 0
47491 0
47494 0
47536 0
47594 0
47603 0
47643 0
47693 0
47880 0
47910 0
47985 0
48053 0
48169 0
48223 0
48226 0
48342 0
48349 0
48379 0
48456 0
48463 0
48492 0
48550 0
48552 0
48554 0
48655 0
48679 0
48778 0
48785 0
48894 0
48992 0
49011 0
49017 0
49029 0
49040 0
49100 0
49113 0
49114 0
49116 0
49142 0
49304 0
49308 0
49409 0
49413 0
49416 0
49533 0
49572 0
49613 0
49629 0
49640 0
49675 0
49756 0
49798 0
49832 0
49870 0
49967 0
50085 0
50096 0
50106 0
50137 0
50153 0
50257 0
50259 0
50335 0
50341 0
50357 0
50358 0
50408 0
50441 0
50443 0
50556 0
50633 0
50666 0
50687 0
50703 0
50712 0
50745 0
50784 0
50863 0
50866 0
50877 0
50929 0
50966 0
51005 0
51020 0
51062 0
51075 0
51078 0
51141 0
51215 0
51284 0
51321 0
51350 0
51390 0
51446 0
51477 0
51499 0
51502 0
51575 0
51658 0
51703 0
51735 0
51812 0
51844 0
51864 0
52058 0
52131 0
52160 0
52204 0
52223 0
52311 0
52320 0
52335 0
52356 0
52491 0
52579 0
52621 0
52705 0
52714 0
52822 0
52832 0
52975 0
53008 0
53011 0
53059 0
53144 0
53176 0
53222 0
53226 0
53276 0
53323 0
53358 0
53392 0
53460 0
53490 0
53509 0
53531 0
53571 0
53574 0
53597 0
53634 0
53679 0
53698 0
53863 0
53937 0
53953 0
53981 0
54193 0
54248 0
54328 0
54339 0
54419 0
54438 0
54446 0
54479 0
54510 0
54590 0
54607 0
54616 0
54773 0
54782 0
54898 0
54905 0
55018 0
55020 0
55051 0
55082 0
55085 0
55088 0
55120 0
55147 0
55178 0
55197 0
55208 0
55213 0
55220 0
55334 0
55423 0
55528 0
55577 0
55619 0
55639 0
55665 0
55679 0
55785 0
55842 0
55868 0
55934 0
55948 0
55980 0
56003 0
56021 0
56040 0
56096 0
56108 0
56205 0
56227 0
56243 0
56281 0
56297 0
56341 0
56377 0
56415 0
56434 0
56574 0
56578 0
56591 0
56774 0
56834 0
56835 0
56957 0
56997 0
57012 0
57013 0
57015 0
57026 0
57051 0
57074 0
57152 0
57168 0
57185 0
57316 0
57356 0
57382 0
57442 0
57522 0
57566 0
57595 0
57742 0
57790 0
57865 0
57914 0
57939 0
58047 0
58089 0
58280 0
58378 0
58413 0
58435 0
58465 0
58473 0
58482 0
58517 0
58527 0
58530 0
58532 0
58537 0
58562 0
58569 0
58667 0
58791 0
58871 0
58913 0
58927 0
58931 0
59054 0
59145 0
59157 0
59206 0
59235 0
59268 0
59277 0
59297 0
59302 0
59339 0
59340 0
59364 0
59431 0
59535 0
59554 0
59559 0
59610 0
59660 0
59665 0
59666 0
59675 0
59708 0
59814 0
59835 0
59848 0
59851 0
59903 0
59909 0
59963 0
60009 0
60016 0
60017 0
60059 0
60083 0
60117 0
60496 0
60572 0
60581 0
60693 0
60708 0
60738 0
60746 0
60758 0
60768 0
60792 0
60794 0
60826 0
60840 0
60920 0
60985 0
61048 0
61058 0
61065 0
61087 0
61197 0
61239 0
61280 0
61331 0
61374 0
61413 0
61534 0
61535 0
61592 0
61664 0
61771 0
61780 0
61873 0
61916 0
61921 0
61985 0
62040 0
62142 0
62163 0
62169 0
62175 0
62186 0
62241 0
62395 0
62500 0
62504 0
62575 0
62585 0
62594 0
62612 0
62767 0
62911 0
63029 0
63209 0
63346 0
63351 0
63477 0
63551 0
63568 0
63592 0
63610 0
63638 0
63752 0
63801 0
63850 0
63870 0
63902 0
63928 0
63990 0
64064 0
64115 0
64163 0
64166 0
64171 0
64200 0
64203 0
64310 0
64345 0
64354 0
64362 0
64419 0
64496 0
64532 0
64638 0
64651 0
64939 0
64990 0
65006 0
65048 0
65056 0
65168 0
65286 0
65307 0
65313 0
65315 0
65344 0
65426 0
65440 0
65488 0
65491 0
65512 0
65513 0
65539 0
65573 0
65653 0
65656 0
65775 0
65799 0
65821 0
65828 0
65832 0
65857 0
65947 0
65990 0
66062 0
66071 0
66076 0
66079 0
66111 0
66181 0
66187 0
66222 0
66228 0
66323 0
66391 0
66424 0
66427 0
66428 0
66431 0
66443 0
66474 0
66495 0
66500 0
66530 0
66540 0
66580 0
66603 0
66694 0
66713 0
66755 0
66796 0
66977 0
67021 0
67203 0
67263 0
67273 0
67328 0
67421 0
67597 0
67636 0
67835 0
67907 0
67960 0
67969 0
67978 0
68029 0
68054 0
68126 0
68193 0
68194 0
68263 0
68308 0
68318 0
68387 0
68392 0
68417 0
68458 0
68499 0
68502 0
68556 0
68569 0
68580 0
68585 0
68719 0
68753 0
68832 0
68849 0
68893 0
68943 0
68980 0
69012 0
69041 0
69042 0
69062 0
69083 0
69086 0
69110 0
69208 0
69301 0
69373 0
69390 0
69485 0
69583 0
69711 0
69731 0
69765 0
69845 0
69849 0
69930 0
70005 0
70032 0
70111 0
70126 0
70139 0
70167 0
70275 0
70287 0
70298 0
70385 0
70422 0
70428 0
70492 0
70497 0
70510 0
70538 0
70597 0
70673 0
70677 0
70681 0
70694 0
70774 0
70783 0
70913 0
71005 0
71015 0
71197 0
71266 0
71291 0
71392 0
71419 0
71453 0
71470 0
71483 0
71545 0
71570 0
71594 0
71602 0
71645 0
71702 0
71743 0
71801 0
71837 0
71843 0
71866 0
71871 0
71909 0
71966 0
72010 0
72080 0
72139 0
72140 0
72150 0
72291 0
72328 0
72394 0
72486 0
72531 0
72538 0
72576 0
72777 0
72807 0
72809 0
72848 0
72968 0
73024 0
73104 0
73189 0
73196 0
73266 0
73303 0
73353 0
73361 0
73411 0
73436 0
73455 0
73482 0
73574 0
73589 0
73715 0
73825 0
73829 0
73880 0
73919 0
73930 0
74037 0
74064 0
74099 0
74140 0
74145 0
74172 0
74217 0
74239 0
74249 0
74326 0
74356 0
74453 0
74503 0
74645 0
74648 0
74678 0
74708 0
74835 0
74895 0
74963 0
75003 0
75077 0
75146 0
75169 0
75276 0
75349 0
75444 0
75485 0
75546 0
75561 0
75579 0
75696 0
75827 0
75833 0
76123 0
76246 0
76292 0
76335 0
76376 0
76394 0
76459 0
76499 0
76509 0
76555 0
76595 0
76654 0
76715 0
76729 0
76731 0
76794 0
76809 0
76823 0
76841 0
76844 0
76862 0
76885 0
76942 0
76967 0
77111 0
77138 0
77152 0
77162 0
77172 0
77175 0
77226 0
77371 0
77438 0
77442 0
77506 0
77538 0
77633 0
77659 0
77809 0
77895 0
77915 0
77986 0
77997 0
78189 0
78199 0
78237 0
78242 0
78251 0
78331 0
78427 0
78437 0
78441 0
78555 0
78566 0
78568 0
78680 0
78753 0
78774 0
78874 0
78908 0
79014 0
79021 0
79050 0
79098 0
79102 0
79173 0
79255 0
79300 0
79310 0
79312 0
79360 0
79408 0
79430 0
79452 0
79466 0
79522 0
79552 0
79582 0
79637 0
79641 0
79666 0
79706 0
79714 0
79756 0
79779 0
79784 0
79878 0
79895 0
79905 0
79955 0
80026 0
80181 0
80238 0
80271 0
80292 0
80324 0
80410 0
80446 0
80449 0
80695 0
80697 0
80725 0
80738 0
80771 0
80841 0
80906 0
80930 0
80946 0
81016 0
81053 0
81123 0
81166 0
81219 0
81269 0
81295 0
81347 0
81395 0
81415 0
81419 0
81435 0
81445 0
81447 0
81516 0
81523 0
81539 0
81568 0
81572 0
81584 0
81597 0
81673 0
81711 0
81755 0
81858 0
81925 0
81990 0
82167 0
82174 0
82184 0
82281 0
82322 0
82345 0
82370 0
82454 0
82474 0
82581 0
82591 0
82621 0
82742 0
82774 0
82792 0
82808 0
82865 0
82869 0
82957 0
82968 0
82991 0
83106 0
83112 0
83120 0
83140 0
83213 0
83242 0
83272 0
83346 0
83522 0
83564 0
83595 0
83596 0
83613 0
83637 0
83687 0
83713 0
83867 0
83882 0
83939 0
83977 0
84006 0
84007 0
84128 0
84136 0
84141 0
84230 0
84238 0
84240 0
84291 0
84348 0
84404 0
84408 0
84413 0
84452 0
84513 0
84518 0
84579 0
84649 0
84667 0
84743 0
84747 0
84771 0
84893 0
85007 0
85013 0
85016 0
85033 0
85055 0
85058 0
85066 0
85103 0
85290 0
85317 0
85324 0
85347 0
85370 0
85403 0
85421 0
85584 0
85737 0
85778 0
85810 0
85811 0
85835 0
85839 0
86027 0
86078 0
86141 0
86274 0
86331 0
86476 0
86486 0
86583 0
86793 0
86816 0
86858 0
86874 0
86886 0
86920 0
86921 0
86928 0
86936 0
86954 0
86972 0
87104 0
87129 0
87171 0
87177 0
87192 0
87229 0
87242 0
87418 0
87474 0
87521 0
87531 0
87624 0
87660 0
87721 0
87735 0
87837 0
88005 0
88026 0
88035 0
88116 0
88162 0
88174 0
88202 0
88204 0
88276 0
88294 0
88311 0
88337 0
88407 0
88444 0
88470 0
88503 0
88551 0
88669 0
88689 0
88707 0
88848 0
88853 0
88859 0
88869 0
88894 0
88908 0
88950 0
89095 0
89129 0
89144 0
89146 0
89149 0
89151 0
89283 0
89328 0
89341 0
89352 0
89481 0
89489 0
89670 0
89703 0
89734 0
89807 0
89879 0
89968 0
90004 0
90016 0
90188 0
90200 0
90257 0
90305 0
90400 0
90445 0
90486 0
90492 0
90556 0
90700 0
90754 0
90760 0
90771 0
90778 0
90815 0
90860 0
91020 0
91080 0
91289 0
91307 0
91322 0
91323 0
91328 0
91333 0
91348 0
91405 0
91422 0
91423 0
91472 0
91488 0
91563 0
91623 0
91645 0
91664 0
91739 0
91820 0
91891 0
91953 0
92060 0
92061 0
92105 0
92135 0
92144 0
92174 0
92222 0
92230 0
92320 0
92361 0
92395 0
92432 0
92526 0
92557 0
92789 0
92834 0
92957 0
92993 0
93025 0
93092 0
93170 0
93175 0
93272 0
93352 0
93502 0
93523 0
93598 0
93657 0
93944 0
93960 0
94043 0
94076 0
94122 0
94164 0
94209 0
94305 0
94459 0
94478 0
94588 0
94597 0
94678 0
94701 0
94768 0
94781 0
94829 0
94834 0
94885 0
94957 0
94986 0
95005 0
95027 0
95152 0
95216 0
95217 0
95224 0
95285 0
95403 0
95475 0
95497 0
95508 0
95512 0
95540 0
95600 0
95615 0
95620 0
95732 0
95844 0
95888 0
96101 0
96113 0
96144 0
96186 0
96202 0
96314 0
96335 0
96339 0
96348 0
96368 0
96389 0
96413 0
96425 0
96463 0
96471 0
96529 0
96725 0
96822 0
96864 0
96873 0
96968 0
97052 0
97140 0
97181 0
97234 0
97348 0
97461 0
97491 0
97518 0
97624 0
97771 0
97917 0
97949 0
97987 0
98141 0
98146 0
98151 0
98180 0
98275 0
98327 0
98329 0
98370 0
98389 0
98462 0
98489 0
98532 0
98648 0
98749 0
98864 0
98889 0
98911 0
98946 0
99014 0
99043 0
99058 0
99059 0
99096 0
99205 0
99330 0
99430 0
99532 0
99533 0
99570 0
99601 0
99612 0
99627 0
99638 0
99654 0
99663 0
99671 0
99701 0
99853 0
99867 0
99883 0
99998 0
