c This is a uniform distributed  1-D DIMACS file 
c width height point_number
p 100000 100000 2048
97 0
246 0
335 0
444 0
590 0
612 0
640 0
718 0
751 0
806 0
856 0
896 0
970 0
1150 0
1175 0
1184 0
1340 0
1400 0
1416 0
1428 0
1430 0
1477 0
1513 0
1554 0
1585 0
1615 0
1618 0
1649 0
1683 0
1719 0
1730 0
1781 0
1786 0
1821 0
1865 0
1934 0
1955 0
2001 0
2020 0
2054 0
2162 0
2173 0
2175 0
2179 0
2254 0
2269 0
2277 0
2348 0
2354 0
2376 0
2407 0
2463 0
2562 0
2592 0
2596 0
2631 0
2706 0
2709 0
2737 0
3044 0
3045 0
3090 0
3465 0
3467 0
3469 0
3503 0
3505 0
3517 0
3545 0
3623 0
3638 0
3644 0
3647 0
3689 0
3715 0
3721 0
3759 0
3800 0
3824 0
3854 0
3937 0
4021 0
4047 0
4256 0
4272 0
4274 0
4279 0
4304 0
4311 0
4427 0
4474 0
4481 0
4592 0
4597 0
4604 0
4624 0
4738 0
4769 0
4814 0
4822 0
4872 0
4976 0
5027 0
5162 0
5166 0
5184 0
5262 0
5293 0
5352 0
5551 0
5638 0
5728 0
5735 0
5750 0
5780 0
5848 0
5960 0
5998 0
6048 0
6089 0
6120 0
6142 0
6267 0
6316 0
6328 0
6334 0
6362 0
6389 0
6500 0
6520 0
6684 0
6688 0
6741 0
6877 0
6963 0
7059 0
7091 0
7171 0
7272 0
7388 0
7401 0
7417 0
7522 0
7550 0
7569 0
7599 0
7653 0
7663 0
7725 0
7748 0
7761 0
7792 0
7803 0
7840 0
7954 0
7958 0
7997 0
8023 0
8075 0
8226 0
8228 0
8268 0
8299 0
8404 0
8429 0
8434 0
8443 0
8446 0
8461 0
8499 0
8582 0
8613 0
8617 0
8658 0
8694 0
8736 0
8894 0
8938 0
8944 0
9011 0
9037 0
9057 0
9100 0
9123 0
9124 0
9133 0
9149 0
9151 0
9198 0
9206 0
9501 0
9513 0
9567 0
9581 0
9630 0
9651 0
9759 0
9768 0
9786 0
9842 0
9915 0
9922 0
9929 0
9981 0
10040 0
10108 0
10145 0
10156 0
10166 0
10179 0
10186 0
10239 0
10296 0
10298 0
10346 0
10361 0
10368 0
10410 0
10432 0
10448 0
10568 0
10643 0
10688 0
10709 0
10720 0
10740 0
10768 0
10770 0
10838 0
10975 0
11076 0
11155 0
11181 0
11379 0
11413 0
11442 0
11533 0
11569 0
11591 0
11616 0
11624 0
11835 0
11934 0
11939 0
11940 0
11993 0
12017 0
12153 0
12200 0
12250 0
12276 0
12309 0
12321 0
12513 0
12601 0
12676 0
12832 0
12855 0
12947 0
13006 0
13216 0
13235 0
13238 0
13284 0
13304 0
13331 0
13350 0
13374 0
13391 0
13470 0
13508 0
13543 0
13708 0
13791 0
13797 0
13923 0
13941 0
13973 0
14114 0
14134 0
14164 0
14241 0
14259 0
14290 0
14298 0
14320 0
14368 0
14382 0
14396 0
14402 0
14437 0
14442 0
14451 0
14453 0
14486 0
14544 0
14600 0
14640 0
14648 0
14658 0
14677 0
14730 0
14738 0
14773 0
14823 0
14879 0
14939 0
15050 0
15140 0
15183 0
15195 0
15204 0
15233 0
15421 0
15438 0
15452 0
15462 0
15463 0
15468 0
15479 0
15486 0
15593 0
15629 0
15631 0
15635 0
15797 0
15838 0
15890 0
15936 0
15972 0
16019 0
16036 0
16052 0
16092 0
16134 0
16145 0
16216 0
16265 0
16281 0
16372 0
16409 0
16454 0
16466 0
16572 0
16627 0
16716 0
16805 0
16914 0
16926 0
16933 0
17081 0
17154 0
17177 0
17210 0
17223 0
17275 0
17284 0
17392 0
17438 0
17485 0
17556 0
17558 0
17573 0
17594 0
17607 0
17613 0
17637 0
17699 0
17702 0
17742 0
17768 0
17787 0
17807 0
17815 0
17846 0
17904 0
18045 0
18090 0
18101 0
18235 0
18296 0
18315 0
18380 0
18456 0
18481 0
18509 0
18651 0
18693 0
18751 0
18755 0
18788 0
18878 0
18968 0
19085 0
19251 0
19290 0
19299 0
19342 0
19446 0
19514 0
19577 0
19610 0
19622 0
19631 0
19673 0
19681 0
19692 0
19731 0
19737 0
19812 0
19844 0
19860 0
19861 0
19903 0
19951 0
20019 0
20091 0
20127 0
20202 0
20276 0
20289 0
20318 0
20373 0
20396 0
20407 0
20527 0
20540 0
20556 0
20564 0
20585 0
20665 0
20691 0
20712 0
20828 0
20830 0
20851 0
20883 0
20888 0
20909 0
20961 0
21031 0
21188 0
21257 0
21262 0
21265 0
21295 0
21314 0
21320 0
21354 0
21393 0
21398 0
21408 0
21420 0
21426 0
21539 0
21544 0
21549 0
21581 0
21596 0
21644 0
21650 0
21743 0
21759 0
21783 0
21795 0
21827 0
21835 0
21840 0
21844 0
21918 0
21939 0
21943 0
22043 0
22047 0
22139 0
22207 0
22236 0
22289 0
22334 0
22461 0
22521 0
22532 0
22561 0
22589 0
22663 0
22739 0
22840 0
22878 0
22949 0
22959 0
23030 0
23058 0
23106 0
23162 0
23221 0
23348 0
23413 0
23449 0
23462 0
23541 0
23543 0
23545 0
23560 0
23585 0
23591 0
23596 0
23635 0
23701 0
23746 0
23847 0
23898 0
23991 0
24000 0
24040 0
24058 0
24158 0
24198 0
24271 0
24333 0
24346 0
24422 0
24424 0
24479 0
24514 0
24664 0
24697 0
24738 0
24785 0
24806 0
24889 0
25006 0
25054 0
25060 0
25078 0
25153 0
25216 0
25340 0
25341 0
25403 0
25516 0
25559 0
25563 0
25589 0
25639 0
25757 0
25763 0
25764 0
25936 0
25967 0
26007 0
26051 0
26137 0
26204 0
26268 0
26315 0
26382 0
26422 0
26445 0
26523 0
26592 0
26606 0
26629 0
26641 0
26666 0
26767 0
26822 0
26831 0
26833 0
26849 0
26981 0
27067 0
27085 0
27112 0
27148 0
27195 0
27209 0
27267 0
27270 0
27320 0
27342 0
27463 0
27492 0
27717 0
27782 0
27800 0
27839 0
27910 0
28044 0
28045 0
28052 0
28055 0
28078 0
28106 0
28180 0
28242 0
28255 0
28256 0
28385 0
28390 0
28410 0
28445 0
28451 0
28516 0
28573 0
28606 0
28684 0
28709 0
28729 0
28751 0
28781 0
28821 0
28826 0
28867 0
28960 0
28978 0
29129 0
29268 0
29273 0
29274 0
29370 0
29416 0
29493 0
29566 0
29594 0
29735 0
29877 0
29954 0
30063 0
30148 0
30157 0
30192 0
30210 0
30238 0
30341 0
30381 0
30388 0
30398 0
30453 0
30479 0
30480 0
30555 0
30631 0
30644 0
30678 0
30692 0
30711 0
30728 0
30737 0
30748 0
30766 0
30788 0
30808 0
30894 0
30911 0
30916 0
30940 0
31005 0
31019 0
31024 0
31038 0
31048 0
31074 0
31088 0
31107 0
31139 0
31162 0
31169 0
31194 0
31333 0
31362 0
31444 0
31528 0
31577 0
31591 0
31625 0
31741 0
31786 0
31870 0
31895 0
31981 0
32010 0
32225 0
32296 0
32353 0
32355 0
32360 0
32402 0
32492 0
32503 0
32505 0
32560 0
32643 0
32729 0
32731 0
32760 0
32792 0
32819 0
32875 0
32895 0
33016 0
33024 0
33080 0
33118 0
33156 0
33169 0
33213 0
33232 0
33247 0
33278 0
33283 0
33341 0
33445 0
33492 0
33524 0
33534 0
33560 0
33582 0
33629 0
33651 0
33668 0
33671 0
33678 0
33769 0
33803 0
33912 0
33923 0
33998 0
34022 0
34046 0
34058 0
34067 0
34127 0
34166 0
34175 0
34186 0
34189 0
34310 0
34531 0
34535 0
34584 0
34630 0
34679 0
34695 0
34715 0
34725 0
34737 0
34808 0
34835 0
34841 0
34857 0
34907 0
34924 0
34929 0
35078 0
35137 0
35181 0
35230 0
35235 0
35274 0
35362 0
35384 0
35386 0
35529 0
35651 0
35792 0
35796 0
35812 0
35974 0
35998 0
36046 0
36055 0
36075 0
36110 0
36171 0
36179 0
36185 0
36196 0
36221 0
36272 0
36389 0
36401 0
36584 0
36732 0
36874 0
36997 0
37003 0
37112 0
37198 0
37286 0
37327 0
37418 0
37426 0
37438 0
37531 0
37565 0
37583 0
37589 0
37661 0
37709 0
37734 0
37755 0
37783 0
37837 0
37843 0
37864 0
37894 0
38002 0
38014 0
38095 0
38098 0
38146 0
38152 0
38243 0
38280 0
38298 0
38309 0
38328 0
38414 0
38430 0
38483 0
38532 0
38619 0
38642 0
38693 0
38697 0
38767 0
38819 0
38937 0
38974 0
38990 0
39033 0
39053 0
39112 0
39114 0
39194 0
39392 0
39455 0
39501 0
39516 0
39562 0
39567 0
39632 0
39667 0
39674 0
39706 0
39799 0
39882 0
39885 0
39894 0
39895 0
39951 0
39996 0
40005 0
40033 0
40061 0
40065 0
40079 0
40110 0
40128 0
40237 0
40288 0
40311 0
40459 0
40597 0
40797 0
40826 0
40916 0
40956 0
40972 0
41033 0
41104 0
41107 0
41183 0
41188 0
41210 0
41246 0
41256 0
41323 0
41338 0
41504 0
41513 0
41555 0
41594 0
41634 0
41770 0
41783 0
41855 0
41857 0
41859 0
41890 0
41927 0
41944 0
41954 0
41974 0
42009 0
42037 0
42050 0
42086 0
42092 0
42131 0
42168 0
42323 0
42488 0
42490 0
42491 0
42525 0
42631 0
42697 0
42730 0
42770 0
42793 0
42810 0
42843 0
42863 0
42902 0
42929 0
43023 0
43026 0
43039 0
43140 0
43231 0
43262 0
43438 0
43439 0
43536 0
43548 0
43550 0
43589 0
43738 0
43741 0
43813 0
43873 0
43901 0
43912 0
43962 0
43996 0
44041 0
44078 0
44204 0
44327 0
44339 0
44357 0
44379 0
44411 0
44450 0
44514 0
44529 0
44538 0
44631 0
44743 0
44767 0
44778 0
44845 0
44922 0
45067 0
45101 0
45151 0
45177 0
45185 0
45241 0
45290 0
45353 0
45367 0
45470 0
45490 0
45651 0
45672 0
45679 0
45761 0
45789 0
45823 0
45830 0
45839 0
45854 0
45863 0
45903 0
46010 0
46065 0
46149 0
46214 0
46248 0
46284 0
46426 0
46503 0
46520 0
46555 0
46623 0
46663 0
46670 0
46677 0
46718 0
46819 0
46832 0
46847 0
46880 0
46901 0
46928 0
46936 0
47004 0
47055 0
47187 0
47249 0
47315 0
47325 0
47330 0
47381 0
47414 0
47458 0
47683 0
47729 0
47815 0
47848 0
47856 0
47861 0
47868 0
47912 0
47930 0
47965 0
48017 0
48032 0
48060 0
48086 0
48091 0
48140 0
48195 0
48220 0
48253 0
48278 0
48291 0
48431 0
48451 0
48486 0
48570 0
48607 0
48640 0
48665 0
48689 0
48772 0
48916 0
48940 0
49014 0
49060 0
49068 0
49190 0
49214 0
49235 0
49261 0
49349 0
49353 0
49394 0
49430 0
49431 0
49520 0
49596 0
49728 0
49903 0
49914 0
49928 0
49975 0
50012 0
50021 0
50054 0
50193 0
50237 0
50334 0
50391 0
50457 0
50460 0
50553 0
50617 0
50654 0
50834 0
50880 0
50895 0
50914 0
50924 0
50928 0
51008 0
51067 0
51302 0
51305 0
51583 0
51670 0
51719 0
51727 0
51750 0
51779 0
51787 0
51860 0
51905 0
51943 0
51964 0
51975 0
52002 0
52041 0
52064 0
52074 0
52087 0
52097 0
52211 0
52238 0
52289 0
52306 0
52423 0
52448 0
52454 0
52580 0
52682 0
52736 0
52766 0
52792 0
52803 0
52816 0
52866 0
52908 0
53014 0
53017 0
53040 0
53042 0
53199 0
53219 0
53230 0
53249 0
53274 0
53281 0
53306 0
53346 0
53351 0
53365 0
53469 0
53478 0
53491 0
53516 0
53572 0
53634 0
53660 0
53705 0
53825 0
53847 0
53860 0
53906 0
54104 0
54164 0
54230 0
54236 0
54419 0
54493 0
54517 0
54542 0
54579 0
54597 0
54609 0
54616 0
54783 0
54798 0
54802 0
54820 0
54846 0
54847 0
54868 0
54984 0
55009 0
55029 0
55073 0
55142 0
55158 0
55210 0
55255 0
55294 0
55300 0
55318 0
55325 0
55511 0
55525 0
55568 0
55591 0
55597 0
55660 0
55675 0
55835 0
55867 0
55895 0
55910 0
55959 0
55962 0
55979 0
56002 0
56005 0
56007 0
56072 0
56077 0
56102 0
56238 0
56312 0
56455 0
56462 0
56618 0
56678 0
56725 0
56741 0
56761 0
56796 0
56846 0
56886 0
57003 0
57084 0
57118 0
57164 0
57173 0
57189 0
57201 0
57301 0
57413 0
57442 0
57469 0
57474 0
57550 0
57575 0
57587 0
57683 0
57734 0
57749 0
57750 0
57837 0
57852 0
57893 0
57996 0
58005 0
58028 0
58151 0
58159 0
58293 0
58299 0
58307 0
58336 0
58371 0
58388 0
58400 0
58500 0
58511 0
58652 0
58677 0
58690 0
58730 0
58848 0
58852 0
58854 0
58869 0
58893 0
58902 0
58925 0
58962 0
59045 0
59048 0
59062 0
59078 0
59113 0
59315 0
59334 0
59450 0
59451 0
59573 0
59629 0
59721 0
59751 0
59765 0
59768 0
59877 0
59892 0
59908 0
59935 0
59955 0
59958 0
59980 0
60044 0
60070 0
60159 0
60197 0
60216 0
60290 0
60308 0
60323 0
60336 0
60350 0
60370 0
60371 0
60472 0
60508 0
60532 0
60727 0
60746 0
60748 0
60879 0
60904 0
61073 0
61131 0
61395 0
61432 0
61502 0
61517 0
61571 0
61576 0
61590 0
61665 0
61681 0
61689 0
61934 0
61948 0
61951 0
61959 0
61961 0
61963 0
61970 0
62003 0
62088 0
62130 0
62319 0
62392 0
62423 0
62492 0
62525 0
62528 0
62537 0
62568 0
62582 0
62654 0
62692 0
62747 0
62758 0
62778 0
62791 0
62860 0
62926 0
62998 0
63061 0
63141 0
63168 0
63179 0
63206 0
63301 0
63321 0
63329 0
63351 0
63500 0
63529 0
63576 0
63654 0
63667 0
63677 0
63700 0
63738 0
63888 0
63894 0
64017 0
64067 0
64255 0
64310 0
64330 0
64505 0
64763 0
64772 0
64824 0
64830 0
64949 0
65067 0
65078 0
65090 0
65106 0
65342 0
65362 0
65388 0
65459 0
65461 0
65488 0
65497 0
65597 0
65696 0
65753 0
65854 0
65894 0
65962 0
66081 0
66147 0
66202 0
66205 0
66210 0
66265 0
66320 0
66389 0
66437 0
66474 0
66521 0
66608 0
66651 0
66808 0
66847 0
66877 0
67098 0
67101 0
67173 0
67304 0
67392 0
67398 0
67707 0
67820 0
67827 0
67858 0
67950 0
68076 0
68107 0
68175 0
68266 0
68313 0
68317 0
68363 0
68438 0
68454 0
68496 0
68591 0
68734 0
68771 0
68787 0
68922 0
69074 0
69076 0
69101 0
69140 0
69193 0
69223 0
69288 0
69328 0
69406 0
69437 0
69489 0
69575 0
69582 0
69594 0
69665 0
69863 0
69871 0
69921 0
69961 0
70019 0
70086 0
70096 0
70123 0
70128 0
70146 0
70166 0
70199 0
70233 0
70276 0
70300 0
70324 0
70371 0
70453 0
70457 0
70534 0
70538 0
70542 0
70557 0
70696 0
70739 0
70755 0
70810 0
70813 0
70837 0
70846 0
70986 0
71013 0
71150 0
71180 0
71215 0
71231 0
71328 0
71339 0
71402 0
71419 0
71462 0
71507 0
71546 0
71673 0
71679 0
71734 0
71775 0
71927 0
72014 0
72028 0
72155 0
72214 0
72216 0
72248 0
72292 0
72363 0
72402 0
72414 0
72472 0
72480 0
72545 0
72645 0
72700 0
72724 0
72769 0
72786 0
72960 0
72981 0
73002 0
73040 0
73045 0
73079 0
73139 0
73140 0
73179 0
73302 0
73306 0
73311 0
73401 0
73405 0
73532 0
73537 0
73577 0
73618 0
73639 0
73654 0
73684 0
73783 0
73852 0
73869 0
73947 0
73974 0
74106 0
74120 0
74163 0
74167 0
74178 0
74190 0
74220 0
74275 0
74327 0
74379 0
74449 0
74555 0
74597 0
74601 0
74702 0
74703 0
74791 0
74804 0
74925 0
74928 0
74964 0
75010 0
75061 0
75169 0
75229 0
75241 0
75255 0
75312 0
75414 0
75455 0
75476 0
75483 0
75505 0
75506 0
75536 0
75612 0
75650 0
75663 0
75701 0
75710 0
75774 0
75790 0
75833 0
75854 0
75857 0
76357 0
76425 0
76436 0
76475 0
76533 0
76541 0
76565 0
76626 0
76677 0
76718 0
76740 0
76833 0
76845 0
76865 0
76873 0
76946 0
77117 0
77163 0
77231 0
77243 0
77324 0
77503 0
77515 0
77553 0
77609 0
77620 0
77712 0
77792 0
77809 0
77821 0
77841 0
77848 0
77901 0
77921 0
77988 0
78072 0
78074 0
78080 0
78268 0
78286 0
78317 0
78343 0
78402 0
78451 0
78452 0
78473 0
78488 0
78533 0
78538 0
78638 0
78711 0
78747 0
78750 0
79005 0
79231 0
79274 0
79359 0
79373 0
79441 0
79447 0
79462 0
79479 0
79501 0
79561 0
79595 0
79598 0
79621 0
79644 0
79687 0
79769 0
79814 0
79868 0
79914 0
79918 0
79929 0
79980 0
79990 0
80038 0
80046 0
80049 0
80052 0
80082 0
80150 0
80173 0
80220 0
80233 0
80240 0
80255 0
80319 0
80378 0
80419 0
80445 0
80538 0
80549 0
80567 0
80598 0
80636 0
80736 0
80784 0
80800 0
80831 0
80881 0
81002 0
81070 0
81072 0
81170 0
81196 0
81212 0
81236 0
81444 0
81507 0
81605 0
81776 0
81799 0
81814 0
81831 0
81844 0
81982 0
82210 0
82216 0
82335 0
82342 0
82361 0
82364 0
82554 0
82557 0
82812 0
82924 0
83010 0
83064 0
83125 0
83180 0
83223 0
83316 0
83329 0
83422 0
83434 0
83524 0
83557 0
83579 0
83589 0
83618 0
83647 0
83654 0
83708 0
83732 0
83741 0
83774 0
83786 0
83850 0
83862 0
83956 0
83988 0
84125 0
84175 0
84181 0
84187 0
84227 0
84247 0
84286 0
84320 0
84366 0
84369 0
84374 0
84375 0
84487 0
84508 0
84537 0
84573 0
84657 0
84705 0
84712 0
84737 0
84742 0
84835 0
84908 0
84909 0
84985 0
85037 0
85038 0
85152 0
85168 0
85195 0
85259 0
85405 0
85425 0
85441 0
85498 0
85545 0
85550 0
85575 0
85602 0
85633 0
85636 0
85690 0
85748 0
85785 0
85820 0
85842 0
85862 0
86000 0
86091 0
86105 0
86339 0
86351 0
86359 0
86416 0
86482 0
86551 0
86572 0
86743 0
86792 0
86872 0
86887 0
87004 0
87035 0
87108 0
87165 0
87248 0
87360 0
87385 0
87408 0
87448 0
87478 0
87494 0
87516 0
87582 0
87584 0
87590 0
87615 0
87623 0
87632 0
87653 0
87816 0
87886 0
87937 0
88025 0
88112 0
88157 0
88250 0
88284 0
88316 0
88431 0
88484 0
88500 0
88824 0
88850 0
88851 0
88854 0
88877 0
88887 0
88915 0
89078 0
89104 0
89244 0
89275 0
89375 0
89471 0
89490 0
89642 0
89710 0
89823 0
89852 0
89861 0
89877 0
89878 0
89912 0
89915 0
89932 0
89973 0
90093 0
90166 0
90196 0
90234 0
90236 0
90381 0
90386 0
90404 0
90446 0
90564 0
90571 0
90596 0
90708 0
90756 0
90788 0
90875 0
90921 0
90929 0
91001 0
91102 0
91206 0
91343 0
91380 0
91389 0
91489 0
91494 0
91512 0
91524 0
91537 0
91541 0
91546 0
91558 0
91584 0
91588 0
91607 0
91659 0
91676 0
91712 0
91760 0
91771 0
91875 0
91919 0
91926 0
92130 0
92132 0
92147 0
92174 0
92183 0
92214 0
92250 0
92356 0
92387 0
92418 0
92630 0
92651 0
92674 0
92682 0
92697 0
92753 0
92849 0
92912 0
92962 0
93025 0
93064 0
93074 0
93106 0
93160 0
93177 0
93240 0
93250 0
93262 0
93292 0
93293 0
93319 0
93486 0
93610 0
93626 0
93633 0
93642 0
93665 0
93764 0
93804 0
93927 0
94025 0
94039 0
94056 0
94062 0
94106 0
94144 0
94219 0
94248 0
94332 0
94353 0
94374 0
94416 0
94489 0
94498 0
94517 0
94539 0
94553 0
94624 0
94717 0
94724 0
94737 0
94748 0
94788 0
94856 0
94907 0
95048 0
95065 0
95155 0
95159 0
95214 0
95311 0
95364 0
95566 0
95577 0
95664 0
95698 0
95744 0
95843 0
95852 0
95854 0
95907 0
95930 0
95931 0
95991 0
96009 0
96011 0
96120 0
96235 0
96282 0
96362 0
96515 0
96578 0
96697 0
96736 0
96790 0
96816 0
96889 0
96947 0
96971 0
96979 0
97020 0
97045 0
97119 0
97134 0
97160 0
97290 0
97381 0
97390 0
97421 0
97460 0
97606 0
97654 0
97738 0
97786 0
97863 0
97873 0
97888 0
97889 0
97917 0
97956 0
98047 0
98088 0
98174 0
98316 0
98326 0
98336 0
98416 0
98470 0
98573 0
98654 0
98765 0
98823 0
98880 0
98891 0
98911 0
98926 0
98986 0
99075 0
99084 0
99194 0
99270 0
99273 0
99327 0
99368 0
99403 0
99407 0
99433 0
99557 0
99563 0
99599 0
99631 0
99720 0
99731 0
99796 0
99805 0
99887 0
99901 0
99937 0
99956 0
99979 0
