c This is a uniform distributed  1-D DIMACS file 
c width height point_number
p 100000 100000 2048
21 0
52 0
83 0
105 0
107 0
117 0
188 0
191 0
205 0
234 0
298 0
301 0
316 0
375 0
654 0
657 0
669 0
674 0
733 0
814 0
825 0
861 0
892 0
1110 0
1136 0
1143 0
1150 0
1167 0
1170 0
1237 0
1253 0
1291 0
1299 0
1344 0
1439 0
1551 0
1583 0
1590 0
1630 0
1729 0
1742 0
1752 0
1775 0
1780 0
1815 0
1831 0
1845 0
2004 0
2019 0
2040 0
2074 0
2190 0
2316 0
2322 0
2340 0
2453 0
2456 0
2465 0
2495 0
2543 0
2666 0
2713 0
2950 0
2956 0
3070 0
3073 0
3119 0
3133 0
3220 0
3228 0
3249 0
3341 0
3377 0
3381 0
3406 0
3434 0
3440 0
3455 0
3544 0
3552 0
3592 0
3598 0
3733 0
3765 0
3782 0
3838 0
3916 0
3944 0
4049 0
4135 0
4159 0
4170 0
4179 0
4239 0
4242 0
4345 0
4447 0
4487 0
4605 0
4610 0
4728 0
4849 0
4893 0
5013 0
5020 0
5037 0
5053 0
5059 0
5060 0
5093 0
5140 0
5210 0
5252 0
5375 0
5490 0
5606 0
5624 0
5630 0
5675 0
5767 0
5827 0
5843 0
5981 0
6037 0
6076 0
6086 0
6131 0
6268 0
6360 0
6422 0
6427 0
6482 0
6552 0
6560 0
6605 0
6623 0
6651 0
6689 0
6785 0
6868 0
6887 0
6945 0
7029 0
7085 0
7197 0
7199 0
7217 0
7263 0
7285 0
7301 0
7331 0
7385 0
7394 0
7426 0
7428 0
7465 0
7482 0
7485 0
7486 0
7516 0
7544 0
7581 0
7655 0
7724 0
7732 0
7807 0
7826 0
7827 0
7866 0
7878 0
7975 0
8028 0
8046 0
8110 0
8162 0
8190 0
8235 0
8293 0
8295 0
8300 0
8321 0
8339 0
8501 0
8513 0
8545 0
8549 0
8567 0
8568 0
8585 0
8602 0
8856 0
8912 0
8915 0
8933 0
8939 0
8943 0
8965 0
9115 0
9192 0
9246 0
9271 0
9302 0
9315 0
9348 0
9387 0
9471 0
9501 0
9623 0
9747 0
9761 0
9848 0
9999 0
10178 0
10255 0
10335 0
10398 0
10412 0
10596 0
10597 0
10599 0
10772 0
10795 0
10856 0
10866 0
10876 0
10881 0
11150 0
11154 0
11224 0
11334 0
11344 0
11345 0
11403 0
11414 0
11524 0
11553 0
11569 0
11604 0
11699 0
11782 0
11849 0
11952 0
11968 0
11990 0
12057 0
12086 0
12127 0
12171 0
12192 0
12213 0
12276 0
12293 0
12368 0
12369 0
12390 0
12405 0
12487 0
12504 0
12569 0
12646 0
12671 0
12743 0
12769 0
12774 0
12776 0
12974 0
13084 0
13099 0
13118 0
13164 0
13188 0
13231 0
13258 0
13284 0
13360 0
13383 0
13388 0
13426 0
13485 0
13539 0
13551 0
13569 0
13641 0
13681 0
13790 0
13818 0
13877 0
13886 0
13898 0
13913 0
13944 0
13961 0
13977 0
13988 0
14105 0
14150 0
14152 0
14169 0
14208 0
14216 0
14299 0
14304 0
14318 0
14324 0
14370 0
14448 0
14544 0
14549 0
14665 0
14704 0
14708 0
14745 0
14802 0
14880 0
14881 0
15012 0
15064 0
15082 0
15143 0
15293 0
15301 0
15336 0
15356 0
15410 0
15448 0
15453 0
15464 0
15468 0
15551 0
15630 0
15652 0
15676 0
15711 0
15740 0
15907 0
15918 0
15922 0
15926 0
15941 0
15992 0
16021 0
16040 0
16140 0
16143 0
16152 0
16158 0
16181 0
16232 0
16235 0
16254 0
16402 0
16447 0
16465 0
16474 0
16555 0
16607 0
16633 0
16646 0
16767 0
16882 0
17013 0
17063 0
17180 0
17197 0
17198 0
17199 0
17212 0
17222 0
17224 0
17232 0
17250 0
17392 0
17458 0
17516 0
17525 0
17561 0
17622 0
17633 0
17675 0
17718 0
17782 0
17801 0
17819 0
17936 0
17949 0
17987 0
18021 0
18028 0
18113 0
18141 0
18151 0
18158 0
18289 0
18294 0
18306 0
18368 0
18381 0
18392 0
18430 0
18458 0
18514 0
18544 0
18577 0
18580 0
19020 0
19068 0
19246 0
19251 0
19303 0
19306 0
19390 0
19391 0
19473 0
19632 0
19651 0
19727 0
19741 0
19748 0
19757 0
19779 0
19944 0
19981 0
20130 0
20151 0
20228 0
20265 0
20273 0
20300 0
20325 0
20344 0
20452 0
20732 0
20818 0
20821 0
20825 0
20873 0
20948 0
20971 0
21104 0
21251 0
21256 0
21259 0
21264 0
21317 0
21319 0
21383 0
21429 0
21520 0
21525 0
21528 0
21558 0
21607 0
21736 0
21745 0
21830 0
21890 0
21994 0
22118 0
22122 0
22146 0
22252 0
22301 0
22324 0
22358 0
22364 0
22406 0
22468 0
22493 0
22497 0
22535 0
22583 0
22594 0
22621 0
22680 0
22688 0
22691 0
22707 0
22724 0
22760 0
22800 0
22909 0
22939 0
22981 0
22992 0
23006 0
23108 0
23110 0
23117 0
23130 0
23323 0
23353 0
23428 0
23457 0
23481 0
23570 0
23577 0
23580 0
23581 0
23631 0
23640 0
23672 0
23730 0
23775 0
23811 0
23844 0
23849 0
23869 0
24011 0
24021 0
24023 0
24034 0
24074 0
24089 0
24147 0
24268 0
24334 0
24372 0
24382 0
24421 0
24493 0
24526 0
24528 0
24545 0
24561 0
24729 0
24822 0
24840 0
24948 0
25082 0
25140 0
25210 0
25216 0
25284 0
25324 0
25339 0
25408 0
25430 0
25463 0
25528 0
25540 0
25721 0
25859 0
25861 0
25927 0
25950 0
26028 0
26104 0
26143 0
26210 0
26239 0
26260 0
26266 0
26331 0
26337 0
26344 0
26351 0
26441 0
26522 0
26537 0
26595 0
26606 0
26618 0
26796 0
26889 0
26902 0
26955 0
26956 0
27042 0
27168 0
27173 0
27194 0
27266 0
27267 0
27277 0
27278 0
27311 0
27362 0
27376 0
27484 0
27588 0
27675 0
27700 0
27729 0
27784 0
28031 0
28065 0
28069 0
28109 0
28156 0
28222 0
28251 0
28259 0
28284 0
28296 0
28314 0
28340 0
28355 0
28371 0
28401 0
28402 0
28441 0
28454 0
28460 0
28474 0
28508 0
28513 0
28517 0
28534 0
28596 0
28712 0
28784 0
28838 0
28859 0
28887 0
28963 0
29009 0
29098 0
29292 0
29322 0
29393 0
29437 0
29484 0
29505 0
29582 0
29627 0
29636 0
29690 0
29743 0
29808 0
29823 0
29882 0
29958 0
29973 0
30009 0
30279 0
30314 0
30325 0
30368 0
30435 0
30510 0
30651 0
30770 0
30827 0
30863 0
30874 0
30880 0
30948 0
30959 0
30972 0
31048 0
31104 0
31123 0
31182 0
31287 0
31468 0
31496 0
31497 0
31607 0
31644 0
31856 0
31886 0
31904 0
31983 0
31985 0
32004 0
32041 0
32079 0
32113 0
32191 0
32216 0
32272 0
32294 0
32304 0
32326 0
32333 0
32375 0
32447 0
32540 0
32655 0
32722 0
32731 0
32792 0
32891 0
32963 0
32967 0
33056 0
33059 0
33191 0
33223 0
33246 0
33300 0
33314 0
33374 0
33395 0
33453 0
33467 0
33505 0
33521 0
33529 0
33559 0
33577 0
33660 0
33732 0
33798 0
33805 0
33951 0
34037 0
34054 0
34078 0
34133 0
34135 0
34141 0
34152 0
34186 0
34240 0
34347 0
34411 0
34418 0
34437 0
34447 0
34456 0
34505 0
34509 0
34584 0
34585 0
34587 0
34610 0
34694 0
34788 0
34947 0
35001 0
35061 0
35155 0
35171 0
35182 0
35243 0
35268 0
35366 0
35436 0
35545 0
35564 0
35621 0
35634 0
35646 0
35669 0
35692 0
35723 0
35745 0
35846 0
35903 0
36013 0
36078 0
36185 0
36233 0
36367 0
36413 0
36489 0
36549 0
36572 0
36620 0
36627 0
36681 0
36800 0
36830 0
37003 0
37005 0
37015 0
37040 0
37075 0
37116 0
37122 0
37150 0
37256 0
37318 0
37360 0
37435 0
37436 0
37564 0
37611 0
37701 0
37777 0
37828 0
37832 0
37888 0
37904 0
37944 0
37981 0
37990 0
38010 0
38109 0
38140 0
38474 0
38557 0
38600 0
38635 0
38637 0
38928 0
38936 0
38985 0
39046 0
39177 0
39217 0
39236 0
39268 0
39288 0
39297 0
39330 0
39339 0
39350 0
39367 0
39466 0
39501 0
39561 0
39585 0
39588 0
39631 0
39660 0
39666 0
39730 0
39827 0
39839 0
39952 0
40115 0
40134 0
40186 0
40198 0
40211 0
40236 0
40282 0
40351 0
40428 0
40433 0
40456 0
40491 0
40534 0
40800 0
40890 0
40956 0
41083 0
41085 0
41119 0
41121 0
41136 0
41138 0
41140 0
41170 0
41195 0
41240 0
41390 0
41488 0
41581 0
41664 0
41697 0
41705 0
41785 0
41882 0
41938 0
41953 0
42001 0
42004 0
42020 0
42038 0
42100 0
42106 0
42302 0
42325 0
42357 0
42366 0
42367 0
42440 0
42473 0
42481 0
42549 0
42555 0
42591 0
42636 0
42673 0
42723 0
42776 0
42867 0
42882 0
42885 0
42991 0
43055 0
43118 0
43213 0
43248 0
43313 0
43316 0
43334 0
43395 0
43545 0
43719 0
43732 0
43760 0
43866 0
43909 0
43910 0
43936 0
44018 0
44083 0
44136 0
44143 0
44160 0
44237 0
44389 0
44430 0
44498 0
44539 0
44548 0
44567 0
44617 0
44621 0
44641 0
44672 0
44685 0
44754 0
44786 0
44828 0
44840 0
44856 0
44875 0
45086 0
45114 0
45195 0
45196 0
45218 0
45292 0
45331 0
45472 0
45482 0
45614 0
45632 0
45702 0
45806 0
45903 0
45918 0
45919 0
46050 0
46077 0
46087 0
46101 0
46108 0
46217 0
46221 0
46230 0
46303 0
46326 0
46332 0
46343 0
46434 0
46437 0
46503 0
46509 0
46863 0
46868 0
47029 0
47073 0
47099 0
47111 0
47123 0
47134 0
47178 0
47217 0
47264 0
47321 0
47360 0
47366 0
47385 0
47407 0
47452 0
47536 0
47674 0
47698 0
47718 0
47724 0
47761 0
47770 0
47937 0
47961 0
48011 0
48082 0
48189 0
48315 0
48329 0
48438 0
48467 0
48547 0
48568 0
48638 0
48863 0
48893 0
48912 0
48935 0
49004 0
49032 0
49088 0
49168 0
49293 0
49323 0
49367 0
49368 0
49415 0
49460 0
49514 0
49550 0
49560 0
49564 0
49593 0
49723 0
49739 0
49772 0
49774 0
49826 0
49847 0
49908 0
49922 0
49935 0
50067 0
50127 0
50130 0
50142 0
50154 0
50330 0
50332 0
50367 0
50404 0
50455 0
50478 0
50518 0
50613 0
50629 0
50666 0
50672 0
50694 0
50722 0
50876 0
50877 0
50900 0
50903 0
50907 0
50956 0
51027 0
51086 0
51132 0
51218 0
51247 0
51274 0
51374 0
51387 0
51409 0
51437 0
51445 0
51452 0
51467 0
51479 0
51498 0
51503 0
51528 0
51568 0
51578 0
51583 0
51661 0
51805 0
51815 0
51867 0
51903 0
51961 0
51995 0
52033 0
52052 0
52055 0
52104 0
52113 0
52126 0
52201 0
52244 0
52321 0
52455 0
52496 0
52568 0
52651 0
52673 0
52706 0
52749 0
52920 0
52926 0
52943 0
52956 0
52975 0
53055 0
53252 0
53334 0
53374 0
53508 0
53567 0
53613 0
53640 0
53697 0
53734 0
53859 0
54197 0
54269 0
54270 0
54317 0
54353 0
54377 0
54436 0
54460 0
54500 0
54521 0
54577 0
54707 0
54728 0
54763 0
54765 0
54863 0
54882 0
54922 0
54956 0
55181 0
55230 0
55311 0
55316 0
55328 0
55389 0
55435 0
55443 0
55599 0
55616 0
55682 0
55828 0
55872 0
56079 0
56127 0
56145 0
56192 0
56204 0
56205 0
56252 0
56338 0
56531 0
56621 0
56644 0
56757 0
56778 0
56779 0
56805 0
56818 0
56867 0
56924 0
56946 0
56980 0
56982 0
57021 0
57045 0
57069 0
57100 0
57110 0
57151 0
57202 0
57251 0
57253 0
57259 0
57293 0
57320 0
57523 0
57752 0
57804 0
57832 0
57846 0
57861 0
58018 0
58030 0
58135 0
58143 0
58218 0
58237 0
58365 0
58492 0
58638 0
58644 0
58667 0
58762 0
58810 0
58827 0
58854 0
58869 0
58899 0
58937 0
59058 0
59066 0
59095 0
59287 0
59388 0
59401 0
59402 0
59425 0
59461 0
59521 0
59640 0
59655 0
59675 0
59682 0
59701 0
59733 0
59765 0
59839 0
59861 0
60091 0
60107 0
60127 0
60250 0
60352 0
60399 0
60400 0
60498 0
60611 0
60669 0
60738 0
60755 0
60797 0
60802 0
60821 0
61029 0
61096 0
61210 0
61222 0
61265 0
61286 0
61329 0
61342 0
61407 0
61562 0
61570 0
61738 0
61769 0
61798 0
61832 0
61874 0
61906 0
61921 0
61953 0
61964 0
62016 0
62050 0
62055 0
62076 0
62100 0
62189 0
62217 0
62342 0
62353 0
62424 0
62432 0
62469 0
62482 0
62592 0
62616 0
62708 0
62774 0
62805 0
62845 0
62976 0
62988 0
63005 0
63013 0
63059 0
63089 0
63115 0
63118 0
63148 0
63175 0
63183 0
63343 0
63422 0
63542 0
63578 0
63624 0
63626 0
63639 0
63715 0
63728 0
63735 0
63751 0
63759 0
63790 0
63817 0
63827 0
63949 0
64023 0
64077 0
64164 0
64207 0
64314 0
64394 0
64407 0
64416 0
64475 0
64511 0
64517 0
64575 0
64582 0
64725 0
64936 0
64943 0
65062 0
65067 0
65118 0
65196 0
65217 0
65265 0
65300 0
65334 0
65337 0
65533 0
65563 0
65590 0
65605 0
65677 0
65681 0
65699 0
65726 0
65746 0
65800 0
65813 0
65867 0
65892 0
65964 0
65989 0
66016 0
66077 0
66078 0
66216 0
66387 0
66388 0
66431 0
66432 0
66506 0
66554 0
66602 0
66618 0
66821 0
66849 0
66857 0
66917 0
66963 0
66978 0
67103 0
67112 0
67124 0
67156 0
67327 0
67370 0
67499 0
67568 0
67611 0
67620 0
67743 0
67818 0
67825 0
67831 0
67857 0
67896 0
68092 0
68118 0
68172 0
68179 0
68183 0
68184 0
68188 0
68207 0
68209 0
68221 0
68239 0
68384 0
68433 0
68528 0
68571 0
68734 0
68785 0
68798 0
68818 0
68875 0
68906 0
68917 0
68930 0
69038 0
69044 0
69132 0
69147 0
69209 0
69319 0
69333 0
69388 0
69449 0
69489 0
69531 0
69582 0
69642 0
69803 0
70137 0
70169 0
70293 0
70385 0
70439 0
70499 0
70594 0
70650 0
70683 0
70695 0
70697 0
70747 0
70777 0
70862 0
70929 0
70965 0
71030 0
71063 0
71095 0
71116 0
71212 0
71444 0
71464 0
71466 0
71501 0
71515 0
71522 0
71527 0
71569 0
71581 0
71585 0
71592 0
71615 0
71630 0
71711 0
71713 0
71720 0
71734 0
71737 0
71766 0
71772 0
71777 0
71785 0
71879 0
71966 0
71991 0
72089 0
72114 0
72182 0
72223 0
72256 0
72399 0
72476 0
72536 0
72625 0
72694 0
72788 0
72799 0
72856 0
72866 0
72895 0
72920 0
72931 0
72964 0
73039 0
73050 0
73053 0
73112 0
73152 0
73161 0
73197 0
73216 0
73264 0
73280 0
73455 0
73457 0
73555 0
73816 0
73819 0
73869 0
73896 0
73925 0
73934 0
73992 0
73993 0
74014 0
74048 0
74139 0
74246 0
74252 0
74280 0
74334 0
74400 0
74479 0
74482 0
74623 0
74653 0
74788 0
74792 0
74796 0
74899 0
74980 0
74987 0
75041 0
75090 0
75165 0
75197 0
75216 0
75237 0
75324 0
75327 0
75357 0
75426 0
75544 0
75546 0
75567 0
75600 0
75641 0
75646 0
75670 0
75674 0
75683 0
75700 0
75723 0
75738 0
75748 0
75878 0
75919 0
75930 0
75991 0
76021 0
76025 0
76027 0
76060 0
76088 0
76125 0
76145 0
76220 0
76223 0
76238 0
76499 0
76516 0
76556 0
76558 0
76588 0
76629 0
76774 0
76783 0
76841 0
76846 0
76936 0
76943 0
76973 0
77109 0
77205 0
77226 0
77231 0
77258 0
77304 0
77313 0
77358 0
77422 0
77452 0
77510 0
77531 0
77537 0
77538 0
77571 0
77574 0
77609 0
77724 0
77772 0
77815 0
77822 0
77931 0
77946 0
78063 0
78106 0
78219 0
78221 0
78241 0
78282 0
78345 0
78375 0
78447 0
78459 0
78478 0
78545 0
78550 0
78562 0
78581 0
78654 0
78680 0
78723 0
78771 0
78814 0
78873 0
78963 0
78985 0
79201 0
79222 0
79241 0
79278 0
79328 0
79410 0
79447 0
79512 0
79538 0
79640 0
79696 0
79818 0
79895 0
79931 0
79995 0
80014 0
80030 0
80037 0
80109 0
80121 0
80130 0
80148 0
80308 0
80343 0
80481 0
80502 0
80543 0
80559 0
80562 0
80566 0
80601 0
80618 0
80658 0
80673 0
80709 0
80775 0
80802 0
80857 0
80907 0
80914 0
80959 0
81027 0
81041 0
81055 0
81059 0
81078 0
81111 0
81236 0
81344 0
81363 0
81434 0
81542 0
81588 0
81608 0
81725 0
81740 0
81777 0
81835 0
81887 0
81901 0
81969 0
81973 0
81977 0
81989 0
81999 0
82006 0
82036 0
82043 0
82044 0
82086 0
82135 0
82185 0
82203 0
82233 0
82241 0
82373 0
82445 0
82495 0
82574 0
82577 0
82637 0
82644 0
82741 0
82851 0
82897 0
82919 0
82931 0
82932 0
82968 0
82990 0
82998 0
83006 0
83089 0
83143 0
83150 0
83171 0
83178 0
83183 0
83189 0
83204 0
83485 0
83545 0
83557 0
83560 0
83575 0
83577 0
83689 0
83759 0
83852 0
83870 0
83890 0
83924 0
83927 0
84022 0
84029 0
84062 0
84070 0
84129 0
84179 0
84185 0
84340 0
84386 0
84531 0
84532 0
84590 0
84607 0
84677 0
84711 0
84737 0
84762 0
84851 0
84859 0
84874 0
85037 0
85057 0
85100 0
85249 0
85317 0
85318 0
85325 0
85363 0
85470 0
85516 0
85521 0
85602 0
85624 0
85692 0
85755 0
85808 0
85809 0
85818 0
85862 0
86015 0
86028 0
86113 0
86126 0
86342 0
86357 0
86396 0
86397 0
86468 0
86486 0
86491 0
86496 0
86497 0
86508 0
86535 0
86541 0
86610 0
86652 0
86890 0
86900 0
86953 0
87084 0
87095 0
87105 0
87107 0
87132 0
87153 0
87161 0
87282 0
87316 0
87320 0
87376 0
87384 0
87398 0
87474 0
87575 0
87617 0
87708 0
87728 0
87738 0
87770 0
87825 0
87833 0
87839 0
87904 0
87995 0
88001 0
88003 0
88026 0
88041 0
88162 0
88341 0
88442 0
88486 0
88510 0
88546 0
88641 0
88669 0
88699 0
88781 0
88795 0
88801 0
88884 0
88895 0
88911 0
88928 0
88979 0
88995 0
89000 0
89150 0
89183 0
89198 0
89219 0
89327 0
89381 0
89391 0
89396 0
89414 0
89416 0
89507 0
89510 0
89540 0
89600 0
89777 0
89779 0
89794 0
89951 0
89960 0
89969 0
89974 0
89992 0
90042 0
90091 0
90133 0
90370 0
90387 0
90481 0
90573 0
90614 0
90641 0
90700 0
90709 0
90802 0
90895 0
90913 0
90927 0
90953 0
90955 0
90972 0
91043 0
91084 0
91146 0
91151 0
91166 0
91218 0
91244 0
91335 0
91345 0
91562 0
91629 0
91748 0
91883 0
91948 0
91993 0
92110 0
92132 0
92150 0
92169 0
92195 0
92212 0
92286 0
92364 0
92393 0
92462 0
92627 0
92860 0
92904 0
92918 0
92957 0
93040 0
93045 0
93048 0
93060 0
93119 0
93133 0
93178 0
93192 0
93211 0
93315 0
93377 0
93383 0
93444 0
93483 0
93508 0
93517 0
93589 0
93591 0
93631 0
93692 0
93721 0
93751 0
93757 0
93778 0
93838 0
93856 0
93939 0
93943 0
93979 0
93986 0
94002 0
94089 0
94121 0
94141 0
94272 0
94274 0
94276 0
94315 0
94331 0
94353 0
94392 0
94396 0
94500 0
94519 0
94534 0
94585 0
94640 0
94653 0
94693 0
94724 0
94733 0
94746 0
94760 0
94794 0
94835 0
94858 0
94875 0
94880 0
94927 0
95179 0
95187 0
95188 0
95246 0
95349 0
95417 0
95422 0
95510 0
95526 0
95557 0
95573 0
95649 0
95656 0
95705 0
95809 0
95873 0
96086 0
96107 0
96151 0
96159 0
96169 0
96236 0
96286 0
96382 0
96383 0
96390 0
96397 0
96408 0
96445 0
96513 0
96537 0
96547 0
96549 0
96551 0
96633 0
96699 0
96854 0
96883 0
96952 0
96987 0
97080 0
97133 0
97170 0
97186 0
97245 0
97246 0
97282 0
97336 0
97360 0
97361 0
97369 0
97420 0
97599 0
97635 0
97692 0
97707 0
97782 0
97815 0
97862 0
97991 0
98024 0
98085 0
98102 0
98147 0
98209 0
98222 0
98269 0
98361 0
98387 0
98402 0
98421 0
98547 0
98590 0
98622 0
98636 0
98829 0
98861 0
98905 0
99078 0
99103 0
99119 0
99158 0
99167 0
99229 0
99262 0
99277 0
99403 0
99447 0
99487 0
99516 0
99597 0
99601 0
99633 0
99675 0
99680 0
99770 0
99884 0
99957 0
