c This is a uniform distributed  1-D DIMACS file 
c width height point_number
p 100000 100000 2048
56 0
143 0
144 0
238 0
290 0
305 0
310 0
392 0
485 0
499 0
500 0
521 0
524 0
545 0
636 0
933 0
984 0
987 0
990 0
1067 0
1069 0
1082 0
1096 0
1264 0
1272 0
1346 0
1357 0
1450 0
1491 0
1502 0
1509 0
1544 0
1611 0
1718 0
1772 0
1817 0
1879 0
1897 0
1943 0
1948 0
1981 0
2044 0
2073 0
2160 0
2295 0
2303 0
2333 0
2351 0
2599 0
2609 0
2640 0
2699 0
2728 0
2751 0
2761 0
2783 0
2802 0
2879 0
2895 0
2901 0
2949 0
2976 0
3120 0
3209 0
3232 0
3348 0
3377 0
3394 0
3419 0
3435 0
3461 0
3464 0
3468 0
3472 0
3544 0
3582 0
3588 0
3589 0
3675 0
3743 0
3793 0
3804 0
3821 0
3844 0
3851 0
3878 0
4029 0
4040 0
4176 0
4293 0
4395 0
4431 0
4511 0
4537 0
4590 0
4621 0
4656 0
4745 0
4774 0
4819 0
4899 0
4982 0
5018 0
5039 0
5090 0
5099 0
5100 0
5125 0
5127 0
5130 0
5205 0
5308 0
5507 0
5557 0
5613 0
5671 0
5696 0
5700 0
5747 0
5759 0
5801 0
5855 0
5891 0
5923 0
5982 0
5986 0
6089 0
6102 0
6180 0
6227 0
6241 0
6307 0
6622 0
6632 0
6651 0
6661 0
6665 0
6708 0
6722 0
6730 0
6825 0
6892 0
6908 0
6910 0
7022 0
7037 0
7049 0
7087 0
7118 0
7185 0
7194 0
7322 0
7334 0
7370 0
7381 0
7466 0
7471 0
7486 0
7517 0
7560 0
7661 0
7723 0
7745 0
7876 0
7909 0
7927 0
8015 0
8017 0
8062 0
8173 0
8181 0
8198 0
8228 0
8380 0
8456 0
8458 0
8494 0
8626 0
8651 0
8692 0
8768 0
8865 0
8867 0
8876 0
8879 0
8910 0
8955 0
9184 0
9230 0
9272 0
9283 0
9392 0
9425 0
9460 0
9621 0
9656 0
9691 0
9699 0
9727 0
9735 0
9850 0
9890 0
9913 0
9921 0
9956 0
10029 0
10073 0
10120 0
10128 0
10154 0
10174 0
10202 0
10256 0
10336 0
10356 0
10393 0
10445 0
10466 0
10485 0
10500 0
10547 0
10579 0
10740 0
10756 0
10799 0
10849 0
10878 0
10884 0
11097 0
11111 0
11128 0
11139 0
11280 0
11396 0
11553 0
11611 0
11617 0
11625 0
11630 0
11691 0
11705 0
11763 0
11824 0
11842 0
11856 0
11896 0
11932 0
12104 0
12117 0
12132 0
12184 0
12207 0
12224 0
12228 0
12234 0
12273 0
12286 0
12302 0
12312 0
12404 0
12431 0
12444 0
12460 0
12533 0
12555 0
12621 0
12624 0
12651 0
12819 0
12871 0
12883 0
12893 0
13039 0
13080 0
13106 0
13177 0
13234 0
13241 0
13263 0
13330 0
13507 0
13560 0
13603 0
13645 0
13658 0
13680 0
13720 0
13743 0
13758 0
13824 0
13834 0
13849 0
13859 0
13928 0
13945 0
13951 0
14001 0
14158 0
14210 0
14243 0
14301 0
14356 0
14387 0
14413 0
14421 0
14495 0
14504 0
14517 0
14568 0
14591 0
14615 0
14711 0
14854 0
14875 0
14988 0
15004 0
15041 0
15100 0
15244 0
15322 0
15328 0
15395 0
15444 0
15473 0
15492 0
15601 0
15602 0
15610 0
15739 0
15854 0
15855 0
15911 0
16002 0
16040 0
16058 0
16073 0
16151 0
16195 0
16204 0
16208 0
16241 0
16316 0
16373 0
16428 0
16497 0
16612 0
16651 0
16703 0
16713 0
16791 0
16792 0
16799 0
16866 0
16875 0
16987 0
17002 0
17049 0
17073 0
17169 0
17235 0
17236 0
17281 0
17335 0
17392 0
17442 0
17471 0
17477 0
17519 0
17561 0
17609 0
17636 0
17691 0
17740 0
17791 0
17862 0
17872 0
17941 0
17953 0
18025 0
18041 0
18054 0
18056 0
18085 0
18092 0
18142 0
18265 0
18316 0
18347 0
18419 0
18452 0
18592 0
18619 0
18654 0
18679 0
18751 0
18752 0
18779 0
18908 0
18996 0
19067 0
19139 0
19153 0
19231 0
19255 0
19342 0
19355 0
19359 0
19430 0
19431 0
19443 0
19565 0
19583 0
19647 0
19669 0
19698 0
19794 0
19802 0
19958 0
20074 0
20188 0
20242 0
20252 0
20277 0
20314 0
20330 0
20516 0
20526 0
20548 0
20552 0
20559 0
20636 0
20651 0
20698 0
20750 0
20800 0
20819 0
20853 0
21003 0
21040 0
21084 0
21186 0
21248 0
21266 0
21280 0
21334 0
21503 0
21513 0
21572 0
21614 0
21683 0
21707 0
21769 0
21776 0
21879 0
21881 0
21989 0
22043 0
22091 0
22097 0
22141 0
22205 0
22265 0
22291 0
22310 0
22319 0
22353 0
22381 0
22396 0
22397 0
22419 0
22574 0
22627 0
22649 0
22719 0
22723 0
22793 0
22832 0
22869 0
22915 0
22926 0
22984 0
22991 0
22998 0
23067 0
23103 0
23120 0
23311 0
23320 0
23337 0
23398 0
23401 0
23427 0
23480 0
23583 0
23600 0
23655 0
23743 0
23837 0
23894 0
23908 0
23996 0
24096 0
24115 0
24125 0
24257 0
24351 0
24395 0
24438 0
24494 0
24579 0
24673 0
24676 0
24687 0
24901 0
24914 0
24915 0
24919 0
25009 0
25033 0
25039 0
25067 0
25074 0
25096 0
25146 0
25188 0
25196 0
25216 0
25244 0
25278 0
25297 0
25313 0
25343 0
25350 0
25395 0
25406 0
25438 0
25446 0
25570 0
25601 0
25674 0
25699 0
25716 0
25717 0
25722 0
25762 0
25790 0
25815 0
25856 0
25941 0
26003 0
26123 0
26239 0
26244 0
26258 0
26291 0
26311 0
26325 0
26333 0
26350 0
26355 0
26382 0
26455 0
26573 0
26708 0
26798 0
26860 0
26991 0
27063 0
27098 0
27119 0
27128 0
27141 0
27166 0
27276 0
27287 0
27342 0
27353 0
27404 0
27471 0
27574 0
27627 0
27639 0
27654 0
27674 0
27757 0
27763 0
27782 0
27815 0
27969 0
27982 0
28057 0
28092 0
28113 0
28269 0
28355 0
28359 0
28393 0
28518 0
28546 0
28625 0
28693 0
28730 0
28740 0
28789 0
28820 0
28827 0
28939 0
28948 0
28993 0
29057 0
29092 0
29102 0
29103 0
29120 0
29215 0
29245 0
29247 0
29277 0
29431 0
29453 0
29477 0
29530 0
29544 0
29547 0
29571 0
29618 0
29623 0
29668 0
29740 0
29746 0
29765 0
29827 0
29879 0
29927 0
29965 0
30001 0
30065 0
30069 0
30089 0
30133 0
30156 0
30158 0
30187 0
30203 0
30357 0
30379 0
30388 0
30456 0
30495 0
30589 0
30600 0
30629 0
30655 0
30672 0
30698 0
30771 0
30801 0
30832 0
30967 0
31004 0
31015 0
31034 0
31040 0
31108 0
31279 0
31417 0
31436 0
31467 0
31473 0
31481 0
31491 0
31495 0
31542 0
31544 0
31560 0
31590 0
31658 0
31694 0
31715 0
31787 0
31800 0
31810 0
31866 0
31992 0
32026 0
32045 0
32063 0
32084 0
32094 0
32219 0
32223 0
32261 0
32282 0
32353 0
32454 0
32517 0
32648 0
32767 0
32783 0
32806 0
32860 0
32904 0
32909 0
32991 0
33061 0
33089 0
33121 0
33169 0
33170 0
33210 0
33259 0
33269 0
33341 0
33342 0
33369 0
33432 0
33509 0
33530 0
33554 0
33595 0
33596 0
33617 0
33702 0
33746 0
33838 0
33880 0
33881 0
33921 0
33975 0
33987 0
34042 0
34051 0
34167 0
34176 0
34201 0
34219 0
34234 0
34264 0
34283 0
34439 0
34462 0
34483 0
34548 0
34578 0
34749 0
34857 0
34917 0
35118 0
35133 0
35155 0
35178 0
35428 0
35446 0
35481 0
35555 0
35580 0
35665 0
35723 0
35768 0
35797 0
35866 0
35869 0
35873 0
35898 0
35908 0
35927 0
35946 0
35965 0
35973 0
36130 0
36169 0
36190 0
36194 0
36219 0
36224 0
36653 0
36725 0
36846 0
36859 0
36877 0
36943 0
37078 0
37321 0
37385 0
37390 0
37402 0
37432 0
37434 0
37500 0
37577 0
37820 0
37917 0
37924 0
37965 0
37976 0
38015 0
38035 0
38144 0
38152 0
38163 0
38170 0
38190 0
38303 0
38314 0
38442 0
38621 0
38665 0
38690 0
38744 0
38750 0
38775 0
38860 0
38919 0
38954 0
39008 0
39017 0
39141 0
39171 0
39285 0
39293 0
39332 0
39338 0
39518 0
39678 0
39711 0
39750 0
39827 0
39844 0
39895 0
39973 0
40003 0
40065 0
40097 0
40099 0
40111 0
40123 0
40177 0
40348 0
40357 0
40365 0
40461 0
40506 0
40631 0
40634 0
40664 0
40731 0
40739 0
40893 0
40927 0
40975 0
40991 0
40998 0
41024 0
41030 0
41070 0
41128 0
41145 0
41181 0
41255 0
41431 0
41448 0
41600 0
41674 0
41696 0
41740 0
41760 0
41933 0
41966 0
41994 0
42034 0
42095 0
42121 0
42129 0
42157 0
42185 0
42232 0
42371 0
42423 0
42425 0
42593 0
42608 0
42620 0
42653 0
42700 0
42774 0
42861 0
42877 0
42952 0
42978 0
42994 0
43002 0
43007 0
43028 0
43031 0
43039 0
43181 0
43347 0
43357 0
43386 0
43403 0
43478 0
43531 0
43597 0
43621 0
43634 0
43660 0
43681 0
43773 0
43880 0
43894 0
43946 0
43975 0
43986 0
44018 0
44020 0
44146 0
44153 0
44225 0
44255 0
44258 0
44277 0
44288 0
44303 0
44320 0
44360 0
44471 0
44507 0
44596 0
44727 0
44793 0
44856 0
44869 0
45041 0
45136 0
45161 0
45212 0
45229 0
45329 0
45474 0
45480 0
45495 0
45497 0
45546 0
45576 0
45577 0
45740 0
45746 0
45770 0
45880 0
45960 0
46187 0
46326 0
46365 0
46382 0
46468 0
46502 0
46560 0
46591 0
46737 0
46740 0
46786 0
46789 0
46792 0
46862 0
46984 0
47058 0
47092 0
47130 0
47170 0
47187 0
47281 0
47332 0
47373 0
47447 0
47453 0
47473 0
47658 0
47755 0
47772 0
47815 0
47856 0
48001 0
48103 0
48146 0
48258 0
48317 0
48361 0
48401 0
48411 0
48533 0
48551 0
48563 0
48691 0
48814 0
48824 0
48857 0
48858 0
48880 0
48914 0
48917 0
48921 0
48939 0
49224 0
49254 0
49271 0
49347 0
49379 0
49386 0
49431 0
49445 0
49471 0
49526 0
49581 0
49588 0
49606 0
49646 0
49679 0
49684 0
49692 0
49731 0
49828 0
49861 0
49919 0
49930 0
49981 0
50055 0
50085 0
50117 0
50135 0
50187 0
50232 0
50250 0
50268 0
50327 0
50346 0
50395 0
50444 0
50491 0
50535 0
50546 0
50558 0
50563 0
50593 0
50604 0
50629 0
50637 0
50661 0
50683 0
50686 0
50756 0
50854 0
50862 0
50864 0
50921 0
50944 0
50999 0
51056 0
51085 0
51108 0
51136 0
51242 0
51452 0
51454 0
51477 0
51534 0
51565 0
51590 0
51653 0
51728 0
51738 0
51742 0
51766 0
51837 0
51863 0
51890 0
51918 0
52134 0
52238 0
52298 0
52359 0
52394 0
52521 0
52539 0
52542 0
52552 0
52555 0
52591 0
52637 0
52663 0
52816 0
52838 0
52852 0
52888 0
52990 0
52999 0
53007 0
53027 0
53050 0
53053 0
53055 0
53067 0
53083 0
53094 0
53113 0
53123 0
53226 0
53291 0
53295 0
53296 0
53317 0
53612 0
53812 0
53853 0
53854 0
53987 0
54012 0
54023 0
54064 0
54147 0
54154 0
54159 0
54164 0
54183 0
54275 0
54299 0
54413 0
54446 0
54475 0
54518 0
54567 0
54682 0
54698 0
54721 0
54772 0
54775 0
54785 0
54804 0
54817 0
54934 0
54953 0
54996 0
55030 0
55110 0
55130 0
55212 0
55292 0
55354 0
55374 0
55412 0
55415 0
55480 0
55498 0
55538 0
55620 0
55667 0
55805 0
55828 0
55861 0
55910 0
55912 0
55936 0
55976 0
56001 0
56062 0
56070 0
56107 0
56118 0
56182 0
56226 0
56231 0
56240 0
56244 0
56280 0
56342 0
56501 0
56509 0
56533 0
56536 0
56557 0
56581 0
56602 0
56607 0
56632 0
56705 0
56727 0
56768 0
56805 0
56822 0
56849 0
56903 0
56905 0
57007 0
57156 0
57418 0
57500 0
57521 0
57592 0
57620 0
57624 0
57625 0
57753 0
57841 0
57943 0
57978 0
57995 0
58077 0
58102 0
58134 0
58243 0
58265 0
58282 0
58284 0
58287 0
58313 0
58325 0
58362 0
58419 0
58440 0
58490 0
58493 0
58535 0
58585 0
58593 0
58639 0
58720 0
58757 0
58824 0
58827 0
58978 0
59024 0
59083 0
59121 0
59178 0
59205 0
59228 0
59262 0
59318 0
59351 0
59431 0
59437 0
59452 0
59524 0
59584 0
59616 0
59732 0
59829 0
59857 0
59887 0
59892 0
59951 0
59975 0
60111 0
60155 0
60178 0
60204 0
60245 0
60286 0
60310 0
60364 0
60369 0
60445 0
60527 0
60547 0
60685 0
60687 0
60714 0
60786 0
60798 0
60801 0
60812 0
60837 0
60886 0
60910 0
60948 0
60968 0
60986 0
61039 0
61076 0
61098 0
61103 0
61126 0
61169 0
61170 0
61222 0
61248 0
61251 0
61270 0
61299 0
61305 0
61309 0
61314 0
61401 0
61419 0
61434 0
61506 0
61545 0
61709 0
61782 0
61810 0
61822 0
61969 0
61981 0
61997 0
62128 0
62464 0
62491 0
62494 0
62511 0
62668 0
62670 0
62746 0
62920 0
62999 0
63064 0
63119 0
63164 0
63170 0
63228 0
63238 0
63245 0
63258 0
63335 0
63416 0
63447 0
63458 0
63473 0
63488 0
63558 0
63687 0
63699 0
63781 0
63794 0
63830 0
63843 0
63854 0
63872 0
63873 0
63900 0
63909 0
63960 0
63976 0
63993 0
64057 0
64065 0
64209 0
64272 0
64273 0
64323 0
64325 0
64395 0
64412 0
64464 0
64489 0
64525 0
64530 0
64554 0
64617 0
64640 0
64721 0
64780 0
64793 0
64805 0
64817 0
65039 0
65052 0
65087 0
65092 0
65164 0
65176 0
65197 0
65200 0
65263 0
65284 0
65312 0
65374 0
65460 0
65571 0
65629 0
65690 0
65759 0
65785 0
65841 0
65905 0
65950 0
65951 0
66055 0
66084 0
66088 0
66165 0
66178 0
66197 0
66223 0
66254 0
66288 0
66326 0
66364 0
66366 0
66442 0
66444 0
66463 0
66471 0
66592 0
66697 0
66810 0
66823 0
66833 0
66922 0
66944 0
66946 0
67032 0
67035 0
67054 0
67172 0
67177 0
67195 0
67254 0
67290 0
67424 0
67561 0
67699 0
67993 0
68043 0
68076 0
68114 0
68141 0
68172 0
68233 0
68244 0
68284 0
68302 0
68340 0
68429 0
68448 0
68470 0
68532 0
68593 0
68622 0
68841 0
68873 0
69063 0
69165 0
69242 0
69263 0
69282 0
69432 0
69439 0
69470 0
69540 0
69571 0
69598 0
69719 0
69746 0
69785 0
69797 0
69896 0
69908 0
69938 0
69961 0
69986 0
70006 0
70049 0
70056 0
70102 0
70274 0
70314 0
70359 0
70407 0
70421 0
70514 0
70515 0
70521 0
70550 0
70590 0
70668 0
70713 0
70911 0
70916 0
70931 0
70940 0
71144 0
71167 0
71243 0
71255 0
71279 0
71293 0
71369 0
71377 0
71470 0
71522 0
71527 0
71628 0
71636 0
71643 0
71656 0
71688 0
71926 0
71983 0
72201 0
72265 0
72462 0
72471 0
72524 0
72623 0
72647 0
72744 0
72768 0
72819 0
72829 0
72873 0
72957 0
72968 0
73049 0
73054 0
73208 0
73441 0
73585 0
73637 0
73665 0
73685 0
73758 0
73801 0
73851 0
73862 0
73868 0
73900 0
73931 0
73932 0
74007 0
74105 0
74168 0
74205 0
74278 0
74295 0
74303 0
74424 0
74428 0
74520 0
74624 0
74637 0
74642 0
74658 0
74682 0
74691 0
74732 0
74760 0
74783 0
74955 0
75138 0
75151 0
75278 0
75346 0
75374 0
75426 0
75466 0
75497 0
75516 0
75571 0
75615 0
75620 0
75652 0
75675 0
75718 0
75726 0
75803 0
75813 0
75824 0
75894 0
75911 0
75946 0
75984 0
75992 0
76069 0
76081 0
76115 0
76156 0
76238 0
76341 0
76456 0
76469 0
76484 0
76487 0
76491 0
76524 0
76553 0
76570 0
76631 0
76653 0
76710 0
76865 0
76888 0
76900 0
77028 0
77032 0
77137 0
77214 0
77265 0
77328 0
77365 0
77446 0
77636 0
77679 0
77735 0
77773 0
77801 0
77833 0
77844 0
77873 0
77954 0
77960 0
78041 0
78103 0
78179 0
78181 0
78215 0
78237 0
78273 0
78324 0
78398 0
78402 0
78432 0
78444 0
78534 0
78606 0
78628 0
78691 0
78701 0
78703 0
78732 0
78739 0
78753 0
78838 0
78841 0
78852 0
78868 0
78908 0
79040 0
79097 0
79100 0
79170 0
79210 0
79213 0
79235 0
79238 0
79369 0
79397 0
79482 0
79543 0
79623 0
79650 0
79689 0
79695 0
79721 0
79751 0
79798 0
80116 0
80129 0
80186 0
80253 0
80330 0
80446 0
80466 0
80575 0
80626 0
80645 0
80659 0
80680 0
80767 0
80830 0
80852 0
80863 0
80995 0
81005 0
81006 0
81280 0
81284 0
81458 0
81545 0
81565 0
81615 0
81639 0
81677 0
81851 0
81920 0
81928 0
81935 0
81948 0
81966 0
82028 0
82053 0
82142 0
82154 0
82206 0
82272 0
82282 0
82304 0
82368 0
82389 0
82458 0
82474 0
82492 0
82495 0
82534 0
82572 0
82650 0
82748 0
82781 0
82856 0
82895 0
82927 0
82984 0
82999 0
83004 0
83033 0
83035 0
83137 0
83153 0
83287 0
83356 0
83390 0
83449 0
83517 0
83525 0
83547 0
83717 0
83797 0
83832 0
83844 0
83873 0
83996 0
83999 0
84014 0
84061 0
84079 0
84088 0
84167 0
84218 0
84256 0
84355 0
84424 0
84489 0
84499 0
84500 0
84557 0
84607 0
84608 0
84615 0
84631 0
84660 0
84676 0
84694 0
84747 0
84760 0
84794 0
84843 0
84849 0
84858 0
84879 0
84920 0
84937 0
84960 0
85017 0
85036 0
85101 0
85136 0
85254 0
85348 0
85366 0
85439 0
85453 0
85469 0
85482 0
85632 0
85868 0
85934 0
85953 0
86100 0
86119 0
86161 0
86291 0
86337 0
86344 0
86635 0
86695 0
86772 0
86863 0
86887 0
86891 0
86969 0
86985 0
87020 0
87029 0
87091 0
87102 0
87288 0
87347 0
87487 0
87595 0
87596 0
87605 0
87640 0
87675 0
87817 0
87883 0
87892 0
88081 0
88136 0
88178 0
88192 0
88194 0
88217 0
88225 0
88232 0
88408 0
88548 0
88592 0
88599 0
88641 0
88653 0
88661 0
88675 0
88711 0
88712 0
88811 0
88900 0
88902 0
88916 0
88974 0
89004 0
89045 0
89057 0
89098 0
89416 0
89519 0
89711 0
89715 0
89757 0
89777 0
89807 0
89808 0
89858 0
89902 0
89937 0
89992 0
90009 0
90012 0
90054 0
90091 0
90108 0
90127 0
90243 0
90425 0
90468 0
90470 0
90584 0
90591 0
90728 0
90758 0
90769 0
90796 0
90801 0
90834 0
90850 0
91085 0
91183 0
91186 0
91260 0
91279 0
91325 0
91396 0
91430 0
91461 0
91519 0
91627 0
91751 0
91755 0
91784 0
91853 0
91879 0
91908 0
91909 0
91930 0
92011 0
92068 0
92193 0
92196 0
92358 0
92404 0
92408 0
92425 0
92458 0
92474 0
92661 0
92680 0
92686 0
92706 0
92746 0
92766 0
92810 0
92850 0
92857 0
92878 0
92946 0
92982 0
93169 0
93208 0
93247 0
93261 0
93334 0
93379 0
93381 0
93409 0
93465 0
93495 0
93511 0
93518 0
93615 0
93627 0
93646 0
93709 0
93764 0
93777 0
93790 0
93830 0
93880 0
93999 0
94016 0
94047 0
94167 0
94177 0
94208 0
94253 0
94291 0
94298 0
94313 0
94335 0
94360 0
94393 0
94415 0
94487 0
94500 0
94718 0
94737 0
94826 0
94869 0
94892 0
94895 0
94902 0
94929 0
94937 0
94995 0
94998 0
95023 0
95073 0
95097 0
95122 0
95127 0
95142 0
95164 0
95178 0
95326 0
95361 0
95409 0
95453 0
95456 0
95556 0
95579 0
95695 0
95717 0
95816 0
95817 0
95912 0
95922 0
95931 0
95979 0
95988 0
96023 0
96037 0
96046 0
96052 0
96090 0
96105 0
96181 0
96182 0
96307 0
96406 0
96515 0
96540 0
96668 0
96723 0
96800 0
96808 0
96881 0
96899 0
96990 0
97094 0
97188 0
97200 0
97210 0
97234 0
97250 0
97264 0
97308 0
97309 0
97315 0
97381 0
97394 0
97406 0
97426 0
97544 0
97562 0
97590 0
97598 0
97627 0
97650 0
97668 0
97674 0
97807 0
97861 0
97871 0
98009 0
98099 0
98127 0
98143 0
98225 0
98227 0
98237 0
98239 0
98248 0
98331 0
98367 0
98465 0
98864 0
98883 0
98970 0
99025 0
99102 0
99145 0
99179 0
99223 0
99244 0
99308 0
99364 0
99470 0
99539 0
99669 0
99698 0
99715 0
99903 0
