c This is a uniform distributed  1-D DIMACS file 
c width height point_number
p 100000 100000 2048
171 0
267 0
305 0
407 0
458 0
919 0
936 0
993 0
1046 0
1133 0
1206 0
1293 0
1297 0
1350 0
1391 0
1419 0
1516 0
1529 0
1549 0
1635 0
1710 0
1731 0
1808 0
1851 0
1900 0
2043 0
2141 0
2187 0
2239 0
2249 0
2293 0
2496 0
2522 0
2556 0
2619 0
2634 0
2737 0
2776 0
2807 0
2896 0
3013 0
3058 0
3087 0
3089 0
3206 0
3273 0
3294 0
3310 0
3457 0
3468 0
3469 0
3516 0
3587 0
3694 0
3721 0
3801 0
3954 0
3959 0
3971 0
3982 0
4001 0
4034 0
4050 0
4372 0
4380 0
4410 0
4454 0
4472 0
4580 0
4633 0
4661 0
4702 0
4716 0
4828 0
4937 0
5127 0
5193 0
5204 0
5205 0
5215 0
5239 0
5273 0
5280 0
5417 0
5419 0
5420 0
5430 0
5450 0
5472 0
5512 0
5536 0
5564 0
5583 0
5903 0
5937 0
6013 0
6070 0
6129 0
6136 0
6210 0
6248 0
6330 0
6343 0
6361 0
6378 0
6503 0
6509 0
6521 0
6591 0
6656 0
6722 0
6752 0
6757 0
6807 0
6856 0
7167 0
7184 0
7186 0
7334 0
7387 0
7455 0
7504 0
7518 0
7538 0
7539 0
7586 0
7620 0
7674 0
7884 0
8019 0
8028 0
8037 0
8086 0
8099 0
8146 0
8301 0
8314 0
8408 0
8513 0
8516 0
8533 0
8540 0
8673 0
8754 0
8773 0
8849 0
8892 0
8901 0
8925 0
8977 0
8994 0
8995 0
9004 0
9020 0
9133 0
9241 0
9243 0
9286 0
9335 0
9516 0
9550 0
9557 0
9613 0
9650 0
9735 0
9786 0
9888 0
9906 0
9996 0
10004 0
10029 0
10089 0
10146 0
10156 0
10193 0
10194 0
10238 0
10313 0
10398 0
10419 0
10473 0
10608 0
10610 0
10629 0
10666 0
10668 0
10749 0
10759 0
10773 0
10784 0
10865 0
10905 0
10966 0
11050 0
11064 0
11089 0
11139 0
11179 0
11193 0
11265 0
11270 0
11294 0
11313 0
11330 0
11333 0
11351 0
11358 0
11503 0
11598 0
11688 0
11773 0
11790 0
11791 0
11805 0
11812 0
11978 0
12056 0
12107 0
12173 0
12182 0
12225 0
12248 0
12334 0
12344 0
12349 0
12397 0
12401 0
12490 0
12531 0
12664 0
12679 0
12753 0
12774 0
12800 0
12824 0
12828 0
12910 0
13116 0
13152 0
13244 0
13250 0
13312 0
13313 0
13364 0
13369 0
13390 0
13451 0
13453 0
13480 0
13491 0
13528 0
13560 0
13590 0
13596 0
13669 0
13765 0
13824 0
14036 0
14101 0
14141 0
14264 0
14349 0
14368 0
14565 0
14571 0
14577 0
14612 0
14640 0
14650 0
14657 0
14675 0
14817 0
14833 0
14897 0
14948 0
14975 0
15030 0
15121 0
15209 0
15229 0
15274 0
15278 0
15305 0
15354 0
15394 0
15408 0
15417 0
15520 0
15538 0
15600 0
15652 0
15712 0
15732 0
15737 0
15834 0
15843 0
15862 0
15876 0
15895 0
15966 0
16035 0
16039 0
16049 0
16112 0
16178 0
16235 0
16283 0
16406 0
16440 0
16443 0
16492 0
16590 0
16603 0
16692 0
16695 0
16700 0
16705 0
16731 0
16774 0
16872 0
16883 0
16960 0
16980 0
17165 0
17188 0
17200 0
17202 0
17212 0
17218 0
17219 0
17256 0
17294 0
17301 0
17368 0
17436 0
17569 0
17580 0
17614 0
17654 0
17662 0
17722 0
17739 0
17812 0
17856 0
17873 0
17896 0
17967 0
17970 0
18083 0
18176 0
18187 0
18245 0
18255 0
18311 0
18330 0
18505 0
18542 0
18944 0
19077 0
19080 0
19087 0
19090 0
19221 0
19224 0
19291 0
19296 0
19377 0
19383 0
19425 0
19454 0
19457 0
19481 0
19694 0
19707 0
19762 0
19799 0
19827 0
19854 0
19906 0
19919 0
20002 0
20072 0
20091 0
20120 0
20130 0
20148 0
20192 0
20260 0
20261 0
20373 0
20383 0
20413 0
20423 0
20446 0
20563 0
20565 0
20588 0
20597 0
20636 0
20674 0
20705 0
20763 0
20813 0
20860 0
20864 0
20938 0
21388 0
21422 0
21427 0
21439 0
21479 0
21560 0
21696 0
21703 0
21704 0
21705 0
21802 0
21818 0
21839 0
21853 0
21860 0
21884 0
22035 0
22175 0
22184 0
22211 0
22238 0
22257 0
22374 0
22378 0
22505 0
22512 0
22525 0
22535 0
22570 0
22573 0
22786 0
22812 0
22860 0
22878 0
22908 0
22914 0
22945 0
22964 0
22997 0
23097 0
23166 0
23277 0
23314 0
23501 0
23585 0
23631 0
23657 0
23799 0
23819 0
23945 0
23954 0
23977 0
23998 0
24079 0
24097 0
24112 0
24121 0
24126 0
24147 0
24211 0
24249 0
24259 0
24355 0
24364 0
24384 0
24453 0
24454 0
24541 0
24548 0
24597 0
24646 0
24803 0
24808 0
24894 0
24909 0
24938 0
24945 0
24956 0
25166 0
25207 0
25256 0
25262 0
25312 0
25332 0
25355 0
25414 0
25445 0
25452 0
25488 0
25489 0
25513 0
25538 0
25592 0
25635 0
25656 0
25657 0
25775 0
25786 0
25827 0
25831 0
25838 0
25851 0
25878 0
25995 0
25998 0
26004 0
26028 0
26051 0
26055 0
26057 0
26156 0
26248 0
26250 0
26252 0
26278 0
26288 0
26302 0
26377 0
26439 0
26440 0
26558 0
26750 0
26768 0
26795 0
26804 0
26828 0
26840 0
26844 0
26880 0
26893 0
26904 0
26921 0
26947 0
27041 0
27103 0
27155 0
27158 0
27173 0
27246 0
27265 0
27370 0
27415 0
27449 0
27479 0
27484 0
27513 0
27605 0
27669 0
27699 0
27705 0
27817 0
27846 0
27871 0
27880 0
27903 0
27906 0
27914 0
27930 0
28007 0
28010 0
28013 0
28049 0
28112 0
28200 0
28276 0
28313 0
28387 0
28572 0
28642 0
28804 0
28805 0
28859 0
28983 0
29007 0
29055 0
29096 0
29114 0
29187 0
29279 0
29296 0
29308 0
29337 0
29341 0
29350 0
29365 0
29372 0
29445 0
29454 0
29509 0
29517 0
29568 0
29572 0
29656 0
29719 0
29726 0
29740 0
29771 0
29783 0
29789 0
29878 0
29929 0
29964 0
30017 0
30061 0
30090 0
30143 0
30334 0
30362 0
30538 0
30583 0
30594 0
30603 0
30611 0
30725 0
30754 0
30880 0
30912 0
30938 0
31011 0
31031 0
31114 0
31116 0
31151 0
31209 0
31228 0
31229 0
31278 0
31361 0
31398 0
31409 0
31427 0
31489 0
31558 0
31604 0
31645 0
31659 0
31685 0
31738 0
31748 0
31777 0
31808 0
31818 0
31837 0
31844 0
31894 0
31899 0
31926 0
31981 0
31982 0
31989 0
32017 0
32030 0
32031 0
32073 0
32149 0
32162 0
32167 0
32245 0
32302 0
32326 0
32388 0
32521 0
32543 0
32547 0
32577 0
32592 0
32597 0
32668 0
32777 0
32789 0
32804 0
32831 0
32835 0
32933 0
33047 0
33054 0
33094 0
33137 0
33145 0
33201 0
33207 0
33219 0
33274 0
33557 0
33589 0
33711 0
33733 0
33762 0
33763 0
33797 0
33804 0
33812 0
33881 0
33928 0
33962 0
33963 0
33976 0
34094 0
34182 0
34226 0
34255 0
34439 0
34485 0
34508 0
34550 0
34675 0
34766 0
34770 0
35101 0
35149 0
35150 0
35161 0
35216 0
35388 0
35392 0
35399 0
35429 0
35444 0
35456 0
35595 0
35634 0
35636 0
35700 0
35740 0
35787 0
35882 0
35892 0
35953 0
35980 0
35999 0
36016 0
36042 0
36043 0
36048 0
36074 0
36135 0
36154 0
36248 0
36316 0
36360 0
36393 0
36424 0
36466 0
36530 0
36597 0
36648 0
36890 0
36911 0
36920 0
37048 0
37053 0
37116 0
37160 0
37323 0
37343 0
37345 0
37416 0
37541 0
37688 0
37758 0
37767 0
37779 0
37841 0
37853 0
37865 0
37883 0
37893 0
37923 0
37936 0
38007 0
38065 0
38181 0
38190 0
38281 0
38298 0
38372 0
38489 0
38598 0
38770 0
38813 0
38853 0
38882 0
38908 0
38976 0
39120 0
39122 0
39126 0
39205 0
39221 0
39273 0
39284 0
39285 0
39290 0
39297 0
39346 0
39409 0
39413 0
39453 0
39508 0
39566 0
39658 0
39671 0
39721 0
39823 0
39859 0
39897 0
39905 0
39910 0
39930 0
40074 0
40129 0
40211 0
40253 0
40378 0
40422 0
40458 0
40480 0
40510 0
40557 0
40655 0
40666 0
40693 0
40710 0
40799 0
40806 0
40864 0
40928 0
41007 0
41049 0
41173 0
41245 0
41250 0
41289 0
41293 0
41296 0
41318 0
41388 0
41513 0
41600 0
41643 0
41712 0
41782 0
41790 0
41876 0
42080 0
42178 0
42421 0
42515 0
42592 0
42610 0
42625 0
42669 0
42674 0
42711 0
42721 0
42794 0
42885 0
42892 0
42911 0
42925 0
43006 0
43016 0
43128 0
43151 0
43231 0
43373 0
43445 0
43469 0
43518 0
43693 0
43720 0
43729 0
43788 0
43859 0
43950 0
44051 0
44055 0
44095 0
44124 0
44155 0
44178 0
44258 0
44269 0
44302 0
44325 0
44352 0
44360 0
44361 0
44387 0
44391 0
44407 0
44435 0
44475 0
44494 0
44504 0
44688 0
44768 0
44989 0
45009 0
45069 0
45077 0
45084 0
45141 0
45193 0
45219 0
45230 0
45351 0
45408 0
45411 0
45641 0
45646 0
45655 0
45674 0
45755 0
45925 0
45934 0
46011 0
46028 0
46073 0
46104 0
46178 0
46195 0
46257 0
46390 0
46422 0
46430 0
46464 0
46505 0
46531 0
46551 0
46556 0
46587 0
46595 0
46637 0
46642 0
46701 0
46727 0
46746 0
46806 0
46807 0
46812 0
46819 0
46848 0
46888 0
46930 0
46934 0
46955 0
47110 0
47234 0
47235 0
47246 0
47253 0
47254 0
47335 0
47363 0
47378 0
47399 0
47424 0
47448 0
47476 0
47498 0
47506 0
47519 0
47545 0
47554 0
47592 0
47639 0
47660 0
47689 0
47726 0
47761 0
47794 0
47835 0
47841 0
47844 0
47863 0
47873 0
47882 0
47907 0
47930 0
48066 0
48150 0
48167 0
48205 0
48215 0
48243 0
48330 0
48373 0
48425 0
48498 0
48542 0
48567 0
48606 0
48626 0
48699 0
48703 0
48717 0
48763 0
48881 0
48900 0
48904 0
48912 0
48992 0
49047 0
49080 0
49121 0
49242 0
49315 0
49396 0
49467 0
49481 0
49503 0
49562 0
49817 0
49860 0
49885 0
50023 0
50150 0
50182 0
50214 0
50246 0
50349 0
50466 0
50515 0
50543 0
50597 0
50618 0
50619 0
50645 0
50652 0
50676 0
50678 0
50848 0
50922 0
50960 0
51076 0
51129 0
51214 0
51265 0
51337 0
51427 0
51481 0
51513 0
51531 0
51533 0
51557 0
51647 0
51653 0
51665 0
51686 0
51692 0
51694 0
51800 0
51847 0
51855 0
51934 0
51958 0
51971 0
51982 0
52011 0
52084 0
52106 0
52131 0
52322 0
52371 0
52376 0
52383 0
52434 0
52449 0
52507 0
52540 0
52648 0
52670 0
52724 0
52755 0
52776 0
52789 0
52825 0
52841 0
52855 0
52861 0
52887 0
52895 0
52998 0
53111 0
53126 0
53130 0
53205 0
53293 0
53320 0
53332 0
53366 0
53453 0
53461 0
53549 0
53579 0
53630 0
53653 0
53656 0
53705 0
53759 0
53790 0
53850 0
53853 0
53930 0
53931 0
53938 0
53978 0
53998 0
54098 0
54127 0
54177 0
54182 0
54244 0
54353 0
54379 0
54401 0
54431 0
54478 0
54486 0
54618 0
54664 0
54670 0
54715 0
54730 0
54738 0
54783 0
54895 0
54975 0
55005 0
55031 0
55099 0
55148 0
55249 0
55288 0
55301 0
55327 0
55340 0
55378 0
55444 0
55636 0
55828 0
55862 0
55894 0
55968 0
55992 0
56038 0
56050 0
56100 0
56237 0
56253 0
56314 0
56330 0
56331 0
56348 0
56350 0
56363 0
56402 0
56423 0
56432 0
56489 0
56572 0
56612 0
56639 0
56653 0
56799 0
56863 0
56889 0
56902 0
56971 0
57015 0
57100 0
57131 0
57158 0
57203 0
57229 0
57248 0
57320 0
57341 0
57343 0
57358 0
57398 0
57453 0
57534 0
57554 0
57684 0
57830 0
57853 0
57905 0
57934 0
58027 0
58029 0
58063 0
58077 0
58104 0
58105 0
58168 0
58174 0
58182 0
58304 0
58328 0
58425 0
58426 0
58432 0
58439 0
58517 0
58600 0
58635 0
58648 0
58739 0
58792 0
58847 0
58902 0
58997 0
59006 0
59032 0
59044 0
59049 0
59091 0
59108 0
59111 0
59139 0
59149 0
59191 0
59228 0
59230 0
59238 0
59313 0
59326 0
59365 0
59394 0
59416 0
59435 0
59443 0
59494 0
59549 0
59578 0
59805 0
59882 0
59886 0
59910 0
59945 0
59990 0
60082 0
60141 0
60203 0
60215 0
60258 0
60263 0
60417 0
60489 0
60521 0
60566 0
60706 0
60756 0
60833 0
60867 0
60933 0
60987 0
61006 0
61026 0
61036 0
61073 0
61104 0
61156 0
61197 0
61211 0
61233 0
61298 0
61315 0
61322 0
61383 0
61424 0
61519 0
61536 0
61729 0
61776 0
61777 0
61796 0
61847 0
61871 0
61906 0
62147 0
62171 0
62234 0
62239 0
62280 0
62291 0
62343 0
62412 0
62423 0
62472 0
62482 0
62550 0
62555 0
62574 0
62603 0
62835 0
62885 0
62948 0
62963 0
63024 0
63075 0
63100 0
63155 0
63162 0
63197 0
63321 0
63569 0
63572 0
63617 0
63668 0
63712 0
63770 0
63814 0
63831 0
63985 0
64002 0
64015 0
64036 0
64037 0
64149 0
64153 0
64171 0
64186 0
64247 0
64304 0
64331 0
64334 0
64404 0
64409 0
64486 0
64519 0
64537 0
64548 0
64592 0
64652 0
64699 0
64794 0
64862 0
64949 0
65123 0
65164 0
65189 0
65215 0
65241 0
65343 0
65463 0
65529 0
65542 0
65605 0
65679 0
65756 0
65759 0
65840 0
65843 0
65846 0
65852 0
65903 0
65918 0
65985 0
66017 0
66093 0
66105 0
66115 0
66130 0
66165 0
66172 0
66212 0
66337 0
66354 0
66403 0
66419 0
66518 0
66778 0
66872 0
66890 0
66968 0
67037 0
67081 0
67107 0
67145 0
67246 0
67331 0
67354 0
67505 0
67529 0
67570 0
67588 0
67592 0
67611 0
67660 0
67664 0
67698 0
67816 0
67817 0
67825 0
67828 0
67839 0
67862 0
67865 0
67901 0
67979 0
68090 0
68196 0
68216 0
68219 0
68277 0
68291 0
68337 0
68350 0
68362 0
68457 0
68510 0
68512 0
68520 0
68526 0
68544 0
68566 0
68597 0
68611 0
68672 0
68752 0
68753 0
68774 0
68782 0
68846 0
69045 0
69245 0
69339 0
69386 0
69416 0
69426 0
69435 0
69472 0
69532 0
69535 0
69585 0
69597 0
69721 0
69763 0
69845 0
69887 0
69918 0
69994 0
70066 0
70134 0
70228 0
70240 0
70378 0
70383 0
70444 0
70477 0
70610 0
70665 0
70673 0
70685 0
70856 0
70905 0
70915 0
71204 0
71232 0
71235 0
71264 0
71378 0
71391 0
71429 0
71441 0
71495 0
71572 0
71640 0
71689 0
71877 0
71891 0
71905 0
71920 0
72031 0
72066 0
72104 0
72242 0
72296 0
72312 0
72332 0
72459 0
72488 0
72513 0
72669 0
72682 0
72685 0
72688 0
72712 0
72751 0
72759 0
72760 0
72839 0
72845 0
72881 0
72929 0
73011 0
73029 0
73081 0
73084 0
73163 0
73172 0
73202 0
73206 0
73208 0
73238 0
73313 0
73352 0
73560 0
73703 0
73711 0
73769 0
73772 0
73780 0
73849 0
73891 0
73917 0
73923 0
73939 0
73977 0
73982 0
74059 0
74105 0
74156 0
74161 0
74255 0
74345 0
74412 0
74420 0
74481 0
74483 0
74495 0
74501 0
74506 0
74669 0
74823 0
74907 0
74929 0
74935 0
75000 0
75003 0
75010 0
75085 0
75093 0
75195 0
75215 0
75240 0
75262 0
75303 0
75306 0
75350 0
75354 0
75384 0
75441 0
75462 0
75473 0
75519 0
75558 0
75616 0
75707 0
75852 0
75859 0
76126 0
76161 0
76234 0
76290 0
76310 0
76376 0
76399 0
76411 0
76436 0
76453 0
76463 0
76502 0
76552 0
76556 0
76571 0
76587 0
76712 0
76856 0
76862 0
76880 0
76982 0
77013 0
77026 0
77036 0
77131 0
77140 0
77152 0
77229 0
77235 0
77253 0
77432 0
77472 0
77493 0
77526 0
77531 0
77561 0
77563 0
77680 0
77693 0
77718 0
77728 0
77738 0
77781 0
77809 0
77830 0
77840 0
77864 0
77962 0
78101 0
78105 0
78135 0
78152 0
78199 0
78222 0
78273 0
78301 0
78387 0
78391 0
78405 0
78435 0
78647 0
78655 0
78845 0
78871 0
78976 0
79162 0
79177 0
79345 0
79346 0
79447 0
79450 0
79458 0
79649 0
79716 0
79726 0
79825 0
79835 0
79895 0
79984 0
80020 0
80312 0
80313 0
80388 0
80394 0
80395 0
80477 0
80492 0
80504 0
80514 0
80548 0
80551 0
80597 0
80602 0
80609 0
80662 0
80670 0
80691 0
80731 0
80763 0
80842 0
81079 0
81083 0
81155 0
81180 0
81238 0
81297 0
81308 0
81396 0
81402 0
81438 0
81480 0
81600 0
81673 0
81695 0
81703 0
81790 0
81795 0
81856 0
81901 0
81967 0
82025 0
82043 0
82180 0
82540 0
82561 0
82608 0
82626 0
82631 0
82667 0
82678 0
82826 0
82851 0
82860 0
82917 0
82926 0
82945 0
83001 0
83071 0
83083 0
83112 0
83155 0
83157 0
83196 0
83297 0
83358 0
83377 0
83421 0
83460 0
83465 0
83471 0
83532 0
83536 0
83553 0
83786 0
83793 0
83797 0
83814 0
83817 0
83831 0
83841 0
83866 0
83951 0
84045 0
84073 0
84098 0
84196 0
84316 0
84356 0
84360 0
84366 0
84546 0
84583 0
84592 0
84652 0
84809 0
84822 0
84901 0
84905 0
84933 0
84954 0
84991 0
85020 0
85043 0
85162 0
85218 0
85226 0
85270 0
85275 0
85331 0
85491 0
85660 0
85672 0
85682 0
85736 0
85743 0
85760 0
85800 0
85911 0
86172 0
86220 0
86300 0
86426 0
86443 0
86549 0
86576 0
86750 0
86817 0
86833 0
86898 0
86940 0
86953 0
86989 0
87173 0
87238 0
87286 0
87358 0
87386 0
87390 0
87481 0
87508 0
87584 0
87597 0
87700 0
87717 0
87754 0
87857 0
87864 0
87867 0
87882 0
87893 0
87926 0
88057 0
88069 0
88116 0
88136 0
88319 0
88338 0
88366 0
88385 0
88514 0
88540 0
88804 0
88845 0
88906 0
88909 0
88914 0
89000 0
89040 0
89098 0
89117 0
89180 0
89233 0
89248 0
89258 0
89274 0
89309 0
89363 0
89457 0
89598 0
89625 0
89635 0
89648 0
89776 0
89850 0
89984 0
90001 0
90018 0
90148 0
90218 0
90277 0
90322 0
90355 0
90364 0
90380 0
90413 0
90417 0
90455 0
90517 0
90552 0
90626 0
90640 0
90710 0
90852 0
90887 0
90911 0
90917 0
90936 0
90963 0
90974 0
91093 0
91100 0
91123 0
91236 0
91296 0
91487 0
91500 0
91559 0
91563 0
91596 0
91635 0
91668 0
91674 0
91682 0
91705 0
91707 0
91751 0
91805 0
91950 0
92007 0
92109 0
92125 0
92153 0
92235 0
92236 0
92308 0
92422 0
92526 0
92534 0
92667 0
92701 0
92705 0
92726 0
92813 0
92845 0
92932 0
92937 0
92962 0
93059 0
93094 0
93138 0
93164 0
93198 0
93226 0
93235 0
93255 0
93360 0
93371 0
93553 0
93560 0
93586 0
93713 0
93719 0
93739 0
93828 0
93838 0
93921 0
93944 0
93961 0
94031 0
94047 0
94060 0
94062 0
94097 0
94109 0
94128 0
94245 0
94351 0
94400 0
94412 0
94432 0
94443 0
94460 0
94539 0
94599 0
94667 0
94692 0
94801 0
94826 0
94874 0
94957 0
94982 0
95019 0
95029 0
95037 0
95087 0
95099 0
95116 0
95147 0
95155 0
95304 0
95644 0
95655 0
95673 0
95676 0
95732 0
95738 0
95740 0
95812 0
95884 0
95904 0
95960 0
95990 0
95994 0
96038 0
96048 0
96131 0
96197 0
96199 0
96256 0
96266 0
96271 0
96384 0
96390 0
96394 0
96399 0
96408 0
96413 0
96424 0
96492 0
96550 0
96569 0
96713 0
96715 0
96853 0
96854 0
96868 0
96914 0
96946 0
97103 0
97127 0
97257 0
97331 0
97337 0
97365 0
97433 0
97460 0
97491 0
97509 0
97536 0
97572 0
97586 0
97636 0
97654 0
97744 0
97766 0
97848 0
97886 0
97896 0
97984 0
97989 0
98101 0
98123 0
98204 0
98260 0
98273 0
98278 0
98341 0
98442 0
98459 0
98471 0
98535 0
98672 0
98675 0
98779 0
98832 0
98833 0
98863 0
98935 0
98987 0
99054 0
99088 0
99113 0
99242 0
99317 0
99379 0
99471 0
99572 0
99630 0
99683 0
99692 0
99717 0
99721 0
99800 0
99843 0
99861 0
99915 0
99943 0
99977 0
