c This is a uniform distributed  1-D DIMACS file 
c width height point_number
p 100000 100000 2048
78 0
252 0
306 0
534 0
602 0
681 0
715 0
737 0
860 0
914 0
956 0
969 0
1056 0
1070 0
1158 0
1229 0
1273 0
1380 0
1520 0
1537 0
1568 0
1693 0
1768 0
1770 0
1815 0
1825 0
1844 0
1979 0
2015 0
2032 0
2068 0
2069 0
2107 0
2118 0
2253 0
2302 0
2332 0
2348 0
2360 0
2373 0
2375 0
2389 0
2512 0
2558 0
2585 0
2589 0
2594 0
2632 0
2647 0
2671 0
2693 0
2734 0
2766 0
2791 0
2822 0
2857 0
2887 0
2901 0
2953 0
3035 0
3101 0
3149 0
3158 0
3324 0
3367 0
3468 0
3486 0
3524 0
3556 0
3564 0
3614 0
3691 0
3694 0
3801 0
3869 0
3876 0
3878 0
3947 0
3978 0
4012 0
4062 0
4074 0
4123 0
4125 0
4221 0
4295 0
4326 0
4355 0
4359 0
4391 0
4444 0
4463 0
4488 0
4580 0
4611 0
4613 0
4663 0
4715 0
4740 0
4758 0
4777 0
4781 0
4785 0
4791 0
4837 0
4841 0
4854 0
4998 0
5056 0
5084 0
5094 0
5181 0
5216 0
5230 0
5249 0
5513 0
5527 0
5622 0
5678 0
5764 0
5790 0
5798 0
5807 0
5831 0
5837 0
5861 0
5897 0
5907 0
5930 0
5932 0
5971 0
6059 0
6064 0
6226 0
6235 0
6316 0
6353 0
6360 0
6377 0
6466 0
6486 0
6533 0
6573 0
6721 0
6725 0
6785 0
6801 0
6815 0
6821 0
6826 0
6840 0
6913 0
7061 0
7062 0
7120 0
7197 0
7244 0
7288 0
7360 0
7402 0
7437 0
7451 0
7500 0
7701 0
7811 0
7830 0
7870 0
7873 0
7886 0
7912 0
7958 0
8070 0
8089 0
8110 0
8118 0
8255 0
8270 0
8394 0
8410 0
8420 0
8429 0
8433 0
8526 0
8548 0
8618 0
8711 0
8844 0
8958 0
8981 0
9016 0
9063 0
9090 0
9111 0
9145 0
9256 0
9371 0
9421 0
9547 0
9579 0
9653 0
9660 0
9681 0
9759 0
9799 0
9840 0
9915 0
10074 0
10076 0
10077 0
10104 0
10146 0
10203 0
10298 0
10348 0
10365 0
10422 0
10469 0
10521 0
10633 0
10650 0
10694 0
10710 0
10777 0
10853 0
11058 0
11082 0
11120 0
11185 0
11345 0
11397 0
11411 0
11438 0
11483 0
11619 0
11645 0
11717 0
11795 0
11932 0
11969 0
11991 0
12035 0
12080 0
12233 0
12234 0
12238 0
12291 0
12419 0
12538 0
12546 0
12572 0
12582 0
12594 0
12628 0
12677 0
12698 0
12721 0
12762 0
12764 0
12768 0
12875 0
12912 0
12948 0
12953 0
12977 0
13077 0
13090 0
13162 0
13169 0
13196 0
13301 0
13412 0
13436 0
13602 0
13665 0
13684 0
13686 0
13715 0
13717 0
13724 0
13854 0
13866 0
13902 0
13979 0
13980 0
14047 0
14049 0
14086 0
14103 0
14152 0
14179 0
14193 0
14207 0
14256 0
14285 0
14414 0
14462 0
14465 0
14512 0
14556 0
14574 0
14655 0
14703 0
14726 0
14805 0
14843 0
14864 0
14894 0
14948 0
14974 0
14980 0
15206 0
15257 0
15267 0
15282 0
15283 0
15362 0
15367 0
15380 0
15397 0
15405 0
15438 0
15535 0
15587 0
15609 0
15656 0
15692 0
15721 0
15730 0
15734 0
15763 0
15810 0
15816 0
15834 0
15914 0
15921 0
16015 0
16080 0
16125 0
16153 0
16315 0
16329 0
16408 0
16412 0
16431 0
16510 0
16516 0
16534 0
16574 0
16609 0
16756 0
16774 0
16922 0
17045 0
17065 0
17112 0
17129 0
17200 0
17280 0
17406 0
17542 0
17585 0
17656 0
17668 0
17683 0
17725 0
17741 0
17761 0
17767 0
17858 0
17864 0
17879 0
17901 0
17959 0
18008 0
18109 0
18168 0
18173 0
18185 0
18192 0
18221 0
18347 0
18360 0
18379 0
18429 0
18475 0
18479 0
18481 0
18499 0
18522 0
18550 0
18566 0
18645 0
18667 0
18735 0
18876 0
18878 0
18918 0
18924 0
18927 0
18928 0
19012 0
19020 0
19125 0
19127 0
19210 0
19335 0
19352 0
19359 0
19369 0
19430 0
19444 0
19449 0
19480 0
19533 0
19557 0
19565 0
19582 0
19630 0
19692 0
19696 0
19711 0
19712 0
19734 0
19776 0
19832 0
19835 0
19839 0
19857 0
19931 0
20037 0
20078 0
20103 0
20129 0
20160 0
20270 0
20305 0
20430 0
20462 0
20607 0
20610 0
20743 0
20787 0
20810 0
20811 0
20850 0
20923 0
20936 0
20947 0
21020 0
21054 0
21116 0
21179 0
21221 0
21253 0
21266 0
21388 0
21391 0
21534 0
21555 0
21562 0
21582 0
21654 0
21760 0
21776 0
21784 0
21802 0
21814 0
21893 0
21973 0
22053 0
22057 0
22096 0
22133 0
22140 0
22310 0
22339 0
22363 0
22436 0
22443 0
22448 0
22456 0
22474 0
22477 0
22502 0
22512 0
22547 0
22630 0
22830 0
22839 0
22854 0
22872 0
23007 0
23059 0
23110 0
23116 0
23146 0
23192 0
23273 0
23302 0
23308 0
23309 0
23312 0
23335 0
23462 0
23487 0
23494 0
23550 0
23621 0
23662 0
23788 0
23818 0
23823 0
23846 0
23859 0
23902 0
23905 0
23956 0
23960 0
23977 0
24022 0
24047 0
24058 0
24150 0
24159 0
24187 0
24201 0
24205 0
24210 0
24212 0
24242 0
24255 0
24259 0
24266 0
24280 0
24348 0
24395 0
24454 0
24458 0
24468 0
24567 0
24641 0
24671 0
24811 0
24852 0
24861 0
24903 0
24930 0
24947 0
25006 0
25025 0
25044 0
25056 0
25068 0
25159 0
25203 0
25243 0
25285 0
25297 0
25317 0
25346 0
25555 0
25632 0
25683 0
25758 0
25772 0
25855 0
25885 0
25938 0
25941 0
25943 0
25987 0
26054 0
26088 0
26120 0
26138 0
26228 0
26250 0
26409 0
26415 0
26438 0
26443 0
26448 0
26456 0
26578 0
26750 0
26817 0
26837 0
26841 0
26914 0
27056 0
27129 0
27155 0
27256 0
27284 0
27302 0
27372 0
27563 0
27650 0
27730 0
27782 0
27855 0
27887 0
27891 0
27917 0
27929 0
27983 0
28002 0
28099 0
28106 0
28134 0
28157 0
28208 0
28239 0
28275 0
28361 0
28401 0
28417 0
28418 0
28607 0
28611 0
28625 0
28629 0
28706 0
28715 0
28954 0
28962 0
29034 0
29061 0
29143 0
29146 0
29166 0
29174 0
29237 0
29264 0
29294 0
29305 0
29327 0
29420 0
29491 0
29514 0
29530 0
29580 0
29664 0
29710 0
29718 0
29821 0
29859 0
29907 0
30069 0
30077 0
30104 0
30138 0
30150 0
30282 0
30304 0
30306 0
30338 0
30375 0
30406 0
30510 0
30541 0
30601 0
30635 0
30667 0
30668 0
30693 0
30704 0
30729 0
31043 0
31054 0
31063 0
31090 0
31153 0
31211 0
31217 0
31232 0
31276 0
31318 0
31368 0
31388 0
31474 0
31510 0
31540 0
31581 0
31626 0
31627 0
31655 0
31663 0
31735 0
31737 0
31815 0
31918 0
31957 0
32011 0
32014 0
32101 0
32112 0
32155 0
32161 0
32415 0
32428 0
32440 0
32472 0
32475 0
32485 0
32503 0
32576 0
32612 0
32663 0
32745 0
32748 0
32778 0
32792 0
32867 0
32868 0
32884 0
32915 0
32927 0
32983 0
33013 0
33114 0
33123 0
33159 0
33185 0
33223 0
33367 0
33388 0
33443 0
33564 0
33597 0
33601 0
33607 0
33736 0
33895 0
33901 0
33918 0
33930 0
34026 0
34051 0
34114 0
34115 0
34132 0
34251 0
34307 0
34333 0
34335 0
34362 0
34374 0
34397 0
34445 0
34452 0
34464 0
34489 0
34497 0
34544 0
34551 0
34679 0
34700 0
34716 0
34722 0
34734 0
35013 0
35050 0
35072 0
35126 0
35182 0
35222 0
35225 0
35254 0
35255 0
35269 0
35279 0
35324 0
35495 0
35590 0
35687 0
35697 0
35705 0
35737 0
35765 0
35791 0
35839 0
35879 0
36008 0
36046 0
36102 0
36133 0
36160 0
36297 0
36299 0
36344 0
36359 0
36391 0
36435 0
36453 0
36477 0
36486 0
36585 0
36615 0
36748 0
36792 0
36874 0
36881 0
36934 0
36951 0
36986 0
37012 0
37023 0
37040 0
37048 0
37096 0
37111 0
37112 0
37146 0
37199 0
37242 0
37274 0
37282 0
37291 0
37313 0
37400 0
37596 0
37684 0
37685 0
37726 0
37749 0
37795 0
37796 0
37797 0
37842 0
37852 0
37952 0
38144 0
38172 0
38271 0
38300 0
38406 0
38454 0
38554 0
38561 0
38574 0
38617 0
38657 0
38658 0
38671 0
38727 0
38732 0
38769 0
38801 0
38809 0
38834 0
38875 0
39006 0
39026 0
39037 0
39040 0
39185 0
39208 0
39348 0
39362 0
39374 0
39425 0
39551 0
39612 0
39613 0
39707 0
39719 0
39779 0
39786 0
39856 0
39913 0
39920 0
39967 0
39999 0
40006 0
40240 0
40267 0
40377 0
40579 0
40580 0
40635 0
40669 0
40689 0
40757 0
40760 0
40886 0
40933 0
40939 0
40989 0
41038 0
41188 0
41273 0
41296 0
41319 0
41333 0
41378 0
41479 0
41499 0
41508 0
41706 0
41747 0
41836 0
41861 0
42046 0
42069 0
42089 0
42171 0
42195 0
42219 0
42281 0
42287 0
42318 0
42348 0
42358 0
42373 0
42400 0
42491 0
42522 0
42659 0
42671 0
42857 0
42898 0
43018 0
43019 0
43114 0
43153 0
43170 0
43234 0
43249 0
43287 0
43557 0
43682 0
43701 0
43716 0
43755 0
43849 0
43951 0
43981 0
43990 0
44019 0
44079 0
44127 0
44152 0
44230 0
44233 0
44277 0
44285 0
44294 0
44497 0
44538 0
44554 0
44578 0
44777 0
44814 0
44906 0
44955 0
44958 0
45024 0
45093 0
45132 0
45134 0
45165 0
45167 0
45177 0
45179 0
45200 0
45256 0
45318 0
45362 0
45607 0
45754 0
45788 0
45837 0
45840 0
45858 0
45859 0
45949 0
46072 0
46311 0
46329 0
46491 0
46520 0
46528 0
46570 0
46663 0
46706 0
46716 0
46822 0
46918 0
46983 0
47000 0
47062 0
47168 0
47181 0
47206 0
47222 0
47277 0
47338 0
47343 0
47406 0
47583 0
47600 0
47699 0
47793 0
47825 0
47835 0
47929 0
48001 0
48123 0
48146 0
48197 0
48220 0
48225 0
48283 0
48313 0
48339 0
48414 0
48444 0
48542 0
48611 0
48619 0
48655 0
48689 0
48703 0
48748 0
48843 0
48901 0
49067 0
49170 0
49207 0
49306 0
49341 0
49418 0
49452 0
49454 0
49473 0
49490 0
49509 0
49626 0
49658 0
49820 0
49967 0
50003 0
50022 0
50024 0
50027 0
50155 0
50291 0
50343 0
50441 0
50481 0
50510 0
50617 0
50633 0
50652 0
50683 0
50873 0
50882 0
50907 0
50990 0
51080 0
51122 0
51190 0
51230 0
51361 0
51407 0
51410 0
51419 0
51421 0
51453 0
51566 0
51598 0
51675 0
51733 0
51760 0
51763 0
51776 0
51804 0
51851 0
51863 0
51939 0
51953 0
51979 0
52013 0
52077 0
52246 0
52250 0
52280 0
52308 0
52362 0
52382 0
52520 0
52562 0
52622 0
52678 0
52829 0
52906 0
52928 0
53006 0
53014 0
53055 0
53067 0
53104 0
53117 0
53248 0
53255 0
53257 0
53288 0
53297 0
53322 0
53346 0
53488 0
53496 0
53581 0
53590 0
53594 0
53642 0
53798 0
53835 0
53926 0
53942 0
53968 0
54047 0
54056 0
54086 0
54169 0
54233 0
54235 0
54272 0
54303 0
54316 0
54329 0
54360 0
54374 0
54404 0
54518 0
54568 0
54740 0
54758 0
54821 0
54860 0
54861 0
54865 0
54909 0
54911 0
54948 0
54978 0
54995 0
55000 0
55022 0
55081 0
55100 0
55115 0
55136 0
55287 0
55303 0
55324 0
55336 0
55358 0
55371 0
55394 0
55428 0
55455 0
55478 0
55574 0
55581 0
55592 0
55615 0
55617 0
55684 0
55723 0
55739 0
55812 0
55833 0
55937 0
55985 0
55998 0
56012 0
56018 0
56067 0
56081 0
56120 0
56249 0
56255 0
56267 0
56268 0
56319 0
56337 0
56552 0
56561 0
56571 0
56619 0
56715 0
56784 0
56882 0
57080 0
57162 0
57170 0
57232 0
57237 0
57330 0
57337 0
57389 0
57399 0
57406 0
57480 0
57562 0
57586 0
57597 0
57612 0
57626 0
57668 0
57672 0
57737 0
57772 0
57786 0
57812 0
57841 0
58004 0
58058 0
58226 0
58271 0
58346 0
58419 0
58422 0
58542 0
58562 0
58667 0
58732 0
58818 0
58841 0
58911 0
59012 0
59051 0
59084 0
59088 0
59089 0
59159 0
59197 0
59209 0
59226 0
59265 0
59332 0
59354 0
59396 0
59511 0
59532 0
59550 0
59646 0
59779 0
59811 0
59854 0
59871 0
59934 0
60015 0
60072 0
60117 0
60123 0
60156 0
60161 0
60214 0
60282 0
60331 0
60435 0
60537 0
60567 0
60578 0
60610 0
60619 0
60704 0
60731 0
60750 0
60751 0
60759 0
60770 0
60842 0
60874 0
60886 0
60896 0
61055 0
61121 0
61171 0
61213 0
61229 0
61252 0
61312 0
61380 0
61416 0
61473 0
61509 0
61567 0
61826 0
62069 0
62078 0
62101 0
62102 0
62121 0
62144 0
62151 0
62202 0
62311 0
62379 0
62434 0
62490 0
62502 0
62530 0
62584 0
62619 0
62628 0
62667 0
62736 0
62814 0
62818 0
62869 0
62878 0
62921 0
62983 0
62990 0
62995 0
63026 0
63044 0
63051 0
63162 0
63190 0
63195 0
63203 0
63244 0
63301 0
63361 0
63400 0
63403 0
63450 0
63570 0
63622 0
63634 0
63659 0
63671 0
63702 0
63747 0
63763 0
63833 0
63869 0
63894 0
63926 0
63938 0
63955 0
64002 0
64095 0
64123 0
64134 0
64342 0
64356 0
64499 0
64585 0
64602 0
64653 0
64749 0
64878 0
64881 0
64912 0
64926 0
64956 0
65049 0
65077 0
65086 0
65201 0
65212 0
65229 0
65332 0
65341 0
65405 0
65439 0
65441 0
65468 0
65536 0
65621 0
65626 0
65846 0
65847 0
66004 0
66089 0
66093 0
66212 0
66277 0
66395 0
66458 0
66461 0
66496 0
66581 0
66619 0
66641 0
66695 0
66900 0
66931 0
66944 0
67164 0
67211 0
67259 0
67270 0
67335 0
67338 0
67351 0
67415 0
67426 0
67431 0
67447 0
67460 0
67504 0
67517 0
67533 0
67598 0
67711 0
67744 0
67808 0
67885 0
67888 0
67937 0
68008 0
68098 0
68100 0
68136 0
68149 0
68150 0
68179 0
68268 0
68271 0
68324 0
68410 0
68422 0
68448 0
68449 0
68485 0
68525 0
68596 0
68615 0
68634 0
68669 0
68783 0
68803 0
68888 0
68889 0
68908 0
68955 0
69078 0
69081 0
69231 0
69287 0
69312 0
69485 0
69492 0
69535 0
69559 0
69635 0
69682 0
69705 0
69719 0
69747 0
69794 0
69818 0
69882 0
69950 0
69964 0
70030 0
70057 0
70069 0
70398 0
70399 0
70403 0
70452 0
70520 0
70572 0
70652 0
70739 0
70818 0
70860 0
70885 0
70893 0
70915 0
71094 0
71142 0
71199 0
71343 0
71368 0
71403 0
71404 0
71432 0
71460 0
71493 0
71528 0
71572 0
71622 0
71635 0
71670 0
71688 0
71691 0
71832 0
71835 0
71871 0
71880 0
71956 0
72008 0
72013 0
72051 0
72116 0
72209 0
72245 0
72248 0
72304 0
72333 0
72352 0
72411 0
72487 0
72515 0
72520 0
72535 0
72675 0
72706 0
72729 0
72791 0
72832 0
72838 0
72854 0
72909 0
73011 0
73043 0
73057 0
73088 0
73199 0
73323 0
73358 0
73390 0
73452 0
73495 0
73526 0
73542 0
73614 0
73664 0
73709 0
73715 0
73725 0
73833 0
74145 0
74176 0
74187 0
74200 0
74209 0
74311 0
74364 0
74421 0
74693 0
74719 0
74727 0
74733 0
74738 0
74762 0
74846 0
74895 0
75029 0
75043 0
75048 0
75075 0
75130 0
75187 0
75219 0
75270 0
75345 0
75361 0
75397 0
75399 0
75441 0
75678 0
75770 0
75931 0
75969 0
76070 0
76092 0
76139 0
76252 0
76283 0
76331 0
76369 0
76432 0
76433 0
76643 0
76650 0
76735 0
76804 0
76834 0
76918 0
76964 0
77090 0
77127 0
77159 0
77179 0
77505 0
77636 0
77776 0
77802 0
77853 0
77873 0
77914 0
77969 0
77989 0
78062 0
78191 0
78234 0
78244 0
78297 0
78318 0
78372 0
78376 0
78429 0
78521 0
78727 0
78780 0
78848 0
78852 0
78878 0
78925 0
78965 0
79101 0
79122 0
79247 0
79280 0
79345 0
79363 0
79406 0
79411 0
79496 0
79515 0
79533 0
79555 0
79609 0
79638 0
79762 0
79831 0
79900 0
79944 0
79950 0
80024 0
80090 0
80100 0
80137 0
80139 0
80283 0
80319 0
80335 0
80349 0
80397 0
80401 0
80405 0
80412 0
80455 0
80520 0
80567 0
80582 0
80698 0
80714 0
80762 0
80793 0
80804 0
80861 0
81008 0
81030 0
81054 0
81082 0
81112 0
81259 0
81342 0
81381 0
81463 0
81503 0
81536 0
81548 0
81560 0
81696 0
81715 0
81917 0
81934 0
81948 0
81974 0
82041 0
82060 0
82138 0
82147 0
82151 0
82163 0
82183 0
82276 0
82306 0
82318 0
82351 0
82444 0
82453 0
82468 0
82542 0
82550 0
82681 0
82699 0
82787 0
82841 0
82871 0
82875 0
82922 0
82924 0
82948 0
82980 0
83124 0
83141 0
83151 0
83284 0
83290 0
83339 0
83362 0
83367 0
83417 0
83490 0
83559 0
83586 0
83642 0
83678 0
83714 0
83843 0
83862 0
83986 0
84003 0
84005 0
84099 0
84146 0
84156 0
84182 0
84194 0
84203 0
84316 0
84317 0
84318 0
84327 0
84362 0
84464 0
84515 0
84538 0
84602 0
84816 0
84893 0
84934 0
84951 0
84984 0
85063 0
85076 0
85178 0
85183 0
85236 0
85353 0
85418 0
85421 0
85424 0
85449 0
85468 0
85523 0
85574 0
85646 0
85669 0
85728 0
85796 0
85860 0
85932 0
85995 0
86020 0
86051 0
86084 0
86166 0
86197 0
86222 0
86539 0
86542 0
86554 0
86588 0
86666 0
86685 0
86753 0
86763 0
86920 0
86949 0
86975 0
87020 0
87090 0
87094 0
87139 0
87147 0
87235 0
87262 0
87279 0
87322 0
87357 0
87392 0
87501 0
87513 0
87519 0
87522 0
87678 0
87748 0
87896 0
87898 0
87943 0
88289 0
88327 0
88340 0
88343 0
88366 0
88384 0
88415 0
88468 0
88584 0
88596 0
88626 0
88705 0
88713 0
88719 0
88731 0
88828 0
88833 0
88850 0
88890 0
88920 0
88928 0
88991 0
88993 0
89006 0
89007 0
89030 0
89095 0
89104 0
89115 0
89171 0
89387 0
89481 0
89493 0
89663 0
89712 0
89719 0
89724 0
89778 0
89836 0
89837 0
89874 0
89955 0
90005 0
90043 0
90059 0
90130 0
90183 0
90258 0
90346 0
90366 0
90390 0
90428 0
90452 0
90568 0
90596 0
90603 0
90621 0
90626 0
90630 0
90752 0
90770 0
90772 0
90823 0
90902 0
90961 0
91025 0
91035 0
91069 0
91078 0
91123 0
91130 0
91203 0
91339 0
91355 0
91423 0
91497 0
91608 0
91626 0
91752 0
91805 0
91851 0
91871 0
91876 0
91877 0
91943 0
91989 0
92122 0
92143 0
92168 0
92238 0
92257 0
92336 0
92376 0
92394 0
92456 0
92480 0
92496 0
92525 0
92684 0
92910 0
92989 0
93075 0
93079 0
93228 0
93253 0
93263 0
93270 0
93285 0
93305 0
93329 0
93385 0
93409 0
93444 0
93557 0
93569 0
93630 0
93648 0
93665 0
93674 0
93682 0
93873 0
93931 0
93933 0
93963 0
93984 0
94011 0
94045 0
94064 0
94163 0
94179 0
94309 0
94339 0
94348 0
94461 0
94477 0
94514 0
94523 0
94534 0
94597 0
94715 0
94718 0
94855 0
94857 0
95011 0
95038 0
95078 0
95149 0
95159 0
95328 0
95348 0
95448 0
95536 0
95576 0
95586 0
95600 0
95609 0
95617 0
95745 0
95822 0
95874 0
95895 0
95966 0
96035 0
96103 0
96117 0
96192 0
96203 0
96205 0
96237 0
96243 0
96249 0
96365 0
96386 0
96427 0
96519 0
96656 0
96696 0
96713 0
96822 0
96872 0
96886 0
96893 0
96897 0
96911 0
97034 0
97049 0
97077 0
97228 0
97241 0
97244 0
97330 0
97493 0
97509 0
97516 0
97520 0
97563 0
97633 0
97643 0
97657 0
97704 0
97793 0
97880 0
98050 0
98082 0
98189 0
98249 0
98292 0
98324 0
98383 0
98404 0
98448 0
98470 0
98569 0
98635 0
98709 0
98723 0
98728 0
98812 0
98833 0
98845 0
98864 0
98877 0
98904 0
98930 0
98964 0
98989 0
99005 0
99048 0
99110 0
99143 0
99166 0
99220 0
99253 0
99325 0
99380 0
99390 0
99576 0
99599 0
99610 0
99670 0
99681 0
99699 0
99849 0
99953 0
