c This is a uniform distributed  1-D DIMACS file 
c width height point_number
p 100000 100000 2048
9 0
232 0
248 0
473 0
497 0
504 0
527 0
589 0
605 0
614 0
632 0
672 0
870 0
874 0
981 0
1004 0
1043 0
1049 0
1054 0
1068 0
1086 0
1107 0
1130 0
1310 0
1353 0
1373 0
1434 0
1438 0
1594 0
1647 0
1698 0
1782 0
1799 0
1869 0
1891 0
1895 0
1926 0
2002 0
2032 0
2046 0
2049 0
2081 0
2170 0
2172 0
2183 0
2199 0
2210 0
2226 0
2233 0
2299 0
2308 0
2560 0
2647 0
2680 0
2754 0
2911 0
2972 0
2979 0
3051 0
3060 0
3156 0
3261 0
3311 0
3409 0
3481 0
3749 0
3768 0
3789 0
3909 0
3919 0
3958 0
3975 0
4047 0
4051 0
4205 0
4212 0
4255 0
4283 0
4302 0
4343 0
4385 0
4533 0
4578 0
4596 0
4641 0
4660 0
4742 0
4787 0
4830 0
4836 0
4873 0
4893 0
4947 0
5033 0
5077 0
5079 0
5092 0
5108 0
5226 0
5241 0
5272 0
5300 0
5412 0
5517 0
5555 0
5583 0
5622 0
5676 0
5719 0
5756 0
5917 0
5976 0
6021 0
6025 0
6086 0
6106 0
6109 0
6148 0
6149 0
6156 0
6329 0
6343 0
6353 0
6441 0
6475 0
6604 0
6731 0
6753 0
6810 0
6864 0
6886 0
6923 0
6927 0
6948 0
6949 0
6967 0
6985 0
7000 0
7052 0
7126 0
7232 0
7259 0
7347 0
7359 0
7366 0
7428 0
7485 0
7556 0
7574 0
7612 0
7663 0
7695 0
7838 0
7846 0
7885 0
8140 0
8183 0
8199 0
8252 0
8257 0
8300 0
8334 0
8347 0
8378 0
8399 0
8474 0
8547 0
8570 0
8638 0
8729 0
8771 0
8779 0
8801 0
8883 0
8884 0
8964 0
8965 0
8973 0
8975 0
9087 0
9111 0
9133 0
9202 0
9292 0
9350 0
9361 0
9401 0
9499 0
9529 0
9545 0
9561 0
9567 0
9613 0
9621 0
9707 0
9723 0
9732 0
9775 0
9783 0
9838 0
9844 0
9859 0
9885 0
9887 0
9897 0
9992 0
10000 0
10051 0
10082 0
10107 0
10135 0
10170 0
10242 0
10259 0
10379 0
10407 0
10477 0
10562 0
10567 0
10593 0
10609 0
10616 0
10624 0
10645 0
10733 0
10770 0
10835 0
10869 0
11034 0
11058 0
11063 0
11149 0
11172 0
11194 0
11195 0
11217 0
11267 0
11269 0
11275 0
11321 0
11348 0
11385 0
11598 0
11605 0
11668 0
11776 0
11835 0
11849 0
11919 0
11942 0
11972 0
12058 0
12096 0
12100 0
12163 0
12200 0
12225 0
12345 0
12403 0
12427 0
12443 0
12497 0
12563 0
12603 0
12618 0
12665 0
12751 0
12832 0
12862 0
12869 0
12872 0
12978 0
13130 0
13169 0
13175 0
13311 0
13341 0
13408 0
13430 0
13527 0
13528 0
13533 0
13534 0
13535 0
13573 0
13578 0
13584 0
13614 0
13650 0
13742 0
13755 0
13766 0
13767 0
13770 0
13787 0
13827 0
13911 0
14034 0
14085 0
14249 0
14256 0
14372 0
14411 0
14435 0
14445 0
14459 0
14539 0
14566 0
14671 0
14689 0
14795 0
14823 0
14883 0
14925 0
15030 0
15043 0
15070 0
15124 0
15189 0
15247 0
15293 0
15357 0
15372 0
15410 0
15413 0
15468 0
15482 0
15614 0
15619 0
15691 0
15713 0
15741 0
15750 0
15766 0
15803 0
15880 0
15929 0
15967 0
16099 0
16119 0
16126 0
16147 0
16229 0
16409 0
16529 0
16535 0
16625 0
16653 0
16721 0
16771 0
16793 0
16800 0
16818 0
16904 0
16930 0
16952 0
17005 0
17029 0
17143 0
17149 0
17170 0
17208 0
17235 0
17325 0
17370 0
17377 0
17420 0
17430 0
17521 0
17531 0
17636 0
17703 0
17795 0
17800 0
18153 0
18160 0
18291 0
18300 0
18308 0
18325 0
18338 0
18360 0
18499 0
18572 0
18576 0
18638 0
18880 0
18963 0
19095 0
19293 0
19333 0
19360 0
19473 0
19538 0
19540 0
19592 0
19630 0
19713 0
19763 0
19767 0
19826 0
19977 0
19982 0
20024 0
20032 0
20087 0
20119 0
20140 0
20239 0
20255 0
20265 0
20273 0
20279 0
20334 0
20346 0
20459 0
20571 0
20574 0
20592 0
20715 0
20770 0
20783 0
20803 0
20869 0
20921 0
20959 0
20972 0
20974 0
20976 0
20987 0
20990 0
20995 0
21022 0
21180 0
21209 0
21228 0
21309 0
21359 0
21409 0
21453 0
21466 0
21468 0
21474 0
21517 0
21520 0
21564 0
21678 0
21731 0
21810 0
21876 0
22016 0
22230 0
22265 0
22290 0
22333 0
22352 0
22373 0
22439 0
22506 0
22577 0
22646 0
22748 0
22784 0
22913 0
22943 0
23008 0
23056 0
23176 0
23348 0
23352 0
23385 0
23387 0
23453 0
23482 0
23703 0
23759 0
23774 0
23816 0
23829 0
23901 0
23911 0
23916 0
23976 0
24005 0
24075 0
24157 0
24162 0
24227 0
24282 0
24362 0
24489 0
24646 0
24720 0
24745 0
24779 0
24833 0
24867 0
24895 0
24977 0
25012 0
25015 0
25024 0
25040 0
25063 0
25080 0
25087 0
25101 0
25107 0
25312 0
25330 0
25350 0
25472 0
25482 0
25506 0
25623 0
25632 0
25832 0
25839 0
25915 0
25917 0
26005 0
26014 0
26084 0
26128 0
26129 0
26131 0
26172 0
26254 0
26331 0
26369 0
26471 0
26481 0
26482 0
26504 0
26510 0
26579 0
26681 0
26703 0
26711 0
26737 0
26739 0
26750 0
26758 0
26815 0
26912 0
26978 0
27019 0
27053 0
27119 0
27138 0
27220 0
27297 0
27328 0
27352 0
27481 0
27520 0
27687 0
27692 0
27696 0
27728 0
27729 0
27870 0
27926 0
27949 0
27960 0
28068 0
28109 0
28152 0
28171 0
28344 0
28424 0
28440 0
28441 0
28700 0
28704 0
28706 0
28753 0
28811 0
28865 0
28898 0
28901 0
28993 0
29012 0
29028 0
29236 0
29262 0
29309 0
29356 0
29364 0
29430 0
29494 0
29531 0
29705 0
29711 0
29795 0
29814 0
29817 0
29832 0
29840 0
29917 0
29961 0
29983 0
29997 0
30031 0
30092 0
30117 0
30180 0
30249 0
30288 0
30291 0
30371 0
30446 0
30465 0
30479 0
30494 0
30552 0
30643 0
30659 0
30704 0
30755 0
30872 0
31006 0
31015 0
31018 0
31131 0
31199 0
31202 0
31216 0
31225 0
31278 0
31367 0
31499 0
31559 0
31645 0
31663 0
31671 0
31686 0
31690 0
31720 0
31765 0
31808 0
31816 0
31825 0
31922 0
31932 0
31962 0
31976 0
31984 0
32004 0
32022 0
32040 0
32191 0
32200 0
32213 0
32223 0
32242 0
32332 0
32474 0
32545 0
32582 0
32606 0
32690 0
32742 0
32832 0
32861 0
32876 0
32920 0
33059 0
33068 0
33108 0
33243 0
33271 0
33318 0
33346 0
33395 0
33399 0
33430 0
33510 0
33522 0
33647 0
33720 0
33722 0
33773 0
33793 0
33795 0
33833 0
33855 0
33868 0
33871 0
33879 0
33909 0
33911 0
33942 0
34163 0
34194 0
34342 0
34386 0
34392 0
34443 0
34468 0
34513 0
34518 0
34541 0
34621 0
34845 0
34875 0
34938 0
34966 0
34994 0
35000 0
35027 0
35051 0
35078 0
35079 0
35109 0
35140 0
35156 0
35168 0
35195 0
35237 0
35380 0
35455 0
35465 0
35489 0
35514 0
35551 0
35566 0
35591 0
35634 0
35675 0
35716 0
35729 0
35752 0
35767 0
35880 0
35921 0
36000 0
36055 0
36084 0
36105 0
36117 0
36139 0
36163 0
36166 0
36198 0
36206 0
36268 0
36282 0
36296 0
36411 0
36456 0
36514 0
36610 0
36662 0
36708 0
36920 0
36935 0
36965 0
37042 0
37072 0
37154 0
37164 0
37171 0
37173 0
37242 0
37319 0
37342 0
37379 0
37474 0
37587 0
37622 0
37641 0
37703 0
37710 0
37737 0
37743 0
37768 0
37793 0
37827 0
37860 0
37928 0
37980 0
37983 0
38043 0
38055 0
38134 0
38151 0
38175 0
38184 0
38229 0
38317 0
38381 0
38386 0
38441 0
38461 0
38609 0
38620 0
38702 0
38727 0
38750 0
38826 0
38910 0
39027 0
39226 0
39307 0
39326 0
39359 0
39360 0
39386 0
39406 0
39410 0
39443 0
39512 0
39520 0
39573 0
39605 0
39643 0
39709 0
39831 0
39844 0
39862 0
39868 0
39900 0
39942 0
39995 0
40010 0
40026 0
40071 0
40126 0
40130 0
40246 0
40253 0
40289 0
40424 0
40448 0
40611 0
40612 0
40670 0
40674 0
40770 0
40884 0
40933 0
40978 0
41039 0
41044 0
41058 0
41188 0
41206 0
41216 0
41304 0
41309 0
41395 0
41431 0
41487 0
41504 0
41595 0
41639 0
41653 0
41698 0
41726 0
41746 0
41774 0
41781 0
41795 0
41931 0
42105 0
42266 0
42442 0
42443 0
42539 0
42593 0
42678 0
42737 0
42867 0
42874 0
42925 0
42988 0
43042 0
43073 0
43147 0
43230 0
43248 0
43304 0
43348 0
43463 0
43477 0
43530 0
43551 0
43605 0
43643 0
43889 0
44012 0
44052 0
44134 0
44168 0
44195 0
44199 0
44239 0
44266 0
44269 0
44465 0
44504 0
44550 0
44578 0
44713 0
44798 0
44966 0
44992 0
45198 0
45215 0
45233 0
45298 0
45331 0
45398 0
45421 0
45469 0
45486 0
45506 0
45533 0
45563 0
45589 0
45665 0
45667 0
45700 0
45744 0
45809 0
45890 0
45957 0
45962 0
46102 0
46225 0
46264 0
46344 0
46361 0
46410 0
46512 0
46521 0
46528 0
46560 0
46625 0
46733 0
46757 0
46776 0
46816 0
46844 0
46871 0
46901 0
46999 0
47107 0
47160 0
47218 0
47412 0
47439 0
47450 0
47540 0
47581 0
47673 0
47688 0
47703 0
47776 0
47862 0
47903 0
47970 0
48027 0
48196 0
48207 0
48235 0
48322 0
48385 0
48470 0
48494 0
48540 0
48609 0
48695 0
48755 0
48825 0
48834 0
48850 0
48947 0
49059 0
49092 0
49173 0
49248 0
49251 0
49266 0
49273 0
49274 0
49275 0
49293 0
49296 0
49316 0
49332 0
49379 0
49383 0
49399 0
49410 0
49416 0
49484 0
49534 0
49582 0
49585 0
49598 0
49742 0
49793 0
49805 0
49915 0
49951 0
49967 0
49982 0
50072 0
50084 0
50114 0
50271 0
50301 0
50416 0
50574 0
50664 0
50666 0
50668 0
50761 0
50773 0
50797 0
50820 0
50852 0
50950 0
50953 0
51005 0
51020 0
51030 0
51041 0
51080 0
51202 0
51203 0
51306 0
51386 0
51409 0
51508 0
51568 0
51593 0
51646 0
51683 0
51698 0
51764 0
51828 0
51870 0
51978 0
52086 0
52112 0
52158 0
52261 0
52340 0
52345 0
52417 0
52425 0
52448 0
52450 0
52462 0
52508 0
52547 0
52617 0
52639 0
52670 0
52682 0
52684 0
52703 0
52805 0
52851 0
52880 0
53207 0
53236 0
53354 0
53504 0
53550 0
53693 0
53698 0
53710 0
53750 0
53766 0
53868 0
53876 0
53899 0
53903 0
53951 0
53965 0
53977 0
54048 0
54064 0
54107 0
54119 0
54129 0
54350 0
54413 0
54433 0
54526 0
54680 0
54704 0
54782 0
54840 0
54935 0
54938 0
54978 0
55032 0
55065 0
55080 0
55081 0
55179 0
55209 0
55225 0
55275 0
55397 0
55403 0
55607 0
55614 0
55694 0
55738 0
55744 0
55745 0
55766 0
55772 0
55809 0
55831 0
55875 0
55936 0
55967 0
56011 0
56120 0
56156 0
56162 0
56174 0
56192 0
56240 0
56251 0
56269 0
56310 0
56419 0
56519 0
56527 0
56590 0
56699 0
56732 0
56734 0
56736 0
56753 0
56755 0
56880 0
56956 0
56971 0
57117 0
57120 0
57185 0
57216 0
57339 0
57340 0
57397 0
57480 0
57497 0
57572 0
57598 0
57735 0
57766 0
57805 0
57938 0
57957 0
58086 0
58122 0
58150 0
58226 0
58318 0
58344 0
58377 0
58379 0
58450 0
58469 0
58610 0
58626 0
58754 0
58760 0
58811 0
58818 0
58876 0
58882 0
58950 0
58959 0
58961 0
59020 0
59062 0
59096 0
59125 0
59276 0
59279 0
59425 0
59454 0
59534 0
59602 0
59619 0
59641 0
59877 0
60006 0
60113 0
60353 0
60431 0
60481 0
60501 0
60508 0
60514 0
60530 0
60621 0
60645 0
60658 0
60670 0
60747 0
60775 0
60901 0
60970 0
61025 0
61035 0
61083 0
61090 0
61144 0
61174 0
61187 0
61191 0
61262 0
61271 0
61352 0
61595 0
61618 0
61626 0
61630 0
61690 0
61703 0
61767 0
61800 0
61823 0
61926 0
61942 0
61951 0
61986 0
62231 0
62266 0
62269 0
62372 0
62485 0
62614 0
62667 0
62730 0
62742 0
62871 0
62883 0
62963 0
63004 0
63021 0
63036 0
63094 0
63123 0
63126 0
63266 0
63394 0
63412 0
63422 0
63440 0
63498 0
63567 0
63591 0
63624 0
63649 0
63656 0
63722 0
63857 0
63890 0
63903 0
63904 0
63973 0
63986 0
64000 0
64083 0
64095 0
64242 0
64256 0
64308 0
64313 0
64320 0
64362 0
64394 0
64403 0
64414 0
64420 0
64433 0
64451 0
64469 0
64544 0
64674 0
64738 0
64871 0
64901 0
64915 0
64941 0
64945 0
65062 0
65068 0
65155 0
65227 0
65237 0
65310 0
65428 0
65454 0
65474 0
65527 0
65567 0
65604 0
65707 0
65728 0
65743 0
65763 0
65788 0
65828 0
65864 0
65875 0
65968 0
66020 0
66056 0
66076 0
66106 0
66128 0
66175 0
66187 0
66219 0
66284 0
66374 0
66386 0
66389 0
66415 0
66472 0
66536 0
66548 0
66569 0
66620 0
66654 0
66759 0
66773 0
66842 0
66878 0
66909 0
66919 0
66977 0
66998 0
67014 0
67025 0
67043 0
67050 0
67120 0
67130 0
67228 0
67236 0
67309 0
67418 0
67420 0
67435 0
67450 0
67518 0
67537 0
67545 0
67568 0
67655 0
67708 0
67720 0
67733 0
67755 0
67782 0
67791 0
67806 0
67924 0
67952 0
67979 0
68095 0
68107 0
68159 0
68185 0
68258 0
68285 0
68364 0
68390 0
68429 0
68473 0
68543 0
68547 0
68550 0
68559 0
68584 0
68649 0
68650 0
68671 0
68754 0
68764 0
68776 0
68802 0
68809 0
68873 0
68889 0
68904 0
68912 0
68956 0
69008 0
69033 0
69066 0
69080 0
69180 0
69238 0
69257 0
69332 0
69354 0
69610 0
69638 0
69678 0
69712 0
69731 0
69813 0
69856 0
69931 0
69978 0
70247 0
70272 0
70329 0
70361 0
70362 0
70366 0
70397 0
70409 0
70517 0
70519 0
70529 0
70566 0
70622 0
70660 0
70695 0
70841 0
70850 0
70864 0
70924 0
70965 0
71092 0
71148 0
71158 0
71196 0
71222 0
71296 0
71375 0
71380 0
71381 0
71391 0
71402 0
71465 0
71481 0
71526 0
71533 0
71593 0
71598 0
71695 0
71699 0
71772 0
71810 0
71838 0
71842 0
71888 0
71952 0
71989 0
71999 0
72251 0
72260 0
72272 0
72327 0
72346 0
72361 0
72362 0
72388 0
72446 0
72464 0
72477 0
72514 0
72517 0
72534 0
72614 0
72650 0
72795 0
72803 0
72834 0
72850 0
72887 0
72900 0
72902 0
72962 0
72977 0
72994 0
72996 0
73039 0
73122 0
73174 0
73189 0
73230 0
73234 0
73323 0
73335 0
73380 0
73546 0
73581 0
73582 0
73596 0
73625 0
73647 0
73759 0
73776 0
73780 0
73870 0
73874 0
73907 0
73978 0
73986 0
74109 0
74169 0
74232 0
74415 0
74500 0
74507 0
74512 0
74517 0
74539 0
74556 0
74594 0
74637 0
74670 0
74683 0
74688 0
74710 0
74716 0
74758 0
74824 0
74953 0
74979 0
75048 0
75082 0
75103 0
75108 0
75159 0
75172 0
75240 0
75254 0
75275 0
75398 0
75416 0
75495 0
75497 0
75584 0
75610 0
75649 0
75674 0
75676 0
75850 0
75902 0
75947 0
75961 0
76020 0
76022 0
76025 0
76062 0
76076 0
76094 0
76114 0
76278 0
76287 0
76368 0
76369 0
76528 0
76641 0
76703 0
76713 0
76720 0
76751 0
76757 0
76796 0
76800 0
76851 0
76877 0
76897 0
76905 0
77017 0
77123 0
77126 0
77133 0
77185 0
77196 0
77197 0
77270 0
77274 0
77440 0
77479 0
77481 0
77563 0
77589 0
77667 0
77677 0
77726 0
77730 0
77791 0
77793 0
77818 0
77842 0
77875 0
77887 0
77957 0
77973 0
77986 0
78000 0
78008 0
78039 0
78150 0
78186 0
78247 0
78341 0
78356 0
78498 0
78615 0
78692 0
78787 0
78792 0
78811 0
78815 0
78881 0
78898 0
79079 0
79193 0
79302 0
79467 0
79502 0
79506 0
79537 0
79610 0
79652 0
79725 0
79765 0
79769 0
79784 0
79832 0
79846 0
79905 0
79979 0
80093 0
80177 0
80297 0
80305 0
80332 0
80348 0
80371 0
80375 0
80404 0
80406 0
80453 0
80542 0
80586 0
80591 0
80633 0
80672 0
80701 0
80754 0
80818 0
80842 0
80885 0
80931 0
80970 0
80971 0
81019 0
81034 0
81060 0
81083 0
81087 0
81166 0
81176 0
81197 0
81212 0
81289 0
81411 0
81509 0
81547 0
81663 0
81694 0
81699 0
81741 0
81786 0
81793 0
81969 0
82047 0
82124 0
82210 0
82244 0
82270 0
82419 0
82525 0
82588 0
82637 0
82644 0
82665 0
82684 0
82727 0
82821 0
82843 0
82981 0
83006 0
83058 0
83109 0
83111 0
83206 0
83222 0
83226 0
83247 0
83251 0
83274 0
83291 0
83335 0
83345 0
83401 0
83431 0
83574 0
83654 0
83669 0
83677 0
83822 0
83823 0
83914 0
83918 0
83933 0
84017 0
84043 0
84108 0
84133 0
84192 0
84209 0
84225 0
84323 0
84368 0
84388 0
84436 0
84448 0
84460 0
84463 0
84475 0
84665 0
84742 0
84805 0
85014 0
85057 0
85152 0
85168 0
85251 0
85318 0
85368 0
85388 0
85715 0
85718 0
85719 0
85827 0
85837 0
85866 0
85907 0
85968 0
85972 0
86034 0
86039 0
86070 0
86117 0
86147 0
86216 0
86222 0
86237 0
86252 0
86253 0
86330 0
86360 0
86426 0
86459 0
86491 0
86589 0
86629 0
86658 0
86697 0
86831 0
86890 0
86924 0
86936 0
86992 0
87064 0
87067 0
87132 0
87171 0
87196 0
87202 0
87208 0
87216 0
87295 0
87349 0
87415 0
87458 0
87605 0
87671 0
87683 0
87705 0
87712 0
87830 0
87840 0
87858 0
87912 0
87938 0
88010 0
88087 0
88105 0
88228 0
88250 0
88275 0
88329 0
88389 0
88390 0
88394 0
88404 0
88450 0
88493 0
88590 0
88647 0
88719 0
88765 0
88825 0
88974 0
88984 0
89180 0
89248 0
89282 0
89371 0
89385 0
89387 0
89405 0
89525 0
89579 0
89581 0
89619 0
89629 0
89706 0
89812 0
89836 0
89887 0
89975 0
90000 0
90006 0
90097 0
90105 0
90162 0
90172 0
90197 0
90214 0
90244 0
90307 0
90311 0
90361 0
90440 0
90477 0
90498 0
90527 0
90530 0
90559 0
90673 0
90698 0
90700 0
90752 0
90824 0
90878 0
90901 0
90905 0
90913 0
90959 0
91015 0
91218 0
91222 0
91248 0
91289 0
91291 0
91345 0
91385 0
91401 0
91416 0
91470 0
91480 0
91574 0
91622 0
91653 0
91724 0
91893 0
91902 0
91960 0
92014 0
92052 0
92168 0
92278 0
92365 0
92386 0
92393 0
92405 0
92526 0
92558 0
92598 0
92723 0
92773 0
92850 0
92900 0
92995 0
93048 0
93050 0
93053 0
93060 0
93089 0
93284 0
93322 0
93394 0
93404 0
93465 0
93534 0
93640 0
93672 0
93747 0
93993 0
94030 0
94037 0
94090 0
94198 0
94209 0
94236 0
94343 0
94390 0
94406 0
94438 0
94444 0
94494 0
94547 0
94729 0
94738 0
94812 0
94849 0
94889 0
94984 0
94985 0
95064 0
95138 0
95239 0
95250 0
95307 0
95326 0
95353 0
95378 0
95492 0
95544 0
95572 0
95596 0
95633 0
95664 0
95784 0
95830 0
95846 0
95878 0
95889 0
96004 0
96087 0
96115 0
96208 0
96217 0
96233 0
96238 0
96407 0
96432 0
96474 0
96483 0
96524 0
96560 0
96598 0
96619 0
96650 0
96662 0
96665 0
96671 0
96685 0
96739 0
96768 0
96810 0
96877 0
96913 0
96917 0
97024 0
97032 0
97210 0
97241 0
97254 0
97385 0
97392 0
97590 0
97593 0
97616 0
97733 0
97764 0
97766 0
97769 0
97806 0
97841 0
97941 0
98041 0
98102 0
98120 0
98134 0
98168 0
98170 0
98184 0
98263 0
98304 0
98361 0
98362 0
98388 0
98540 0
98543 0
98544 0
98613 0
98677 0
98714 0
98824 0
98867 0
99007 0
99098 0
99136 0
99193 0
99197 0
99272 0
99330 0
99428 0
99468 0
99479 0
99485 0
99534 0
99543 0
99557 0
99649 0
99738 0
99770 0
99780 0
99830 0
99924 0
99962 0
