c This is a uniform distributed  1-D DIMACS file 
c width height point_number
p 100000 100000 2048
84 0
98 0
201 0
305 0
404 0
458 0
490 0
512 0
581 0
588 0
603 0
612 0
812 0
853 0
879 0
952 0
961 0
992 0
1015 0
1114 0
1141 0
1148 0
1223 0
1314 0
1321 0
1356 0
1533 0
1617 0
1662 0
1671 0
1692 0
1738 0
1797 0
1829 0
1857 0
1893 0
1957 0
1981 0
2062 0
2156 0
2222 0
2560 0
2595 0
2617 0
2768 0
2776 0
2826 0
2842 0
2909 0
2955 0
2957 0
3002 0
3057 0
3087 0
3142 0
3162 0
3212 0
3245 0
3296 0
3340 0
3352 0
3402 0
3413 0
3509 0
3546 0
3632 0
3635 0
3772 0
3788 0
3795 0
3843 0
3856 0
3938 0
3947 0
4004 0
4035 0
4048 0
4052 0
4092 0
4161 0
4220 0
4278 0
4472 0
4497 0
4498 0
4556 0
4579 0
4581 0
4693 0
4701 0
4757 0
4774 0
4833 0
4840 0
4868 0
4888 0
5021 0
5036 0
5157 0
5218 0
5239 0
5325 0
5333 0
5450 0
5508 0
5587 0
5600 0
5684 0
5721 0
5735 0
5773 0
5819 0
5824 0
5895 0
5933 0
5948 0
5963 0
6053 0
6088 0
6096 0
6182 0
6197 0
6222 0
6327 0
6354 0
6447 0
6450 0
6486 0
6529 0
6577 0
6599 0
6627 0
6654 0
6659 0
6708 0
6720 0
6745 0
6756 0
6797 0
6823 0
6860 0
6906 0
6965 0
7146 0
7154 0
7157 0
7172 0
7184 0
7202 0
7235 0
7350 0
7352 0
7374 0
7407 0
7518 0
7535 0
7550 0
7560 0
7566 0
7574 0
7692 0
7787 0
7790 0
7856 0
7857 0
7942 0
7983 0
8081 0
8104 0
8274 0
8286 0
8343 0
8350 0
8359 0
8418 0
8467 0
8695 0
8707 0
8713 0
8717 0
8782 0
8793 0
8916 0
8958 0
8987 0
9004 0
9039 0
9092 0
9227 0
9257 0
9309 0
9314 0
9358 0
9361 0
9405 0
9408 0
9509 0
9589 0
9633 0
9728 0
9746 0
9814 0
9823 0
9875 0
9936 0
10036 0
10049 0
10155 0
10331 0
10359 0
10390 0
10471 0
10493 0
10501 0
10533 0
10565 0
10576 0
10608 0
10613 0
10716 0
10796 0
10891 0
10913 0
10924 0
10999 0
11027 0
11060 0
11072 0
11074 0
11095 0
11194 0
11307 0
11387 0
11400 0
11434 0
11435 0
11458 0
11495 0
11530 0
11567 0
11651 0
11690 0
11693 0
11780 0
11938 0
11972 0
12007 0
12033 0
12094 0
12243 0
12268 0
12385 0
12417 0
12495 0
12500 0
12617 0
12777 0
12786 0
12836 0
12961 0
12994 0
13144 0
13150 0
13210 0
13225 0
13232 0
13241 0
13249 0
13258 0
13286 0
13313 0
13320 0
13338 0
13378 0
13388 0
13407 0
13444 0
13503 0
13555 0
13574 0
13757 0
13847 0
13864 0
13876 0
13903 0
13906 0
13932 0
13979 0
13997 0
14007 0
14082 0
14174 0
14199 0
14213 0
14280 0
14370 0
14383 0
14408 0
14570 0
14572 0
14648 0
14657 0
14766 0
14853 0
14889 0
14923 0
14940 0
15031 0
15155 0
15195 0
15242 0
15273 0
15562 0
15563 0
15585 0
15775 0
15828 0
15874 0
15888 0
15983 0
16048 0
16058 0
16059 0
16076 0
16106 0
16244 0
16302 0
16343 0
16410 0
16414 0
16430 0
16522 0
16556 0
16593 0
16639 0
16649 0
16805 0
16968 0
17020 0
17094 0
17111 0
17179 0
17254 0
17321 0
17421 0
17514 0
17537 0
17617 0
17661 0
17680 0
17688 0
17690 0
17713 0
17788 0
17816 0
17876 0
17948 0
17955 0
18231 0
18399 0
18449 0
18486 0
18542 0
18587 0
18600 0
18624 0
18669 0
18872 0
18887 0
18918 0
18934 0
18963 0
19108 0
19161 0
19186 0
19236 0
19394 0
19411 0
19429 0
19461 0
19773 0
19889 0
19911 0
19937 0
19947 0
20042 0
20221 0
20235 0
20278 0
20545 0
20657 0
20689 0
20729 0
20752 0
20896 0
20912 0
21048 0
21050 0
21052 0
21072 0
21079 0
21098 0
21395 0
21458 0
21511 0
21554 0
21635 0
21640 0
21649 0
21674 0
21679 0
21835 0
21924 0
21940 0
21969 0
21971 0
21978 0
21998 0
22034 0
22038 0
22041 0
22071 0
22167 0
22216 0
22225 0
22237 0
22257 0
22294 0
22417 0
22521 0
22538 0
22596 0
22600 0
22601 0
22637 0
22653 0
22707 0
22736 0
22747 0
22795 0
22904 0
22929 0
23028 0
23034 0
23070 0
23089 0
23093 0
23450 0
23593 0
23648 0
23655 0
23656 0
23689 0
23893 0
23924 0
23967 0
23986 0
24083 0
24195 0
24219 0
24302 0
24332 0
24334 0
24368 0
24415 0
24427 0
24478 0
24551 0
24643 0
24670 0
24674 0
24694 0
24707 0
24719 0
24785 0
24842 0
24855 0
24893 0
24954 0
24960 0
24981 0
24985 0
25044 0
25049 0
25115 0
25139 0
25171 0
25206 0
25357 0
25365 0
25713 0
25830 0
25879 0
25899 0
25961 0
26004 0
26008 0
26059 0
26077 0
26110 0
26165 0
26194 0
26216 0
26223 0
26228 0
26247 0
26261 0
26302 0
26407 0
26432 0
26439 0
26640 0
26681 0
26778 0
26796 0
26854 0
26859 0
26895 0
26901 0
26920 0
26967 0
27094 0
27100 0
27112 0
27165 0
27204 0
27208 0
27234 0
27272 0
27384 0
27385 0
27397 0
27477 0
27479 0
27540 0
27557 0
27593 0
27651 0
27653 0
27678 0
27761 0
27821 0
27901 0
27909 0
27944 0
27982 0
28008 0
28044 0
28064 0
28071 0
28138 0
28155 0
28229 0
28249 0
28277 0
28304 0
28338 0
28346 0
28352 0
28366 0
28413 0
28518 0
28535 0
28632 0
28778 0
28786 0
28811 0
28833 0
28938 0
28940 0
28981 0
29098 0
29180 0
29210 0
29277 0
29303 0
29347 0
29375 0
29379 0
29390 0
29440 0
29445 0
29605 0
29661 0
29840 0
29872 0
29909 0
29912 0
29946 0
29968 0
30080 0
30123 0
30163 0
30323 0
30351 0
30393 0
30452 0
30519 0
30599 0
30626 0
30736 0
30738 0
30814 0
30839 0
30845 0
30997 0
31000 0
31050 0
31082 0
31156 0
31167 0
31169 0
31262 0
31269 0
31351 0
31399 0
31405 0
31454 0
31469 0
31482 0
31621 0
31691 0
31694 0
31782 0
31789 0
31802 0
31814 0
31817 0
31819 0
31841 0
31855 0
31875 0
31882 0
31930 0
31940 0
31959 0
32050 0
32186 0
32193 0
32227 0
32241 0
32257 0
32266 0
32355 0
32398 0
32428 0
32454 0
32468 0
32637 0
32790 0
32826 0
32868 0
32882 0
32914 0
32943 0
32968 0
32986 0
33084 0
33253 0
33261 0
33358 0
33363 0
33387 0
33520 0
33570 0
33596 0
33630 0
33728 0
33853 0
33931 0
33980 0
34016 0
34021 0
34037 0
34043 0
34056 0
34196 0
34226 0
34240 0
34257 0
34355 0
34362 0
34404 0
34478 0
34544 0
34548 0
34842 0
34868 0
34967 0
35021 0
35091 0
35245 0
35405 0
35417 0
35432 0
35486 0
35494 0
35515 0
35526 0
35584 0
35675 0
35787 0
35793 0
35894 0
35946 0
36025 0
36081 0
36193 0
36207 0
36248 0
36253 0
36302 0
36320 0
36394 0
36400 0
36428 0
36440 0
36466 0
36467 0
36488 0
36550 0
36589 0
36594 0
36621 0
36627 0
36645 0
36704 0
36734 0
36823 0
36951 0
36953 0
37071 0
37122 0
37285 0
37330 0
37384 0
37524 0
37532 0
37563 0
37597 0
37674 0
37707 0
37742 0
37941 0
37967 0
37971 0
37976 0
37997 0
38028 0
38123 0
38180 0
38198 0
38231 0
38271 0
38280 0
38301 0
38349 0
38372 0
38373 0
38475 0
38476 0
38482 0
38506 0
38539 0
38564 0
38578 0
38649 0
38667 0
38670 0
38754 0
38851 0
38932 0
38937 0
38990 0
38992 0
39064 0
39065 0
39163 0
39186 0
39274 0
39283 0
39287 0
39288 0
39313 0
39373 0
39392 0
39402 0
39404 0
39414 0
39464 0
39514 0
39569 0
39583 0
39616 0
39667 0
39716 0
39758 0
39773 0
39872 0
39943 0
39946 0
40012 0
40017 0
40035 0
40067 0
40099 0
40126 0
40151 0
40187 0
40190 0
40197 0
40231 0
40241 0
40407 0
40435 0
40559 0
40595 0
40682 0
40744 0
40787 0
40807 0
40844 0
40905 0
40979 0
40981 0
40982 0
40986 0
40993 0
41045 0
41181 0
41215 0
41331 0
41408 0
41454 0
41515 0
41518 0
41545 0
41552 0
41575 0
41614 0
41616 0
41649 0
41763 0
41820 0
41854 0
41912 0
41928 0
41953 0
41996 0
42107 0
42111 0
42220 0
42249 0
42293 0
42383 0
42407 0
42409 0
42500 0
42528 0
42557 0
42580 0
42593 0
42606 0
42677 0
42712 0
42818 0
42837 0
42845 0
42862 0
42864 0
43119 0
43250 0
43294 0
43303 0
43359 0
43402 0
43487 0
43703 0
43735 0
43758 0
43869 0
43928 0
44068 0
44141 0
44175 0
44232 0
44308 0
44329 0
44409 0
44411 0
44461 0
44517 0
44562 0
44607 0
44620 0
44662 0
44672 0
44759 0
44766 0
44853 0
44854 0
44859 0
44891 0
44902 0
44937 0
44961 0
45027 0
45064 0
45129 0
45155 0
45162 0
45235 0
45242 0
45261 0
45355 0
45368 0
45417 0
45475 0
45487 0
45530 0
45541 0
45557 0
45607 0
45635 0
45659 0
45682 0
45687 0
45713 0
45738 0
45822 0
45899 0
45953 0
46028 0
46032 0
46148 0
46277 0
46377 0
46410 0
46451 0
46543 0
46620 0
46655 0
46694 0
46698 0
46777 0
46791 0
47063 0
47066 0
47089 0
47117 0
47198 0
47202 0
47321 0
47346 0
47355 0
47377 0
47382 0
47389 0
47432 0
47446 0
47467 0
47591 0
47653 0
47661 0
47672 0
47862 0
48014 0
48025 0
48041 0
48066 0
48129 0
48175 0
48222 0
48261 0
48319 0
48328 0
48421 0
48482 0
48487 0
48601 0
48661 0
48672 0
48780 0
48837 0
48989 0
48998 0
49048 0
49056 0
49074 0
49106 0
49159 0
49286 0
49327 0
49420 0
49438 0
49522 0
49589 0
49600 0
49631 0
49693 0
49795 0
49800 0
49867 0
49896 0
49956 0
49979 0
49993 0
49997 0
50043 0
50096 0
50187 0
50260 0
50275 0
50352 0
50386 0
50454 0
50586 0
50654 0
50670 0
50791 0
50939 0
50950 0
51005 0
51012 0
51028 0
51088 0
51130 0
51194 0
51244 0
51274 0
51278 0
51330 0
51336 0
51339 0
51382 0
51389 0
51485 0
51542 0
51557 0
51591 0
51595 0
51628 0
51702 0
51722 0
51731 0
51785 0
51788 0
51798 0
51802 0
51803 0
51823 0
51854 0
51862 0
51886 0
51896 0
51898 0
51968 0
52011 0
52058 0
52087 0
52113 0
52133 0
52177 0
52225 0
52270 0
52290 0
52344 0
52367 0
52405 0
52408 0
52428 0
52587 0
52620 0
52679 0
52758 0
52815 0
52831 0
52839 0
52903 0
52920 0
52936 0
52969 0
53009 0
53015 0
53023 0
53098 0
53116 0
53184 0
53214 0
53221 0
53326 0
53337 0
53372 0
53378 0
53394 0
53452 0
53506 0
53562 0
53676 0
53695 0
53707 0
53714 0
53824 0
53868 0
53869 0
53956 0
54131 0
54219 0
54329 0
54365 0
54424 0
54571 0
54648 0
54652 0
54676 0
54703 0
54751 0
54910 0
54960 0
54978 0
54990 0
55007 0
55019 0
55035 0
55046 0
55098 0
55124 0
55200 0
55210 0
55300 0
55329 0
55378 0
55381 0
55402 0
55482 0
55486 0
55593 0
55670 0
55693 0
55717 0
55797 0
55799 0
55800 0
55974 0
56114 0
56115 0
56124 0
56213 0
56230 0
56383 0
56384 0
56396 0
56419 0
56445 0
56606 0
56630 0
56639 0
56688 0
56813 0
56915 0
56921 0
56987 0
57023 0
57027 0
57112 0
57117 0
57134 0
57156 0
57202 0
57233 0
57311 0
57315 0
57496 0
57499 0
57506 0
57527 0
57579 0
57611 0
57700 0
57750 0
57751 0
57758 0
57788 0
57805 0
57883 0
57909 0
57928 0
58022 0
58076 0
58158 0
58211 0
58238 0
58284 0
58316 0
58384 0
58418 0
58424 0
58432 0
58528 0
58578 0
58633 0
58642 0
58687 0
58697 0
58769 0
58821 0
58825 0
58835 0
58894 0
58907 0
58966 0
59032 0
59037 0
59081 0
59202 0
59230 0
59246 0
59254 0
59296 0
59304 0
59357 0
59386 0
59444 0
59522 0
59550 0
59555 0
59574 0
59600 0
59617 0
59695 0
59721 0
59738 0
59800 0
59889 0
59904 0
59924 0
60001 0
60005 0
60008 0
60051 0
60086 0
60113 0
60169 0
60197 0
60204 0
60226 0
60237 0
60314 0
60351 0
60377 0
60422 0
60705 0
60712 0
60723 0
60769 0
60848 0
60902 0
60988 0
61036 0
61140 0
61162 0
61245 0
61246 0
61248 0
61286 0
61339 0
61376 0
61435 0
61495 0
61538 0
61548 0
61577 0
61643 0
61673 0
61682 0
61720 0
61730 0
61794 0
61801 0
61884 0
61902 0
61917 0
61988 0
62061 0
62090 0
62095 0
62162 0
62244 0
62299 0
62315 0
62343 0
62397 0
62426 0
62467 0
62488 0
62491 0
62625 0
62665 0
62783 0
62903 0
63105 0
63134 0
63199 0
63281 0
63358 0
63375 0
63422 0
63521 0
63633 0
63660 0
63689 0
63715 0
63731 0
63739 0
63771 0
63773 0
63785 0
63853 0
63858 0
63983 0
63996 0
64028 0
64069 0
64082 0
64121 0
64159 0
64186 0
64188 0
64394 0
64439 0
64552 0
64625 0
64731 0
64759 0
64835 0
64893 0
64950 0
65019 0
65036 0
65046 0
65156 0
65284 0
65401 0
65405 0
65550 0
65620 0
65638 0
65669 0
65676 0
65794 0
65814 0
65894 0
65912 0
65989 0
66016 0
66075 0
66105 0
66107 0
66122 0
66192 0
66294 0
66313 0
66358 0
66591 0
66594 0
66606 0
66622 0
66702 0
66704 0
66898 0
66908 0
67125 0
67190 0
67196 0
67210 0
67249 0
67416 0
67432 0
67566 0
67575 0
67595 0
67604 0
67683 0
67736 0
67750 0
67781 0
67784 0
67789 0
67827 0
67861 0
67864 0
67876 0
68012 0
68040 0
68054 0
68067 0
68071 0
68107 0
68130 0
68151 0
68160 0
68185 0
68203 0
68217 0
68221 0
68256 0
68282 0
68317 0
68332 0
68364 0
68474 0
68545 0
68560 0
68589 0
68796 0
68832 0
68836 0
68843 0
68889 0
68898 0
68917 0
68938 0
69010 0
69080 0
69099 0
69139 0
69222 0
69225 0
69228 0
69245 0
69382 0
69417 0
69456 0
69464 0
69485 0
69502 0
69543 0
69561 0
69564 0
69658 0
69709 0
69734 0
69739 0
69861 0
69886 0
69973 0
70090 0
70108 0
70152 0
70163 0
70174 0
70190 0
70247 0
70256 0
70277 0
70380 0
70459 0
70467 0
70490 0
70497 0
70542 0
70682 0
70772 0
70792 0
70816 0
70882 0
70912 0
70948 0
70999 0
71092 0
71093 0
71140 0
71179 0
71189 0
71193 0
71219 0
71221 0
71379 0
71410 0
71420 0
71435 0
71576 0
71590 0
71693 0
71737 0
71751 0
71763 0
71883 0
72118 0
72175 0
72263 0
72300 0
72419 0
72476 0
72519 0
72526 0
72542 0
72568 0
72587 0
72641 0
72683 0
72726 0
72810 0
72841 0
72844 0
72870 0
72963 0
72966 0
72973 0
72987 0
73028 0
73045 0
73099 0
73149 0
73168 0
73317 0
73373 0
73395 0
73406 0
73479 0
73484 0
73520 0
73629 0
73642 0
73840 0
73844 0
73846 0
73853 0
73952 0
73960 0
74009 0
74041 0
74054 0
74294 0
74356 0
74450 0
74600 0
74767 0
74924 0
74956 0
75056 0
75064 0
75136 0
75238 0
75329 0
75375 0
75386 0
75413 0
75481 0
75497 0
75522 0
75532 0
75558 0
75578 0
75587 0
75680 0
75690 0
75712 0
75788 0
75808 0
75918 0
76013 0
76026 0
76065 0
76239 0
76380 0
76385 0
76404 0
76453 0
76486 0
76552 0
76601 0
76642 0
76650 0
76676 0
76724 0
76848 0
76865 0
76904 0
76955 0
76999 0
77031 0
77043 0
77206 0
77320 0
77321 0
77388 0
77450 0
77519 0
77595 0
77631 0
77669 0
77695 0
77722 0
77733 0
77745 0
77759 0
77808 0
77914 0
77931 0
78027 0
78117 0
78127 0
78146 0
78304 0
78381 0
78385 0
78643 0
78744 0
78777 0
78849 0
78863 0
78880 0
78888 0
79009 0
79017 0
79063 0
79070 0
79105 0
79324 0
79420 0
79469 0
79579 0
79613 0
79615 0
79655 0
79703 0
79715 0
79739 0
79821 0
79929 0
79966 0
80020 0
80038 0
80069 0
80106 0
80194 0
80308 0
80334 0
80402 0
80479 0
80610 0
80640 0
80660 0
80662 0
80720 0
80807 0
80893 0
80950 0
81217 0
81340 0
81408 0
81588 0
81605 0
81679 0
81794 0
81831 0
81902 0
81938 0
82084 0
82121 0
82157 0
82202 0
82354 0
82416 0
82671 0
82712 0
82717 0
82725 0
82793 0
82836 0
82909 0
82944 0
82953 0
82984 0
83000 0
83087 0
83196 0
83257 0
83263 0
83360 0
83364 0
83412 0
83502 0
83503 0
83526 0
83601 0
83650 0
83749 0
83752 0
83797 0
83800 0
83833 0
83851 0
83893 0
83910 0
83961 0
83977 0
83987 0
84052 0
84071 0
84188 0
84191 0
84239 0
84264 0
84269 0
84332 0
84394 0
84407 0
84495 0
84535 0
84549 0
84649 0
84884 0
84925 0
84954 0
84973 0
85012 0
85016 0
85038 0
85067 0
85074 0
85087 0
85095 0
85105 0
85153 0
85225 0
85230 0
85268 0
85328 0
85330 0
85335 0
85378 0
85383 0
85417 0
85496 0
85506 0
85525 0
85528 0
85572 0
85619 0
85632 0
85770 0
85842 0
85862 0
85869 0
85873 0
85933 0
85935 0
85981 0
86010 0
86076 0
86096 0
86121 0
86224 0
86405 0
86406 0
86415 0
86440 0
86441 0
86456 0
86519 0
86590 0
86698 0
86750 0
86781 0
86805 0
86824 0
86960 0
87008 0
87016 0
87221 0
87491 0
87539 0
87707 0
87724 0
87760 0
87770 0
87771 0
87829 0
87912 0
87959 0
87962 0
87969 0
87982 0
88019 0
88153 0
88262 0
88316 0
88361 0
88365 0
88375 0
88386 0
88470 0
88497 0
88543 0
88552 0
88594 0
88611 0
88711 0
88746 0
88747 0
88762 0
88832 0
88878 0
88901 0
88967 0
88982 0
89086 0
89169 0
89171 0
89198 0
89201 0
89207 0
89211 0
89321 0
89342 0
89367 0
89372 0
89384 0
89393 0
89402 0
89540 0
89567 0
89586 0
89603 0
89607 0
89617 0
89655 0
89786 0
89787 0
89845 0
89919 0
90006 0
90016 0
90115 0
90141 0
90190 0
90256 0
90323 0
90326 0
90328 0
90395 0
90412 0
90424 0
90471 0
90474 0
90653 0
90675 0
90855 0
90934 0
90941 0
90957 0
91030 0
91079 0
91136 0
91175 0
91176 0
91225 0
91237 0
91422 0
91471 0
91476 0
91585 0
91632 0
91650 0
91711 0
91722 0
91763 0
91808 0
91831 0
91898 0
91922 0
91925 0
91932 0
91936 0
91980 0
92107 0
92118 0
92130 0
92134 0
92308 0
92340 0
92509 0
92519 0
92563 0
92582 0
92617 0
92660 0
92675 0
92691 0
92757 0
92779 0
92799 0
92806 0
92834 0
92856 0
92894 0
92896 0
92921 0
92994 0
93047 0
93080 0
93166 0
93178 0
93318 0
93331 0
93681 0
93725 0
93950 0
93984 0
93990 0
94023 0
94106 0
94118 0
94136 0
94267 0
94278 0
94333 0
94354 0
94400 0
94408 0
94423 0
94478 0
94503 0
94525 0
94687 0
94704 0
94717 0
94738 0
94797 0
94803 0
94853 0
94893 0
94937 0
94976 0
95002 0
95031 0
95062 0
95063 0
95092 0
95137 0
95155 0
95330 0
95431 0
95446 0
95490 0
95642 0
95757 0
95805 0
95869 0
95945 0
95973 0
95998 0
96020 0
96082 0
96113 0
96166 0
96210 0
96225 0
96323 0
96351 0
96405 0
96466 0
96471 0
96500 0
96526 0
96556 0
96589 0
96611 0
96613 0
96636 0
96654 0
96660 0
96688 0
96691 0
96711 0
96712 0
96713 0
96785 0
96882 0
96924 0
96997 0
97015 0
97026 0
97067 0
97154 0
97175 0
97281 0
97306 0
97325 0
97371 0
97393 0
97396 0
97402 0
97405 0
97492 0
97562 0
97574 0
97649 0
97665 0
97720 0
97790 0
97870 0
97920 0
97925 0
97926 0
97956 0
98126 0
98189 0
98229 0
98289 0
98294 0
98323 0
98404 0
98420 0
98450 0
98485 0
98501 0
98562 0
98663 0
98711 0
98719 0
98794 0
98826 0
98862 0
98894 0
99012 0
99185 0
99191 0
99197 0
99297 0
99342 0
99371 0
99380 0
99464 0
99479 0
99534 0
99664 0
99772 0
99782 0
99783 0
99803 0
99812 0
99834 0
99861 0
99984 0
99996 0
