c This is a uniform distributed  1-D DIMACS file 
c width height point_number
p 100000 100000 2048
124 0
127 0
139 0
272 0
289 0
330 0
332 0
380 0
459 0
529 0
587 0
681 0
707 0
723 0
765 0
810 0
834 0
1032 0
1064 0
1121 0
1174 0
1267 0
1282 0
1307 0
1343 0
1406 0
1422 0
1623 0
1630 0
1644 0
1665 0
1716 0
1741 0
1835 0
1862 0
2136 0
2146 0
2200 0
2231 0
2311 0
2324 0
2376 0
2398 0
2478 0
2567 0
2610 0
2620 0
2729 0
2840 0
2853 0
2896 0
2983 0
3020 0
3071 0
3104 0
3141 0
3156 0
3202 0
3233 0
3371 0
3398 0
3439 0
3450 0
3464 0
3576 0
3593 0
3732 0
3770 0
3785 0
3800 0
3830 0
3841 0
3848 0
3875 0
3933 0
4021 0
4028 0
4057 0
4121 0
4159 0
4253 0
4289 0
4306 0
4348 0
4376 0
4400 0
4417 0
4419 0
4442 0
4465 0
4487 0
4516 0
4517 0
4566 0
4648 0
4653 0
4759 0
4809 0
4818 0
4908 0
4977 0
4985 0
5041 0
5103 0
5141 0
5151 0
5168 0
5202 0
5221 0
5241 0
5278 0
5306 0
5308 0
5316 0
5396 0
5411 0
5497 0
5565 0
5580 0
5612 0
5626 0
5732 0
5845 0
5858 0
5920 0
5929 0
5942 0
5945 0
6083 0
6107 0
6156 0
6219 0
6231 0
6282 0
6304 0
6311 0
6339 0
6360 0
6424 0
6511 0
6518 0
6531 0
6547 0
6550 0
6582 0
6595 0
6600 0
6638 0
6643 0
6644 0
6674 0
6801 0
6832 0
6932 0
6937 0
6979 0
7006 0
7074 0
7125 0
7164 0
7204 0
7222 0
7241 0
7361 0
7443 0
7477 0
7556 0
7612 0
7623 0
7666 0
7668 0
7754 0
7805 0
7988 0
7994 0
8011 0
8125 0
8218 0
8232 0
8268 0
8306 0
8374 0
8376 0
8398 0
8473 0
8605 0
8611 0
8724 0
8733 0
8747 0
8759 0
8783 0
8801 0
8850 0
8864 0
8874 0
8946 0
8950 0
8975 0
9053 0
9081 0
9120 0
9182 0
9209 0
9359 0
9388 0
9416 0
9482 0
9511 0
9642 0
9704 0
9792 0
9955 0
10018 0
10026 0
10065 0
10112 0
10168 0
10231 0
10275 0
10337 0
10394 0
10481 0
10489 0
10533 0
10640 0
10764 0
10806 0
10819 0
10875 0
10890 0
10920 0
10928 0
10979 0
11025 0
11162 0
11245 0
11261 0
11283 0
11305 0
11381 0
11389 0
11416 0
11434 0
11536 0
11554 0
11639 0
11650 0
11849 0
11870 0
11879 0
11937 0
11960 0
12186 0
12188 0
12191 0
12198 0
12218 0
12263 0
12302 0
12438 0
12499 0
12529 0
12545 0
12579 0
12604 0
12615 0
12636 0
12725 0
12745 0
12934 0
12986 0
13029 0
13163 0
13203 0
13277 0
13284 0
13314 0
13318 0
13319 0
13442 0
13450 0
13466 0
13492 0
13505 0
13521 0
13606 0
13635 0
13645 0
13680 0
13731 0
13758 0
13823 0
13852 0
13861 0
13926 0
13983 0
14067 0
14138 0
14149 0
14240 0
14395 0
14494 0
14505 0
14511 0
14538 0
14554 0
14567 0
14578 0
14586 0
14807 0
14878 0
14896 0
14954 0
14988 0
15034 0
15070 0
15111 0
15170 0
15217 0
15238 0
15349 0
15378 0
15415 0
15487 0
15523 0
15571 0
15796 0
15828 0
15845 0
15848 0
15916 0
15944 0
16071 0
16085 0
16142 0
16163 0
16221 0
16323 0
16351 0
16485 0
16556 0
16566 0
16577 0
16637 0
16685 0
16706 0
16785 0
16858 0
16861 0
16964 0
16985 0
17032 0
17040 0
17097 0
17210 0
17319 0
17321 0
17372 0
17489 0
17502 0
17528 0
17736 0
17767 0
17781 0
17829 0
17895 0
17914 0
17973 0
17978 0
17993 0
17994 0
18001 0
18035 0
18049 0
18125 0
18178 0
18217 0
18228 0
18320 0
18331 0
18337 0
18429 0
18449 0
18466 0
18479 0
18655 0
18733 0
18748 0
18749 0
18751 0
18754 0
18791 0
18835 0
18876 0
19049 0
19063 0
19403 0
19565 0
19636 0
19642 0
19648 0
19739 0
19777 0
19808 0
19833 0
19844 0
19865 0
19982 0
19993 0
20015 0
20045 0
20051 0
20234 0
20247 0
20252 0
20258 0
20268 0
20288 0
20358 0
20442 0
20449 0
20506 0
20604 0
20657 0
20678 0
20696 0
20753 0
20768 0
20799 0
20808 0
20850 0
20899 0
20975 0
20982 0
21044 0
21140 0
21180 0
21335 0
21411 0
21421 0
21468 0
21525 0
21553 0
21603 0
21609 0
21666 0
21691 0
21902 0
22043 0
22170 0
22204 0
22333 0
22354 0
22429 0
22520 0
22624 0
22646 0
22702 0
22738 0
22748 0
22814 0
22823 0
22851 0
23095 0
23173 0
23177 0
23196 0
23318 0
23401 0
23446 0
23502 0
23585 0
23716 0
23769 0
23939 0
23977 0
24019 0
24084 0
24126 0
24167 0
24233 0
24241 0
24269 0
24287 0
24288 0
24422 0
24451 0
24497 0
24540 0
24581 0
24609 0
24643 0
24648 0
24661 0
24703 0
24734 0
24735 0
24754 0
24771 0
24829 0
24936 0
24939 0
24963 0
25120 0
25185 0
25209 0
25227 0
25372 0
25420 0
25424 0
25463 0
25479 0
25511 0
25667 0
25698 0
25809 0
25830 0
25869 0
25910 0
25969 0
26015 0
26026 0
26220 0
26240 0
26287 0
26303 0
26406 0
26565 0
26572 0
26615 0
26666 0
26705 0
26792 0
26794 0
26866 0
26867 0
26870 0
26888 0
26910 0
26947 0
27046 0
27086 0
27106 0
27124 0
27194 0
27224 0
27391 0
27441 0
27444 0
27478 0
27494 0
27514 0
27569 0
27598 0
27658 0
27718 0
27728 0
27796 0
27801 0
27874 0
27882 0
28014 0
28034 0
28036 0
28083 0
28301 0
28390 0
28485 0
28508 0
28560 0
28610 0
28652 0
28662 0
28687 0
28704 0
28752 0
28845 0
28968 0
29067 0
29103 0
29110 0
29125 0
29273 0
29325 0
29420 0
29494 0
29667 0
29715 0
29740 0
29748 0
29879 0
29886 0
29892 0
29925 0
30032 0
30059 0
30235 0
30240 0
30285 0
30338 0
30368 0
30383 0
30424 0
30451 0
30468 0
30575 0
30622 0
30653 0
30659 0
30705 0
30725 0
30856 0
30889 0
30981 0
31039 0
31083 0
31155 0
31259 0
31346 0
31414 0
31455 0
31473 0
31535 0
31584 0
31599 0
31630 0
31798 0
31939 0
31955 0
31967 0
32120 0
32165 0
32295 0
32305 0
32327 0
32367 0
32374 0
32381 0
32417 0
32426 0
32428 0
32514 0
32540 0
32577 0
32799 0
32904 0
32984 0
33041 0
33094 0
33197 0
33231 0
33248 0
33254 0
33388 0
33422 0
33508 0
33549 0
33616 0
33675 0
33700 0
33701 0
33764 0
33817 0
33837 0
33883 0
33939 0
33957 0
34071 0
34075 0
34082 0
34126 0
34159 0
34224 0
34453 0
34464 0
34500 0
34658 0
34701 0
34723 0
34739 0
34750 0
34773 0
34838 0
34864 0
34893 0
34900 0
35013 0
35030 0
35057 0
35072 0
35131 0
35264 0
35275 0
35298 0
35403 0
35601 0
35653 0
35723 0
35801 0
35917 0
35966 0
36037 0
36040 0
36041 0
36113 0
36207 0
36229 0
36237 0
36284 0
36304 0
36352 0
36396 0
36409 0
36468 0
36474 0
36621 0
36638 0
36659 0
36681 0
36778 0
36818 0
36829 0
36859 0
36862 0
36931 0
37041 0
37048 0
37053 0
37078 0
37119 0
37385 0
37494 0
37600 0
37623 0
37639 0
37733 0
37928 0
37940 0
37954 0
37963 0
38003 0
38055 0
38057 0
38098 0
38124 0
38133 0
38156 0
38183 0
38196 0
38232 0
38242 0
38303 0
38321 0
38429 0
38468 0
38543 0
38610 0
38632 0
38743 0
38830 0
38850 0
38859 0
38935 0
38964 0
39132 0
39135 0
39138 0
39168 0
39179 0
39242 0
39341 0
39412 0
39437 0
39480 0
39487 0
39516 0
39573 0
39582 0
39584 0
39684 0
39796 0
39822 0
39951 0
39977 0
39996 0
40092 0
40127 0
40265 0
40292 0
40305 0
40313 0
40361 0
40362 0
40381 0
40526 0
40558 0
40596 0
40691 0
40745 0
40754 0
40767 0
40798 0
40836 0
41010 0
41072 0
41094 0
41171 0
41180 0
41233 0
41236 0
41325 0
41351 0
41436 0
41536 0
41654 0
41670 0
41673 0
41689 0
41716 0
41719 0
41784 0
41805 0
41839 0
41872 0
41921 0
41932 0
41998 0
42016 0
42046 0
42066 0
42075 0
42099 0
42179 0
42193 0
42249 0
42276 0
42309 0
42359 0
42382 0
42391 0
42392 0
42400 0
42443 0
42490 0
42493 0
42539 0
42551 0
42557 0
42601 0
42652 0
42706 0
42757 0
42867 0
42890 0
42919 0
42984 0
43046 0
43139 0
43164 0
43178 0
43195 0
43213 0
43221 0
43271 0
43389 0
43410 0
43504 0
43510 0
43531 0
43575 0
43622 0
43799 0
43806 0
43848 0
43970 0
44109 0
44248 0
44252 0
44308 0
44388 0
44431 0
44446 0
44467 0
44472 0
44484 0
44668 0
44693 0
44749 0
44752 0
44774 0
44795 0
44838 0
44871 0
44918 0
44928 0
44953 0
44990 0
45000 0
45001 0
45088 0
45090 0
45108 0
45187 0
45211 0
45233 0
45258 0
45349 0
45370 0
45377 0
45387 0
45418 0
45434 0
45565 0
45594 0
45602 0
45756 0
45758 0
45792 0
45828 0
45965 0
46140 0
46267 0
46342 0
46409 0
46425 0
46428 0
46560 0
46685 0
46744 0
46767 0
46786 0
46790 0
46805 0
46825 0
46937 0
47293 0
47298 0
47353 0
47378 0
47408 0
47441 0
47450 0
47511 0
47531 0
47561 0
47593 0
47603 0
47620 0
47645 0
47656 0
47687 0
47705 0
47712 0
47722 0
47757 0
47809 0
47876 0
47975 0
48029 0
48117 0
48224 0
48278 0
48288 0
48290 0
48349 0
48378 0
48405 0
48409 0
48420 0
48558 0
48565 0
48621 0
48635 0
48657 0
48669 0
48702 0
49082 0
49097 0
49159 0
49190 0
49216 0
49277 0
49322 0
49429 0
49498 0
49588 0
49679 0
49796 0
49823 0
49900 0
50004 0
50130 0
50133 0
50189 0
50217 0
50262 0
50303 0
50472 0
50534 0
50613 0
50620 0
50651 0
50721 0
50731 0
50770 0
50774 0
50845 0
50876 0
50888 0
50970 0
51055 0
51059 0
51065 0
51067 0
51264 0
51296 0
51383 0
51412 0
51417 0
51428 0
51430 0
51518 0
51528 0
51540 0
51552 0
51627 0
51641 0
51666 0
51694 0
51732 0
51740 0
51783 0
51817 0
51818 0
51824 0
51903 0
51938 0
51978 0
52001 0
52030 0
52038 0
52121 0
52230 0
52253 0
52257 0
52272 0
52290 0
52408 0
52428 0
52489 0
52647 0
52690 0
52737 0
52758 0
52791 0
52846 0
52854 0
52878 0
52943 0
53011 0
53214 0
53311 0
53413 0
53471 0
53494 0
53499 0
53578 0
53609 0
53614 0
53657 0
53705 0
53748 0
53774 0
53836 0
53852 0
53872 0
53881 0
53921 0
53957 0
54094 0
54219 0
54228 0
54287 0
54387 0
54474 0
54565 0
54613 0
54871 0
54906 0
54943 0
54965 0
55014 0
55027 0
55054 0
55077 0
55095 0
55107 0
55120 0
55129 0
55197 0
55210 0
55362 0
55393 0
55405 0
55415 0
55552 0
55593 0
55632 0
55644 0
55652 0
55708 0
55742 0
55771 0
55783 0
55814 0
55848 0
55946 0
55990 0
56001 0
56041 0
56047 0
56056 0
56071 0
56194 0
56195 0
56349 0
56436 0
56543 0
56570 0
56669 0
56697 0
56730 0
56764 0
56810 0
56868 0
56969 0
57060 0
57139 0
57205 0
57253 0
57346 0
57429 0
57454 0
57463 0
57551 0
57618 0
57652 0
57685 0
57686 0
57796 0
57814 0
57975 0
57991 0
58124 0
58135 0
58137 0
58211 0
58223 0
58290 0
58334 0
58410 0
58455 0
58481 0
58490 0
58535 0
58606 0
58607 0
58628 0
58667 0
58825 0
58960 0
59004 0
59030 0
59053 0
59057 0
59068 0
59133 0
59141 0
59187 0
59227 0
59245 0
59276 0
59282 0
59291 0
59318 0
59331 0
59478 0
59496 0
59574 0
59604 0
59622 0
59632 0
59666 0
59680 0
59771 0
59914 0
59971 0
60024 0
60042 0
60051 0
60072 0
60207 0
60236 0
60312 0
60401 0
60452 0
60570 0
60671 0
60837 0
60851 0
60857 0
60929 0
60966 0
60972 0
60990 0
61062 0
61114 0
61121 0
61173 0
61240 0
61242 0
61247 0
61291 0
61293 0
61296 0
61324 0
61347 0
61433 0
61480 0
61642 0
61705 0
61737 0
61756 0
61808 0
61813 0
61854 0
61921 0
61926 0
62013 0
62050 0
62054 0
62056 0
62066 0
62141 0
62159 0
62215 0
62273 0
62358 0
62372 0
62373 0
62394 0
62462 0
62534 0
62542 0
62548 0
62565 0
62574 0
62604 0
62702 0
62715 0
62789 0
62816 0
62818 0
62902 0
62914 0
63013 0
63063 0
63080 0
63081 0
63112 0
63159 0
63207 0
63242 0
63270 0
63371 0
63396 0
63398 0
63401 0
63579 0
63598 0
63660 0
63662 0
63863 0
63953 0
63960 0
63972 0
64005 0
64083 0
64144 0
64174 0
64230 0
64264 0
64474 0
64511 0
64520 0
64611 0
64612 0
64658 0
64660 0
64716 0
64720 0
64726 0
64759 0
64858 0
64906 0
65044 0
65086 0
65270 0
65484 0
65498 0
65518 0
65578 0
65613 0
65615 0
65647 0
65692 0
65721 0
65746 0
66058 0
66073 0
66091 0
66128 0
66144 0
66174 0
66210 0
66224 0
66277 0
66290 0
66328 0
66340 0
66357 0
66377 0
66380 0
66413 0
66566 0
66583 0
66631 0
66647 0
66659 0
66781 0
66785 0
66807 0
66813 0
66823 0
67001 0
67059 0
67125 0
67184 0
67323 0
67330 0
67390 0
67395 0
67482 0
67541 0
67573 0
67596 0
67598 0
67630 0
67673 0
67702 0
67714 0
67724 0
67726 0
67765 0
67812 0
67891 0
67899 0
67922 0
67949 0
68055 0
68067 0
68075 0
68120 0
68138 0
68322 0
68375 0
68452 0
68503 0
68535 0
68587 0
68614 0
68652 0
68689 0
68715 0
68776 0
68852 0
68856 0
68971 0
68990 0
69028 0
69037 0
69155 0
69159 0
69199 0
69289 0
69344 0
69370 0
69419 0
69427 0
69436 0
69458 0
69461 0
69462 0
69508 0
69593 0
69613 0
69615 0
69671 0
69709 0
69770 0
69791 0
69825 0
69887 0
69911 0
70039 0
70081 0
70097 0
70108 0
70176 0
70293 0
70363 0
70405 0
70431 0
70462 0
70547 0
70635 0
70666 0
70680 0
70724 0
70735 0
70749 0
70785 0
70932 0
70943 0
71026 0
71037 0
71082 0
71248 0
71283 0
71313 0
71344 0
71365 0
71374 0
71379 0
71473 0
71476 0
71490 0
71619 0
71627 0
71651 0
71685 0
71762 0
71771 0
71784 0
71880 0
71961 0
71977 0
71989 0
72029 0
72040 0
72043 0
72049 0
72083 0
72093 0
72138 0
72184 0
72207 0
72239 0
72243 0
72278 0
72353 0
72530 0
72533 0
72602 0
72738 0
72765 0
72775 0
72786 0
72855 0
72896 0
72906 0
72910 0
72969 0
73081 0
73104 0
73139 0
73336 0
73404 0
73416 0
73419 0
73570 0
73610 0
73626 0
73636 0
73640 0
73652 0
73669 0
73779 0
73784 0
73864 0
73904 0
73945 0
73953 0
73960 0
74063 0
74129 0
74175 0
74198 0
74213 0
74284 0
74481 0
74484 0
74538 0
74592 0
74596 0
74606 0
74651 0
74705 0
74724 0
74753 0
74805 0
74809 0
74841 0
74842 0
74891 0
74908 0
75081 0
75111 0
75173 0
75243 0
75335 0
75345 0
75354 0
75414 0
75518 0
75521 0
75535 0
75578 0
75596 0
75673 0
75686 0
75744 0
75777 0
75817 0
75846 0
75934 0
75998 0
76182 0
76197 0
76223 0
76235 0
76265 0
76287 0
76415 0
76507 0
76562 0
76568 0
76574 0
76591 0
76614 0
76620 0
76728 0
76782 0
76808 0
76819 0
76863 0
76881 0
76934 0
76943 0
76954 0
76963 0
77125 0
77159 0
77172 0
77250 0
77317 0
77335 0
77438 0
77483 0
77498 0
77543 0
77565 0
77631 0
77793 0
77885 0
77910 0
77973 0
77984 0
77989 0
78033 0
78090 0
78122 0
78302 0
78335 0
78383 0
78389 0
78493 0
78558 0
78771 0
78828 0
78899 0
78957 0
79001 0
79003 0
79017 0
79054 0
79113 0
79216 0
79219 0
79246 0
79262 0
79315 0
79364 0
79365 0
79388 0
79515 0
79520 0
79558 0
79563 0
79594 0
79644 0
79702 0
79726 0
79750 0
79766 0
79813 0
79839 0
79866 0
79946 0
80097 0
80151 0
80168 0
80218 0
80262 0
80295 0
80346 0
80382 0
80412 0
80431 0
80460 0
80465 0
80480 0
80557 0
80559 0
80584 0
80597 0
80684 0
80753 0
80802 0
80804 0
80849 0
80896 0
80898 0
80950 0
81028 0
81264 0
81386 0
81409 0
81441 0
81492 0
81553 0
81555 0
81640 0
81658 0
81694 0
81778 0
81780 0
81847 0
81853 0
81901 0
82048 0
82061 0
82149 0
82162 0
82217 0
82242 0
82253 0
82316 0
82353 0
82371 0
82378 0
82433 0
82489 0
82593 0
82605 0
82778 0
82788 0
83037 0
83063 0
83084 0
83105 0
83117 0
83166 0
83184 0
83252 0
83334 0
83441 0
83478 0
83570 0
83648 0
83697 0
83817 0
83922 0
83950 0
83952 0
83974 0
83985 0
83989 0
84007 0
84039 0
84050 0
84059 0
84095 0
84203 0
84311 0
84324 0
84356 0
84397 0
84491 0
84515 0
84524 0
84544 0
84607 0
84622 0
84635 0
84673 0
84732 0
84816 0
84868 0
84873 0
84881 0
84900 0
84906 0
84947 0
84956 0
84970 0
84981 0
84988 0
85019 0
85052 0
85068 0
85160 0
85253 0
85288 0
85292 0
85308 0
85309 0
85378 0
85409 0
85410 0
85470 0
85501 0
85554 0
85583 0
85593 0
85621 0
85673 0
85768 0
85786 0
85799 0
85845 0
85875 0
85876 0
85883 0
85894 0
85972 0
86016 0
86049 0
86060 0
86201 0
86274 0
86320 0
86324 0
86343 0
86495 0
86509 0
86513 0
86527 0
86537 0
86574 0
86612 0
86672 0
86710 0
86711 0
86982 0
87012 0
87106 0
87133 0
87143 0
87154 0
87170 0
87288 0
87294 0
87301 0
87303 0
87307 0
87321 0
87417 0
87463 0
87514 0
87531 0
87644 0
87702 0
87786 0
87939 0
87945 0
87999 0
88047 0
88114 0
88121 0
88129 0
88169 0
88195 0
88293 0
88364 0
88365 0
88393 0
88537 0
88557 0
88667 0
88700 0
88719 0
88725 0
88747 0
88825 0
88869 0
88928 0
88958 0
89010 0
89071 0
89086 0
89094 0
89111 0
89144 0
89153 0
89191 0
89205 0
89222 0
89425 0
89563 0
89734 0
89763 0
89817 0
89843 0
89933 0
90018 0
90087 0
90205 0
90283 0
90354 0
90366 0
90409 0
90425 0
90429 0
90460 0
90561 0
90607 0
90653 0
90688 0
90696 0
90770 0
90776 0
90806 0
90869 0
90871 0
90873 0
90882 0
90954 0
90998 0
91150 0
91264 0
91334 0
91377 0
91552 0
91573 0
91707 0
91905 0
91915 0
91943 0
92024 0
92166 0
92173 0
92196 0
92202 0
92226 0
92247 0
92378 0
92442 0
92452 0
92571 0
92619 0
92624 0
92678 0
92731 0
92763 0
92803 0
92836 0
92980 0
93008 0
93034 0
93158 0
93207 0
93218 0
93253 0
93347 0
93354 0
93403 0
93421 0
93443 0
93479 0
93482 0
93504 0
93658 0
93675 0
93727 0
93731 0
93736 0
93816 0
93904 0
93929 0
93949 0
93950 0
93956 0
93958 0
94011 0
94028 0
94058 0
94196 0
94212 0
94312 0
94377 0
94396 0
94466 0
94483 0
94668 0
94687 0
94771 0
94890 0
95012 0
95025 0
95050 0
95059 0
95161 0
95207 0
95229 0
95326 0
95340 0
95389 0
95433 0
95451 0
95540 0
95573 0
95583 0
95631 0
95634 0
95654 0
95655 0
95685 0
95719 0
95720 0
95726 0
95825 0
95873 0
95917 0
95931 0
95936 0
95954 0
96020 0
96154 0
96174 0
96195 0
96205 0
96206 0
96337 0
96358 0
96394 0
96424 0
96441 0
96463 0
96561 0
96567 0
96598 0
96607 0
96630 0
96667 0
96750 0
96791 0
96818 0
96860 0
96887 0
96948 0
96991 0
97089 0
97102 0
97115 0
97261 0
97266 0
97334 0
97376 0
97410 0
97439 0
97449 0
97582 0
97742 0
97795 0
97835 0
98027 0
98057 0
98064 0
98075 0
98143 0
98147 0
98272 0
98383 0
98394 0
98437 0
98505 0
98534 0
98537 0
98544 0
98605 0
98632 0
98662 0
98694 0
98714 0
98894 0
98950 0
98966 0
98970 0
98985 0
99079 0
99083 0
99135 0
99143 0
99172 0
99176 0
99178 0
99203 0
99339 0
99541 0
99596 0
99792 0
99889 0
99890 0
99902 0
99941 0
99993 0
