c This is a uniform distributed  1-D DIMACS file 
c width height point_number
p 100000 100000 2048
105 0
106 0
156 0
204 0
316 0
387 0
389 0
427 0
452 0
479 0
534 0
545 0
564 0
584 0
623 0
683 0
791 0
812 0
819 0
842 0
865 0
884 0
913 0
928 0
963 0
990 0
1026 0
1109 0
1236 0
1360 0
1440 0
1511 0
1545 0
1610 0
1682 0
1691 0
1703 0
1775 0
1791 0
1867 0
2002 0
2010 0
2047 0
2247 0
2437 0
2460 0
2590 0
2615 0
2618 0
2632 0
2647 0
2677 0
2747 0
2768 0
2869 0
2894 0
3009 0
3118 0
3131 0
3209 0
3331 0
3335 0
3418 0
3454 0
3456 0
3526 0
3568 0
3625 0
3660 0
3692 0
3693 0
3699 0
3741 0
3811 0
3851 0
3987 0
4185 0
4350 0
4353 0
4356 0
4367 0
4404 0
4410 0
4414 0
4484 0
4490 0
4514 0
4521 0
4542 0
4588 0
4712 0
4738 0
4783 0
4845 0
4864 0
4971 0
5050 0
5057 0
5071 0
5080 0
5127 0
5137 0
5189 0
5346 0
5403 0
5442 0
5479 0
5498 0
5511 0
5599 0
5624 0
5725 0
5729 0
5770 0
5786 0
5787 0
5873 0
5898 0
5900 0
5915 0
5958 0
6029 0
6063 0
6086 0
6127 0
6143 0
6207 0
6219 0
6241 0
6261 0
6274 0
6301 0
6399 0
6469 0
6553 0
6689 0
6697 0
6705 0
6708 0
6721 0
6782 0
6828 0
6842 0
6885 0
6936 0
6978 0
7067 0
7094 0
7184 0
7243 0
7272 0
7297 0
7310 0
7312 0
7403 0
7567 0
7603 0
7676 0
7680 0
7688 0
7737 0
7743 0
7755 0
7925 0
7944 0
7947 0
7966 0
8051 0
8074 0
8090 0
8116 0
8218 0
8232 0
8261 0
8358 0
8370 0
8426 0
8480 0
8491 0
8559 0
8627 0
8678 0
8717 0
8780 0
8815 0
8856 0
8876 0
8936 0
8943 0
9013 0
9048 0
9128 0
9201 0
9257 0
9265 0
9430 0
9519 0
9533 0
9622 0
9633 0
9652 0
9691 0
9712 0
9740 0
9819 0
9851 0
9884 0
9929 0
9944 0
9948 0
10060 0
10111 0
10131 0
10213 0
10244 0
10368 0
10417 0
10467 0
10501 0
10581 0
10597 0
10836 0
10911 0
10962 0
11012 0
11016 0
11054 0
11069 0
11082 0
11122 0
11153 0
11198 0
11211 0
11239 0
11255 0
11291 0
11311 0
11451 0
11500 0
11521 0
11622 0
11660 0
11822 0
11845 0
11866 0
11885 0
11894 0
11935 0
11984 0
12006 0
12089 0
12090 0
12098 0
12288 0
12440 0
12503 0
12552 0
12572 0
12595 0
12639 0
12728 0
12749 0
12752 0
12990 0
13124 0
13168 0
13177 0
13248 0
13280 0
13333 0
13405 0
13485 0
13532 0
13540 0
13634 0
13720 0
13924 0
13937 0
14063 0
14064 0
14083 0
14276 0
14301 0
14319 0
14377 0
14385 0
14397 0
14403 0
14418 0
14452 0
14485 0
14588 0
14702 0
14713 0
14853 0
14914 0
14936 0
14996 0
15013 0
15053 0
15096 0
15120 0
15128 0
15147 0
15213 0
15223 0
15263 0
15266 0
15342 0
15346 0
15360 0
15413 0
15513 0
15530 0
15539 0
15563 0
15569 0
15633 0
15649 0
15727 0
15734 0
15745 0
15878 0
15964 0
16036 0
16077 0
16092 0
16143 0
16211 0
16237 0
16383 0
16386 0
16486 0
16535 0
16579 0
16603 0
16638 0
16702 0
16733 0
16748 0
16802 0
16842 0
16881 0
16895 0
16909 0
16940 0
16959 0
16994 0
17095 0
17114 0
17141 0
17151 0
17166 0
17205 0
17273 0
17277 0
17292 0
17299 0
17322 0
17330 0
17336 0
17371 0
17457 0
17528 0
17557 0
17652 0
17735 0
17888 0
18013 0
18150 0
18427 0
18434 0
18562 0
18603 0
18657 0
18790 0
18815 0
18866 0
18941 0
18974 0
18992 0
19007 0
19039 0
19098 0
19102 0
19133 0
19138 0
19194 0
19249 0
19270 0
19403 0
19425 0
19514 0
19549 0
19578 0
19639 0
19767 0
19864 0
19875 0
19907 0
20009 0
20047 0
20095 0
20206 0
20221 0
20362 0
20525 0
20647 0
20748 0
20779 0
20802 0
20842 0
20923 0
21066 0
21076 0
21298 0
21367 0
21426 0
21451 0
21476 0
21482 0
21533 0
21614 0
21631 0
21690 0
21702 0
21730 0
21736 0
21838 0
21868 0
21887 0
21911 0
21920 0
21927 0
21943 0
21979 0
21981 0
22002 0
22053 0
22055 0
22066 0
22084 0
22133 0
22209 0
22236 0
22258 0
22289 0
22388 0
22394 0
22620 0
22637 0
22689 0
22722 0
22814 0
22836 0
22883 0
22927 0
22940 0
23032 0
23080 0
23121 0
23192 0
23200 0
23208 0
23282 0
23309 0
23315 0
23346 0
23360 0
23375 0
23594 0
23741 0
23772 0
23784 0
24035 0
24091 0
24131 0
24224 0
24278 0
24332 0
24391 0
24443 0
24452 0
24507 0
24533 0
24565 0
24660 0
24698 0
24770 0
24801 0
24885 0
24915 0
24938 0
24947 0
24986 0
24989 0
24992 0
24995 0
25095 0
25105 0
25179 0
25286 0
25293 0
25297 0
25330 0
25350 0
25354 0
25355 0
25438 0
25483 0
25612 0
25622 0
25636 0
25681 0
25798 0
25828 0
25995 0
26006 0
26034 0
26059 0
26074 0
26088 0
26096 0
26118 0
26212 0
26341 0
26391 0
26427 0
26523 0
26566 0
26575 0
26590 0
26606 0
26723 0
26760 0
26763 0
26776 0
26824 0
26935 0
27024 0
27048 0
27147 0
27156 0
27158 0
27174 0
27188 0
27234 0
27235 0
27299 0
27312 0
27365 0
27440 0
27487 0
27548 0
27612 0
27821 0
27898 0
28020 0
28214 0
28460 0
28524 0
28556 0
28600 0
28609 0
28730 0
28746 0
28794 0
28820 0
28861 0
28905 0
28954 0
28967 0
29058 0
29081 0
29091 0
29106 0
29182 0
29305 0
29311 0
29313 0
29356 0
29385 0
29398 0
29473 0
29556 0
29637 0
29695 0
29836 0
30106 0
30138 0
30184 0
30208 0
30250 0
30297 0
30301 0
30354 0
30621 0
30672 0
30696 0
30732 0
30746 0
30765 0
30866 0
30874 0
30894 0
30928 0
30961 0
30995 0
31058 0
31135 0
31178 0
31186 0
31187 0
31199 0
31203 0
31342 0
31366 0
31438 0
31485 0
31493 0
31543 0
31594 0
31688 0
31721 0
31726 0
31783 0
31796 0
31901 0
31903 0
31919 0
32003 0
32152 0
32171 0
32276 0
32291 0
32341 0
32354 0
32405 0
32411 0
32425 0
32440 0
32494 0
32500 0
32525 0
32547 0
32556 0
32674 0
32716 0
32841 0
32864 0
32869 0
32993 0
33120 0
33158 0
33162 0
33219 0
33231 0
33261 0
33282 0
33301 0
33343 0
33362 0
33364 0
33451 0
33566 0
33797 0
33803 0
33849 0
33891 0
33936 0
33943 0
34002 0
34095 0
34150 0
34157 0
34161 0
34292 0
34332 0
34333 0
34411 0
34503 0
34618 0
34645 0
34648 0
34715 0
34803 0
34813 0
34825 0
34852 0
34913 0
34926 0
34939 0
34944 0
34953 0
34977 0
34981 0
34993 0
35038 0
35087 0
35117 0
35208 0
35220 0
35255 0
35384 0
35425 0
35472 0
35524 0
35574 0
35606 0
35640 0
35728 0
35760 0
35807 0
35919 0
35960 0
36003 0
36038 0
36271 0
36291 0
36333 0
36335 0
36340 0
36421 0
36450 0
36476 0
36491 0
36501 0
36516 0
36522 0
36531 0
36542 0
36718 0
36753 0
36807 0
36846 0
36909 0
36929 0
36945 0
36972 0
37126 0
37213 0
37271 0
37326 0
37334 0
37407 0
37428 0
37472 0
37508 0
37703 0
37707 0
37784 0
37870 0
37995 0
38000 0
38076 0
38093 0
38099 0
38191 0
38268 0
38294 0
38403 0
38406 0
38448 0
38483 0
38497 0
38570 0
38622 0
38680 0
38710 0
38717 0
38720 0
38745 0
38859 0
38878 0
38894 0
38987 0
39073 0
39096 0
39132 0
39149 0
39212 0
39308 0
39335 0
39354 0
39432 0
39458 0
39474 0
39576 0
39600 0
39608 0
39652 0
39669 0
39804 0
39811 0
39816 0
39835 0
39897 0
39920 0
39928 0
39986 0
39987 0
40004 0
40084 0
40127 0
40134 0
40154 0
40176 0
40304 0
40336 0
40597 0
40636 0
40924 0
41089 0
41185 0
41207 0
41241 0
41249 0
41258 0
41286 0
41352 0
41359 0
41395 0
41397 0
41425 0
41497 0
41522 0
41617 0
41625 0
41771 0
41795 0
41799 0
41849 0
41877 0
42026 0
42050 0
42068 0
42114 0
42129 0
42136 0
42191 0
42194 0
42226 0
42237 0
42368 0
42378 0
42419 0
42425 0
42438 0
42467 0
42513 0
42654 0
42698 0
42772 0
42912 0
42952 0
42973 0
43022 0
43131 0
43180 0
43196 0
43320 0
43340 0
43445 0
43476 0
43554 0
43573 0
43879 0
43905 0
43996 0
44082 0
44180 0
44225 0
44307 0
44312 0
44322 0
44378 0
44453 0
44457 0
44532 0
44535 0
44550 0
44559 0
44680 0
44730 0
44771 0
44776 0
44840 0
44868 0
44878 0
44912 0
44953 0
45095 0
45104 0
45111 0
45206 0
45265 0
45283 0
45288 0
45300 0
45326 0
45328 0
45408 0
45462 0
45607 0
45621 0
45704 0
45733 0
45766 0
45959 0
46008 0
46078 0
46082 0
46122 0
46149 0
46193 0
46294 0
46331 0
46358 0
46435 0
46488 0
46492 0
46559 0
46603 0
46637 0
46727 0
46768 0
46803 0
47120 0
47326 0
47329 0
47355 0
47385 0
47386 0
47401 0
47428 0
47622 0
47673 0
47681 0
47700 0
47764 0
47810 0
47813 0
47997 0
48091 0
48094 0
48115 0
48157 0
48174 0
48275 0
48285 0
48418 0
48460 0
48504 0
48516 0
48548 0
48566 0
48570 0
48671 0
48686 0
48695 0
48710 0
48789 0
48832 0
48840 0
48861 0
48886 0
48924 0
48974 0
48980 0
49086 0
49087 0
49090 0
49194 0
49304 0
49356 0
49404 0
49462 0
49508 0
49553 0
49630 0
49697 0
49811 0
49852 0
49856 0
49897 0
49951 0
49999 0
50003 0
50085 0
50100 0
50201 0
50223 0
50244 0
50248 0
50249 0
50273 0
50285 0
50287 0
50371 0
50372 0
50378 0
50416 0
50483 0
50523 0
50631 0
50672 0
50695 0
50725 0
50730 0
50757 0
50783 0
50791 0
50880 0
50891 0
51055 0
51090 0
51164 0
51172 0
51177 0
51278 0
51331 0
51349 0
51369 0
51399 0
51428 0
51479 0
51518 0
51563 0
51581 0
51618 0
51633 0
51643 0
51793 0
51794 0
51795 0
51797 0
51989 0
51996 0
52097 0
52199 0
52204 0
52235 0
52294 0
52340 0
52359 0
52387 0
52437 0
52521 0
52542 0
52556 0
52624 0
52730 0
52783 0
52804 0
52822 0
52860 0
52867 0
52882 0
52886 0
52895 0
53000 0
53005 0
53062 0
53112 0
53188 0
53195 0
53306 0
53313 0
53335 0
53385 0
53394 0
53431 0
53452 0
53453 0
53512 0
53611 0
53676 0
53809 0
53849 0
54016 0
54130 0
54134 0
54254 0
54282 0
54334 0
54337 0
54376 0
54382 0
54398 0
54431 0
54464 0
54603 0
54653 0
54666 0
54736 0
54795 0
54805 0
54868 0
54958 0
54977 0
54997 0
55025 0
55043 0
55093 0
55126 0
55153 0
55160 0
55174 0
55182 0
55193 0
55198 0
55212 0
55248 0
55282 0
55372 0
55412 0
55543 0
55687 0
55717 0
55749 0
55759 0
55799 0
55942 0
55989 0
56051 0
56114 0
56165 0
56189 0
56219 0
56384 0
56462 0
56547 0
56558 0
56572 0
56588 0
56649 0
56676 0
56710 0
56737 0
56769 0
56940 0
56946 0
56987 0
57022 0
57026 0
57096 0
57120 0
57128 0
57133 0
57150 0
57217 0
57222 0
57227 0
57283 0
57291 0
57292 0
57312 0
57355 0
57360 0
57463 0
57624 0
57632 0
57643 0
57761 0
57795 0
57904 0
58017 0
58021 0
58026 0
58143 0
58223 0
58265 0
58266 0
58269 0
58301 0
58316 0
58317 0
58321 0
58371 0
58383 0
58394 0
58396 0
58459 0
58539 0
58581 0
58674 0
58746 0
58781 0
58851 0
58854 0
58863 0
58913 0
58916 0
59010 0
59017 0
59058 0
59124 0
59139 0
59224 0
59348 0
59406 0
59418 0
59502 0
59563 0
59572 0
59710 0
59728 0
59758 0
59761 0
59861 0
59894 0
59913 0
59915 0
59968 0
60035 0
60047 0
60105 0
60250 0
60273 0
60285 0
60307 0
60321 0
60322 0
60352 0
60384 0
60486 0
60519 0
60632 0
60711 0
60748 0
60779 0
60829 0
60853 0
60863 0
60865 0
60942 0
60949 0
60980 0
60995 0
61107 0
61126 0
61160 0
61175 0
61183 0
61202 0
61242 0
61268 0
61284 0
61293 0
61304 0
61331 0
61382 0
61393 0
61446 0
61451 0
61470 0
61471 0
61515 0
61647 0
61652 0
61693 0
61708 0
61726 0
61728 0
61740 0
61770 0
61778 0
61898 0
61951 0
62046 0
62089 0
62225 0
62273 0
62426 0
62502 0
62588 0
62616 0
62640 0
62688 0
62689 0
62692 0
62698 0
62754 0
62815 0
62882 0
62925 0
62933 0
62937 0
62957 0
62998 0
63003 0
63011 0
63143 0
63218 0
63310 0
63344 0
63381 0
63418 0
63478 0
63557 0
63715 0
63765 0
63817 0
63834 0
63874 0
63896 0
63926 0
63938 0
64003 0
64028 0
64058 0
64075 0
64114 0
64167 0
64192 0
64247 0
64270 0
64282 0
64325 0
64380 0
64505 0
64591 0
64682 0
64713 0
64813 0
64911 0
65126 0
65252 0
65360 0
65528 0
65596 0
65600 0
65609 0
65610 0
65639 0
65727 0
65759 0
65798 0
65801 0
65812 0
65838 0
65875 0
65882 0
65924 0
65994 0
66003 0
66027 0
66091 0
66160 0
66173 0
66254 0
66310 0
66350 0
66353 0
66361 0
66466 0
66474 0
66521 0
66580 0
66616 0
66692 0
66694 0
66807 0
66911 0
66925 0
67030 0
67145 0
67160 0
67168 0
67184 0
67185 0
67231 0
67289 0
67307 0
67382 0
67403 0
67423 0
67428 0
67595 0
67632 0
67643 0
67728 0
67801 0
67875 0
67980 0
67991 0
68011 0
68044 0
68265 0
68300 0
68321 0
68368 0
68441 0
68465 0
68484 0
68512 0
68531 0
68542 0
68618 0
68624 0
68653 0
68720 0
68722 0
68799 0
68803 0
68940 0
69021 0
69059 0
69075 0
69097 0
69265 0
69348 0
69361 0
69398 0
69460 0
69522 0
69548 0
69680 0
69724 0
69759 0
69846 0
69870 0
69878 0
69965 0
70010 0
70053 0
70055 0
70182 0
70309 0
70462 0
70485 0
70505 0
70512 0
70567 0
70631 0
70635 0
70683 0
70700 0
70758 0
70810 0
70840 0
70858 0
70973 0
71014 0
71172 0
71199 0
71229 0
71286 0
71299 0
71320 0
71345 0
71349 0
71363 0
71429 0
71452 0
71474 0
71485 0
71553 0
71560 0
71581 0
71602 0
71667 0
71715 0
71866 0
71964 0
72038 0
72116 0
72124 0
72182 0
72260 0
72268 0
72292 0
72351 0
72428 0
72457 0
72482 0
72493 0
72565 0
72580 0
72631 0
72645 0
72646 0
72876 0
72894 0
72904 0
72948 0
72979 0
73010 0
73114 0
73141 0
73210 0
73242 0
73330 0
73351 0
73359 0
73363 0
73364 0
73427 0
73491 0
73568 0
73592 0
73681 0
73702 0
73707 0
73749 0
73873 0
73876 0
73879 0
73964 0
73988 0
73989 0
74022 0
74037 0
74113 0
74117 0
74119 0
74178 0
74243 0
74271 0
74287 0
74354 0
74369 0
74508 0
74550 0
74561 0
74606 0
74696 0
74736 0
74761 0
74788 0
74796 0
74818 0
74880 0
74977 0
75040 0
75043 0
75070 0
75102 0
75156 0
75173 0
75182 0
75191 0
75310 0
75316 0
75326 0
75330 0
75422 0
75446 0
75477 0
75506 0
75522 0
75637 0
75648 0
75699 0
75805 0
75813 0
75865 0
75926 0
75932 0
76001 0
76009 0
76040 0
76092 0
76096 0
76163 0
76181 0
76234 0
76326 0
76436 0
76478 0
76480 0
76534 0
76565 0
76585 0
76643 0
76707 0
76769 0
76787 0
76940 0
76972 0
76988 0
77064 0
77124 0
77225 0
77226 0
77425 0
77477 0
77479 0
77491 0
77904 0
77929 0
77992 0
78037 0
78045 0
78153 0
78172 0
78201 0
78221 0
78248 0
78254 0
78275 0
78307 0
78325 0
78346 0
78364 0
78409 0
78419 0
78477 0
78515 0
78516 0
78640 0
78645 0
78777 0
78779 0
78788 0
78851 0
78885 0
78907 0
78948 0
78988 0
78993 0
79028 0
79043 0
79178 0
79182 0
79199 0
79281 0
79294 0
79335 0
79337 0
79408 0
79487 0
79557 0
79567 0
79667 0
79858 0
79895 0
79903 0
79952 0
79959 0
79983 0
80018 0
80076 0
80112 0
80139 0
80304 0
80326 0
80387 0
80598 0
80610 0
80617 0
80686 0
80690 0
80747 0
80776 0
80793 0
80818 0
80833 0
80885 0
80929 0
80935 0
80995 0
81133 0
81250 0
81260 0
81279 0
81284 0
81294 0
81345 0
81352 0
81392 0
81398 0
81419 0
81488 0
81547 0
81617 0
81668 0
81728 0
81733 0
81765 0
81800 0
81844 0
81881 0
82032 0
82108 0
82159 0
82191 0
82319 0
82472 0
82569 0
82570 0
82572 0
82575 0
82598 0
82613 0
82615 0
82656 0
82673 0
82799 0
82833 0
82867 0
82871 0
82940 0
83020 0
83030 0
83061 0
83109 0
83178 0
83180 0
83312 0
83322 0
83336 0
83357 0
83370 0
83388 0
83451 0
83542 0
83569 0
83572 0
83628 0
83643 0
83718 0
83996 0
84009 0
84162 0
84186 0
84193 0
84274 0
84275 0
84285 0
84373 0
84404 0
84446 0
84473 0
84582 0
84596 0
84659 0
84743 0
84808 0
84876 0
84913 0
84950 0
84965 0
85111 0
85124 0
85125 0
85138 0
85208 0
85214 0
85250 0
85282 0
85351 0
85372 0
85416 0
85520 0
85551 0
85575 0
85597 0
85668 0
85676 0
85680 0
85775 0
85815 0
85859 0
85939 0
85967 0
86095 0
86119 0
86181 0
86200 0
86222 0
86243 0
86381 0
86431 0
86455 0
86463 0
86546 0
86642 0
86644 0
86656 0
86657 0
86705 0
86785 0
86808 0
86842 0
86853 0
86926 0
87030 0
87048 0
87069 0
87077 0
87116 0
87239 0
87247 0
87323 0
87354 0
87421 0
87435 0
87521 0
87524 0
87580 0
87620 0
87626 0
87636 0
87662 0
87684 0
87720 0
87762 0
87812 0
87891 0
87892 0
87988 0
87994 0
88140 0
88173 0
88194 0
88218 0
88234 0
88258 0
88313 0
88350 0
88381 0
88385 0
88389 0
88422 0
88424 0
88474 0
88511 0
88519 0
88703 0
88838 0
88902 0
88925 0
88954 0
88985 0
89058 0
89061 0
89080 0
89138 0
89199 0
89257 0
89283 0
89298 0
89301 0
89372 0
89383 0
89401 0
89461 0
89512 0
89519 0
89606 0
89614 0
89680 0
89840 0
89858 0
90194 0
90273 0
90300 0
90363 0
90487 0
90500 0
90591 0
90619 0
90629 0
90654 0
90670 0
90673 0
90683 0
90697 0
90721 0
90749 0
90795 0
90872 0
90886 0
90896 0
90897 0
90909 0
91047 0
91081 0
91115 0
91145 0
91225 0
91276 0
91293 0
91315 0
91333 0
91334 0
91364 0
91496 0
91510 0
91544 0
91567 0
91595 0
91714 0
91747 0
91775 0
91908 0
92007 0
92042 0
92105 0
92219 0
92296 0
92304 0
92312 0
92335 0
92357 0
92412 0
92580 0
92582 0
92612 0
92641 0
92647 0
92889 0
92919 0
92928 0
92957 0
92973 0
93063 0
93100 0
93107 0
93129 0
93166 0
93181 0
93185 0
93208 0
93210 0
93239 0
93381 0
93400 0
93429 0
93447 0
93506 0
93548 0
93638 0
93661 0
93703 0
93752 0
93768 0
93778 0
93837 0
93921 0
93924 0
93944 0
93968 0
94040 0
94051 0
94067 0
94099 0
94106 0
94132 0
94285 0
94365 0
94373 0
94411 0
94441 0
94493 0
94497 0
94503 0
94521 0
94587 0
94593 0
94633 0
94714 0
94828 0
94851 0
94955 0
94970 0
95036 0
95104 0
95150 0
95225 0
95346 0
95359 0
95538 0
95556 0
95609 0
95615 0
95632 0
95773 0
95792 0
95839 0
95905 0
95971 0
96129 0
96163 0
96187 0
96214 0
96220 0
96240 0
96253 0
96311 0
96418 0
96441 0
96445 0
96462 0
96736 0
96739 0
96747 0
97003 0
97190 0
97191 0
97228 0
97275 0
97296 0
97349 0
97424 0
97478 0
97509 0
97691 0
97692 0
97807 0
97815 0
97831 0
98010 0
98037 0
98066 0
98094 0
98140 0
98178 0
98183 0
98222 0
98259 0
98305 0
98353 0
98369 0
98393 0
98457 0
98587 0
98609 0
98637 0
98670 0
98756 0
98778 0
98825 0
99026 0
99085 0
99108 0
99260 0
99378 0
99460 0
99555 0
99589 0
99661 0
99696 0
99821 0
99838 0
99882 0
99883 0
