c This is a uniform distributed  1-D DIMACS file 
c width height point_number
p 100000 100000 2048
105 0
108 0
112 0
131 0
160 0
175 0
196 0
204 0
281 0
298 0
326 0
342 0
344 0
451 0
511 0
516 0
522 0
558 0
565 0
712 0
728 0
817 0
896 0
906 0
1059 0
1101 0
1103 0
1105 0
1106 0
1160 0
1185 0
1209 0
1210 0
1302 0
1326 0
1354 0
1364 0
1389 0
1406 0
1435 0
1461 0
1482 0
1507 0
1548 0
1553 0
1612 0
1695 0
1705 0
1728 0
1743 0
1750 0
1799 0
1804 0
1848 0
1857 0
1882 0
1947 0
1972 0
1975 0
2102 0
2164 0
2262 0
2300 0
2323 0
2339 0
2540 0
2579 0
2637 0
2644 0
2673 0
2713 0
2719 0
2759 0
2817 0
2824 0
2856 0
2957 0
2971 0
3045 0
3046 0
3126 0
3161 0
3204 0
3229 0
3277 0
3320 0
3325 0
3349 0
3406 0
3478 0
3524 0
3559 0
3613 0
3696 0
3717 0
3864 0
3883 0
3931 0
3940 0
3956 0
4000 0
4005 0
4096 0
4132 0
4203 0
4247 0
4297 0
4322 0
4481 0
4530 0
4589 0
4708 0
4822 0
4859 0
4864 0
4889 0
4905 0
4933 0
4957 0
4963 0
4968 0
5070 0
5128 0
5166 0
5212 0
5261 0
5268 0
5388 0
5426 0
5464 0
5481 0
5503 0
5680 0
5699 0
5747 0
6064 0
6228 0
6244 0
6338 0
6351 0
6393 0
6416 0
6465 0
6522 0
6541 0
6557 0
6611 0
6651 0
6737 0
6740 0
6753 0
6831 0
6839 0
6845 0
6846 0
6906 0
7071 0
7120 0
7141 0
7148 0
7149 0
7226 0
7405 0
7420 0
7539 0
7549 0
7553 0
7566 0
7589 0
7810 0
7832 0
7881 0
7941 0
7977 0
7999 0
8032 0
8067 0
8114 0
8122 0
8179 0
8270 0
8319 0
8354 0
8468 0
8522 0
8552 0
8618 0
8683 0
8753 0
8770 0
8776 0
8949 0
8966 0
9036 0
9164 0
9193 0
9194 0
9227 0
9282 0
9298 0
9368 0
9372 0
9560 0
9769 0
9774 0
9868 0
9985 0
9990 0
10005 0
10019 0
10132 0
10207 0
10253 0
10318 0
10426 0
10432 0
10505 0
10599 0
10640 0
10646 0
10673 0
10693 0
10797 0
10828 0
10845 0
10883 0
11112 0
11177 0
11232 0
11245 0
11321 0
11413 0
11512 0
11558 0
11630 0
11631 0
11691 0
11695 0
11696 0
11801 0
11930 0
12014 0
12076 0
12087 0
12180 0
12305 0
12317 0
12368 0
12398 0
12426 0
12449 0
12456 0
12473 0
12520 0
12609 0
12804 0
12826 0
12831 0
12857 0
12897 0
12968 0
13010 0
13049 0
13056 0
13105 0
13108 0
13228 0
13261 0
13271 0
13322 0
13478 0
13490 0
13494 0
13511 0
13517 0
13547 0
13550 0
13603 0
13662 0
13709 0
13717 0
13727 0
13808 0
13832 0
13847 0
13875 0
13895 0
13912 0
13920 0
13930 0
13937 0
13996 0
14261 0
14280 0
14295 0
14582 0
14676 0
14788 0
14799 0
14831 0
14896 0
14955 0
14972 0
15005 0
15053 0
15107 0
15121 0
15172 0
15223 0
15245 0
15267 0
15274 0
15278 0
15307 0
15398 0
15426 0
15435 0
15446 0
15451 0
15465 0
15476 0
15552 0
15578 0
15611 0
15645 0
15651 0
15724 0
15763 0
15766 0
15921 0
15931 0
15936 0
15941 0
15960 0
16046 0
16069 0
16122 0
16196 0
16251 0
16315 0
16362 0
16373 0
16464 0
16470 0
16508 0
16657 0
16661 0
16794 0
16844 0
16848 0
16857 0
16958 0
17027 0
17176 0
17259 0
17276 0
17346 0
17361 0
17368 0
17416 0
17456 0
17462 0
17632 0
17692 0
17715 0
17729 0
17793 0
17806 0
17870 0
17891 0
17954 0
17959 0
18032 0
18091 0
18195 0
18197 0
18199 0
18225 0
18318 0
18338 0
18400 0
18419 0
18421 0
18546 0
18669 0
18670 0
18785 0
18874 0
18914 0
18921 0
18942 0
18979 0
18985 0
18991 0
19028 0
19041 0
19047 0
19051 0
19126 0
19129 0
19133 0
19163 0
19241 0
19260 0
19274 0
19379 0
19415 0
19438 0
19486 0
19519 0
19525 0
19533 0
19592 0
19630 0
19654 0
19667 0
19688 0
19706 0
19722 0
19779 0
19805 0
19811 0
19816 0
19841 0
19846 0
19872 0
19938 0
19973 0
20012 0
20059 0
20067 0
20219 0
20269 0
20309 0
20366 0
20394 0
20455 0
20572 0
20585 0
20605 0
20610 0
20649 0
20753 0
20793 0
20858 0
20899 0
21079 0
21136 0
21168 0
21180 0
21367 0
21438 0
21451 0
21507 0
21513 0
21590 0
21645 0
21664 0
21732 0
21873 0
21885 0
21912 0
21957 0
22068 0
22142 0
22211 0
22243 0
22249 0
22331 0
22482 0
22515 0
22521 0
22550 0
22611 0
22637 0
22748 0
22895 0
22976 0
23059 0
23060 0
23094 0
23402 0
23462 0
23531 0
23554 0
23657 0
23659 0
23660 0
23716 0
23747 0
23779 0
23843 0
23900 0
23936 0
23995 0
24009 0
24019 0
24080 0
24215 0
24217 0
24243 0
24269 0
24318 0
24361 0
24455 0
24488 0
24600 0
24707 0
24709 0
24783 0
24843 0
24853 0
24898 0
24926 0
24954 0
24959 0
24977 0
25010 0
25039 0
25052 0
25186 0
25252 0
25344 0
25369 0
25393 0
25550 0
25592 0
25683 0
25698 0
25723 0
25752 0
25783 0
25809 0
25841 0
25919 0
25970 0
26004 0
26044 0
26082 0
26119 0
26137 0
26163 0
26168 0
26293 0
26358 0
26403 0
26537 0
26627 0
26629 0
26639 0
26716 0
26745 0
26765 0
26773 0
26913 0
26931 0
26935 0
26939 0
27080 0
27189 0
27205 0
27231 0
27266 0
27288 0
27294 0
27339 0
27357 0
27418 0
27472 0
27480 0
27596 0
27606 0
27674 0
27710 0
27728 0
27809 0
27837 0
27992 0
28059 0
28065 0
28088 0
28090 0
28124 0
28172 0
28176 0
28209 0
28234 0
28236 0
28281 0
28309 0
28517 0
28613 0
28646 0
28648 0
28845 0
28855 0
28872 0
28907 0
28909 0
28964 0
29014 0
29054 0
29151 0
29263 0
29450 0
29505 0
29555 0
29581 0
29635 0
29713 0
29795 0
29863 0
29884 0
30005 0
30017 0
30049 0
30120 0
30214 0
30306 0
30403 0
30573 0
30589 0
30590 0
30719 0
30811 0
30814 0
30846 0
30900 0
30967 0
31013 0
31022 0
31049 0
31063 0
31081 0
31145 0
31149 0
31159 0
31167 0
31179 0
31322 0
31344 0
31345 0
31412 0
31430 0
31445 0
31480 0
31484 0
31491 0
31507 0
31551 0
31567 0
31662 0
31736 0
31738 0
31803 0
31871 0
31921 0
31931 0
32055 0
32063 0
32069 0
32193 0
32195 0
32266 0
32303 0
32322 0
32417 0
32427 0
32629 0
32650 0
32801 0
32858 0
32929 0
32947 0
33018 0
33034 0
33099 0
33183 0
33197 0
33207 0
33240 0
33273 0
33384 0
33437 0
33473 0
33528 0
33535 0
33547 0
33651 0
33665 0
33798 0
33813 0
33961 0
34013 0
34042 0
34093 0
34096 0
34267 0
34330 0
34344 0
34347 0
34357 0
34396 0
34455 0
34542 0
34545 0
34601 0
34630 0
34695 0
34735 0
34792 0
34804 0
34817 0
34872 0
34875 0
35039 0
35119 0
35187 0
35202 0
35261 0
35324 0
35344 0
35386 0
35421 0
35532 0
35560 0
35561 0
35563 0
35566 0
35586 0
35599 0
35693 0
35695 0
35895 0
35943 0
35949 0
35980 0
36069 0
36144 0
36158 0
36286 0
36322 0
36420 0
36455 0
36478 0
36490 0
36538 0
36540 0
36547 0
36558 0
36576 0
36698 0
36721 0
36731 0
36762 0
36768 0
36827 0
36894 0
36909 0
37000 0
37055 0
37058 0
37087 0
37108 0
37116 0
37140 0
37238 0
37263 0
37391 0
37415 0
37501 0
37531 0
37601 0
37703 0
37761 0
37765 0
37775 0
37804 0
37832 0
37836 0
37971 0
37997 0
38016 0
38024 0
38134 0
38164 0
38169 0
38282 0
38351 0
38403 0
38436 0
38440 0
38442 0
38445 0
38459 0
38493 0
38554 0
38657 0
38681 0
38715 0
38724 0
38749 0
38852 0
38865 0
38870 0
38873 0
38915 0
39064 0
39084 0
39163 0
39245 0
39298 0
39306 0
39361 0
39405 0
39420 0
39478 0
39502 0
39709 0
39731 0
39734 0
39894 0
39913 0
39941 0
39957 0
39985 0
40028 0
40031 0
40091 0
40106 0
40170 0
40211 0
40257 0
40268 0
40271 0
40308 0
40336 0
40439 0
40482 0
40545 0
40591 0
40770 0
40806 0
40815 0
40874 0
40944 0
41057 0
41086 0
41134 0
41159 0
41227 0
41238 0
41349 0
41451 0
41489 0
41491 0
41800 0
41872 0
41912 0
41981 0
42045 0
42125 0
42227 0
42245 0
42284 0
42373 0
42395 0
42408 0
42424 0
42470 0
42475 0
42485 0
42547 0
42587 0
42599 0
42634 0
42642 0
42649 0
42672 0
42680 0
42692 0
42797 0
42891 0
42922 0
42935 0
42989 0
43020 0
43040 0
43069 0
43094 0
43186 0
43220 0
43237 0
43261 0
43299 0
43455 0
43703 0
43762 0
43784 0
43803 0
43849 0
43939 0
44026 0
44048 0
44115 0
44144 0
44225 0
44490 0
44514 0
44553 0
44589 0
44598 0
44604 0
44660 0
44706 0
44712 0
44776 0
44837 0
44856 0
44875 0
44882 0
44953 0
44983 0
45056 0
45072 0
45150 0
45160 0
45264 0
45308 0
45312 0
45340 0
45356 0
45360 0
45409 0
45423 0
45435 0
45494 0
45495 0
45508 0
45526 0
45703 0
45715 0
45783 0
45802 0
45869 0
45877 0
45908 0
45942 0
45944 0
46026 0
46081 0
46153 0
46178 0
46216 0
46235 0
46237 0
46251 0
46304 0
46307 0
46330 0
46411 0
46460 0
46580 0
46600 0
46683 0
46754 0
46804 0
46825 0
46855 0
46942 0
46992 0
47112 0
47169 0
47220 0
47277 0
47306 0
47337 0
47407 0
47572 0
47581 0
47599 0
47628 0
47630 0
47651 0
47671 0
47697 0
47752 0
47768 0
47821 0
47839 0
47874 0
47891 0
47903 0
47905 0
47922 0
47997 0
48040 0
48131 0
48162 0
48191 0
48217 0
48244 0
48345 0
48374 0
48377 0
48394 0
48440 0
48471 0
48592 0
48604 0
48611 0
48633 0
48664 0
48722 0
48763 0
48764 0
48770 0
48780 0
48908 0
49006 0
49015 0
49076 0
49082 0
49084 0
49343 0
49528 0
49555 0
49586 0
49614 0
49622 0
49640 0
49652 0
49661 0
49687 0
49763 0
49776 0
49792 0
49846 0
49853 0
49921 0
49955 0
49969 0
49987 0
49991 0
50029 0
50076 0
50100 0
50115 0
50203 0
50368 0
50388 0
50434 0
50446 0
50476 0
50519 0
50532 0
50566 0
50612 0
50697 0
50741 0
50808 0
50813 0
50849 0
50851 0
50879 0
50890 0
50927 0
50953 0
51047 0
51111 0
51144 0
51210 0
51330 0
51388 0
51451 0
51465 0
51467 0
51540 0
51570 0
51576 0
51604 0
51613 0
51648 0
51832 0
51950 0
51975 0
51983 0
52048 0
52081 0
52104 0
52112 0
52275 0
52289 0
52342 0
52420 0
52462 0
52543 0
52549 0
52622 0
52639 0
52675 0
52718 0
52821 0
52824 0
52853 0
52886 0
52889 0
52977 0
52999 0
53035 0
53136 0
53259 0
53302 0
53333 0
53341 0
53359 0
53381 0
53418 0
53524 0
53546 0
53560 0
53752 0
53769 0
53787 0
53809 0
53822 0
54133 0
54253 0
54291 0
54412 0
54421 0
54450 0
54495 0
54572 0
54600 0
54630 0
54654 0
54662 0
54668 0
54728 0
54790 0
54798 0
54828 0
54854 0
54920 0
54973 0
54988 0
55071 0
55148 0
55170 0
55175 0
55187 0
55216 0
55350 0
55379 0
55424 0
55490 0
55551 0
55622 0
55663 0
55685 0
55690 0
55787 0
55821 0
55827 0
55841 0
55936 0
56029 0
56108 0
56174 0
56224 0
56253 0
56260 0
56301 0
56307 0
56345 0
56346 0
56372 0
56457 0
56471 0
56507 0
56522 0
56577 0
56595 0
56598 0
56623 0
56650 0
56667 0
56724 0
56827 0
56850 0
56854 0
56866 0
56876 0
56971 0
57034 0
57049 0
57095 0
57142 0
57153 0
57159 0
57234 0
57243 0
57279 0
57388 0
57393 0
57440 0
57590 0
57628 0
57632 0
57717 0
57758 0
58020 0
58030 0
58223 0
58285 0
58466 0
58497 0
58590 0
58621 0
58658 0
58682 0
58730 0
58774 0
58889 0
58895 0
58946 0
59008 0
59010 0
59056 0
59079 0
59129 0
59204 0
59303 0
59376 0
59400 0
59473 0
59657 0
59671 0
59684 0
59685 0
59694 0
59797 0
59819 0
59873 0
59975 0
59998 0
60005 0
60132 0
60192 0
60272 0
60285 0
60334 0
60377 0
60597 0
60672 0
60681 0
60743 0
60755 0
60871 0
60882 0
60990 0
61038 0
61123 0
61139 0
61177 0
61200 0
61217 0
61397 0
61582 0
61595 0
61618 0
61653 0
61678 0
61681 0
61815 0
61834 0
61865 0
61870 0
61979 0
61999 0
62051 0
62057 0
62074 0
62096 0
62121 0
62141 0
62190 0
62228 0
62261 0
62272 0
62280 0
62290 0
62327 0
62432 0
62450 0
62560 0
62563 0
62569 0
62601 0
62674 0
62754 0
62799 0
62848 0
62953 0
62962 0
62998 0
63017 0
63122 0
63137 0
63149 0
63162 0
63232 0
63419 0
63422 0
63424 0
63431 0
63467 0
63519 0
63584 0
63644 0
63693 0
63698 0
63743 0
63853 0
63916 0
63972 0
63993 0
64008 0
64013 0
64114 0
64126 0
64146 0
64256 0
64270 0
64286 0
64287 0
64439 0
64758 0
64786 0
64842 0
64899 0
64919 0
64989 0
65062 0
65096 0
65238 0
65309 0
65346 0
65455 0
65469 0
65470 0
65476 0
65503 0
65520 0
65536 0
65553 0
65625 0
65640 0
65660 0
65681 0
65708 0
65804 0
65807 0
65828 0
65831 0
65843 0
65890 0
65959 0
66100 0
66153 0
66251 0
66264 0
66285 0
66314 0
66383 0
66412 0
66467 0
66490 0
66647 0
66737 0
66748 0
66752 0
66758 0
66820 0
66889 0
66910 0
66961 0
67039 0
67070 0
67117 0
67176 0
67177 0
67198 0
67273 0
67315 0
67316 0
67326 0
67428 0
67455 0
67459 0
67481 0
67495 0
67537 0
67538 0
67730 0
67814 0
67825 0
67894 0
67897 0
68006 0
68128 0
68142 0
68241 0
68279 0
68297 0
68310 0
68350 0
68439 0
68444 0
68604 0
68721 0
68764 0
68787 0
68866 0
68949 0
69046 0
69051 0
69125 0
69152 0
69291 0
69337 0
69391 0
69392 0
69437 0
69464 0
69503 0
69507 0
69516 0
69517 0
69540 0
69588 0
69600 0
69622 0
69661 0
69665 0
69692 0
69699 0
69717 0
69858 0
69885 0
69896 0
70182 0
70204 0
70232 0
70332 0
70397 0
70436 0
70519 0
70687 0
70794 0
70940 0
71045 0
71136 0
71202 0
71207 0
71219 0
71357 0
71370 0
71390 0
71401 0
71509 0
71511 0
71534 0
71544 0
71559 0
71571 0
71666 0
71783 0
71789 0
71989 0
72113 0
72127 0
72157 0
72190 0
72201 0
72221 0
72244 0
72256 0
72269 0
72299 0
72357 0
72447 0
72518 0
72585 0
72615 0
72629 0
72704 0
72823 0
72923 0
72943 0
73207 0
73377 0
73390 0
73577 0
73581 0
73832 0
73925 0
73992 0
74032 0
74033 0
74050 0
74106 0
74148 0
74312 0
74403 0
74522 0
74567 0
74660 0
74673 0
74734 0
74749 0
74784 0
74792 0
74828 0
74835 0
74853 0
74866 0
74892 0
74936 0
74951 0
75095 0
75096 0
75212 0
75245 0
75259 0
75284 0
75332 0
75339 0
75358 0
75461 0
75498 0
75507 0
75539 0
75554 0
75616 0
75642 0
75652 0
75674 0
75701 0
75729 0
75788 0
75827 0
75936 0
76124 0
76203 0
76224 0
76381 0
76396 0
76424 0
76482 0
76495 0
76643 0
76691 0
76718 0
76729 0
76761 0
76885 0
76950 0
76963 0
77007 0
77009 0
77036 0
77060 0
77080 0
77126 0
77207 0
77218 0
77228 0
77358 0
77379 0
77449 0
77523 0
77541 0
77568 0
77623 0
77633 0
77720 0
77747 0
77777 0
77882 0
78016 0
78026 0
78200 0
78248 0
78253 0
78278 0
78293 0
78336 0
78403 0
78423 0
78449 0
78455 0
78578 0
78592 0
78683 0
78690 0
78716 0
78790 0
78940 0
78942 0
78948 0
78955 0
79010 0
79095 0
79110 0
79134 0
79141 0
79209 0
79293 0
79332 0
79369 0
79388 0
79443 0
79500 0
79555 0
79673 0
79711 0
79725 0
79926 0
80065 0
80084 0
80090 0
80143 0
80144 0
80213 0
80236 0
80238 0
80293 0
80309 0
80343 0
80398 0
80479 0
80567 0
80741 0
80782 0
80834 0
80866 0
80875 0
81053 0
81075 0
81083 0
81091 0
81106 0
81162 0
81184 0
81188 0
81238 0
81327 0
81345 0
81507 0
81595 0
81611 0
81658 0
81661 0
81674 0
81791 0
81796 0
81831 0
81845 0
81924 0
81978 0
81992 0
82004 0
82023 0
82062 0
82085 0
82088 0
82091 0
82100 0
82166 0
82224 0
82230 0
82252 0
82300 0
82400 0
82404 0
82561 0
82612 0
82838 0
82879 0
82890 0
82896 0
82905 0
82972 0
82993 0
82997 0
83009 0
83035 0
83102 0
83152 0
83202 0
83307 0
83356 0
83370 0
83476 0
83533 0
83556 0
83600 0
83689 0
83726 0
83939 0
83952 0
83960 0
84018 0
84040 0
84144 0
84244 0
84459 0
84575 0
84613 0
84633 0
84649 0
84695 0
84735 0
84767 0
84856 0
84928 0
84987 0
85094 0
85123 0
85193 0
85196 0
85258 0
85271 0
85333 0
85358 0
85382 0
85413 0
85444 0
85494 0
85593 0
85601 0
85608 0
85620 0
85658 0
85695 0
85825 0
85843 0
85983 0
86095 0
86096 0
86145 0
86211 0
86268 0
86288 0
86398 0
86400 0
86419 0
86460 0
86550 0
86624 0
86651 0
86690 0
86737 0
86823 0
86826 0
86871 0
86890 0
86894 0
86970 0
86995 0
87014 0
87025 0
87051 0
87342 0
87397 0
87472 0
87513 0
87519 0
87561 0
87605 0
87661 0
87700 0
87937 0
87953 0
88060 0
88063 0
88124 0
88161 0
88270 0
88277 0
88366 0
88403 0
88444 0
88504 0
88611 0
88647 0
88703 0
88731 0
88736 0
88789 0
88805 0
88806 0
88863 0
88933 0
89031 0
89045 0
89072 0
89075 0
89078 0
89117 0
89185 0
89221 0
89275 0
89403 0
89479 0
89488 0
89528 0
89692 0
89706 0
89745 0
89960 0
90004 0
90050 0
90070 0
90074 0
90125 0
90139 0
90154 0
90177 0
90227 0
90249 0
90413 0
90472 0
90485 0
90495 0
90504 0
90525 0
90551 0
90632 0
90690 0
90705 0
90772 0
90773 0
90784 0
91045 0
91054 0
91101 0
91178 0
91299 0
91411 0
91436 0
91446 0
91449 0
91454 0
91466 0
91497 0
91507 0
91621 0
91707 0
91727 0
91740 0
91827 0
91886 0
91933 0
91994 0
92010 0
92055 0
92146 0
92159 0
92219 0
92231 0
92241 0
92259 0
92267 0
92296 0
92343 0
92416 0
92441 0
92468 0
92499 0
92609 0
92673 0
92703 0
92764 0
92788 0
92852 0
92863 0
92920 0
92994 0
93136 0
93140 0
93143 0
93162 0
93176 0
93190 0
93309 0
93398 0
93411 0
93506 0
93636 0
93685 0
93765 0
93773 0
93800 0
93822 0
93846 0
93855 0
93949 0
94025 0
94050 0
94052 0
94061 0
94088 0
94091 0
94390 0
94419 0
94434 0
94524 0
94562 0
94615 0
94654 0
94704 0
94747 0
94837 0
94847 0
94928 0
94985 0
95040 0
95113 0
95116 0
95167 0
95173 0
95243 0
95287 0
95296 0
95304 0
95326 0
95405 0
95632 0
95664 0
95687 0
95689 0
95738 0
95744 0
95863 0
95873 0
95966 0
95968 0
96031 0
96104 0
96112 0
96122 0
96138 0
96172 0
96208 0
96216 0
96285 0
96312 0
96353 0
96368 0
96409 0
96438 0
96508 0
96529 0
96572 0
96700 0
96748 0
96835 0
96856 0
96931 0
96949 0
96994 0
96998 0
97031 0
97070 0
97072 0
97110 0
97132 0
97153 0
97166 0
97167 0
97327 0
97328 0
97332 0
97350 0
97485 0
97522 0
97529 0
97541 0
97544 0
97551 0
97622 0
97647 0
97676 0
97710 0
97718 0
97742 0
97785 0
97958 0
97994 0
98054 0
98074 0
98117 0
98147 0
98201 0
98218 0
98240 0
98311 0
98408 0
98426 0
98432 0
98444 0
98476 0
98493 0
98513 0
98627 0
98686 0
98711 0
98852 0
98866 0
98882 0
98909 0
99000 0
99007 0
99113 0
99128 0
99134 0
99171 0
99289 0
99310 0
99337 0
99468 0
99473 0
99474 0
99475 0
99509 0
99560 0
99616 0
99624 0
99704 0
99706 0
99729 0
99845 0
99890 0
99909 0
99940 0
