c This is a uniform distributed  1-D DIMACS file 
c width height point_number
p 100000 100000 2048
34 0
55 0
122 0
130 0
168 0
190 0
224 0
289 0
379 0
534 0
543 0
623 0
634 0
719 0
756 0
780 0
848 0
884 0
940 0
1015 0
1030 0
1099 0
1135 0
1141 0
1225 0
1258 0
1343 0
1365 0
1412 0
1414 0
1429 0
1470 0
1621 0
1636 0
1644 0
1650 0
1666 0
1676 0
1872 0
1878 0
1904 0
1909 0
1916 0
1922 0
1933 0
1935 0
1976 0
1992 0
2068 0
2102 0
2126 0
2155 0
2161 0
2204 0
2219 0
2312 0
2328 0
2383 0
2396 0
2398 0
2488 0
2537 0
2567 0
2617 0
2648 0
2661 0
2785 0
2807 0
2815 0
2864 0
2902 0
3040 0
3064 0
3097 0
3131 0
3175 0
3207 0
3244 0
3342 0
3372 0
3463 0
3515 0
3575 0
3579 0
3619 0
3629 0
3687 0
3794 0
3804 0
3828 0
3863 0
3882 0
3983 0
4033 0
4087 0
4177 0
4197 0
4226 0
4289 0
4346 0
4361 0
4373 0
4442 0
4492 0
4615 0
4691 0
4699 0
4718 0
4725 0
4726 0
4753 0
4781 0
4792 0
4897 0
4951 0
4956 0
4990 0
5031 0
5060 0
5144 0
5191 0
5225 0
5246 0
5334 0
5361 0
5377 0
5429 0
5457 0
5537 0
5554 0
5560 0
5565 0
5625 0
5743 0
5803 0
5834 0
5877 0
5904 0
6039 0
6060 0
6066 0
6119 0
6124 0
6153 0
6198 0
6339 0
6371 0
6390 0
6409 0
6453 0
6472 0
6538 0
6554 0
6617 0
6619 0
6644 0
6742 0
6872 0
6892 0
6938 0
6947 0
6973 0
7138 0
7178 0
7190 0
7353 0
7486 0
7546 0
7643 0
7653 0
7664 0
7670 0
7671 0
7745 0
7946 0
7949 0
7974 0
8027 0
8073 0
8113 0
8137 0
8193 0
8228 0
8282 0
8311 0
8320 0
8384 0
8394 0
8572 0
8663 0
8674 0
8777 0
8785 0
8826 0
8827 0
8843 0
8904 0
8912 0
8936 0
9017 0
9021 0
9049 0
9069 0
9109 0
9115 0
9116 0
9126 0
9149 0
9243 0
9272 0
9296 0
9404 0
9423 0
9425 0
9476 0
9709 0
9771 0
9776 0
9779 0
9794 0
9833 0
9880 0
9882 0
9947 0
9967 0
9973 0
10027 0
10049 0
10112 0
10147 0
10276 0
10319 0
10352 0
10361 0
10391 0
10404 0
10427 0
10462 0
10495 0
10529 0
10542 0
10569 0
10632 0
10647 0
10674 0
10698 0
10730 0
10741 0
10817 0
10828 0
10951 0
10968 0
11014 0
11070 0
11095 0
11184 0
11188 0
11256 0
11276 0
11325 0
11423 0
11444 0
11819 0
11826 0
11830 0
11978 0
12024 0
12043 0
12095 0
12102 0
12169 0
12194 0
12235 0
12236 0
12357 0
12381 0
12392 0
12437 0
12465 0
12608 0
12620 0
12631 0
12651 0
12685 0
12724 0
12777 0
12832 0
12853 0
12893 0
12937 0
12943 0
12965 0
13001 0
13023 0
13030 0
13146 0
13152 0
13188 0
13192 0
13279 0
13350 0
13388 0
13428 0
13541 0
13660 0
13714 0
13728 0
13729 0
13751 0
13798 0
13880 0
13955 0
13971 0
14071 0
14115 0
14340 0
14359 0
14361 0
14385 0
14408 0
14440 0
14543 0
14803 0
14814 0
14851 0
14888 0
14890 0
14907 0
15017 0
15075 0
15120 0
15268 0
15303 0
15319 0
15365 0
15375 0
15416 0
15466 0
15511 0
15571 0
15646 0
15655 0
15668 0
15803 0
15846 0
15871 0
15879 0
15890 0
15913 0
15992 0
16024 0
16033 0
16095 0
16122 0
16140 0
16370 0
16423 0
16442 0
16528 0
16633 0
16650 0
16688 0
16721 0
16873 0
16924 0
16935 0
16944 0
16970 0
16990 0
17056 0
17073 0
17075 0
17197 0
17240 0
17255 0
17314 0
17470 0
17515 0
17528 0
17564 0
17639 0
17688 0
17789 0
17827 0
17850 0
18013 0
18123 0
18127 0
18155 0
18172 0
18249 0
18259 0
18265 0
18271 0
18296 0
18345 0
18353 0
18508 0
18662 0
18678 0
18680 0
18721 0
18731 0
18799 0
18820 0
18845 0
18895 0
18915 0
19051 0
19112 0
19113 0
19179 0
19224 0
19320 0
19410 0
19412 0
19442 0
19505 0
19571 0
19657 0
19676 0
19707 0
19716 0
19720 0
19797 0
19891 0
19975 0
20131 0
20146 0
20298 0
20337 0
20358 0
20401 0
20415 0
20495 0
20561 0
20594 0
20607 0
20636 0
20739 0
20753 0
20785 0
20787 0
20837 0
20839 0
20897 0
20898 0
20950 0
20965 0
21101 0
21111 0
21139 0
21173 0
21214 0
21227 0
21254 0
21288 0
21338 0
21360 0
21373 0
21374 0
21567 0
21609 0
21744 0
21751 0
21765 0
21786 0
21899 0
22067 0
22159 0
22201 0
22288 0
22290 0
22344 0
22361 0
22398 0
22469 0
22480 0
22502 0
22557 0
22571 0
22583 0
22593 0
22721 0
22743 0
22879 0
22926 0
22942 0
23015 0
23017 0
23044 0
23057 0
23107 0
23125 0
23321 0
23332 0
23501 0
23517 0
23530 0
23531 0
23683 0
23749 0
23798 0
23806 0
23910 0
23911 0
24047 0
24072 0
24076 0
24096 0
24101 0
24171 0
24177 0
24265 0
24273 0
24334 0
24465 0
24478 0
24519 0
24553 0
24587 0
24594 0
24681 0
24696 0
24741 0
24762 0
24775 0
24829 0
24832 0
24891 0
24898 0
24912 0
24958 0
25045 0
25172 0
25220 0
25224 0
25266 0
25270 0
25294 0
25299 0
25541 0
25554 0
25719 0
25738 0
25767 0
25852 0
26103 0
26168 0
26237 0
26548 0
26577 0
26581 0
26586 0
26701 0
26822 0
26848 0
26906 0
26987 0
27003 0
27063 0
27118 0
27122 0
27316 0
27495 0
27497 0
27575 0
27601 0
27628 0
27763 0
27884 0
27896 0
27934 0
27944 0
27971 0
27977 0
27994 0
28276 0
28318 0
28320 0
28344 0
28397 0
28583 0
28665 0
28709 0
28749 0
28751 0
28754 0
28775 0
28933 0
29007 0
29008 0
29035 0
29040 0
29151 0
29214 0
29272 0
29275 0
29362 0
29386 0
29398 0
29445 0
29465 0
29589 0
29668 0
29686 0
29832 0
29872 0
29880 0
29881 0
29975 0
29985 0
30001 0
30024 0
30045 0
30062 0
30117 0
30128 0
30140 0
30145 0
30193 0
30198 0
30214 0
30278 0
30331 0
30348 0
30471 0
30493 0
30498 0
30502 0
30646 0
30709 0
30733 0
30741 0
30887 0
30897 0
30918 0
30925 0
30949 0
30964 0
31000 0
31037 0
31090 0
31159 0
31194 0
31322 0
31359 0
31368 0
31401 0
31440 0
31513 0
31534 0
31550 0
31573 0
31609 0
31634 0
31698 0
31797 0
31875 0
31912 0
31935 0
31951 0
32048 0
32049 0
32054 0
32059 0
32320 0
32608 0
32631 0
32633 0
32663 0
32688 0
32869 0
32960 0
33018 0
33232 0
33256 0
33268 0
33319 0
33368 0
33391 0
33417 0
33491 0
33537 0
33584 0
33652 0
33654 0
33655 0
33694 0
33696 0
33743 0
33767 0
33825 0
33881 0
33961 0
33988 0
34110 0
34148 0
34172 0
34220 0
34300 0
34308 0
34347 0
34469 0
34502 0
34526 0
34599 0
34731 0
34764 0
34796 0
34802 0
34807 0
34817 0
34837 0
34851 0
34885 0
34899 0
34976 0
35040 0
35058 0
35083 0
35227 0
35339 0
35392 0
35411 0
35452 0
35510 0
35640 0
35773 0
35787 0
35801 0
35809 0
35870 0
35871 0
35875 0
35999 0
36044 0
36049 0
36095 0
36108 0
36129 0
36161 0
36337 0
36487 0
36488 0
36596 0
36694 0
36753 0
36755 0
36760 0
36765 0
36817 0
36840 0
36850 0
36851 0
36894 0
36910 0
36936 0
36976 0
36995 0
37018 0
37101 0
37149 0
37199 0
37207 0
37249 0
37422 0
37514 0
37548 0
37583 0
37597 0
37639 0
37669 0
37701 0
37760 0
37789 0
37815 0
37888 0
37893 0
37896 0
37928 0
37960 0
38062 0
38092 0
38154 0
38254 0
38289 0
38351 0
38389 0
38437 0
38478 0
38601 0
38603 0
38628 0
38672 0
38677 0
38695 0
38739 0
38765 0
38809 0
38970 0
39063 0
39087 0
39177 0
39225 0
39255 0
39295 0
39393 0
39426 0
39468 0
39487 0
39490 0
39603 0
39605 0
39680 0
39779 0
39932 0
39955 0
39994 0
40140 0
40165 0
40284 0
40307 0
40344 0
40400 0
40506 0
40608 0
40680 0
40878 0
40908 0
40970 0
41026 0
41148 0
41230 0
41343 0
41355 0
41424 0
41464 0
41515 0
41534 0
41551 0
41574 0
41679 0
41735 0
41741 0
41766 0
41848 0
41970 0
41996 0
41999 0
42014 0
42114 0
42132 0
42135 0
42148 0
42229 0
42371 0
42379 0
42506 0
42518 0
42594 0
42629 0
42847 0
42873 0
42882 0
42897 0
42979 0
43104 0
43105 0
43220 0
43249 0
43253 0
43351 0
43423 0
43465 0
43497 0
43509 0
43531 0
43559 0
43560 0
43574 0
43609 0
43666 0
43684 0
43714 0
43723 0
43771 0
43795 0
43907 0
43954 0
44047 0
44198 0
44224 0
44249 0
44286 0
44353 0
44453 0
44566 0
44588 0
44599 0
44606 0
44622 0
44633 0
44645 0
44735 0
44773 0
44792 0
44860 0
44914 0
45042 0
45043 0
45177 0
45201 0
45207 0
45252 0
45371 0
45446 0
45459 0
45466 0
45523 0
45591 0
45724 0
45757 0
45780 0
45839 0
45845 0
45853 0
45898 0
46023 0
46069 0
46076 0
46181 0
46234 0
46255 0
46410 0
46422 0
46437 0
46465 0
46537 0
46580 0
46672 0
46681 0
46714 0
46732 0
46741 0
46824 0
46825 0
46846 0
46877 0
46881 0
47035 0
47037 0
47288 0
47290 0
47378 0
47425 0
47438 0
47500 0
47524 0
47552 0
47807 0
47947 0
48114 0
48136 0
48155 0
48314 0
48447 0
48461 0
48506 0
48524 0
48556 0
48660 0
48677 0
48708 0
48825 0
48849 0
48864 0
48907 0
48914 0
49023 0
49144 0
49304 0
49373 0
49531 0
49573 0
49625 0
49682 0
49760 0
49782 0
49796 0
49814 0
49837 0
49875 0
49877 0
49989 0
50046 0
50132 0
50136 0
50138 0
50141 0
50203 0
50258 0
50271 0
50375 0
50423 0
50434 0
50496 0
50568 0
50592 0
50631 0
50724 0
50752 0
50767 0
50811 0
50846 0
51005 0
51140 0
51166 0
51242 0
51243 0
51291 0
51299 0
51309 0
51321 0
51328 0
51339 0
51357 0
51382 0
51388 0
51407 0
51412 0
51424 0
51452 0
51484 0
51540 0
51625 0
51626 0
51630 0
51662 0
51774 0
51845 0
51901 0
51932 0
51989 0
52024 0
52057 0
52093 0
52099 0
52119 0
52142 0
52200 0
52227 0
52320 0
52378 0
52392 0
52491 0
52519 0
52530 0
52541 0
52568 0
52710 0
52738 0
52807 0
52817 0
52941 0
52996 0
53036 0
53077 0
53098 0
53121 0
53127 0
53158 0
53280 0
53310 0
53351 0
53362 0
53424 0
53470 0
53474 0
53478 0
53515 0
53523 0
53551 0
53575 0
53586 0
53603 0
53689 0
53759 0
53789 0
53792 0
53871 0
53910 0
53927 0
53942 0
53967 0
53968 0
53980 0
54017 0
54117 0
54131 0
54145 0
54204 0
54392 0
54461 0
54633 0
54636 0
54646 0
54730 0
54867 0
54891 0
55067 0
55079 0
55111 0
55229 0
55230 0
55241 0
55272 0
55273 0
55340 0
55343 0
55381 0
55422 0
55539 0
55553 0
55643 0
55703 0
55711 0
55749 0
55833 0
55854 0
55909 0
56031 0
56043 0
56066 0
56276 0
56301 0
56374 0
56409 0
56577 0
56639 0
56650 0
56664 0
56670 0
56805 0
56933 0
56966 0
57020 0
57031 0
57068 0
57103 0
57173 0
57183 0
57186 0
57204 0
57297 0
57340 0
57372 0
57400 0
57438 0
57464 0
57470 0
57483 0
57497 0
57532 0
57563 0
57567 0
57593 0
57626 0
57688 0
57770 0
57803 0
57854 0
57883 0
57920 0
57957 0
58009 0
58040 0
58077 0
58085 0
58171 0
58311 0
58461 0
58483 0
58488 0
58706 0
58731 0
58775 0
58810 0
58811 0
58975 0
59023 0
59056 0
59062 0
59082 0
59107 0
59149 0
59214 0
59281 0
59414 0
59444 0
59492 0
59527 0
59649 0
59739 0
59746 0
59772 0
59821 0
59879 0
60011 0
60018 0
60057 0
60257 0
60258 0
60285 0
60401 0
60420 0
60430 0
60464 0
60504 0
60581 0
60587 0
60682 0
60789 0
60790 0
60826 0
60890 0
60894 0
60895 0
60897 0
60946 0
61058 0
61106 0
61115 0
61298 0
61329 0
61455 0
61548 0
61553 0
61557 0
61566 0
61618 0
61644 0
61648 0
61701 0
61729 0
61776 0
61782 0
61877 0
61936 0
61945 0
62005 0
62137 0
62161 0
62219 0
62254 0
62255 0
62263 0
62271 0
62312 0
62327 0
62337 0
62402 0
62410 0
62445 0
62505 0
62509 0
62559 0
62598 0
62615 0
62657 0
62778 0
62816 0
62833 0
62970 0
62981 0
63025 0
63026 0
63141 0
63201 0
63292 0
63312 0
63371 0
63395 0
63404 0
63414 0
63421 0
63453 0
63503 0
63539 0
63587 0
63614 0
63678 0
63708 0
63751 0
63775 0
63908 0
64014 0
64216 0
64413 0
64419 0
64585 0
64750 0
64771 0
64775 0
64776 0
64800 0
64894 0
64908 0
64967 0
65006 0
65046 0
65052 0
65116 0
65121 0
65142 0
65172 0
65177 0
65193 0
65239 0
65249 0
65311 0
65374 0
65405 0
65462 0
65478 0
65537 0
65554 0
65596 0
65701 0
65715 0
65716 0
65745 0
65793 0
65808 0
65823 0
65839 0
65876 0
65904 0
65914 0
65947 0
65957 0
66039 0
66055 0
66092 0
66153 0
66196 0
66230 0
66241 0
66469 0
66560 0
66594 0
66613 0
66719 0
66748 0
66759 0
66879 0
66924 0
66985 0
67058 0
67138 0
67239 0
67305 0
67344 0
67351 0
67449 0
67533 0
67541 0
67551 0
67579 0
67657 0
67711 0
67731 0
67754 0
67770 0
67792 0
67879 0
67939 0
67956 0
67996 0
68005 0
68030 0
68040 0
68058 0
68142 0
68155 0
68232 0
68259 0
68405 0
68432 0
68537 0
68583 0
68599 0
68606 0
68674 0
68746 0
68789 0
68885 0
68925 0
68953 0
69061 0
69104 0
69331 0
69405 0
69444 0
69490 0
69623 0
69627 0
69634 0
69636 0
69706 0
69752 0
69797 0
69862 0
69916 0
70044 0
70080 0
70143 0
70145 0
70212 0
70223 0
70233 0
70272 0
70302 0
70323 0
70423 0
70486 0
70488 0
70552 0
70555 0
70566 0
70576 0
70602 0
70614 0
70646 0
70726 0
70782 0
70824 0
70942 0
71016 0
71021 0
71035 0
71061 0
71270 0
71279 0
71294 0
71333 0
71377 0
71420 0
71444 0
71445 0
71569 0
71584 0
71590 0
71595 0
71609 0
71674 0
71692 0
71870 0
71893 0
71908 0
71972 0
72022 0
72101 0
72162 0
72192 0
72346 0
72438 0
72475 0
72490 0
72500 0
72540 0
72611 0
72614 0
72658 0
72662 0
72695 0
72736 0
72892 0
72936 0
73041 0
73056 0
73092 0
73217 0
73224 0
73289 0
73418 0
73475 0
73504 0
73526 0
73626 0
73650 0
73653 0
73695 0
73704 0
73708 0
73782 0
73790 0
73838 0
73936 0
74081 0
74252 0
74349 0
74531 0
74535 0
74624 0
74734 0
74858 0
74864 0
74896 0
74908 0
74922 0
74993 0
75039 0
75046 0
75063 0
75246 0
75479 0
75645 0
75654 0
75663 0
75665 0
75695 0
75881 0
75899 0
75989 0
76041 0
76133 0
76208 0
76214 0
76244 0
76246 0
76354 0
76406 0
76427 0
76438 0
76442 0
76556 0
76588 0
76633 0
76675 0
76863 0
76885 0
76939 0
76944 0
76951 0
76962 0
76968 0
76969 0
77004 0
77007 0
77022 0
77157 0
77206 0
77234 0
77346 0
77418 0
77422 0
77430 0
77439 0
77455 0
77473 0
77581 0
77618 0
77708 0
77736 0
77772 0
77901 0
77958 0
78040 0
78232 0
78246 0
78290 0
78305 0
78412 0
78434 0
78475 0
78483 0
78487 0
78510 0
78515 0
78533 0
78564 0
78574 0
78587 0
78596 0
78674 0
78725 0
78732 0
78776 0
78795 0
78835 0
78851 0
78979 0
78997 0
78999 0
79186 0
79235 0
79274 0
79281 0
79289 0
79326 0
79399 0
79495 0
79539 0
79558 0
79564 0
79600 0
79634 0
79684 0
79686 0
79722 0
79740 0
79756 0
79928 0
80036 0
80040 0
80073 0
80141 0
80159 0
80230 0
80249 0
80261 0
80273 0
80296 0
80458 0
80494 0
80516 0
80688 0
80697 0
80792 0
80809 0
80811 0
80818 0
80835 0
80848 0
80870 0
80934 0
80957 0
81009 0
81053 0
81065 0
81114 0
81162 0
81184 0
81202 0
81216 0
81370 0
81402 0
81412 0
81428 0
81487 0
81537 0
81641 0
81670 0
81685 0
81753 0
81763 0
81767 0
81795 0
81854 0
81945 0
81948 0
81969 0
82102 0
82122 0
82137 0
82174 0
82295 0
82367 0
82437 0
82484 0
82507 0
82571 0
82574 0
82597 0
82623 0
82640 0
82813 0
82814 0
82836 0
82847 0
82857 0
82917 0
83053 0
83061 0
83097 0
83137 0
83152 0
83207 0
83271 0
83344 0
83400 0
83509 0
83529 0
83638 0
83722 0
83740 0
83810 0
83841 0
83881 0
83905 0
83965 0
84050 0
84106 0
84134 0
84199 0
84277 0
84300 0
84307 0
84319 0
84343 0
84407 0
84409 0
84432 0
84443 0
84458 0
84497 0
84710 0
84718 0
84720 0
84830 0
84842 0
84955 0
85064 0
85108 0
85117 0
85279 0
85347 0
85349 0
85359 0
85372 0
85412 0
85437 0
85452 0
85512 0
85535 0
85597 0
85612 0
85731 0
85742 0
85751 0
85774 0
85781 0
85814 0
85836 0
85919 0
85928 0
85981 0
85982 0
86015 0
86074 0
86123 0
86230 0
86274 0
86305 0
86350 0
86372 0
86403 0
86435 0
86489 0
86506 0
86643 0
86663 0
86664 0
86665 0
86682 0
86732 0
86753 0
86828 0
86834 0
86858 0
86957 0
86964 0
87014 0
87016 0
87028 0
87039 0
87065 0
87124 0
87177 0
87181 0
87189 0
87288 0
87290 0
87318 0
87338 0
87363 0
87425 0
87430 0
87480 0
87522 0
87587 0
87620 0
87792 0
87861 0
88192 0
88211 0
88286 0
88308 0
88382 0
88535 0
88865 0
88896 0
88908 0
88945 0
89107 0
89166 0
89169 0
89172 0
89230 0
89342 0
89348 0
89429 0
89574 0
89630 0
89683 0
89740 0
89854 0
89859 0
89883 0
89888 0
89905 0
89935 0
90072 0
90086 0
90125 0
90148 0
90200 0
90341 0
90350 0
90370 0
90376 0
90507 0
90548 0
90682 0
90730 0
90747 0
90795 0
90831 0
90865 0
90938 0
91027 0
91113 0
91350 0
91371 0
91374 0
91485 0
91487 0
91522 0
91579 0
91593 0
91803 0
91850 0
91866 0
91952 0
92007 0
92037 0
92068 0
92091 0
92193 0
92227 0
92351 0
92369 0
92516 0
92616 0
92788 0
92909 0
92914 0
92942 0
92998 0
93002 0
93033 0
93315 0
93359 0
93453 0
93456 0
93501 0
93509 0
93605 0
93611 0
93651 0
93671 0
93673 0
93747 0
93874 0
93903 0
93997 0
94091 0
94097 0
94175 0
94187 0
94231 0
94254 0
94354 0
94377 0
94394 0
94665 0
94670 0
94712 0
94741 0
94772 0
94808 0
94820 0
94823 0
94840 0
94878 0
94929 0
94957 0
95005 0
95016 0
95073 0
95093 0
95113 0
95132 0
95163 0
95173 0
95176 0
95177 0
95216 0
95228 0
95262 0
95265 0
95271 0
95447 0
95535 0
95572 0
95593 0
95632 0
95662 0
95716 0
95809 0
95830 0
95915 0
95929 0
96001 0
96043 0
96047 0
96101 0
96104 0
96135 0
96150 0
96196 0
96225 0
96263 0
96321 0
96358 0
96388 0
96514 0
96519 0
96726 0
96956 0
96981 0
97024 0
97029 0
97115 0
97138 0
97159 0
97168 0
97200 0
97262 0
97273 0
97306 0
97322 0
97368 0
97423 0
97442 0
97444 0
97504 0
97537 0
97584 0
97638 0
97639 0
97679 0
97680 0
97681 0
97688 0
97698 0
97791 0
97866 0
97874 0
97875 0
97935 0
97966 0
98027 0
98039 0
98099 0
98114 0
98129 0
98173 0
98202 0
98217 0
98221 0
98230 0
98257 0
98308 0
98309 0
98346 0
98362 0
98366 0
98369 0
98385 0
98469 0
98487 0
98560 0
98570 0
98574 0
98598 0
98661 0
98669 0
98759 0
98778 0
98793 0
98855 0
98937 0
98976 0
99017 0
99044 0
99155 0
99158 0
99159 0
99171 0
99172 0
99217 0
99221 0
99235 0
99241 0
99269 0
99322 0
99388 0
99391 0
99407 0
99527 0
99531 0
99533 0
99550 0
99561 0
99602 0
99604 0
99619 0
99668 0
99752 0
99819 0
99849 0
99874 0
99916 0
99959 0
99971 0
99975 0
