c This is a uniform distributed  1-D DIMACS file 
c width height point_number
p 100000 100000 2048
113 0
212 0
251 0
307 0
426 0
491 0
597 0
624 0
658 0
820 0
875 0
882 0
925 0
961 0
976 0
993 0
997 0
1078 0
1082 0
1084 0
1093 0
1122 0
1290 0
1300 0
1338 0
1341 0
1356 0
1464 0
1470 0
1482 0
1537 0
1579 0
1686 0
1729 0
1803 0
1810 0
1960 0
2010 0
2046 0
2162 0
2200 0
2287 0
2300 0
2332 0
2343 0
2395 0
2430 0
2445 0
2456 0
2467 0
2580 0
2592 0
2600 0
2605 0
2713 0
2734 0
2773 0
2870 0
2928 0
2996 0
3095 0
3166 0
3194 0
3287 0
3352 0
3426 0
3471 0
3501 0
3507 0
3532 0
3539 0
3581 0
3668 0
3711 0
3720 0
3724 0
3767 0
3802 0
3999 0
4008 0
4022 0
4111 0
4116 0
4136 0
4153 0
4154 0
4228 0
4238 0
4290 0
4298 0
4357 0
4405 0
4469 0
4497 0
4512 0
4562 0
4600 0
4609 0
4647 0
4679 0
4757 0
4847 0
4909 0
4985 0
5010 0
5154 0
5216 0
5217 0
5235 0
5311 0
5322 0
5338 0
5517 0
5542 0
5598 0
5650 0
5776 0
5828 0
5876 0
5946 0
5967 0
5982 0
5990 0
5992 0
6015 0
6085 0
6108 0
6113 0
6162 0
6189 0
6220 0
6239 0
6317 0
6375 0
6451 0
6468 0
6474 0
6505 0
6534 0
6560 0
6608 0
6615 0
6698 0
6734 0
6769 0
6790 0
6846 0
6884 0
6891 0
6934 0
6971 0
6984 0
7113 0
7175 0
7181 0
7184 0
7205 0
7247 0
7274 0
7350 0
7352 0
7359 0
7374 0
7424 0
7500 0
7550 0
7579 0
7584 0
7615 0
7699 0
7842 0
7875 0
7897 0
7905 0
7945 0
8017 0
8019 0
8108 0
8165 0
8270 0
8427 0
8488 0
8533 0
8560 0
8583 0
8703 0
8722 0
8770 0
8783 0
8787 0
8874 0
9014 0
9018 0
9023 0
9119 0
9154 0
9235 0
9275 0
9332 0
9355 0
9386 0
9406 0
9415 0
9462 0
9467 0
9501 0
9574 0
9579 0
9602 0
9651 0
9723 0
9761 0
9785 0
9795 0
9811 0
9823 0
9915 0
9927 0
10089 0
10113 0
10126 0
10143 0
10153 0
10165 0
10178 0
10301 0
10372 0
10384 0
10396 0
10425 0
10427 0
10566 0
10677 0
10745 0
10785 0
10820 0
10848 0
10862 0
10894 0
10999 0
11040 0
11067 0
11192 0
11213 0
11239 0
11242 0
11293 0
11298 0
11330 0
11378 0
11410 0
11437 0
11443 0
11516 0
11522 0
11571 0
11647 0
11720 0
11768 0
11809 0
11856 0
12077 0
12088 0
12169 0
12194 0
12217 0
12223 0
12248 0
12348 0
12352 0
12512 0
12573 0
12629 0
12719 0
12839 0
12866 0
12882 0
13066 0
13109 0
13110 0
13139 0
13152 0
13172 0
13257 0
13264 0
13295 0
13305 0
13399 0
13409 0
13490 0
13501 0
13531 0
13580 0
13649 0
13674 0
13691 0
13697 0
13788 0
13842 0
13927 0
13947 0
14001 0
14023 0
14061 0
14100 0
14147 0
14191 0
14216 0
14304 0
14333 0
14416 0
14433 0
14459 0
14524 0
14549 0
14645 0
14708 0
14715 0
14827 0
14940 0
14995 0
15069 0
15223 0
15231 0
15264 0
15265 0
15285 0
15362 0
15364 0
15399 0
15415 0
15454 0
15494 0
15621 0
15632 0
15665 0
15710 0
15770 0
15774 0
15804 0
15876 0
15877 0
15945 0
16004 0
16067 0
16122 0
16239 0
16271 0
16486 0
16490 0
16520 0
16536 0
16596 0
16605 0
16705 0
16731 0
16873 0
16879 0
16942 0
16943 0
16991 0
16994 0
17086 0
17094 0
17103 0
17201 0
17261 0
17363 0
17399 0
17422 0
17450 0
17488 0
17506 0
17532 0
17540 0
17564 0
17599 0
17626 0
17668 0
17675 0
17690 0
17710 0
17895 0
17965 0
18008 0
18105 0
18158 0
18165 0
18262 0
18316 0
18340 0
18376 0
18425 0
18459 0
18476 0
18503 0
18535 0
18627 0
18705 0
18767 0
18828 0
18864 0
18975 0
19001 0
19004 0
19014 0
19021 0
19038 0
19104 0
19114 0
19122 0
19146 0
19156 0
19262 0
19277 0
19321 0
19407 0
19426 0
19463 0
19502 0
19548 0
19682 0
19940 0
19946 0
19955 0
19988 0
20099 0
20102 0
20173 0
20282 0
20299 0
20305 0
20310 0
20392 0
20446 0
20478 0
20525 0
20620 0
20621 0
20674 0
20704 0
20747 0
20840 0
20900 0
20952 0
20978 0
21003 0
21112 0
21132 0
21224 0
21232 0
21237 0
21252 0
21289 0
21352 0
21414 0
21464 0
21489 0
21499 0
21638 0
21657 0
21678 0
21732 0
21827 0
22017 0
22018 0
22109 0
22114 0
22127 0
22236 0
22276 0
22361 0
22430 0
22437 0
22594 0
22638 0
22648 0
22653 0
22659 0
22776 0
22794 0
22819 0
22839 0
22859 0
22901 0
22992 0
22997 0
23032 0
23108 0
23364 0
23396 0
23546 0
23687 0
23830 0
23982 0
23996 0
24141 0
24270 0
24331 0
24466 0
24478 0
24481 0
24687 0
24702 0
24760 0
24816 0
24919 0
24942 0
24954 0
25161 0
25173 0
25265 0
25352 0
25410 0
25428 0
25473 0
25568 0
25574 0
25628 0
25671 0
25737 0
25773 0
25781 0
25803 0
25837 0
25851 0
25922 0
25994 0
26061 0
26068 0
26162 0
26176 0
26212 0
26250 0
26337 0
26400 0
26402 0
26426 0
26456 0
26497 0
26504 0
26600 0
26623 0
26649 0
26675 0
26692 0
26697 0
26806 0
26824 0
26921 0
26956 0
27049 0
27052 0
27053 0
27266 0
27277 0
27331 0
27424 0
27461 0
27522 0
27529 0
27566 0
27586 0
27689 0
27707 0
27719 0
27722 0
27739 0
27767 0
27802 0
27836 0
27897 0
27926 0
27944 0
27947 0
27949 0
27983 0
27993 0
28032 0
28051 0
28121 0
28422 0
28442 0
28460 0
28637 0
28771 0
28832 0
28871 0
28893 0
28956 0
29011 0
29057 0
29103 0
29122 0
29150 0
29203 0
29226 0
29299 0
29315 0
29425 0
29431 0
29548 0
29563 0
29587 0
29610 0
29618 0
29658 0
29666 0
29668 0
29825 0
29836 0
29844 0
29846 0
29906 0
29989 0
29990 0
30022 0
30027 0
30092 0
30117 0
30158 0
30242 0
30246 0
30308 0
30313 0
30346 0
30448 0
30451 0
30564 0
30569 0
30648 0
30664 0
30776 0
30997 0
31012 0
31237 0
31279 0
31280 0
31309 0
31379 0
31407 0
31518 0
31533 0
31630 0
31657 0
31688 0
31691 0
31709 0
31726 0
31782 0
31788 0
31848 0
31992 0
32078 0
32112 0
32166 0
32188 0
32222 0
32246 0
32443 0
32529 0
32577 0
32588 0
32700 0
32745 0
32813 0
32829 0
32906 0
32933 0
32964 0
33160 0
33220 0
33261 0
33270 0
33427 0
33430 0
33460 0
33504 0
33532 0
33623 0
33640 0
33669 0
33671 0
33719 0
33804 0
33832 0
33836 0
33870 0
33978 0
33982 0
34051 0
34075 0
34140 0
34219 0
34228 0
34245 0
34265 0
34290 0
34340 0
34364 0
34370 0
34383 0
34521 0
34542 0
34586 0
34630 0
34680 0
34722 0
34814 0
34888 0
34958 0
35127 0
35155 0
35351 0
35370 0
35398 0
35430 0
35511 0
35520 0
35551 0
35596 0
35619 0
35649 0
35664 0
35687 0
35723 0
35887 0
35929 0
36005 0
36113 0
36245 0
36279 0
36417 0
36457 0
36522 0
36526 0
36532 0
36534 0
36594 0
36695 0
36813 0
37024 0
37072 0
37101 0
37123 0
37255 0
37262 0
37340 0
37398 0
37406 0
37482 0
37487 0
37576 0
37579 0
37694 0
37795 0
37812 0
37871 0
37914 0
37917 0
37920 0
37921 0
37990 0
38063 0
38079 0
38089 0
38102 0
38196 0
38221 0
38261 0
38335 0
38388 0
38435 0
38441 0
38453 0
38470 0
38484 0
38565 0
38601 0
38613 0
38832 0
38882 0
39046 0
39070 0
39117 0
39179 0
39207 0
39215 0
39285 0
39288 0
39294 0
39296 0
39321 0
39335 0
39364 0
39385 0
39394 0
39416 0
39428 0
39503 0
39557 0
39596 0
39616 0
39629 0
39641 0
39704 0
39709 0
39726 0
39828 0
39834 0
39901 0
39939 0
39998 0
40024 0
40039 0
40054 0
40077 0
40106 0
40141 0
40241 0
40243 0
40283 0
40288 0
40384 0
40416 0
40424 0
40485 0
40493 0
40499 0
40525 0
40556 0
40568 0
40616 0
40657 0
40687 0
40701 0
40711 0
40833 0
40888 0
40896 0
40916 0
40925 0
40949 0
40987 0
41022 0
41031 0
41082 0
41134 0
41145 0
41157 0
41167 0
41182 0
41221 0
41278 0
41285 0
41455 0
41635 0
41644 0
41739 0
41774 0
41812 0
41816 0
41853 0
41923 0
41936 0
42209 0
42287 0
42333 0
42352 0
42485 0
42571 0
42643 0
42651 0
42714 0
42795 0
42909 0
42911 0
42932 0
42983 0
43001 0
43111 0
43174 0
43178 0
43233 0
43270 0
43281 0
43329 0
43497 0
43529 0
43678 0
43703 0
43782 0
43943 0
43979 0
44035 0
44117 0
44180 0
44219 0
44222 0
44270 0
44375 0
44394 0
44455 0
44495 0
44505 0
44514 0
44574 0
44599 0
44609 0
44700 0
44714 0
44728 0
44761 0
44763 0
44850 0
44975 0
44979 0
45013 0
45136 0
45165 0
45244 0
45333 0
45511 0
45580 0
45583 0
45703 0
45734 0
45774 0
45827 0
45999 0
46033 0
46069 0
46117 0
46183 0
46198 0
46304 0
46321 0
46513 0
46602 0
46616 0
46677 0
46696 0
46729 0
46812 0
46820 0
46831 0
46836 0
46843 0
46880 0
46881 0
46890 0
47110 0
47144 0
47166 0
47174 0
47181 0
47259 0
47374 0
47394 0
47400 0
47406 0
47422 0
47460 0
47471 0
47482 0
47507 0
47521 0
47623 0
47725 0
47770 0
47864 0
47894 0
47915 0
48007 0
48063 0
48092 0
48114 0
48126 0
48128 0
48153 0
48166 0
48170 0
48198 0
48290 0
48418 0
48463 0
48491 0
48498 0
48547 0
48610 0
48623 0
48713 0
48734 0
48845 0
49047 0
49082 0
49145 0
49205 0
49224 0
49300 0
49365 0
49504 0
49533 0
49580 0
49618 0
49642 0
49660 0
49692 0
49726 0
49788 0
49846 0
49892 0
49896 0
49908 0
49943 0
49960 0
49967 0
49997 0
50003 0
50052 0
50079 0
50089 0
50133 0
50142 0
50164 0
50203 0
50289 0
50310 0
50351 0
50410 0
50447 0
50465 0
50477 0
50486 0
50509 0
50533 0
50570 0
50582 0
50608 0
50629 0
50631 0
50712 0
50764 0
50915 0
50952 0
50965 0
50995 0
51003 0
51103 0
51105 0
51261 0
51307 0
51326 0
51401 0
51459 0
51482 0
51535 0
51544 0
51638 0
51751 0
51762 0
51767 0
51816 0
51905 0
52123 0
52143 0
52168 0
52295 0
52370 0
52399 0
52444 0
52476 0
52481 0
52492 0
52516 0
52519 0
52520 0
52625 0
52694 0
52889 0
52891 0
52920 0
52963 0
53002 0
53098 0
53155 0
53271 0
53540 0
53574 0
53601 0
53642 0
53663 0
53698 0
53767 0
53776 0
53813 0
53852 0
53907 0
53936 0
54036 0
54060 0
54077 0
54084 0
54118 0
54168 0
54202 0
54218 0
54253 0
54367 0
54386 0
54434 0
54591 0
54707 0
54718 0
54739 0
54751 0
54811 0
54854 0
54948 0
54960 0
54989 0
54994 0
55010 0
55110 0
55158 0
55159 0
55202 0
55226 0
55277 0
55281 0
55299 0
55339 0
55367 0
55392 0
55415 0
55419 0
55485 0
55699 0
55705 0
55706 0
55737 0
55814 0
55859 0
55927 0
55952 0
55965 0
56024 0
56089 0
56122 0
56150 0
56226 0
56277 0
56288 0
56299 0
56370 0
56399 0
56431 0
56492 0
56625 0
56684 0
56739 0
56748 0
56816 0
56900 0
56924 0
56938 0
56943 0
57018 0
57030 0
57064 0
57118 0
57155 0
57241 0
57396 0
57417 0
57481 0
57522 0
57544 0
57602 0
57606 0
57635 0
57666 0
57747 0
57785 0
57994 0
57998 0
58004 0
58025 0
58030 0
58085 0
58163 0
58224 0
58255 0
58268 0
58328 0
58353 0
58438 0
58519 0
58584 0
58657 0
58679 0
58685 0
58690 0
58785 0
58801 0
58845 0
58866 0
58901 0
58978 0
58980 0
58991 0
59001 0
59029 0
59031 0
59052 0
59105 0
59122 0
59155 0
59196 0
59216 0
59359 0
59397 0
59440 0
59464 0
59535 0
59586 0
59593 0
59596 0
59599 0
59606 0
59622 0
59650 0
59703 0
59737 0
59818 0
59841 0
59881 0
59929 0
59974 0
59977 0
59990 0
60042 0
60101 0
60122 0
60176 0
60180 0
60245 0
60250 0
60253 0
60270 0
60327 0
60365 0
60375 0
60395 0
60580 0
60617 0
60643 0
60726 0
60790 0
60889 0
61021 0
61066 0
61157 0
61178 0
61228 0
61233 0
61241 0
61283 0
61337 0
61357 0
61414 0
61427 0
61514 0
61525 0
61573 0
61622 0
61626 0
61692 0
61731 0
61752 0
61763 0
61863 0
61938 0
62014 0
62021 0
62032 0
62173 0
62236 0
62270 0
62340 0
62367 0
62436 0
62461 0
62705 0
62722 0
62763 0
62846 0
62868 0
62908 0
62930 0
62952 0
62967 0
62973 0
63071 0
63077 0
63088 0
63101 0
63186 0
63244 0
63253 0
63275 0
63388 0
63409 0
63468 0
63597 0
63626 0
63667 0
63706 0
63723 0
63730 0
63796 0
63818 0
63899 0
63908 0
63911 0
64038 0
64044 0
64058 0
64162 0
64290 0
64434 0
64468 0
64471 0
64493 0
64526 0
64697 0
64706 0
64826 0
64862 0
64863 0
64912 0
64917 0
64929 0
65009 0
65024 0
65032 0
65034 0
65058 0
65086 0
65156 0
65178 0
65215 0
65357 0
65432 0
65486 0
65487 0
65594 0
65667 0
65709 0
65826 0
65857 0
65952 0
66008 0
66053 0
66061 0
66084 0
66127 0
66221 0
66263 0
66267 0
66286 0
66386 0
66460 0
66486 0
66541 0
66579 0
66655 0
66698 0
66880 0
66900 0
66969 0
66971 0
67032 0
67033 0
67035 0
67048 0
67069 0
67261 0
67273 0
67291 0
67303 0
67311 0
67333 0
67335 0
67336 0
67389 0
67416 0
67428 0
67434 0
67460 0
67474 0
67496 0
67498 0
67516 0
67767 0
67813 0
67838 0
67843 0
67854 0
67970 0
68012 0
68066 0
68260 0
68317 0
68325 0
68346 0
68348 0
68354 0
68379 0
68385 0
68428 0
68447 0
68519 0
68530 0
68588 0
68671 0
68684 0
68687 0
68750 0
68773 0
68850 0
68879 0
68880 0
68904 0
68909 0
68934 0
68982 0
69000 0
69058 0
69138 0
69152 0
69165 0
69241 0
69318 0
69362 0
69547 0
69565 0
69622 0
69651 0
69694 0
69739 0
69833 0
69846 0
69877 0
69922 0
69976 0
70119 0
70148 0
70188 0
70223 0
70268 0
70350 0
70422 0
70467 0
70565 0
70604 0
70655 0
70719 0
70765 0
70766 0
70771 0
70851 0
70902 0
70906 0
70916 0
70949 0
70968 0
71075 0
71104 0
71137 0
71196 0
71216 0
71232 0
71400 0
71455 0
71468 0
71524 0
71583 0
71590 0
71615 0
71714 0
71767 0
71786 0
71837 0
71852 0
71923 0
71949 0
72069 0
72080 0
72084 0
72130 0
72172 0
72245 0
72351 0
72409 0
72465 0
72504 0
72532 0
72673 0
72739 0
72748 0
72757 0
72811 0
72830 0
73102 0
73150 0
73169 0
73286 0
73304 0
73352 0
73378 0
73421 0
73494 0
73552 0
73606 0
73668 0
73710 0
73757 0
73764 0
73766 0
73790 0
73869 0
73877 0
73902 0
73910 0
73940 0
73942 0
73988 0
74037 0
74052 0
74077 0
74079 0
74168 0
74210 0
74211 0
74281 0
74283 0
74396 0
74399 0
74496 0
74533 0
74591 0
74783 0
74860 0
74955 0
75040 0
75076 0
75119 0
75203 0
75503 0
75527 0
75563 0
75598 0
75770 0
75831 0
75839 0
75841 0
75905 0
75917 0
75947 0
75953 0
75967 0
75975 0
75986 0
76001 0
76026 0
76057 0
76145 0
76172 0
76207 0
76328 0
76339 0
76424 0
76444 0
76672 0
76783 0
76824 0
76912 0
76923 0
76933 0
76943 0
76976 0
76994 0
77018 0
77097 0
77099 0
77101 0
77121 0
77183 0
77204 0
77278 0
77410 0
77418 0
77508 0
77649 0
77650 0
77692 0
77749 0
77817 0
77825 0
77910 0
77935 0
77974 0
78022 0
78120 0
78140 0
78146 0
78155 0
78188 0
78236 0
78301 0
78347 0
78370 0
78420 0
78549 0
78594 0
78724 0
78758 0
78781 0
78826 0
78850 0
78889 0
78921 0
78944 0
78949 0
79000 0
79056 0
79080 0
79095 0
79166 0
79202 0
79208 0
79298 0
79313 0
79321 0
79425 0
79490 0
79507 0
79553 0
79557 0
79609 0
79726 0
79757 0
79801 0
79936 0
79994 0
80035 0
80070 0
80080 0
80151 0
80167 0
80173 0
80196 0
80201 0
80293 0
80314 0
80512 0
80522 0
80523 0
80582 0
80583 0
80608 0
80621 0
80623 0
80698 0
80792 0
80848 0
80927 0
81159 0
81173 0
81186 0
81241 0
81280 0
81333 0
81380 0
81466 0
81490 0
81504 0
81568 0
81595 0
81618 0
81687 0
81769 0
81788 0
81832 0
81855 0
81859 0
81941 0
81978 0
82016 0
82054 0
82072 0
82150 0
82195 0
82309 0
82404 0
82514 0
82524 0
82620 0
82622 0
82699 0
83009 0
83025 0
83028 0
83110 0
83134 0
83264 0
83285 0
83291 0
83305 0
83318 0
83334 0
83395 0
83496 0
83504 0
83731 0
83804 0
83822 0
83825 0
83900 0
83924 0
83970 0
84110 0
84283 0
84288 0
84293 0
84363 0
84382 0
84401 0
84426 0
84429 0
84458 0
84516 0
84569 0
84725 0
84731 0
84953 0
85197 0
85292 0
85319 0
85344 0
85424 0
85425 0
85479 0
85642 0
85664 0
85703 0
85804 0
85883 0
85920 0
86008 0
86091 0
86235 0
86268 0
86337 0
86362 0
86385 0
86408 0
86418 0
86515 0
86528 0
86627 0
86633 0
86814 0
86967 0
87066 0
87106 0
87115 0
87231 0
87312 0
87345 0
87350 0
87386 0
87398 0
87408 0
87473 0
87518 0
87575 0
87586 0
87617 0
87647 0
87656 0
87663 0
87733 0
87754 0
87799 0
87950 0
88016 0
88046 0
88139 0
88246 0
88406 0
88517 0
88596 0
88650 0
88662 0
88677 0
88718 0
88747 0
88777 0
88797 0
88822 0
88860 0
88948 0
88968 0
88973 0
88986 0
89018 0
89131 0
89152 0
89173 0
89256 0
89260 0
89301 0
89512 0
89525 0
89577 0
89614 0
89633 0
89681 0
89730 0
89761 0
89766 0
89791 0
89803 0
89806 0
89926 0
89955 0
90014 0
90034 0
90035 0
90061 0
90205 0
90233 0
90241 0
90253 0
90277 0
90320 0
90341 0
90393 0
90394 0
90445 0
90447 0
90524 0
90525 0
90555 0
90631 0
90726 0
90741 0
90758 0
90789 0
90979 0
91108 0
91110 0
91145 0
91152 0
91156 0
91193 0
91267 0
91426 0
91487 0
91519 0
91553 0
91576 0
91658 0
91709 0
91724 0
91817 0
91841 0
91909 0
91958 0
91962 0
91974 0
91990 0
91994 0
92012 0
92208 0
92229 0
92231 0
92259 0
92366 0
92387 0
92441 0
92479 0
92480 0
92501 0
92558 0
92593 0
92600 0
92650 0
92720 0
92723 0
92744 0
92762 0
92803 0
92900 0
92994 0
93007 0
93020 0
93088 0
93151 0
93161 0
93258 0
93259 0
93288 0
93310 0
93421 0
93447 0
93465 0
93494 0
93512 0
93548 0
93557 0
93623 0
93777 0
93800 0
93857 0
93980 0
94009 0
94053 0
94103 0
94116 0
94132 0
94297 0
94304 0
94326 0
94382 0
94397 0
94411 0
94465 0
94549 0
94550 0
94566 0
94587 0
94647 0
94692 0
94695 0
94834 0
94891 0
94983 0
95031 0
95035 0
95176 0
95339 0
95545 0
95555 0
95581 0
95630 0
95664 0
95740 0
95767 0
95797 0
96017 0
96106 0
96114 0
96124 0
96146 0
96180 0
96212 0
96248 0
96283 0
96314 0
96346 0
96397 0
96401 0
96411 0
96458 0
96491 0
96513 0
96592 0
96607 0
96644 0
96685 0
96692 0
96753 0
96919 0
96939 0
97055 0
97066 0
97072 0
97140 0
97194 0
97208 0
97259 0
97281 0
97496 0
97512 0
97559 0
97583 0
97590 0
97618 0
97657 0
97684 0
97789 0
97820 0
97824 0
97879 0
97888 0
97916 0
97944 0
97971 0
97991 0
98023 0
98141 0
98223 0
98383 0
98402 0
98510 0
98528 0
98560 0
98568 0
98630 0
98676 0
98777 0
98783 0
98843 0
98933 0
99078 0
99129 0
99199 0
99223 0
99368 0
99404 0
99448 0
99482 0
99494 0
99534 0
99602 0
99620 0
99641 0
99659 0
99661 0
99722 0
99824 0
99857 0
99879 0
99899 0
99950 0
