c This is a uniform distributed  1-D DIMACS file 
c width height point_number
p 100000 100000 2048
28 0
59 0
96 0
133 0
287 0
395 0
451 0
453 0
518 0
520 0
537 0
627 0
639 0
673 0
677 0
691 0
701 0
707 0
800 0
818 0
829 0
909 0
1168 0
1190 0
1192 0
1195 0
1229 0
1303 0
1401 0
1422 0
1517 0
1521 0
1691 0
1693 0
1756 0
1802 0
1803 0
1870 0
1897 0
1912 0
1942 0
2002 0
2028 0
2128 0
2139 0
2159 0
2174 0
2229 0
2267 0
2269 0
2316 0
2405 0
2495 0
2538 0
2593 0
2601 0
2755 0
2783 0
2894 0
2898 0
2930 0
2932 0
2933 0
2936 0
2938 0
3005 0
3030 0
3061 0
3169 0
3174 0
3179 0
3259 0
3282 0
3302 0
3407 0
3437 0
3438 0
3454 0
3581 0
3670 0
3838 0
3903 0
3935 0
3995 0
4009 0
4022 0
4059 0
4088 0
4101 0
4132 0
4223 0
4258 0
4311 0
4332 0
4369 0
4411 0
4491 0
4502 0
4510 0
4609 0
4613 0
4714 0
4762 0
4784 0
4878 0
4982 0
5055 0
5084 0
5202 0
5205 0
5249 0
5409 0
5444 0
5461 0
5487 0
5544 0
5549 0
5554 0
5577 0
5635 0
5673 0
5691 0
5709 0
5745 0
5808 0
5818 0
5874 0
5933 0
6026 0
6201 0
6236 0
6238 0
6281 0
6388 0
6398 0
6432 0
6555 0
6592 0
6609 0
6634 0
6663 0
6669 0
6678 0
6743 0
6745 0
6835 0
6850 0
7041 0
7053 0
7160 0
7161 0
7261 0
7277 0
7290 0
7365 0
7381 0
7397 0
7427 0
7446 0
7451 0
7469 0
7524 0
7547 0
7549 0
7621 0
7642 0
7773 0
7791 0
7900 0
7917 0
7938 0
8025 0
8043 0
8049 0
8068 0
8100 0
8127 0
8188 0
8207 0
8341 0
8377 0
8429 0
8506 0
8533 0
8544 0
8599 0
8644 0
8681 0
8914 0
9130 0
9247 0
9260 0
9290 0
9331 0
9420 0
9456 0
9460 0
9471 0
9472 0
9509 0
9522 0
9544 0
9586 0
9595 0
9620 0
9622 0
9679 0
9682 0
9742 0
9747 0
9765 0
9810 0
9843 0
9848 0
9945 0
9948 0
10027 0
10047 0
10064 0
10111 0
10145 0
10168 0
10187 0
10207 0
10220 0
10270 0
10385 0
10392 0
10404 0
10430 0
10503 0
10557 0
10591 0
10610 0
10681 0
10682 0
10742 0
10770 0
10773 0
10800 0
10869 0
10900 0
11063 0
11094 0
11118 0
11135 0
11140 0
11141 0
11186 0
11238 0
11252 0
11253 0
11324 0
11389 0
11408 0
11486 0
11596 0
11646 0
11661 0
11685 0
11693 0
11742 0
11822 0
11917 0
11921 0
11939 0
12141 0
12143 0
12184 0
12209 0
12210 0
12224 0
12238 0
12312 0
12394 0
12507 0
12584 0
12591 0
12613 0
12633 0
12644 0
12746 0
12772 0
12781 0
12788 0
12804 0
12853 0
12924 0
12971 0
13134 0
13215 0
13267 0
13290 0
13293 0
13398 0
13414 0
13572 0
13600 0
13627 0
13647 0
13741 0
13914 0
14037 0
14050 0
14063 0
14111 0
14130 0
14131 0
14199 0
14299 0
14309 0
14312 0
14414 0
14416 0
14436 0
14480 0
14538 0
14616 0
14625 0
14628 0
14654 0
14703 0
14797 0
14835 0
14850 0
14854 0
14895 0
14926 0
14987 0
15113 0
15139 0
15211 0
15248 0
15327 0
15385 0
15526 0
15606 0
15625 0
15629 0
15632 0
15643 0
15726 0
15774 0
15785 0
15822 0
15874 0
15890 0
15940 0
16017 0
16063 0
16068 0
16103 0
16124 0
16144 0
16211 0
16230 0
16300 0
16308 0
16309 0
16379 0
16491 0
16503 0
16591 0
16604 0
16619 0
16733 0
16786 0
16822 0
16830 0
16851 0
16875 0
16968 0
16988 0
17003 0
17191 0
17197 0
17242 0
17349 0
17399 0
17413 0
17426 0
17459 0
17490 0
17516 0
17553 0
17591 0
17601 0
17634 0
17639 0
17698 0
17817 0
17824 0
17867 0
17918 0
18001 0
18093 0
18274 0
18417 0
18428 0
18504 0
18519 0
18522 0
18627 0
18671 0
18734 0
18772 0
18820 0
18952 0
18970 0
18988 0
19023 0
19090 0
19284 0
19287 0
19304 0
19347 0
19379 0
19550 0
19586 0
19722 0
19779 0
19846 0
19869 0
19878 0
20206 0
20315 0
20317 0
20342 0
20365 0
20407 0
20470 0
20515 0
20591 0
20622 0
20694 0
20726 0
20760 0
20831 0
20861 0
20890 0
20931 0
20961 0
21071 0
21199 0
21366 0
21426 0
21430 0
21457 0
21459 0
21520 0
21557 0
21597 0
21617 0
21715 0
21791 0
21805 0
21833 0
21884 0
21945 0
22021 0
22041 0
22216 0
22281 0
22299 0
22508 0
22512 0
22644 0
22667 0
22793 0
22840 0
22873 0
22892 0
22925 0
22954 0
22999 0
23010 0
23063 0
23099 0
23115 0
23155 0
23178 0
23275 0
23404 0
23587 0
23615 0
23616 0
23625 0
23640 0
23657 0
23659 0
23683 0
23705 0
23739 0
23764 0
23785 0
23869 0
23987 0
24021 0
24039 0
24064 0
24163 0
24167 0
24180 0
24193 0
24216 0
24290 0
24293 0
24310 0
24353 0
24366 0
24378 0
24512 0
24533 0
24659 0
24677 0
24706 0
24743 0
24801 0
24933 0
24939 0
25178 0
25197 0
25239 0
25253 0
25294 0
25297 0
25323 0
25422 0
25469 0
25553 0
25723 0
25738 0
25842 0
25845 0
26006 0
26073 0
26092 0
26105 0
26110 0
26209 0
26242 0
26281 0
26292 0
26334 0
26376 0
26393 0
26454 0
26466 0
26513 0
26606 0
26668 0
26690 0
26768 0
26780 0
26877 0
26955 0
27044 0
27106 0
27157 0
27264 0
27297 0
27298 0
27305 0
27322 0
27462 0
27485 0
27511 0
27543 0
27575 0
27599 0
27622 0
27624 0
27629 0
27654 0
27714 0
27755 0
27759 0
27764 0
27804 0
27805 0
27859 0
27879 0
27923 0
27977 0
28008 0
28062 0
28086 0
28284 0
28470 0
28472 0
28495 0
28521 0
28532 0
28555 0
28602 0
28604 0
28636 0
28645 0
28666 0
28678 0
28679 0
28690 0
28770 0
28794 0
28815 0
28917 0
28939 0
28976 0
29006 0
29095 0
29098 0
29185 0
29195 0
29332 0
29361 0
29392 0
29444 0
29463 0
29647 0
29851 0
29858 0
29889 0
29938 0
29974 0
30025 0
30036 0
30042 0
30073 0
30289 0
30388 0
30391 0
30400 0
30406 0
30446 0
30587 0
30786 0
30821 0
30838 0
30877 0
30880 0
30887 0
30967 0
30999 0
31024 0
31117 0
31134 0
31205 0
31274 0
31303 0
31329 0
31381 0
31384 0
31389 0
31438 0
31455 0
31465 0
31566 0
31687 0
31702 0
31724 0
31749 0
31788 0
31806 0
31807 0
31810 0
31826 0
31888 0
31893 0
31968 0
31987 0
32009 0
32048 0
32218 0
32244 0
32287 0
32302 0
32360 0
32377 0
32414 0
32535 0
32555 0
32638 0
32661 0
32714 0
32783 0
32863 0
32877 0
32936 0
33007 0
33033 0
33037 0
33057 0
33093 0
33174 0
33191 0
33234 0
33243 0
33290 0
33317 0
33378 0
33399 0
33693 0
33805 0
33808 0
33812 0
33829 0
34052 0
34119 0
34248 0
34251 0
34252 0
34287 0
34376 0
34400 0
34414 0
34438 0
34466 0
34499 0
34507 0
34524 0
34538 0
34548 0
34585 0
34633 0
34644 0
34737 0
34773 0
34804 0
34808 0
34953 0
34961 0
34992 0
35064 0
35124 0
35178 0
35189 0
35465 0
35569 0
35582 0
35640 0
35668 0
35757 0
35801 0
35860 0
35945 0
35956 0
36108 0
36236 0
36293 0
36305 0
36326 0
36330 0
36362 0
36367 0
36460 0
36671 0
36679 0
36689 0
36863 0
36894 0
36912 0
36957 0
37019 0
37170 0
37203 0
37212 0
37230 0
37366 0
37371 0
37611 0
37628 0
37653 0
37717 0
37786 0
37850 0
37852 0
37895 0
37919 0
37954 0
37990 0
38065 0
38079 0
38142 0
38147 0
38158 0
38176 0
38186 0
38191 0
38542 0
38600 0
38716 0
38719 0
38720 0
38724 0
38766 0
38784 0
38876 0
38949 0
38987 0
39020 0
39033 0
39062 0
39065 0
39074 0
39075 0
39096 0
39107 0
39116 0
39238 0
39260 0
39300 0
39316 0
39345 0
39357 0
39433 0
39459 0
39577 0
39607 0
39775 0
39811 0
39814 0
39820 0
39938 0
39950 0
39971 0
39986 0
40037 0
40157 0
40253 0
40278 0
40302 0
40391 0
40550 0
40578 0
40753 0
40774 0
40788 0
41016 0
41064 0
41080 0
41181 0
41373 0
41385 0
41399 0
41403 0
41432 0
41471 0
41496 0
41618 0
41622 0
41632 0
41648 0
41652 0
41694 0
41747 0
41750 0
41852 0
41920 0
41958 0
41974 0
42004 0
42177 0
42185 0
42192 0
42212 0
42254 0
42260 0
42324 0
42365 0
42378 0
42424 0
42441 0
42465 0
42526 0
42655 0
42720 0
42730 0
42743 0
42812 0
42896 0
42924 0
42996 0
43053 0
43211 0
43244 0
43268 0
43277 0
43303 0
43337 0
43366 0
43415 0
43445 0
43607 0
43662 0
43766 0
43776 0
43799 0
43819 0
43891 0
43941 0
44049 0
44106 0
44208 0
44250 0
44307 0
44359 0
44403 0
44439 0
44487 0
44494 0
44531 0
44540 0
44571 0
44572 0
44590 0
44607 0
44680 0
44869 0
44886 0
44898 0
44920 0
44938 0
44957 0
44960 0
45068 0
45190 0
45215 0
45366 0
45381 0
45485 0
45500 0
45510 0
45535 0
45537 0
45561 0
45679 0
45788 0
45802 0
45808 0
45828 0
45837 0
45871 0
46014 0
46137 0
46172 0
46176 0
46180 0
46202 0
46206 0
46223 0
46238 0
46247 0
46433 0
46499 0
46501 0
46555 0
46638 0
46683 0
46697 0
46714 0
46751 0
46832 0
46897 0
46961 0
47054 0
47095 0
47123 0
47146 0
47346 0
47360 0
47375 0
47386 0
47480 0
47490 0
47582 0
47606 0
47718 0
47813 0
47889 0
47913 0
47929 0
47942 0
47957 0
47963 0
47967 0
47974 0
48002 0
48005 0
48039 0
48057 0
48245 0
48290 0
48306 0
48328 0
48342 0
48386 0
48473 0
48497 0
48662 0
48670 0
48756 0
48805 0
48828 0
48924 0
48936 0
48967 0
48976 0
49021 0
49033 0
49089 0
49129 0
49215 0
49240 0
49247 0
49250 0
49315 0
49345 0
49392 0
49410 0
49465 0
49476 0
49528 0
49583 0
49602 0
49645 0
49718 0
49783 0
49837 0
49910 0
49959 0
49996 0
50083 0
50084 0
50095 0
50124 0
50184 0
50198 0
50235 0
50340 0
50478 0
50500 0
50513 0
50539 0
50541 0
50550 0
50570 0
50579 0
50642 0
50707 0
50737 0
50770 0
50906 0
51075 0
51099 0
51106 0
51109 0
51186 0
51201 0
51204 0
51246 0
51272 0
51280 0
51303 0
51346 0
51349 0
51353 0
51447 0
51511 0
51548 0
51582 0
51590 0
51596 0
51612 0
51632 0
51633 0
51644 0
51688 0
51697 0
51708 0
51720 0
51774 0
51813 0
51838 0
51878 0
51882 0
51966 0
52104 0
52143 0
52178 0
52311 0
52320 0
52439 0
52471 0
52474 0
52545 0
52602 0
52746 0
52771 0
52784 0
52883 0
52983 0
53095 0
53130 0
53183 0
53229 0
53266 0
53279 0
53285 0
53289 0
53303 0
53319 0
53370 0
53371 0
53380 0
53395 0
53422 0
53442 0
53469 0
53483 0
53496 0
53545 0
53548 0
53592 0
53607 0
53724 0
53752 0
53763 0
53774 0
53786 0
53824 0
53829 0
53833 0
53870 0
53994 0
54092 0
54098 0
54198 0
54229 0
54303 0
54442 0
54461 0
54480 0
54620 0
54655 0
54764 0
54808 0
54877 0
54937 0
54940 0
54991 0
55008 0
55084 0
55090 0
55210 0
55237 0
55256 0
55354 0
55379 0
55413 0
55456 0
55461 0
55469 0
55491 0
55530 0
55579 0
55585 0
55636 0
55698 0
55733 0
55737 0
55764 0
55848 0
55901 0
55959 0
55969 0
56081 0
56140 0
56214 0
56252 0
56315 0
56386 0
56445 0
56483 0
56528 0
56572 0
56613 0
56660 0
56693 0
56747 0
56924 0
56945 0
57089 0
57102 0
57121 0
57137 0
57159 0
57183 0
57191 0
57283 0
57296 0
57321 0
57524 0
57601 0
57611 0
57680 0
57741 0
57750 0
57780 0
57813 0
57829 0
57863 0
57880 0
57885 0
57889 0
57913 0
57939 0
57946 0
58020 0
58023 0
58051 0
58070 0
58087 0
58163 0
58209 0
58263 0
58278 0
58312 0
58334 0
58345 0
58352 0
58389 0
58393 0
58404 0
58516 0
58549 0
58602 0
58627 0
58711 0
58871 0
58904 0
58921 0
58954 0
58979 0
58995 0
58997 0
59122 0
59123 0
59150 0
59215 0
59235 0
59242 0
59393 0
59396 0
59406 0
59442 0
59581 0
59608 0
59629 0
59664 0
59691 0
59752 0
59800 0
59804 0
59807 0
59808 0
59847 0
59915 0
59916 0
59977 0
60089 0
60095 0
60158 0
60181 0
60183 0
60264 0
60278 0
60329 0
60350 0
60462 0
60487 0
60535 0
60718 0
60980 0
61126 0
61156 0
61207 0
61250 0
61356 0
61477 0
61504 0
61515 0
61522 0
61600 0
61646 0
61791 0
61806 0
61866 0
61988 0
62112 0
62177 0
62202 0
62227 0
62303 0
62349 0
62355 0
62391 0
62574 0
62583 0
62680 0
62700 0
62709 0
62749 0
62881 0
62886 0
63075 0
63110 0
63251 0
63267 0
63282 0
63296 0
63298 0
63320 0
63387 0
63402 0
63445 0
63490 0
63611 0
63634 0
63736 0
63835 0
63953 0
64036 0
64091 0
64131 0
64157 0
64187 0
64203 0
64255 0
64319 0
64335 0
64396 0
64404 0
64411 0
64468 0
64630 0
64650 0
64666 0
64681 0
64693 0
64707 0
64778 0
64814 0
65108 0
65198 0
65228 0
65340 0
65387 0
65399 0
65419 0
65431 0
65498 0
65545 0
65553 0
65556 0
65643 0
65677 0
65719 0
65740 0
65778 0
65805 0
65807 0
65816 0
65878 0
65909 0
65918 0
65963 0
66063 0
66133 0
66212 0
66314 0
66386 0
66463 0
66507 0
66548 0
66558 0
66628 0
66636 0
66727 0
66732 0
66913 0
67050 0
67095 0
67146 0
67171 0
67190 0
67207 0
67241 0
67260 0
67288 0
67311 0
67379 0
67388 0
67400 0
67549 0
67614 0
67646 0
67700 0
67769 0
67886 0
67989 0
67993 0
68001 0
68002 0
68135 0
68191 0
68206 0
68283 0
68299 0
68313 0
68327 0
68364 0
68392 0
68443 0
68473 0
68571 0
68634 0
68748 0
68752 0
68883 0
69010 0
69072 0
69250 0
69425 0
69459 0
69487 0
69522 0
69563 0
69620 0
69659 0
69690 0
69754 0
69802 0
69827 0
69858 0
69988 0
69991 0
69992 0
70080 0
70206 0
70304 0
70338 0
70383 0
70446 0
70494 0
70526 0
70589 0
70872 0
70970 0
71030 0
71051 0
71160 0
71208 0
71261 0
71275 0
71439 0
71480 0
71584 0
71673 0
71675 0
71778 0
71820 0
71894 0
71917 0
71937 0
72017 0
72143 0
72155 0
72228 0
72233 0
72289 0
72309 0
72508 0
72524 0
72604 0
72607 0
72846 0
72874 0
72971 0
73037 0
73060 0
73138 0
73142 0
73199 0
73252 0
73345 0
73443 0
73482 0
73483 0
73487 0
73537 0
73618 0
73770 0
73785 0
73797 0
73835 0
73845 0
73881 0
73926 0
73995 0
74038 0
74084 0
74157 0
74175 0
74211 0
74263 0
74311 0
74313 0
74503 0
74509 0
74511 0
74575 0
74654 0
74660 0
74707 0
74739 0
74763 0
74774 0
74785 0
74796 0
74816 0
74868 0
74886 0
74976 0
74983 0
75019 0
75040 0
75090 0
75108 0
75112 0
75159 0
75265 0
75288 0
75319 0
75321 0
75351 0
75394 0
75418 0
75470 0
75535 0
75580 0
75619 0
75693 0
75761 0
75801 0
75924 0
75927 0
76010 0
76078 0
76133 0
76202 0
76224 0
76339 0
76394 0
76482 0
76506 0
76514 0
76626 0
76663 0
76734 0
76842 0
76934 0
76947 0
76959 0
76977 0
76982 0
76992 0
77070 0
77083 0
77138 0
77166 0
77185 0
77228 0
77239 0
77276 0
77324 0
77331 0
77388 0
77443 0
77559 0
77681 0
77682 0
77692 0
77713 0
77722 0
77743 0
77746 0
77777 0
77844 0
77878 0
77901 0
77922 0
77933 0
77951 0
77954 0
77966 0
77978 0
78037 0
78077 0
78084 0
78181 0
78303 0
78334 0
78418 0
78477 0
78587 0
78601 0
78619 0
78670 0
78739 0
78890 0
78949 0
78980 0
79017 0
79050 0
79091 0
79180 0
79204 0
79270 0
79380 0
79587 0
79595 0
79618 0
79671 0
79720 0
79747 0
79858 0
79870 0
79896 0
79968 0
80001 0
80002 0
80062 0
80098 0
80219 0
80284 0
80293 0
80426 0
80447 0
80629 0
80671 0
80864 0
80867 0
80892 0
80952 0
80978 0
81038 0
81145 0
81229 0
81275 0
81307 0
81396 0
81402 0
81423 0
81455 0
81482 0
81555 0
81717 0
81756 0
81838 0
81856 0
81864 0
81945 0
82105 0
82176 0
82180 0
82276 0
82291 0
82296 0
82335 0
82374 0
82421 0
82520 0
82525 0
82535 0
82552 0
82575 0
82617 0
82620 0
82626 0
82759 0
82777 0
82825 0
82891 0
82990 0
83021 0
83048 0
83110 0
83118 0
83244 0
83309 0
83343 0
83417 0
83467 0
83471 0
83498 0
83517 0
83538 0
83618 0
83662 0
83769 0
83856 0
83879 0
83946 0
83980 0
84012 0
84148 0
84314 0
84413 0
84490 0
84554 0
84555 0
84558 0
84694 0
84723 0
84858 0
84877 0
84960 0
85088 0
85125 0
85129 0
85155 0
85282 0
85372 0
85389 0
85450 0
85510 0
85538 0
85567 0
85571 0
85630 0
85695 0
85699 0
85704 0
85715 0
85738 0
85755 0
85763 0
85782 0
85812 0
85857 0
85893 0
85979 0
86002 0
86005 0
86064 0
86102 0
86122 0
86154 0
86276 0
86316 0
86363 0
86395 0
86427 0
86467 0
86475 0
86552 0
86695 0
86774 0
86786 0
86848 0
86928 0
86937 0
86988 0
87003 0
87020 0
87032 0
87120 0
87285 0
87408 0
87490 0
87560 0
87621 0
87656 0
87680 0
87682 0
87743 0
87754 0
87798 0
87803 0
87853 0
87879 0
88048 0
88233 0
88258 0
88283 0
88378 0
88391 0
88426 0
88485 0
88702 0
88840 0
88872 0
88938 0
88977 0
89038 0
89054 0
89066 0
89190 0
89268 0
89287 0
89290 0
89358 0
89361 0
89388 0
89396 0
89452 0
89484 0
89675 0
89708 0
89717 0
89776 0
89828 0
89952 0
89988 0
90033 0
90109 0
90112 0
90125 0
90134 0
90154 0
90180 0
90246 0
90254 0
90267 0
90297 0
90363 0
90382 0
90387 0
90442 0
90469 0
90496 0
90570 0
90595 0
90623 0
90695 0
90729 0
90755 0
90756 0
90800 0
90828 0
90845 0
90854 0
91009 0
91073 0
91108 0
91175 0
91200 0
91260 0
91313 0
91333 0
91334 0
91341 0
91344 0
91396 0
91431 0
91573 0
91685 0
91755 0
91766 0
91798 0
91805 0
91856 0
91873 0
91923 0
91934 0
92001 0
92013 0
92154 0
92171 0
92210 0
92224 0
92277 0
92282 0
92331 0
92436 0
92577 0
92580 0
92632 0
92738 0
92804 0
92841 0
92897 0
92908 0
92927 0
93029 0
93114 0
93154 0
93191 0
93202 0
93264 0
93446 0
93518 0
93522 0
93540 0
93564 0
93609 0
93636 0
93639 0
93641 0
93739 0
93756 0
93816 0
93845 0
93850 0
93875 0
94048 0
94073 0
94095 0
94130 0
94234 0
94291 0
94310 0
94337 0
94352 0
94392 0
94448 0
94468 0
94479 0
94490 0
94521 0
94567 0
94623 0
94642 0
94686 0
94737 0
94743 0
94747 0
94773 0
94796 0
94826 0
94992 0
95182 0
95186 0
95214 0
95268 0
95420 0
95479 0
95487 0
95527 0
95566 0
95634 0
95648 0
95674 0
95689 0
95696 0
95712 0
95763 0
95772 0
95794 0
95829 0
96021 0
96061 0
96072 0
96195 0
96249 0
96306 0
96322 0
96395 0
96405 0
96498 0
96501 0
96567 0
96579 0
96614 0
96644 0
96685 0
96711 0
96760 0
96775 0
96793 0
96806 0
96830 0
96882 0
96932 0
96995 0
97013 0
97055 0
97234 0
97238 0
97333 0
97339 0
97352 0
97395 0
97408 0
97442 0
97465 0
97492 0
97516 0
97641 0
97675 0
97736 0
97801 0
97921 0
98011 0
98034 0
98083 0
98131 0
98137 0
98180 0
98189 0
98246 0
98354 0
98356 0
98390 0
98402 0
98431 0
98463 0
98605 0
98659 0
98749 0
98796 0
98848 0
98869 0
98928 0
98944 0
98982 0
99063 0
99085 0
99175 0
99234 0
99267 0
99318 0
99330 0
99415 0
99437 0
99474 0
99477 0
99501 0
99502 0
99536 0
99572 0
99613 0
99663 0
99704 0
99722 0
99910 0
99992 0
99993 0
