c This is a uniform distributed  1-D DIMACS file 
c width height point_number
p 100000 100000 2048
77 0
82 0
90 0
120 0
123 0
172 0
178 0
203 0
204 0
285 0
308 0
413 0
469 0
533 0
577 0
626 0
649 0
695 0
778 0
826 0
837 0
895 0
951 0
953 0
958 0
984 0
1120 0
1175 0
1215 0
1249 0
1275 0
1305 0
1336 0
1425 0
1622 0
1638 0
1639 0
1671 0
1703 0
1858 0
1929 0
1962 0
1992 0
1998 0
2020 0
2045 0
2106 0
2186 0
2197 0
2244 0
2308 0
2350 0
2417 0
2434 0
2460 0
2541 0
2584 0
2593 0
2601 0
2602 0
2701 0
2788 0
2844 0
2895 0
2957 0
2975 0
2985 0
3018 0
3041 0
3125 0
3219 0
3245 0
3270 0
3280 0
3294 0
3296 0
3371 0
3442 0
3663 0
3685 0
3791 0
3833 0
3834 0
3864 0
3878 0
4015 0
4075 0
4084 0
4125 0
4222 0
4243 0
4251 0
4255 0
4316 0
4410 0
4415 0
4436 0
4533 0
4578 0
4595 0
4661 0
4662 0
4685 0
4695 0
4735 0
4759 0
4828 0
4904 0
4924 0
4955 0
4986 0
5037 0
5047 0
5063 0
5118 0
5147 0
5209 0
5234 0
5245 0
5271 0
5387 0
5424 0
5502 0
5514 0
5548 0
5635 0
5715 0
5798 0
5842 0
5864 0
5879 0
5904 0
5910 0
5933 0
6014 0
6083 0
6201 0
6256 0
6293 0
6422 0
6438 0
6441 0
6464 0
6539 0
6544 0
6691 0
6717 0
6747 0
6857 0
6874 0
6901 0
7006 0
7028 0
7094 0
7109 0
7163 0
7195 0
7221 0
7386 0
7391 0
7410 0
7419 0
7455 0
7456 0
7457 0
7518 0
7542 0
7574 0
7652 0
7781 0
7835 0
7841 0
7946 0
7950 0
7952 0
7972 0
8013 0
8058 0
8060 0
8120 0
8154 0
8227 0
8236 0
8307 0
8382 0
8385 0
8523 0
8579 0
8593 0
8690 0
8703 0
8711 0
8785 0
8950 0
8974 0
9141 0
9247 0
9335 0
9404 0
9467 0
9535 0
9547 0
9564 0
9640 0
9648 0
9676 0
9891 0
9981 0
9994 0
10032 0
10039 0
10099 0
10155 0
10211 0
10307 0
10308 0
10469 0
10476 0
10537 0
10544 0
10561 0
10656 0
10677 0
10689 0
10717 0
10770 0
10827 0
10834 0
10838 0
10841 0
10843 0
10853 0
10912 0
10943 0
11006 0
11091 0
11128 0
11208 0
11236 0
11281 0
11354 0
11488 0
11504 0
11561 0
11635 0
11796 0
11803 0
11892 0
11902 0
11942 0
12022 0
12023 0
12106 0
12130 0
12175 0
12348 0
12372 0
12485 0
12514 0
12527 0
12598 0
12622 0
12682 0
12727 0
12747 0
12798 0
12799 0
12877 0
13000 0
13106 0
13123 0
13246 0
13487 0
13562 0
13587 0
13596 0
13616 0
13619 0
13620 0
13744 0
13779 0
13956 0
13961 0
14017 0
14025 0
14044 0
14057 0
14204 0
14312 0
14317 0
14382 0
14483 0
14524 0
14550 0
14555 0
14591 0
14667 0
14800 0
14819 0
14895 0
14953 0
14972 0
14995 0
15031 0
15041 0
15051 0
15062 0
15110 0
15302 0
15331 0
15347 0
15443 0
15456 0
15572 0
15695 0
15937 0
15960 0
15975 0
16038 0
16056 0
16125 0
16135 0
16169 0
16253 0
16257 0
16283 0
16301 0
16329 0
16335 0
16359 0
16394 0
16409 0
16510 0
16523 0
16551 0
16580 0
16611 0
16641 0
16665 0
16667 0
16673 0
16797 0
16799 0
16807 0
16809 0
16840 0
16890 0
16899 0
16962 0
16997 0
17159 0
17163 0
17227 0
17248 0
17254 0
17263 0
17290 0
17388 0
17433 0
17438 0
17474 0
17483 0
17484 0
17592 0
17640 0
17775 0
17779 0
17815 0
17836 0
17879 0
17897 0
18012 0
18044 0
18082 0
18084 0
18121 0
18175 0
18187 0
18211 0
18332 0
18397 0
18457 0
18599 0
18689 0
18846 0
18861 0
18894 0
19037 0
19088 0
19101 0
19103 0
19114 0
19181 0
19242 0
19279 0
19316 0
19374 0
19535 0
19662 0
19709 0
19724 0
19756 0
19805 0
19808 0
19873 0
19939 0
19973 0
20026 0
20095 0
20145 0
20162 0
20188 0
20251 0
20387 0
20489 0
20519 0
20689 0
20725 0
20785 0
20826 0
20874 0
20875 0
20886 0
20921 0
20930 0
20988 0
21069 0
21087 0
21139 0
21171 0
21246 0
21286 0
21306 0
21353 0
21464 0
21520 0
21696 0
21713 0
21748 0
21787 0
21812 0
21813 0
21847 0
21878 0
21930 0
21975 0
21990 0
21992 0
21993 0
22108 0
22229 0
22259 0
22320 0
22445 0
22464 0
22523 0
22543 0
22558 0
22560 0
22717 0
22744 0
22746 0
22749 0
22769 0
22781 0
22822 0
22829 0
22851 0
22898 0
22952 0
22960 0
22968 0
23046 0
23050 0
23133 0
23190 0
23315 0
23318 0
23331 0
23389 0
23414 0
23439 0
23445 0
23446 0
23604 0
23609 0
23630 0
23701 0
23707 0
23766 0
23779 0
23812 0
23814 0
23876 0
23933 0
23992 0
23996 0
24111 0
24243 0
24267 0
24276 0
24296 0
24315 0
24403 0
24424 0
24501 0
24537 0
24564 0
24606 0
24673 0
24682 0
24794 0
24846 0
24892 0
24982 0
25000 0
25205 0
25211 0
25217 0
25292 0
25405 0
25437 0
25478 0
25497 0
25534 0
25603 0
25671 0
25716 0
25721 0
25774 0
25827 0
25886 0
25934 0
26071 0
26103 0
26320 0
26468 0
26549 0
26584 0
26817 0
26903 0
26954 0
26981 0
27020 0
27046 0
27148 0
27149 0
27171 0
27213 0
27310 0
27335 0
27383 0
27417 0
27427 0
27585 0
27691 0
27700 0
27716 0
27837 0
27851 0
27890 0
27924 0
27941 0
27942 0
27972 0
27997 0
28036 0
28040 0
28044 0
28093 0
28112 0
28207 0
28216 0
28294 0
28374 0
28380 0
28434 0
28441 0
28444 0
28641 0
28666 0
28707 0
28710 0
28761 0
28816 0
28841 0
28849 0
28933 0
28953 0
28969 0
29073 0
29075 0
29090 0
29233 0
29301 0
29349 0
29358 0
29368 0
29377 0
29463 0
29478 0
29515 0
29541 0
29591 0
29735 0
29738 0
29874 0
29990 0
30015 0
30255 0
30262 0
30298 0
30299 0
30399 0
30426 0
30430 0
30547 0
30563 0
30674 0
30728 0
30734 0
30755 0
30782 0
30849 0
30991 0
31047 0
31123 0
31161 0
31165 0
31177 0
31234 0
31257 0
31288 0
31344 0
31392 0
31430 0
31455 0
31468 0
31542 0
31553 0
31577 0
31640 0
31643 0
31719 0
31877 0
31884 0
31887 0
32024 0
32046 0
32107 0
32225 0
32261 0
32324 0
32571 0
32584 0
32611 0
32625 0
32678 0
32695 0
32705 0
32727 0
32776 0
32805 0
32961 0
33034 0
33098 0
33158 0
33187 0
33215 0
33343 0
33360 0
33413 0
33427 0
33469 0
33535 0
33641 0
33688 0
33705 0
33755 0
33758 0
33788 0
33832 0
33883 0
33885 0
33936 0
33951 0
34001 0
34014 0
34096 0
34126 0
34145 0
34146 0
34188 0
34242 0
34247 0
34351 0
34530 0
34535 0
34600 0
34658 0
34678 0
34695 0
34718 0
34822 0
34825 0
34839 0
34991 0
35010 0
35020 0
35108 0
35155 0
35160 0
35304 0
35311 0
35330 0
35457 0
35459 0
35479 0
35554 0
35621 0
35654 0
35668 0
35681 0
35792 0
35815 0
35935 0
35941 0
35964 0
35969 0
35981 0
36026 0
36146 0
36184 0
36222 0
36258 0
36316 0
36336 0
36432 0
36570 0
36609 0
36618 0
36704 0
36725 0
36884 0
36938 0
36994 0
37040 0
37067 0
37078 0
37142 0
37151 0
37228 0
37286 0
37301 0
37323 0
37326 0
37339 0
37396 0
37428 0
37468 0
37469 0
37491 0
37542 0
37596 0
37602 0
37607 0
37686 0
37745 0
37869 0
37875 0
38008 0
38075 0
38078 0
38219 0
38228 0
38251 0
38267 0
38269 0
38337 0
38338 0
38373 0
38403 0
38443 0
38474 0
38511 0
38563 0
38583 0
38627 0
38741 0
38765 0
38817 0
38834 0
38877 0
38909 0
39067 0
39073 0
39088 0
39102 0
39143 0
39151 0
39165 0
39200 0
39214 0
39232 0
39276 0
39305 0
39392 0
39425 0
39456 0
39469 0
39508 0
39563 0
39570 0
39611 0
39672 0
39675 0
39748 0
39755 0
39773 0
39847 0
39867 0
40010 0
40012 0
40052 0
40091 0
40098 0
40153 0
40213 0
40239 0
40261 0
40335 0
40370 0
40406 0
40479 0
40554 0
40624 0
40639 0
40721 0
40736 0
40794 0
40872 0
40879 0
40914 0
40957 0
41125 0
41162 0
41190 0
41227 0
41286 0
41293 0
41314 0
41434 0
41506 0
41512 0
41521 0
41592 0
41631 0
41633 0
41648 0
41725 0
41784 0
41928 0
41952 0
41968 0
42097 0
42170 0
42215 0
42269 0
42289 0
42291 0
42303 0
42378 0
42407 0
42479 0
42512 0
42541 0
42655 0
42680 0
42716 0
42743 0
42985 0
43033 0
43178 0
43251 0
43314 0
43383 0
43384 0
43399 0
43427 0
43459 0
43521 0
43551 0
43627 0
43630 0
43667 0
43740 0
43756 0
43826 0
43981 0
44018 0
44064 0
44117 0
44125 0
44185 0
44212 0
44378 0
44409 0
44454 0
44553 0
44564 0
44680 0
44716 0
44770 0
44825 0
44833 0
44859 0
45003 0
45005 0
45060 0
45149 0
45268 0
45286 0
45345 0
45369 0
45433 0
45464 0
45571 0
45616 0
45635 0
45638 0
45785 0
45796 0
45839 0
45846 0
45887 0
45975 0
46060 0
46138 0
46248 0
46329 0
46366 0
46489 0
46510 0
46519 0
46529 0
46585 0
46647 0
46689 0
46704 0
46707 0
46788 0
46814 0
46853 0
46886 0
46887 0
46900 0
47010 0
47047 0
47117 0
47185 0
47194 0
47228 0
47277 0
47281 0
47342 0
47360 0
47520 0
47605 0
47634 0
47674 0
47694 0
47695 0
47794 0
47924 0
47931 0
48050 0
48253 0
48287 0
48288 0
48374 0
48429 0
48439 0
48450 0
48455 0
48484 0
48521 0
48640 0
48671 0
48743 0
48751 0
48762 0
48763 0
48798 0
48803 0
48872 0
48895 0
49000 0
49064 0
49066 0
49155 0
49169 0
49240 0
49332 0
49344 0
49351 0
49356 0
49441 0
49510 0
49525 0
49541 0
49561 0
49565 0
49598 0
49684 0
49688 0
49775 0
49870 0
49884 0
49942 0
50121 0
50125 0
50133 0
50155 0
50170 0
50263 0
50270 0
50297 0
50301 0
50304 0
50379 0
50414 0
50432 0
50485 0
50495 0
50609 0
50638 0
50665 0
50706 0
50810 0
50874 0
50959 0
50967 0
51103 0
51481 0
51524 0
51560 0
51584 0
51599 0
51602 0
51621 0
51636 0
51682 0
51729 0
51734 0
51764 0
51880 0
51896 0
51945 0
51988 0
52041 0
52114 0
52144 0
52227 0
52238 0
52326 0
52345 0
52367 0
52377 0
52394 0
52399 0
52448 0
52461 0
52514 0
52557 0
52765 0
52802 0
52874 0
52881 0
52883 0
52908 0
52914 0
52942 0
52972 0
52977 0
53006 0
53126 0
53137 0
53145 0
53150 0
53196 0
53211 0
53280 0
53410 0
53462 0
53492 0
53496 0
53551 0
53565 0
53585 0
53642 0
53892 0
53972 0
53987 0
54070 0
54113 0
54139 0
54229 0
54253 0
54272 0
54318 0
54349 0
54385 0
54499 0
54610 0
54621 0
54688 0
54765 0
54845 0
54858 0
54859 0
54867 0
54887 0
54943 0
54945 0
54958 0
54963 0
54997 0
55047 0
55203 0
55231 0
55702 0
55720 0
55735 0
55825 0
55827 0
55828 0
55884 0
55888 0
56027 0
56072 0
56099 0
56123 0
56126 0
56237 0
56246 0
56418 0
56430 0
56497 0
56511 0
56766 0
56856 0
56863 0
56956 0
57048 0
57086 0
57090 0
57222 0
57278 0
57333 0
57349 0
57384 0
57397 0
57431 0
57432 0
57663 0
57690 0
57806 0
57818 0
57911 0
58051 0
58077 0
58114 0
58155 0
58159 0
58163 0
58170 0
58198 0
58290 0
58315 0
58445 0
58471 0
58527 0
58533 0
58563 0
58567 0
58607 0
58699 0
58755 0
58892 0
59032 0
59098 0
59107 0
59109 0
59175 0
59202 0
59285 0
59288 0
59303 0
59346 0
59350 0
59416 0
59436 0
59507 0
59607 0
59624 0
59853 0
59865 0
59896 0
59942 0
59977 0
59981 0
60003 0
60145 0
60203 0
60212 0
60265 0
60309 0
60381 0
60425 0
60453 0
60532 0
60543 0
60619 0
60626 0
60655 0
60682 0
60730 0
60734 0
60741 0
60871 0
60903 0
61189 0
61282 0
61355 0
61388 0
61413 0
61463 0
61532 0
61577 0
61587 0
61649 0
61754 0
61779 0
61835 0
61850 0
61908 0
62031 0
62039 0
62148 0
62221 0
62275 0
62309 0
62324 0
62351 0
62388 0
62415 0
62452 0
62462 0
62493 0
62504 0
62593 0
62600 0
62616 0
62629 0
62806 0
62855 0
62890 0
62947 0
62984 0
63039 0
63076 0
63084 0
63121 0
63125 0
63153 0
63231 0
63606 0
63672 0
63702 0
63729 0
63744 0
63907 0
64017 0
64078 0
64079 0
64120 0
64138 0
64152 0
64208 0
64296 0
64310 0
64362 0
64375 0
64395 0
64397 0
64443 0
64525 0
64596 0
64641 0
64648 0
64663 0
64733 0
64758 0
64760 0
64773 0
64792 0
64885 0
64906 0
64912 0
64936 0
64938 0
65144 0
65193 0
65233 0
65262 0
65287 0
65313 0
65355 0
65506 0
65597 0
65737 0
65750 0
65889 0
66024 0
66047 0
66232 0
66237 0
66295 0
66316 0
66369 0
66424 0
66465 0
66473 0
66493 0
66552 0
66573 0
66785 0
66792 0
66870 0
66891 0
66949 0
66960 0
67028 0
67033 0
67104 0
67159 0
67205 0
67301 0
67378 0
67391 0
67499 0
67501 0
67519 0
67663 0
67750 0
67772 0
67794 0
67905 0
67912 0
68024 0
68052 0
68134 0
68190 0
68260 0
68318 0
68320 0
68333 0
68339 0
68350 0
68392 0
68427 0
68443 0
68576 0
68578 0
68589 0
68591 0
68610 0
68620 0
68643 0
68665 0
68689 0
68765 0
68766 0
68769 0
68771 0
68812 0
68836 0
68889 0
68969 0
69091 0
69103 0
69161 0
69187 0
69189 0
69212 0
69346 0
69471 0
69553 0
69701 0
69751 0
69760 0
69889 0
69912 0
69945 0
69986 0
69998 0
70053 0
70092 0
70110 0
70170 0
70301 0
70309 0
70339 0
70356 0
70387 0
70402 0
70419 0
70445 0
70480 0
70529 0
70570 0
70621 0
70633 0
70650 0
70722 0
70819 0
70918 0
70960 0
70966 0
70999 0
71141 0
71170 0
71195 0
71213 0
71263 0
71407 0
71431 0
71436 0
71650 0
71651 0
71706 0
71715 0
71742 0
71753 0
71758 0
71764 0
71779 0
71781 0
71814 0
71898 0
71963 0
72063 0
72089 0
72250 0
72348 0
72351 0
72373 0
72376 0
72392 0
72418 0
72423 0
72509 0
72531 0
72550 0
72597 0
72598 0
72793 0
72881 0
72919 0
72985 0
72998 0
73072 0
73093 0
73249 0
73305 0
73336 0
73377 0
73384 0
73405 0
73469 0
73471 0
73507 0
73534 0
73595 0
73629 0
73730 0
73758 0
73783 0
73808 0
73818 0
73833 0
73870 0
73881 0
73915 0
73943 0
73983 0
73988 0
73992 0
74051 0
74185 0
74197 0
74201 0
74206 0
74488 0
74494 0
74498 0
74586 0
74623 0
74661 0
74679 0
74687 0
74704 0
74710 0
74738 0
74740 0
74817 0
74838 0
74988 0
75007 0
75037 0
75062 0
75090 0
75094 0
75114 0
75149 0
75169 0
75282 0
75305 0
75323 0
75353 0
75368 0
75404 0
75427 0
75528 0
75579 0
75622 0
75714 0
75739 0
75783 0
75930 0
75942 0
76016 0
76017 0
76036 0
76043 0
76265 0
76343 0
76346 0
76412 0
76431 0
76490 0
76525 0
76529 0
76550 0
76641 0
76645 0
76648 0
76659 0
76820 0
76834 0
76853 0
76862 0
76901 0
77005 0
77088 0
77102 0
77197 0
77219 0
77305 0
77319 0
77332 0
77333 0
77349 0
77357 0
77419 0
77432 0
77444 0
77469 0
77495 0
77504 0
77506 0
77606 0
77644 0
77648 0
77719 0
77915 0
78006 0
78017 0
78066 0
78078 0
78182 0
78199 0
78226 0
78312 0
78339 0
78348 0
78385 0
78403 0
78541 0
78543 0
78585 0
78591 0
78606 0
78689 0
78701 0
78702 0
78743 0
78766 0
78807 0
78811 0
78847 0
78867 0
78922 0
78933 0
78949 0
79080 0
79131 0
79233 0
79286 0
79316 0
79459 0
79597 0
79717 0
79730 0
79749 0
80013 0
80035 0
80088 0
80242 0
80297 0
80325 0
80368 0
80369 0
80397 0
80407 0
80424 0
80449 0
80512 0
80558 0
80562 0
80599 0
80633 0
80744 0
80802 0
80917 0
80962 0
81103 0
81104 0
81163 0
81168 0
81220 0
81323 0
81539 0
81726 0
81728 0
81740 0
81781 0
81810 0
81816 0
81918 0
81933 0
81942 0
82092 0
82170 0
82392 0
82423 0
82426 0
82430 0
82433 0
82473 0
82476 0
82565 0
82590 0
82636 0
82650 0
82725 0
82726 0
82755 0
82776 0
82785 0
82795 0
82817 0
82883 0
82903 0
82975 0
83028 0
83127 0
83237 0
83258 0
83307 0
83364 0
83585 0
83648 0
83655 0
83658 0
83738 0
83764 0
83845 0
83915 0
83931 0
83967 0
83983 0
84076 0
84083 0
84106 0
84122 0
84148 0
84247 0
84263 0
84295 0
84355 0
84406 0
84450 0
84497 0
84592 0
84677 0
84717 0
84740 0
84741 0
84887 0
84901 0
85029 0
85051 0
85088 0
85105 0
85176 0
85207 0
85248 0
85282 0
85289 0
85319 0
85369 0
85519 0
85534 0
85593 0
85772 0
85797 0
85815 0
85895 0
85972 0
85977 0
85985 0
86071 0
86085 0
86132 0
86320 0
86341 0
86418 0
86489 0
86604 0
86675 0
86764 0
86833 0
86889 0
86893 0
86897 0
86932 0
86955 0
86983 0
86998 0
87013 0
87044 0
87116 0
87151 0
87328 0
87441 0
87596 0
87600 0
87649 0
87660 0
87675 0
87697 0
87722 0
87775 0
87832 0
87864 0
87928 0
88062 0
88065 0
88166 0
88191 0
88192 0
88207 0
88208 0
88214 0
88265 0
88323 0
88353 0
88417 0
88464 0
88500 0
88531 0
88556 0
88558 0
88569 0
88582 0
88679 0
88770 0
88867 0
88873 0
88880 0
88897 0
88932 0
88945 0
88952 0
88973 0
89010 0
89039 0
89124 0
89166 0
89188 0
89216 0
89231 0
89261 0
89279 0
89288 0
89411 0
89424 0
89440 0
89457 0
89550 0
89617 0
89687 0
89715 0
89749 0
89828 0
89833 0
89839 0
89863 0
89868 0
89943 0
89979 0
89988 0
89994 0
90013 0
90134 0
90222 0
90249 0
90399 0
90473 0
90497 0
90516 0
90530 0
90541 0
90566 0
90622 0
90634 0
90658 0
90684 0
90765 0
90845 0
90906 0
91029 0
91055 0
91174 0
91215 0
91222 0
91257 0
91307 0
91430 0
91469 0
91539 0
91560 0
91587 0
91635 0
91704 0
91717 0
91723 0
91773 0
91783 0
91794 0
91817 0
91828 0
91831 0
91851 0
91865 0
91879 0
91892 0
92041 0
92048 0
92061 0
92149 0
92377 0
92392 0
92449 0
92454 0
92480 0
92703 0
92739 0
92743 0
92774 0
92850 0
92859 0
92916 0
92939 0
92984 0
92993 0
93013 0
93029 0
93054 0
93066 0
93084 0
93120 0
93187 0
93236 0
93256 0
93389 0
93495 0
93580 0
93586 0
93592 0
93595 0
93606 0
93614 0
93691 0
93703 0
93779 0
93804 0
93897 0
93927 0
93934 0
93976 0
93977 0
93993 0
93995 0
94038 0
94115 0
94154 0
94157 0
94173 0
94198 0
94297 0
94359 0
94462 0
94469 0
94652 0
94653 0
94774 0
94778 0
94825 0
94917 0
94944 0
95019 0
95026 0
95089 0
95105 0
95193 0
95275 0
95300 0
95301 0
95323 0
95356 0
95390 0
95436 0
95501 0
95536 0
95624 0
95697 0
95809 0
95818 0
95862 0
95916 0
95938 0
95956 0
96008 0
96080 0
96089 0
96264 0
96272 0
96466 0
96485 0
96556 0
96639 0
96649 0
96701 0
96772 0
96784 0
96800 0
96809 0
96833 0
96961 0
96976 0
97010 0
97036 0
97043 0
97132 0
97158 0
97282 0
97457 0
97465 0
97482 0
97694 0
97698 0
97701 0
97761 0
97812 0
97815 0
97846 0
97847 0
97898 0
97911 0
97992 0
98036 0
98051 0
98426 0
98447 0
98465 0
98474 0
98531 0
98560 0
98566 0
98841 0
98850 0
98948 0
98949 0
98973 0
99008 0
99012 0
99041 0
99116 0
99183 0
99220 0
99279 0
99290 0
99308 0
99314 0
99390 0
99451 0
99461 0
99474 0
99495 0
99506 0
99518 0
99553 0
99579 0
99592 0
99657 0
99676 0
99718 0
99730 0
99825 0
99828 0
99832 0
99854 0
99890 0
99919 0
99963 0
99965 0
