c This is a uniform distributed  1-D DIMACS file 
c width height point_number
p 100000 100000 2048
62 0
87 0
161 0
239 0
240 0
246 0
264 0
266 0
313 0
423 0
470 0
516 0
548 0
549 0
570 0
571 0
594 0
655 0
677 0
682 0
741 0
754 0
872 0
942 0
947 0
949 0
958 0
1038 0
1106 0
1315 0
1326 0
1402 0
1461 0
1465 0
1500 0
1667 0
1775 0
1806 0
1823 0
1843 0
1845 0
1889 0
2023 0
2053 0
2279 0
2290 0
2306 0
2373 0
2421 0
2435 0
2498 0
2571 0
2577 0
2578 0
2620 0
2647 0
2756 0
2873 0
2893 0
2937 0
2959 0
2964 0
2997 0
3050 0
3131 0
3190 0
3199 0
3201 0
3209 0
3234 0
3400 0
3443 0
3502 0
3517 0
3541 0
3606 0
3615 0
3654 0
3771 0
3913 0
3921 0
3997 0
4045 0
4109 0
4128 0
4148 0
4207 0
4320 0
4422 0
4443 0
4454 0
4461 0
4484 0
4500 0
4601 0
4607 0
4640 0
4674 0
4780 0
4794 0
4802 0
4856 0
4896 0
5095 0
5096 0
5097 0
5117 0
5149 0
5195 0
5214 0
5314 0
5325 0
5331 0
5354 0
5427 0
5474 0
5482 0
5483 0
5493 0
5516 0
5532 0
5612 0
5693 0
5731 0
5735 0
5759 0
5762 0
5777 0
5826 0
5843 0
5894 0
5939 0
6153 0
6172 0
6181 0
6202 0
6295 0
6300 0
6510 0
6527 0
6588 0
6652 0
6696 0
6697 0
6719 0
6746 0
6793 0
6806 0
6814 0
6854 0
7033 0
7096 0
7123 0
7125 0
7202 0
7238 0
7247 0
7276 0
7323 0
7332 0
7378 0
7416 0
7439 0
7529 0
7574 0
7631 0
7654 0
7734 0
7761 0
7829 0
8000 0
8026 0
8064 0
8134 0
8169 0
8267 0
8308 0
8326 0
8378 0
8415 0
8419 0
8438 0
8546 0
8560 0
8618 0
8825 0
8891 0
8918 0
8966 0
8997 0
9033 0
9142 0
9165 0
9218 0
9224 0
9257 0
9314 0
9326 0
9373 0
9446 0
9475 0
9512 0
9526 0
9549 0
9664 0
9666 0
9670 0
9680 0
9705 0
9721 0
9728 0
9749 0
9823 0
9854 0
9906 0
9979 0
10078 0
10094 0
10132 0
10248 0
10263 0
10368 0
10416 0
10538 0
10551 0
10598 0
10609 0
10623 0
10640 0
10654 0
10660 0
10768 0
10772 0
10778 0
10828 0
10929 0
10948 0
10964 0
10995 0
10999 0
11051 0
11097 0
11157 0
11183 0
11198 0
11335 0
11438 0
11446 0
11562 0
11741 0
11756 0
11780 0
11790 0
11858 0
11866 0
11934 0
11947 0
11959 0
11972 0
11985 0
11999 0
12049 0
12097 0
12182 0
12196 0
12223 0
12257 0
12293 0
12299 0
12332 0
12388 0
12395 0
12398 0
12474 0
12478 0
12481 0
12510 0
12526 0
12532 0
12568 0
12608 0
12682 0
12711 0
12728 0
12780 0
12884 0
12931 0
12981 0
13088 0
13142 0
13160 0
13226 0
13236 0
13247 0
13291 0
13308 0
13327 0
13396 0
13437 0
13469 0
13497 0
13598 0
13614 0
13683 0
13842 0
13887 0
14071 0
14072 0
14119 0
14146 0
14155 0
14166 0
14188 0
14223 0
14258 0
14271 0
14318 0
14330 0
14388 0
14402 0
14412 0
14515 0
14625 0
14725 0
14740 0
14775 0
14793 0
14863 0
14883 0
14894 0
14903 0
14970 0
14989 0
15149 0
15165 0
15170 0
15208 0
15240 0
15285 0
15344 0
15345 0
15417 0
15466 0
15492 0
15537 0
15541 0
15560 0
15608 0
15625 0
15641 0
15656 0
15766 0
15857 0
15869 0
16080 0
16204 0
16217 0
16302 0
16329 0
16379 0
16408 0
16424 0
16434 0
16440 0
16608 0
16736 0
16740 0
16747 0
16785 0
16809 0
16911 0
16922 0
16983 0
16991 0
17027 0
17029 0
17035 0
17058 0
17072 0
17150 0
17253 0
17339 0
17342 0
17373 0
17392 0
17451 0
17512 0
17583 0
17584 0
17592 0
17623 0
17738 0
17941 0
17987 0
18039 0
18050 0
18069 0
18070 0
18095 0
18288 0
18439 0
18465 0
18523 0
18582 0
18626 0
18638 0
18649 0
18665 0
18676 0
18684 0
18699 0
18703 0
18714 0
18738 0
18772 0
18930 0
19019 0
19054 0
19192 0
19459 0
19499 0
19646 0
19657 0
19787 0
19913 0
20059 0
20097 0
20129 0
20135 0
20170 0
20181 0
20274 0
20326 0
20361 0
20370 0
20394 0
20468 0
20482 0
20491 0
20492 0
20497 0
20577 0
20660 0
20705 0
20730 0
20851 0
20886 0
20926 0
20945 0
21004 0
21013 0
21090 0
21309 0
21325 0
21332 0
21343 0
21367 0
21392 0
21444 0
21521 0
21535 0
21571 0
21726 0
21879 0
21922 0
22006 0
22010 0
22012 0
22015 0
22026 0
22034 0
22043 0
22063 0
22088 0
22089 0
22107 0
22153 0
22276 0
22311 0
22395 0
22404 0
22479 0
22533 0
22566 0
22614 0
22673 0
22678 0
22759 0
22780 0
22787 0
22794 0
22882 0
22913 0
22964 0
22983 0
23114 0
23205 0
23319 0
23366 0
23532 0
23552 0
23565 0
23621 0
23695 0
23760 0
23786 0
23857 0
23923 0
23945 0
23953 0
23999 0
24016 0
24073 0
24122 0
24140 0
24240 0
24244 0
24342 0
24354 0
24384 0
24430 0
24439 0
24447 0
24464 0
24467 0
24526 0
24531 0
24612 0
24622 0
24655 0
24789 0
24823 0
24861 0
24881 0
24980 0
24986 0
24994 0
25042 0
25061 0
25188 0
25251 0
25253 0
25276 0
25374 0
25405 0
25430 0
25431 0
25447 0
25614 0
25659 0
25672 0
25760 0
25802 0
25891 0
25904 0
25959 0
25978 0
26059 0
26099 0
26276 0
26443 0
26630 0
26692 0
26736 0
26815 0
26855 0
26876 0
27056 0
27067 0
27090 0
27156 0
27449 0
27625 0
27639 0
27735 0
27753 0
27754 0
27755 0
27791 0
27810 0
27814 0
27849 0
27853 0
27857 0
27908 0
27922 0
27941 0
27944 0
28018 0
28074 0
28100 0
28109 0
28176 0
28239 0
28255 0
28358 0
28452 0
28474 0
28477 0
28503 0
28507 0
28508 0
28530 0
28563 0
28574 0
28608 0
28641 0
28793 0
28848 0
28864 0
28918 0
28935 0
28986 0
28989 0
29049 0
29250 0
29256 0
29268 0
29280 0
29297 0
29303 0
29392 0
29393 0
29439 0
29565 0
29571 0
29636 0
29642 0
29680 0
29728 0
29837 0
29928 0
30008 0
30156 0
30216 0
30262 0
30369 0
30402 0
30517 0
30537 0
30550 0
30595 0
30610 0
30617 0
30623 0
30644 0
30768 0
30778 0
30913 0
30926 0
30948 0
30969 0
31013 0
31115 0
31210 0
31233 0
31294 0
31321 0
31386 0
31447 0
31525 0
31529 0
31552 0
31584 0
31590 0
31592 0
31608 0
31623 0
31624 0
31777 0
31795 0
31837 0
31877 0
31915 0
31944 0
32216 0
32262 0
32265 0
32285 0
32294 0
32325 0
32328 0
32329 0
32347 0
32366 0
32367 0
32369 0
32402 0
32422 0
32434 0
32451 0
32473 0
32475 0
32542 0
32743 0
32769 0
32849 0
32905 0
33132 0
33153 0
33188 0
33298 0
33356 0
33405 0
33411 0
33510 0
33532 0
33579 0
33613 0
33648 0
33671 0
33765 0
33914 0
34028 0
34188 0
34265 0
34308 0
34386 0
34438 0
34445 0
34508 0
34527 0
34548 0
34602 0
34654 0
34665 0
34674 0
34712 0
34822 0
34871 0
34985 0
34988 0
35007 0
35040 0
35043 0
35072 0
35106 0
35259 0
35316 0
35347 0
35399 0
35416 0
35505 0
35523 0
35549 0
35590 0
35731 0
35767 0
35769 0
35898 0
35905 0
35972 0
36127 0
36189 0
36223 0
36340 0
36343 0
36354 0
36603 0
36610 0
36641 0
36677 0
36797 0
36860 0
37111 0
37114 0
37163 0
37236 0
37344 0
37372 0
37374 0
37448 0
37476 0
37545 0
37560 0
37576 0
37653 0
37659 0
37732 0
37740 0
37781 0
37877 0
37937 0
38034 0
38037 0
38054 0
38081 0
38140 0
38197 0
38281 0
38282 0
38422 0
38704 0
38708 0
38710 0
38728 0
38781 0
38782 0
38863 0
38869 0
38900 0
38949 0
38963 0
39161 0
39169 0
39172 0
39251 0
39257 0
39359 0
39377 0
39382 0
39437 0
39462 0
39495 0
39501 0
39507 0
39539 0
39607 0
39613 0
39623 0
39728 0
39733 0
39824 0
39874 0
39877 0
39895 0
39928 0
40051 0
40083 0
40172 0
40177 0
40274 0
40275 0
40309 0
40353 0
40362 0
40389 0
40404 0
40424 0
40635 0
40696 0
40914 0
41115 0
41210 0
41242 0
41323 0
41349 0
41355 0
41451 0
41467 0
41479 0
41548 0
41602 0
41655 0
41699 0
41712 0
41859 0
41896 0
41941 0
42048 0
42117 0
42143 0
42176 0
42184 0
42189 0
42220 0
42254 0
42264 0
42425 0
42453 0
42483 0
42630 0
42661 0
42814 0
42839 0
42860 0
42908 0
42947 0
42955 0
43005 0
43040 0
43051 0
43133 0
43151 0
43301 0
43327 0
43435 0
43465 0
43530 0
43621 0
43655 0
43669 0
43692 0
43711 0
43714 0
43846 0
43915 0
44180 0
44305 0
44361 0
44388 0
44462 0
44502 0
44577 0
44632 0
44646 0
44672 0
44796 0
44833 0
44867 0
44875 0
44904 0
44945 0
44958 0
44999 0
45052 0
45072 0
45149 0
45161 0
45349 0
45452 0
45456 0
45522 0
45549 0
45597 0
45636 0
45641 0
45680 0
45694 0
45716 0
45721 0
45891 0
45998 0
46023 0
46090 0
46123 0
46133 0
46150 0
46159 0
46163 0
46231 0
46258 0
46304 0
46311 0
46337 0
46384 0
46451 0
46476 0
46482 0
46561 0
46573 0
46576 0
46669 0
46681 0
46788 0
46950 0
46970 0
47012 0
47039 0
47100 0
47134 0
47139 0
47270 0
47282 0
47323 0
47375 0
47423 0
47449 0
47475 0
47501 0
47534 0
47570 0
47618 0
47651 0
47661 0
47678 0
47716 0
47717 0
47721 0
47722 0
47730 0
47734 0
47757 0
47777 0
47822 0
47832 0
47859 0
47864 0
48056 0
48090 0
48164 0
48220 0
48249 0
48304 0
48419 0
48429 0
48480 0
48554 0
48588 0
48770 0
48775 0
48779 0
48982 0
49064 0
49270 0
49278 0
49322 0
49424 0
49497 0
49549 0
49566 0
49846 0
49879 0
50126 0
50206 0
50211 0
50266 0
50306 0
50336 0
50536 0
50588 0
50591 0
50650 0
50807 0
50914 0
50924 0
50927 0
50941 0
50977 0
50983 0
50998 0
51007 0
51126 0
51181 0
51243 0
51266 0
51274 0
51285 0
51298 0
51313 0
51354 0
51368 0
51388 0
51451 0
51560 0
51623 0
51654 0
51683 0
51752 0
51760 0
51844 0
51851 0
52107 0
52130 0
52189 0
52198 0
52234 0
52247 0
52307 0
52315 0
52329 0
52334 0
52354 0
52355 0
52423 0
52441 0
52463 0
52494 0
52519 0
52602 0
52606 0
52624 0
52630 0
52691 0
52698 0
52820 0
52824 0
52835 0
52895 0
52949 0
52975 0
53184 0
53188 0
53237 0
53256 0
53371 0
53408 0
53419 0
53420 0
53479 0
53489 0
53521 0
53534 0
53569 0
53626 0
53644 0
53810 0
53815 0
53978 0
54003 0
54004 0
54066 0
54145 0
54163 0
54237 0
54241 0
54328 0
54442 0
54563 0
54637 0
54680 0
54726 0
54814 0
54816 0
54843 0
54862 0
54864 0
54890 0
54926 0
54960 0
54977 0
54979 0
55009 0
55104 0
55135 0
55141 0
55146 0
55215 0
55262 0
55278 0
55291 0
55305 0
55308 0
55323 0
55381 0
55463 0
55476 0
55495 0
55512 0
55518 0
55538 0
55613 0
55678 0
55793 0
55813 0
55834 0
55845 0
55856 0
55886 0
55914 0
55928 0
55932 0
55999 0
56033 0
56047 0
56050 0
56062 0
56118 0
56206 0
56303 0
56311 0
56332 0
56353 0
56438 0
56543 0
56826 0
56915 0
56921 0
56966 0
56969 0
56974 0
57020 0
57048 0
57068 0
57108 0
57177 0
57354 0
57355 0
57471 0
57599 0
57636 0
57641 0
57735 0
57810 0
57812 0
57867 0
57868 0
57869 0
57928 0
57964 0
57986 0
58096 0
58098 0
58194 0
58228 0
58318 0
58431 0
58483 0
58529 0
58590 0
58660 0
58694 0
58715 0
58740 0
58791 0
58854 0
58916 0
58933 0
58940 0
58957 0
59026 0
59046 0
59172 0
59178 0
59194 0
59240 0
59243 0
59285 0
59342 0
59424 0
59449 0
59487 0
59593 0
59722 0
59766 0
59782 0
59786 0
59869 0
59908 0
59919 0
60098 0
60173 0
60245 0
60329 0
60343 0
60350 0
60373 0
60596 0
60636 0
60645 0
60666 0
60694 0
60721 0
60766 0
60791 0
60986 0
60996 0
61025 0
61073 0
61090 0
61112 0
61175 0
61176 0
61263 0
61329 0
61341 0
61374 0
61440 0
61457 0
61511 0
61523 0
61533 0
61565 0
61574 0
61583 0
61690 0
61720 0
61747 0
61783 0
61802 0
61830 0
61911 0
61945 0
61950 0
61956 0
61973 0
62075 0
62169 0
62183 0
62211 0
62249 0
62310 0
62328 0
62330 0
62344 0
62363 0
62404 0
62409 0
62481 0
62559 0
62573 0
62586 0
62601 0
62732 0
62783 0
62915 0
63096 0
63117 0
63136 0
63157 0
63206 0
63251 0
63275 0
63279 0
63336 0
63351 0
63380 0
63458 0
63642 0
63662 0
63716 0
63717 0
63741 0
63758 0
63773 0
63821 0
63890 0
63892 0
64004 0
64046 0
64049 0
64086 0
64144 0
64181 0
64200 0
64205 0
64209 0
64254 0
64296 0
64318 0
64339 0
64363 0
64369 0
64376 0
64425 0
64546 0
64618 0
64647 0
64670 0
64676 0
64706 0
64722 0
64791 0
64824 0
64834 0
64965 0
64985 0
65004 0
65051 0
65087 0
65111 0
65158 0
65187 0
65197 0
65423 0
65547 0
65751 0
65818 0
65927 0
65929 0
65954 0
65976 0
66011 0
66018 0
66039 0
66252 0
66375 0
66629 0
66752 0
66755 0
66764 0
66768 0
66874 0
66893 0
66977 0
67095 0
67110 0
67214 0
67259 0
67318 0
67332 0
67347 0
67369 0
67504 0
67606 0
67622 0
67639 0
67861 0
67914 0
67982 0
67984 0
68099 0
68100 0
68124 0
68126 0
68144 0
68165 0
68179 0
68240 0
68252 0
68341 0
68459 0
68522 0
68562 0
68570 0
68596 0
68604 0
68679 0
68746 0
68807 0
68851 0
68865 0
68989 0
69078 0
69126 0
69127 0
69129 0
69160 0
69168 0
69287 0
69350 0
69374 0
69393 0
69402 0
69403 0
69580 0
69598 0
69626 0
69663 0
69688 0
69689 0
69724 0
69745 0
69780 0
69806 0
69850 0
69867 0
69973 0
70021 0
70156 0
70165 0
70187 0
70225 0
70234 0
70249 0
70254 0
70443 0
70452 0
70553 0
70617 0
70734 0
70781 0
70842 0
70899 0
70988 0
71081 0
71101 0
71155 0
71157 0
71167 0
71293 0
71311 0
71361 0
71377 0
71652 0
71702 0
71712 0
71743 0
71820 0
71880 0
72039 0
72271 0
72319 0
72347 0
72399 0
72468 0
72495 0
72507 0
72601 0
72622 0
72681 0
72711 0
72729 0
72814 0
72861 0
72926 0
72937 0
72970 0
73023 0
73074 0
73088 0
73156 0
73203 0
73230 0
73247 0
73253 0
73309 0
73402 0
73532 0
73551 0
73637 0
73678 0
73681 0
73691 0
73736 0
73778 0
73797 0
73842 0
73845 0
73898 0
73906 0
73922 0
73943 0
73959 0
73964 0
73995 0
74007 0
74034 0
74064 0
74070 0
74117 0
74181 0
74213 0
74310 0
74336 0
74338 0
74357 0
74403 0
74411 0
74485 0
74513 0
74591 0
74679 0
74693 0
74711 0
74731 0
74742 0
74744 0
74750 0
74804 0
74820 0
74834 0
74867 0
74887 0
75051 0
75093 0
75187 0
75238 0
75247 0
75264 0
75340 0
75560 0
75637 0
75644 0
75708 0
75747 0
75834 0
75989 0
76024 0
76029 0
76049 0
76054 0
76074 0
76088 0
76174 0
76257 0
76265 0
76317 0
76471 0
76536 0
76601 0
76623 0
76636 0
76654 0
76727 0
76816 0
76817 0
76873 0
76905 0
76932 0
76958 0
76970 0
77018 0
77044 0
77055 0
77105 0
77120 0
77147 0
77203 0
77231 0
77346 0
77416 0
77576 0
77600 0
77605 0
77678 0
77865 0
77874 0
77877 0
77879 0
77927 0
77940 0
78069 0
78077 0
78181 0
78246 0
78334 0
78471 0
78505 0
78530 0
78541 0
78562 0
78587 0
78598 0
78623 0
78715 0
78837 0
78855 0
78863 0
78939 0
78953 0
78985 0
79081 0
79249 0
79257 0
79432 0
79497 0
79519 0
79568 0
79580 0
79641 0
79701 0
79761 0
79769 0
79903 0
79939 0
79946 0
79952 0
79968 0
80062 0
80071 0
80098 0
80128 0
80163 0
80184 0
80231 0
80278 0
80430 0
80462 0
80522 0
80602 0
80634 0
80676 0
80715 0
80751 0
80754 0
80973 0
81014 0
81041 0
81052 0
81088 0
81100 0
81147 0
81228 0
81313 0
81359 0
81392 0
81422 0
81428 0
81541 0
81598 0
81614 0
81652 0
81725 0
81745 0
81768 0
81789 0
81901 0
81905 0
82049 0
82093 0
82130 0
82137 0
82145 0
82268 0
82281 0
82289 0
82331 0
82343 0
82378 0
82392 0
82469 0
82474 0
82543 0
82564 0
82589 0
82604 0
82702 0
82787 0
82828 0
82950 0
83100 0
83106 0
83128 0
83144 0
83162 0
83248 0
83292 0
83320 0
83464 0
83470 0
83489 0
83501 0
83549 0
83601 0
83684 0
83717 0
83749 0
83794 0
83856 0
83919 0
83970 0
84002 0
84028 0
84050 0
84057 0
84094 0
84130 0
84171 0
84218 0
84224 0
84245 0
84248 0
84395 0
84417 0
84509 0
84530 0
84560 0
84604 0
84606 0
84688 0
84788 0
84956 0
85114 0
85238 0
85310 0
85354 0
85394 0
85396 0
85464 0
85493 0
85546 0
85598 0
85621 0
85761 0
85788 0
85857 0
85862 0
85869 0
85885 0
85970 0
85980 0
86053 0
86061 0
86066 0
86088 0
86221 0
86237 0
86306 0
86316 0
86342 0
86526 0
86558 0
86812 0
86813 0
86816 0
86823 0
86837 0
86892 0
86915 0
86987 0
86999 0
87012 0
87015 0
87216 0
87263 0
87267 0
87331 0
87340 0
87455 0
87483 0
87487 0
87519 0
87546 0
87573 0
87582 0
87707 0
87855 0
87890 0
87958 0
88112 0
88137 0
88148 0
88173 0
88181 0
88386 0
88400 0
88406 0
88448 0
88492 0
88552 0
88574 0
88621 0
88678 0
88735 0
88869 0
88911 0
88924 0
88962 0
89101 0
89142 0
89171 0
89178 0
89225 0
89257 0
89393 0
89419 0
89422 0
89516 0
89537 0
89558 0
89569 0
89607 0
89828 0
89877 0
89943 0
90057 0
90063 0
90101 0
90112 0
90125 0
90214 0
90229 0
90277 0
90354 0
90390 0
90449 0
90470 0
90577 0
90655 0
90704 0
90779 0
90831 0
90835 0
90873 0
90892 0
90912 0
90952 0
91011 0
91242 0
91322 0
91331 0
91352 0
91432 0
91445 0
91462 0
91464 0
91540 0
91567 0
91667 0
91783 0
91792 0
91800 0
91809 0
91817 0
91948 0
91961 0
91971 0
92026 0
92106 0
92138 0
92191 0
92274 0
92402 0
92408 0
92441 0
92464 0
92465 0
92466 0
92470 0
92480 0
92525 0
92585 0
92676 0
92733 0
92795 0
92818 0
92825 0
92901 0
92905 0
93034 0
93162 0
93173 0
93301 0
93303 0
93362 0
93366 0
93451 0
93525 0
93543 0
93552 0
93714 0
93734 0
93767 0
93806 0
93808 0
93816 0
93888 0
93909 0
93912 0
93994 0
94021 0
94089 0
94093 0
94118 0
94137 0
94171 0
94201 0
94238 0
94250 0
94251 0
94336 0
94437 0
94455 0
94479 0
94491 0
94503 0
94532 0
94553 0
94565 0
94583 0
94593 0
94599 0
94609 0
94715 0
94742 0
94828 0
94837 0
94860 0
94931 0
95027 0
95033 0
95069 0
95142 0
95151 0
95166 0
95201 0
95223 0
95266 0
95284 0
95289 0
95332 0
95404 0
95506 0
95601 0
95691 0
95759 0
95774 0
95786 0
95826 0
95956 0
95964 0
95994 0
96225 0
96299 0
96318 0
96345 0
96346 0
96422 0
96435 0
96445 0
96483 0
96504 0
96584 0
96622 0
96694 0
96724 0
96735 0
96897 0
96910 0
96918 0
96931 0
97003 0
97143 0
97207 0
97229 0
97250 0
97280 0
97282 0
97325 0
97329 0
97336 0
97346 0
97366 0
97449 0
97525 0
97589 0
97766 0
97774 0
97794 0
97815 0
97953 0
97995 0
98088 0
98146 0
98204 0
98221 0
98301 0
98378 0
98489 0
98604 0
98669 0
98712 0
98714 0
98731 0
98808 0
98824 0
98880 0
98928 0
98938 0
99086 0
99095 0
99121 0
99135 0
99157 0
99182 0
99262 0
99423 0
99479 0
99599 0
99601 0
99649 0
99705 0
99774 0
99797 0
99811 0
99862 0
99908 0
