c This is a uniform distributed  1-D DIMACS file 
c width height point_number
p 100000 100000 2048
56 0
182 0
299 0
367 0
368 0
384 0
440 0
467 0
472 0
537 0
573 0
688 0
716 0
818 0
859 0
905 0
913 0
1061 0
1077 0
1157 0
1197 0
1204 0
1271 0
1314 0
1376 0
1417 0
1419 0
1480 0
1571 0
1763 0
1826 0
1918 0
2003 0
2005 0
2024 0
2025 0
2068 0
2070 0
2143 0
2203 0
2216 0
2243 0
2300 0
2317 0
2359 0
2362 0
2518 0
2628 0
2703 0
2759 0
2940 0
2957 0
3008 0
3078 0
3091 0
3092 0
3215 0
3313 0
3394 0
3407 0
3454 0
3533 0
3548 0
3564 0
3624 0
3659 0
3660 0
3671 0
3797 0
3849 0
3900 0
3988 0
4051 0
4147 0
4205 0
4220 0
4247 0
4252 0
4265 0
4292 0
4332 0
4431 0
4599 0
4665 0
4803 0
4808 0
4821 0
4860 0
4872 0
4898 0
4900 0
4928 0
4965 0
4991 0
5069 0
5091 0
5166 0
5211 0
5280 0
5336 0
5382 0
5425 0
5556 0
5616 0
5629 0
5635 0
5637 0
5661 0
5683 0
5764 0
5868 0
6008 0
6017 0
6036 0
6042 0
6151 0
6173 0
6180 0
6187 0
6399 0
6414 0
6436 0
6486 0
6498 0
6510 0
6570 0
6659 0
6669 0
6673 0
6737 0
6744 0
6923 0
6965 0
6970 0
7001 0
7002 0
7010 0
7026 0
7055 0
7081 0
7153 0
7158 0
7189 0
7213 0
7296 0
7401 0
7409 0
7570 0
7611 0
7617 0
7749 0
7775 0
7782 0
7996 0
8012 0
8049 0
8095 0
8097 0
8102 0
8133 0
8139 0
8148 0
8184 0
8316 0
8377 0
8408 0
8427 0
8480 0
8483 0
8525 0
8579 0
8614 0
8643 0
8644 0
8736 0
8803 0
8829 0
8892 0
8906 0
8914 0
8945 0
8970 0
8989 0
8994 0
9013 0
9130 0
9171 0
9189 0
9218 0
9307 0
9312 0
9328 0
9453 0
9463 0
9532 0
9548 0
9588 0
9591 0
9604 0
9610 0
9646 0
9720 0
9721 0
9728 0
9738 0
9890 0
9897 0
9925 0
9942 0
10002 0
10027 0
10083 0
10112 0
10346 0
10533 0
10565 0
10596 0
10651 0
10888 0
10925 0
10993 0
11102 0
11183 0
11301 0
11308 0
11328 0
11383 0
11447 0
11572 0
11575 0
11587 0
11634 0
11655 0
11665 0
11690 0
11840 0
11864 0
11889 0
11934 0
11973 0
12067 0
12080 0
12207 0
12257 0
12270 0
12280 0
12314 0
12348 0
12408 0
12438 0
12441 0
12460 0
12469 0
12476 0
12479 0
12548 0
12561 0
12667 0
12727 0
12762 0
12773 0
12785 0
12795 0
12878 0
12892 0
12977 0
13037 0
13050 0
13206 0
13252 0
13321 0
13336 0
13339 0
13445 0
13468 0
13481 0
13505 0
13578 0
13594 0
13636 0
13818 0
13931 0
14007 0
14018 0
14108 0
14120 0
14207 0
14214 0
14224 0
14254 0
14315 0
14485 0
14565 0
14705 0
14737 0
14749 0
14821 0
14865 0
14867 0
14918 0
14992 0
15175 0
15193 0
15342 0
15378 0
15390 0
15443 0
15519 0
15579 0
15617 0
15628 0
15635 0
15655 0
15714 0
15752 0
15864 0
15870 0
15902 0
15907 0
16039 0
16288 0
16329 0
16331 0
16346 0
16353 0
16506 0
16519 0
16584 0
16597 0
16629 0
16656 0
16704 0
16784 0
16843 0
16933 0
16997 0
17030 0
17082 0
17140 0
17166 0
17273 0
17277 0
17301 0
17316 0
17456 0
17462 0
17465 0
17520 0
17525 0
17535 0
17559 0
17583 0
17659 0
17666 0
17677 0
17701 0
17722 0
17770 0
17773 0
17837 0
17839 0
17951 0
17962 0
18001 0
18013 0
18047 0
18113 0
18166 0
18196 0
18242 0
18277 0
18302 0
18330 0
18346 0
18409 0
18493 0
18575 0
18584 0
18604 0
18610 0
18625 0
18665 0
18717 0
18769 0
18777 0
18840 0
19018 0
19072 0
19121 0
19124 0
19171 0
19192 0
19206 0
19278 0
19290 0
19338 0
19346 0
19400 0
19528 0
19544 0
19577 0
19582 0
19629 0
19663 0
19691 0
19789 0
19824 0
19893 0
19905 0
19939 0
20009 0
20023 0
20063 0
20195 0
20234 0
20394 0
20436 0
20513 0
20602 0
20621 0
20674 0
20701 0
20777 0
20864 0
20952 0
21006 0
21008 0
21061 0
21072 0
21128 0
21278 0
21293 0
21365 0
21401 0
21476 0
21515 0
21534 0
21607 0
21723 0
21826 0
21856 0
21860 0
21866 0
21919 0
21991 0
22039 0
22051 0
22139 0
22144 0
22288 0
22289 0
22305 0
22316 0
22388 0
22397 0
22464 0
22581 0
22643 0
22651 0
22653 0
22721 0
22779 0
22808 0
22811 0
22893 0
22970 0
23008 0
23018 0
23034 0
23141 0
23150 0
23226 0
23249 0
23347 0
23390 0
23417 0
23453 0
23496 0
23576 0
23598 0
23631 0
23636 0
23647 0
23699 0
23900 0
23922 0
24036 0
24045 0
24047 0
24058 0
24064 0
24120 0
24220 0
24223 0
24225 0
24235 0
24396 0
24453 0
24491 0
24538 0
24541 0
24639 0
24782 0
25015 0
25022 0
25028 0
25065 0
25080 0
25099 0
25129 0
25156 0
25163 0
25215 0
25219 0
25230 0
25295 0
25428 0
25601 0
25732 0
25793 0
25875 0
25979 0
26036 0
26099 0
26240 0
26276 0
26289 0
26320 0
26342 0
26365 0
26417 0
26438 0
26445 0
26529 0
26534 0
26554 0
26564 0
26611 0
26614 0
26741 0
26758 0
26775 0
26860 0
26863 0
26868 0
26874 0
26884 0
26897 0
26930 0
26947 0
27014 0
27062 0
27135 0
27178 0
27205 0
27285 0
27296 0
27298 0
27305 0
27388 0
27402 0
27419 0
27546 0
27560 0
27587 0
27607 0
27615 0
27637 0
27655 0
27672 0
27705 0
27752 0
27767 0
27791 0
27841 0
27871 0
27887 0
27933 0
27994 0
28020 0
28163 0
28176 0
28227 0
28357 0
28383 0
28443 0
28548 0
28552 0
28563 0
28571 0
28592 0
28655 0
28672 0
28732 0
28755 0
28779 0
28832 0
28858 0
28879 0
29000 0
29033 0
29041 0
29144 0
29153 0
29161 0
29202 0
29213 0
29261 0
29349 0
29353 0
29375 0
29379 0
29391 0
29434 0
29556 0
29613 0
29618 0
29627 0
29700 0
29745 0
29752 0
29818 0
29900 0
29967 0
30034 0
30040 0
30064 0
30206 0
30266 0
30314 0
30341 0
30369 0
30408 0
30433 0
30466 0
30471 0
30484 0
30544 0
30603 0
30647 0
30735 0
30818 0
30820 0
30822 0
30952 0
30977 0
30987 0
31008 0
31105 0
31147 0
31193 0
31253 0
31319 0
31322 0
31362 0
31382 0
31420 0
31481 0
31499 0
31675 0
31718 0
31790 0
31851 0
31863 0
31923 0
31926 0
32039 0
32105 0
32129 0
32163 0
32167 0
32180 0
32230 0
32260 0
32278 0
32319 0
32331 0
32382 0
32419 0
32461 0
32472 0
32492 0
32602 0
32609 0
32612 0
32617 0
32808 0
32815 0
32820 0
32935 0
32949 0
32970 0
33008 0
33018 0
33028 0
33039 0
33072 0
33112 0
33129 0
33222 0
33229 0
33263 0
33530 0
33629 0
33651 0
33665 0
33707 0
33727 0
33793 0
33842 0
33893 0
33897 0
33957 0
34127 0
34245 0
34292 0
34325 0
34328 0
34360 0
34390 0
34529 0
34536 0
34544 0
34554 0
34574 0
34610 0
34773 0
34829 0
34844 0
34902 0
34903 0
34911 0
34930 0
34955 0
34977 0
35022 0
35037 0
35170 0
35354 0
35370 0
35504 0
35731 0
35802 0
35915 0
35937 0
35946 0
36042 0
36068 0
36143 0
36197 0
36205 0
36233 0
36251 0
36257 0
36293 0
36389 0
36424 0
36461 0
36485 0
36579 0
36639 0
36640 0
36684 0
36733 0
36818 0
36846 0
36869 0
36915 0
36997 0
37058 0
37088 0
37111 0
37246 0
37252 0
37291 0
37343 0
37413 0
37470 0
37472 0
37478 0
37594 0
37629 0
37631 0
37633 0
37798 0
37869 0
37890 0
37895 0
37927 0
38050 0
38133 0
38157 0
38170 0
38198 0
38284 0
38289 0
38335 0
38357 0
38372 0
38392 0
38427 0
38440 0
38454 0
38461 0
38467 0
38494 0
38607 0
38628 0
38694 0
38755 0
38760 0
38777 0
38831 0
38871 0
38891 0
38957 0
38994 0
39104 0
39153 0
39179 0
39279 0
39374 0
39382 0
39436 0
39445 0
39600 0
39634 0
39787 0
39815 0
39885 0
39944 0
39971 0
39988 0
40021 0
40030 0
40060 0
40081 0
40104 0
40117 0
40125 0
40184 0
40212 0
40259 0
40260 0
40267 0
40297 0
40329 0
40330 0
40354 0
40389 0
40401 0
40402 0
40438 0
40545 0
40753 0
40776 0
40840 0
40970 0
40983 0
41000 0
41009 0
41079 0
41137 0
41160 0
41202 0
41212 0
41281 0
41310 0
41404 0
41584 0
41609 0
41653 0
41656 0
41660 0
41695 0
41707 0
41815 0
41876 0
41946 0
41986 0
42171 0
42178 0
42264 0
42373 0
42387 0
42438 0
42489 0
42539 0
42582 0
42645 0
42692 0
42728 0
42756 0
42858 0
42873 0
42878 0
42904 0
42921 0
43131 0
43139 0
43207 0
43217 0
43220 0
43275 0
43406 0
43432 0
43480 0
43492 0
43635 0
43852 0
43856 0
43960 0
43962 0
43971 0
43979 0
44026 0
44054 0
44055 0
44077 0
44123 0
44128 0
44154 0
44200 0
44253 0
44350 0
44384 0
44396 0
44517 0
44565 0
44599 0
44622 0
44627 0
44638 0
44656 0
44673 0
44713 0
44837 0
44892 0
44906 0
45130 0
45146 0
45165 0
45200 0
45206 0
45207 0
45230 0
45248 0
45264 0
45268 0
45312 0
45376 0
45402 0
45453 0
45541 0
45569 0
45615 0
45617 0
45618 0
45676 0
45736 0
45758 0
45851 0
45922 0
45962 0
46129 0
46132 0
46160 0
46271 0
46305 0
46394 0
46401 0
46433 0
46557 0
46579 0
46642 0
46664 0
46748 0
46799 0
46812 0
47107 0
47157 0
47184 0
47205 0
47344 0
47453 0
47464 0
47539 0
47574 0
47607 0
47703 0
47819 0
47886 0
47905 0
47924 0
47991 0
48064 0
48088 0
48120 0
48148 0
48169 0
48207 0
48300 0
48323 0
48328 0
48330 0
48370 0
48387 0
48470 0
48497 0
48616 0
48682 0
48707 0
48708 0
48738 0
48771 0
48782 0
48793 0
48798 0
48816 0
48946 0
49049 0
49158 0
49176 0
49185 0
49239 0
49277 0
49293 0
49330 0
49338 0
49351 0
49471 0
49522 0
49531 0
49616 0
49634 0
49775 0
49781 0
50064 0
50072 0
50110 0
50127 0
50179 0
50236 0
50245 0
50359 0
50434 0
50489 0
50500 0
50509 0
50529 0
50681 0
50694 0
50730 0
50736 0
50917 0
50924 0
50999 0
51001 0
51005 0
51126 0
51146 0
51166 0
51224 0
51296 0
51323 0
51386 0
51411 0
51579 0
51633 0
51645 0
51701 0
51734 0
51778 0
51827 0
51849 0
51882 0
51968 0
52021 0
52038 0
52070 0
52074 0
52090 0
52100 0
52116 0
52356 0
52362 0
52390 0
52468 0
52503 0
52507 0
52552 0
52593 0
52595 0
52616 0
52732 0
52758 0
52786 0
52915 0
52962 0
53050 0
53091 0
53250 0
53267 0
53400 0
53451 0
53533 0
53573 0
53590 0
53626 0
53662 0
53729 0
53779 0
53789 0
53812 0
53826 0
53873 0
53880 0
53949 0
54044 0
54191 0
54223 0
54235 0
54300 0
54414 0
54477 0
54486 0
54522 0
54530 0
54542 0
54562 0
54569 0
54642 0
54699 0
54758 0
54864 0
54883 0
54979 0
55007 0
55062 0
55143 0
55162 0
55205 0
55291 0
55409 0
55418 0
55467 0
55641 0
55684 0
55759 0
55769 0
55892 0
55976 0
55984 0
56042 0
56102 0
56143 0
56198 0
56206 0
56256 0
56326 0
56331 0
56362 0
56375 0
56390 0
56525 0
56538 0
56614 0
56734 0
56771 0
56814 0
56960 0
56961 0
56968 0
57057 0
57070 0
57139 0
57242 0
57355 0
57393 0
57487 0
57494 0
57623 0
57638 0
57656 0
57684 0
57811 0
57820 0
57859 0
57932 0
57978 0
58037 0
58050 0
58276 0
58284 0
58285 0
58295 0
58306 0
58345 0
58480 0
58495 0
58593 0
58611 0
58705 0
58823 0
58861 0
58883 0
58916 0
58974 0
59013 0
59062 0
59156 0
59178 0
59214 0
59215 0
59279 0
59292 0
59470 0
59489 0
59573 0
59627 0
59635 0
59815 0
59847 0
59864 0
59876 0
59899 0
59903 0
59908 0
59988 0
60009 0
60135 0
60140 0
60156 0
60166 0
60244 0
60287 0
60300 0
60302 0
60307 0
60401 0
60415 0
60477 0
60519 0
60545 0
60562 0
60586 0
60597 0
60810 0
60855 0
60859 0
60874 0
60879 0
60889 0
60899 0
60977 0
60997 0
60998 0
61086 0
61102 0
61122 0
61144 0
61173 0
61208 0
61221 0
61253 0
61310 0
61338 0
61362 0
61363 0
61480 0
61555 0
61606 0
61712 0
61746 0
61748 0
61768 0
61837 0
61963 0
61967 0
61974 0
62005 0
62016 0
62198 0
62493 0
62545 0
62575 0
62579 0
62585 0
62626 0
62668 0
62732 0
62794 0
62840 0
62910 0
63063 0
63118 0
63168 0
63283 0
63347 0
63475 0
63584 0
63595 0
63696 0
63707 0
63830 0
63917 0
63959 0
63996 0
64105 0
64297 0
64310 0
64330 0
64386 0
64388 0
64391 0
64392 0
64416 0
64487 0
64496 0
64499 0
64507 0
64781 0
64809 0
64814 0
64921 0
64943 0
64947 0
64962 0
65023 0
65042 0
65047 0
65054 0
65081 0
65208 0
65212 0
65277 0
65282 0
65355 0
65451 0
65479 0
65530 0
65659 0
65800 0
65833 0
65857 0
65883 0
65896 0
65932 0
65972 0
66099 0
66162 0
66170 0
66215 0
66337 0
66354 0
66360 0
66603 0
66615 0
66641 0
66720 0
66782 0
66788 0
66813 0
66846 0
66853 0
66920 0
66927 0
66956 0
67014 0
67032 0
67050 0
67060 0
67092 0
67099 0
67125 0
67136 0
67148 0
67166 0
67171 0
67235 0
67269 0
67311 0
67358 0
67402 0
67470 0
67471 0
67498 0
67581 0
67585 0
67628 0
67680 0
67736 0
67782 0
67844 0
67859 0
67881 0
67925 0
67958 0
67979 0
68017 0
68116 0
68176 0
68242 0
68274 0
68303 0
68355 0
68404 0
68461 0
68506 0
68539 0
68626 0
68630 0
68651 0
68678 0
68746 0
68801 0
68838 0
68873 0
68894 0
68978 0
69004 0
69011 0
69161 0
69241 0
69242 0
69295 0
69326 0
69513 0
69533 0
69578 0
69628 0
69642 0
69647 0
69663 0
69782 0
69873 0
69902 0
70103 0
70205 0
70254 0
70268 0
70269 0
70303 0
70387 0
70409 0
70566 0
70695 0
70825 0
70865 0
70887 0
70902 0
70942 0
70956 0
71090 0
71110 0
71196 0
71203 0
71236 0
71262 0
71267 0
71344 0
71369 0
71384 0
71484 0
71513 0
71532 0
71596 0
71601 0
71609 0
71685 0
71884 0
72020 0
72042 0
72118 0
72129 0
72155 0
72201 0
72294 0
72295 0
72302 0
72304 0
72325 0
72425 0
72449 0
72456 0
72526 0
72587 0
72594 0
72673 0
72692 0
72695 0
72709 0
72819 0
72899 0
73047 0
73154 0
73157 0
73214 0
73256 0
73332 0
73334 0
73576 0
73640 0
73702 0
73707 0
73720 0
73724 0
73729 0
73745 0
73756 0
73903 0
73905 0
73931 0
73980 0
74029 0
74031 0
74068 0
74285 0
74290 0
74295 0
74357 0
74409 0
74511 0
74562 0
74594 0
74815 0
74990 0
75130 0
75146 0
75151 0
75156 0
75175 0
75203 0
75234 0
75294 0
75336 0
75337 0
75350 0
75352 0
75356 0
75365 0
75423 0
75446 0
75477 0
75663 0
75695 0
75698 0
75724 0
75761 0
75775 0
75831 0
75880 0
75891 0
75929 0
75980 0
76061 0
76235 0
76318 0
76322 0
76367 0
76379 0
76410 0
76420 0
76514 0
76789 0
76813 0
76861 0
76863 0
76875 0
76900 0
76936 0
77019 0
77114 0
77117 0
77125 0
77141 0
77186 0
77222 0
77223 0
77292 0
77357 0
77384 0
77403 0
77410 0
77522 0
77600 0
77665 0
77681 0
77724 0
77732 0
77916 0
77942 0
77968 0
77998 0
78021 0
78025 0
78089 0
78125 0
78302 0
78454 0
78531 0
78574 0
78595 0
78642 0
78728 0
78784 0
78833 0
78918 0
78954 0
79113 0
79140 0
79198 0
79222 0
79305 0
79529 0
79560 0
79565 0
79643 0
79669 0
79746 0
79764 0
79793 0
79872 0
79883 0
79887 0
79897 0
79927 0
79982 0
80043 0
80053 0
80054 0
80055 0
80181 0
80187 0
80291 0
80364 0
80367 0
80413 0
80575 0
80587 0
80591 0
80663 0
80713 0
80755 0
80777 0
80820 0
80825 0
80875 0
80950 0
80970 0
81020 0
81141 0
81161 0
81176 0
81188 0
81263 0
81390 0
81457 0
81510 0
81525 0
81545 0
81554 0
81555 0
81559 0
81580 0
81629 0
81717 0
81848 0
81864 0
81891 0
81927 0
81942 0
82094 0
82116 0
82122 0
82140 0
82305 0
82329 0
82368 0
82376 0
82385 0
82448 0
82472 0
82611 0
82617 0
82699 0
82793 0
82794 0
83023 0
83039 0
83060 0
83067 0
83134 0
83149 0
83161 0
83179 0
83337 0
83355 0
83360 0
83413 0
83438 0
83468 0
83469 0
83473 0
83505 0
83610 0
83623 0
83668 0
83669 0
83676 0
83722 0
83871 0
83926 0
83976 0
83997 0
84006 0
84028 0
84053 0
84086 0
84129 0
84137 0
84183 0
84232 0
84247 0
84290 0
84390 0
84435 0
84454 0
84474 0
84552 0
84620 0
84655 0
84692 0
84750 0
84776 0
84781 0
84862 0
84869 0
85086 0
85089 0
85192 0
85198 0
85228 0
85298 0
85384 0
85452 0
85513 0
85632 0
85641 0
85648 0
85674 0
85747 0
85757 0
85786 0
85787 0
85879 0
85908 0
85930 0
86022 0
86146 0
86209 0
86623 0
86664 0
86746 0
86809 0
86821 0
86863 0
86867 0
86888 0
86929 0
86944 0
86945 0
87018 0
87112 0
87114 0
87156 0
87204 0
87368 0
87420 0
87423 0
87481 0
87518 0
87521 0
87576 0
87586 0
87647 0
87664 0
87682 0
87783 0
87801 0
87851 0
87913 0
87999 0
88047 0
88110 0
88195 0
88216 0
88403 0
88408 0
88555 0
88572 0
88598 0
88742 0
88766 0
88791 0
88834 0
88878 0
88896 0
88907 0
89044 0
89184 0
89220 0
89224 0
89304 0
89315 0
89333 0
89406 0
89527 0
89573 0
89603 0
89662 0
89712 0
89730 0
89773 0
89846 0
89862 0
89881 0
89993 0
90030 0
90038 0
90107 0
90177 0
90193 0
90234 0
90397 0
90434 0
90445 0
90463 0
90464 0
90515 0
90531 0
90675 0
90706 0
90724 0
90789 0
90802 0
90884 0
90896 0
90921 0
90924 0
90935 0
91000 0
91015 0
91054 0
91069 0
91095 0
91206 0
91224 0
91272 0
91489 0
91496 0
91575 0
91620 0
91674 0
91829 0
91923 0
91939 0
92048 0
92078 0
92093 0
92164 0
92198 0
92253 0
92262 0
92295 0
92367 0
92386 0
92432 0
92492 0
92521 0
92580 0
92600 0
92605 0
92649 0
92660 0
92683 0
92689 0
92694 0
92742 0
92850 0
92881 0
92894 0
92923 0
92925 0
92958 0
92999 0
93020 0
93053 0
93084 0
93131 0
93170 0
93198 0
93207 0
93245 0
93296 0
93344 0
93393 0
93467 0
93592 0
93602 0
93629 0
93658 0
93665 0
93680 0
93755 0
93957 0
94016 0
94078 0
94191 0
94207 0
94255 0
94402 0
94426 0
94443 0
94459 0
94476 0
94496 0
94548 0
94564 0
94580 0
94595 0
94597 0
94602 0
94649 0
94691 0
94805 0
94938 0
94942 0
94958 0
94969 0
94999 0
95046 0
95050 0
95093 0
95160 0
95172 0
95218 0
95279 0
95304 0
95339 0
95462 0
95544 0
95593 0
95604 0
95610 0
95661 0
95697 0
95721 0
95750 0
95952 0
96042 0
96073 0
96083 0
96161 0
96220 0
96250 0
96319 0
96480 0
96577 0
96580 0
96592 0
96664 0
96694 0
96772 0
96808 0
96821 0
96914 0
96983 0
97041 0
97046 0
97101 0
97199 0
97200 0
97209 0
97223 0
97306 0
97309 0
97319 0
97385 0
97415 0
97420 0
97499 0
97510 0
97538 0
97560 0
97575 0
97605 0
97616 0
97628 0
97656 0
97691 0
97724 0
97740 0
97778 0
97818 0
97847 0
97898 0
98023 0
98086 0
98101 0
98114 0
98128 0
98180 0
98192 0
98242 0
98274 0
98389 0
98560 0
98712 0
98729 0
98825 0
98917 0
98932 0
98939 0
99016 0
99044 0
99053 0
99099 0
99111 0
99144 0
99156 0
99169 0
99170 0
99215 0
99264 0
99318 0
99332 0
99343 0
99408 0
99426 0
99463 0
99489 0
99559 0
99581 0
99684 0
99820 0
99833 0
99836 0
