c This is a uniform distributed  1-D DIMACS file 
c width height point_number
p 100000 100000 2048
20 0
50 0
134 0
145 0
152 0
197 0
220 0
241 0
290 0
320 0
397 0
417 0
460 0
674 0
686 0
690 0
749 0
766 0
876 0
886 0
894 0
900 0
1039 0
1106 0
1185 0
1198 0
1237 0
1338 0
1367 0
1380 0
1386 0
1399 0
1409 0
1498 0
1514 0
1534 0
1550 0
1562 0
1569 0
1624 0
1656 0
1839 0
1900 0
1924 0
1993 0
2045 0
2381 0
2392 0
2412 0
2434 0
2461 0
2528 0
2558 0
2580 0
2624 0
2628 0
2756 0
2769 0
2790 0
2812 0
2939 0
3074 0
3097 0
3146 0
3204 0
3207 0
3307 0
3319 0
3351 0
3404 0
3500 0
3536 0
3546 0
3555 0
3561 0
3590 0
3756 0
3769 0
3792 0
3847 0
3879 0
3924 0
3929 0
3966 0
4005 0
4125 0
4193 0
4265 0
4326 0
4371 0
4411 0
4460 0
4472 0
4484 0
4539 0
4585 0
4610 0
4654 0
4712 0
4753 0
4865 0
4949 0
4954 0
4963 0
4973 0
4990 0
5014 0
5106 0
5313 0
5345 0
5371 0
5391 0
5550 0
5571 0
5612 0
5700 0
5703 0
5736 0
5744 0
5785 0
5801 0
5811 0
5871 0
5967 0
5996 0
6001 0
6021 0
6049 0
6092 0
6115 0
6117 0
6141 0
6171 0
6182 0
6214 0
6233 0
6278 0
6307 0
6422 0
6481 0
6493 0
6566 0
6569 0
6596 0
6613 0
6639 0
6701 0
6730 0
6750 0
6778 0
6794 0
6844 0
6972 0
6980 0
6991 0
7034 0
7065 0
7079 0
7092 0
7210 0
7231 0
7241 0
7248 0
7259 0
7267 0
7285 0
7316 0
7421 0
7440 0
7627 0
7700 0
7701 0
7709 0
7856 0
7859 0
7922 0
7928 0
8161 0
8275 0
8277 0
8374 0
8447 0
8489 0
8494 0
8517 0
8527 0
8818 0
8875 0
8923 0
8976 0
9033 0
9095 0
9116 0
9134 0
9175 0
9211 0
9216 0
9217 0
9269 0
9374 0
9390 0
9415 0
9436 0
9497 0
9505 0
9668 0
9710 0
9722 0
9766 0
9784 0
9801 0
9870 0
9976 0
9986 0
10106 0
10121 0
10162 0
10164 0
10182 0
10189 0
10191 0
10279 0
10306 0
10393 0
10412 0
10490 0
10541 0
10561 0
10579 0
10587 0
10653 0
10684 0
10700 0
10739 0
10796 0
10904 0
10915 0
10923 0
11038 0
11073 0
11155 0
11252 0
11276 0
11301 0
11509 0
11514 0
11662 0
11683 0
11684 0
11706 0
11725 0
11921 0
12000 0
12064 0
12083 0
12140 0
12176 0
12179 0
12201 0
12251 0
12260 0
12314 0
12486 0
12554 0
12582 0
12591 0
12608 0
12668 0
12678 0
12722 0
12768 0
12791 0
12808 0
12830 0
13111 0
13187 0
13239 0
13248 0
13285 0
13327 0
13419 0
13490 0
13518 0
13562 0
13706 0
13734 0
13762 0
13862 0
13932 0
13949 0
13950 0
13955 0
13960 0
13987 0
14142 0
14157 0
14264 0
14274 0
14278 0
14301 0
14372 0
14444 0
14490 0
14502 0
14541 0
14583 0
14607 0
14617 0
14650 0
14747 0
14760 0
14884 0
14911 0
15047 0
15104 0
15123 0
15207 0
15216 0
15228 0
15235 0
15236 0
15255 0
15389 0
15448 0
15478 0
15529 0
15544 0
15580 0
15584 0
15594 0
15644 0
15714 0
15720 0
15764 0
15765 0
15853 0
15855 0
15924 0
15927 0
15942 0
15980 0
16053 0
16159 0
16280 0
16387 0
16430 0
16470 0
16500 0
16557 0
16569 0
16582 0
16686 0
16718 0
16723 0
16749 0
16755 0
16857 0
16863 0
16950 0
16995 0
17033 0
17102 0
17131 0
17141 0
17153 0
17172 0
17202 0
17212 0
17268 0
17348 0
17351 0
17382 0
17391 0
17514 0
17597 0
17651 0
17667 0
17712 0
17774 0
17872 0
17920 0
17946 0
18009 0
18026 0
18039 0
18071 0
18087 0
18116 0
18150 0
18180 0
18212 0
18216 0
18217 0
18284 0
18338 0
18371 0
18386 0
18493 0
18525 0
18570 0
18589 0
18631 0
18658 0
18669 0
18796 0
18827 0
18835 0
18848 0
18904 0
18937 0
18946 0
18976 0
18992 0
19068 0
19096 0
19165 0
19201 0
19285 0
19310 0
19321 0
19365 0
19498 0
19557 0
19563 0
19584 0
19650 0
19655 0
19671 0
19720 0
19796 0
19821 0
19836 0
19842 0
19878 0
19879 0
19938 0
19957 0
20068 0
20105 0
20224 0
20234 0
20353 0
20402 0
20440 0
20460 0
20607 0
20647 0
20659 0
20756 0
20760 0
20799 0
20841 0
20845 0
20920 0
20976 0
21069 0
21085 0
21194 0
21210 0
21212 0
21244 0
21250 0
21258 0
21433 0
21446 0
21464 0
21469 0
21479 0
21505 0
21510 0
21701 0
21761 0
21852 0
21870 0
21922 0
21979 0
21992 0
22015 0
22088 0
22345 0
22351 0
22427 0
22435 0
22445 0
22494 0
22565 0
22579 0
22661 0
22736 0
22837 0
22904 0
22906 0
23125 0
23142 0
23177 0
23231 0
23235 0
23262 0
23310 0
23312 0
23347 0
23455 0
23572 0
23605 0
23662 0
23744 0
23770 0
23902 0
24127 0
24291 0
24431 0
24453 0
24610 0
24663 0
24693 0
24777 0
25009 0
25196 0
25259 0
25264 0
25354 0
25363 0
25419 0
25482 0
25501 0
25509 0
25527 0
25561 0
25650 0
25742 0
25883 0
25909 0
25955 0
26011 0
26022 0
26028 0
26090 0
26159 0
26167 0
26196 0
26236 0
26260 0
26263 0
26418 0
26465 0
26581 0
26669 0
26720 0
26732 0
26879 0
26883 0
26885 0
26950 0
26980 0
27015 0
27053 0
27054 0
27056 0
27058 0
27145 0
27158 0
27410 0
27436 0
27463 0
27473 0
27507 0
27535 0
27546 0
27548 0
27567 0
27756 0
27961 0
27963 0
28035 0
28161 0
28294 0
28362 0
28363 0
28427 0
28432 0
28482 0
28535 0
28570 0
28592 0
28709 0
28714 0
28727 0
28746 0
28842 0
28899 0
28982 0
29015 0
29072 0
29278 0
29371 0
29405 0
29550 0
29560 0
29634 0
29666 0
29669 0
29697 0
29698 0
29756 0
29790 0
29817 0
29824 0
29837 0
29853 0
29875 0
29885 0
30052 0
30176 0
30290 0
30324 0
30444 0
30459 0
30579 0
30589 0
30602 0
30669 0
30725 0
30767 0
30801 0
30869 0
30925 0
31028 0
31144 0
31183 0
31198 0
31206 0
31323 0
31326 0
31338 0
31356 0
31407 0
31443 0
31462 0
31471 0
31492 0
31519 0
31532 0
31670 0
31779 0
31802 0
31834 0
31942 0
32055 0
32070 0
32087 0
32098 0
32105 0
32325 0
32489 0
32511 0
32545 0
32580 0
32596 0
32720 0
32727 0
32811 0
32825 0
32846 0
32977 0
33110 0
33138 0
33277 0
33307 0
33321 0
33324 0
33329 0
33350 0
33434 0
33495 0
33530 0
33600 0
33623 0
33630 0
33659 0
33687 0
33799 0
33817 0
33858 0
34141 0
34209 0
34255 0
34385 0
34437 0
34451 0
34468 0
34475 0
34510 0
34512 0
34577 0
34583 0
34610 0
34681 0
34700 0
34746 0
34796 0
34819 0
34885 0
34910 0
35067 0
35111 0
35231 0
35240 0
35278 0
35287 0
35385 0
35399 0
35450 0
35465 0
35585 0
35672 0
35727 0
35801 0
35815 0
35913 0
36047 0
36056 0
36073 0
36121 0
36150 0
36231 0
36267 0
36290 0
36296 0
36331 0
36334 0
36436 0
36443 0
36457 0
36473 0
36525 0
36566 0
36666 0
36677 0
36714 0
36729 0
36733 0
36761 0
36770 0
36797 0
36836 0
36838 0
36875 0
36889 0
36927 0
36940 0
36967 0
37125 0
37142 0
37167 0
37206 0
37218 0
37290 0
37305 0
37323 0
37431 0
37480 0
37525 0
37541 0
37544 0
37587 0
37631 0
37637 0
37653 0
37672 0
37695 0
37725 0
37728 0
37749 0
37761 0
37792 0
37846 0
37984 0
38046 0
38069 0
38093 0
38170 0
38224 0
38286 0
38345 0
38402 0
38480 0
38487 0
38642 0
38673 0
38684 0
38705 0
38783 0
38875 0
38939 0
38946 0
38964 0
38971 0
38973 0
38995 0
39006 0
39069 0
39081 0
39151 0
39230 0
39236 0
39256 0
39270 0
39331 0
39400 0
39467 0
39514 0
39528 0
39578 0
39590 0
39617 0
39683 0
39714 0
39893 0
39931 0
40088 0
40103 0
40124 0
40129 0
40171 0
40260 0
40270 0
40315 0
40348 0
40413 0
40426 0
40491 0
40514 0
40567 0
40669 0
40678 0
40685 0
40714 0
40724 0
40818 0
40822 0
40903 0
41016 0
41089 0
41093 0
41118 0
41125 0
41148 0
41153 0
41158 0
41296 0
41298 0
41374 0
41616 0
41623 0
41662 0
41680 0
41702 0
41705 0
41754 0
41768 0
41788 0
41937 0
41940 0
41961 0
42171 0
42223 0
42240 0
42272 0
42335 0
42513 0
42539 0
42557 0
42596 0
42674 0
42730 0
42743 0
42755 0
42834 0
42836 0
42840 0
42855 0
42951 0
42974 0
42984 0
43056 0
43060 0
43097 0
43111 0
43200 0
43211 0
43345 0
43442 0
43444 0
43448 0
43451 0
43523 0
43565 0
43594 0
43661 0
43759 0
43824 0
43881 0
43907 0
43949 0
43994 0
44018 0
44020 0
44027 0
44120 0
44123 0
44244 0
44325 0
44375 0
44513 0
44543 0
44567 0
44585 0
44628 0
44634 0
44677 0
44681 0
44715 0
44766 0
44792 0
44796 0
44835 0
44841 0
44978 0
44992 0
45060 0
45080 0
45098 0
45112 0
45137 0
45145 0
45157 0
45205 0
45249 0
45293 0
45302 0
45305 0
45470 0
45537 0
45543 0
45547 0
45582 0
45590 0
45602 0
45662 0
45723 0
45773 0
45847 0
45862 0
45897 0
45931 0
45932 0
45937 0
45992 0
46030 0
46058 0
46093 0
46155 0
46175 0
46191 0
46213 0
46224 0
46317 0
46334 0
46388 0
46392 0
46402 0
46456 0
46491 0
46516 0
46720 0
46776 0
46782 0
46783 0
46876 0
46941 0
47098 0
47195 0
47292 0
47294 0
47298 0
47517 0
47520 0
47526 0
47667 0
47700 0
47733 0
47745 0
47750 0
47755 0
47757 0
47772 0
47776 0
47812 0
47816 0
47861 0
47867 0
47909 0
47930 0
47951 0
48072 0
48116 0
48280 0
48288 0
48323 0
48376 0
48453 0
48463 0
48476 0
48544 0
48648 0
48661 0
48714 0
48839 0
48929 0
48952 0
49072 0
49093 0
49147 0
49194 0
49265 0
49320 0
49354 0
49366 0
49369 0
49376 0
49412 0
49418 0
49523 0
49547 0
49560 0
49594 0
49619 0
49638 0
49663 0
49685 0
49694 0
49805 0
49976 0
49984 0
50112 0
50123 0
50266 0
50288 0
50325 0
50334 0
50353 0
50366 0
50463 0
50497 0
50503 0
50529 0
50535 0
50591 0
50831 0
50885 0
50903 0
50940 0
50952 0
50984 0
51017 0
51127 0
51162 0
51281 0
51321 0
51333 0
51335 0
51379 0
51412 0
51491 0
51512 0
51539 0
51557 0
51609 0
51653 0
51676 0
51684 0
51710 0
51738 0
51762 0
51767 0
51879 0
51890 0
51901 0
51908 0
52156 0
52159 0
52201 0
52224 0
52332 0
52336 0
52388 0
52458 0
52566 0
52667 0
52668 0
52749 0
52821 0
52912 0
52999 0
53045 0
53092 0
53156 0
53265 0
53290 0
53345 0
53376 0
53423 0
53441 0
53469 0
53697 0
53978 0
53994 0
54005 0
54053 0
54138 0
54328 0
54348 0
54437 0
54438 0
54512 0
54548 0
54711 0
54713 0
54715 0
54740 0
54742 0
54878 0
54890 0
54900 0
54999 0
55022 0
55031 0
55068 0
55144 0
55215 0
55237 0
55326 0
55423 0
55436 0
55443 0
55461 0
55541 0
55655 0
55690 0
55708 0
55782 0
55821 0
55830 0
55832 0
55880 0
55894 0
55924 0
55954 0
56030 0
56034 0
56173 0
56189 0
56371 0
56403 0
56413 0
56487 0
56489 0
56496 0
56605 0
56708 0
56738 0
56784 0
56786 0
56795 0
57071 0
57148 0
57191 0
57204 0
57311 0
57438 0
57534 0
57551 0
57629 0
57645 0
57760 0
57767 0
57772 0
58052 0
58053 0
58055 0
58074 0
58094 0
58141 0
58152 0
58187 0
58367 0
58402 0
58403 0
58427 0
58505 0
58562 0
58579 0
58583 0
58713 0
58732 0
58741 0
58752 0
58793 0
58900 0
58910 0
58960 0
59013 0
59067 0
59161 0
59166 0
59191 0
59192 0
59266 0
59268 0
59363 0
59433 0
59439 0
59451 0
59518 0
59584 0
59599 0
59607 0
59671 0
59753 0
59805 0
59831 0
59849 0
59863 0
59950 0
60049 0
60076 0
60127 0
60135 0
60140 0
60156 0
60293 0
60409 0
60411 0
60454 0
60509 0
60513 0
60546 0
60651 0
60837 0
60927 0
60943 0
61047 0
61084 0
61098 0
61274 0
61310 0
61354 0
61391 0
61438 0
61441 0
61720 0
61774 0
61814 0
61869 0
61907 0
62042 0
62107 0
62130 0
62137 0
62251 0
62262 0
62263 0
62267 0
62293 0
62468 0
62471 0
62540 0
62547 0
62636 0
62663 0
62718 0
62775 0
62829 0
62911 0
62915 0
63106 0
63139 0
63170 0
63172 0
63392 0
63436 0
63471 0
63523 0
63563 0
63570 0
63590 0
63604 0
63653 0
63654 0
63703 0
63754 0
63765 0
63858 0
63897 0
63949 0
63998 0
64018 0
64051 0
64087 0
64147 0
64152 0
64164 0
64263 0
64271 0
64437 0
64451 0
64585 0
64586 0
64595 0
64653 0
64669 0
64690 0
64874 0
65048 0
65073 0
65096 0
65114 0
65121 0
65176 0
65234 0
65242 0
65244 0
65332 0
65363 0
65461 0
65477 0
65501 0
65524 0
65644 0
65649 0
65729 0
65761 0
65802 0
65903 0
66007 0
66055 0
66109 0
66162 0
66201 0
66345 0
66380 0
66389 0
66483 0
66591 0
66627 0
66736 0
66747 0
66833 0
66910 0
66943 0
66979 0
67017 0
67086 0
67113 0
67131 0
67189 0
67255 0
67348 0
67367 0
67428 0
67598 0
67635 0
67736 0
67749 0
67771 0
67806 0
67846 0
67863 0
67915 0
67955 0
68026 0
68057 0
68137 0
68231 0
68371 0
68384 0
68477 0
68522 0
68596 0
68631 0
68664 0
68682 0
68691 0
68695 0
69035 0
69039 0
69108 0
69114 0
69122 0
69123 0
69152 0
69251 0
69264 0
69332 0
69335 0
69344 0
69358 0
69361 0
69531 0
69624 0
69676 0
69822 0
69845 0
70025 0
70056 0
70063 0
70135 0
70242 0
70262 0
70286 0
70295 0
70356 0
70439 0
70495 0
70567 0
70590 0
70604 0
70635 0
70680 0
70737 0
70781 0
70838 0
70846 0
70865 0
70885 0
70886 0
70946 0
71018 0
71089 0
71144 0
71157 0
71199 0
71239 0
71287 0
71288 0
71290 0
71318 0
71415 0
71448 0
71483 0
71551 0
71586 0
71647 0
71659 0
71679 0
71696 0
71742 0
71824 0
71868 0
71916 0
71937 0
71962 0
72040 0
72051 0
72131 0
72144 0
72150 0
72164 0
72237 0
72304 0
72389 0
72393 0
72433 0
72502 0
72629 0
72657 0
72694 0
72711 0
72766 0
72830 0
72886 0
72939 0
73020 0
73103 0
73104 0
73151 0
73278 0
73411 0
73435 0
73457 0
73491 0
73500 0
73526 0
73575 0
73592 0
73664 0
73686 0
73726 0
73745 0
73787 0
73882 0
73929 0
74008 0
74050 0
74078 0
74100 0
74148 0
74169 0
74177 0
74220 0
74255 0
74304 0
74333 0
74360 0
74382 0
74428 0
74432 0
74483 0
74495 0
74520 0
74694 0
74698 0
74731 0
74755 0
74864 0
74912 0
75051 0
75052 0
75110 0
75116 0
75123 0
75157 0
75262 0
75279 0
75305 0
75374 0
75416 0
75455 0
75485 0
75530 0
75531 0
75560 0
75612 0
75644 0
75704 0
75732 0
75753 0
75814 0
75843 0
75844 0
76025 0
76092 0
76115 0
76168 0
76175 0
76214 0
76264 0
76412 0
76530 0
76575 0
76580 0
76621 0
76750 0
76764 0
76792 0
76804 0
76816 0
76819 0
76840 0
76987 0
77061 0
77066 0
77078 0
77100 0
77103 0
77222 0
77271 0
77278 0
77318 0
77338 0
77340 0
77431 0
77488 0
77544 0
77617 0
77631 0
77657 0
77714 0
77725 0
77811 0
77829 0
77930 0
78038 0
78049 0
78075 0
78172 0
78203 0
78217 0
78220 0
78272 0
78280 0
78500 0
78541 0
78632 0
78645 0
78654 0
78728 0
78751 0
78770 0
78813 0
78891 0
78906 0
79052 0
79068 0
79102 0
79117 0
79133 0
79181 0
79214 0
79243 0
79301 0
79341 0
79363 0
79383 0
79416 0
79706 0
79718 0
79803 0
79854 0
79877 0
79957 0
79974 0
80124 0
80150 0
80240 0
80242 0
80265 0
80275 0
80284 0
80314 0
80353 0
80493 0
80513 0
80542 0
80597 0
80623 0
80658 0
80660 0
80698 0
80716 0
80757 0
80766 0
80819 0
80822 0
80879 0
80911 0
80924 0
80948 0
80953 0
80979 0
81020 0
81203 0
81232 0
81328 0
81363 0
81367 0
81398 0
81429 0
81503 0
81620 0
81674 0
81751 0
81760 0
81816 0
81868 0
81871 0
81900 0
82010 0
82022 0
82028 0
82056 0
82110 0
82113 0
82189 0
82240 0
82241 0
82264 0
82268 0
82326 0
82330 0
82388 0
82429 0
82450 0
82482 0
82518 0
82550 0
82552 0
82564 0
82696 0
82752 0
82784 0
82827 0
82855 0
82874 0
82917 0
82960 0
82986 0
82987 0
83007 0
83076 0
83098 0
83154 0
83228 0
83274 0
83293 0
83352 0
83386 0
83432 0
83434 0
83465 0
83505 0
83506 0
83515 0
83588 0
83720 0
83726 0
83765 0
83782 0
83814 0
83920 0
83961 0
83975 0
84005 0
84046 0
84077 0
84157 0
84207 0
84249 0
84382 0
84442 0
84496 0
84523 0
84616 0
84733 0
84752 0
84795 0
84827 0
84871 0
84968 0
85020 0
85071 0
85267 0
85301 0
85303 0
85344 0
85357 0
85499 0
85515 0
85634 0
85733 0
85769 0
85938 0
85961 0
85975 0
86058 0
86089 0
86172 0
86258 0
86282 0
86322 0
86345 0
86396 0
86418 0
86481 0
86508 0
86609 0
86785 0
86872 0
86926 0
86950 0
86969 0
86994 0
87019 0
87150 0
87165 0
87232 0
87325 0
87371 0
87483 0
87528 0
87702 0
87820 0
87823 0
87893 0
88027 0
88045 0
88095 0
88161 0
88178 0
88181 0
88221 0
88227 0
88236 0
88256 0
88343 0
88344 0
88360 0
88367 0
88418 0
88447 0
88632 0
88639 0
88674 0
88678 0
88706 0
88806 0
88849 0
88881 0
88928 0
89049 0
89090 0
89132 0
89136 0
89153 0
89155 0
89195 0
89360 0
89383 0
89392 0
89430 0
89462 0
89491 0
89505 0
89512 0
89515 0
89553 0
89587 0
89591 0
89659 0
89695 0
89697 0
89710 0
89737 0
89753 0
89762 0
89795 0
89885 0
89917 0
89941 0
89986 0
90016 0
90094 0
90315 0
90318 0
90474 0
90553 0
90556 0
90563 0
90602 0
90634 0
90759 0
90766 0
90778 0
90796 0
90856 0
90937 0
91044 0
91175 0
91227 0
91259 0
91389 0
91400 0
91419 0
91445 0
91451 0
91504 0
91533 0
91550 0
91555 0
91577 0
91619 0
91629 0
91663 0
91800 0
91812 0
91815 0
91859 0
91895 0
91912 0
91922 0
91928 0
91940 0
91972 0
91976 0
92005 0
92054 0
92082 0
92092 0
92107 0
92237 0
92253 0
92336 0
92341 0
92362 0
92434 0
92512 0
92555 0
92644 0
92681 0
92760 0
92761 0
92786 0
92858 0
92911 0
92917 0
92958 0
93014 0
93019 0
93185 0
93298 0
93379 0
93433 0
93447 0
93454 0
93457 0
93466 0
93689 0
93800 0
93828 0
93851 0
93949 0
93992 0
94004 0
94051 0
94087 0
94132 0
94138 0
94141 0
94156 0
94306 0
94434 0
94452 0
94466 0
94473 0
94483 0
94504 0
94533 0
94534 0
94549 0
94608 0
94638 0
94768 0
94835 0
94885 0
94917 0
94960 0
95065 0
95110 0
95149 0
95208 0
95320 0
95347 0
95349 0
95378 0
95555 0
95584 0
95729 0
95835 0
95871 0
95873 0
95879 0
95895 0
96025 0
96064 0
96086 0
96164 0
96178 0
96212 0
96357 0
96449 0
96458 0
96487 0
96496 0
96627 0
96670 0
96762 0
96788 0
96836 0
96839 0
96850 0
96943 0
96950 0
96988 0
97103 0
97121 0
97210 0
97226 0
97360 0
97430 0
97460 0
97470 0
97479 0
97500 0
97508 0
97726 0
97797 0
97880 0
97941 0
97983 0
98050 0
98154 0
98241 0
98289 0
98309 0
98368 0
98419 0
98443 0
98453 0
98471 0
98481 0
98516 0
98599 0
98627 0
98688 0
98690 0
98824 0
98904 0
98910 0
99116 0
99122 0
99232 0
99239 0
99242 0
99245 0
99264 0
99320 0
99379 0
99394 0
99525 0
99550 0
99565 0
99719 0
99736 0
99759 0
99842 0
99873 0
99874 0
99979 0
