c This is a uniform distributed  1-D DIMACS file 
c width height point_number
p 100000 100000 2048
4 0
60 0
106 0
158 0
179 0
309 0
323 0
338 0
486 0
647 0
786 0
976 0
1024 0
1041 0
1069 0
1072 0
1254 0
1398 0
1494 0
1520 0
1539 0
1548 0
1621 0
1661 0
1684 0
1747 0
1761 0
1765 0
1822 0
1840 0
1842 0
1906 0
1913 0
1931 0
2018 0
2041 0
2152 0
2157 0
2239 0
2248 0
2270 0
2299 0
2322 0
2575 0
2661 0
2671 0
2694 0
2794 0
2798 0
2895 0
2912 0
3020 0
3034 0
3041 0
3086 0
3307 0
3313 0
3320 0
3400 0
3492 0
3499 0
3555 0
3646 0
3703 0
3907 0
3930 0
4019 0
4030 0
4041 0
4042 0
4205 0
4243 0
4287 0
4296 0
4310 0
4352 0
4368 0
4397 0
4658 0
4660 0
4663 0
4725 0
4752 0
4818 0
4826 0
5024 0
5068 0
5094 0
5105 0
5111 0
5137 0
5320 0
5349 0
5403 0
5520 0
5533 0
5544 0
5736 0
5753 0
5869 0
5886 0
5893 0
5915 0
5935 0
5984 0
5992 0
6016 0
6033 0
6064 0
6097 0
6118 0
6154 0
6309 0
6409 0
6461 0
6601 0
6612 0
6652 0
6720 0
6724 0
6736 0
6791 0
6803 0
6813 0
6869 0
6887 0
6998 0
7020 0
7033 0
7100 0
7117 0
7150 0
7171 0
7208 0
7236 0
7295 0
7370 0
7405 0
7461 0
7473 0
7507 0
7526 0
7700 0
7745 0
7831 0
8006 0
8034 0
8089 0
8197 0
8349 0
8355 0
8424 0
8450 0
8487 0
8613 0
8626 0
8637 0
8656 0
8723 0
8726 0
8776 0
8793 0
8808 0
8874 0
8911 0
8963 0
8999 0
9055 0
9167 0
9213 0
9257 0
9265 0
9385 0
9395 0
9429 0
9530 0
9540 0
9547 0
9719 0
9919 0
9924 0
9932 0
9937 0
9973 0
9994 0
10027 0
10083 0
10152 0
10177 0
10187 0
10207 0
10228 0
10250 0
10309 0
10328 0
10338 0
10398 0
10412 0
10423 0
10444 0
10450 0
10479 0
10486 0
10547 0
10562 0
10604 0
10620 0
10653 0
10711 0
10726 0
10766 0
10800 0
10850 0
10853 0
10883 0
10916 0
10967 0
11048 0
11054 0
11082 0
11210 0
11314 0
11346 0
11401 0
11413 0
11504 0
11506 0
11548 0
11595 0
11637 0
11664 0
11785 0
11924 0
11943 0
12063 0
12078 0
12096 0
12106 0
12136 0
12157 0
12272 0
12411 0
12422 0
12435 0
12446 0
12557 0
12568 0
12575 0
12620 0
12659 0
12734 0
12755 0
12761 0
12872 0
12898 0
13069 0
13202 0
13209 0
13272 0
13307 0
13323 0
13359 0
13395 0
13415 0
13418 0
13425 0
13439 0
13511 0
13583 0
13602 0
13646 0
13666 0
13772 0
13818 0
13910 0
13978 0
13979 0
13985 0
13986 0
14004 0
14182 0
14228 0
14286 0
14287 0
14288 0
14320 0
14329 0
14336 0
14355 0
14543 0
14576 0
14650 0
14666 0
14722 0
14746 0
14763 0
14792 0
14873 0
14889 0
15036 0
15059 0
15074 0
15086 0
15144 0
15303 0
15448 0
15455 0
15481 0
15505 0
15508 0
15604 0
15608 0
15612 0
15627 0
15653 0
15743 0
15754 0
15833 0
15835 0
15850 0
15856 0
15920 0
15923 0
16062 0
16249 0
16384 0
16438 0
16445 0
16470 0
16531 0
16549 0
16593 0
16644 0
16651 0
16849 0
16906 0
16961 0
16995 0
17075 0
17086 0
17208 0
17244 0
17364 0
17407 0
17469 0
17510 0
17513 0
17629 0
17739 0
17772 0
17805 0
17860 0
17904 0
18010 0
18046 0
18128 0
18141 0
18172 0
18210 0
18238 0
18261 0
18275 0
18311 0
18315 0
18335 0
18350 0
18429 0
18478 0
18532 0
18620 0
18635 0
18660 0
18700 0
18753 0
18805 0
18856 0
18861 0
18938 0
18970 0
19062 0
19070 0
19093 0
19189 0
19238 0
19245 0
19364 0
19417 0
19529 0
19580 0
19582 0
19622 0
19819 0
19872 0
19877 0
19906 0
19922 0
19940 0
20003 0
20024 0
20156 0
20174 0
20313 0
20314 0
20356 0
20396 0
20483 0
20558 0
20574 0
20599 0
20800 0
20871 0
20891 0
20901 0
20918 0
20921 0
20943 0
20956 0
21159 0
21196 0
21262 0
21303 0
21435 0
21444 0
21456 0
21557 0
21606 0
21626 0
21710 0
21730 0
21731 0
21762 0
21777 0
21998 0
22072 0
22096 0
22111 0
22133 0
22209 0
22267 0
22345 0
22398 0
22598 0
22687 0
22697 0
22700 0
22727 0
22843 0
22845 0
22871 0
22909 0
22919 0
23009 0
23037 0
23043 0
23117 0
23213 0
23440 0
23490 0
23548 0
23559 0
23622 0
23671 0
23769 0
23881 0
24070 0
24110 0
24124 0
24209 0
24302 0
24408 0
24415 0
24490 0
24533 0
24545 0
24630 0
24665 0
24720 0
24761 0
24770 0
24809 0
24813 0
24847 0
24869 0
24878 0
24907 0
25019 0
25207 0
25214 0
25277 0
25321 0
25355 0
25409 0
25441 0
25475 0
25517 0
25521 0
25545 0
25597 0
25606 0
25680 0
25709 0
25775 0
25857 0
25993 0
26056 0
26116 0
26177 0
26207 0
26249 0
26347 0
26373 0
26407 0
26449 0
26488 0
26520 0
26546 0
26614 0
26702 0
26762 0
26777 0
26909 0
26959 0
27012 0
27017 0
27032 0
27185 0
27215 0
27249 0
27352 0
27465 0
27570 0
27597 0
27632 0
27639 0
27784 0
27808 0
27925 0
27987 0
28000 0
28004 0
28023 0
28026 0
28078 0
28082 0
28099 0
28118 0
28206 0
28239 0
28255 0
28387 0
28429 0
28442 0
28523 0
28686 0
28735 0
28785 0
28787 0
28795 0
28814 0
28850 0
28855 0
28865 0
28958 0
28961 0
29023 0
29076 0
29180 0
29221 0
29313 0
29357 0
29366 0
29501 0
29527 0
29533 0
29552 0
29563 0
29573 0
29578 0
29661 0
29724 0
29813 0
29877 0
29907 0
29992 0
30022 0
30138 0
30193 0
30204 0
30252 0
30266 0
30487 0
30512 0
30534 0
30547 0
30565 0
30619 0
30913 0
31130 0
31131 0
31166 0
31237 0
31298 0
31369 0
31407 0
31426 0
31427 0
31441 0
31445 0
31466 0
31566 0
31568 0
31573 0
31578 0
31634 0
31694 0
31724 0
31809 0
31869 0
31879 0
31905 0
31910 0
31972 0
31973 0
31981 0
32023 0
32027 0
32097 0
32190 0
32223 0
32265 0
32298 0
32305 0
32366 0
32431 0
32492 0
32914 0
32927 0
32947 0
32957 0
32997 0
33046 0
33115 0
33221 0
33268 0
33352 0
33406 0
33444 0
33483 0
33489 0
33549 0
33791 0
33822 0
33864 0
33880 0
33892 0
33903 0
33934 0
33940 0
34053 0
34078 0
34115 0
34200 0
34214 0
34216 0
34222 0
34363 0
34381 0
34394 0
34403 0
34404 0
34443 0
34471 0
34504 0
34521 0
34588 0
34607 0
34624 0
34647 0
34668 0
34670 0
34810 0
34815 0
34823 0
34880 0
34914 0
34952 0
34971 0
35125 0
35143 0
35169 0
35198 0
35377 0
35448 0
35451 0
35495 0
35566 0
35639 0
35679 0
35754 0
35863 0
35884 0
35889 0
35912 0
35927 0
35937 0
35980 0
36049 0
36085 0
36339 0
36353 0
36368 0
36416 0
36491 0
36532 0
36542 0
36556 0
36578 0
36595 0
36620 0
36663 0
36720 0
36744 0
36823 0
36868 0
37075 0
37158 0
37264 0
37336 0
37361 0
37446 0
37500 0
37532 0
37536 0
37602 0
37740 0
37775 0
37801 0
37859 0
37929 0
37934 0
37983 0
38054 0
38096 0
38115 0
38213 0
38294 0
38296 0
38338 0
38397 0
38431 0
38471 0
38484 0
38622 0
38781 0
38820 0
38830 0
38896 0
38989 0
39163 0
39192 0
39227 0
39285 0
39419 0
39431 0
39490 0
39517 0
39541 0
39645 0
39680 0
39687 0
39689 0
39695 0
39728 0
39746 0
39761 0
39819 0
39902 0
39940 0
40016 0
40020 0
40029 0
40034 0
40086 0
40132 0
40182 0
40301 0
40320 0
40371 0
40374 0
40450 0
40497 0
40813 0
40832 0
40834 0
40849 0
40925 0
40954 0
40993 0
41128 0
41200 0
41245 0
41270 0
41282 0
41289 0
41520 0
41550 0
41573 0
41665 0
41670 0
41703 0
41727 0
41758 0
41790 0
41835 0
41928 0
41976 0
42021 0
42024 0
42122 0
42128 0
42160 0
42232 0
42302 0
42327 0
42333 0
42354 0
42366 0
42518 0
42552 0
42614 0
42630 0
42654 0
42693 0
42738 0
42795 0
42928 0
43000 0
43077 0
43149 0
43191 0
43198 0
43286 0
43300 0
43318 0
43343 0
43394 0
43397 0
43404 0
43426 0
43456 0
43475 0
43518 0
43522 0
43526 0
43600 0
43635 0
43639 0
43728 0
43758 0
43776 0
43793 0
43819 0
43839 0
43917 0
43937 0
43957 0
43977 0
44105 0
44123 0
44138 0
44145 0
44148 0
44221 0
44247 0
44250 0
44270 0
44321 0
44414 0
44583 0
44602 0
44605 0
44632 0
44640 0
44643 0
44893 0
44915 0
44922 0
45031 0
45099 0
45105 0
45121 0
45175 0
45351 0
45394 0
45643 0
45797 0
45810 0
45934 0
45946 0
45986 0
45999 0
46054 0
46056 0
46218 0
46222 0
46379 0
46421 0
46472 0
46473 0
46505 0
46566 0
46584 0
46591 0
46632 0
46664 0
46688 0
46726 0
46740 0
46762 0
46886 0
46947 0
46994 0
47150 0
47163 0
47210 0
47227 0
47232 0
47320 0
47327 0
47328 0
47373 0
47398 0
47421 0
47450 0
47527 0
47629 0
47636 0
47736 0
47746 0
47867 0
47875 0
47909 0
47934 0
48049 0
48095 0
48139 0
48263 0
48287 0
48335 0
48349 0
48408 0
48423 0
48474 0
48494 0
48615 0
48715 0
48816 0
48832 0
48842 0
48862 0
48867 0
48878 0
48916 0
48965 0
48970 0
49031 0
49052 0
49057 0
49087 0
49096 0
49123 0
49137 0
49251 0
49323 0
49328 0
49385 0
49459 0
49499 0
49513 0
49526 0
49543 0
49552 0
49650 0
49660 0
49711 0
49761 0
49783 0
49868 0
49879 0
49893 0
50085 0
50098 0
50111 0
50308 0
50329 0
50382 0
50391 0
50411 0
50484 0
50486 0
50507 0
50584 0
50615 0
50762 0
50832 0
50882 0
50894 0
50974 0
51097 0
51150 0
51184 0
51192 0
51195 0
51255 0
51403 0
51405 0
51415 0
51436 0
51456 0
51508 0
51567 0
51628 0
51633 0
51674 0
51685 0
51742 0
51783 0
51966 0
51986 0
52019 0
52091 0
52113 0
52174 0
52218 0
52226 0
52290 0
52410 0
52417 0
52532 0
52542 0
52575 0
52586 0
52602 0
52725 0
52902 0
52958 0
53086 0
53124 0
53221 0
53226 0
53278 0
53530 0
53600 0
53666 0
53669 0
53692 0
53701 0
53727 0
53730 0
53795 0
53801 0
53834 0
53875 0
53898 0
54070 0
54216 0
54247 0
54252 0
54257 0
54366 0
54438 0
54455 0
54458 0
54517 0
54518 0
54542 0
54550 0
54559 0
54575 0
54599 0
54620 0
54635 0
54687 0
54688 0
54692 0
54778 0
54827 0
54850 0
54878 0
54901 0
55041 0
55085 0
55125 0
55145 0
55177 0
55267 0
55360 0
55436 0
55466 0
55531 0
55603 0
55607 0
55625 0
55684 0
55750 0
55762 0
55783 0
55840 0
55890 0
56039 0
56042 0
56045 0
56196 0
56261 0
56321 0
56327 0
56379 0
56386 0
56409 0
56446 0
56507 0
56552 0
56581 0
56639 0
56723 0
56754 0
56796 0
56893 0
56932 0
57021 0
57046 0
57064 0
57081 0
57107 0
57186 0
57202 0
57238 0
57251 0
57296 0
57303 0
57337 0
57419 0
57633 0
57668 0
57671 0
57708 0
57800 0
57935 0
57979 0
58011 0
58078 0
58122 0
58306 0
58354 0
58391 0
58401 0
58452 0
58484 0
58496 0
58539 0
58603 0
58649 0
58698 0
58699 0
58742 0
58837 0
58851 0
58924 0
58959 0
59044 0
59063 0
59190 0
59241 0
59288 0
59323 0
59345 0
59364 0
59371 0
59458 0
59515 0
59525 0
59585 0
59644 0
59647 0
59766 0
59807 0
59823 0
59872 0
59890 0
59917 0
59959 0
60060 0
60071 0
60107 0
60219 0
60240 0
60251 0
60256 0
60262 0
60301 0
60324 0
60378 0
60387 0
60408 0
60490 0
60518 0
60630 0
60672 0
60747 0
60773 0
60811 0
60834 0
60852 0
60864 0
60903 0
60974 0
60980 0
61043 0
61081 0
61086 0
61087 0
61101 0
61117 0
61188 0
61199 0
61221 0
61224 0
61245 0
61306 0
61324 0
61369 0
61393 0
61398 0
61407 0
61415 0
61422 0
61453 0
61457 0
61464 0
61475 0
61563 0
61623 0
61659 0
61681 0
61746 0
61760 0
61801 0
61872 0
61941 0
61964 0
61969 0
61986 0
61989 0
62020 0
62045 0
62051 0
62161 0
62205 0
62418 0
62459 0
62494 0
62614 0
62633 0
62699 0
62854 0
62857 0
62920 0
62954 0
63023 0
63073 0
63095 0
63107 0
63169 0
63236 0
63253 0
63303 0
63337 0
63384 0
63422 0
63579 0
63608 0
63614 0
63737 0
63745 0
63752 0
63781 0
63811 0
63908 0
63920 0
63938 0
63949 0
63978 0
64000 0
64175 0
64314 0
64322 0
64328 0
64349 0
64358 0
64369 0
64460 0
64495 0
64528 0
64609 0
64610 0
64629 0
64651 0
64685 0
64716 0
64768 0
64869 0
65016 0
65122 0
65149 0
65172 0
65194 0
65200 0
65204 0
65305 0
65454 0
65495 0
65497 0
65517 0
65575 0
65660 0
65691 0
65703 0
65743 0
65790 0
65793 0
65868 0
65904 0
65905 0
65916 0
65920 0
66058 0
66082 0
66259 0
66290 0
66385 0
66409 0
66439 0
66515 0
66561 0
66590 0
66638 0
66644 0
66677 0
66718 0
66728 0
66731 0
66747 0
66937 0
67023 0
67060 0
67191 0
67290 0
67324 0
67361 0
67441 0
67498 0
67541 0
67578 0
67586 0
67672 0
67694 0
67714 0
67743 0
67766 0
67776 0
67861 0
67940 0
67958 0
68066 0
68111 0
68125 0
68129 0
68158 0
68171 0
68172 0
68218 0
68265 0
68425 0
68539 0
68607 0
68722 0
68741 0
68742 0
68779 0
68875 0
68905 0
68944 0
68970 0
69036 0
69056 0
69081 0
69115 0
69130 0
69137 0
69167 0
69191 0
69253 0
69339 0
69346 0
69354 0
69419 0
69426 0
69491 0
69519 0
69535 0
69551 0
69562 0
69677 0
69709 0
69748 0
69767 0
69866 0
69932 0
70110 0
70149 0
70162 0
70180 0
70218 0
70247 0
70438 0
70599 0
70663 0
70670 0
70732 0
70796 0
70812 0
70816 0
70834 0
70836 0
70847 0
70875 0
70999 0
71004 0
71072 0
71208 0
71223 0
71267 0
71282 0
71365 0
71467 0
71473 0
71547 0
71630 0
71687 0
71698 0
71750 0
71766 0
71835 0
71842 0
71947 0
71962 0
71997 0
72006 0
72059 0
72089 0
72206 0
72235 0
72242 0
72252 0
72279 0
72306 0
72392 0
72447 0
72472 0
72568 0
72640 0
72711 0
72715 0
72735 0
72769 0
72803 0
72848 0
72860 0
72893 0
73073 0
73171 0
73190 0
73250 0
73268 0
73295 0
73460 0
73465 0
73741 0
73781 0
73807 0
73811 0
73839 0
73955 0
73997 0
74001 0
74103 0
74123 0
74129 0
74219 0
74252 0
74254 0
74281 0
74286 0
74330 0
74354 0
74364 0
74407 0
74443 0
74474 0
74483 0
74491 0
74657 0
74662 0
74681 0
74699 0
74737 0
74761 0
74837 0
74896 0
74905 0
74965 0
75004 0
75044 0
75059 0
75252 0
75323 0
75450 0
75491 0
75542 0
75694 0
75704 0
75738 0
75783 0
75794 0
75918 0
75925 0
75955 0
76077 0
76285 0
76289 0
76320 0
76467 0
76511 0
76607 0
76620 0
76658 0
76695 0
76730 0
76770 0
76801 0
76868 0
76965 0
76978 0
77010 0
77026 0
77046 0
77084 0
77100 0
77137 0
77142 0
77195 0
77260 0
77283 0
77287 0
77305 0
77334 0
77336 0
77352 0
77430 0
77432 0
77446 0
77465 0
77466 0
77568 0
77640 0
77657 0
77713 0
77761 0
77762 0
77889 0
77909 0
77924 0
78062 0
78072 0
78170 0
78216 0
78275 0
78334 0
78462 0
78485 0
78547 0
78586 0
78609 0
78676 0
78738 0
78776 0
78789 0
78814 0
78859 0
78933 0
78968 0
79002 0
79011 0
79096 0
79193 0
79198 0
79267 0
79319 0
79320 0
79332 0
79554 0
79570 0
79614 0
79623 0
79733 0
79752 0
79795 0
79835 0
79862 0
79898 0
79920 0
79948 0
80076 0
80191 0
80216 0
80235 0
80241 0
80260 0
80276 0
80391 0
80401 0
80452 0
80473 0
80490 0
80539 0
80639 0
80649 0
80681 0
80804 0
80900 0
80994 0
81149 0
81193 0
81349 0
81470 0
81507 0
81520 0
81559 0
81602 0
81644 0
81667 0
81669 0
81794 0
81838 0
81874 0
81999 0
82102 0
82108 0
82137 0
82241 0
82277 0
82282 0
82392 0
82443 0
82476 0
82526 0
82585 0
82589 0
82624 0
82634 0
82642 0
82643 0
82689 0
82712 0
82862 0
82894 0
83067 0
83072 0
83077 0
83089 0
83092 0
83151 0
83153 0
83181 0
83236 0
83240 0
83252 0
83284 0
83442 0
83463 0
83478 0
83524 0
83534 0
83538 0
83653 0
83662 0
83793 0
83796 0
83802 0
83808 0
84105 0
84124 0
84163 0
84346 0
84383 0
84393 0
84453 0
84500 0
84532 0
84628 0
84660 0
84702 0
84779 0
84827 0
84926 0
84992 0
85069 0
85150 0
85156 0
85164 0
85276 0
85366 0
85450 0
85552 0
85563 0
85573 0
85589 0
85607 0
85694 0
85699 0
85741 0
85749 0
85775 0
85778 0
85813 0
85869 0
85877 0
85925 0
85962 0
86001 0
86060 0
86183 0
86194 0
86232 0
86277 0
86294 0
86331 0
86370 0
86373 0
86393 0
86426 0
86479 0
86488 0
86626 0
86643 0
86648 0
86659 0
86814 0
86935 0
86992 0
87006 0
87054 0
87060 0
87079 0
87102 0
87191 0
87240 0
87271 0
87272 0
87335 0
87344 0
87382 0
87510 0
87531 0
87534 0
87577 0
87617 0
87625 0
87735 0
87746 0
87787 0
87822 0
87939 0
87988 0
88044 0
88092 0
88095 0
88109 0
88163 0
88204 0
88253 0
88257 0
88332 0
88353 0
88498 0
88716 0
88717 0
88774 0
88812 0
88835 0
88836 0
88853 0
88871 0
88911 0
88924 0
88948 0
89005 0
89072 0
89196 0
89212 0
89309 0
89343 0
89373 0
89389 0
89481 0
89508 0
89532 0
89542 0
89633 0
89649 0
89705 0
89814 0
89819 0
89842 0
89859 0
89867 0
89881 0
89913 0
90005 0
90023 0
90061 0
90089 0
90096 0
90127 0
90156 0
90166 0
90179 0
90207 0
90213 0
90229 0
90259 0
90395 0
90452 0
90469 0
90501 0
90567 0
90574 0
90588 0
90686 0
90705 0
90721 0
90733 0
90751 0
90827 0
90978 0
91001 0
91066 0
91196 0
91231 0
91241 0
91256 0
91262 0
91278 0
91372 0
91428 0
91460 0
91516 0
91521 0
91535 0
91556 0
91585 0
91587 0
91594 0
91605 0
91708 0
91742 0
91759 0
91762 0
91802 0
91880 0
91926 0
91943 0
91961 0
92024 0
92188 0
92217 0
92288 0
92417 0
92472 0
92485 0
92499 0
92634 0
92653 0
92767 0
92774 0
92788 0
92792 0
92947 0
92981 0
93001 0
93045 0
93061 0
93063 0
93133 0
93160 0
93170 0
93248 0
93310 0
93555 0
93602 0
93609 0
93620 0
93675 0
93771 0
93777 0
93832 0
93963 0
94005 0
94025 0
94075 0
94138 0
94364 0
94461 0
94518 0
94529 0
94535 0
94694 0
94716 0
94721 0
94748 0
94777 0
94785 0
94808 0
94849 0
94863 0
94938 0
94942 0
95077 0
95088 0
95123 0
95125 0
95173 0
95228 0
95235 0
95263 0
95290 0
95409 0
95424 0
95460 0
95516 0
95569 0
95574 0
95596 0
95662 0
95685 0
95707 0
95715 0
95771 0
95848 0
95850 0
95881 0
95911 0
96143 0
96244 0
96252 0
96385 0
96391 0
96473 0
96482 0
96564 0
96565 0
96569 0
96613 0
96680 0
96718 0
96729 0
96736 0
96778 0
96787 0
96851 0
96909 0
96910 0
96931 0
96938 0
96964 0
97031 0
97035 0
97038 0
97065 0
97158 0
97173 0
97205 0
97299 0
97317 0
97357 0
97407 0
97499 0
97557 0
97637 0
97692 0
97706 0
97717 0
97720 0
97770 0
97801 0
97820 0
97845 0
97871 0
98004 0
98203 0
98253 0
98453 0
98573 0
98628 0
98654 0
98664 0
98790 0
98795 0
98853 0
98865 0
98875 0
98935 0
98966 0
98989 0
99010 0
99026 0
99060 0
99068 0
99084 0
99093 0
99300 0
99393 0
99429 0
99459 0
99503 0
99507 0
99510 0
99518 0
99545 0
99588 0
99636 0
99720 0
99738 0
99771 0
99842 0
99914 0
99933 0
99968 0
