c This is a uniform distributed  1-D DIMACS file 
c width height point_number
p 100000 100000 2048
93 0
144 0
190 0
343 0
387 0
402 0
475 0
554 0
569 0
576 0
605 0
618 0
778 0
821 0
870 0
957 0
960 0
1000 0
1072 0
1116 0
1132 0
1171 0
1186 0
1231 0
1275 0
1348 0
1360 0
1367 0
1461 0
1484 0
1531 0
1624 0
1659 0
1694 0
1751 0
1785 0
1886 0
2082 0
2095 0
2159 0
2206 0
2222 0
2268 0
2288 0
2303 0
2365 0
2411 0
2546 0
2557 0
2659 0
2701 0
2726 0
2920 0
2962 0
2964 0
2990 0
3023 0
3052 0
3123 0
3254 0
3265 0
3404 0
3554 0
3627 0
3667 0
3746 0
3758 0
3798 0
3838 0
3840 0
3864 0
3891 0
3892 0
3956 0
3984 0
3990 0
4283 0
4382 0
4425 0
4474 0
4489 0
4533 0
4550 0
4583 0
4657 0
4684 0
4692 0
4702 0
4738 0
4792 0
4925 0
5066 0
5067 0
5148 0
5160 0
5169 0
5213 0
5291 0
5316 0
5415 0
5453 0
5495 0
5523 0
5539 0
5567 0
5706 0
5736 0
5755 0
5766 0
5770 0
5799 0
5832 0
5913 0
5941 0
5957 0
6010 0
6019 0
6023 0
6044 0
6105 0
6131 0
6186 0
6232 0
6252 0
6298 0
6318 0
6842 0
6847 0
6855 0
6856 0
6887 0
6978 0
6984 0
7050 0
7070 0
7100 0
7149 0
7221 0
7249 0
7285 0
7292 0
7318 0
7330 0
7422 0
7445 0
7449 0
7499 0
7510 0
7525 0
7662 0
7722 0
7733 0
7735 0
7786 0
7787 0
7856 0
7931 0
7938 0
7978 0
7992 0
8012 0
8022 0
8036 0
8046 0
8065 0
8120 0
8174 0
8188 0
8228 0
8255 0
8270 0
8277 0
8317 0
8320 0
8345 0
8360 0
8396 0
8445 0
8537 0
8706 0
8740 0
8758 0
8813 0
8849 0
8869 0
9112 0
9118 0
9199 0
9313 0
9317 0
9333 0
9342 0
9363 0
9421 0
9569 0
9674 0
9741 0
9792 0
9881 0
9913 0
10040 0
10050 0
10077 0
10184 0
10277 0
10284 0
10300 0
10518 0
10526 0
10552 0
10667 0
10720 0
10748 0
10791 0
10843 0
10895 0
10982 0
11043 0
11167 0
11257 0
11300 0
11328 0
11329 0
11396 0
11465 0
11489 0
11491 0
11510 0
11592 0
11755 0
11841 0
11890 0
11954 0
12053 0
12065 0
12108 0
12180 0
12261 0
12271 0
12279 0
12314 0
12366 0
12413 0
12491 0
12493 0
12590 0
12675 0
12726 0
12754 0
12763 0
12764 0
12806 0
12812 0
12856 0
12936 0
12956 0
12962 0
12976 0
13030 0
13041 0
13136 0
13156 0
13172 0
13187 0
13192 0
13205 0
13234 0
13311 0
13387 0
13447 0
13532 0
13546 0
13574 0
13589 0
13767 0
13772 0
13882 0
13920 0
13925 0
13946 0
14043 0
14160 0
14229 0
14349 0
14394 0
14406 0
14414 0
14531 0
14545 0
14556 0
14704 0
14727 0
14792 0
14796 0
14813 0
14969 0
14970 0
15031 0
15037 0
15094 0
15097 0
15158 0
15207 0
15210 0
15240 0
15289 0
15329 0
15396 0
15408 0
15575 0
15578 0
15606 0
15630 0
15640 0
15742 0
15749 0
15760 0
15870 0
15875 0
15889 0
16024 0
16175 0
16253 0
16278 0
16350 0
16373 0
16379 0
16413 0
16443 0
16467 0
16600 0
16636 0
16637 0
16645 0
16907 0
16955 0
16998 0
17045 0
17063 0
17090 0
17146 0
17278 0
17279 0
17312 0
17386 0
17418 0
17439 0
17503 0
17533 0
17603 0
17655 0
17906 0
17949 0
17964 0
17974 0
18023 0
18042 0
18104 0
18111 0
18164 0
18170 0
18284 0
18292 0
18366 0
18434 0
18518 0
18524 0
18701 0
18763 0
18764 0
18781 0
18785 0
18885 0
18932 0
19057 0
19065 0
19344 0
19419 0
19478 0
19524 0
19558 0
19565 0
19635 0
19644 0
19679 0
19724 0
19740 0
19749 0
19763 0
19765 0
19910 0
19923 0
19933 0
19974 0
20026 0
20070 0
20109 0
20116 0
20220 0
20235 0
20325 0
20332 0
20349 0
20457 0
20526 0
20545 0
20675 0
20677 0
20705 0
20728 0
20750 0
20779 0
20802 0
20839 0
20872 0
20969 0
20991 0
20996 0
21058 0
21078 0
21119 0
21156 0
21177 0
21194 0
21249 0
21289 0
21341 0
21442 0
21701 0
21703 0
21727 0
21739 0
21811 0
21842 0
21852 0
22055 0
22123 0
22130 0
22186 0
22240 0
22264 0
22274 0
22340 0
22346 0
22356 0
22379 0
22460 0
22461 0
22520 0
22543 0
22553 0
22718 0
22754 0
22868 0
22873 0
22949 0
22985 0
22986 0
22998 0
23035 0
23067 0
23150 0
23186 0
23401 0
23405 0
23468 0
23494 0
23525 0
23701 0
23708 0
23819 0
23869 0
23875 0
23898 0
24079 0
24164 0
24214 0
24224 0
24240 0
24263 0
24375 0
24383 0
24433 0
24535 0
24553 0
24618 0
24646 0
24906 0
24937 0
24947 0
25066 0
25079 0
25080 0
25090 0
25156 0
25176 0
25318 0
25355 0
25360 0
25435 0
25447 0
25479 0
25486 0
25651 0
25664 0
25780 0
25798 0
25858 0
25913 0
25956 0
25964 0
26060 0
26087 0
26108 0
26117 0
26177 0
26201 0
26230 0
26285 0
26360 0
26362 0
26370 0
26402 0
26515 0
26543 0
26562 0
26589 0
26760 0
26762 0
26819 0
26831 0
26970 0
27089 0
27133 0
27186 0
27254 0
27364 0
27376 0
27380 0
27433 0
27437 0
27649 0
27674 0
27710 0
27741 0
27778 0
27798 0
27852 0
27892 0
27910 0
27914 0
27979 0
27988 0
28023 0
28030 0
28038 0
28104 0
28274 0
28542 0
28590 0
28752 0
28767 0
28781 0
28838 0
28854 0
28868 0
28918 0
28924 0
29000 0
29028 0
29104 0
29122 0
29135 0
29176 0
29258 0
29282 0
29317 0
29468 0
29534 0
29600 0
29614 0
29651 0
29703 0
29749 0
29751 0
29799 0
29818 0
29916 0
29920 0
29943 0
29950 0
29957 0
30011 0
30062 0
30094 0
30224 0
30254 0
30272 0
30300 0
30327 0
30378 0
30402 0
30413 0
30428 0
30509 0
30590 0
30599 0
30606 0
30616 0
30695 0
30739 0
30751 0
30873 0
30952 0
31048 0
31076 0
31157 0
31162 0
31199 0
31350 0
31387 0
31420 0
31576 0
31580 0
31583 0
31604 0
31665 0
31703 0
31761 0
31809 0
31833 0
31859 0
31938 0
31959 0
31969 0
32195 0
32243 0
32256 0
32398 0
32434 0
32477 0
32514 0
32544 0
32599 0
32734 0
32804 0
32859 0
32886 0
32900 0
32919 0
32936 0
33011 0
33012 0
33025 0
33030 0
33075 0
33096 0
33137 0
33154 0
33199 0
33213 0
33233 0
33298 0
33373 0
33419 0
33421 0
33440 0
33442 0
33538 0
33548 0
33568 0
33603 0
33647 0
33705 0
33713 0
33801 0
33848 0
33949 0
33961 0
34088 0
34092 0
34116 0
34119 0
34145 0
34158 0
34205 0
34216 0
34370 0
34385 0
34499 0
34519 0
34529 0
34579 0
34610 0
34716 0
34754 0
34767 0
34801 0
34823 0
34852 0
34957 0
35085 0
35110 0
35157 0
35202 0
35249 0
35292 0
35468 0
35505 0
35516 0
35588 0
35610 0
35720 0
35727 0
35737 0
35804 0
35860 0
35895 0
35977 0
36030 0
36196 0
36222 0
36323 0
36358 0
36447 0
36468 0
36478 0
36555 0
36590 0
36649 0
36777 0
36820 0
36857 0
36936 0
36950 0
36959 0
36974 0
37007 0
37150 0
37213 0
37356 0
37363 0
37386 0
37511 0
37542 0
37557 0
37562 0
37655 0
37703 0
37748 0
37829 0
38006 0
38008 0
38200 0
38211 0
38222 0
38246 0
38258 0
38445 0
38603 0
38659 0
38852 0
38864 0
38905 0
38953 0
38966 0
39118 0
39159 0
39271 0
39345 0
39379 0
39396 0
39413 0
39425 0
39457 0
39478 0
39514 0
39528 0
39599 0
39606 0
39608 0
39620 0
39664 0
39676 0
39681 0
39687 0
39723 0
39838 0
39862 0
39928 0
39963 0
39970 0
40004 0
40059 0
40062 0
40222 0
40225 0
40230 0
40251 0
40317 0
40364 0
40398 0
40524 0
40530 0
40587 0
40629 0
40766 0
40796 0
40910 0
40913 0
40972 0
40987 0
41021 0
41046 0
41058 0
41227 0
41260 0
41318 0
41343 0
41344 0
41392 0
41418 0
41447 0
41531 0
41612 0
41677 0
41692 0
41759 0
41806 0
41811 0
41960 0
42003 0
42079 0
42123 0
42143 0
42285 0
42325 0
42328 0
42354 0
42421 0
42453 0
42471 0
42541 0
42693 0
42721 0
42738 0
42759 0
42839 0
42928 0
42960 0
42987 0
42992 0
43147 0
43156 0
43250 0
43346 0
43358 0
43382 0
43422 0
43427 0
43437 0
43462 0
43465 0
43469 0
43506 0
43507 0
43514 0
43556 0
43700 0
43763 0
43839 0
43873 0
43876 0
43983 0
44012 0
44025 0
44055 0
44058 0
44160 0
44241 0
44390 0
44495 0
44534 0
44553 0
44565 0
44614 0
44736 0
44813 0
44839 0
44859 0
44916 0
45023 0
45026 0
45054 0
45056 0
45169 0
45234 0
45247 0
45270 0
45273 0
45278 0
45296 0
45300 0
45354 0
45358 0
45408 0
45414 0
45442 0
45752 0
45760 0
45955 0
45987 0
46032 0
46037 0
46057 0
46092 0
46151 0
46362 0
46381 0
46397 0
46469 0
46470 0
46515 0
46573 0
46574 0
46622 0
46644 0
46646 0
46653 0
46719 0
46725 0
46904 0
46924 0
46930 0
46971 0
46983 0
47022 0
47028 0
47029 0
47069 0
47077 0
47080 0
47139 0
47327 0
47360 0
47474 0
47475 0
47499 0
47546 0
47571 0
47584 0
47621 0
47623 0
47808 0
47829 0
47854 0
47863 0
47968 0
47983 0
47998 0
48099 0
48122 0
48125 0
48157 0
48198 0
48213 0
48223 0
48248 0
48253 0
48294 0
48302 0
48306 0
48342 0
48512 0
48571 0
48612 0
48621 0
48676 0
48713 0
48723 0
48753 0
48783 0
48832 0
48936 0
48994 0
49041 0
49046 0
49052 0
49198 0
49231 0
49322 0
49381 0
49448 0
49481 0
49502 0
49531 0
49614 0
49636 0
49724 0
49774 0
49819 0
49856 0
49954 0
49973 0
49979 0
49984 0
50024 0
50074 0
50137 0
50218 0
50241 0
50260 0
50281 0
50322 0
50328 0
50350 0
50385 0
50602 0
50803 0
50862 0
50871 0
50985 0
51029 0
51121 0
51236 0
51248 0
51293 0
51337 0
51359 0
51396 0
51536 0
51559 0
51601 0
51633 0
51650 0
51779 0
51947 0
51952 0
51962 0
51986 0
52021 0
52053 0
52137 0
52309 0
52333 0
52336 0
52338 0
52468 0
52492 0
52508 0
52563 0
52888 0
53215 0
53219 0
53264 0
53274 0
53296 0
53312 0
53398 0
53430 0
53505 0
53518 0
53533 0
53566 0
53615 0
53625 0
53651 0
53689 0
53801 0
53829 0
53849 0
53883 0
53904 0
53943 0
54011 0
54124 0
54143 0
54154 0
54189 0
54314 0
54317 0
54337 0
54338 0
54364 0
54371 0
54381 0
54391 0
54402 0
54406 0
54465 0
54491 0
54502 0
54554 0
54599 0
54631 0
54632 0
54666 0
54690 0
54707 0
54719 0
54774 0
54823 0
54827 0
54828 0
54836 0
54860 0
54873 0
54931 0
54938 0
55174 0
55194 0
55267 0
55273 0
55316 0
55369 0
55404 0
55469 0
55574 0
55719 0
55766 0
55791 0
55799 0
55883 0
55945 0
56009 0
56047 0
56062 0
56063 0
56090 0
56158 0
56290 0
56309 0
56338 0
56394 0
56397 0
56400 0
56485 0
56498 0
56579 0
56589 0
56638 0
56642 0
56671 0
56679 0
56697 0
56711 0
56865 0
56893 0
56950 0
56954 0
57016 0
57031 0
57091 0
57094 0
57097 0
57168 0
57306 0
57316 0
57317 0
57366 0
57380 0
57448 0
57493 0
57524 0
57544 0
57592 0
57638 0
57646 0
57924 0
58023 0
58081 0
58112 0
58120 0
58147 0
58285 0
58311 0
58316 0
58413 0
58428 0
58455 0
58462 0
58534 0
58572 0
58612 0
58633 0
58637 0
58643 0
58653 0
58910 0
58987 0
59029 0
59042 0
59105 0
59168 0
59192 0
59229 0
59274 0
59305 0
59353 0
59444 0
59486 0
59511 0
59541 0
59542 0
59636 0
59666 0
59676 0
59678 0
59823 0
59867 0
59877 0
59909 0
60029 0
60153 0
60190 0
60244 0
60271 0
60312 0
60315 0
60374 0
60400 0
60483 0
60605 0
60624 0
60653 0
60668 0
60701 0
60731 0
60782 0
60863 0
60912 0
60930 0
60985 0
61055 0
61067 0
61130 0
61179 0
61268 0
61343 0
61397 0
61421 0
61509 0
61512 0
61542 0
61571 0
61637 0
61714 0
61801 0
61820 0
61833 0
61906 0
61940 0
61991 0
62016 0
62048 0
62069 0
62077 0
62112 0
62140 0
62161 0
62193 0
62194 0
62216 0
62353 0
62362 0
62399 0
62400 0
62403 0
62409 0
62438 0
62451 0
62476 0
62478 0
62564 0
62589 0
62612 0
62614 0
62750 0
62861 0
62873 0
62949 0
62960 0
62980 0
63074 0
63084 0
63178 0
63192 0
63194 0
63206 0
63252 0
63261 0
63375 0
63384 0
63425 0
63432 0
63498 0
63509 0
63532 0
63562 0
63603 0
63618 0
63652 0
63704 0
63721 0
63777 0
63779 0
63787 0
63836 0
63838 0
63851 0
63852 0
63861 0
63887 0
63957 0
63968 0
64007 0
64015 0
64032 0
64034 0
64109 0
64116 0
64143 0
64158 0
64195 0
64226 0
64275 0
64303 0
64376 0
64440 0
64479 0
64483 0
64503 0
64519 0
64538 0
64563 0
64625 0
64689 0
64757 0
64827 0
64830 0
64841 0
65010 0
65020 0
65022 0
65024 0
65111 0
65138 0
65147 0
65214 0
65222 0
65228 0
65274 0
65278 0
65290 0
65306 0
65310 0
65345 0
65378 0
65406 0
65437 0
65454 0
65491 0
65544 0
65570 0
65582 0
65647 0
65677 0
65781 0
65804 0
65817 0
65837 0
65876 0
65886 0
65936 0
66053 0
66084 0
66104 0
66172 0
66265 0
66287 0
66294 0
66301 0
66313 0
66331 0
66339 0
66370 0
66382 0
66413 0
66424 0
66481 0
66521 0
66523 0
66629 0
66640 0
66644 0
66666 0
66776 0
66787 0
66889 0
66965 0
66966 0
66974 0
67018 0
67110 0
67140 0
67157 0
67179 0
67216 0
67233 0
67252 0
67255 0
67295 0
67313 0
67352 0
67396 0
67424 0
67445 0
67456 0
67487 0
67585 0
67599 0
67617 0
67663 0
67694 0
67711 0
67745 0
67748 0
67909 0
68000 0
68016 0
68027 0
68087 0
68164 0
68187 0
68237 0
68282 0
68310 0
68413 0
68507 0
68527 0
68562 0
68591 0
68614 0
68649 0
68695 0
68790 0
68799 0
68823 0
68842 0
68853 0
68860 0
68878 0
68944 0
68952 0
69228 0
69242 0
69356 0
69414 0
69543 0
69562 0
69603 0
69643 0
69661 0
69674 0
69736 0
69807 0
69833 0
69849 0
69867 0
69963 0
70190 0
70215 0
70242 0
70247 0
70265 0
70353 0
70437 0
70450 0
70531 0
70549 0
70558 0
70570 0
70607 0
70609 0
70650 0
70713 0
70729 0
70880 0
70947 0
70954 0
71155 0
71182 0
71203 0
71306 0
71318 0
71331 0
71334 0
71513 0
71724 0
71746 0
71799 0
71977 0
72071 0
72192 0
72239 0
72300 0
72302 0
72462 0
72479 0
72490 0
72513 0
72523 0
72572 0
72629 0
72654 0
72693 0
72755 0
72756 0
72773 0
72829 0
72842 0
72863 0
73022 0
73030 0
73096 0
73271 0
73335 0
73340 0
73363 0
73372 0
73459 0
73506 0
73518 0
73542 0
73567 0
73590 0
73664 0
73742 0
73803 0
73813 0
73852 0
73928 0
73948 0
74011 0
74045 0
74093 0
74180 0
74184 0
74226 0
74235 0
74251 0
74288 0
74336 0
74383 0
74394 0
74475 0
74497 0
74535 0
74549 0
74556 0
74583 0
74727 0
74934 0
74945 0
74983 0
75006 0
75055 0
75126 0
75210 0
75308 0
75335 0
75465 0
75735 0
75756 0
75856 0
75875 0
76002 0
76087 0
76116 0
76118 0
76136 0
76175 0
76250 0
76287 0
76295 0
76306 0
76416 0
76434 0
76477 0
76526 0
76570 0
76593 0
76609 0
76764 0
76771 0
76808 0
76858 0
76868 0
76990 0
77000 0
77024 0
77077 0
77123 0
77135 0
77149 0
77178 0
77221 0
77261 0
77323 0
77406 0
77460 0
77462 0
77506 0
77554 0
77595 0
77605 0
77672 0
77761 0
77780 0
77898 0
77948 0
78026 0
78074 0
78091 0
78190 0
78292 0
78316 0
78346 0
78435 0
78452 0
78603 0
78673 0
78789 0
78860 0
78924 0
78926 0
78945 0
78949 0
79030 0
79123 0
79140 0
79200 0
79250 0
79337 0
79381 0
79394 0
79411 0
79462 0
79586 0
79834 0
79912 0
80102 0
80129 0
80161 0
80168 0
80197 0
80214 0
80253 0
80314 0
80340 0
80346 0
80466 0
80491 0
80499 0
80517 0
80626 0
80708 0
80752 0
80780 0
80902 0
80940 0
80960 0
81009 0
81014 0
81018 0
81049 0
81149 0
81156 0
81184 0
81200 0
81312 0
81338 0
81362 0
81422 0
81429 0
81442 0
81484 0
81535 0
81556 0
81618 0
81629 0
81682 0
81688 0
81696 0
81717 0
81824 0
81895 0
81967 0
81991 0
82060 0
82069 0
82310 0
82314 0
82389 0
82405 0
82421 0
82472 0
82587 0
82855 0
82863 0
82873 0
82912 0
82961 0
83027 0
83051 0
83125 0
83250 0
83270 0
83303 0
83326 0
83364 0
83422 0
83497 0
83537 0
83681 0
83705 0
83826 0
83830 0
84003 0
84188 0
84192 0
84245 0
84261 0
84284 0
84344 0
84471 0
84525 0
84574 0
84700 0
84736 0
84768 0
84844 0
84990 0
85109 0
85183 0
85292 0
85323 0
85369 0
85376 0
85402 0
85410 0
85485 0
85500 0
85545 0
85679 0
85712 0
85805 0
85843 0
85861 0
85879 0
85886 0
85926 0
86112 0
86135 0
86151 0
86170 0
86174 0
86220 0
86249 0
86385 0
86397 0
86434 0
86438 0
86477 0
86543 0
86608 0
86789 0
86827 0
86839 0
86869 0
86929 0
86938 0
86985 0
87018 0
87054 0
87111 0
87140 0
87165 0
87232 0
87255 0
87275 0
87384 0
87403 0
87479 0
87488 0
87543 0
87622 0
87708 0
87936 0
88010 0
88037 0
88108 0
88213 0
88219 0
88281 0
88295 0
88303 0
88322 0
88400 0
88470 0
88503 0
88536 0
88544 0
88582 0
88583 0
88602 0
88800 0
88890 0
88931 0
88946 0
88956 0
88973 0
88992 0
89065 0
89106 0
89159 0
89184 0
89253 0
89308 0
89391 0
89598 0
89644 0
89659 0
89665 0
89752 0
89782 0
89897 0
89915 0
90026 0
90051 0
90097 0
90167 0
90171 0
90174 0
90224 0
90386 0
90455 0
90473 0
90474 0
90506 0
90514 0
90518 0
90525 0
90854 0
90896 0
90903 0
90974 0
91037 0
91039 0
91065 0
91085 0
91154 0
91166 0
91175 0
91230 0
91363 0
91387 0
91402 0
91456 0
91629 0
91631 0
91650 0
91651 0
91752 0
91799 0
91803 0
91813 0
91919 0
91982 0
92005 0
92067 0
92089 0
92199 0
92234 0
92270 0
92301 0
92364 0
92433 0
92452 0
92456 0
92471 0
92576 0
92583 0
92618 0
92631 0
92704 0
92881 0
92932 0
92958 0
92993 0
92995 0
93001 0
93057 0
93203 0
93214 0
93233 0
93251 0
93279 0
93372 0
93401 0
93417 0
93515 0
93522 0
93529 0
93537 0
93686 0
93714 0
93732 0
93746 0
93835 0
93893 0
93911 0
93960 0
93997 0
94048 0
94191 0
94209 0
94255 0
94266 0
94311 0
94336 0
94427 0
94430 0
94450 0
94471 0
94483 0
94523 0
94575 0
94617 0
94650 0
94751 0
94802 0
94854 0
94882 0
94887 0
94889 0
95002 0
95036 0
95037 0
95080 0
95159 0
95236 0
95239 0
95292 0
95373 0
95387 0
95403 0
95431 0
95434 0
95526 0
95551 0
95560 0
95568 0
95826 0
95833 0
95869 0
95932 0
95966 0
95967 0
96025 0
96078 0
96189 0
96226 0
96244 0
96470 0
96504 0
96513 0
96523 0
96572 0
96673 0
96765 0
96970 0
97001 0
97091 0
97109 0
97224 0
97264 0
97265 0
97266 0
97336 0
97378 0
97393 0
97455 0
97464 0
97519 0
97560 0
97573 0
97609 0
97612 0
97711 0
97782 0
97844 0
97892 0
97927 0
98107 0
98130 0
98197 0
98204 0
98209 0
98247 0
98251 0
98269 0
98293 0
98326 0
98345 0
98496 0
98536 0
98629 0
98660 0
98687 0
98711 0
98735 0
98799 0
98805 0
98822 0
98915 0
98928 0
99054 0
99067 0
99139 0
99157 0
99232 0
99233 0
99284 0
99382 0
99415 0
99534 0
99662 0
99666 0
99752 0
99832 0
99845 0
99876 0
99941 0
99944 0
99963 0
99966 0
99988 0
