c This is a uniform distributed  1-D DIMACS file 
c width height point_number
p 100000 100000 2048
122 0
141 0
231 0
244 0
387 0
454 0
540 0
660 0
742 0
845 0
863 0
869 0
879 0
884 0
916 0
975 0
1018 0
1038 0
1127 0
1231 0
1254 0
1290 0
1383 0
1444 0
1479 0
1512 0
1665 0
1721 0
1813 0
1821 0
1971 0
2157 0
2201 0
2286 0
2337 0
2456 0
2489 0
2568 0
2665 0
2686 0
2691 0
2710 0
2809 0
2899 0
2930 0
2931 0
3049 0
3064 0
3082 0
3127 0
3148 0
3162 0
3207 0
3210 0
3279 0
3325 0
3604 0
3612 0
3659 0
3671 0
3680 0
3701 0
3710 0
3730 0
3781 0
3805 0
3923 0
3944 0
3974 0
4040 0
4181 0
4197 0
4292 0
4388 0
4411 0
4485 0
4490 0
4527 0
4573 0
4611 0
4632 0
4663 0
4760 0
4783 0
4801 0
5096 0
5129 0
5146 0
5174 0
5188 0
5226 0
5259 0
5287 0
5317 0
5324 0
5326 0
5328 0
5358 0
5394 0
5427 0
5475 0
5530 0
5543 0
5586 0
5641 0
5773 0
5825 0
5831 0
5861 0
5866 0
5903 0
5936 0
6019 0
6042 0
6105 0
6132 0
6183 0
6197 0
6261 0
6267 0
6381 0
6490 0
6541 0
6647 0
6664 0
6725 0
6731 0
6738 0
6756 0
6856 0
6858 0
6913 0
7011 0
7021 0
7056 0
7114 0
7175 0
7293 0
7342 0
7343 0
7347 0
7370 0
7461 0
7482 0
7504 0
7538 0
7572 0
7655 0
7840 0
7867 0
7870 0
7947 0
7952 0
7968 0
8083 0
8099 0
8131 0
8167 0
8177 0
8242 0
8273 0
8311 0
8351 0
8420 0
8459 0
8531 0
8552 0
8600 0
8645 0
8674 0
8676 0
8691 0
8715 0
8737 0
8757 0
8820 0
8971 0
8988 0
9020 0
9155 0
9172 0
9211 0
9217 0
9259 0
9280 0
9377 0
9423 0
9491 0
9676 0
9695 0
9708 0
9894 0
9938 0
9956 0
10017 0
10075 0
10099 0
10211 0
10291 0
10298 0
10375 0
10379 0
10380 0
10390 0
10405 0
10444 0
10517 0
10616 0
10651 0
10675 0
10731 0
10760 0
10839 0
10864 0
10894 0
10899 0
11212 0
11213 0
11237 0
11275 0
11349 0
11376 0
11391 0
11412 0
11426 0
11464 0
11509 0
11609 0
11622 0
11663 0
11768 0
11814 0
11816 0
11824 0
11841 0
11954 0
12122 0
12123 0
12156 0
12345 0
12380 0
12461 0
12503 0
12534 0
12588 0
12590 0
12619 0
12677 0
12680 0
12713 0
12762 0
12927 0
13012 0
13043 0
13149 0
13331 0
13358 0
13389 0
13416 0
13458 0
13461 0
13734 0
13771 0
13806 0
13816 0
13876 0
13892 0
13935 0
14030 0
14041 0
14123 0
14215 0
14218 0
14250 0
14369 0
14392 0
14466 0
14481 0
14501 0
14519 0
14742 0
14774 0
14817 0
14822 0
14925 0
15051 0
15075 0
15077 0
15079 0
15115 0
15143 0
15198 0
15402 0
15422 0
15439 0
15442 0
15487 0
15516 0
15562 0
15735 0
15775 0
15800 0
15862 0
15887 0
16174 0
16194 0
16299 0
16380 0
16396 0
16405 0
16411 0
16430 0
16518 0
16561 0
16640 0
16827 0
16840 0
16945 0
17076 0
17101 0
17179 0
17185 0
17252 0
17325 0
17341 0
17517 0
17569 0
17584 0
17817 0
17887 0
17940 0
17949 0
17963 0
17969 0
18002 0
18009 0
18117 0
18213 0
18240 0
18255 0
18311 0
18375 0
18431 0
18541 0
18562 0
18565 0
18594 0
18845 0
18852 0
18883 0
18884 0
18996 0
19026 0
19046 0
19061 0
19135 0
19139 0
19147 0
19198 0
19238 0
19239 0
19273 0
19290 0
19297 0
19310 0
19367 0
19384 0
19403 0
19512 0
19581 0
19650 0
19657 0
19762 0
19812 0
19946 0
19948 0
20013 0
20060 0
20071 0
20106 0
20164 0
20328 0
20457 0
20458 0
20481 0
20539 0
20582 0
20602 0
20626 0
20645 0
20693 0
20695 0
20759 0
20901 0
20921 0
20945 0
20947 0
21030 0
21033 0
21039 0
21084 0
21092 0
21098 0
21160 0
21190 0
21199 0
21210 0
21247 0
21257 0
21279 0
21369 0
21381 0
21408 0
21465 0
21467 0
21489 0
21521 0
21656 0
21700 0
21756 0
21798 0
21801 0
21860 0
21897 0
21957 0
21962 0
22043 0
22091 0
22125 0
22242 0
22276 0
22348 0
22429 0
22530 0
22540 0
22558 0
22575 0
22598 0
22673 0
22674 0
22691 0
22776 0
22832 0
22849 0
22899 0
22906 0
22974 0
23020 0
23030 0
23108 0
23151 0
23154 0
23180 0
23282 0
23305 0
23308 0
23348 0
23384 0
23419 0
23477 0
23493 0
23506 0
23541 0
23632 0
23654 0
23679 0
23726 0
23811 0
23823 0
23840 0
23894 0
24025 0
24048 0
24129 0
24138 0
24145 0
24326 0
24327 0
24404 0
24429 0
24517 0
24719 0
24828 0
24836 0
24896 0
24914 0
24949 0
25157 0
25196 0
25241 0
25422 0
25470 0
25557 0
25562 0
25582 0
25610 0
25708 0
25739 0
25740 0
25775 0
25854 0
25897 0
25904 0
25940 0
26059 0
26093 0
26142 0
26193 0
26210 0
26333 0
26366 0
26382 0
26389 0
26480 0
26501 0
26517 0
26519 0
26525 0
26585 0
26601 0
26607 0
26636 0
26638 0
26652 0
26663 0
26670 0
26723 0
26738 0
26844 0
26858 0
26923 0
26946 0
26947 0
26976 0
27036 0
27073 0
27082 0
27164 0
27166 0
27214 0
27236 0
27244 0
27264 0
27274 0
27292 0
27299 0
27332 0
27351 0
27378 0
27387 0
27394 0
27417 0
27432 0
27657 0
27730 0
27731 0
27782 0
27794 0
27815 0
27820 0
27829 0
27834 0
27841 0
27906 0
27916 0
27993 0
28006 0
28100 0
28127 0
28181 0
28205 0
28237 0
28259 0
28277 0
28295 0
28318 0
28472 0
28495 0
28507 0
28549 0
28577 0
28838 0
28881 0
28898 0
28928 0
28944 0
29022 0
29037 0
29079 0
29080 0
29107 0
29257 0
29273 0
29356 0
29363 0
29449 0
29497 0
29553 0
29558 0
29580 0
29581 0
29587 0
29600 0
29789 0
29850 0
29859 0
29866 0
29897 0
29904 0
30009 0
30012 0
30101 0
30126 0
30164 0
30188 0
30197 0
30259 0
30264 0
30375 0
30377 0
30384 0
30406 0
30459 0
30481 0
30540 0
30582 0
30610 0
30696 0
30766 0
30846 0
30863 0
30932 0
30960 0
30974 0
31001 0
31174 0
31230 0
31235 0
31247 0
31522 0
31589 0
31608 0
31609 0
31644 0
31722 0
31738 0
31747 0
31751 0
31780 0
31908 0
31966 0
32030 0
32040 0
32076 0
32082 0
32127 0
32130 0
32131 0
32170 0
32179 0
32239 0
32249 0
32287 0
32313 0
32342 0
32365 0
32453 0
32495 0
32536 0
32571 0
32584 0
32592 0
32600 0
32610 0
32634 0
32646 0
32668 0
32674 0
32684 0
32697 0
32725 0
32781 0
32825 0
32834 0
32866 0
32871 0
32908 0
33102 0
33215 0
33236 0
33268 0
33479 0
33517 0
33560 0
33571 0
33623 0
33733 0
33737 0
33780 0
33880 0
33894 0
33937 0
34014 0
34038 0
34051 0
34133 0
34163 0
34243 0
34398 0
34457 0
34459 0
34483 0
34486 0
34517 0
34631 0
34661 0
34739 0
34791 0
34882 0
34955 0
34965 0
35038 0
35051 0
35102 0
35145 0
35317 0
35375 0
35441 0
35499 0
35596 0
35711 0
35776 0
35784 0
35798 0
36245 0
36369 0
36379 0
36445 0
36457 0
36468 0
36576 0
36578 0
36611 0
36655 0
36724 0
36735 0
36750 0
36762 0
36815 0
36884 0
36967 0
36973 0
37022 0
37028 0
37104 0
37127 0
37137 0
37236 0
37388 0
37469 0
37485 0
37519 0
37576 0
37674 0
37828 0
37833 0
37843 0
37898 0
37953 0
37982 0
38052 0
38077 0
38092 0
38116 0
38136 0
38200 0
38211 0
38265 0
38280 0
38285 0
38319 0
38353 0
38364 0
38388 0
38424 0
38436 0
38530 0
38551 0
38629 0
38655 0
38664 0
38736 0
38861 0
38897 0
38929 0
38931 0
39043 0
39072 0
39135 0
39147 0
39326 0
39361 0
39375 0
39431 0
39438 0
39487 0
39495 0
39497 0
39520 0
39523 0
39526 0
39566 0
39572 0
39583 0
39627 0
39763 0
39944 0
39945 0
39967 0
39993 0
40042 0
40046 0
40105 0
40142 0
40348 0
40434 0
40519 0
40595 0
40624 0
40639 0
40654 0
40804 0
40821 0
40846 0
40940 0
40951 0
41003 0
41004 0
41016 0
41040 0
41183 0
41217 0
41304 0
41332 0
41349 0
41359 0
41411 0
41463 0
41488 0
41495 0
41498 0
41502 0
41542 0
41578 0
41689 0
41799 0
41951 0
41971 0
41998 0
42096 0
42104 0
42165 0
42193 0
42215 0
42261 0
42364 0
42391 0
42410 0
42426 0
42449 0
42454 0
42465 0
42493 0
42497 0
42512 0
42577 0
42730 0
42787 0
42877 0
42892 0
42994 0
42999 0
43058 0
43081 0
43092 0
43096 0
43097 0
43152 0
43168 0
43205 0
43292 0
43298 0
43330 0
43380 0
43408 0
43434 0
43476 0
43518 0
43521 0
43894 0
43952 0
44003 0
44045 0
44098 0
44133 0
44186 0
44222 0
44227 0
44425 0
44493 0
44526 0
44547 0
44604 0
44656 0
44746 0
44777 0
44903 0
44927 0
44999 0
45093 0
45115 0
45128 0
45159 0
45218 0
45251 0
45256 0
45373 0
45379 0
45533 0
45546 0
45557 0
45573 0
45584 0
45590 0
45713 0
45826 0
45890 0
46034 0
46040 0
46053 0
46102 0
46260 0
46352 0
46387 0
46469 0
46600 0
46640 0
46659 0
46669 0
46724 0
46725 0
46869 0
46922 0
47061 0
47130 0
47219 0
47240 0
47275 0
47291 0
47330 0
47352 0
47353 0
47460 0
47478 0
47503 0
47514 0
47669 0
47740 0
47767 0
47813 0
47846 0
47903 0
47908 0
47916 0
48090 0
48177 0
48213 0
48214 0
48345 0
48396 0
48401 0
48428 0
48431 0
48450 0
48531 0
48547 0
48595 0
48602 0
48628 0
48681 0
48726 0
48762 0
48765 0
48781 0
48816 0
48901 0
48919 0
48956 0
48964 0
49072 0
49079 0
49105 0
49174 0
49237 0
49245 0
49323 0
49392 0
49497 0
49522 0
49564 0
49592 0
49614 0
49719 0
49742 0
49745 0
49802 0
49807 0
49808 0
49828 0
49894 0
49900 0
49901 0
49921 0
50059 0
50084 0
50100 0
50155 0
50173 0
50200 0
50264 0
50316 0
50335 0
50341 0
50436 0
50442 0
50446 0
50450 0
50554 0
50611 0
50816 0
50879 0
50896 0
50950 0
50957 0
51006 0
51093 0
51144 0
51236 0
51257 0
51262 0
51327 0
51328 0
51372 0
51410 0
51418 0
51422 0
51464 0
51523 0
51628 0
51675 0
51696 0
51727 0
51792 0
51901 0
51923 0
51970 0
51976 0
51982 0
51985 0
52049 0
52070 0
52095 0
52199 0
52208 0
52218 0
52261 0
52350 0
52381 0
52505 0
52609 0
52623 0
52682 0
52784 0
52876 0
52962 0
52985 0
53002 0
53164 0
53297 0
53377 0
53419 0
53430 0
53457 0
53465 0
53498 0
53533 0
53592 0
53621 0
53668 0
53701 0
53718 0
53727 0
53804 0
53809 0
53834 0
53960 0
54047 0
54050 0
54071 0
54112 0
54122 0
54197 0
54249 0
54253 0
54342 0
54344 0
54547 0
54666 0
54819 0
54850 0
54892 0
54967 0
55004 0
55031 0
55111 0
55158 0
55209 0
55219 0
55246 0
55259 0
55300 0
55357 0
55396 0
55418 0
55464 0
55681 0
55851 0
56040 0
56168 0
56180 0
56220 0
56226 0
56265 0
56288 0
56323 0
56331 0
56347 0
56351 0
56379 0
56539 0
56612 0
56614 0
56670 0
56690 0
56740 0
56761 0
56890 0
56904 0
56945 0
56964 0
57029 0
57047 0
57181 0
57328 0
57363 0
57464 0
57512 0
57629 0
57771 0
57781 0
57798 0
57820 0
57828 0
57871 0
57887 0
57973 0
58035 0
58157 0
58295 0
58297 0
58448 0
58455 0
58491 0
58498 0
58504 0
58576 0
58605 0
58622 0
58682 0
58706 0
58862 0
58930 0
58962 0
58999 0
59005 0
59092 0
59172 0
59185 0
59297 0
59327 0
59393 0
59406 0
59528 0
59599 0
59604 0
59669 0
59695 0
59727 0
59729 0
59858 0
59938 0
60003 0
60035 0
60250 0
60426 0
60430 0
60487 0
60627 0
60632 0
60663 0
60733 0
60769 0
60873 0
60890 0
60912 0
60922 0
60950 0
60977 0
60983 0
61163 0
61196 0
61263 0
61288 0
61296 0
61323 0
61353 0
61364 0
61371 0
61387 0
61392 0
61420 0
61492 0
61507 0
61533 0
61598 0
61670 0
61696 0
61715 0
61736 0
61828 0
61970 0
61989 0
62054 0
62097 0
62121 0
62167 0
62206 0
62224 0
62305 0
62307 0
62314 0
62459 0
62514 0
62524 0
62812 0
62853 0
62911 0
62929 0
62935 0
62960 0
62981 0
63004 0
63016 0
63055 0
63060 0
63152 0
63200 0
63212 0
63259 0
63334 0
63348 0
63372 0
63378 0
63418 0
63576 0
63598 0
63601 0
63602 0
63651 0
63685 0
63747 0
63753 0
63789 0
63810 0
63955 0
63968 0
63988 0
64021 0
64084 0
64135 0
64153 0
64179 0
64181 0
64246 0
64252 0
64304 0
64359 0
64402 0
64418 0
64425 0
64428 0
64504 0
64579 0
64585 0
64691 0
64781 0
64808 0
64832 0
64847 0
64877 0
64897 0
64928 0
65070 0
65091 0
65234 0
65274 0
65301 0
65326 0
65386 0
65400 0
65471 0
65498 0
65507 0
65528 0
65568 0
65570 0
65605 0
65638 0
65661 0
65677 0
65717 0
65757 0
65760 0
65788 0
65812 0
65855 0
65882 0
65928 0
65987 0
66033 0
66108 0
66154 0
66173 0
66228 0
66292 0
66342 0
66437 0
66460 0
66565 0
66599 0
66664 0
66737 0
66783 0
66803 0
66936 0
67027 0
67140 0
67141 0
67246 0
67265 0
67345 0
67356 0
67367 0
67378 0
67388 0
67390 0
67513 0
67583 0
67741 0
67859 0
67964 0
67996 0
68162 0
68175 0
68241 0
68260 0
68325 0
68345 0
68353 0
68445 0
68450 0
68499 0
68571 0
68581 0
68594 0
68701 0
68719 0
68742 0
68793 0
69017 0
69078 0
69108 0
69283 0
69300 0
69305 0
69325 0
69331 0
69349 0
69353 0
69374 0
69464 0
69525 0
69554 0
69568 0
69595 0
69763 0
69775 0
69807 0
69832 0
69834 0
69840 0
69859 0
69979 0
69988 0
69991 0
70057 0
70077 0
70135 0
70216 0
70272 0
70321 0
70394 0
70433 0
70458 0
70555 0
70571 0
70602 0
70642 0
70671 0
70678 0
70702 0
70725 0
70737 0
70795 0
70797 0
70823 0
70886 0
70916 0
70950 0
71001 0
71055 0
71094 0
71095 0
71114 0
71117 0
71123 0
71132 0
71166 0
71177 0
71202 0
71225 0
71240 0
71267 0
71348 0
71367 0
71395 0
71415 0
71447 0
71451 0
71473 0
71551 0
71574 0
71791 0
71823 0
71866 0
71872 0
71902 0
71956 0
71965 0
72026 0
72045 0
72087 0
72185 0
72186 0
72269 0
72397 0
72400 0
72404 0
72418 0
72524 0
72621 0
72755 0
72804 0
73040 0
73130 0
73181 0
73239 0
73278 0
73291 0
73355 0
73391 0
73402 0
73444 0
73451 0
73497 0
73544 0
73578 0
73582 0
73686 0
73798 0
73855 0
73951 0
73954 0
73973 0
73993 0
74002 0
74054 0
74060 0
74072 0
74136 0
74171 0
74260 0
74614 0
74639 0
74650 0
74697 0
74762 0
74840 0
74880 0
74987 0
74996 0
75102 0
75113 0
75143 0
75325 0
75363 0
75370 0
75425 0
75499 0
75638 0
75653 0
75786 0
75803 0
75837 0
75839 0
75853 0
75854 0
75903 0
75915 0
75920 0
75974 0
76074 0
76096 0
76149 0
76201 0
76263 0
76393 0
76465 0
76641 0
76670 0
76676 0
76750 0
76771 0
76894 0
76895 0
76898 0
76909 0
76913 0
76992 0
77018 0
77058 0
77068 0
77082 0
77115 0
77122 0
77269 0
77278 0
77306 0
77311 0
77384 0
77386 0
77443 0
77500 0
77615 0
77673 0
77713 0
77743 0
77856 0
77915 0
77920 0
77967 0
77979 0
78012 0
78027 0
78038 0
78072 0
78125 0
78152 0
78179 0
78199 0
78244 0
78317 0
78408 0
78437 0
78537 0
78552 0
78645 0
78657 0
78767 0
78838 0
78876 0
78880 0
78906 0
78909 0
78960 0
79158 0
79172 0
79190 0
79274 0
79307 0
79469 0
79525 0
79562 0
79581 0
79597 0
79740 0
79925 0
79935 0
79990 0
80013 0
80066 0
80092 0
80103 0
80189 0
80227 0
80300 0
80311 0
80399 0
80545 0
80691 0
80705 0
80724 0
80733 0
80754 0
80809 0
80835 0
80877 0
80924 0
80936 0
81042 0
81073 0
81077 0
81098 0
81124 0
81134 0
81179 0
81198 0
81212 0
81230 0
81273 0
81311 0
81397 0
81412 0
81531 0
81572 0
81622 0
81625 0
81691 0
81738 0
81773 0
81941 0
81990 0
82011 0
82048 0
82060 0
82083 0
82110 0
82215 0
82224 0
82251 0
82275 0
82324 0
82353 0
82422 0
82482 0
82498 0
82515 0
82566 0
82621 0
82899 0
82902 0
82921 0
82960 0
83086 0
83096 0
83108 0
83132 0
83221 0
83230 0
83330 0
83349 0
83373 0
83390 0
83451 0
83505 0
83523 0
83535 0
83558 0
83561 0
83582 0
83595 0
83611 0
83662 0
83677 0
83688 0
83770 0
83864 0
83866 0
83871 0
83953 0
83957 0
83969 0
83978 0
83986 0
83997 0
84009 0
84016 0
84058 0
84139 0
84146 0
84182 0
84201 0
84221 0
84234 0
84267 0
84299 0
84305 0
84307 0
84309 0
84364 0
84423 0
84459 0
84464 0
84503 0
84528 0
84595 0
84643 0
84651 0
84708 0
84766 0
84784 0
84880 0
84933 0
84976 0
85035 0
85066 0
85089 0
85172 0
85194 0
85291 0
85292 0
85360 0
85468 0
85514 0
85518 0
85530 0
85543 0
85732 0
85749 0
85779 0
85788 0
85989 0
85991 0
86053 0
86095 0
86111 0
86359 0
86374 0
86472 0
86480 0
86498 0
86515 0
86676 0
86752 0
86801 0
86809 0
86810 0
86825 0
86828 0
86880 0
86918 0
86940 0
86948 0
86952 0
87010 0
87034 0
87044 0
87075 0
87244 0
87342 0
87456 0
87463 0
87485 0
87503 0
87523 0
87575 0
87640 0
87738 0
87750 0
87783 0
87785 0
87793 0
87899 0
87914 0
87993 0
88076 0
88079 0
88228 0
88330 0
88461 0
88471 0
88504 0
88567 0
88568 0
88584 0
88588 0
88621 0
88738 0
88746 0
88915 0
88941 0
89047 0
89072 0
89074 0
89095 0
89156 0
89226 0
89302 0
89362 0
89446 0
89539 0
89573 0
89575 0
89601 0
89629 0
89658 0
89703 0
89713 0
89736 0
89791 0
89808 0
89898 0
89930 0
89947 0
89992 0
89999 0
90058 0
90060 0
90112 0
90148 0
90185 0
90196 0
90220 0
90247 0
90346 0
90386 0
90415 0
90446 0
90532 0
90576 0
90628 0
90653 0
90707 0
90765 0
90892 0
90900 0
90978 0
91012 0
91203 0
91225 0
91230 0
91317 0
91387 0
91397 0
91418 0
91522 0
91546 0
91606 0
91734 0
91757 0
91776 0
91889 0
91949 0
92054 0
92078 0
92083 0
92100 0
92113 0
92263 0
92282 0
92339 0
92340 0
92471 0
92480 0
92536 0
92544 0
92554 0
92701 0
92816 0
92825 0
92874 0
92962 0
93210 0
93262 0
93376 0
93392 0
93405 0
93437 0
93484 0
93490 0
93536 0
93599 0
93615 0
93616 0
93740 0
93868 0
93918 0
93948 0
94148 0
94199 0
94252 0
94308 0
94340 0
94427 0
94481 0
94556 0
94572 0
94608 0
94734 0
94817 0
94825 0
94836 0
94862 0
94914 0
94938 0
95002 0
95066 0
95161 0
95274 0
95295 0
95303 0
95311 0
95312 0
95344 0
95386 0
95417 0
95514 0
95517 0
95537 0
95544 0
95555 0
95583 0
95631 0
95761 0
95813 0
95892 0
95959 0
95964 0
96162 0
96224 0
96227 0
96261 0
96281 0
96309 0
96357 0
96435 0
96471 0
96485 0
96622 0
96731 0
96738 0
96758 0
96802 0
96913 0
96945 0
96984 0
96985 0
97044 0
97123 0
97156 0
97176 0
97187 0
97194 0
97263 0
97314 0
97348 0
97368 0
97446 0
97477 0
97554 0
97647 0
97685 0
97736 0
97821 0
97826 0
97833 0
97864 0
97882 0
98000 0
98010 0
98025 0
98110 0
98112 0
98177 0
98221 0
98238 0
98275 0
98297 0
98394 0
98442 0
98469 0
98740 0
98742 0
98818 0
98896 0
98955 0
98964 0
98971 0
99035 0
99068 0
99092 0
99101 0
99118 0
99180 0
99245 0
99369 0
99479 0
99515 0
99656 0
99701 0
99781 0
99785 0
99812 0
99850 0
99853 0
99929 0
99957 0
99983 0
