c This is a uniform distributed  1-D DIMACS file 
c width height point_number
p 100000 100000 2048
206 0
256 0
376 0
513 0
516 0
555 0
604 0
614 0
618 0
697 0
701 0
792 0
854 0
883 0
900 0
932 0
989 0
998 0
1090 0
1109 0
1140 0
1214 0
1353 0
1359 0
1370 0
1394 0
1407 0
1461 0
1538 0
1592 0
1600 0
1642 0
1694 0
1750 0
1771 0
1778 0
1857 0
1907 0
1918 0
2076 0
2082 0
2219 0
2246 0
2272 0
2283 0
2322 0
2366 0
2421 0
2450 0
2481 0
2492 0
2651 0
2657 0
2672 0
2729 0
2745 0
2788 0
2792 0
2814 0
2816 0
2817 0
2864 0
2900 0
2922 0
2937 0
3001 0
3045 0
3129 0
3134 0
3252 0
3274 0
3447 0
3465 0
3490 0
3510 0
3525 0
3746 0
3791 0
3821 0
3833 0
3919 0
4011 0
4110 0
4169 0
4213 0
4218 0
4294 0
4321 0
4454 0
4467 0
4479 0
4497 0
4526 0
4530 0
4554 0
4572 0
4617 0
4751 0
4819 0
4827 0
4923 0
5052 0
5128 0
5200 0
5320 0
5334 0
5361 0
5385 0
5506 0
5536 0
5682 0
5729 0
5779 0
5798 0
5878 0
5882 0
5996 0
6114 0
6135 0
6157 0
6259 0
6292 0
6304 0
6371 0
6401 0
6426 0
6494 0
6500 0
6516 0
6527 0
6566 0
6582 0
6625 0
6751 0
6775 0
6789 0
6819 0
6820 0
6822 0
6995 0
7011 0
7167 0
7243 0
7407 0
7409 0
7440 0
7467 0
7471 0
7517 0
7526 0
7572 0
7605 0
7679 0
7707 0
7736 0
7759 0
7790 0
7813 0
7842 0
7924 0
7946 0
8005 0
8047 0
8049 0
8103 0
8160 0
8187 0
8193 0
8264 0
8279 0
8318 0
8369 0
8376 0
8445 0
8462 0
8514 0
8520 0
8521 0
8577 0
8634 0
8649 0
8660 0
8726 0
8738 0
8834 0
8977 0
9048 0
9053 0
9152 0
9179 0
9206 0
9294 0
9297 0
9372 0
9399 0
9473 0
9499 0
9507 0
9542 0
9583 0
9587 0
9694 0
9720 0
9768 0
9818 0
9827 0
9868 0
9889 0
9932 0
9946 0
9970 0
10009 0
10065 0
10099 0
10192 0
10219 0
10227 0
10235 0
10317 0
10339 0
10341 0
10342 0
10379 0
10419 0
10465 0
10526 0
10549 0
10621 0
10801 0
10807 0
10810 0
10825 0
10842 0
10856 0
11038 0
11090 0
11139 0
11233 0
11276 0
11293 0
11377 0
11399 0
11427 0
11447 0
11460 0
11483 0
11521 0
11573 0
11648 0
11657 0
11682 0
11731 0
11806 0
11917 0
12016 0
12024 0
12087 0
12134 0
12135 0
12146 0
12170 0
12329 0
12400 0
12445 0
12450 0
12468 0
12469 0
12516 0
12527 0
12537 0
12576 0
12584 0
12598 0
12610 0
12642 0
12688 0
12732 0
12735 0
12765 0
12769 0
12918 0
13067 0
13172 0
13255 0
13264 0
13279 0
13345 0
13414 0
13461 0
13478 0
13640 0
13655 0
13683 0
13776 0
13831 0
13873 0
13914 0
13934 0
14003 0
14124 0
14198 0
14256 0
14342 0
14357 0
14432 0
14468 0
14535 0
14582 0
14595 0
14733 0
14771 0
14785 0
14824 0
14890 0
14916 0
14922 0
14940 0
14951 0
15100 0
15129 0
15143 0
15158 0
15160 0
15178 0
15184 0
15220 0
15241 0
15277 0
15283 0
15397 0
15398 0
15406 0
15428 0
15438 0
15545 0
15607 0
15651 0
15794 0
15832 0
15842 0
15982 0
15986 0
15987 0
16017 0
16023 0
16028 0
16037 0
16092 0
16199 0
16236 0
16243 0
16500 0
16503 0
16548 0
16613 0
16616 0
16620 0
16638 0
16690 0
16722 0
16774 0
16794 0
16803 0
16834 0
16860 0
16902 0
16954 0
16996 0
17027 0
17252 0
17292 0
17295 0
17343 0
17348 0
17366 0
17373 0
17430 0
17438 0
17690 0
17738 0
17808 0
17853 0
17986 0
17997 0
17999 0
18057 0
18080 0
18162 0
18183 0
18242 0
18250 0
18255 0
18263 0
18383 0
18402 0
18561 0
18580 0
18583 0
18590 0
18608 0
18615 0
18727 0
18751 0
18770 0
18881 0
18962 0
19039 0
19069 0
19112 0
19157 0
19171 0
19331 0
19465 0
19476 0
19495 0
19555 0
19602 0
19659 0
19666 0
19674 0
19787 0
19803 0
19847 0
19955 0
20000 0
20081 0
20140 0
20166 0
20203 0
20319 0
20331 0
20347 0
20385 0
20410 0
20509 0
20604 0
20652 0
20735 0
20803 0
20886 0
21056 0
21087 0
21101 0
21189 0
21195 0
21348 0
21464 0
21630 0
21637 0
21709 0
21787 0
21947 0
21986 0
22067 0
22076 0
22165 0
22257 0
22324 0
22506 0
22636 0
22644 0
22671 0
22938 0
22954 0
22982 0
22995 0
23077 0
23091 0
23130 0
23142 0
23149 0
23158 0
23205 0
23267 0
23319 0
23323 0
23357 0
23372 0
23555 0
23569 0
23594 0
23616 0
23642 0
23653 0
23747 0
23822 0
23837 0
23859 0
23911 0
23922 0
23934 0
23938 0
23940 0
24009 0
24026 0
24047 0
24103 0
24206 0
24321 0
24501 0
24514 0
24527 0
24583 0
24623 0
24634 0
24640 0
24685 0
24747 0
24868 0
24926 0
25026 0
25038 0
25077 0
25135 0
25165 0
25169 0
25173 0
25190 0
25297 0
25315 0
25373 0
25441 0
25529 0
25608 0
25618 0
25658 0
25689 0
25702 0
25711 0
25817 0
25837 0
25839 0
25866 0
25872 0
26021 0
26033 0
26124 0
26128 0
26134 0
26235 0
26242 0
26356 0
26377 0
26484 0
26536 0
26568 0
26694 0
26722 0
26750 0
26763 0
26850 0
26895 0
26900 0
26928 0
26932 0
26975 0
26984 0
27053 0
27065 0
27066 0
27296 0
27466 0
27595 0
27596 0
27619 0
27733 0
27758 0
27784 0
27827 0
27844 0
27883 0
28039 0
28054 0
28066 0
28069 0
28086 0
28120 0
28122 0
28123 0
28188 0
28204 0
28209 0
28217 0
28233 0
28278 0
28353 0
28360 0
28372 0
28405 0
28421 0
28445 0
28469 0
28509 0
28548 0
28623 0
28630 0
28788 0
28804 0
28857 0
28880 0
28884 0
28889 0
28904 0
28912 0
28930 0
29091 0
29110 0
29268 0
29290 0
29335 0
29346 0
29354 0
29609 0
29699 0
29719 0
29838 0
29898 0
29900 0
29962 0
30065 0
30101 0
30115 0
30148 0
30163 0
30164 0
30232 0
30261 0
30377 0
30423 0
30433 0
30519 0
30524 0
30633 0
30714 0
30719 0
30751 0
30785 0
30854 0
30876 0
30886 0
30995 0
31017 0
31037 0
31065 0
31080 0
31082 0
31095 0
31110 0
31235 0
31313 0
31436 0
31508 0
31525 0
31623 0
31676 0
31704 0
31806 0
31865 0
31887 0
31908 0
31980 0
32023 0
32209 0
32341 0
32392 0
32503 0
32505 0
32657 0
32687 0
32765 0
32769 0
32802 0
32805 0
32863 0
32914 0
32936 0
33044 0
33125 0
33133 0
33200 0
33244 0
33257 0
33271 0
33282 0
33308 0
33406 0
33504 0
33551 0
33572 0
33628 0
33653 0
33729 0
33761 0
33797 0
33879 0
33895 0
33904 0
34067 0
34074 0
34113 0
34193 0
34202 0
34203 0
34241 0
34245 0
34261 0
34295 0
34349 0
34390 0
34503 0
34518 0
34550 0
34699 0
34753 0
34830 0
34849 0
34866 0
35016 0
35185 0
35229 0
35288 0
35296 0
35425 0
35458 0
35469 0
35515 0
35553 0
35564 0
35649 0
35721 0
35772 0
35844 0
35845 0
35877 0
35888 0
35904 0
35933 0
35955 0
36003 0
36266 0
36297 0
36301 0
36344 0
36360 0
36366 0
36447 0
36510 0
36526 0
36551 0
36576 0
36614 0
36622 0
36623 0
36627 0
36635 0
36650 0
36693 0
36699 0
36704 0
36770 0
36804 0
36832 0
36883 0
37017 0
37075 0
37083 0
37102 0
37170 0
37192 0
37326 0
37327 0
37336 0
37338 0
37583 0
37678 0
37689 0
37730 0
37868 0
37915 0
37966 0
38067 0
38135 0
38162 0
38179 0
38180 0
38318 0
38349 0
38454 0
38490 0
38514 0
38523 0
38553 0
38583 0
38630 0
38640 0
38648 0
38693 0
38778 0
38803 0
38813 0
38829 0
38858 0
38924 0
38951 0
38966 0
38980 0
38991 0
39024 0
39144 0
39206 0
39243 0
39254 0
39265 0
39278 0
39366 0
39378 0
39448 0
39451 0
39506 0
39590 0
39603 0
39607 0
39622 0
39642 0
39657 0
39682 0
39713 0
39754 0
39757 0
39769 0
39789 0
39864 0
39871 0
39910 0
40167 0
40173 0
40187 0
40203 0
40213 0
40357 0
40440 0
40468 0
40518 0
40554 0
40591 0
40610 0
40642 0
40674 0
40894 0
40901 0
40967 0
41004 0
41025 0
41032 0
41083 0
41106 0
41135 0
41168 0
41182 0
41271 0
41283 0
41386 0
41417 0
41468 0
41542 0
41545 0
41660 0
41685 0
41686 0
41703 0
41720 0
41921 0
41941 0
41993 0
42043 0
42150 0
42253 0
42277 0
42286 0
42304 0
42402 0
42469 0
42471 0
42536 0
42608 0
42665 0
42712 0
42778 0
42802 0
42822 0
42830 0
42991 0
43036 0
43112 0
43157 0
43192 0
43225 0
43241 0
43243 0
43332 0
43355 0
43470 0
43497 0
43499 0
43531 0
43622 0
43670 0
43747 0
43748 0
43806 0
43927 0
44025 0
44038 0
44169 0
44213 0
44274 0
44519 0
44630 0
44731 0
44839 0
44863 0
44946 0
45022 0
45133 0
45154 0
45197 0
45217 0
45237 0
45240 0
45321 0
45364 0
45467 0
45529 0
45584 0
45641 0
45644 0
45653 0
45664 0
45814 0
45835 0
45848 0
45961 0
45970 0
46004 0
46066 0
46127 0
46224 0
46240 0
46267 0
46329 0
46488 0
46491 0
46505 0
46633 0
46786 0
46810 0
46847 0
46918 0
46994 0
47028 0
47030 0
47084 0
47101 0
47256 0
47447 0
47517 0
47538 0
47541 0
47549 0
47583 0
47591 0
47615 0
47636 0
47649 0
47655 0
47668 0
47745 0
47758 0
47761 0
47806 0
47809 0
47922 0
47923 0
47965 0
47976 0
47999 0
48219 0
48388 0
48391 0
48466 0
48487 0
48544 0
48566 0
48580 0
48598 0
48643 0
48669 0
48691 0
48693 0
48697 0
48728 0
48733 0
48818 0
48864 0
48884 0
48932 0
48951 0
48970 0
49046 0
49087 0
49091 0
49092 0
49156 0
49249 0
49250 0
49270 0
49284 0
49337 0
49432 0
49466 0
49625 0
49639 0
49716 0
49780 0
49791 0
49856 0
49884 0
49992 0
50017 0
50038 0
50055 0
50057 0
50070 0
50101 0
50121 0
50129 0
50260 0
50267 0
50432 0
50445 0
50448 0
50451 0
50488 0
50518 0
50552 0
50592 0
50645 0
50649 0
50670 0
50675 0
50702 0
50744 0
50778 0
50819 0
50844 0
50857 0
50890 0
50919 0
51030 0
51116 0
51125 0
51142 0
51303 0
51371 0
51411 0
51418 0
51435 0
51587 0
51614 0
51752 0
51765 0
51766 0
51820 0
51857 0
51996 0
52010 0
52024 0
52055 0
52096 0
52244 0
52381 0
52409 0
52471 0
52527 0
52610 0
52652 0
52738 0
52901 0
53106 0
53162 0
53182 0
53184 0
53198 0
53288 0
53492 0
53536 0
53602 0
53729 0
53795 0
53920 0
53938 0
54014 0
54018 0
54045 0
54126 0
54206 0
54225 0
54305 0
54426 0
54461 0
54469 0
54509 0
54715 0
54770 0
54820 0
54834 0
54918 0
54924 0
54952 0
54954 0
55025 0
55031 0
55039 0
55041 0
55078 0
55114 0
55117 0
55174 0
55195 0
55321 0
55390 0
55445 0
55482 0
55495 0
55523 0
55541 0
55587 0
55627 0
55707 0
55733 0
55743 0
55787 0
55863 0
55868 0
56099 0
56104 0
56175 0
56308 0
56328 0
56356 0
56360 0
56381 0
56420 0
56427 0
56447 0
56519 0
56524 0
56608 0
56609 0
56616 0
56625 0
56626 0
56652 0
56677 0
56681 0
56716 0
56756 0
56788 0
56841 0
56869 0
56987 0
56994 0
57072 0
57169 0
57188 0
57189 0
57196 0
57244 0
57259 0
57270 0
57418 0
57434 0
57474 0
57580 0
57592 0
57620 0
57624 0
57665 0
57671 0
57715 0
57781 0
57784 0
57815 0
57855 0
57888 0
57941 0
58003 0
58007 0
58013 0
58019 0
58062 0
58129 0
58138 0
58139 0
58144 0
58186 0
58192 0
58277 0
58321 0
58327 0
58363 0
58387 0
58402 0
58434 0
58474 0
58516 0
58527 0
58591 0
58604 0
58735 0
58760 0
58795 0
58815 0
58848 0
58890 0
58899 0
59002 0
59014 0
59067 0
59073 0
59084 0
59095 0
59104 0
59213 0
59263 0
59303 0
59338 0
59435 0
59530 0
59582 0
59667 0
59715 0
59728 0
59734 0
59837 0
59960 0
60042 0
60066 0
60085 0
60094 0
60207 0
60244 0
60427 0
60491 0
60510 0
60515 0
60519 0
60528 0
60544 0
60568 0
60605 0
60668 0
60691 0
60703 0
60733 0
60780 0
60795 0
60851 0
60984 0
61015 0
61043 0
61059 0
61105 0
61153 0
61189 0
61190 0
61194 0
61242 0
61270 0
61325 0
61346 0
61353 0
61482 0
61508 0
61512 0
61517 0
61572 0
61604 0
61623 0
61686 0
61723 0
61800 0
61891 0
61904 0
62067 0
62119 0
62130 0
62149 0
62217 0
62235 0
62312 0
62370 0
62378 0
62476 0
62549 0
62598 0
62620 0
62649 0
62692 0
62714 0
62818 0
62872 0
63038 0
63039 0
63092 0
63135 0
63161 0
63183 0
63309 0
63314 0
63320 0
63355 0
63373 0
63678 0
63681 0
63738 0
63744 0
63765 0
63779 0
63859 0
63890 0
63943 0
63952 0
64047 0
64140 0
64146 0
64153 0
64176 0
64223 0
64343 0
64419 0
64485 0
64500 0
64561 0
64563 0
64690 0
64775 0
64812 0
64838 0
64862 0
64907 0
64919 0
65031 0
65096 0
65130 0
65144 0
65186 0
65280 0
65285 0
65286 0
65312 0
65342 0
65348 0
65374 0
65402 0
65410 0
65500 0
65567 0
65681 0
65701 0
65816 0
65818 0
65878 0
65971 0
65982 0
65987 0
65996 0
66015 0
66071 0
66212 0
66368 0
66409 0
66480 0
66489 0
66605 0
66674 0
66675 0
66687 0
66689 0
66733 0
66779 0
66796 0
66797 0
66809 0
66829 0
66838 0
66839 0
66935 0
67060 0
67167 0
67322 0
67338 0
67339 0
67346 0
67415 0
67418 0
67515 0
67530 0
67655 0
67667 0
67668 0
67698 0
67699 0
67783 0
67787 0
67828 0
67842 0
67848 0
67947 0
68003 0
68035 0
68059 0
68100 0
68121 0
68149 0
68225 0
68240 0
68376 0
68416 0
68430 0
68452 0
68508 0
68509 0
68565 0
68650 0
68880 0
69008 0
69037 0
69074 0
69139 0
69214 0
69235 0
69247 0
69249 0
69262 0
69323 0
69414 0
69418 0
69471 0
69566 0
69594 0
69667 0
69797 0
69813 0
69824 0
69837 0
69846 0
69957 0
70012 0
70135 0
70203 0
70277 0
70423 0
70462 0
70517 0
70581 0
70662 0
70714 0
70785 0
70870 0
70900 0
70993 0
71002 0
71078 0
71087 0
71113 0
71126 0
71156 0
71166 0
71236 0
71268 0
71269 0
71272 0
71275 0
71341 0
71355 0
71423 0
71430 0
71522 0
71600 0
71624 0
71865 0
71914 0
71943 0
71956 0
71960 0
71981 0
72028 0
72079 0
72082 0
72098 0
72140 0
72258 0
72274 0
72667 0
72703 0
72712 0
72732 0
72752 0
72764 0
72942 0
73011 0
73067 0
73068 0
73119 0
73192 0
73216 0
73266 0
73285 0
73346 0
73367 0
73386 0
73422 0
73442 0
73447 0
73558 0
73576 0
73599 0
73654 0
73743 0
73774 0
73929 0
73986 0
74084 0
74110 0
74124 0
74151 0
74170 0
74214 0
74259 0
74347 0
74363 0
74395 0
74417 0
74448 0
74568 0
74677 0
74678 0
74718 0
74724 0
74817 0
74878 0
74908 0
74942 0
74945 0
75020 0
75139 0
75184 0
75198 0
75319 0
75428 0
75568 0
75596 0
75631 0
75651 0
75794 0
75809 0
75877 0
76017 0
76065 0
76118 0
76174 0
76178 0
76267 0
76273 0
76281 0
76310 0
76319 0
76328 0
76422 0
76432 0
76473 0
76516 0
76529 0
76579 0
76604 0
76673 0
76680 0
76701 0
76785 0
76934 0
76940 0
77004 0
77053 0
77125 0
77164 0
77176 0
77208 0
77236 0
77398 0
77467 0
77483 0
77489 0
77547 0
77560 0
77621 0
77639 0
77858 0
77949 0
78003 0
78010 0
78030 0
78035 0
78171 0
78193 0
78242 0
78251 0
78336 0
78508 0
78523 0
78580 0
78656 0
78705 0
78743 0
78847 0
78955 0
78993 0
78997 0
79083 0
79087 0
79123 0
79126 0
79382 0
79563 0
79594 0
79611 0
79632 0
79693 0
79694 0
79800 0
79810 0
79846 0
79924 0
79982 0
79987 0
80126 0
80148 0
80176 0
80301 0
80343 0
80357 0
80445 0
80457 0
80465 0
80514 0
80670 0
80753 0
80776 0
80794 0
80800 0
80864 0
80884 0
81030 0
81043 0
81069 0
81126 0
81144 0
81146 0
81207 0
81224 0
81227 0
81269 0
81289 0
81316 0
81338 0
81362 0
81449 0
81494 0
81518 0
81562 0
81565 0
81641 0
81650 0
81698 0
81719 0
81839 0
81895 0
81924 0
81947 0
82158 0
82172 0
82243 0
82324 0
82376 0
82377 0
82515 0
82546 0
82584 0
82678 0
82684 0
82721 0
82742 0
82769 0
82849 0
82999 0
83115 0
83127 0
83162 0
83184 0
83235 0
83281 0
83302 0
83389 0
83438 0
83451 0
83466 0
83476 0
83506 0
83570 0
83583 0
83597 0
83618 0
83810 0
83887 0
83910 0
83954 0
83976 0
84251 0
84260 0
84362 0
84364 0
84482 0
84485 0
84631 0
84639 0
84655 0
84689 0
84734 0
84774 0
84792 0
84805 0
84815 0
84927 0
84950 0
85006 0
85019 0
85039 0
85045 0
85072 0
85114 0
85118 0
85174 0
85196 0
85250 0
85261 0
85290 0
85436 0
85444 0
85448 0
85499 0
85603 0
85631 0
85773 0
85780 0
85787 0
85792 0
85923 0
85986 0
85987 0
85991 0
86040 0
86094 0
86124 0
86146 0
86187 0
86244 0
86304 0
86309 0
86353 0
86436 0
86559 0
86708 0
86758 0
86771 0
86802 0
86899 0
86912 0
86944 0
86972 0
87042 0
87064 0
87069 0
87082 0
87084 0
87150 0
87330 0
87341 0
87346 0
87453 0
87551 0
87564 0
87633 0
87654 0
87735 0
87771 0
87785 0
87840 0
87880 0
87922 0
87924 0
87929 0
87940 0
88033 0
88044 0
88062 0
88065 0
88140 0
88156 0
88164 0
88171 0
88256 0
88265 0
88277 0
88446 0
88476 0
88478 0
88560 0
88578 0
88741 0
88781 0
88909 0
88926 0
88947 0
88981 0
89021 0
89051 0
89104 0
89165 0
89182 0
89246 0
89259 0
89290 0
89310 0
89400 0
89412 0
89414 0
89461 0
89474 0
89530 0
89635 0
89645 0
89660 0
89707 0
89790 0
89815 0
89890 0
89984 0
90141 0
90272 0
90312 0
90332 0
90390 0
90405 0
90445 0
90486 0
90559 0
90582 0
90592 0
90615 0
90689 0
90783 0
90786 0
90806 0
90964 0
90969 0
91042 0
91080 0
91121 0
91122 0
91233 0
91309 0
91314 0
91337 0
91361 0
91401 0
91454 0
91499 0
91574 0
91580 0
91706 0
91714 0
91880 0
91883 0
91947 0
91987 0
92017 0
92066 0
92165 0
92195 0
92219 0
92290 0
92294 0
92314 0
92440 0
92469 0
92491 0
92555 0
92582 0
92615 0
92704 0
92710 0
92819 0
92885 0
93132 0
93159 0
93247 0
93260 0
93322 0
93345 0
93407 0
93416 0
93483 0
93495 0
93551 0
93568 0
93594 0
93673 0
93720 0
93788 0
93829 0
93868 0
93892 0
93990 0
94028 0
94138 0
94239 0
94275 0
94367 0
94489 0
94592 0
94635 0
94667 0
94772 0
94802 0
94844 0
94855 0
94948 0
94949 0
95099 0
95135 0
95166 0
95197 0
95270 0
95282 0
95327 0
95368 0
95415 0
95445 0
95456 0
95494 0
95614 0
95639 0
95663 0
95820 0
95837 0
95903 0
95930 0
95976 0
96082 0
96096 0
96123 0
96186 0
96197 0
96311 0
96424 0
96494 0
96569 0
96593 0
96596 0
96627 0
96648 0
96659 0
96710 0
96818 0
96926 0
96939 0
96957 0
96996 0
97033 0
97067 0
97134 0
97142 0
97204 0
97234 0
97266 0
97328 0
97338 0
97367 0
97388 0
97424 0
97468 0
97617 0
97625 0
97663 0
97675 0
97720 0
97743 0
97855 0
97914 0
97938 0
97979 0
97986 0
98042 0
98061 0
98100 0
98149 0
98187 0
98202 0
98221 0
98298 0
98378 0
98460 0
98525 0
98607 0
98616 0
98684 0
98728 0
98734 0
98803 0
98993 0
99011 0
99057 0
99098 0
99139 0
99184 0
99188 0
99193 0
99270 0
99298 0
99363 0
99495 0
99498 0
99635 0
99739 0
99753 0
99794 0
99846 0
99907 0
