c This is a uniform distributed  1-D DIMACS file 
c width height point_number
p 100000 100000 2048
27 0
145 0
236 0
241 0
288 0
410 0
587 0
640 0
733 0
778 0
808 0
811 0
817 0
831 0
870 0
924 0
1031 0
1114 0
1133 0
1228 0
1300 0
1320 0
1329 0
1386 0
1440 0
1469 0
1478 0
1485 0
1575 0
1673 0
1679 0
1710 0
1712 0
1739 0
1760 0
2044 0
2068 0
2085 0
2187 0
2195 0
2214 0
2273 0
2293 0
2342 0
2351 0
2414 0
2470 0
2506 0
2596 0
2637 0
2639 0
2671 0
2729 0
2766 0
2817 0
2873 0
2881 0
2907 0
3012 0
3039 0
3046 0
3120 0
3154 0
3204 0
3236 0
3248 0
3266 0
3366 0
3384 0
3405 0
3457 0
3512 0
3517 0
3599 0
3622 0
3740 0
3777 0
3850 0
3905 0
3972 0
3985 0
4008 0
4022 0
4068 0
4104 0
4144 0
4199 0
4215 0
4400 0
4410 0
4416 0
4425 0
4435 0
4478 0
4523 0
4529 0
4608 0
4678 0
4680 0
4715 0
4737 0
4746 0
4833 0
4839 0
4868 0
4935 0
5018 0
5048 0
5102 0
5106 0
5126 0
5216 0
5352 0
5354 0
5435 0
5441 0
5572 0
5605 0
5608 0
5612 0
5665 0
5785 0
5863 0
5904 0
5940 0
5948 0
6176 0
6183 0
6203 0
6250 0
6337 0
6406 0
6492 0
6512 0
6543 0
6557 0
6582 0
6607 0
6611 0
6638 0
6719 0
6732 0
6785 0
6874 0
6909 0
6940 0
7033 0
7084 0
7160 0
7194 0
7233 0
7244 0
7436 0
7508 0
7530 0
7569 0
7599 0
7604 0
7618 0
7740 0
7743 0
7759 0
7762 0
7827 0
7838 0
7844 0
7895 0
8030 0
8044 0
8129 0
8147 0
8320 0
8349 0
8368 0
8430 0
8459 0
8464 0
8574 0
8590 0
8764 0
8798 0
8825 0
8882 0
8986 0
9022 0
9049 0
9056 0
9145 0
9226 0
9337 0
9369 0
9376 0
9399 0
9437 0
9442 0
9446 0
9487 0
9502 0
9573 0
9604 0
9605 0
9620 0
9748 0
9888 0
9911 0
9940 0
10034 0
10039 0
10107 0
10117 0
10121 0
10155 0
10158 0
10166 0
10172 0
10232 0
10249 0
10322 0
10337 0
10455 0
10509 0
10620 0
10643 0
10690 0
10705 0
10719 0
10722 0
10725 0
10854 0
10899 0
10951 0
11085 0
11089 0
11104 0
11236 0
11254 0
11269 0
11377 0
11379 0
11414 0
11429 0
11462 0
11490 0
11526 0
11542 0
11552 0
11560 0
11620 0
11651 0
11675 0
11816 0
11822 0
11829 0
11852 0
11878 0
11885 0
11961 0
12024 0
12042 0
12059 0
12143 0
12208 0
12274 0
12298 0
12415 0
12448 0
12509 0
12522 0
12526 0
12541 0
12549 0
12621 0
12645 0
12657 0
12667 0
12688 0
12733 0
12789 0
12941 0
12993 0
13013 0
13043 0
13105 0
13134 0
13159 0
13200 0
13276 0
13291 0
13328 0
13385 0
13465 0
13546 0
13628 0
13691 0
13809 0
13832 0
13845 0
13963 0
13972 0
14025 0
14066 0
14099 0
14123 0
14150 0
14151 0
14173 0
14252 0
14257 0
14258 0
14266 0
14304 0
14461 0
14576 0
14621 0
14632 0
14804 0
14902 0
14905 0
14956 0
15115 0
15127 0
15197 0
15258 0
15344 0
15374 0
15383 0
15384 0
15402 0
15420 0
15469 0
15470 0
15479 0
15550 0
15565 0
15633 0
15638 0
15649 0
15721 0
15745 0
15790 0
15803 0
15920 0
16055 0
16088 0
16137 0
16187 0
16193 0
16267 0
16289 0
16351 0
16352 0
16397 0
16404 0
16438 0
16522 0
16525 0
16562 0
16569 0
16572 0
16661 0
16668 0
16693 0
16718 0
16767 0
16889 0
16906 0
16975 0
17003 0
17008 0
17234 0
17239 0
17273 0
17347 0
17550 0
17557 0
17605 0
17651 0
17674 0
17715 0
17798 0
17817 0
17876 0
17933 0
17982 0
17998 0
18001 0
18063 0
18101 0
18110 0
18153 0
18188 0
18309 0
18357 0
18502 0
18561 0
18608 0
18678 0
18684 0
18715 0
18819 0
18840 0
18857 0
18861 0
18909 0
18962 0
18973 0
19025 0
19027 0
19058 0
19066 0
19083 0
19140 0
19197 0
19328 0
19427 0
19629 0
19646 0
19674 0
19852 0
19959 0
19978 0
19998 0
20128 0
20153 0
20164 0
20276 0
20302 0
20324 0
20341 0
20384 0
20401 0
20550 0
20653 0
20667 0
20673 0
20696 0
20794 0
20926 0
21005 0
21007 0
21011 0
21045 0
21103 0
21108 0
21116 0
21157 0
21283 0
21308 0
21569 0
21588 0
21735 0
21745 0
21780 0
21801 0
21819 0
22121 0
22134 0
22221 0
22278 0
22338 0
22413 0
22485 0
22648 0
22667 0
22715 0
22725 0
22763 0
22776 0
22862 0
22928 0
22965 0
23013 0
23082 0
23140 0
23167 0
23296 0
23319 0
23322 0
23515 0
23616 0
23687 0
23699 0
23716 0
23765 0
23833 0
23848 0
23938 0
23947 0
23958 0
24158 0
24211 0
24213 0
24266 0
24277 0
24287 0
24311 0
24348 0
24355 0
24369 0
24372 0
24427 0
24503 0
24565 0
24677 0
24685 0
24697 0
24698 0
24823 0
24926 0
25043 0
25213 0
25278 0
25289 0
25306 0
25489 0
25494 0
25539 0
25584 0
25649 0
25668 0
25721 0
25750 0
25847 0
25867 0
25898 0
25927 0
25964 0
25991 0
26028 0
26245 0
26307 0
26317 0
26335 0
26411 0
26423 0
26437 0
26572 0
26579 0
26737 0
26739 0
26752 0
26756 0
26897 0
26939 0
27000 0
27018 0
27189 0
27207 0
27208 0
27280 0
27281 0
27359 0
27403 0
27418 0
27457 0
27469 0
27492 0
27531 0
27610 0
27617 0
27637 0
27657 0
27658 0
27668 0
27738 0
27861 0
27972 0
28018 0
28068 0
28102 0
28202 0
28229 0
28308 0
28340 0
28400 0
28406 0
28418 0
28432 0
28457 0
28576 0
28627 0
28650 0
28738 0
28757 0
28771 0
28815 0
28817 0
28835 0
28903 0
28970 0
29018 0
29071 0
29131 0
29149 0
29198 0
29254 0
29266 0
29292 0
29335 0
29350 0
29545 0
29605 0
29620 0
29668 0
29870 0
29928 0
29946 0
29975 0
29987 0
30036 0
30088 0
30105 0
30177 0
30224 0
30265 0
30287 0
30303 0
30378 0
30458 0
30470 0
30570 0
30580 0
30706 0
30722 0
30725 0
30744 0
30763 0
30817 0
30872 0
30919 0
30928 0
31012 0
31033 0
31043 0
31044 0
31128 0
31139 0
31158 0
31200 0
31201 0
31216 0
31225 0
31281 0
31339 0
31357 0
31381 0
31444 0
31469 0
31509 0
31527 0
31597 0
31638 0
31702 0
31735 0
31768 0
31931 0
31952 0
32109 0
32169 0
32226 0
32232 0
32278 0
32353 0
32542 0
32550 0
32558 0
32560 0
32613 0
32619 0
32621 0
32627 0
32630 0
32678 0
32708 0
32833 0
32835 0
32973 0
33001 0
33023 0
33050 0
33107 0
33139 0
33142 0
33210 0
33213 0
33331 0
33388 0
33402 0
33434 0
33454 0
33455 0
33480 0
33570 0
33643 0
33680 0
33709 0
33803 0
33943 0
34014 0
34152 0
34248 0
34262 0
34316 0
34413 0
34602 0
34610 0
34651 0
34674 0
34682 0
34754 0
34802 0
34839 0
34864 0
34990 0
35112 0
35156 0
35254 0
35273 0
35277 0
35372 0
35450 0
35496 0
35511 0
35554 0
35608 0
35650 0
35673 0
35719 0
35746 0
35772 0
35801 0
35819 0
35909 0
35961 0
35971 0
35996 0
36012 0
36088 0
36110 0
36176 0
36188 0
36213 0
36228 0
36253 0
36269 0
36413 0
36433 0
36556 0
36614 0
36624 0
36647 0
36651 0
36661 0
36756 0
36797 0
36839 0
36860 0
36884 0
36895 0
36953 0
37015 0
37065 0
37074 0
37078 0
37133 0
37136 0
37163 0
37178 0
37182 0
37189 0
37258 0
37259 0
37262 0
37340 0
37614 0
37619 0
37630 0
37653 0
37662 0
37710 0
37800 0
37804 0
37817 0
37970 0
37984 0
38086 0
38158 0
38187 0
38193 0
38216 0
38233 0
38274 0
38287 0
38348 0
38382 0
38500 0
38524 0
38543 0
38557 0
38576 0
38642 0
38655 0
38711 0
38731 0
38808 0
38829 0
38846 0
38847 0
38867 0
38881 0
38942 0
38945 0
38946 0
38955 0
38967 0
39075 0
39082 0
39135 0
39170 0
39176 0
39216 0
39223 0
39275 0
39410 0
39415 0
39438 0
39442 0
39446 0
39449 0
39462 0
39480 0
39496 0
39749 0
39815 0
39818 0
39819 0
39861 0
39868 0
39960 0
39973 0
39986 0
40049 0
40068 0
40072 0
40153 0
40196 0
40205 0
40252 0
40551 0
40555 0
40618 0
40648 0
40711 0
40767 0
40776 0
40886 0
40994 0
41201 0
41253 0
41265 0
41278 0
41286 0
41321 0
41423 0
41445 0
41554 0
41701 0
41729 0
41730 0
41735 0
41803 0
41853 0
41911 0
41975 0
42032 0
42038 0
42040 0
42057 0
42063 0
42082 0
42121 0
42137 0
42138 0
42362 0
42365 0
42369 0
42392 0
42402 0
42405 0
42409 0
42432 0
42454 0
42507 0
42623 0
42647 0
42650 0
42699 0
42782 0
42831 0
42859 0
43062 0
43087 0
43112 0
43164 0
43238 0
43300 0
43343 0
43354 0
43356 0
43364 0
43371 0
43485 0
43495 0
43552 0
43624 0
43793 0
43820 0
43835 0
43844 0
43882 0
43960 0
43981 0
44069 0
44132 0
44159 0
44162 0
44182 0
44275 0
44277 0
44392 0
44404 0
44410 0
44421 0
44448 0
44474 0
44495 0
44570 0
44571 0
44619 0
44629 0
44660 0
44742 0
44821 0
44856 0
44862 0
44937 0
44948 0
45008 0
45091 0
45152 0
45238 0
45293 0
45327 0
45359 0
45435 0
45438 0
45472 0
45517 0
45592 0
45762 0
45800 0
45888 0
45911 0
45969 0
45990 0
45997 0
46021 0
46035 0
46051 0
46070 0
46102 0
46120 0
46138 0
46156 0
46174 0
46333 0
46336 0
46349 0
46363 0
46419 0
46484 0
46609 0
46614 0
46691 0
46728 0
46732 0
46742 0
46794 0
46838 0
46845 0
46930 0
47049 0
47059 0
47183 0
47187 0
47283 0
47307 0
47337 0
47356 0
47368 0
47410 0
47462 0
47522 0
47527 0
47626 0
47762 0
47779 0
47816 0
47844 0
47973 0
48022 0
48129 0
48143 0
48178 0
48255 0
48283 0
48288 0
48291 0
48296 0
48361 0
48386 0
48440 0
48468 0
48485 0
48487 0
48494 0
48501 0
48539 0
48575 0
48643 0
48711 0
48769 0
48808 0
48810 0
48851 0
48930 0
48976 0
49006 0
49121 0
49275 0
49320 0
49366 0
49378 0
49411 0
49438 0
49456 0
49539 0
49598 0
49616 0
49645 0
49657 0
49728 0
49789 0
49846 0
49850 0
49854 0
49864 0
49870 0
49984 0
50022 0
50212 0
50247 0
50301 0
50329 0
50464 0
50466 0
50480 0
50490 0
50510 0
50605 0
50732 0
50733 0
50903 0
50922 0
50936 0
51051 0
51058 0
51078 0
51139 0
51207 0
51259 0
51262 0
51287 0
51329 0
51386 0
51405 0
51446 0
51503 0
51723 0
51740 0
51749 0
51775 0
51804 0
51827 0
51907 0
51985 0
52068 0
52096 0
52110 0
52220 0
52231 0
52237 0
52266 0
52328 0
52351 0
52381 0
52424 0
52445 0
52463 0
52485 0
52620 0
52626 0
52644 0
52714 0
52753 0
52755 0
52854 0
52862 0
52884 0
53026 0
53050 0
53055 0
53118 0
53214 0
53228 0
53267 0
53452 0
53494 0
53651 0
53699 0
53718 0
53801 0
53818 0
53941 0
54066 0
54124 0
54158 0
54245 0
54263 0
54311 0
54328 0
54340 0
54412 0
54452 0
54454 0
54496 0
54518 0
54572 0
54589 0
54590 0
54639 0
54646 0
54662 0
54672 0
54704 0
54712 0
54738 0
54800 0
54906 0
54942 0
54963 0
55107 0
55174 0
55248 0
55256 0
55279 0
55424 0
55580 0
55617 0
55764 0
55821 0
55864 0
55888 0
55908 0
55974 0
56032 0
56072 0
56203 0
56457 0
56463 0
56492 0
56589 0
56614 0
56654 0
56745 0
56771 0
56788 0
56819 0
56853 0
56859 0
56877 0
56958 0
56973 0
57031 0
57037 0
57128 0
57132 0
57143 0
57157 0
57412 0
57441 0
57444 0
57503 0
57511 0
57563 0
57621 0
57622 0
57694 0
57758 0
57766 0
57828 0
57833 0
57852 0
57855 0
57906 0
58053 0
58170 0
58203 0
58251 0
58265 0
58283 0
58332 0
58435 0
58458 0
58473 0
58514 0
58597 0
58615 0
58619 0
58687 0
58733 0
58786 0
58828 0
58857 0
58897 0
58964 0
59043 0
59046 0
59139 0
59282 0
59320 0
59332 0
59389 0
59500 0
59526 0
59531 0
59535 0
59619 0
59639 0
59725 0
59742 0
59828 0
59886 0
59963 0
60024 0
60074 0
60093 0
60105 0
60157 0
60190 0
60277 0
60361 0
60387 0
60465 0
60479 0
60566 0
60596 0
60613 0
60665 0
60670 0
60706 0
60710 0
60754 0
60767 0
60816 0
60832 0
60982 0
60989 0
61076 0
61077 0
61121 0
61145 0
61152 0
61166 0
61227 0
61246 0
61249 0
61264 0
61270 0
61274 0
61287 0
61328 0
61391 0
61403 0
61437 0
61444 0
61469 0
61478 0
61547 0
61665 0
61744 0
61749 0
61772 0
61791 0
61843 0
61866 0
61896 0
61918 0
61993 0
62042 0
62044 0
62067 0
62076 0
62160 0
62185 0
62234 0
62345 0
62369 0
62384 0
62429 0
62452 0
62463 0
62470 0
62574 0
62641 0
62648 0
62656 0
62726 0
62803 0
62862 0
62914 0
62925 0
62933 0
63140 0
63278 0
63377 0
63471 0
63505 0
63572 0
63601 0
63709 0
63752 0
63837 0
63861 0
63929 0
63937 0
63947 0
64058 0
64094 0
64178 0
64189 0
64247 0
64271 0
64284 0
64293 0
64510 0
64527 0
64570 0
64581 0
64591 0
64653 0
64699 0
64753 0
64785 0
64788 0
64909 0
64912 0
64988 0
65068 0
65133 0
65199 0
65312 0
65553 0
65602 0
65656 0
65824 0
65857 0
65862 0
65960 0
66029 0
66165 0
66169 0
66208 0
66222 0
66450 0
66494 0
66496 0
66605 0
66744 0
66845 0
66884 0
67089 0
67168 0
67216 0
67226 0
67272 0
67358 0
67409 0
67504 0
67556 0
67625 0
67715 0
67742 0
67749 0
67765 0
67932 0
67961 0
67995 0
68080 0
68117 0
68133 0
68179 0
68230 0
68259 0
68276 0
68314 0
68318 0
68349 0
68362 0
68369 0
68496 0
68551 0
68553 0
68588 0
68696 0
68700 0
68810 0
68860 0
68861 0
68867 0
68916 0
68950 0
68951 0
68994 0
69004 0
69007 0
69119 0
69213 0
69289 0
69322 0
69373 0
69388 0
69478 0
69492 0
69496 0
69553 0
69584 0
69622 0
69686 0
69687 0
69739 0
69804 0
69830 0
69837 0
69915 0
69940 0
69944 0
70029 0
70132 0
70166 0
70286 0
70309 0
70384 0
70429 0
70431 0
70454 0
70501 0
70562 0
70601 0
70616 0
70681 0
70841 0
71123 0
71152 0
71185 0
71208 0
71267 0
71278 0
71543 0
71734 0
71813 0
71950 0
72011 0
72041 0
72069 0
72131 0
72135 0
72156 0
72172 0
72204 0
72225 0
72241 0
72255 0
72260 0
72333 0
72362 0
72377 0
72460 0
72591 0
72677 0
72726 0
72941 0
72957 0
73047 0
73086 0
73132 0
73137 0
73189 0
73275 0
73314 0
73323 0
73350 0
73377 0
73430 0
73499 0
73528 0
73586 0
73631 0
73696 0
73754 0
73816 0
73818 0
73866 0
73871 0
73984 0
74001 0
74117 0
74123 0
74171 0
74187 0
74249 0
74354 0
74373 0
74414 0
74592 0
74616 0
74620 0
74746 0
74883 0
74888 0
74957 0
74977 0
75003 0
75090 0
75120 0
75135 0
75209 0
75326 0
75335 0
75354 0
75370 0
75391 0
75393 0
75508 0
75520 0
75563 0
75615 0
75656 0
75670 0
75697 0
75742 0
75995 0
76039 0
76062 0
76067 0
76068 0
76126 0
76153 0
76186 0
76346 0
76494 0
76525 0
76677 0
76692 0
76696 0
76835 0
76920 0
76936 0
76944 0
76961 0
77011 0
77116 0
77132 0
77280 0
77309 0
77317 0
77318 0
77320 0
77482 0
77636 0
77787 0
77821 0
77842 0
77956 0
77981 0
78027 0
78054 0
78070 0
78146 0
78174 0
78211 0
78316 0
78381 0
78418 0
78435 0
78505 0
78547 0
78672 0
78675 0
78689 0
78697 0
78743 0
78758 0
78825 0
78843 0
78845 0
78886 0
78912 0
78914 0
78945 0
79062 0
79113 0
79128 0
79196 0
79259 0
79322 0
79356 0
79506 0
79545 0
79571 0
79597 0
79604 0
79611 0
79615 0
79676 0
79686 0
79754 0
79814 0
79836 0
79841 0
79891 0
79941 0
79953 0
79959 0
80003 0
80073 0
80113 0
80127 0
80158 0
80173 0
80214 0
80218 0
80292 0
80363 0
80447 0
80461 0
80476 0
80520 0
80537 0
80559 0
80839 0
80840 0
80895 0
80904 0
80931 0
81017 0
81112 0
81234 0
81283 0
81423 0
81552 0
81554 0
81578 0
81617 0
81656 0
81713 0
81757 0
81795 0
81820 0
81912 0
81940 0
81982 0
81993 0
82016 0
82055 0
82060 0
82137 0
82181 0
82197 0
82250 0
82337 0
82340 0
82416 0
82466 0
82505 0
82581 0
82598 0
82610 0
82643 0
82723 0
82738 0
82775 0
82790 0
82866 0
82894 0
82942 0
83027 0
83158 0
83183 0
83296 0
83433 0
83475 0
83476 0
83501 0
83550 0
83638 0
83670 0
83777 0
83795 0
83889 0
83912 0
84032 0
84046 0
84093 0
84096 0
84106 0
84200 0
84268 0
84305 0
84321 0
84389 0
84414 0
84614 0
84666 0
84782 0
84849 0
84876 0
84931 0
84935 0
85008 0
85036 0
85054 0
85068 0
85077 0
85082 0
85122 0
85133 0
85204 0
85233 0
85242 0
85260 0
85448 0
85454 0
85460 0
85465 0
85487 0
85498 0
85573 0
85607 0
85622 0
85660 0
85720 0
85744 0
85749 0
85793 0
85799 0
85802 0
85967 0
85974 0
85994 0
86189 0
86268 0
86302 0
86307 0
86337 0
86353 0
86377 0
86554 0
86604 0
86640 0
86663 0
86688 0
86799 0
86851 0
86942 0
86996 0
87045 0
87131 0
87195 0
87218 0
87234 0
87276 0
87299 0
87304 0
87376 0
87399 0
87477 0
87560 0
87561 0
87568 0
87640 0
87647 0
87650 0
87699 0
87714 0
87744 0
87768 0
87879 0
87910 0
88036 0
88053 0
88067 0
88096 0
88127 0
88131 0
88141 0
88151 0
88174 0
88249 0
88270 0
88272 0
88294 0
88310 0
88323 0
88351 0
88404 0
88443 0
88451 0
88624 0
88698 0
88745 0
88857 0
88869 0
88888 0
88946 0
88999 0
89017 0
89051 0
89148 0
89174 0
89183 0
89204 0
89217 0
89221 0
89245 0
89291 0
89331 0
89372 0
89379 0
89405 0
89540 0
89577 0
89660 0
89684 0
89769 0
89783 0
89835 0
89845 0
89847 0
89907 0
89971 0
89989 0
90042 0
90052 0
90074 0
90167 0
90189 0
90221 0
90251 0
90346 0
90382 0
90395 0
90407 0
90571 0
90656 0
90680 0
90715 0
90740 0
90743 0
90762 0
90841 0
90854 0
90885 0
90926 0
90987 0
91016 0
91023 0
91048 0
91268 0
91271 0
91318 0
91407 0
91425 0
91443 0
91558 0
91599 0
91613 0
91655 0
91679 0
91967 0
92243 0
92268 0
92354 0
92355 0
92511 0
92537 0
92604 0
92609 0
92619 0
92656 0
92687 0
92723 0
92742 0
92765 0
92972 0
93008 0
93124 0
93199 0
93214 0
93224 0
93247 0
93267 0
93271 0
93272 0
93322 0
93402 0
93502 0
93552 0
93587 0
93589 0
93601 0
93676 0
93729 0
93743 0
93769 0
93790 0
93801 0
93837 0
93968 0
94003 0
94129 0
94220 0
94255 0
94279 0
94373 0
94503 0
94545 0
94654 0
94711 0
94729 0
94784 0
94883 0
94892 0
94906 0
94995 0
95009 0
95010 0
95082 0
95104 0
95107 0
95141 0
95241 0
95256 0
95307 0
95339 0
95397 0
95506 0
95567 0
95574 0
95582 0
95699 0
95801 0
95840 0
95862 0
95863 0
95941 0
95947 0
95994 0
96084 0
96097 0
96115 0
96117 0
96145 0
96179 0
96412 0
96422 0
96485 0
96613 0
96745 0
96839 0
96935 0
96995 0
97148 0
97162 0
97264 0
97321 0
97441 0
97445 0
97537 0
97662 0
97711 0
97747 0
97760 0
97765 0
97826 0
97869 0
97886 0
97993 0
98002 0
98051 0
98125 0
98134 0
98136 0
98141 0
98195 0
98213 0
98239 0
98296 0
98332 0
98368 0
98396 0
98402 0
98435 0
98569 0
98595 0
98675 0
98766 0
98852 0
98855 0
98898 0
98900 0
99081 0
99109 0
99146 0
99152 0
99191 0
99214 0
99222 0
99243 0
99264 0
99454 0
99489 0
99493 0
99564 0
99578 0
99628 0
99668 0
99783 0
