c This is a uniform distributed  1-D DIMACS file 
c width height point_number
p 100000 100000 2048
36 0
76 0
196 0
204 0
248 0
259 0
312 0
334 0
445 0
480 0
535 0
648 0
674 0
682 0
718 0
730 0
737 0
810 0
824 0
918 0
938 0
951 0
955 0
958 0
962 0
1002 0
1067 0
1091 0
1093 0
1095 0
1171 0
1217 0
1350 0
1430 0
1528 0
1569 0
1584 0
1617 0
1622 0
1653 0
1672 0
1763 0
1860 0
1879 0
1880 0
1923 0
1941 0
1984 0
1993 0
2013 0
2074 0
2087 0
2095 0
2148 0
2161 0
2184 0
2288 0
2358 0
2391 0
2405 0
2409 0
2446 0
2476 0
2481 0
2589 0
2593 0
2597 0
2615 0
2642 0
2718 0
2748 0
2777 0
2807 0
2820 0
2823 0
2851 0
2920 0
2966 0
3113 0
3127 0
3263 0
3280 0
3406 0
3436 0
3487 0
3498 0
3651 0
3697 0
3795 0
3926 0
4001 0
4017 0
4018 0
4039 0
4041 0
4083 0
4093 0
4128 0
4385 0
4409 0
4462 0
4492 0
4527 0
4540 0
4619 0
4628 0
4676 0
4681 0
4799 0
4910 0
5008 0
5066 0
5112 0
5117 0
5131 0
5155 0
5223 0
5299 0
5405 0
5552 0
5590 0
5606 0
5617 0
5698 0
5705 0
5707 0
5723 0
5793 0
5841 0
5879 0
5961 0
5962 0
5965 0
6011 0
6058 0
6070 0
6094 0
6097 0
6123 0
6159 0
6162 0
6173 0
6395 0
6414 0
6465 0
6519 0
6610 0
6621 0
6688 0
6710 0
6720 0
6765 0
6855 0
6984 0
7023 0
7057 0
7062 0
7094 0
7134 0
7188 0
7223 0
7250 0
7251 0
7362 0
7380 0
7395 0
7398 0
7525 0
7619 0
7707 0
7714 0
7721 0
7783 0
7855 0
7858 0
7972 0
8057 0
8090 0
8185 0
8202 0
8277 0
8286 0
8424 0
8430 0
8449 0
8466 0
8469 0
8663 0
8669 0
8931 0
9032 0
9080 0
9121 0
9146 0
9179 0
9276 0
9335 0
9405 0
9466 0
9558 0
9654 0
9686 0
9713 0
9842 0
9935 0
9962 0
10150 0
10329 0
10504 0
10573 0
10588 0
10645 0
10655 0
10718 0
10759 0
10812 0
10816 0
10884 0
10905 0
10992 0
11000 0
11146 0
11186 0
11218 0
11286 0
11328 0
11332 0
11444 0
11467 0
11577 0
11592 0
11681 0
11702 0
11815 0
11854 0
11957 0
11966 0
12026 0
12053 0
12055 0
12229 0
12270 0
12285 0
12324 0
12332 0
12377 0
12397 0
12623 0
12757 0
12830 0
12852 0
12855 0
12905 0
12925 0
13018 0
13179 0
13415 0
13460 0
13493 0
13524 0
13543 0
13567 0
13584 0
13778 0
13920 0
14002 0
14012 0
14035 0
14061 0
14135 0
14199 0
14255 0
14331 0
14357 0
14425 0
14471 0
14476 0
14524 0
14604 0
14649 0
14759 0
14799 0
14813 0
14842 0
14901 0
15129 0
15211 0
15215 0
15240 0
15244 0
15249 0
15263 0
15264 0
15269 0
15345 0
15347 0
15353 0
15371 0
15454 0
15486 0
15487 0
15491 0
15647 0
15649 0
15694 0
15758 0
15830 0
15838 0
15946 0
16087 0
16088 0
16104 0
16215 0
16224 0
16242 0
16269 0
16280 0
16339 0
16353 0
16372 0
16447 0
16495 0
16548 0
16730 0
16769 0
16867 0
16901 0
16941 0
16979 0
17001 0
17004 0
17021 0
17046 0
17090 0
17116 0
17124 0
17153 0
17172 0
17299 0
17328 0
17358 0
17499 0
17551 0
17610 0
17797 0
17855 0
17939 0
17966 0
18001 0
18078 0
18089 0
18139 0
18208 0
18267 0
18284 0
18333 0
18352 0
18373 0
18404 0
18504 0
18534 0
18556 0
18560 0
18591 0
18623 0
18629 0
18673 0
18782 0
18783 0
18877 0
18961 0
18978 0
18989 0
19126 0
19159 0
19178 0
19191 0
19237 0
19290 0
19357 0
19496 0
19581 0
19591 0
19609 0
19692 0
19739 0
19778 0
19798 0
19822 0
19824 0
19831 0
19854 0
19979 0
20030 0
20051 0
20076 0
20165 0
20217 0
20218 0
20288 0
20400 0
20476 0
20547 0
20567 0
20663 0
20789 0
20808 0
20831 0
20856 0
20859 0
20865 0
20874 0
20938 0
20952 0
20984 0
21048 0
21059 0
21138 0
21148 0
21214 0
21273 0
21290 0
21300 0
21394 0
21434 0
21566 0
21584 0
21637 0
21640 0
21663 0
21665 0
21687 0
21689 0
21695 0
21719 0
21754 0
21777 0
21781 0
21901 0
21921 0
21979 0
21998 0
22006 0
22021 0
22097 0
22128 0
22136 0
22216 0
22334 0
22434 0
22440 0
22512 0
22552 0
22568 0
22643 0
22751 0
22755 0
22800 0
22819 0
22842 0
22880 0
22893 0
22929 0
22953 0
23062 0
23108 0
23120 0
23132 0
23173 0
23185 0
23222 0
23251 0
23259 0
23260 0
23347 0
23375 0
23394 0
23422 0
23474 0
23555 0
23563 0
23581 0
23616 0
23667 0
23738 0
23739 0
23742 0
23748 0
23772 0
23792 0
23814 0
23848 0
23929 0
23941 0
23943 0
23981 0
23987 0
24051 0
24158 0
24177 0
24245 0
24270 0
24271 0
24297 0
24356 0
24374 0
24508 0
24574 0
24679 0
24709 0
24763 0
24792 0
24845 0
24857 0
24869 0
24910 0
24914 0
24927 0
24992 0
25014 0
25032 0
25055 0
25114 0
25146 0
25172 0
25183 0
25186 0
25221 0
25279 0
25309 0
25324 0
25409 0
25423 0
25432 0
25485 0
25531 0
25536 0
25541 0
25672 0
25722 0
25757 0
25760 0
25819 0
25820 0
25918 0
25982 0
26030 0
26038 0
26223 0
26294 0
26383 0
26492 0
26556 0
26683 0
26756 0
26787 0
26808 0
26811 0
26866 0
26907 0
26909 0
26920 0
26969 0
26976 0
26992 0
27029 0
27096 0
27107 0
27130 0
27146 0
27158 0
27187 0
27202 0
27244 0
27257 0
27318 0
27345 0
27366 0
27517 0
27531 0
27575 0
27730 0
27752 0
27822 0
27826 0
27832 0
27898 0
27927 0
28003 0
28029 0
28189 0
28200 0
28209 0
28272 0
28338 0
28363 0
28368 0
28398 0
28496 0
28602 0
28624 0
28710 0
28718 0
28849 0
28861 0
28865 0
28900 0
28982 0
29009 0
29040 0
29096 0
29120 0
29122 0
29131 0
29137 0
29177 0
29192 0
29345 0
29398 0
29657 0
29658 0
29694 0
29761 0
29794 0
29813 0
29911 0
29920 0
30016 0
30072 0
30143 0
30185 0
30193 0
30198 0
30278 0
30286 0
30369 0
30394 0
30450 0
30465 0
30518 0
30524 0
30554 0
30557 0
30585 0
30591 0
30610 0
30668 0
30762 0
30860 0
30863 0
30940 0
30967 0
31021 0
31191 0
31271 0
31381 0
31495 0
31545 0
31546 0
31556 0
31783 0
31795 0
31863 0
31901 0
31972 0
31982 0
31998 0
32068 0
32172 0
32226 0
32234 0
32326 0
32507 0
32707 0
32754 0
32945 0
32970 0
33013 0
33068 0
33141 0
33177 0
33182 0
33250 0
33369 0
33390 0
33410 0
33507 0
33597 0
33652 0
33660 0
33678 0
33807 0
33836 0
33842 0
33858 0
33869 0
33896 0
33911 0
33925 0
33998 0
34007 0
34010 0
34144 0
34161 0
34294 0
34302 0
34310 0
34348 0
34432 0
34677 0
34856 0
34926 0
34955 0
35079 0
35094 0
35120 0
35141 0
35148 0
35256 0
35284 0
35386 0
35405 0
35409 0
35412 0
35477 0
35524 0
35660 0
35724 0
35797 0
35839 0
35957 0
36064 0
36137 0
36170 0
36237 0
36265 0
36510 0
36532 0
36575 0
36657 0
36693 0
36729 0
36740 0
36753 0
36948 0
36953 0
36965 0
36985 0
37021 0
37028 0
37029 0
37030 0
37076 0
37145 0
37239 0
37266 0
37325 0
37392 0
37446 0
37457 0
37488 0
37525 0
37532 0
37676 0
37711 0
37713 0
37728 0
37751 0
37763 0
37854 0
37969 0
37998 0
38067 0
38224 0
38246 0
38322 0
38346 0
38373 0
38392 0
38430 0
38470 0
38522 0
38536 0
38555 0
38579 0
38601 0
38847 0
38864 0
38944 0
39031 0
39083 0
39088 0
39140 0
39232 0
39270 0
39291 0
39316 0
39333 0
39389 0
39513 0
39578 0
39595 0
39624 0
39631 0
39641 0
39734 0
39870 0
39878 0
39886 0
39961 0
39967 0
39975 0
39983 0
40041 0
40150 0
40156 0
40185 0
40186 0
40197 0
40204 0
40215 0
40240 0
40264 0
40387 0
40462 0
40520 0
40539 0
40603 0
40667 0
40693 0
40729 0
40738 0
40772 0
40774 0
40780 0
40839 0
40840 0
40886 0
40900 0
40945 0
41062 0
41084 0
41147 0
41171 0
41179 0
41349 0
41354 0
41556 0
41578 0
41703 0
41759 0
41865 0
41973 0
41984 0
42097 0
42257 0
42311 0
42347 0
42351 0
42359 0
42388 0
42392 0
42402 0
42505 0
42506 0
42510 0
42553 0
42578 0
42600 0
42653 0
42671 0
42801 0
42993 0
43000 0
43008 0
43032 0
43082 0
43129 0
43134 0
43157 0
43231 0
43424 0
43530 0
43709 0
43836 0
43901 0
43924 0
43967 0
44002 0
44040 0
44042 0
44048 0
44055 0
44171 0
44191 0
44214 0
44235 0
44329 0
44390 0
44395 0
44423 0
44500 0
44619 0
44657 0
44733 0
44781 0
44804 0
44862 0
44898 0
44978 0
44991 0
45021 0
45055 0
45075 0
45111 0
45123 0
45159 0
45212 0
45235 0
45253 0
45281 0
45304 0
45379 0
45558 0
45563 0
45580 0
45636 0
45755 0
45778 0
45849 0
45861 0
45916 0
45936 0
46090 0
46121 0
46143 0
46221 0
46275 0
46281 0
46424 0
46456 0
46461 0
46540 0
46547 0
46559 0
46698 0
46703 0
46737 0
46816 0
46861 0
46912 0
46913 0
46981 0
47037 0
47043 0
47082 0
47087 0
47120 0
47236 0
47268 0
47274 0
47331 0
47440 0
47478 0
47514 0
47609 0
47617 0
47636 0
47815 0
47837 0
47861 0
47867 0
47911 0
48122 0
48243 0
48246 0
48274 0
48290 0
48357 0
48364 0
48366 0
48597 0
48602 0
48607 0
48632 0
48658 0
48664 0
48804 0
48951 0
49008 0
49025 0
49068 0
49070 0
49102 0
49141 0
49148 0
49453 0
49494 0
49524 0
49566 0
49597 0
49609 0
49616 0
49661 0
49664 0
49850 0
49856 0
49935 0
49977 0
50049 0
50064 0
50073 0
50079 0
50123 0
50149 0
50284 0
50317 0
50342 0
50547 0
50553 0
50582 0
50584 0
50635 0
50642 0
50688 0
50712 0
50736 0
50741 0
50747 0
50748 0
50782 0
50792 0
50852 0
50878 0
50905 0
50916 0
50949 0
50975 0
51018 0
51154 0
51215 0
51238 0
51288 0
51333 0
51379 0
51407 0
51459 0
51481 0
51491 0
51524 0
51599 0
51659 0
51748 0
51755 0
51758 0
51925 0
51965 0
51995 0
52128 0
52172 0
52182 0
52194 0
52296 0
52346 0
52543 0
52716 0
52762 0
52766 0
52780 0
52801 0
52852 0
52855 0
52868 0
53096 0
53100 0
53150 0
53161 0
53178 0
53204 0
53244 0
53298 0
53382 0
53397 0
53482 0
53511 0
53575 0
53637 0
53640 0
53666 0
53717 0
53783 0
53798 0
53804 0
53811 0
53870 0
53913 0
54096 0
54123 0
54135 0
54136 0
54177 0
54238 0
54270 0
54364 0
54368 0
54396 0
54419 0
54439 0
54443 0
54466 0
54480 0
54497 0
54508 0
54594 0
54612 0
54614 0
54615 0
54697 0
54723 0
54767 0
54786 0
54990 0
55140 0
55167 0
55210 0
55259 0
55307 0
55333 0
55448 0
55509 0
55530 0
55554 0
55623 0
55696 0
55769 0
55835 0
55858 0
55867 0
55886 0
56006 0
56056 0
56075 0
56112 0
56134 0
56150 0
56160 0
56257 0
56357 0
56376 0
56380 0
56401 0
56495 0
56702 0
56706 0
56738 0
56775 0
56846 0
57180 0
57193 0
57239 0
57251 0
57350 0
57400 0
57461 0
57517 0
57529 0
57627 0
57679 0
57707 0
57719 0
57783 0
57820 0
57823 0
57833 0
58000 0
58204 0
58269 0
58287 0
58332 0
58468 0
58543 0
58594 0
58815 0
58862 0
58928 0
58930 0
58990 0
59002 0
59124 0
59222 0
59252 0
59272 0
59282 0
59295 0
59330 0
59349 0
59374 0
59428 0
59473 0
59495 0
59594 0
59607 0
59612 0
59647 0
59704 0
59810 0
59833 0
59847 0
59906 0
59919 0
59927 0
60011 0
60058 0
60142 0
60244 0
60285 0
60405 0
60415 0
60451 0
60498 0
60528 0
60651 0
60680 0
60698 0
60737 0
60782 0
60797 0
61057 0
61063 0
61102 0
61137 0
61157 0
61159 0
61208 0
61237 0
61257 0
61313 0
61366 0
61389 0
61395 0
61411 0
61515 0
61613 0
61786 0
61792 0
61908 0
61995 0
62263 0
62274 0
62282 0
62283 0
62316 0
62449 0
62518 0
62528 0
62627 0
62757 0
62859 0
62860 0
62875 0
62933 0
63067 0
63145 0
63193 0
63201 0
63204 0
63216 0
63240 0
63275 0
63298 0
63345 0
63491 0
63515 0
63532 0
63537 0
63571 0
63607 0
63710 0
63782 0
63790 0
63815 0
63832 0
63844 0
63894 0
63942 0
63958 0
63994 0
64139 0
64196 0
64271 0
64331 0
64343 0
64346 0
64379 0
64383 0
64411 0
64473 0
64531 0
64837 0
65005 0
65026 0
65061 0
65085 0
65288 0
65301 0
65320 0
65384 0
65448 0
65499 0
65519 0
65582 0
65586 0
65597 0
65601 0
65655 0
65812 0
65866 0
65905 0
65945 0
65948 0
65958 0
66127 0
66175 0
66191 0
66223 0
66268 0
66279 0
66364 0
66464 0
66520 0
66557 0
66612 0
66626 0
66701 0
66736 0
66807 0
66826 0
66895 0
66927 0
67016 0
67139 0
67191 0
67202 0
67203 0
67289 0
67298 0
67309 0
67365 0
67478 0
67505 0
67574 0
67649 0
67653 0
67707 0
67747 0
67791 0
67829 0
67833 0
67865 0
67898 0
67933 0
67981 0
68007 0
68014 0
68047 0
68061 0
68073 0
68085 0
68113 0
68173 0
68284 0
68395 0
68424 0
68541 0
68562 0
68599 0
68644 0
68666 0
68714 0
68717 0
68758 0
68860 0
68883 0
68884 0
68896 0
68898 0
68910 0
68926 0
69000 0
69003 0
69028 0
69090 0
69101 0
69119 0
69234 0
69276 0
69370 0
69440 0
69454 0
69510 0
69616 0
69637 0
69660 0
69667 0
69713 0
69715 0
69773 0
69784 0
69801 0
69827 0
69890 0
69913 0
69936 0
70014 0
70063 0
70184 0
70281 0
70369 0
70401 0
70564 0
70607 0
70631 0
70636 0
70651 0
70712 0
70777 0
70778 0
70823 0
70824 0
70844 0
70862 0
70865 0
70963 0
70976 0
71048 0
71091 0
71139 0
71144 0
71205 0
71240 0
71282 0
71294 0
71299 0
71316 0
71350 0
71396 0
71482 0
71488 0
71613 0
71619 0
71626 0
71628 0
71723 0
71725 0
71765 0
71932 0
71941 0
72048 0
72049 0
72069 0
72081 0
72083 0
72250 0
72363 0
72402 0
72424 0
72462 0
72471 0
72534 0
72561 0
72593 0
72750 0
72806 0
72833 0
72844 0
72912 0
72981 0
73012 0
73016 0
73053 0
73077 0
73101 0
73250 0
73269 0
73278 0
73293 0
73422 0
73483 0
73514 0
73626 0
73627 0
73664 0
73678 0
73709 0
73730 0
73738 0
73745 0
73812 0
73978 0
73979 0
74029 0
74038 0
74160 0
74248 0
74274 0
74345 0
74396 0
74404 0
74415 0
74437 0
74630 0
74639 0
74668 0
74695 0
74779 0
74823 0
74843 0
74862 0
74869 0
74930 0
74960 0
75045 0
75047 0
75110 0
75190 0
75221 0
75255 0
75277 0
75280 0
75301 0
75371 0
75496 0
75505 0
75513 0
75580 0
75613 0
75618 0
75620 0
75732 0
75763 0
75810 0
75858 0
75882 0
75987 0
75990 0
76006 0
76018 0
76126 0
76134 0
76139 0
76272 0
76344 0
76346 0
76382 0
76432 0
76466 0
76470 0
76502 0
76519 0
76563 0
76582 0
76594 0
76642 0
76675 0
76705 0
76718 0
76814 0
76833 0
76858 0
76903 0
76955 0
76957 0
76984 0
77023 0
77106 0
77174 0
77184 0
77222 0
77231 0
77233 0
77269 0
77312 0
77413 0
77415 0
77468 0
77473 0
77480 0
77491 0
77525 0
77544 0
77545 0
77837 0
77925 0
77930 0
77935 0
77937 0
77942 0
78037 0
78163 0
78165 0
78183 0
78186 0
78255 0
78259 0
78263 0
78272 0
78350 0
78404 0
78426 0
78490 0
78589 0
78637 0
78662 0
78684 0
78733 0
78744 0
78763 0
78765 0
78775 0
78823 0
78825 0
78842 0
78859 0
78896 0
78924 0
78958 0
79084 0
79120 0
79187 0
79195 0
79211 0
79279 0
79319 0
79357 0
79467 0
79594 0
79601 0
79657 0
79660 0
79744 0
79846 0
79867 0
80031 0
80055 0
80172 0
80200 0
80205 0
80290 0
80314 0
80326 0
80356 0
80449 0
80631 0
80642 0
80649 0
80680 0
80773 0
80810 0
80867 0
80992 0
81002 0
81057 0
81319 0
81322 0
81347 0
81446 0
81492 0
81562 0
81685 0
81739 0
81756 0
81789 0
81873 0
82052 0
82056 0
82063 0
82066 0
82134 0
82243 0
82421 0
82443 0
82521 0
82566 0
82615 0
82669 0
82676 0
82737 0
82783 0
82788 0
82792 0
82856 0
82874 0
82887 0
82899 0
82922 0
82990 0
83247 0
83266 0
83349 0
83380 0
83382 0
83410 0
83478 0
83481 0
83529 0
83569 0
83600 0
83611 0
83636 0
83798 0
83816 0
83865 0
84075 0
84106 0
84119 0
84183 0
84218 0
84308 0
84313 0
84368 0
84468 0
84615 0
84627 0
84689 0
84737 0
84785 0
84794 0
84806 0
84870 0
84945 0
85033 0
85108 0
85228 0
85251 0
85343 0
85383 0
85410 0
85617 0
85673 0
85699 0
85749 0
85763 0
85840 0
85891 0
85942 0
86038 0
86099 0
86102 0
86175 0
86198 0
86317 0
86365 0
86424 0
86493 0
86526 0
86534 0
86566 0
86623 0
86814 0
86823 0
86882 0
86953 0
87062 0
87110 0
87204 0
87219 0
87221 0
87236 0
87262 0
87318 0
87408 0
87415 0
87439 0
87538 0
87552 0
87610 0
87728 0
87773 0
87815 0
87961 0
87974 0
88006 0
88022 0
88035 0
88167 0
88190 0
88253 0
88272 0
88317 0
88342 0
88374 0
88414 0
88466 0
88488 0
88522 0
88523 0
88528 0
88543 0
88626 0
88641 0
88698 0
88702 0
88724 0
88750 0
88874 0
88891 0
88894 0
88901 0
88938 0
88952 0
89023 0
89034 0
89074 0
89078 0
89081 0
89105 0
89119 0
89240 0
89289 0
89369 0
89428 0
89435 0
89453 0
89464 0
89472 0
89477 0
89530 0
89555 0
89618 0
89690 0
89702 0
89736 0
89872 0
89904 0
89930 0
89974 0
90002 0
90184 0
90206 0
90267 0
90277 0
90379 0
90582 0
90620 0
90621 0
90732 0
90818 0
90827 0
90839 0
90922 0
91020 0
91060 0
91072 0
91234 0
91267 0
91346 0
91353 0
91379 0
91389 0
91446 0
91491 0
91529 0
91531 0
91575 0
91685 0
91750 0
91773 0
91807 0
91865 0
91884 0
91913 0
91951 0
91977 0
92036 0
92038 0
92082 0
92085 0
92127 0
92129 0
92136 0
92153 0
92213 0
92233 0
92236 0
92242 0
92282 0
92302 0
92400 0
92428 0
92461 0
92490 0
92514 0
92569 0
92627 0
92825 0
92830 0
92837 0
92976 0
92997 0
93026 0
93068 0
93089 0
93188 0
93254 0
93348 0
93461 0
93518 0
93525 0
93582 0
93610 0
93647 0
93788 0
93789 0
93792 0
93793 0
93871 0
93897 0
93898 0
93922 0
93940 0
93963 0
94002 0
94020 0
94070 0
94072 0
94084 0
94121 0
94173 0
94327 0
94346 0
94380 0
94384 0
94443 0
94462 0
94495 0
94507 0
94508 0
94509 0
94556 0
94587 0
94627 0
94637 0
94668 0
94722 0
94723 0
94739 0
94774 0
94776 0
94827 0
94861 0
94948 0
94964 0
94987 0
95064 0
95075 0
95085 0
95129 0
95157 0
95177 0
95434 0
95445 0
95504 0
95552 0
95553 0
95560 0
95654 0
95658 0
95900 0
95992 0
96039 0
96144 0
96234 0
96245 0
96252 0
96305 0
96415 0
96452 0
96614 0
96618 0
96638 0
96697 0
96715 0
96726 0
96774 0
96834 0
96847 0
96861 0
97032 0
97075 0
97081 0
97094 0
97189 0
97229 0
97252 0
97316 0
97346 0
97348 0
97507 0
97534 0
97545 0
97602 0
97626 0
97645 0
97673 0
97967 0
98017 0
98039 0
98082 0
98126 0
98142 0
98201 0
98291 0
98294 0
98299 0
98303 0
98346 0
98434 0
98714 0
98738 0
98754 0
98782 0
98817 0
98850 0
98887 0
98905 0
98933 0
98973 0
99004 0
99023 0
99026 0
99090 0
99195 0
99239 0
99241 0
99287 0
99355 0
99368 0
99426 0
99448 0
99521 0
99534 0
99650 0
99686 0
99754 0
99759 0
99785 0
99810 0
99997 0
