c This is a uniform distributed  1-D DIMACS file 
c width height point_number
p 100000 100000 2048
16 0
19 0
53 0
115 0
175 0
244 0
262 0
285 0
374 0
380 0
381 0
432 0
468 0
473 0
505 0
691 0
865 0
931 0
953 0
972 0
992 0
1004 0
1019 0
1047 0
1120 0
1167 0
1183 0
1201 0
1450 0
1475 0
1488 0
1539 0
1696 0
1742 0
1770 0
1800 0
1839 0
1845 0
1889 0
1980 0
1984 0
2034 0
2161 0
2178 0
2179 0
2181 0
2185 0
2190 0
2292 0
2382 0
2432 0
2434 0
2440 0
2447 0
2486 0
2503 0
2505 0
2560 0
2600 0
2623 0
2627 0
2778 0
2792 0
2924 0
2975 0
2995 0
2996 0
3048 0
3063 0
3123 0
3157 0
3218 0
3426 0
3461 0
3479 0
3483 0
3488 0
3573 0
3581 0
3592 0
3606 0
3607 0
3727 0
3745 0
3871 0
3928 0
4048 0
4065 0
4086 0
4119 0
4163 0
4304 0
4421 0
4451 0
4457 0
4510 0
4597 0
4604 0
4645 0
4672 0
4721 0
4743 0
4831 0
4862 0
4891 0
4923 0
4947 0
4980 0
5075 0
5139 0
5160 0
5193 0
5272 0
5279 0
5354 0
5371 0
5517 0
5561 0
5579 0
5628 0
5717 0
5778 0
5806 0
5909 0
5941 0
6036 0
6046 0
6077 0
6079 0
6173 0
6178 0
6180 0
6213 0
6224 0
6358 0
6374 0
6549 0
6565 0
6646 0
6649 0
6660 0
6677 0
6815 0
6821 0
6884 0
6925 0
6943 0
6992 0
7062 0
7067 0
7075 0
7079 0
7098 0
7109 0
7166 0
7184 0
7209 0
7250 0
7298 0
7361 0
7364 0
7369 0
7394 0
7445 0
7501 0
7520 0
7621 0
7712 0
7714 0
7752 0
7754 0
7759 0
7786 0
7793 0
7876 0
7881 0
7885 0
7938 0
7961 0
7983 0
8087 0
8119 0
8148 0
8187 0
8337 0
8378 0
8408 0
8445 0
8467 0
8604 0
8643 0
8695 0
8705 0
8811 0
8891 0
8947 0
9023 0
9034 0
9155 0
9160 0
9167 0
9339 0
9341 0
9363 0
9438 0
9444 0
9450 0
9472 0
9513 0
9553 0
9564 0
9655 0
9736 0
9765 0
9767 0
9809 0
9812 0
9858 0
9905 0
10035 0
10059 0
10087 0
10097 0
10167 0
10168 0
10196 0
10250 0
10337 0
10382 0
10428 0
10625 0
10676 0
10678 0
10703 0
10836 0
10883 0
10984 0
10988 0
10991 0
11028 0
11041 0
11055 0
11091 0
11239 0
11251 0
11256 0
11275 0
11347 0
11349 0
11363 0
11515 0
11518 0
11561 0
11588 0
11611 0
11635 0
11759 0
11807 0
11808 0
11820 0
11859 0
11943 0
11993 0
12107 0
12196 0
12276 0
12309 0
12314 0
12344 0
12430 0
12431 0
12436 0
12464 0
12584 0
12694 0
12744 0
12827 0
12856 0
12917 0
13059 0
13122 0
13133 0
13160 0
13164 0
13190 0
13201 0
13238 0
13326 0
13428 0
13564 0
13578 0
13614 0
13672 0
13682 0
13720 0
13784 0
13811 0
13832 0
13846 0
13856 0
13883 0
13921 0
13955 0
14028 0
14029 0
14090 0
14124 0
14138 0
14142 0
14261 0
14290 0
14314 0
14325 0
14485 0
14526 0
14536 0
14613 0
14687 0
14767 0
14812 0
14826 0
14908 0
14915 0
14941 0
14974 0
15124 0
15192 0
15208 0
15238 0
15272 0
15415 0
15429 0
15512 0
15549 0
15557 0
15570 0
15580 0
15661 0
15724 0
15750 0
15788 0
15834 0
15852 0
15894 0
15918 0
15943 0
16142 0
16203 0
16210 0
16236 0
16242 0
16278 0
16375 0
16438 0
16469 0
16490 0
16512 0
16548 0
16598 0
16651 0
16695 0
16740 0
16811 0
16834 0
16852 0
16904 0
17026 0
17041 0
17043 0
17138 0
17228 0
17376 0
17418 0
17565 0
17572 0
17637 0
17691 0
17753 0
17845 0
17870 0
17871 0
17876 0
17953 0
17975 0
18064 0
18160 0
18188 0
18209 0
18405 0
18440 0
18470 0
18494 0
18533 0
18599 0
18604 0
18629 0
18682 0
18869 0
18888 0
18892 0
18894 0
18911 0
19066 0
19098 0
19129 0
19144 0
19193 0
19228 0
19371 0
19394 0
19432 0
19434 0
19467 0
19479 0
19515 0
19546 0
19558 0
19687 0
19709 0
19713 0
19722 0
19750 0
19752 0
19822 0
19902 0
19904 0
19947 0
20019 0
20119 0
20166 0
20212 0
20233 0
20255 0
20344 0
20351 0
20353 0
20379 0
20439 0
20479 0
20508 0
20576 0
20597 0
20610 0
20721 0
20779 0
20789 0
20794 0
20801 0
20932 0
20963 0
21061 0
21276 0
21342 0
21344 0
21360 0
21373 0
21375 0
21441 0
21470 0
21506 0
21636 0
21661 0
21739 0
21759 0
21795 0
21801 0
21804 0
21980 0
22096 0
22127 0
22135 0
22198 0
22226 0
22336 0
22357 0
22358 0
22470 0
22550 0
22601 0
22621 0
22738 0
22741 0
22807 0
22808 0
22812 0
22825 0
22887 0
22923 0
23109 0
23128 0
23177 0
23210 0
23233 0
23268 0
23283 0
23308 0
23317 0
23360 0
23496 0
23530 0
23559 0
23579 0
23592 0
23621 0
23662 0
23718 0
23848 0
23868 0
23883 0
23904 0
23945 0
23980 0
23992 0
23998 0
24016 0
24063 0
24116 0
24175 0
24180 0
24231 0
24273 0
24292 0
24395 0
24475 0
24551 0
24571 0
24572 0
24647 0
24695 0
24727 0
24786 0
24877 0
24954 0
24985 0
24989 0
25147 0
25249 0
25281 0
25292 0
25378 0
25474 0
25516 0
25519 0
25546 0
25568 0
25644 0
25731 0
25738 0
25752 0
25758 0
25901 0
25970 0
26042 0
26051 0
26104 0
26282 0
26339 0
26401 0
26412 0
26445 0
26547 0
26561 0
26571 0
26619 0
26629 0
26685 0
26704 0
26726 0
26777 0
26795 0
26797 0
26916 0
26953 0
26999 0
27032 0
27042 0
27061 0
27143 0
27314 0
27379 0
27387 0
27448 0
27452 0
27501 0
27535 0
27617 0
27622 0
27678 0
27738 0
27777 0
27785 0
27879 0
27887 0
27903 0
27957 0
27987 0
27989 0
28030 0
28097 0
28103 0
28115 0
28169 0
28225 0
28251 0
28265 0
28305 0
28337 0
28362 0
28382 0
28427 0
28432 0
28437 0
28441 0
28470 0
28599 0
28699 0
28716 0
28736 0
28751 0
28812 0
28887 0
28905 0
29012 0
29106 0
29162 0
29164 0
29218 0
29235 0
29237 0
29307 0
29320 0
29336 0
29342 0
29363 0
29415 0
29487 0
29494 0
29508 0
29529 0
29620 0
29644 0
29725 0
29730 0
29839 0
29865 0
29935 0
29994 0
30061 0
30107 0
30117 0
30145 0
30166 0
30196 0
30272 0
30516 0
30518 0
30585 0
30776 0
30785 0
30801 0
30820 0
30870 0
31078 0
31214 0
31218 0
31229 0
31285 0
31311 0
31369 0
31372 0
31476 0
31513 0
31570 0
31654 0
31658 0
31684 0
31687 0
31724 0
31729 0
31799 0
31812 0
31870 0
31882 0
31960 0
31966 0
31975 0
32026 0
32072 0
32228 0
32255 0
32294 0
32411 0
32585 0
32601 0
32644 0
32723 0
32739 0
32751 0
32820 0
32840 0
32842 0
32918 0
33016 0
33034 0
33040 0
33050 0
33081 0
33084 0
33129 0
33149 0
33171 0
33230 0
33274 0
33284 0
33300 0
33400 0
33402 0
33465 0
33484 0
33490 0
33513 0
33515 0
33600 0
33602 0
33622 0
33629 0
33657 0
33713 0
33845 0
33857 0
33879 0
33885 0
33991 0
33998 0
34044 0
34087 0
34110 0
34241 0
34254 0
34269 0
34300 0
34351 0
34360 0
34381 0
34398 0
34408 0
34425 0
34448 0
34491 0
34502 0
34633 0
34645 0
34656 0
34692 0
34749 0
34813 0
34827 0
35057 0
35126 0
35368 0
35438 0
35452 0
35535 0
35628 0
35722 0
35731 0
35883 0
35884 0
35933 0
35935 0
35953 0
36023 0
36072 0
36089 0
36095 0
36231 0
36263 0
36304 0
36317 0
36344 0
36422 0
36450 0
36486 0
36568 0
36659 0
36716 0
36811 0
36843 0
36874 0
37062 0
37109 0
37141 0
37184 0
37209 0
37241 0
37298 0
37302 0
37331 0
37404 0
37522 0
37582 0
37587 0
37611 0
37775 0
37815 0
37841 0
37890 0
37917 0
37927 0
38037 0
38100 0
38115 0
38123 0
38149 0
38196 0
38197 0
38225 0
38310 0
38349 0
38393 0
38423 0
38435 0
38450 0
38554 0
38576 0
38608 0
38617 0
38644 0
38704 0
38705 0
38737 0
38779 0
38813 0
38836 0
38932 0
38940 0
38990 0
39041 0
39057 0
39131 0
39170 0
39220 0
39229 0
39301 0
39371 0
39417 0
39446 0
39540 0
39553 0
39622 0
39623 0
39722 0
39763 0
39804 0
39816 0
39827 0
39877 0
39972 0
40094 0
40110 0
40151 0
40197 0
40322 0
40327 0
40411 0
40510 0
40530 0
40533 0
40567 0
40571 0
40628 0
40640 0
40666 0
40670 0
40693 0
40782 0
40789 0
40805 0
40921 0
40954 0
40975 0
40992 0
41004 0
41007 0
41058 0
41173 0
41224 0
41230 0
41247 0
41254 0
41259 0
41295 0
41352 0
41378 0
41419 0
41626 0
41693 0
41699 0
41770 0
41796 0
41823 0
41848 0
41864 0
41900 0
42046 0
42172 0
42230 0
42263 0
42276 0
42351 0
42372 0
42434 0
42483 0
42570 0
42588 0
42628 0
42661 0
42749 0
42760 0
42839 0
42850 0
42873 0
42946 0
43002 0
43011 0
43102 0
43104 0
43106 0
43185 0
43192 0
43200 0
43347 0
43408 0
43425 0
43438 0
43443 0
43453 0
43501 0
43515 0
43532 0
43625 0
43731 0
43744 0
43758 0
43760 0
43806 0
43826 0
43876 0
43918 0
43949 0
44023 0
44050 0
44106 0
44197 0
44222 0
44245 0
44350 0
44382 0
44410 0
44504 0
44511 0
44533 0
44675 0
44695 0
44710 0
44756 0
44811 0
44825 0
44898 0
44905 0
44916 0
44928 0
44957 0
44961 0
44994 0
45231 0
45296 0
45303 0
45391 0
45409 0
45413 0
45414 0
45419 0
45426 0
45449 0
45572 0
45611 0
45678 0
45724 0
45743 0
45744 0
45899 0
45908 0
45924 0
46113 0
46164 0
46247 0
46374 0
46383 0
46425 0
46488 0
46506 0
46522 0
46719 0
46724 0
46736 0
46771 0
46814 0
46821 0
46854 0
46947 0
47012 0
47219 0
47423 0
47451 0
47464 0
47641 0
47670 0
47691 0
47804 0
47811 0
47827 0
47888 0
48009 0
48016 0
48065 0
48080 0
48106 0
48161 0
48272 0
48308 0
48322 0
48337 0
48378 0
48483 0
48535 0
48599 0
48637 0
48639 0
48694 0
48733 0
48836 0
48847 0
48914 0
48940 0
48951 0
49035 0
49042 0
49058 0
49092 0
49101 0
49153 0
49155 0
49248 0
49305 0
49309 0
49321 0
49327 0
49434 0
49553 0
49577 0
49664 0
49777 0
49852 0
49951 0
49967 0
49996 0
50058 0
50081 0
50152 0
50201 0
50205 0
50212 0
50222 0
50245 0
50319 0
50412 0
50433 0
50550 0
50683 0
50720 0
50996 0
51029 0
51033 0
51041 0
51054 0
51155 0
51227 0
51230 0
51244 0
51253 0
51356 0
51375 0
51403 0
51411 0
51433 0
51537 0
51562 0
51621 0
51649 0
51669 0
51671 0
51844 0
51890 0
51935 0
51985 0
51987 0
52001 0
52097 0
52161 0
52294 0
52301 0
52365 0
52374 0
52388 0
52389 0
52518 0
52578 0
52701 0
52733 0
52770 0
52790 0
52800 0
52872 0
52948 0
53027 0
53030 0
53120 0
53194 0
53329 0
53349 0
53361 0
53498 0
53501 0
53526 0
53718 0
53817 0
53966 0
54031 0
54128 0
54187 0
54238 0
54244 0
54248 0
54274 0
54311 0
54341 0
54348 0
54383 0
54502 0
54526 0
54562 0
54576 0
54607 0
54741 0
54851 0
54904 0
54980 0
55048 0
55204 0
55212 0
55218 0
55352 0
55481 0
55503 0
55568 0
55602 0
55662 0
55757 0
55827 0
55888 0
55995 0
56017 0
56092 0
56119 0
56129 0
56150 0
56153 0
56172 0
56198 0
56226 0
56238 0
56243 0
56261 0
56346 0
56417 0
56448 0
56508 0
56577 0
56629 0
56639 0
56646 0
56739 0
56896 0
56897 0
56906 0
56941 0
56947 0
56976 0
56979 0
57072 0
57079 0
57246 0
57274 0
57337 0
57345 0
57416 0
57457 0
57507 0
57556 0
57755 0
57769 0
57833 0
57948 0
57951 0
57962 0
57996 0
58001 0
58073 0
58085 0
58111 0
58148 0
58155 0
58182 0
58189 0
58260 0
58267 0
58273 0
58293 0
58311 0
58322 0
58325 0
58374 0
58429 0
58502 0
58513 0
58529 0
58628 0
58768 0
58794 0
58830 0
59100 0
59165 0
59180 0
59194 0
59228 0
59255 0
59272 0
59293 0
59326 0
59406 0
59417 0
59467 0
59496 0
59497 0
59540 0
59566 0
59575 0
59617 0
59715 0
59907 0
59919 0
59935 0
59961 0
59994 0
60038 0
60055 0
60103 0
60135 0
60137 0
60356 0
60358 0
60369 0
60374 0
60410 0
60578 0
60591 0
60713 0
60778 0
60798 0
60941 0
60954 0
60978 0
61081 0
61087 0
61095 0
61135 0
61165 0
61243 0
61244 0
61256 0
61297 0
61320 0
61372 0
61406 0
61466 0
61547 0
61608 0
61609 0
61625 0
61634 0
61757 0
61765 0
61864 0
61937 0
61971 0
62052 0
62448 0
62464 0
62466 0
62472 0
62496 0
62516 0
62599 0
62601 0
62644 0
62652 0
62681 0
62754 0
62808 0
62817 0
62865 0
62901 0
62971 0
62979 0
62998 0
63041 0
63053 0
63105 0
63302 0
63377 0
63423 0
63521 0
63544 0
63551 0
63575 0
63621 0
63627 0
63655 0
63698 0
63712 0
63726 0
63727 0
63756 0
63816 0
63832 0
63849 0
63873 0
63876 0
63891 0
63944 0
63966 0
63998 0
64006 0
64011 0
64037 0
64080 0
64173 0
64288 0
64326 0
64336 0
64338 0
64340 0
64354 0
64367 0
64396 0
64451 0
64462 0
64607 0
64637 0
64675 0
64739 0
64788 0
64828 0
64903 0
65112 0
65175 0
65195 0
65203 0
65344 0
65345 0
65347 0
65378 0
65420 0
65451 0
65486 0
65489 0
65499 0
65506 0
65552 0
65557 0
65579 0
65598 0
65721 0
65801 0
65806 0
65832 0
65986 0
66011 0
66138 0
66355 0
66559 0
66604 0
66673 0
66719 0
66740 0
66843 0
66856 0
66906 0
66915 0
66926 0
67064 0
67231 0
67250 0
67477 0
67534 0
67540 0
67572 0
67629 0
67861 0
67949 0
68004 0
68036 0
68084 0
68098 0
68129 0
68246 0
68354 0
68362 0
68413 0
68463 0
68567 0
68571 0
68619 0
68647 0
68676 0
68686 0
68688 0
68712 0
68787 0
68848 0
68851 0
68885 0
68893 0
68899 0
68989 0
69096 0
69133 0
69135 0
69237 0
69255 0
69313 0
69357 0
69362 0
69400 0
69422 0
69499 0
69532 0
69562 0
69576 0
69592 0
69593 0
69596 0
69792 0
69858 0
69871 0
69955 0
70020 0
70252 0
70300 0
70317 0
70453 0
70455 0
70506 0
70515 0
70597 0
70647 0
70702 0
70705 0
70712 0
70754 0
70760 0
70832 0
70931 0
71016 0
71067 0
71073 0
71075 0
71119 0
71124 0
71315 0
71507 0
71543 0
71645 0
71647 0
71702 0
71758 0
71827 0
71924 0
72026 0
72044 0
72080 0
72118 0
72166 0
72231 0
72370 0
72421 0
72626 0
72662 0
72736 0
72766 0
72778 0
72936 0
72943 0
72944 0
72955 0
73081 0
73170 0
73202 0
73333 0
73350 0
73679 0
73696 0
73724 0
73737 0
73753 0
73882 0
73982 0
74140 0
74148 0
74152 0
74258 0
74271 0
74296 0
74335 0
74381 0
74402 0
74535 0
74567 0
74615 0
74805 0
74815 0
74824 0
74844 0
74866 0
75013 0
75024 0
75041 0
75074 0
75190 0
75312 0
75318 0
75369 0
75374 0
75400 0
75418 0
75529 0
75559 0
75598 0
75609 0
75656 0
75784 0
75860 0
75873 0
75928 0
75936 0
75937 0
76064 0
76161 0
76194 0
76260 0
76277 0
76293 0
76410 0
76458 0
76528 0
76535 0
76546 0
76561 0
76569 0
76573 0
76609 0
76611 0
76705 0
76708 0
76737 0
76747 0
76817 0
76838 0
76860 0
76875 0
76917 0
76938 0
76979 0
77089 0
77097 0
77168 0
77210 0
77276 0
77291 0
77402 0
77504 0
77517 0
77544 0
77553 0
77624 0
77644 0
77648 0
77685 0
77694 0
77709 0
77743 0
77754 0
77843 0
77899 0
77947 0
78004 0
78040 0
78047 0
78103 0
78238 0
78347 0
78357 0
78377 0
78391 0
78418 0
78521 0
78541 0
78611 0
78753 0
78773 0
78774 0
78787 0
78789 0
78844 0
78897 0
78979 0
79017 0
79112 0
79250 0
79296 0
79459 0
79492 0
79501 0
79516 0
79575 0
79578 0
79642 0
79803 0
79896 0
79906 0
80023 0
80045 0
80083 0
80090 0
80181 0
80300 0
80541 0
80612 0
80646 0
80704 0
80737 0
80744 0
80747 0
80769 0
80806 0
80831 0
80847 0
80889 0
80891 0
80924 0
80931 0
80974 0
81045 0
81046 0
81049 0
81068 0
81166 0
81199 0
81203 0
81204 0
81259 0
81296 0
81354 0
81373 0
81442 0
81485 0
81628 0
81732 0
81767 0
81789 0
81896 0
81914 0
81980 0
81990 0
81998 0
82017 0
82064 0
82076 0
82099 0
82104 0
82198 0
82215 0
82238 0
82404 0
82463 0
82512 0
82524 0
82569 0
82652 0
82683 0
82701 0
82736 0
82799 0
83027 0
83071 0
83095 0
83175 0
83261 0
83264 0
83360 0
83468 0
83620 0
83707 0
83719 0
83788 0
83889 0
83976 0
84092 0
84199 0
84231 0
84292 0
84316 0
84349 0
84407 0
84442 0
84523 0
84552 0
84665 0
84727 0
84750 0
84762 0
84764 0
84774 0
84957 0
84975 0
85019 0
85024 0
85057 0
85070 0
85103 0
85143 0
85218 0
85223 0
85254 0
85307 0
85331 0
85482 0
85534 0
85550 0
85681 0
85718 0
85794 0
85839 0
85853 0
85958 0
86022 0
86059 0
86152 0
86264 0
86447 0
86480 0
86482 0
86522 0
86523 0
86539 0
86621 0
86634 0
86703 0
86711 0
86731 0
86792 0
86865 0
86909 0
86973 0
87015 0
87066 0
87093 0
87138 0
87360 0
87482 0
87575 0
87577 0
87598 0
87709 0
87763 0
87791 0
87807 0
87905 0
87959 0
88086 0
88193 0
88250 0
88309 0
88324 0
88328 0
88463 0
88563 0
88569 0
88570 0
88608 0
88610 0
88649 0
88695 0
88791 0
88880 0
88918 0
88927 0
88930 0
89021 0
89134 0
89139 0
89185 0
89207 0
89377 0
89382 0
89391 0
89397 0
89491 0
89531 0
89619 0
89631 0
89665 0
89715 0
89812 0
89876 0
89882 0
89923 0
89933 0
89944 0
89976 0
90037 0
90072 0
90176 0
90253 0
90275 0
90362 0
90409 0
90446 0
90465 0
90484 0
90501 0
90579 0
90610 0
90663 0
90719 0
90765 0
90924 0
90937 0
90986 0
90992 0
91017 0
91055 0
91069 0
91102 0
91131 0
91135 0
91167 0
91224 0
91237 0
91283 0
91317 0
91387 0
91432 0
91463 0
91475 0
91531 0
91623 0
91624 0
91654 0
91670 0
91735 0
91745 0
91751 0
91819 0
91851 0
91951 0
92011 0
92115 0
92134 0
92176 0
92251 0
92266 0
92323 0
92374 0
92390 0
92396 0
92415 0
92422 0
92530 0
92632 0
92635 0
92637 0
92659 0
92681 0
92700 0
92741 0
92837 0
92878 0
92893 0
92901 0
92912 0
92953 0
93069 0
93149 0
93151 0
93163 0
93199 0
93244 0
93249 0
93284 0
93287 0
93325 0
93351 0
93401 0
93477 0
93507 0
93549 0
93584 0
93603 0
93607 0
93670 0
94102 0
94266 0
94322 0
94368 0
94438 0
94448 0
94460 0
94475 0
94532 0
94820 0
94868 0
94885 0
94900 0
94915 0
94971 0
95056 0
95074 0
95092 0
95099 0
95139 0
95238 0
95297 0
95377 0
95451 0
95465 0
95493 0
95497 0
95530 0
95570 0
95625 0
95640 0
95702 0
95852 0
96027 0
96052 0
96095 0
96223 0
96245 0
96305 0
96495 0
96541 0
96579 0
96643 0
96649 0
96658 0
96697 0
96741 0
96745 0
96755 0
96811 0
96845 0
96862 0
96914 0
97049 0
97338 0
97379 0
97396 0
97409 0
97439 0
97470 0
97480 0
97562 0
97598 0
97610 0
97659 0
97780 0
97783 0
97916 0
97934 0
98048 0
98242 0
98246 0
98254 0
98278 0
98303 0
98334 0
98336 0
98449 0
98469 0
98540 0
98550 0
98633 0
98661 0
98686 0
98837 0
99026 0
99028 0
99037 0
99045 0
99080 0
99110 0
99153 0
99173 0
99195 0
99219 0
99336 0
99417 0
99438 0
99514 0
99519 0
99548 0
99549 0
99591 0
99595 0
99642 0
99651 0
99653 0
99659 0
99672 0
99677 0
99783 0
99797 0
99819 0
99858 0
99885 0
99998 0
