c This is a uniform distributed  1-D DIMACS file 
c width height point_number
p 100000 100000 2048
19 0
45 0
91 0
123 0
145 0
197 0
234 0
278 0
368 0
505 0
514 0
546 0
633 0
643 0
726 0
739 0
767 0
769 0
795 0
804 0
836 0
855 0
906 0
915 0
917 0
1017 0
1020 0
1061 0
1062 0
1159 0
1188 0
1254 0
1260 0
1282 0
1300 0
1312 0
1362 0
1376 0
1480 0
1484 0
1574 0
1575 0
1673 0
1685 0
1740 0
1766 0
1798 0
1847 0
1864 0
1914 0
1917 0
1929 0
1968 0
2212 0
2219 0
2222 0
2272 0
2286 0
2320 0
2373 0
2378 0
2390 0
2399 0
2420 0
2504 0
2508 0
2545 0
2633 0
2740 0
2792 0
2975 0
3013 0
3064 0
3089 0
3092 0
3321 0
3339 0
3377 0
3433 0
3488 0
3607 0
3984 0
4113 0
4118 0
4119 0
4157 0
4179 0
4373 0
4393 0
4454 0
4461 0
4532 0
4596 0
4621 0
4622 0
4779 0
4823 0
4838 0
4961 0
5058 0
5116 0
5197 0
5223 0
5304 0
5339 0
5392 0
5423 0
5492 0
5521 0
5726 0
5752 0
5963 0
6040 0
6081 0
6126 0
6153 0
6154 0
6245 0
6282 0
6343 0
6395 0
6396 0
6459 0
6616 0
6740 0
6793 0
6803 0
6806 0
6822 0
6831 0
6894 0
6903 0
6947 0
6954 0
7003 0
7052 0
7115 0
7128 0
7193 0
7256 0
7346 0
7352 0
7375 0
7433 0
7475 0
7496 0
7514 0
7540 0
7641 0
7646 0
7782 0
7835 0
7868 0
7894 0
7949 0
8032 0
8445 0
8469 0
8475 0
8500 0
8580 0
8586 0
8622 0
8805 0
8840 0
8869 0
8879 0
8889 0
8935 0
8957 0
8971 0
8997 0
9037 0
9086 0
9088 0
9126 0
9160 0
9236 0
9246 0
9284 0
9324 0
9352 0
9403 0
9515 0
9554 0
9698 0
9758 0
9839 0
9880 0
9908 0
9916 0
9919 0
9999 0
10054 0
10117 0
10121 0
10337 0
10485 0
10555 0
10599 0
10607 0
10610 0
10643 0
10668 0
10801 0
10824 0
10974 0
11023 0
11031 0
11049 0
11067 0
11168 0
11206 0
11245 0
11266 0
11309 0
11386 0
11415 0
11433 0
11439 0
11456 0
11541 0
11719 0
11734 0
11753 0
11938 0
11959 0
11991 0
12011 0
12041 0
12305 0
12344 0
12372 0
12374 0
12393 0
12503 0
12524 0
12527 0
12565 0
12658 0
12778 0
12780 0
12796 0
12829 0
12831 0
12840 0
12894 0
12923 0
12980 0
13001 0
13015 0
13059 0
13075 0
13087 0
13449 0
13457 0
13487 0
13506 0
13562 0
13576 0
13640 0
13646 0
13647 0
13769 0
13833 0
13842 0
13863 0
13969 0
13979 0
14011 0
14029 0
14049 0
14091 0
14150 0
14177 0
14256 0
14288 0
14415 0
14436 0
14657 0
14662 0
14666 0
14670 0
14704 0
14766 0
14863 0
14864 0
14949 0
14971 0
14975 0
15002 0
15042 0
15179 0
15226 0
15278 0
15377 0
15441 0
15472 0
15474 0
15533 0
15559 0
15632 0
15637 0
15640 0
15659 0
15669 0
15684 0
15856 0
15867 0
15915 0
15936 0
15946 0
15983 0
16010 0
16102 0
16320 0
16373 0
16426 0
16433 0
16596 0
16674 0
16762 0
16767 0
16824 0
16925 0
17001 0
17028 0
17043 0
17141 0
17164 0
17252 0
17282 0
17306 0
17402 0
17423 0
17436 0
17448 0
17500 0
17507 0
17522 0
17538 0
17544 0
17567 0
17620 0
17634 0
17721 0
17724 0
17759 0
17794 0
17865 0
17912 0
17914 0
17915 0
17974 0
17989 0
18072 0
18079 0
18095 0
18131 0
18168 0
18202 0
18240 0
18245 0
18274 0
18339 0
18374 0
18490 0
18502 0
18512 0
18586 0
18639 0
18661 0
18695 0
18769 0
18898 0
18906 0
18923 0
18948 0
18953 0
18980 0
19010 0
19092 0
19158 0
19187 0
19196 0
19238 0
19375 0
19438 0
19480 0
19503 0
19510 0
19532 0
19635 0
19665 0
19680 0
19683 0
19693 0
19719 0
19788 0
19841 0
19847 0
19855 0
19885 0
19980 0
19985 0
20029 0
20103 0
20129 0
20163 0
20165 0
20177 0
20246 0
20398 0
20447 0
20464 0
20495 0
20538 0
20561 0
20710 0
20731 0
20733 0
20813 0
20899 0
20946 0
20974 0
21016 0
21076 0
21105 0
21206 0
21271 0
21373 0
21395 0
21408 0
21411 0
21423 0
21441 0
21522 0
21524 0
21541 0
21645 0
21784 0
21845 0
21982 0
22103 0
22126 0
22128 0
22335 0
22338 0
22339 0
22340 0
22386 0
22493 0
22522 0
22545 0
22553 0
22557 0
22596 0
22629 0
22648 0
22652 0
22697 0
22750 0
22778 0
22805 0
22809 0
22810 0
22841 0
22842 0
22849 0
23003 0
23037 0
23064 0
23233 0
23275 0
23339 0
23397 0
23578 0
23641 0
23669 0
23671 0
23710 0
23711 0
23760 0
23779 0
23823 0
23838 0
23850 0
23933 0
24021 0
24031 0
24056 0
24108 0
24113 0
24170 0
24189 0
24200 0
24213 0
24235 0
24246 0
24378 0
24406 0
24412 0
24418 0
24426 0
24452 0
24483 0
24502 0
24552 0
24573 0
24635 0
24679 0
24702 0
24788 0
24789 0
24791 0
24806 0
24818 0
24893 0
24909 0
24966 0
24974 0
25004 0
25107 0
25119 0
25213 0
25224 0
25232 0
25237 0
25327 0
25378 0
25445 0
25468 0
25475 0
25527 0
25548 0
25563 0
25629 0
25690 0
25701 0
25807 0
25833 0
25878 0
26050 0
26120 0
26144 0
26171 0
26182 0
26204 0
26217 0
26273 0
26321 0
26460 0
26523 0
26533 0
26565 0
26595 0
26699 0
26747 0
26776 0
26854 0
26903 0
27067 0
27346 0
27433 0
27468 0
27498 0
27502 0
27503 0
27512 0
27573 0
27729 0
27750 0
27783 0
28027 0
28071 0
28078 0
28134 0
28269 0
28356 0
28383 0
28420 0
28453 0
28465 0
28482 0
28563 0
28574 0
28631 0
28666 0
28740 0
28830 0
28877 0
28879 0
28924 0
28945 0
28964 0
29047 0
29158 0
29296 0
29373 0
29424 0
29491 0
29503 0
29593 0
29594 0
29619 0
29634 0
29654 0
29668 0
29682 0
29715 0
29728 0
29812 0
29817 0
29824 0
29882 0
29899 0
29924 0
29986 0
30029 0
30057 0
30077 0
30150 0
30308 0
30322 0
30407 0
30449 0
30472 0
30485 0
30708 0
30719 0
30778 0
30863 0
30869 0
30895 0
30909 0
31032 0
31038 0
31049 0
31100 0
31123 0
31272 0
31318 0
31334 0
31426 0
31464 0
31492 0
31514 0
31531 0
31551 0
31570 0
31645 0
31806 0
31823 0
31902 0
31966 0
32012 0
32019 0
32025 0
32139 0
32146 0
32179 0
32248 0
32272 0
32314 0
32416 0
32453 0
32483 0
32488 0
32656 0
32672 0
32690 0
32767 0
32923 0
32957 0
32961 0
33021 0
33025 0
33037 0
33152 0
33184 0
33204 0
33205 0
33350 0
33357 0
33399 0
33412 0
33426 0
33451 0
33509 0
33679 0
33689 0
33783 0
33801 0
33823 0
33855 0
34010 0
34023 0
34135 0
34138 0
34170 0
34242 0
34275 0
34389 0
34420 0
34461 0
34539 0
34619 0
34624 0
34631 0
34751 0
34773 0
34839 0
34909 0
34911 0
34931 0
35048 0
35105 0
35217 0
35228 0
35251 0
35301 0
35459 0
35495 0
35539 0
35684 0
35689 0
35768 0
35776 0
35789 0
35873 0
35886 0
35941 0
36010 0
36013 0
36080 0
36138 0
36151 0
36213 0
36271 0
36379 0
36504 0
36683 0
36701 0
36706 0
36730 0
36754 0
36762 0
36779 0
36797 0
36808 0
36870 0
36889 0
36932 0
37032 0
37080 0
37125 0
37128 0
37161 0
37174 0
37183 0
37217 0
37240 0
37244 0
37245 0
37381 0
37394 0
37419 0
37457 0
37512 0
37550 0
37805 0
37833 0
37958 0
37977 0
38109 0
38145 0
38146 0
38148 0
38155 0
38212 0
38224 0
38239 0
38263 0
38342 0
38389 0
38416 0
38435 0
38444 0
38447 0
38470 0
38485 0
38503 0
38555 0
38562 0
38582 0
38592 0
38671 0
38697 0
38707 0
38718 0
38749 0
38788 0
38812 0
38901 0
38909 0
38992 0
39161 0
39217 0
39238 0
39288 0
39296 0
39309 0
39410 0
39460 0
39476 0
39483 0
39548 0
39612 0
39679 0
39688 0
39732 0
39863 0
39899 0
39950 0
40069 0
40090 0
40097 0
40112 0
40128 0
40178 0
40192 0
40204 0
40222 0
40274 0
40301 0
40308 0
40330 0
40416 0
40553 0
40556 0
40561 0
40609 0
40610 0
40614 0
40664 0
40736 0
40824 0
40836 0
40853 0
40938 0
40953 0
41002 0
41066 0
41135 0
41235 0
41288 0
41313 0
41368 0
41411 0
41412 0
41420 0
41451 0
41489 0
41496 0
41543 0
41680 0
41735 0
41761 0
41769 0
41787 0
41840 0
41884 0
41935 0
41979 0
42055 0
42072 0
42078 0
42109 0
42120 0
42182 0
42382 0
42401 0
42535 0
42612 0
42620 0
42628 0
42640 0
42704 0
42736 0
42745 0
42771 0
42800 0
42885 0
42898 0
42900 0
42908 0
42988 0
43003 0
43349 0
43466 0
43494 0
43525 0
43723 0
43745 0
43801 0
43878 0
43899 0
43904 0
43972 0
44012 0
44069 0
44142 0
44148 0
44155 0
44186 0
44241 0
44299 0
44359 0
44439 0
44481 0
44511 0
44612 0
44615 0
44706 0
44716 0
44785 0
44962 0
44983 0
45075 0
45110 0
45131 0
45151 0
45185 0
45186 0
45252 0
45296 0
45432 0
45465 0
45480 0
45634 0
45688 0
45721 0
45729 0
45803 0
45942 0
45954 0
45971 0
45975 0
46067 0
46102 0
46145 0
46183 0
46196 0
46281 0
46325 0
46337 0
46368 0
46438 0
46441 0
46493 0
46560 0
46569 0
46808 0
46951 0
47002 0
47015 0
47090 0
47233 0
47262 0
47266 0
47293 0
47315 0
47364 0
47498 0
47501 0
47511 0
47518 0
47656 0
47685 0
47775 0
47779 0
47842 0
47878 0
47897 0
47944 0
47948 0
47978 0
47986 0
48009 0
48015 0
48037 0
48143 0
48182 0
48251 0
48294 0
48374 0
48404 0
48436 0
48549 0
48575 0
48735 0
48738 0
48747 0
48836 0
48851 0
48868 0
48977 0
48987 0
49052 0
49135 0
49148 0
49357 0
49377 0
49386 0
49390 0
49488 0
49533 0
49643 0
49655 0
49751 0
49778 0
49866 0
49973 0
50015 0
50057 0
50066 0
50083 0
50213 0
50317 0
50347 0
50358 0
50364 0
50386 0
50411 0
50438 0
50480 0
50566 0
50569 0
50702 0
50844 0
50884 0
50907 0
50939 0
51004 0
51012 0
51023 0
51119 0
51163 0
51178 0
51191 0
51214 0
51240 0
51243 0
51247 0
51263 0
51297 0
51355 0
51424 0
51464 0
51485 0
51492 0
51658 0
51753 0
51825 0
51842 0
51917 0
52051 0
52102 0
52360 0
52367 0
52375 0
52388 0
52463 0
52464 0
52489 0
52554 0
52585 0
52598 0
52719 0
52743 0
52776 0
52907 0
52909 0
52915 0
52927 0
53043 0
53048 0
53068 0
53106 0
53116 0
53126 0
53156 0
53192 0
53266 0
53289 0
53311 0
53329 0
53458 0
53516 0
53540 0
53559 0
53608 0
53635 0
53664 0
53669 0
53746 0
53804 0
53814 0
53820 0
53839 0
53935 0
53989 0
54141 0
54179 0
54258 0
54297 0
54348 0
54462 0
54472 0
54480 0
54497 0
54555 0
54558 0
54659 0
54747 0
54753 0
54816 0
54828 0
54862 0
54911 0
55035 0
55123 0
55128 0
55222 0
55317 0
55388 0
55428 0
55433 0
55455 0
55537 0
55551 0
55608 0
55668 0
55699 0
55758 0
55794 0
55840 0
55881 0
55919 0
55932 0
55937 0
56002 0
56042 0
56107 0
56112 0
56188 0
56243 0
56507 0
56510 0
56605 0
56612 0
56755 0
56769 0
56812 0
56819 0
56821 0
56923 0
56928 0
56931 0
56964 0
56965 0
56989 0
57010 0
57080 0
57081 0
57119 0
57159 0
57183 0
57200 0
57221 0
57277 0
57316 0
57326 0
57368 0
57427 0
57430 0
57473 0
57561 0
57584 0
57651 0
57664 0
57852 0
57882 0
57883 0
57906 0
57911 0
57922 0
57989 0
58115 0
58144 0
58205 0
58364 0
58372 0
58425 0
58444 0
58485 0
58511 0
58566 0
58571 0
58579 0
58758 0
58804 0
58872 0
58880 0
58897 0
58900 0
58941 0
59055 0
59095 0
59112 0
59184 0
59196 0
59235 0
59272 0
59334 0
59379 0
59435 0
59457 0
59466 0
59474 0
59603 0
59694 0
59717 0
59772 0
59774 0
59806 0
59958 0
59978 0
59998 0
60034 0
60064 0
60070 0
60108 0
60119 0
60132 0
60181 0
60195 0
60311 0
60385 0
60424 0
60425 0
60463 0
60539 0
60585 0
60600 0
60630 0
60642 0
60770 0
60854 0
60873 0
60879 0
60951 0
60966 0
61035 0
61050 0
61122 0
61332 0
61416 0
61534 0
61654 0
61694 0
61774 0
61780 0
61791 0
61805 0
61838 0
61870 0
62029 0
62049 0
62088 0
62156 0
62185 0
62285 0
62291 0
62322 0
62398 0
62463 0
62465 0
62471 0
62476 0
62516 0
62540 0
62570 0
62581 0
62663 0
62688 0
62791 0
62794 0
62833 0
62894 0
62901 0
62911 0
63050 0
63210 0
63229 0
63330 0
63359 0
63397 0
63477 0
63516 0
63544 0
63572 0
63588 0
63603 0
63663 0
63672 0
63793 0
63817 0
63867 0
63963 0
64080 0
64135 0
64140 0
64163 0
64230 0
64316 0
64317 0
64328 0
64441 0
64477 0
64512 0
64531 0
64556 0
64569 0
64604 0
64626 0
64710 0
64795 0
64802 0
64860 0
64882 0
64984 0
64996 0
65033 0
65043 0
65061 0
65119 0
65182 0
65192 0
65223 0
65225 0
65228 0
65362 0
65427 0
65479 0
65483 0
65491 0
65492 0
65493 0
65573 0
65574 0
65618 0
65664 0
65737 0
65794 0
65835 0
65842 0
65857 0
65910 0
65934 0
65952 0
65971 0
66016 0
66022 0
66095 0
66282 0
66369 0
66373 0
66383 0
66507 0
66621 0
66673 0
66792 0
66856 0
66868 0
66881 0
66884 0
66917 0
67029 0
67038 0
67089 0
67266 0
67292 0
67314 0
67359 0
67363 0
67386 0
67464 0
67479 0
67487 0
67529 0
67538 0
67601 0
67644 0
67645 0
67649 0
67662 0
67731 0
67789 0
67809 0
67850 0
67853 0
68000 0
68079 0
68103 0
68110 0
68152 0
68229 0
68255 0
68400 0
68407 0
68413 0
68511 0
68530 0
68578 0
68598 0
68603 0
68612 0
68651 0
68697 0
68719 0
68773 0
68779 0
68920 0
69013 0
69019 0
69060 0
69155 0
69198 0
69230 0
69243 0
69267 0
69291 0
69435 0
69436 0
69519 0
69557 0
69582 0
69756 0
69825 0
69826 0
69839 0
69857 0
69920 0
69943 0
69951 0
69955 0
70004 0
70055 0
70068 0
70161 0
70174 0
70195 0
70207 0
70261 0
70271 0
70397 0
70515 0
70532 0
70559 0
70631 0
70673 0
70710 0
70754 0
70842 0
70984 0
70992 0
70993 0
71022 0
71069 0
71087 0
71104 0
71180 0
71277 0
71351 0
71413 0
71503 0
71593 0
71629 0
71678 0
71694 0
71697 0
71710 0
71724 0
71800 0
71850 0
71856 0
71865 0
71886 0
71919 0
71946 0
72042 0
72044 0
72046 0
72085 0
72138 0
72149 0
72153 0
72196 0
72355 0
72416 0
72471 0
72564 0
72579 0
72622 0
72644 0
72722 0
72770 0
72799 0
72801 0
72889 0
73108 0
73122 0
73164 0
73175 0
73193 0
73224 0
73329 0
73364 0
73405 0
73519 0
73590 0
73629 0
73652 0
73767 0
73803 0
73847 0
73891 0
73934 0
73984 0
74023 0
74059 0
74113 0
74118 0
74259 0
74282 0
74287 0
74334 0
74408 0
74434 0
74441 0
74459 0
74558 0
74660 0
74736 0
74782 0
74908 0
75051 0
75150 0
75195 0
75206 0
75249 0
75322 0
75455 0
75508 0
75584 0
75618 0
75644 0
75686 0
75766 0
75777 0
75782 0
75808 0
75845 0
75878 0
75899 0
75945 0
75998 0
76126 0
76165 0
76409 0
76411 0
76414 0
76428 0
76509 0
76612 0
76653 0
76710 0
76718 0
76726 0
76755 0
76789 0
76831 0
76859 0
76945 0
76952 0
77085 0
77102 0
77103 0
77174 0
77204 0
77238 0
77306 0
77309 0
77311 0
77331 0
77385 0
77476 0
77497 0
77505 0
77559 0
77580 0
77704 0
77708 0
77736 0
77836 0
78050 0
78114 0
78116 0
78225 0
78264 0
78283 0
78319 0
78396 0
78495 0
78527 0
78796 0
78812 0
78869 0
78997 0
79012 0
79024 0
79041 0
79130 0
79220 0
79350 0
79361 0
79584 0
79614 0
79633 0
79685 0
79723 0
79780 0
79799 0
79828 0
79834 0
79838 0
79848 0
79852 0
79909 0
79965 0
79984 0
80037 0
80079 0
80116 0
80223 0
80278 0
80296 0
80327 0
80369 0
80391 0
80443 0
80452 0
80455 0
80528 0
80579 0
80598 0
80641 0
80649 0
80693 0
80795 0
80807 0
80821 0
80879 0
80959 0
81181 0
81279 0
81311 0
81354 0
81380 0
81387 0
81441 0
81444 0
81457 0
81490 0
81582 0
81589 0
81640 0
81661 0
81712 0
81743 0
81744 0
81770 0
81776 0
81790 0
81816 0
81907 0
82114 0
82324 0
82381 0
82423 0
82457 0
82471 0
82483 0
82538 0
82566 0
82575 0
82579 0
82613 0
82615 0
82671 0
82699 0
82734 0
82738 0
82846 0
82893 0
82947 0
83015 0
83032 0
83150 0
83258 0
83388 0
83461 0
83727 0
83740 0
83892 0
83979 0
84021 0
84059 0
84082 0
84207 0
84259 0
84267 0
84270 0
84271 0
84278 0
84328 0
84345 0
84409 0
84524 0
84609 0
84665 0
84705 0
84717 0
84795 0
84928 0
84938 0
84946 0
84980 0
84990 0
85011 0
85046 0
85100 0
85120 0
85130 0
85157 0
85253 0
85327 0
85334 0
85381 0
85424 0
85480 0
85536 0
85538 0
85557 0
85581 0
85630 0
85656 0
85750 0
85870 0
85969 0
85978 0
86025 0
86030 0
86031 0
86066 0
86115 0
86162 0
86178 0
86258 0
86408 0
86462 0
86472 0
86519 0
86525 0
86657 0
86664 0
86777 0
86804 0
86858 0
86968 0
86974 0
87010 0
87039 0
87054 0
87072 0
87102 0
87275 0
87430 0
87434 0
87499 0
87507 0
87569 0
87594 0
87607 0
87609 0
87638 0
87682 0
87716 0
87796 0
87886 0
87943 0
87998 0
88022 0
88121 0
88141 0
88149 0
88195 0
88224 0
88532 0
88637 0
88732 0
88758 0
88777 0
88899 0
88938 0
88967 0
88992 0
89005 0
89044 0
89075 0
89120 0
89123 0
89201 0
89243 0
89244 0
89328 0
89341 0
89348 0
89443 0
89481 0
89550 0
89600 0
89609 0
89642 0
89728 0
90000 0
90024 0
90079 0
90102 0
90106 0
90149 0
90168 0
90204 0
90247 0
90253 0
90337 0
90384 0
90426 0
90462 0
90471 0
90625 0
90685 0
90706 0
90745 0
90768 0
90799 0
90986 0
90989 0
90994 0
91052 0
91258 0
91321 0
91356 0
91374 0
91378 0
91457 0
91490 0
91503 0
91542 0
91565 0
91606 0
91690 0
91823 0
91869 0
91981 0
92021 0
92139 0
92170 0
92228 0
92547 0
92562 0
92614 0
92691 0
92755 0
92797 0
92811 0
92816 0
92863 0
92920 0
92946 0
92960 0
92990 0
93057 0
93104 0
93143 0
93201 0
93217 0
93262 0
93266 0
93329 0
93354 0
93439 0
93453 0
93455 0
93458 0
93479 0
93505 0
93524 0
93588 0
93613 0
93663 0
93681 0
93704 0
93736 0
93764 0
93815 0
93830 0
93844 0
93850 0
93858 0
93916 0
93919 0
94111 0
94171 0
94192 0
94231 0
94246 0
94275 0
94318 0
94321 0
94347 0
94366 0
94402 0
94454 0
94473 0
94581 0
94756 0
95017 0
95074 0
95093 0
95101 0
95108 0
95113 0
95328 0
95331 0
95344 0
95411 0
95458 0
95493 0
95501 0
95517 0
95656 0
95670 0
95682 0
95787 0
95794 0
95809 0
95838 0
96011 0
96139 0
96281 0
96316 0
96369 0
96384 0
96438 0
96439 0
96499 0
96559 0
96726 0
96823 0
96949 0
96971 0
97264 0
97285 0
97286 0
97318 0
97329 0
97367 0
97423 0
97427 0
97486 0
97501 0
97505 0
97529 0
97594 0
97693 0
97731 0
97759 0
97869 0
97871 0
97898 0
97966 0
97984 0
97986 0
98024 0
98083 0
98184 0
98186 0
98255 0
98371 0
98418 0
98467 0
98490 0
98493 0
98687 0
98703 0
98776 0
98805 0
98827 0
98902 0
99012 0
99013 0
99046 0
99175 0
99242 0
99301 0
99441 0
99474 0
99531 0
99552 0
99566 0
99600 0
99712 0
99721 0
99794 0
99800 0
99808 0
99820 0
99830 0
99876 0
99879 0
99889 0
99899 0
99942 0
99969 0
99974 0
99981 0
