c This is a uniform distributed  1-D DIMACS file 
c width height point_number
p 100000 100000 2048
13 0
97 0
223 0
252 0
289 0
295 0
301 0
347 0
383 0
481 0
542 0
610 0
699 0
883 0
915 0
957 0
999 0
1035 0
1093 0
1149 0
1186 0
1204 0
1222 0
1238 0
1244 0
1285 0
1306 0
1323 0
1351 0
1359 0
1404 0
1483 0
1533 0
1571 0
1638 0
1726 0
1740 0
1753 0
1755 0
1993 0
2043 0
2189 0
2191 0
2286 0
2294 0
2311 0
2432 0
2522 0
2561 0
2587 0
2607 0
2662 0
2663 0
2717 0
2790 0
2906 0
3027 0
3031 0
3072 0
3235 0
3474 0
3502 0
3538 0
3548 0
3552 0
3593 0
3655 0
3681 0
3687 0
3797 0
3868 0
3869 0
3895 0
3903 0
3921 0
3965 0
3989 0
4004 0
4173 0
4220 0
4250 0
4431 0
4454 0
4525 0
4563 0
4689 0
4779 0
4872 0
4919 0
4951 0
4961 0
5138 0
5188 0
5194 0
5310 0
5371 0
5406 0
5423 0
5512 0
5534 0
5571 0
5665 0
5778 0
5818 0
5832 0
5848 0
5907 0
6066 0
6094 0
6186 0
6242 0
6249 0
6449 0
6455 0
6459 0
6607 0
6684 0
6705 0
6710 0
6714 0
6945 0
6952 0
6998 0
7000 0
7202 0
7236 0
7245 0
7353 0
7424 0
7460 0
7466 0
7619 0
7688 0
7761 0
7863 0
7947 0
8141 0
8175 0
8212 0
8214 0
8334 0
8338 0
8348 0
8364 0
8462 0
8484 0
8568 0
8632 0
8640 0
8678 0
8772 0
8782 0
8798 0
8862 0
8873 0
8903 0
9109 0
9141 0
9157 0
9232 0
9236 0
9263 0
9276 0
9334 0
9335 0
9342 0
9394 0
9485 0
9503 0
9521 0
9551 0
9631 0
9632 0
9708 0
9729 0
9748 0
9749 0
9768 0
9832 0
9846 0
9849 0
9883 0
9939 0
9972 0
10023 0
10178 0
10234 0
10262 0
10290 0
10337 0
10367 0
10429 0
10472 0
10474 0
10495 0
10550 0
10565 0
10596 0
10604 0
10606 0
10701 0
10732 0
10787 0
10793 0
10882 0
10891 0
10959 0
10977 0
10980 0
11028 0
11059 0
11092 0
11272 0
11293 0
11322 0
11323 0
11438 0
11440 0
11472 0
11558 0
11614 0
11620 0
11673 0
11696 0
11746 0
11784 0
11787 0
11792 0
11802 0
11813 0
11837 0
11846 0
11855 0
11880 0
11909 0
12007 0
12146 0
12159 0
12170 0
12196 0
12232 0
12281 0
12434 0
12479 0
12544 0
12546 0
12583 0
12617 0
12619 0
12646 0
12653 0
12694 0
12777 0
12927 0
12991 0
13014 0
13085 0
13178 0
13203 0
13251 0
13257 0
13290 0
13350 0
13361 0
13426 0
13440 0
13608 0
13609 0
13625 0
13652 0
13660 0
13673 0
13744 0
13853 0
13862 0
13871 0
13974 0
13990 0
14017 0
14060 0
14078 0
14122 0
14168 0
14350 0
14353 0
14367 0
14443 0
14493 0
14508 0
14536 0
14569 0
14681 0
14760 0
14794 0
14821 0
14834 0
14841 0
14875 0
14893 0
14925 0
15001 0
15019 0
15206 0
15325 0
15384 0
15393 0
15415 0
15476 0
15532 0
15624 0
15761 0
15778 0
15807 0
15820 0
15864 0
15873 0
15883 0
15934 0
15994 0
16055 0
16063 0
16146 0
16150 0
16202 0
16260 0
16317 0
16322 0
16347 0
16432 0
16642 0
16647 0
16717 0
16745 0
16861 0
16862 0
16876 0
16913 0
16940 0
16971 0
17043 0
17193 0
17204 0
17269 0
17282 0
17367 0
17406 0
17454 0
17516 0
17588 0
17606 0
17676 0
17735 0
17736 0
17841 0
17930 0
17981 0
17995 0
18069 0
18081 0
18210 0
18252 0
18278 0
18308 0
18386 0
18387 0
18455 0
18513 0
18521 0
18540 0
18595 0
18635 0
18652 0
18675 0
18746 0
18753 0
18761 0
18873 0
18877 0
18925 0
18930 0
19055 0
19164 0
19201 0
19247 0
19265 0
19577 0
19584 0
19637 0
19652 0
19683 0
19692 0
19696 0
19829 0
19847 0
19855 0
19865 0
19980 0
20005 0
20076 0
20079 0
20163 0
20181 0
20236 0
20307 0
20323 0
20396 0
20434 0
20504 0
20624 0
20666 0
20691 0
20735 0
20827 0
20856 0
20875 0
20989 0
21010 0
21021 0
21067 0
21092 0
21113 0
21239 0
21244 0
21331 0
21365 0
21374 0
21416 0
21460 0
21495 0
21572 0
21583 0
21689 0
21741 0
21792 0
21834 0
22065 0
22149 0
22192 0
22199 0
22204 0
22212 0
22310 0
22325 0
22328 0
22395 0
22401 0
22498 0
22517 0
22531 0
22595 0
22679 0
22700 0
22734 0
22782 0
22790 0
22851 0
22856 0
22918 0
22955 0
23005 0
23010 0
23093 0
23243 0
23255 0
23286 0
23369 0
23384 0
23433 0
23489 0
23545 0
23594 0
23617 0
23637 0
23639 0
23651 0
23702 0
23713 0
23812 0
23831 0
23927 0
23955 0
24040 0
24112 0
24150 0
24166 0
24185 0
24195 0
24233 0
24251 0
24272 0
24304 0
24335 0
24338 0
24374 0
24521 0
24559 0
24565 0
24582 0
24633 0
24691 0
24729 0
24781 0
24844 0
24938 0
24939 0
24952 0
25054 0
25092 0
25129 0
25262 0
25275 0
25301 0
25310 0
25356 0
25443 0
25559 0
25561 0
25564 0
25640 0
25687 0
25734 0
25741 0
25987 0
25996 0
26145 0
26165 0
26197 0
26235 0
26285 0
26325 0
26337 0
26478 0
26506 0
26540 0
26594 0
26666 0
26909 0
27043 0
27046 0
27053 0
27222 0
27229 0
27282 0
27304 0
27321 0
27374 0
27384 0
27529 0
27593 0
27606 0
27626 0
27645 0
27666 0
27670 0
27685 0
27722 0
27724 0
27746 0
27763 0
27894 0
27922 0
28015 0
28049 0
28074 0
28174 0
28180 0
28185 0
28204 0
28268 0
28323 0
28415 0
28448 0
28626 0
28657 0
28668 0
28675 0
28748 0
28771 0
28817 0
28852 0
28876 0
28928 0
28990 0
28991 0
29017 0
29033 0
29035 0
29038 0
29067 0
29107 0
29175 0
29307 0
29311 0
29408 0
29465 0
29475 0
29487 0
29489 0
29498 0
29557 0
29670 0
29747 0
29756 0
29870 0
29905 0
30025 0
30027 0
30032 0
30051 0
30090 0
30138 0
30298 0
30483 0
30500 0
30513 0
30660 0
30709 0
30732 0
30798 0
30968 0
31015 0
31045 0
31065 0
31176 0
31236 0
31238 0
31245 0
31472 0
31635 0
31726 0
31768 0
31770 0
31853 0
31888 0
31899 0
31919 0
32078 0
32106 0
32163 0
32228 0
32275 0
32295 0
32304 0
32323 0
32365 0
32396 0
32435 0
32456 0
32472 0
32503 0
32644 0
32656 0
32765 0
32771 0
32832 0
32861 0
32905 0
32907 0
32908 0
32918 0
33000 0
33029 0
33032 0
33060 0
33066 0
33073 0
33144 0
33175 0
33189 0
33282 0
33285 0
33308 0
33315 0
33415 0
33421 0
33422 0
33479 0
33535 0
33614 0
33764 0
33772 0
33787 0
33815 0
33861 0
33951 0
33970 0
33975 0
34027 0
34039 0
34103 0
34114 0
34127 0
34137 0
34199 0
34212 0
34264 0
34269 0
34307 0
34395 0
34477 0
34487 0
34512 0
34578 0
34763 0
34767 0
34769 0
34773 0
34789 0
34800 0
34878 0
34902 0
35055 0
35075 0
35156 0
35172 0
35180 0
35419 0
35472 0
35589 0
35597 0
35630 0
35641 0
35697 0
35728 0
35779 0
35959 0
35982 0
36156 0
36362 0
36416 0
36468 0
36505 0
36549 0
36557 0
36661 0
36662 0
36737 0
36742 0
36759 0
36764 0
36770 0
36818 0
36882 0
36900 0
36920 0
37033 0
37111 0
37120 0
37148 0
37369 0
37446 0
37504 0
37506 0
37548 0
37565 0
37569 0
37582 0
37591 0
37610 0
37640 0
37702 0
37738 0
37805 0
37993 0
38058 0
38090 0
38146 0
38170 0
38191 0
38227 0
38241 0
38266 0
38281 0
38379 0
38466 0
38497 0
38723 0
38827 0
38918 0
38943 0
38956 0
38980 0
38997 0
39002 0
39072 0
39074 0
39077 0
39155 0
39158 0
39200 0
39241 0
39331 0
39340 0
39393 0
39432 0
39456 0
39462 0
39486 0
39530 0
39578 0
39614 0
39685 0
39774 0
39807 0
39812 0
39894 0
39912 0
39963 0
39975 0
40102 0
40183 0
40245 0
40336 0
40342 0
40393 0
40399 0
40426 0
40430 0
40444 0
40532 0
40587 0
40651 0
40664 0
40679 0
40685 0
40778 0
40781 0
40785 0
40862 0
41121 0
41179 0
41202 0
41232 0
41288 0
41334 0
41425 0
41489 0
41540 0
41656 0
41680 0
41736 0
41797 0
41816 0
41823 0
41858 0
41946 0
42040 0
42075 0
42079 0
42081 0
42205 0
42212 0
42289 0
42332 0
42345 0
42508 0
42562 0
42566 0
42602 0
42625 0
42707 0
42734 0
42736 0
42766 0
42783 0
42796 0
42799 0
42802 0
42832 0
42850 0
42896 0
42908 0
42961 0
43011 0
43020 0
43039 0
43070 0
43097 0
43149 0
43407 0
43437 0
43463 0
43511 0
43534 0
43683 0
43712 0
43774 0
43813 0
43863 0
43889 0
43973 0
44018 0
44087 0
44111 0
44246 0
44261 0
44263 0
44283 0
44365 0
44379 0
44383 0
44404 0
44436 0
44440 0
44476 0
44571 0
44593 0
44595 0
44612 0
44613 0
44625 0
44675 0
44697 0
44719 0
44750 0
44786 0
44794 0
44827 0
44904 0
44908 0
44935 0
44992 0
44999 0
45040 0
45046 0
45222 0
45280 0
45291 0
45311 0
45317 0
45365 0
45408 0
45425 0
45444 0
45534 0
45561 0
45677 0
45774 0
45955 0
46007 0
46023 0
46079 0
46102 0
46144 0
46147 0
46208 0
46274 0
46351 0
46450 0
46581 0
46714 0
46813 0
46828 0
46914 0
47030 0
47042 0
47128 0
47133 0
47165 0
47201 0
47209 0
47316 0
47409 0
47461 0
47511 0
47581 0
47639 0
47665 0
47699 0
47730 0
47760 0
47784 0
47808 0
47840 0
47942 0
47952 0
48015 0
48056 0
48070 0
48119 0
48150 0
48300 0
48319 0
48337 0
48435 0
48506 0
48651 0
48678 0
48683 0
48706 0
48764 0
48823 0
48936 0
48948 0
48954 0
48982 0
48988 0
49108 0
49180 0
49209 0
49325 0
49329 0
49359 0
49367 0
49457 0
49466 0
49473 0
49475 0
49504 0
49547 0
49623 0
49632 0
49655 0
49756 0
49758 0
49883 0
49894 0
49895 0
49918 0
49928 0
49950 0
49957 0
49985 0
49988 0
50158 0
50192 0
50203 0
50321 0
50345 0
50349 0
50364 0
50456 0
50507 0
50527 0
50534 0
50609 0
50630 0
50656 0
50673 0
50739 0
50756 0
50786 0
50819 0
50859 0
50883 0
50912 0
50918 0
51024 0
51121 0
51156 0
51167 0
51219 0
51269 0
51278 0
51302 0
51303 0
51351 0
51364 0
51431 0
51438 0
51443 0
51565 0
51603 0
51671 0
51689 0
51694 0
51730 0
51772 0
51823 0
51886 0
52001 0
52025 0
52107 0
52128 0
52137 0
52277 0
52318 0
52464 0
52470 0
52597 0
52643 0
52644 0
52650 0
52681 0
52728 0
52785 0
52806 0
52832 0
52911 0
52938 0
52992 0
53014 0
53119 0
53129 0
53162 0
53224 0
53274 0
53293 0
53319 0
53357 0
53363 0
53398 0
53403 0
53435 0
53675 0
53702 0
53749 0
53758 0
53766 0
53880 0
53979 0
54164 0
54205 0
54247 0
54261 0
54263 0
54264 0
54272 0
54347 0
54355 0
54505 0
54506 0
54575 0
54579 0
54628 0
54703 0
54760 0
54861 0
54963 0
55029 0
55077 0
55109 0
55164 0
55171 0
55243 0
55290 0
55312 0
55346 0
55379 0
55387 0
55388 0
55407 0
55459 0
55504 0
55548 0
55622 0
55667 0
55682 0
55760 0
55855 0
55857 0
55861 0
55879 0
55965 0
56019 0
56075 0
56118 0
56179 0
56184 0
56280 0
56356 0
56384 0
56390 0
56463 0
56521 0
56523 0
56592 0
56609 0
56617 0
56636 0
56665 0
56669 0
56682 0
56697 0
56701 0
56790 0
56812 0
56885 0
56961 0
56964 0
56981 0
56996 0
56998 0
57058 0
57069 0
57098 0
57265 0
57277 0
57322 0
57381 0
57479 0
57538 0
57549 0
57555 0
57572 0
57589 0
57603 0
57649 0
57705 0
57727 0
57851 0
57940 0
57949 0
58016 0
58112 0
58254 0
58300 0
58324 0
58363 0
58375 0
58430 0
58457 0
58463 0
58511 0
58528 0
58540 0
58608 0
58716 0
58843 0
58931 0
58954 0
59130 0
59186 0
59188 0
59315 0
59474 0
59550 0
59590 0
59638 0
59651 0
59665 0
59790 0
59823 0
59904 0
59923 0
59924 0
59934 0
59983 0
60027 0
60053 0
60161 0
60174 0
60218 0
60246 0
60321 0
60352 0
60358 0
60363 0
60411 0
60478 0
60602 0
60678 0
60700 0
60778 0
60864 0
61034 0
61057 0
61067 0
61104 0
61145 0
61175 0
61180 0
61286 0
61374 0
61439 0
61470 0
61530 0
61547 0
61572 0
61607 0
61664 0
61707 0
61723 0
61739 0
61753 0
61828 0
61863 0
61911 0
61957 0
61975 0
62021 0
62099 0
62120 0
62211 0
62241 0
62244 0
62263 0
62271 0
62297 0
62381 0
62421 0
62446 0
62490 0
62553 0
62569 0
62588 0
62673 0
62699 0
62732 0
62801 0
62885 0
62932 0
62935 0
62949 0
62950 0
63081 0
63115 0
63133 0
63202 0
63286 0
63358 0
63384 0
63430 0
63534 0
63535 0
63549 0
63571 0
63645 0
63649 0
63679 0
63786 0
63803 0
63805 0
63811 0
63814 0
63925 0
64137 0
64189 0
64242 0
64256 0
64300 0
64602 0
64688 0
64736 0
64739 0
64913 0
65033 0
65188 0
65263 0
65315 0
65319 0
65427 0
65460 0
65481 0
65616 0
65706 0
65727 0
65815 0
65856 0
65860 0
65950 0
65958 0
65969 0
65998 0
66008 0
66086 0
66092 0
66108 0
66150 0
66160 0
66356 0
66363 0
66454 0
66472 0
66595 0
66614 0
66618 0
66619 0
66622 0
66641 0
66671 0
66732 0
66742 0
66797 0
66889 0
66990 0
67042 0
67054 0
67100 0
67160 0
67183 0
67209 0
67232 0
67273 0
67296 0
67313 0
67342 0
67343 0
67428 0
67664 0
67693 0
67701 0
67724 0
67735 0
67820 0
67864 0
67883 0
67941 0
68021 0
68079 0
68080 0
68101 0
68118 0
68180 0
68256 0
68285 0
68364 0
68382 0
68424 0
68503 0
68510 0
68524 0
68598 0
68669 0
68731 0
68783 0
68800 0
68859 0
68908 0
68910 0
68969 0
68988 0
69072 0
69095 0
69194 0
69248 0
69295 0
69313 0
69366 0
69392 0
69429 0
69457 0
69525 0
69608 0
69676 0
69706 0
69768 0
69772 0
69883 0
69931 0
69941 0
69956 0
69990 0
70025 0
70109 0
70113 0
70115 0
70122 0
70128 0
70194 0
70256 0
70280 0
70292 0
70313 0
70393 0
70429 0
70434 0
70437 0
70473 0
70585 0
70606 0
70729 0
70739 0
70824 0
70839 0
70936 0
70983 0
71127 0
71166 0
71204 0
71323 0
71337 0
71350 0
71601 0
71615 0
71909 0
71983 0
72092 0
72112 0
72157 0
72196 0
72293 0
72383 0
72408 0
72584 0
72655 0
72664 0
72676 0
72721 0
72734 0
72749 0
72922 0
72933 0
72960 0
73009 0
73058 0
73112 0
73121 0
73141 0
73159 0
73247 0
73288 0
73324 0
73361 0
73375 0
73427 0
73456 0
73463 0
73591 0
73733 0
73785 0
73822 0
73839 0
73872 0
74096 0
74104 0
74125 0
74295 0
74306 0
74308 0
74326 0
74378 0
74420 0
74467 0
74535 0
74549 0
74558 0
74559 0
74625 0
74639 0
74721 0
74759 0
74836 0
74869 0
75029 0
75079 0
75087 0
75093 0
75285 0
75313 0
75427 0
75447 0
75637 0
75763 0
75855 0
75903 0
75977 0
75984 0
75986 0
76007 0
76008 0
76009 0
76062 0
76105 0
76207 0
76211 0
76286 0
76336 0
76337 0
76414 0
76468 0
76528 0
76729 0
76790 0
76817 0
76943 0
77042 0
77123 0
77125 0
77161 0
77187 0
77320 0
77324 0
77353 0
77466 0
77501 0
77554 0
77586 0
77634 0
77688 0
77710 0
77756 0
77825 0
77837 0
77874 0
77906 0
77914 0
78185 0
78201 0
78209 0
78238 0
78379 0
78384 0
78394 0
78404 0
78432 0
78571 0
78683 0
78689 0
78712 0
78719 0
78752 0
78788 0
78834 0
78841 0
78921 0
78955 0
78962 0
79013 0
79111 0
79160 0
79169 0
79174 0
79188 0
79193 0
79199 0
79309 0
79343 0
79350 0
79361 0
79414 0
79475 0
79506 0
79540 0
79543 0
79545 0
79606 0
79648 0
79680 0
79769 0
79823 0
79844 0
79869 0
79885 0
79917 0
79945 0
79950 0
79968 0
80048 0
80079 0
80094 0
80112 0
80146 0
80210 0
80230 0
80261 0
80303 0
80387 0
80392 0
80472 0
80505 0
80564 0
80657 0
80660 0
80707 0
80740 0
80783 0
80797 0
80820 0
80845 0
80852 0
80955 0
81051 0
81071 0
81104 0
81135 0
81161 0
81165 0
81229 0
81443 0
81501 0
81527 0
81568 0
81639 0
81640 0
81647 0
81651 0
81710 0
81727 0
81750 0
81856 0
81895 0
81925 0
81993 0
82116 0
82132 0
82226 0
82254 0
82280 0
82380 0
82391 0
82481 0
82519 0
82599 0
82641 0
82698 0
82759 0
82896 0
82991 0
83033 0
83086 0
83107 0
83121 0
83156 0
83183 0
83207 0
83222 0
83343 0
83568 0
83579 0
83626 0
83654 0
83743 0
83746 0
83875 0
83998 0
84047 0
84054 0
84058 0
84121 0
84144 0
84159 0
84230 0
84358 0
84377 0
84381 0
84391 0
84404 0
84494 0
84526 0
84544 0
84555 0
84595 0
84609 0
84665 0
84700 0
84736 0
84837 0
84852 0
84918 0
84927 0
84985 0
85067 0
85110 0
85128 0
85173 0
85208 0
85218 0
85231 0
85269 0
85353 0
85361 0
85373 0
85417 0
85476 0
85608 0
85614 0
85678 0
85695 0
85716 0
85755 0
85764 0
85811 0
85819 0
85941 0
85972 0
86032 0
86064 0
86088 0
86145 0
86167 0
86344 0
86376 0
86457 0
86463 0
86516 0
86550 0
86748 0
86752 0
86803 0
86880 0
86934 0
86936 0
86940 0
87002 0
87090 0
87101 0
87188 0
87193 0
87251 0
87500 0
87508 0
87576 0
87841 0
87864 0
87888 0
87892 0
87894 0
87929 0
88035 0
88038 0
88059 0
88079 0
88134 0
88164 0
88174 0
88245 0
88296 0
88552 0
88583 0
88620 0
88625 0
88629 0
88831 0
88920 0
88991 0
89001 0
89060 0
89074 0
89106 0
89166 0
89230 0
89256 0
89308 0
89380 0
89424 0
89425 0
89447 0
89490 0
89501 0
89506 0
89577 0
89691 0
89698 0
89701 0
89713 0
89719 0
89755 0
89765 0
89795 0
89835 0
89995 0
90051 0
90258 0
90340 0
90418 0
90475 0
90519 0
90635 0
90677 0
90822 0
90823 0
90829 0
90835 0
90898 0
90912 0
90914 0
90986 0
91037 0
91104 0
91108 0
91126 0
91156 0
91193 0
91234 0
91282 0
91314 0
91359 0
91365 0
91396 0
91404 0
91423 0
91432 0
91502 0
91528 0
91537 0
91549 0
91570 0
91572 0
91592 0
91722 0
91732 0
91735 0
91791 0
91825 0
91835 0
91939 0
91940 0
92061 0
92068 0
92121 0
92123 0
92169 0
92172 0
92260 0
92335 0
92347 0
92380 0
92400 0
92489 0
92551 0
92595 0
92669 0
92675 0
92786 0
92833 0
92851 0
92870 0
92871 0
92892 0
92900 0
92961 0
92969 0
93020 0
93046 0
93125 0
93149 0
93185 0
93344 0
93406 0
93447 0
93479 0
93612 0
93626 0
93718 0
93786 0
93806 0
93840 0
93939 0
93977 0
94009 0
94085 0
94283 0
94453 0
94465 0
94505 0
94537 0
94627 0
94639 0
94662 0
94736 0
94754 0
94807 0
94885 0
94908 0
94930 0
94974 0
95038 0
95057 0
95094 0
95112 0
95144 0
95149 0
95196 0
95291 0
95304 0
95361 0
95369 0
95394 0
95455 0
95463 0
95546 0
95553 0
95557 0
95576 0
95697 0
95749 0
95772 0
95800 0
95863 0
95876 0
95883 0
96119 0
96149 0
96175 0
96245 0
96276 0
96370 0
96436 0
96440 0
96470 0
96626 0
96694 0
96795 0
96827 0
96845 0
96889 0
96892 0
96960 0
97043 0
97044 0
97120 0
97134 0
97155 0
97165 0
97186 0
97288 0
97347 0
97349 0
97625 0
97676 0
97893 0
97946 0
97951 0
98114 0
98135 0
98292 0
98320 0
98327 0
98339 0
98450 0
98459 0
98472 0
98568 0
98615 0
98659 0
98674 0
98680 0
98709 0
98739 0
98743 0
98800 0
98818 0
98824 0
98892 0
98896 0
98907 0
98940 0
98969 0
98992 0
99028 0
99164 0
99198 0
99382 0
99405 0
99418 0
99456 0
99512 0
99515 0
99537 0
99595 0
99645 0
99679 0
99704 0
99813 0
99880 0
99925 0
99951 0
