c This is a uniform distributed  1-D DIMACS file 
c width height point_number
p 100000 100000 2048
66 0
71 0
241 0
285 0
301 0
376 0
590 0
608 0
648 0
688 0
880 0
979 0
990 0
1124 0
1510 0
1519 0
1532 0
1558 0
1636 0
1798 0
1807 0
1876 0
1963 0
2063 0
2080 0
2094 0
2115 0
2125 0
2140 0
2178 0
2179 0
2205 0
2221 0
2222 0
2236 0
2259 0
2276 0
2278 0
2296 0
2299 0
2304 0
2371 0
2560 0
2566 0
2592 0
2594 0
2599 0
2621 0
2657 0
2797 0
2804 0
2811 0
2918 0
2933 0
2954 0
2993 0
3039 0
3141 0
3146 0
3247 0
3371 0
3373 0
3416 0
3421 0
3448 0
3513 0
3554 0
3620 0
3716 0
3767 0
3911 0
3912 0
3917 0
3928 0
3950 0
3968 0
4010 0
4011 0
4021 0
4045 0
4201 0
4211 0
4232 0
4258 0
4261 0
4276 0
4285 0
4362 0
4444 0
4594 0
4696 0
4705 0
4742 0
4753 0
4793 0
4808 0
4842 0
4928 0
4961 0
5103 0
5159 0
5222 0
5231 0
5241 0
5364 0
5401 0
5430 0
5433 0
5434 0
5485 0
5500 0
5515 0
5545 0
5547 0
5578 0
5655 0
5660 0
5678 0
5893 0
5979 0
6073 0
6123 0
6128 0
6189 0
6241 0
6342 0
6401 0
6502 0
6570 0
6574 0
6740 0
6817 0
6821 0
6834 0
6945 0
7022 0
7068 0
7072 0
7074 0
7080 0
7119 0
7155 0
7328 0
7364 0
7385 0
7416 0
7417 0
7465 0
7515 0
7545 0
7733 0
7743 0
7760 0
7778 0
7826 0
7889 0
7938 0
8002 0
8035 0
8266 0
8282 0
8328 0
8391 0
8405 0
8431 0
8437 0
8456 0
8550 0
8583 0
8616 0
8689 0
8733 0
8749 0
8813 0
8922 0
9019 0
9036 0
9040 0
9075 0
9231 0
9287 0
9350 0
9372 0
9377 0
9422 0
9469 0
9476 0
9477 0
9541 0
9543 0
9581 0
9666 0
9746 0
9754 0
9828 0
9912 0
9919 0
10031 0
10092 0
10130 0
10179 0
10205 0
10252 0
10290 0
10308 0
10324 0
10336 0
10446 0
10593 0
10600 0
10748 0
10776 0
10814 0
10847 0
11077 0
11144 0
11156 0
11175 0
11204 0
11296 0
11359 0
11360 0
11437 0
11463 0
11525 0
11579 0
11590 0
11593 0
11657 0
11745 0
11751 0
11791 0
11963 0
11998 0
12033 0
12108 0
12111 0
12134 0
12183 0
12187 0
12233 0
12264 0
12274 0
12360 0
12364 0
12392 0
12422 0
12459 0
12473 0
12578 0
12615 0
12654 0
12749 0
12769 0
12806 0
12906 0
12910 0
13117 0
13165 0
13238 0
13258 0
13274 0
13304 0
13332 0
13342 0
13372 0
13373 0
13406 0
13432 0
13433 0
13475 0
13490 0
13493 0
13499 0
13509 0
13595 0
13660 0
13689 0
13724 0
13798 0
13857 0
13866 0
13937 0
13969 0
14011 0
14041 0
14042 0
14059 0
14088 0
14104 0
14154 0
14258 0
14321 0
14347 0
14421 0
14470 0
14502 0
14634 0
14635 0
14638 0
14665 0
14684 0
14718 0
14745 0
14761 0
14783 0
14826 0
14847 0
14886 0
14936 0
14950 0
15145 0
15173 0
15180 0
15261 0
15359 0
15362 0
15373 0
15477 0
15508 0
15517 0
15518 0
15540 0
15581 0
15659 0
15785 0
15853 0
15899 0
15911 0
16055 0
16119 0
16129 0
16252 0
16287 0
16354 0
16431 0
16440 0
16505 0
16524 0
16695 0
16838 0
16919 0
16962 0
16978 0
17005 0
17011 0
17034 0
17122 0
17125 0
17170 0
17260 0
17360 0
17373 0
17438 0
17458 0
17485 0
17497 0
17624 0
17762 0
17797 0
17829 0
17830 0
17848 0
17874 0
17938 0
17960 0
18028 0
18029 0
18048 0
18054 0
18194 0
18260 0
18270 0
18412 0
18426 0
18441 0
18539 0
18550 0
18564 0
18638 0
18690 0
18703 0
18753 0
18801 0
18860 0
19085 0
19131 0
19275 0
19525 0
19539 0
19580 0
19737 0
19842 0
19880 0
19888 0
19944 0
19963 0
20008 0
20087 0
20099 0
20107 0
20233 0
20266 0
20317 0
20321 0
20327 0
20333 0
20350 0
20384 0
20421 0
20451 0
20591 0
20646 0
20685 0
20703 0
20789 0
20842 0
20855 0
20937 0
21021 0
21040 0
21120 0
21241 0
21387 0
21450 0
21504 0
21505 0
21574 0
21597 0
21637 0
21654 0
21703 0
21742 0
21811 0
21925 0
21969 0
21988 0
22155 0
22177 0
22183 0
22213 0
22225 0
22275 0
22285 0
22389 0
22485 0
22526 0
22584 0
22589 0
22607 0
22674 0
22755 0
22756 0
22799 0
22825 0
22876 0
22911 0
23019 0
23057 0
23113 0
23135 0
23162 0
23180 0
23194 0
23205 0
23214 0
23227 0
23301 0
23334 0
23426 0
23460 0
23558 0
23588 0
23591 0
23618 0
23750 0
23776 0
23808 0
23890 0
23928 0
23979 0
24087 0
24118 0
24130 0
24157 0
24186 0
24252 0
24284 0
24308 0
24470 0
24507 0
24676 0
24721 0
24742 0
24770 0
24831 0
24860 0
25022 0
25047 0
25089 0
25155 0
25230 0
25237 0
25372 0
25399 0
25419 0
25456 0
25479 0
25518 0
25561 0
25686 0
25705 0
25740 0
25761 0
25766 0
25804 0
25810 0
25828 0
25946 0
25986 0
26029 0
26131 0
26198 0
26219 0
26265 0
26271 0
26274 0
26349 0
26391 0
26463 0
26542 0
26545 0
26566 0
26584 0
26659 0
26673 0
26695 0
26705 0
26735 0
26746 0
26905 0
26915 0
26939 0
27003 0
27083 0
27277 0
27289 0
27342 0
27360 0
27459 0
27524 0
27760 0
27808 0
27850 0
27916 0
27934 0
28043 0
28066 0
28101 0
28164 0
28177 0
28195 0
28222 0
28254 0
28262 0
28263 0
28284 0
28352 0
28431 0
28469 0
28502 0
28510 0
28579 0
28583 0
28601 0
28616 0
28755 0
28762 0
28941 0
29000 0
29013 0
29112 0
29139 0
29166 0
29186 0
29210 0
29225 0
29314 0
29324 0
29325 0
29331 0
29336 0
29355 0
29366 0
29381 0
29387 0
29393 0
29481 0
29508 0
29557 0
29617 0
29628 0
29709 0
29817 0
29857 0
29890 0
29912 0
29953 0
30003 0
30008 0
30159 0
30165 0
30172 0
30195 0
30198 0
30245 0
30247 0
30261 0
30363 0
30390 0
30458 0
30484 0
30490 0
30495 0
30503 0
30619 0
30636 0
30669 0
30762 0
30919 0
30927 0
30996 0
31007 0
31013 0
31048 0
31061 0
31084 0
31086 0
31196 0
31213 0
31226 0
31252 0
31276 0
31348 0
31439 0
31580 0
31630 0
31669 0
31710 0
31721 0
31790 0
31835 0
31955 0
31982 0
32002 0
32039 0
32076 0
32111 0
32167 0
32180 0
32220 0
32221 0
32222 0
32255 0
32270 0
32276 0
32335 0
32376 0
32570 0
32595 0
32603 0
32665 0
32708 0
32780 0
32856 0
32916 0
33060 0
33117 0
33150 0
33186 0
33213 0
33219 0
33228 0
33398 0
33400 0
33419 0
33543 0
33544 0
33614 0
33670 0
33688 0
33800 0
33802 0
33876 0
33909 0
33968 0
34033 0
34042 0
34051 0
34072 0
34204 0
34215 0
34227 0
34272 0
34289 0
34417 0
34454 0
34635 0
34788 0
34789 0
34976 0
35016 0
35047 0
35128 0
35138 0
35156 0
35166 0
35264 0
35266 0
35344 0
35352 0
35407 0
35433 0
35508 0
35519 0
35709 0
35744 0
35758 0
35803 0
35903 0
35953 0
36006 0
36009 0
36052 0
36090 0
36171 0
36182 0
36223 0
36229 0
36260 0
36348 0
36364 0
36387 0
36518 0
36557 0
36629 0
36672 0
36853 0
36868 0
36921 0
36923 0
36924 0
36949 0
36963 0
37099 0
37102 0
37149 0
37153 0
37168 0
37237 0
37347 0
37349 0
37442 0
37476 0
37489 0
37564 0
37575 0
37604 0
37615 0
37638 0
37676 0
37677 0
37753 0
37817 0
37835 0
37854 0
37881 0
37956 0
38016 0
38129 0
38170 0
38183 0
38198 0
38315 0
38425 0
38434 0
38442 0
38444 0
38503 0
38529 0
38561 0
38683 0
38729 0
38831 0
38869 0
38910 0
38984 0
39015 0
39035 0
39077 0
39142 0
39152 0
39214 0
39238 0
39259 0
39373 0
39378 0
39418 0
39442 0
39469 0
39628 0
39685 0
39763 0
39777 0
39804 0
39899 0
39912 0
40025 0
40028 0
40065 0
40070 0
40080 0
40084 0
40134 0
40183 0
40208 0
40299 0
40353 0
40364 0
40586 0
40632 0
40660 0
40755 0
40787 0
40804 0
40857 0
40925 0
41142 0
41151 0
41171 0
41258 0
41367 0
41460 0
41498 0
41514 0
41580 0
41622 0
41639 0
41703 0
41721 0
41745 0
41795 0
41949 0
41984 0
42036 0
42040 0
42082 0
42091 0
42097 0
42103 0
42106 0
42180 0
42216 0
42361 0
42405 0
42513 0
42546 0
42730 0
42739 0
42848 0
42851 0
43020 0
43045 0
43088 0
43094 0
43146 0
43192 0
43279 0
43288 0
43305 0
43327 0
43412 0
43459 0
43494 0
43560 0
43563 0
43598 0
43618 0
43664 0
43742 0
43809 0
43826 0
43846 0
43873 0
43886 0
43931 0
43945 0
43972 0
43977 0
43988 0
44025 0
44041 0
44095 0
44162 0
44227 0
44238 0
44250 0
44281 0
44293 0
44321 0
44382 0
44391 0
44392 0
44899 0
45033 0
45121 0
45130 0
45261 0
45335 0
45524 0
45606 0
45645 0
45858 0
45859 0
45875 0
45880 0
46021 0
46077 0
46078 0
46116 0
46157 0
46165 0
46239 0
46241 0
46266 0
46308 0
46313 0
46455 0
46493 0
46495 0
46505 0
46513 0
46546 0
46707 0
46775 0
46794 0
46845 0
46869 0
46894 0
47000 0
47115 0
47185 0
47197 0
47264 0
47305 0
47320 0
47321 0
47344 0
47379 0
47474 0
47523 0
47685 0
47710 0
47788 0
47790 0
47838 0
47892 0
47975 0
47998 0
48028 0
48083 0
48169 0
48173 0
48224 0
48284 0
48323 0
48374 0
48379 0
48402 0
48482 0
48495 0
48611 0
48656 0
48663 0
48728 0
48836 0
48880 0
48908 0
48984 0
49112 0
49141 0
49145 0
49212 0
49232 0
49250 0
49338 0
49343 0
49477 0
49497 0
49520 0
49548 0
49632 0
49644 0
49645 0
49695 0
49708 0
49744 0
49754 0
49760 0
49761 0
49814 0
49926 0
49964 0
49967 0
50037 0
50058 0
50077 0
50091 0
50109 0
50117 0
50172 0
50216 0
50361 0
50395 0
50431 0
50442 0
50465 0
50526 0
50538 0
50549 0
50608 0
50627 0
50628 0
50840 0
50859 0
50868 0
50875 0
50965 0
51111 0
51142 0
51169 0
51175 0
51190 0
51196 0
51206 0
51225 0
51259 0
51261 0
51276 0
51296 0
51309 0
51322 0
51554 0
51559 0
51583 0
51594 0
51622 0
51746 0
51876 0
51918 0
52048 0
52075 0
52084 0
52085 0
52090 0
52103 0
52120 0
52123 0
52142 0
52171 0
52285 0
52331 0
52412 0
52637 0
52707 0
52718 0
52757 0
52788 0
52812 0
52953 0
52967 0
53022 0
53129 0
53156 0
53309 0
53310 0
53328 0
53440 0
53454 0
53458 0
53500 0
53567 0
53574 0
53604 0
53708 0
53798 0
53915 0
54019 0
54107 0
54109 0
54213 0
54222 0
54226 0
54237 0
54316 0
54598 0
54636 0
54659 0
54771 0
54827 0
54913 0
54931 0
55020 0
55051 0
55106 0
55214 0
55264 0
55272 0
55298 0
55315 0
55356 0
55425 0
55494 0
55535 0
55536 0
55627 0
55652 0
55703 0
55824 0
55842 0
55849 0
55985 0
55991 0
56000 0
56034 0
56074 0
56087 0
56100 0
56189 0
56237 0
56249 0
56352 0
56369 0
56372 0
56393 0
56449 0
56489 0
56513 0
56612 0
56641 0
56680 0
56760 0
56829 0
56831 0
56965 0
57043 0
57108 0
57274 0
57290 0
57440 0
57504 0
57511 0
57531 0
57565 0
57580 0
57587 0
57621 0
57648 0
57660 0
57711 0
57725 0
57767 0
57822 0
57854 0
57855 0
57858 0
57930 0
57932 0
57954 0
58018 0
58132 0
58154 0
58170 0
58234 0
58278 0
58354 0
58433 0
58448 0
58470 0
58684 0
58696 0
58875 0
58960 0
58982 0
59085 0
59112 0
59113 0
59124 0
59133 0
59148 0
59196 0
59245 0
59449 0
59477 0
59552 0
59563 0
59599 0
59655 0
59673 0
59677 0
59696 0
59818 0
59882 0
59930 0
59958 0
59968 0
60027 0
60084 0
60136 0
60144 0
60153 0
60172 0
60334 0
60433 0
60455 0
60511 0
60544 0
60558 0
60582 0
60758 0
60842 0
60843 0
60858 0
60960 0
60999 0
61148 0
61163 0
61276 0
61294 0
61325 0
61360 0
61370 0
61383 0
61410 0
61502 0
61507 0
61562 0
61598 0
61610 0
61622 0
61682 0
61709 0
61937 0
61947 0
62038 0
62054 0
62075 0
62089 0
62285 0
62407 0
62553 0
62574 0
62590 0
62598 0
62667 0
62744 0
62784 0
62953 0
63053 0
63103 0
63128 0
63168 0
63174 0
63274 0
63287 0
63362 0
63413 0
63456 0
63468 0
63523 0
63609 0
63655 0
63812 0
63825 0
63868 0
63899 0
63978 0
64068 0
64081 0
64085 0
64149 0
64150 0
64155 0
64191 0
64212 0
64230 0
64232 0
64247 0
64282 0
64335 0
64424 0
64514 0
64547 0
64570 0
64613 0
64650 0
64672 0
64695 0
64734 0
64767 0
64944 0
64952 0
64978 0
64984 0
64990 0
65041 0
65071 0
65121 0
65149 0
65164 0
65204 0
65211 0
65310 0
65317 0
65354 0
65462 0
65519 0
65529 0
65550 0
65591 0
65660 0
65687 0
65725 0
65750 0
65751 0
65760 0
65765 0
65780 0
65810 0
65817 0
65843 0
65935 0
66074 0
66250 0
66585 0
66648 0
66661 0
66688 0
66701 0
66735 0
66767 0
66870 0
66886 0
66893 0
66935 0
67067 0
67101 0
67128 0
67164 0
67181 0
67251 0
67259 0
67286 0
67308 0
67314 0
67356 0
67420 0
67453 0
67551 0
67564 0
67579 0
67616 0
67644 0
67649 0
67675 0
67685 0
67706 0
67747 0
67755 0
67977 0
67998 0
68020 0
68027 0
68088 0
68152 0
68197 0
68312 0
68328 0
68333 0
68428 0
68432 0
68446 0
68473 0
68480 0
68500 0
68589 0
68626 0
68632 0
68707 0
68716 0
68720 0
68722 0
68739 0
68789 0
68798 0
68816 0
68930 0
68974 0
69133 0
69141 0
69175 0
69181 0
69208 0
69456 0
69551 0
69627 0
69633 0
69676 0
69751 0
69782 0
69809 0
69817 0
69861 0
69938 0
69987 0
70030 0
70070 0
70103 0
70138 0
70173 0
70180 0
70243 0
70334 0
70377 0
70512 0
70630 0
70688 0
70717 0
70744 0
70798 0
70867 0
70936 0
70977 0
70989 0
71026 0
71059 0
71133 0
71269 0
71388 0
71424 0
71425 0
71465 0
71491 0
71495 0
71550 0
71580 0
71603 0
71645 0
71845 0
72055 0
72152 0
72155 0
72277 0
72280 0
72288 0
72310 0
72324 0
72416 0
72421 0
72504 0
72547 0
72574 0
72610 0
72680 0
72709 0
72856 0
72923 0
72928 0
72950 0
73036 0
73130 0
73160 0
73210 0
73250 0
73368 0
73458 0
73541 0
73624 0
73638 0
73645 0
73690 0
73905 0
73954 0
73977 0
74023 0
74084 0
74187 0
74197 0
74286 0
74394 0
74423 0
74511 0
74545 0
74597 0
74649 0
74713 0
74730 0
74740 0
74752 0
74826 0
74883 0
74914 0
74957 0
75035 0
75077 0
75162 0
75195 0
75241 0
75327 0
75329 0
75339 0
75378 0
75391 0
75404 0
75410 0
75445 0
75477 0
75492 0
75527 0
75592 0
75630 0
75651 0
75684 0
75714 0
75731 0
75751 0
75757 0
75790 0
75794 0
75946 0
75952 0
76000 0
76001 0
76028 0
76033 0
76062 0
76135 0
76148 0
76207 0
76209 0
76256 0
76334 0
76369 0
76459 0
76522 0
76524 0
76572 0
76579 0
76686 0
76725 0
76727 0
76789 0
76795 0
76796 0
76864 0
76871 0
76899 0
76922 0
77052 0
77084 0
77143 0
77220 0
77231 0
77234 0
77239 0
77248 0
77271 0
77392 0
77440 0
77456 0
77466 0
77482 0
77503 0
77557 0
77584 0
77639 0
77654 0
77658 0
77663 0
77683 0
77759 0
77764 0
77785 0
77831 0
77876 0
77885 0
77951 0
78041 0
78045 0
78065 0
78151 0
78225 0
78338 0
78589 0
78632 0
78791 0
78825 0
78853 0
78941 0
78947 0
78963 0
78976 0
78979 0
78983 0
79091 0
79370 0
79441 0
79452 0
79455 0
79469 0
79472 0
79492 0
79582 0
79677 0
79711 0
79989 0
80039 0
80074 0
80137 0
80143 0
80172 0
80176 0
80179 0
80244 0
80248 0
80288 0
80290 0
80300 0
80372 0
80406 0
80416 0
80438 0
80474 0
80500 0
80565 0
80581 0
80604 0
80659 0
80667 0
80809 0
80828 0
80860 0
80885 0
80934 0
80957 0
80970 0
80971 0
80974 0
81053 0
81116 0
81137 0
81157 0
81180 0
81370 0
81393 0
81431 0
81439 0
81457 0
81500 0
81578 0
81614 0
81695 0
81726 0
81764 0
81816 0
81956 0
82024 0
82099 0
82102 0
82141 0
82189 0
82214 0
82258 0
82364 0
82368 0
82383 0
82435 0
82470 0
82560 0
82585 0
82604 0
82616 0
82626 0
82655 0
82744 0
82785 0
82788 0
82820 0
82942 0
82965 0
83003 0
83018 0
83022 0
83042 0
83104 0
83240 0
83286 0
83300 0
83399 0
83432 0
83467 0
83532 0
83618 0
83690 0
83729 0
83730 0
83760 0
83770 0
83798 0
83817 0
83867 0
83874 0
83900 0
83917 0
83945 0
83993 0
83998 0
84014 0
84026 0
84042 0
84066 0
84120 0
84123 0
84126 0
84209 0
84221 0
84357 0
84379 0
84515 0
84605 0
84677 0
84679 0
84724 0
84764 0
84829 0
84836 0
84859 0
84870 0
84871 0
84943 0
85038 0
85064 0
85098 0
85156 0
85373 0
85393 0
85499 0
85593 0
85689 0
85776 0
85921 0
86077 0
86147 0
86178 0
86253 0
86263 0
86277 0
86285 0
86319 0
86339 0
86386 0
86387 0
86404 0
86463 0
86478 0
86530 0
86583 0
86608 0
86649 0
86741 0
86770 0
86802 0
86894 0
86898 0
86924 0
86951 0
86987 0
86997 0
87017 0
87045 0
87068 0
87107 0
87109 0
87126 0
87262 0
87279 0
87302 0
87357 0
87443 0
87525 0
87672 0
87779 0
87785 0
87859 0
87922 0
87945 0
88112 0
88137 0
88145 0
88220 0
88254 0
88292 0
88299 0
88354 0
88419 0
88474 0
88521 0
88656 0
88720 0
88771 0
88797 0
88844 0
88870 0
89002 0
89128 0
89140 0
89298 0
89302 0
89311 0
89332 0
89401 0
89480 0
89511 0
89533 0
89539 0
89613 0
89621 0
89640 0
89669 0
89718 0
89763 0
89839 0
89924 0
89989 0
90064 0
90134 0
90233 0
90240 0
90291 0
90310 0
90350 0
90419 0
90447 0
90573 0
90582 0
90599 0
90603 0
90605 0
90649 0
90656 0
90663 0
90706 0
90707 0
90723 0
90728 0
90769 0
90908 0
90960 0
91005 0
91014 0
91234 0
91301 0
91321 0
91375 0
91389 0
91420 0
91472 0
91476 0
91566 0
91580 0
91590 0
91593 0
91609 0
91626 0
91704 0
91820 0
91848 0
91977 0
92106 0
92124 0
92186 0
92279 0
92389 0
92515 0
92516 0
92519 0
92532 0
92631 0
92682 0
92701 0
92880 0
92975 0
92976 0
93179 0
93218 0
93280 0
93322 0
93432 0
93519 0
93551 0
93585 0
93639 0
93701 0
93718 0
93732 0
93769 0
93880 0
93901 0
93937 0
93971 0
94069 0
94133 0
94177 0
94191 0
94214 0
94251 0
94273 0
94447 0
94477 0
94552 0
94603 0
94604 0
94713 0
94717 0
94838 0
94840 0
94924 0
95027 0
95032 0
95079 0
95080 0
95260 0
95262 0
95268 0
95270 0
95278 0
95294 0
95308 0
95341 0
95358 0
95368 0
95384 0
95446 0
95469 0
95477 0
95530 0
95598 0
95632 0
95656 0
95670 0
95673 0
95685 0
95694 0
95779 0
95781 0
95792 0
95801 0
95905 0
95934 0
95964 0
96010 0
96015 0
96018 0
96058 0
96073 0
96089 0
96131 0
96162 0
96247 0
96261 0
96278 0
96304 0
96325 0
96531 0
96584 0
96659 0
96700 0
96733 0
96734 0
96743 0
96756 0
96764 0
96817 0
96915 0
97004 0
97086 0
97113 0
97139 0
97176 0
97212 0
97228 0
97246 0
97274 0
97331 0
97375 0
97429 0
97449 0
97519 0
97562 0
97587 0
97672 0
97704 0
97742 0
97863 0
98002 0
98042 0
98199 0
98235 0
98271 0
98313 0
98322 0
98422 0
98617 0
98620 0
98698 0
98731 0
98757 0
98839 0
98862 0
98932 0
98935 0
98980 0
99064 0
99121 0
99195 0
99230 0
99236 0
99238 0
99275 0
99337 0
99455 0
99586 0
99620 0
99706 0
99810 0
99841 0
99846 0
99992 0
