c This is a uniform distributed  1-D DIMACS file 
c width height point_number
p 100000 100000 2048
100 0
132 0
146 0
185 0
232 0
252 0
276 0
291 0
305 0
385 0
435 0
464 0
492 0
532 0
591 0
593 0
645 0
651 0
653 0
884 0
918 0
969 0
998 0
1131 0
1134 0
1280 0
1283 0
1308 0
1344 0
1359 0
1396 0
1412 0
1448 0
1456 0
1506 0
1525 0
1547 0
1611 0
1716 0
1719 0
1746 0
1762 0
1789 0
1794 0
1796 0
1941 0
2035 0
2038 0
2068 0
2074 0
2098 0
2158 0
2209 0
2306 0
2428 0
2452 0
2592 0
2612 0
2614 0
2631 0
2643 0
2648 0
2683 0
2765 0
2768 0
2770 0
2792 0
2863 0
3017 0
3108 0
3130 0
3224 0
3231 0
3273 0
3324 0
3397 0
3503 0
3573 0
3614 0
3646 0
3689 0
3717 0
3882 0
3891 0
4004 0
4027 0
4029 0
4123 0
4180 0
4202 0
4241 0
4277 0
4355 0
4421 0
4431 0
4439 0
4487 0
4509 0
4661 0
4687 0
4699 0
4723 0
4770 0
4799 0
4825 0
4838 0
4845 0
4893 0
4933 0
4986 0
5032 0
5127 0
5144 0
5231 0
5376 0
5421 0
5481 0
5504 0
5538 0
5615 0
5644 0
5680 0
5687 0
5719 0
5816 0
5830 0
5872 0
5928 0
5960 0
5997 0
6009 0
6088 0
6101 0
6151 0
6187 0
6235 0
6336 0
6422 0
6495 0
6524 0
6528 0
6551 0
6556 0
6614 0
6619 0
6687 0
6768 0
6781 0
6803 0
6953 0
6960 0
6993 0
7029 0
7057 0
7066 0
7074 0
7104 0
7124 0
7130 0
7153 0
7177 0
7229 0
7325 0
7373 0
7396 0
7462 0
7485 0
7550 0
7571 0
7590 0
7731 0
7757 0
7763 0
7784 0
7925 0
8076 0
8096 0
8118 0
8128 0
8443 0
8501 0
8502 0
8506 0
8544 0
8583 0
8696 0
8921 0
9054 0
9059 0
9136 0
9244 0
9250 0
9253 0
9302 0
9337 0
9342 0
9398 0
9433 0
9464 0
9466 0
9471 0
9472 0
9621 0
9649 0
9711 0
9742 0
9757 0
9791 0
9843 0
9910 0
9929 0
9941 0
9956 0
9958 0
9965 0
9973 0
10065 0
10088 0
10117 0
10162 0
10179 0
10218 0
10272 0
10327 0
10477 0
10557 0
10740 0
10749 0
10769 0
10770 0
10788 0
10816 0
10927 0
10937 0
10981 0
11150 0
11151 0
11307 0
11359 0
11451 0
11551 0
11705 0
11732 0
11850 0
11962 0
12003 0
12030 0
12073 0
12199 0
12280 0
12295 0
12375 0
12480 0
12489 0
12506 0
12532 0
12712 0
12763 0
12820 0
12842 0
12977 0
13031 0
13063 0
13135 0
13250 0
13331 0
13623 0
13652 0
13826 0
13837 0
13858 0
13909 0
13991 0
14028 0
14048 0
14118 0
14153 0
14221 0
14301 0
14359 0
14577 0
14638 0
14647 0
14704 0
14727 0
14865 0
15018 0
15024 0
15028 0
15077 0
15079 0
15100 0
15193 0
15214 0
15307 0
15327 0
15449 0
15677 0
15684 0
15687 0
15734 0
15762 0
15766 0
15837 0
15842 0
15843 0
15850 0
15889 0
15902 0
15959 0
15988 0
16064 0
16132 0
16150 0
16225 0
16295 0
16301 0
16315 0
16320 0
16331 0
16431 0
16478 0
16521 0
16533 0
16541 0
16625 0
16679 0
16691 0
16698 0
16710 0
16737 0
16756 0
16837 0
16913 0
17009 0
17013 0
17100 0
17104 0
17175 0
17225 0
17251 0
17261 0
17268 0
17290 0
17400 0
17487 0
17491 0
17521 0
17873 0
17876 0
17879 0
17897 0
17909 0
17919 0
17938 0
17969 0
18086 0
18220 0
18265 0
18278 0
18335 0
18341 0
18343 0
18494 0
18557 0
18560 0
18588 0
18604 0
18651 0
18662 0
19042 0
19130 0
19329 0
19457 0
19492 0
19558 0
19586 0
19738 0
19786 0
19830 0
19883 0
19893 0
19908 0
19995 0
20016 0
20026 0
20029 0
20054 0
20067 0
20134 0
20312 0
20349 0
20388 0
20397 0
20408 0
20410 0
20479 0
20509 0
20511 0
20512 0
20543 0
20547 0
20602 0
20634 0
20646 0
20649 0
20769 0
20774 0
20856 0
20885 0
20940 0
20960 0
21018 0
21103 0
21135 0
21183 0
21246 0
21355 0
21364 0
21395 0
21409 0
21473 0
21559 0
21566 0
21672 0
21686 0
21705 0
21830 0
21897 0
21900 0
22084 0
22120 0
22200 0
22219 0
22221 0
22272 0
22294 0
22400 0
22511 0
22525 0
22585 0
22609 0
22655 0
22660 0
22680 0
22685 0
22777 0
22818 0
22987 0
22999 0
23042 0
23052 0
23074 0
23102 0
23153 0
23162 0
23173 0
23198 0
23213 0
23515 0
23650 0
23677 0
23724 0
23961 0
24014 0
24145 0
24251 0
24323 0
24471 0
24477 0
24495 0
24587 0
24647 0
24660 0
24838 0
24881 0
25029 0
25052 0
25058 0
25078 0
25108 0
25143 0
25205 0
25269 0
25340 0
25387 0
25399 0
25420 0
25447 0
25453 0
25491 0
25522 0
25543 0
25607 0
25682 0
25699 0
25710 0
25815 0
25816 0
25828 0
25836 0
25901 0
25949 0
25996 0
26008 0
26034 0
26053 0
26151 0
26159 0
26179 0
26217 0
26224 0
26393 0
26417 0
26476 0
26527 0
26585 0
26594 0
26603 0
26630 0
26723 0
26830 0
26832 0
26839 0
26890 0
26894 0
26945 0
27009 0
27139 0
27222 0
27251 0
27308 0
27318 0
27361 0
27431 0
27523 0
27533 0
27639 0
27685 0
27746 0
27755 0
27817 0
27831 0
27915 0
27973 0
28074 0
28158 0
28225 0
28229 0
28292 0
28328 0
28405 0
28478 0
28529 0
28655 0
28665 0
28673 0
28714 0
28760 0
28780 0
28831 0
28863 0
29015 0
29102 0
29106 0
29168 0
29207 0
29246 0
29253 0
29341 0
29344 0
29396 0
29489 0
29570 0
29668 0
29707 0
29715 0
29819 0
29829 0
29903 0
29914 0
29919 0
29928 0
29937 0
30003 0
30014 0
30056 0
30082 0
30098 0
30103 0
30119 0
30287 0
30326 0
30329 0
30340 0
30366 0
30435 0
30519 0
30595 0
30596 0
30681 0
30714 0
30723 0
30744 0
30771 0
30823 0
30852 0
30939 0
31000 0
31048 0
31107 0
31341 0
31343 0
31489 0
31500 0
31530 0
31582 0
31619 0
31728 0
31732 0
31770 0
31799 0
31821 0
31870 0
31918 0
31957 0
32011 0
32099 0
32222 0
32257 0
32330 0
32411 0
32435 0
32482 0
32557 0
32579 0
32611 0
32707 0
32783 0
32902 0
32913 0
33106 0
33180 0
33227 0
33265 0
33326 0
33397 0
33414 0
33431 0
33480 0
33524 0
33552 0
33624 0
33642 0
33787 0
33849 0
33892 0
33909 0
33944 0
34095 0
34125 0
34206 0
34228 0
34429 0
34495 0
34578 0
34588 0
34606 0
34616 0
34662 0
34669 0
34685 0
34752 0
34800 0
34805 0
34813 0
34872 0
34875 0
34890 0
34912 0
34987 0
34993 0
35038 0
35044 0
35054 0
35101 0
35134 0
35159 0
35222 0
35281 0
35400 0
35402 0
35404 0
35454 0
35497 0
35504 0
35512 0
35528 0
35583 0
35654 0
35676 0
35703 0
35762 0
35811 0
35848 0
35863 0
35940 0
36001 0
36047 0
36054 0
36058 0
36117 0
36121 0
36139 0
36194 0
36336 0
36351 0
36358 0
36378 0
36398 0
36422 0
36618 0
36620 0
36629 0
36704 0
36775 0
36835 0
36890 0
36917 0
36981 0
37063 0
37087 0
37088 0
37107 0
37133 0
37183 0
37187 0
37289 0
37350 0
37369 0
37440 0
37589 0
37609 0
37739 0
37846 0
37921 0
37964 0
37981 0
38038 0
38080 0
38154 0
38202 0
38229 0
38366 0
38367 0
38376 0
38389 0
38429 0
38445 0
38456 0
38479 0
38481 0
38487 0
38543 0
38561 0
38728 0
38750 0
38807 0
38839 0
38850 0
38872 0
38978 0
38980 0
39037 0
39065 0
39119 0
39210 0
39295 0
39297 0
39364 0
39396 0
39463 0
39516 0
39536 0
39578 0
39593 0
39718 0
39724 0
39741 0
39743 0
39834 0
39909 0
39922 0
39934 0
40027 0
40064 0
40142 0
40196 0
40243 0
40254 0
40350 0
40426 0
40449 0
40451 0
40536 0
40603 0
40604 0
40686 0
40702 0
40740 0
40845 0
41128 0
41132 0
41190 0
41192 0
41284 0
41311 0
41336 0
41368 0
41393 0
41461 0
41485 0
41527 0
41549 0
41708 0
41742 0
41779 0
41784 0
41937 0
41942 0
41980 0
42042 0
42073 0
42153 0
42179 0
42209 0
42281 0
42369 0
42371 0
42382 0
42407 0
42411 0
42415 0
42464 0
42482 0
42486 0
42490 0
42492 0
42530 0
42561 0
42562 0
42573 0
42675 0
42703 0
42877 0
43042 0
43084 0
43151 0
43155 0
43161 0
43301 0
43315 0
43365 0
43532 0
43544 0
43567 0
43580 0
43763 0
43764 0
43765 0
43792 0
43806 0
43834 0
43879 0
43883 0
43937 0
44091 0
44192 0
44218 0
44231 0
44259 0
44366 0
44380 0
44392 0
44592 0
44596 0
44605 0
44618 0
44654 0
44656 0
44661 0
44682 0
44691 0
44783 0
44804 0
44820 0
44862 0
44925 0
44943 0
44965 0
44997 0
45010 0
45042 0
45076 0
45113 0
45120 0
45250 0
45363 0
45383 0
45435 0
45506 0
45562 0
45701 0
45735 0
45759 0
45771 0
45859 0
45895 0
45913 0
46001 0
46005 0
46079 0
46080 0
46083 0
46094 0
46129 0
46145 0
46199 0
46218 0
46235 0
46299 0
46310 0
46329 0
46398 0
46519 0
46617 0
46636 0
46667 0
46694 0
46719 0
46780 0
46803 0
46811 0
46829 0
46918 0
46977 0
46994 0
47025 0
47052 0
47110 0
47176 0
47217 0
47222 0
47240 0
47248 0
47386 0
47387 0
47445 0
47471 0
47496 0
47503 0
47524 0
47565 0
47569 0
47783 0
47810 0
47855 0
47899 0
47907 0
48037 0
48178 0
48182 0
48197 0
48218 0
48222 0
48330 0
48345 0
48373 0
48467 0
48531 0
48601 0
48646 0
48821 0
48847 0
48873 0
48950 0
48960 0
49072 0
49134 0
49135 0
49178 0
49270 0
49327 0
49404 0
49469 0
49508 0
49564 0
49589 0
49646 0
49718 0
49775 0
49807 0
49881 0
49891 0
49911 0
49940 0
49985 0
49986 0
49987 0
50029 0
50057 0
50121 0
50148 0
50201 0
50222 0
50285 0
50299 0
50389 0
50393 0
50404 0
50465 0
50578 0
50629 0
50834 0
50891 0
50957 0
50974 0
51038 0
51045 0
51068 0
51085 0
51158 0
51176 0
51254 0
51311 0
51401 0
51415 0
51604 0
51661 0
51676 0
51691 0
51793 0
51796 0
51968 0
52036 0
52046 0
52054 0
52145 0
52161 0
52179 0
52196 0
52262 0
52286 0
52291 0
52297 0
52393 0
52484 0
52594 0
52643 0
52976 0
52986 0
53111 0
53187 0
53350 0
53380 0
53419 0
53476 0
53553 0
53610 0
53804 0
53850 0
54030 0
54032 0
54036 0
54090 0
54099 0
54105 0
54127 0
54156 0
54175 0
54223 0
54230 0
54270 0
54282 0
54302 0
54389 0
54509 0
54528 0
54582 0
54632 0
54726 0
54728 0
54788 0
54829 0
54881 0
54901 0
54916 0
54942 0
54967 0
54969 0
55042 0
55075 0
55119 0
55204 0
55244 0
55293 0
55312 0
55324 0
55330 0
55414 0
55480 0
55526 0
55531 0
55581 0
55604 0
55816 0
55827 0
55840 0
55920 0
55941 0
56010 0
56073 0
56139 0
56186 0
56241 0
56289 0
56291 0
56454 0
56481 0
56525 0
56588 0
56608 0
56663 0
56712 0
56763 0
56838 0
57009 0
57067 0
57073 0
57098 0
57180 0
57348 0
57386 0
57425 0
57451 0
57499 0
57502 0
57528 0
57580 0
57628 0
57666 0
57669 0
57720 0
57864 0
57877 0
58131 0
58143 0
58202 0
58217 0
58324 0
58379 0
58387 0
58400 0
58416 0
58420 0
58554 0
58560 0
58591 0
58622 0
58652 0
58695 0
58747 0
58792 0
58808 0
58918 0
59125 0
59194 0
59296 0
59309 0
59310 0
59313 0
59315 0
59338 0
59343 0
59349 0
59377 0
59387 0
59398 0
59443 0
59461 0
59466 0
59633 0
59688 0
59716 0
59728 0
59746 0
59798 0
59876 0
60004 0
60091 0
60094 0
60236 0
60238 0
60271 0
60302 0
60306 0
60310 0
60328 0
60331 0
60363 0
60367 0
60377 0
60401 0
60542 0
60558 0
60568 0
60637 0
60646 0
60678 0
60682 0
60691 0
60694 0
60718 0
60770 0
60792 0
60849 0
60880 0
60901 0
60958 0
61010 0
61012 0
61060 0
61066 0
61104 0
61120 0
61131 0
61182 0
61200 0
61257 0
61291 0
61320 0
61323 0
61415 0
61439 0
61450 0
61474 0
61590 0
61638 0
61661 0
61841 0
61917 0
62066 0
62085 0
62100 0
62211 0
62269 0
62290 0
62395 0
62397 0
62398 0
62432 0
62437 0
62439 0
62624 0
62640 0
62652 0
62707 0
62722 0
62764 0
62873 0
62934 0
62957 0
62964 0
62991 0
63032 0
63047 0
63124 0
63194 0
63292 0
63406 0
63449 0
63461 0
63469 0
63572 0
63719 0
63727 0
63729 0
63767 0
63785 0
63804 0
63808 0
63814 0
63818 0
63834 0
63924 0
63942 0
64009 0
64014 0
64116 0
64192 0
64241 0
64266 0
64267 0
64402 0
64404 0
64459 0
64581 0
64586 0
64599 0
64672 0
64681 0
64686 0
64713 0
64788 0
64817 0
64819 0
64820 0
64890 0
64891 0
64912 0
64966 0
65047 0
65074 0
65171 0
65205 0
65247 0
65291 0
65350 0
65404 0
65433 0
65533 0
65569 0
65599 0
65608 0
65626 0
65729 0
65901 0
65904 0
65913 0
65934 0
65941 0
65959 0
65972 0
66060 0
66088 0
66107 0
66226 0
66271 0
66287 0
66316 0
66330 0
66336 0
66365 0
66517 0
66637 0
66700 0
66885 0
66889 0
67048 0
67072 0
67106 0
67241 0
67331 0
67388 0
67478 0
67663 0
67687 0
67839 0
67920 0
67966 0
67971 0
67995 0
68023 0
68077 0
68127 0
68179 0
68235 0
68242 0
68330 0
68345 0
68374 0
68381 0
68498 0
68504 0
68512 0
68518 0
68612 0
68687 0
68754 0
68784 0
68803 0
68924 0
68928 0
69006 0
69027 0
69039 0
69057 0
69091 0
69156 0
69169 0
69232 0
69262 0
69318 0
69329 0
69336 0
69441 0
69510 0
69685 0
69764 0
69778 0
69784 0
69879 0
69893 0
69905 0
69925 0
69953 0
70022 0
70074 0
70121 0
70132 0
70133 0
70181 0
70244 0
70302 0
70316 0
70326 0
70329 0
70369 0
70513 0
70625 0
70699 0
70753 0
70970 0
71021 0
71026 0
71118 0
71145 0
71325 0
71336 0
71383 0
71401 0
71410 0
71418 0
71457 0
71539 0
71570 0
71586 0
71685 0
71725 0
71780 0
71831 0
71845 0
71859 0
71907 0
71934 0
71987 0
72008 0
72026 0
72041 0
72064 0
72069 0
72091 0
72106 0
72154 0
72167 0
72185 0
72190 0
72229 0
72239 0
72242 0
72295 0
72336 0
72404 0
72524 0
72570 0
72572 0
72575 0
72585 0
72607 0
72638 0
72641 0
72684 0
72685 0
72694 0
72734 0
72841 0
72883 0
72915 0
72953 0
72991 0
73005 0
73032 0
73068 0
73084 0
73182 0
73205 0
73212 0
73269 0
73406 0
73408 0
73425 0
73475 0
73540 0
73616 0
73623 0
73749 0
73771 0
73802 0
73876 0
73938 0
73941 0
74008 0
74020 0
74048 0
74131 0
74187 0
74202 0
74217 0
74223 0
74241 0
74269 0
74277 0
74384 0
74438 0
74448 0
74477 0
74485 0
74505 0
74559 0
74613 0
74667 0
74714 0
74879 0
75045 0
75071 0
75143 0
75161 0
75174 0
75265 0
75291 0
75410 0
75436 0
75455 0
75488 0
75521 0
75644 0
75653 0
75734 0
75876 0
75914 0
75993 0
76052 0
76077 0
76088 0
76138 0
76264 0
76285 0
76288 0
76289 0
76352 0
76355 0
76357 0
76377 0
76396 0
76510 0
76619 0
76643 0
76669 0
76712 0
76740 0
76765 0
76818 0
76896 0
76982 0
77042 0
77127 0
77147 0
77155 0
77219 0
77255 0
77268 0
77324 0
77340 0
77352 0
77614 0
77675 0
77717 0
77732 0
77746 0
77924 0
78000 0
78008 0
78035 0
78102 0
78107 0
78130 0
78142 0
78193 0
78214 0
78230 0
78248 0
78276 0
78292 0
78308 0
78391 0
78425 0
78429 0
78518 0
78565 0
78587 0
78677 0
78694 0
78750 0
78787 0
78951 0
78962 0
79037 0
79082 0
79085 0
79090 0
79116 0
79190 0
79236 0
79250 0
79304 0
79329 0
79340 0
79426 0
79497 0
79539 0
79595 0
79599 0
79600 0
79656 0
79668 0
79761 0
79841 0
79856 0
79861 0
80002 0
80016 0
80040 0
80044 0
80271 0
80289 0
80384 0
80385 0
80409 0
80417 0
80420 0
80455 0
80466 0
80480 0
80554 0
80618 0
80635 0
80670 0
80717 0
80813 0
80859 0
80870 0
80894 0
80925 0
81028 0
81085 0
81090 0
81151 0
81239 0
81277 0
81304 0
81314 0
81327 0
81342 0
81422 0
81456 0
81478 0
81592 0
81695 0
81730 0
81743 0
81744 0
81797 0
82003 0
82066 0
82126 0
82302 0
82361 0
82368 0
82412 0
82523 0
82660 0
82683 0
82693 0
82697 0
82703 0
82708 0
82710 0
82723 0
82756 0
82764 0
82937 0
83000 0
83118 0
83130 0
83153 0
83154 0
83155 0
83174 0
83179 0
83180 0
83349 0
83451 0
83529 0
83553 0
83692 0
83723 0
83780 0
83802 0
83815 0
83847 0
83913 0
83958 0
83974 0
84011 0
84091 0
84142 0
84199 0
84295 0
84341 0
84350 0
84398 0
84414 0
84436 0
84472 0
84602 0
84618 0
84685 0
84794 0
84811 0
84860 0
84937 0
84964 0
85076 0
85154 0
85232 0
85246 0
85276 0
85282 0
85283 0
85331 0
85339 0
85421 0
85535 0
85616 0
85676 0
85693 0
85695 0
85719 0
85745 0
85789 0
85794 0
85817 0
85949 0
86006 0
86043 0
86063 0
86070 0
86078 0
86116 0
86214 0
86221 0
86230 0
86254 0
86343 0
86403 0
86411 0
86510 0
86547 0
86586 0
86597 0
86601 0
86640 0
86703 0
86705 0
86783 0
86787 0
86790 0
86868 0
87053 0
87058 0
87142 0
87153 0
87180 0
87392 0
87455 0
87511 0
87573 0
87592 0
87686 0
87768 0
87782 0
87910 0
87921 0
88002 0
88041 0
88044 0
88081 0
88110 0
88156 0
88282 0
88344 0
88380 0
88528 0
88572 0
88600 0
88664 0
88671 0
88676 0
88778 0
88801 0
88861 0
88899 0
88924 0
88944 0
89101 0
89133 0
89244 0
89248 0
89355 0
89444 0
89455 0
89497 0
89503 0
89520 0
89548 0
89567 0
89683 0
89699 0
89707 0
89736 0
89792 0
89822 0
89849 0
89855 0
89905 0
90041 0
90057 0
90124 0
90217 0
90252 0
90413 0
90431 0
90466 0
90481 0
90497 0
90531 0
90539 0
90619 0
90656 0
90668 0
90758 0
90774 0
90833 0
90834 0
91056 0
91087 0
91103 0
91105 0
91196 0
91272 0
91293 0
91440 0
91495 0
91496 0
91533 0
91613 0
91747 0
91829 0
91846 0
91977 0
92038 0
92157 0
92275 0
92304 0
92383 0
92390 0
92401 0
92454 0
92523 0
92550 0
92594 0
92598 0
92625 0
92690 0
92694 0
92728 0
92800 0
92896 0
92912 0
92920 0
93009 0
93101 0
93139 0
93146 0
93172 0
93176 0
93187 0
93223 0
93267 0
93287 0
93356 0
93359 0
93393 0
93459 0
93468 0
93476 0
93531 0
93587 0
93629 0
93749 0
93805 0
93811 0
93846 0
93884 0
93885 0
93905 0
93917 0
93920 0
94045 0
94080 0
94098 0
94114 0
94124 0
94154 0
94232 0
94241 0
94266 0
94324 0
94347 0
94357 0
94376 0
94512 0
94569 0
94602 0
94639 0
94676 0
94707 0
94852 0
94899 0
94914 0
95006 0
95012 0
95013 0
95023 0
95047 0
95069 0
95074 0
95082 0
95086 0
95207 0
95211 0
95262 0
95376 0
95439 0
95451 0
95485 0
95528 0
95583 0
95596 0
95623 0
95680 0
95689 0
95823 0
95966 0
96161 0
96216 0
96227 0
96244 0
96434 0
96442 0
96524 0
96543 0
96621 0
96681 0
96696 0
96706 0
96708 0
96721 0
96733 0
96783 0
96831 0
96850 0
97014 0
97055 0
97124 0
97144 0
97197 0
97200 0
97208 0
97290 0
97299 0
97538 0
97632 0
97639 0
97657 0
97679 0
97716 0
97717 0
97755 0
97764 0
97841 0
97931 0
97935 0
97945 0
98061 0
98146 0
98187 0
98195 0
98425 0
98465 0
98509 0
98540 0
98632 0
98661 0
98677 0
98747 0
98758 0
98889 0
99088 0
99151 0
99255 0
99294 0
99465 0
99480 0
99514 0
99530 0
99556 0
99583 0
99592 0
99606 0
99636 0
99671 0
99710 0
99808 0
99905 0
99981 0
99989 0
99994 0
