c This is a uniform distributed  1-D DIMACS file 
c width height point_number
p 100000 100000 2048
41 0
76 0
98 0
195 0
243 0
268 0
285 0
325 0
371 0
403 0
461 0
500 0
552 0
672 0
702 0
711 0
744 0
750 0
790 0
851 0
943 0
990 0
1023 0
1066 0
1098 0
1161 0
1193 0
1200 0
1243 0
1270 0
1285 0
1320 0
1347 0
1432 0
1462 0
1556 0
1578 0
1652 0
1657 0
1766 0
1847 0
1849 0
1900 0
1933 0
2009 0
2015 0
2094 0
2324 0
2455 0
2469 0
2494 0
2498 0
2528 0
2623 0
2630 0
2662 0
2693 0
2715 0
2768 0
2799 0
2900 0
2952 0
2988 0
2998 0
3045 0
3200 0
3230 0
3393 0
3428 0
3444 0
3467 0
3515 0
3533 0
3559 0
3633 0
3635 0
3654 0
3666 0
3682 0
3684 0
3775 0
3815 0
3913 0
3919 0
3968 0
4003 0
4015 0
4029 0
4337 0
4368 0
4412 0
4438 0
4445 0
4519 0
4552 0
4557 0
4735 0
4787 0
4791 0
4812 0
4825 0
4851 0
4884 0
4939 0
5047 0
5102 0
5178 0
5234 0
5374 0
5386 0
5397 0
5425 0
5437 0
5463 0
5464 0
5475 0
5527 0
5531 0
5532 0
5543 0
5699 0
5703 0
5709 0
5758 0
5781 0
5830 0
5952 0
5956 0
5965 0
5978 0
5983 0
6009 0
6040 0
6051 0
6080 0
6153 0
6200 0
6314 0
6396 0
6501 0
6531 0
6540 0
6654 0
6672 0
6758 0
6824 0
6835 0
6994 0
7022 0
7058 0
7084 0
7085 0
7173 0
7188 0
7197 0
7270 0
7348 0
7398 0
7426 0
7449 0
7515 0
7518 0
7571 0
7596 0
7643 0
7652 0
7701 0
7800 0
7915 0
7920 0
8023 0
8303 0
8320 0
8413 0
8444 0
8493 0
8549 0
8560 0
8713 0
8715 0
8722 0
8925 0
8945 0
9097 0
9154 0
9244 0
9299 0
9372 0
9414 0
9416 0
9432 0
9531 0
9547 0
9556 0
9662 0
9755 0
9757 0
9802 0
9806 0
9808 0
9966 0
9967 0
10052 0
10114 0
10141 0
10309 0
10320 0
10344 0
10391 0
10478 0
10527 0
10537 0
10585 0
10587 0
10648 0
10671 0
10762 0
10784 0
10939 0
11008 0
11040 0
11048 0
11052 0
11070 0
11085 0
11101 0
11134 0
11183 0
11247 0
11261 0
11392 0
11405 0
11470 0
11479 0
11505 0
11510 0
11548 0
11567 0
11570 0
11596 0
11601 0
11604 0
11803 0
11823 0
11855 0
11878 0
11933 0
11969 0
12018 0
12054 0
12113 0
12151 0
12270 0
12283 0
12316 0
12425 0
12495 0
12537 0
12539 0
12563 0
12606 0
12625 0
12630 0
12655 0
12697 0
12718 0
12778 0
12809 0
12824 0
12850 0
12859 0
12935 0
12977 0
12999 0
13005 0
13063 0
13086 0
13093 0
13138 0
13265 0
13363 0
13387 0
13422 0
13595 0
13678 0
13897 0
13901 0
13924 0
13962 0
14078 0
14097 0
14121 0
14327 0
14374 0
14445 0
14471 0
14538 0
14889 0
14914 0
14954 0
15049 0
15055 0
15060 0
15108 0
15151 0
15152 0
15155 0
15228 0
15281 0
15305 0
15351 0
15425 0
15495 0
15544 0
15662 0
15692 0
15750 0
15766 0
15793 0
15816 0
15846 0
15861 0
15953 0
15981 0
15994 0
16017 0
16037 0
16050 0
16081 0
16082 0
16205 0
16246 0
16279 0
16280 0
16286 0
16287 0
16303 0
16315 0
16389 0
16448 0
16467 0
16626 0
16688 0
16761 0
16764 0
16783 0
16786 0
16871 0
16923 0
16985 0
17020 0
17047 0
17112 0
17115 0
17142 0
17145 0
17166 0
17168 0
17177 0
17280 0
17397 0
17551 0
17605 0
17610 0
17714 0
17786 0
17802 0
17904 0
17952 0
17971 0
18049 0
18052 0
18135 0
18194 0
18221 0
18406 0
18498 0
18596 0
18670 0
18712 0
18763 0
18844 0
18851 0
18952 0
18995 0
19070 0
19170 0
19236 0
19316 0
19348 0
19527 0
19571 0
19610 0
19786 0
19792 0
19830 0
19840 0
19867 0
19896 0
19897 0
19946 0
19963 0
19965 0
20086 0
20241 0
20250 0
20299 0
20312 0
20319 0
20375 0
20396 0
20430 0
20432 0
20440 0
20460 0
20508 0
20510 0
20627 0
20656 0
20733 0
20739 0
20798 0
20803 0
20830 0
20843 0
20916 0
20942 0
20988 0
21075 0
21217 0
21300 0
21430 0
21541 0
21578 0
21634 0
21760 0
21777 0
21925 0
21963 0
22088 0
22092 0
22098 0
22195 0
22226 0
22320 0
22360 0
22402 0
22404 0
22436 0
22448 0
22521 0
22523 0
22531 0
22694 0
22758 0
22792 0
22808 0
22811 0
23121 0
23136 0
23164 0
23241 0
23332 0
23362 0
23432 0
23494 0
23505 0
23573 0
23588 0
23589 0
23659 0
23674 0
23730 0
23755 0
23768 0
23826 0
23858 0
23960 0
23977 0
24023 0
24053 0
24057 0
24097 0
24134 0
24161 0
24282 0
24317 0
24418 0
24514 0
24525 0
24605 0
24606 0
24661 0
24847 0
24881 0
24921 0
24922 0
25025 0
25029 0
25082 0
25093 0
25097 0
25156 0
25227 0
25284 0
25307 0
25391 0
25484 0
25487 0
25494 0
25558 0
25720 0
25770 0
25792 0
25845 0
25984 0
26180 0
26182 0
26204 0
26219 0
26381 0
26387 0
26420 0
26686 0
26729 0
26731 0
26755 0
26790 0
26799 0
26941 0
26944 0
27012 0
27112 0
27136 0
27216 0
27218 0
27318 0
27488 0
27527 0
27550 0
27671 0
27727 0
27728 0
27744 0
27793 0
27807 0
27921 0
27971 0
28004 0
28094 0
28142 0
28150 0
28287 0
28351 0
28360 0
28375 0
28397 0
28651 0
28737 0
28768 0
28869 0
29001 0
29008 0
29104 0
29154 0
29228 0
29286 0
29292 0
29303 0
29305 0
29406 0
29418 0
29432 0
29528 0
29559 0
29678 0
29718 0
29745 0
29749 0
29751 0
29937 0
30070 0
30083 0
30118 0
30131 0
30134 0
30193 0
30248 0
30249 0
30292 0
30305 0
30317 0
30331 0
30336 0
30342 0
30357 0
30363 0
30397 0
30471 0
30481 0
30570 0
30618 0
30686 0
30740 0
30798 0
30820 0
30882 0
30915 0
30980 0
31116 0
31154 0
31172 0
31266 0
31338 0
31465 0
31488 0
31553 0
31631 0
31700 0
31805 0
31813 0
31822 0
31852 0
31906 0
31923 0
31966 0
32036 0
32059 0
32070 0
32080 0
32130 0
32151 0
32174 0
32222 0
32338 0
32355 0
32364 0
32366 0
32381 0
32394 0
32436 0
32471 0
32503 0
32555 0
32581 0
32640 0
32674 0
32688 0
32766 0
32776 0
32797 0
32801 0
32859 0
32888 0
32894 0
33065 0
33110 0
33250 0
33309 0
33328 0
33336 0
33362 0
33373 0
33436 0
33442 0
33451 0
33500 0
33502 0
33523 0
33578 0
33707 0
33927 0
33935 0
33974 0
33987 0
34077 0
34188 0
34195 0
34246 0
34335 0
34343 0
34404 0
34454 0
34458 0
34463 0
34473 0
34488 0
34588 0
34591 0
34651 0
34656 0
34672 0
34767 0
34866 0
34969 0
35013 0
35024 0
35064 0
35319 0
35337 0
35342 0
35348 0
35360 0
35371 0
35424 0
35463 0
35491 0
35496 0
35574 0
35598 0
35643 0
35670 0
35714 0
35756 0
35783 0
35785 0
35843 0
35870 0
35874 0
35882 0
35884 0
35897 0
35917 0
35956 0
35959 0
35961 0
36328 0
36434 0
36525 0
36556 0
36573 0
36574 0
36650 0
36655 0
36716 0
36810 0
36872 0
37016 0
37034 0
37179 0
37193 0
37210 0
37271 0
37283 0
37300 0
37388 0
37429 0
37447 0
37505 0
37552 0
37558 0
37586 0
37602 0
37636 0
37658 0
37676 0
37701 0
37757 0
37760 0
37933 0
37965 0
38015 0
38110 0
38163 0
38211 0
38279 0
38316 0
38435 0
38458 0
38538 0
38549 0
38569 0
38596 0
38602 0
38711 0
38737 0
38807 0
38842 0
38928 0
38942 0
38945 0
38951 0
38988 0
39052 0
39059 0
39104 0
39122 0
39237 0
39241 0
39265 0
39353 0
39386 0
39390 0
39416 0
39541 0
39542 0
39587 0
39601 0
39616 0
39715 0
39749 0
39760 0
39817 0
39843 0
39846 0
39892 0
39984 0
40050 0
40099 0
40145 0
40175 0
40178 0
40182 0
40191 0
40195 0
40199 0
40225 0
40262 0
40345 0
40381 0
40398 0
40453 0
40498 0
40536 0
40595 0
40625 0
40808 0
40823 0
40889 0
40932 0
40973 0
41062 0
41174 0
41220 0
41233 0
41234 0
41252 0
41364 0
41398 0
41412 0
41463 0
41633 0
41761 0
41765 0
41986 0
42001 0
42158 0
42174 0
42207 0
42305 0
42314 0
42351 0
42394 0
42430 0
42433 0
42457 0
42513 0
42559 0
42691 0
42709 0
42721 0
42722 0
42758 0
42765 0
42767 0
42805 0
42876 0
42882 0
42886 0
42889 0
42978 0
42986 0
43030 0
43095 0
43122 0
43132 0
43165 0
43187 0
43246 0
43252 0
43382 0
43425 0
43548 0
43557 0
43609 0
43646 0
43746 0
43802 0
43827 0
43854 0
43898 0
43900 0
43901 0
43921 0
43934 0
44002 0
44105 0
44196 0
44270 0
44271 0
44284 0
44308 0
44347 0
44352 0
44377 0
44465 0
44502 0
44532 0
44571 0
44577 0
44586 0
44603 0
44716 0
44776 0
44822 0
44863 0
44902 0
44912 0
44946 0
45086 0
45149 0
45408 0
45413 0
45433 0
45500 0
45561 0
45566 0
45580 0
45593 0
45629 0
45666 0
45670 0
45680 0
45733 0
45807 0
45854 0
45855 0
45859 0
45880 0
45882 0
45899 0
45915 0
45926 0
45935 0
45977 0
46107 0
46159 0
46165 0
46231 0
46257 0
46280 0
46301 0
46383 0
46427 0
46506 0
46530 0
46604 0
46752 0
46808 0
46872 0
46887 0
47000 0
47081 0
47087 0
47100 0
47110 0
47116 0
47121 0
47192 0
47230 0
47347 0
47384 0
47429 0
47452 0
47501 0
47594 0
47631 0
47655 0
47754 0
47805 0
47811 0
47862 0
47885 0
47984 0
48019 0
48022 0
48087 0
48090 0
48118 0
48171 0
48193 0
48222 0
48457 0
48504 0
48585 0
48657 0
48660 0
48716 0
48764 0
48787 0
48792 0
48830 0
48876 0
48888 0
48897 0
48909 0
48995 0
49074 0
49218 0
49257 0
49343 0
49346 0
49445 0
49448 0
49461 0
49482 0
49516 0
49565 0
49764 0
49858 0
49940 0
49998 0
50039 0
50118 0
50145 0
50151 0
50170 0
50176 0
50236 0
50245 0
50301 0
50305 0
50323 0
50334 0
50436 0
50440 0
50462 0
50581 0
50623 0
50761 0
50892 0
50992 0
51008 0
51049 0
51078 0
51109 0
51110 0
51147 0
51189 0
51226 0
51293 0
51343 0
51383 0
51443 0
51457 0
51490 0
51509 0
51524 0
51533 0
51543 0
51563 0
51604 0
51612 0
51702 0
51711 0
51771 0
51774 0
51796 0
51885 0
52044 0
52146 0
52213 0
52278 0
52355 0
52533 0
52627 0
52663 0
52746 0
52870 0
53006 0
53105 0
53112 0
53196 0
53210 0
53227 0
53243 0
53250 0
53326 0
53456 0
53562 0
53660 0
53692 0
53792 0
53812 0
53814 0
53939 0
53967 0
54081 0
54099 0
54163 0
54324 0
54450 0
54587 0
54602 0
54620 0
54694 0
54753 0
54764 0
54785 0
54812 0
54855 0
54900 0
54902 0
54935 0
55002 0
55071 0
55105 0
55205 0
55265 0
55287 0
55302 0
55357 0
55467 0
55531 0
55604 0
55647 0
55673 0
55676 0
55694 0
55730 0
55768 0
55793 0
55841 0
55865 0
55881 0
55890 0
55906 0
56051 0
56054 0
56108 0
56111 0
56176 0
56191 0
56201 0
56211 0
56245 0
56258 0
56277 0
56299 0
56303 0
56353 0
56586 0
56649 0
56656 0
56693 0
56715 0
56732 0
56781 0
56913 0
56986 0
57061 0
57081 0
57211 0
57217 0
57252 0
57523 0
57649 0
57663 0
57695 0
57696 0
57768 0
57786 0
57803 0
57816 0
57837 0
57841 0
57934 0
58143 0
58150 0
58179 0
58358 0
58399 0
58433 0
58449 0
58471 0
58477 0
58512 0
58529 0
58560 0
58565 0
58637 0
58678 0
58681 0
58692 0
58729 0
58834 0
58868 0
58957 0
59004 0
59184 0
59211 0
59215 0
59251 0
59277 0
59278 0
59347 0
59533 0
59564 0
59593 0
59650 0
59682 0
59771 0
59919 0
59926 0
59955 0
60101 0
60113 0
60133 0
60152 0
60325 0
60356 0
60537 0
60886 0
60915 0
60944 0
60953 0
61134 0
61271 0
61317 0
61373 0
61377 0
61411 0
61421 0
61430 0
61449 0
61518 0
61553 0
61559 0
61669 0
61704 0
61773 0
61795 0
61823 0
61827 0
61927 0
61929 0
61978 0
61980 0
62015 0
62075 0
62137 0
62138 0
62140 0
62145 0
62172 0
62180 0
62278 0
62369 0
62444 0
62449 0
62539 0
62572 0
62595 0
62625 0
62654 0
62677 0
62845 0
62900 0
62907 0
62976 0
63103 0
63154 0
63288 0
63328 0
63344 0
63370 0
63413 0
63437 0
63454 0
63485 0
63779 0
63789 0
63832 0
63901 0
63917 0
63927 0
63967 0
64015 0
64024 0
64034 0
64095 0
64120 0
64306 0
64366 0
64369 0
64404 0
64455 0
64474 0
64483 0
64525 0
64529 0
64576 0
64764 0
64779 0
64780 0
64854 0
64891 0
64898 0
64912 0
64915 0
64958 0
65281 0
65392 0
65414 0
65440 0
65463 0
65502 0
65577 0
65617 0
65638 0
65646 0
65666 0
65688 0
65866 0
65892 0
65902 0
65919 0
65926 0
65938 0
65942 0
65943 0
65997 0
66012 0
66039 0
66062 0
66063 0
66106 0
66127 0
66133 0
66158 0
66277 0
66304 0
66339 0
66347 0
66390 0
66415 0
66419 0
66610 0
66666 0
66671 0
66700 0
66782 0
66800 0
66818 0
66871 0
66879 0
66914 0
66950 0
66978 0
67028 0
67065 0
67117 0
67123 0
67187 0
67425 0
67435 0
67482 0
67527 0
67550 0
67618 0
67662 0
67732 0
67802 0
67803 0
67808 0
67865 0
67937 0
68005 0
68008 0
68063 0
68119 0
68229 0
68296 0
68313 0
68349 0
68359 0
68431 0
68443 0
68473 0
68553 0
68572 0
68598 0
68768 0
68854 0
68905 0
68954 0
68963 0
69006 0
69025 0
69047 0
69052 0
69097 0
69126 0
69187 0
69223 0
69242 0
69283 0
69291 0
69314 0
69347 0
69378 0
69474 0
69475 0
69506 0
69639 0
69666 0
69733 0
69880 0
69892 0
69914 0
69952 0
70184 0
70240 0
70273 0
70324 0
70355 0
70459 0
70599 0
70609 0
70659 0
70733 0
70759 0
70854 0
70913 0
70939 0
70958 0
70960 0
70979 0
70986 0
71000 0
71086 0
71112 0
71150 0
71210 0
71223 0
71226 0
71304 0
71361 0
71384 0
71419 0
71430 0
71456 0
71462 0
71475 0
71487 0
71579 0
71604 0
71606 0
71658 0
71761 0
71781 0
71814 0
71826 0
71882 0
71915 0
72110 0
72129 0
72137 0
72150 0
72252 0
72341 0
72424 0
72431 0
72469 0
72478 0
72481 0
72577 0
72584 0
72672 0
72781 0
72782 0
72789 0
72807 0
72864 0
72914 0
72927 0
73127 0
73162 0
73201 0
73205 0
73365 0
73370 0
73379 0
73398 0
73427 0
73568 0
73671 0
73745 0
73747 0
73795 0
74142 0
74152 0
74161 0
74172 0
74207 0
74222 0
74263 0
74291 0
74339 0
74396 0
74514 0
74517 0
74519 0
74581 0
74609 0
74634 0
74696 0
74814 0
75091 0
75093 0
75125 0
75135 0
75168 0
75172 0
75198 0
75274 0
75285 0
75288 0
75290 0
75372 0
75598 0
75607 0
75609 0
75901 0
75904 0
75930 0
76029 0
76216 0
76263 0
76335 0
76385 0
76419 0
76431 0
76571 0
76606 0
76700 0
76838 0
77017 0
77046 0
77073 0
77076 0
77083 0
77089 0
77114 0
77134 0
77173 0
77326 0
77335 0
77393 0
77410 0
77488 0
77536 0
77594 0
77617 0
77733 0
77773 0
77789 0
77808 0
77825 0
77849 0
77887 0
77895 0
77929 0
78034 0
78109 0
78165 0
78175 0
78230 0
78233 0
78303 0
78314 0
78347 0
78405 0
78406 0
78431 0
78525 0
78650 0
78662 0
78693 0
78711 0
78747 0
78804 0
78816 0
78835 0
78917 0
78990 0
78997 0
79005 0
79040 0
79043 0
79051 0
79112 0
79114 0
79133 0
79140 0
79156 0
79177 0
79237 0
79370 0
79378 0
79387 0
79525 0
79556 0
79611 0
79669 0
79774 0
79785 0
79794 0
79802 0
79816 0
79843 0
79973 0
80148 0
80212 0
80252 0
80316 0
80327 0
80428 0
80445 0
80620 0
80792 0
80832 0
80838 0
80847 0
80922 0
80931 0
80940 0
80964 0
80967 0
80976 0
80982 0
81010 0
81035 0
81086 0
81098 0
81125 0
81247 0
81330 0
81346 0
81379 0
81384 0
81555 0
81571 0
81595 0
81601 0
81668 0
81690 0
81712 0
81758 0
81767 0
81883 0
81918 0
81935 0
81944 0
82095 0
82098 0
82112 0
82267 0
82283 0
82326 0
82351 0
82372 0
82387 0
82393 0
82460 0
82465 0
82541 0
82550 0
82562 0
82563 0
82573 0
82579 0
82608 0
82617 0
82823 0
82884 0
82894 0
82915 0
83020 0
83067 0
83073 0
83089 0
83091 0
83114 0
83131 0
83134 0
83174 0
83274 0
83278 0
83318 0
83335 0
83357 0
83408 0
83484 0
83501 0
83585 0
83616 0
83656 0
83699 0
83853 0
83870 0
83910 0
83959 0
83972 0
84021 0
84067 0
84220 0
84290 0
84336 0
84411 0
84452 0
84458 0
84460 0
84499 0
84534 0
84576 0
84586 0
84607 0
84669 0
84733 0
84766 0
84839 0
84878 0
84928 0
84965 0
84967 0
84971 0
85037 0
85043 0
85104 0
85135 0
85144 0
85145 0
85169 0
85279 0
85299 0
85300 0
85386 0
85411 0
85493 0
85543 0
85554 0
85638 0
85655 0
85656 0
85732 0
85738 0
85788 0
85809 0
85827 0
85829 0
85870 0
85892 0
85915 0
86038 0
86077 0
86138 0
86188 0
86223 0
86225 0
86253 0
86291 0
86323 0
86394 0
86417 0
86444 0
86470 0
86515 0
86634 0
86644 0
86689 0
86694 0
86712 0
86822 0
86835 0
86874 0
86904 0
86981 0
86986 0
86996 0
87009 0
87299 0
87322 0
87351 0
87364 0
87406 0
87423 0
87469 0
87533 0
87548 0
87572 0
87600 0
87611 0
87647 0
87693 0
87714 0
87718 0
87763 0
87795 0
87808 0
87851 0
87854 0
87957 0
88012 0
88079 0
88108 0
88109 0
88121 0
88128 0
88264 0
88364 0
88449 0
88488 0
88507 0
88538 0
88611 0
88638 0
88813 0
88881 0
88886 0
88889 0
88902 0
88903 0
88940 0
88950 0
88956 0
89010 0
89039 0
89068 0
89198 0
89235 0
89269 0
89297 0
89311 0
89324 0
89491 0
89510 0
89546 0
89610 0
89640 0
89720 0
89739 0
89790 0
89980 0
90093 0
90141 0
90174 0
90342 0
90374 0
90503 0
90532 0
90832 0
90851 0
90911 0
90917 0
90945 0
90992 0
91015 0
91032 0
91068 0
91259 0
91289 0
91306 0
91328 0
91485 0
91495 0
91565 0
91609 0
91713 0
91731 0
91870 0
91904 0
91989 0
91999 0
92065 0
92072 0
92131 0
92158 0
92224 0
92271 0
92296 0
92299 0
92321 0
92349 0
92361 0
92399 0
92500 0
92534 0
92543 0
92615 0
92679 0
92706 0
92787 0
92840 0
92932 0
92942 0
93093 0
93103 0
93115 0
93223 0
93228 0
93257 0
93273 0
93397 0
93411 0
93412 0
93460 0
93495 0
93501 0
93525 0
93569 0
93592 0
93605 0
93681 0
93785 0
93787 0
93859 0
93861 0
93912 0
93917 0
93922 0
93938 0
93957 0
94050 0
94065 0
94106 0
94118 0
94130 0
94153 0
94172 0
94210 0
94239 0
94260 0
94295 0
94335 0
94415 0
94420 0
94499 0
94568 0
94573 0
94599 0
94613 0
94635 0
94681 0
94725 0
94732 0
94808 0
94921 0
94978 0
95114 0
95171 0
95227 0
95278 0
95355 0
95420 0
95434 0
95436 0
95500 0
95513 0
95532 0
95587 0
95616 0
95648 0
95861 0
95865 0
95943 0
95980 0
96009 0
96080 0
96082 0
96106 0
96119 0
96236 0
96253 0
96263 0
96294 0
96310 0
96373 0
96381 0
96392 0
96479 0
96507 0
96554 0
96560 0
96591 0
96730 0
96755 0
96912 0
96956 0
96957 0
97013 0
97063 0
97160 0
97239 0
97315 0
97365 0
97466 0
97556 0
97715 0
97770 0
97791 0
97927 0
98059 0
98070 0
98094 0
98096 0
98099 0
98115 0
98193 0
98239 0
98245 0
98346 0
98424 0
98467 0
98482 0
98497 0
98798 0
98849 0
98852 0
98854 0
98899 0
98935 0
99058 0
99148 0
99186 0
99236 0
99299 0
99335 0
99408 0
99410 0
99508 0
99524 0
99548 0
99676 0
99677 0
99718 0
99831 0
99867 0
