c This is a uniform distributed  1-D DIMACS file 
c width height point_number
p 100000 100000 2048
63 0
117 0
125 0
147 0
180 0
194 0
212 0
216 0
219 0
332 0
408 0
522 0
525 0
585 0
634 0
657 0
669 0
710 0
749 0
849 0
927 0
967 0
1069 0
1090 0
1091 0
1174 0
1240 0
1312 0
1351 0
1379 0
1407 0
1449 0
1462 0
1474 0
1506 0
1554 0
1590 0
1598 0
1651 0
1654 0
1658 0
1743 0
1788 0
1860 0
1947 0
1967 0
1999 0
2017 0
2023 0
2026 0
2047 0
2100 0
2129 0
2158 0
2165 0
2170 0
2181 0
2205 0
2216 0
2235 0
2373 0
2515 0
2532 0
2616 0
2672 0
2697 0
2710 0
2758 0
2796 0
2799 0
2875 0
2935 0
3016 0
3023 0
3049 0
3056 0
3058 0
3109 0
3127 0
3129 0
3189 0
3197 0
3261 0
3342 0
3413 0
3457 0
3458 0
3561 0
3608 0
3625 0
3627 0
3673 0
3677 0
3679 0
3690 0
3694 0
3717 0
3807 0
3952 0
3966 0
3979 0
4114 0
4138 0
4155 0
4157 0
4246 0
4250 0
4300 0
4369 0
4372 0
4380 0
4450 0
4488 0
4577 0
4733 0
4890 0
4994 0
5066 0
5082 0
5105 0
5180 0
5258 0
5340 0
5341 0
5372 0
5465 0
5497 0
5527 0
5555 0
5600 0
5678 0
5749 0
5779 0
5840 0
5859 0
5899 0
6099 0
6123 0
6134 0
6345 0
6491 0
6521 0
6554 0
6573 0
6581 0
6624 0
6644 0
6703 0
6704 0
6734 0
6738 0
6887 0
6889 0
6947 0
6969 0
6993 0
7000 0
7112 0
7162 0
7232 0
7353 0
7356 0
7386 0
7407 0
7445 0
7476 0
7550 0
7591 0
7656 0
7704 0
7768 0
7803 0
7811 0
7840 0
7842 0
7968 0
7984 0
7992 0
8050 0
8292 0
8387 0
8445 0
8518 0
8598 0
8614 0
8664 0
8674 0
8694 0
8709 0
8732 0
8736 0
8737 0
8755 0
8867 0
8890 0
8994 0
9034 0
9045 0
9106 0
9184 0
9250 0
9274 0
9354 0
9358 0
9491 0
9589 0
9612 0
9625 0
9641 0
9644 0
9763 0
9828 0
9876 0
9938 0
9963 0
10082 0
10101 0
10180 0
10230 0
10241 0
10265 0
10298 0
10311 0
10339 0
10370 0
10474 0
10630 0
10771 0
10775 0
10777 0
10875 0
10909 0
10960 0
10984 0
11007 0
11096 0
11105 0
11156 0
11287 0
11353 0
11401 0
11431 0
11492 0
11618 0
11633 0
11664 0
11676 0
11708 0
11735 0
11775 0
11779 0
11781 0
11875 0
11917 0
11966 0
11991 0
12036 0
12072 0
12098 0
12131 0
12132 0
12220 0
12242 0
12277 0
12300 0
12392 0
12400 0
12411 0
12455 0
12457 0
12463 0
12526 0
12601 0
12647 0
12689 0
12955 0
13012 0
13042 0
13091 0
13103 0
13105 0
13109 0
13210 0
13307 0
13414 0
13453 0
13484 0
13490 0
13541 0
13642 0
13647 0
13677 0
13687 0
13762 0
13804 0
13820 0
13858 0
14092 0
14129 0
14203 0
14227 0
14232 0
14242 0
14306 0
14405 0
14417 0
14422 0
14430 0
14658 0
14757 0
14839 0
14993 0
14997 0
15080 0
15105 0
15124 0
15150 0
15211 0
15230 0
15245 0
15367 0
15395 0
15414 0
15416 0
15436 0
15469 0
15472 0
15575 0
15637 0
15642 0
15678 0
15751 0
15780 0
15795 0
15868 0
15920 0
15941 0
15991 0
15992 0
16008 0
16094 0
16102 0
16138 0
16219 0
16225 0
16256 0
16292 0
16391 0
16408 0
16660 0
16749 0
16766 0
16823 0
16844 0
16859 0
16911 0
16923 0
16930 0
16947 0
16997 0
17014 0
17095 0
17102 0
17143 0
17165 0
17194 0
17229 0
17300 0
17422 0
17423 0
17440 0
17481 0
17498 0
17563 0
17566 0
17569 0
17683 0
17684 0
17716 0
17767 0
17815 0
17820 0
18006 0
18008 0
18084 0
18110 0
18128 0
18176 0
18190 0
18191 0
18241 0
18285 0
18307 0
18338 0
18382 0
18388 0
18392 0
18443 0
18511 0
18542 0
18552 0
18554 0
18578 0
18616 0
18657 0
18779 0
18796 0
18835 0
18836 0
18888 0
19092 0
19094 0
19122 0
19378 0
19520 0
19529 0
19690 0
19699 0
19741 0
19815 0
19833 0
19839 0
19863 0
19873 0
19916 0
19970 0
20016 0
20037 0
20046 0
20063 0
20168 0
20194 0
20210 0
20277 0
20294 0
20315 0
20333 0
20414 0
20422 0
20425 0
20431 0
20489 0
20505 0
20547 0
20618 0
20625 0
20661 0
20799 0
20832 0
20846 0
20868 0
20945 0
20978 0
20979 0
21086 0
21093 0
21152 0
21161 0
21309 0
21326 0
21338 0
21355 0
21357 0
21377 0
21382 0
21401 0
21426 0
21522 0
21625 0
21626 0
21629 0
21947 0
21985 0
22003 0
22070 0
22179 0
22296 0
22342 0
22404 0
22525 0
22589 0
22645 0
22689 0
22691 0
22719 0
22741 0
22822 0
22837 0
22864 0
22909 0
22933 0
23028 0
23129 0
23146 0
23171 0
23316 0
23320 0
23348 0
23357 0
23362 0
23390 0
23414 0
23441 0
23547 0
23683 0
23715 0
23771 0
23799 0
23857 0
24011 0
24026 0
24062 0
24126 0
24279 0
24314 0
24479 0
24616 0
24631 0
24672 0
24688 0
24720 0
24742 0
24763 0
24789 0
24865 0
24887 0
24972 0
25012 0
25124 0
25159 0
25233 0
25237 0
25273 0
25313 0
25314 0
25379 0
25460 0
25535 0
25609 0
25678 0
25711 0
25791 0
25833 0
25852 0
25901 0
26002 0
26003 0
26015 0
26091 0
26140 0
26224 0
26226 0
26346 0
26365 0
26413 0
26432 0
26447 0
26495 0
26504 0
26509 0
26574 0
26613 0
26684 0
26773 0
26827 0
26956 0
27058 0
27077 0
27123 0
27179 0
27210 0
27270 0
27429 0
27431 0
27436 0
27473 0
27540 0
27554 0
27586 0
27588 0
27595 0
27633 0
27716 0
27784 0
27794 0
27795 0
27910 0
27924 0
27963 0
28038 0
28065 0
28098 0
28165 0
28219 0
28259 0
28399 0
28409 0
28410 0
28536 0
28545 0
28625 0
28628 0
28668 0
28747 0
28787 0
28839 0
28889 0
28952 0
29022 0
29053 0
29199 0
29248 0
29259 0
29318 0
29346 0
29386 0
29492 0
29664 0
29707 0
29737 0
29771 0
29813 0
29936 0
30134 0
30179 0
30240 0
30266 0
30308 0
30341 0
30357 0
30367 0
30431 0
30444 0
30489 0
30500 0
30544 0
30556 0
30645 0
30646 0
30708 0
30726 0
30754 0
30769 0
30783 0
30842 0
30908 0
30924 0
30935 0
30985 0
31000 0
31006 0
31020 0
31035 0
31062 0
31071 0
31093 0
31203 0
31236 0
31265 0
31430 0
31446 0
31574 0
31750 0
31770 0
31790 0
31919 0
31920 0
31958 0
32038 0
32039 0
32229 0
32242 0
32427 0
32484 0
32495 0
32519 0
32572 0
32679 0
32684 0
32760 0
32781 0
32783 0
32816 0
32825 0
32898 0
33050 0
33088 0
33101 0
33139 0
33150 0
33162 0
33168 0
33180 0
33217 0
33308 0
33312 0
33400 0
33466 0
33521 0
33534 0
33577 0
33698 0
33738 0
33768 0
33782 0
33857 0
33943 0
33950 0
33954 0
33992 0
34017 0
34063 0
34211 0
34272 0
34369 0
34386 0
34592 0
34677 0
34693 0
34715 0
34757 0
34786 0
34868 0
34885 0
34899 0
34924 0
34960 0
35057 0
35085 0
35092 0
35145 0
35248 0
35261 0
35300 0
35350 0
35438 0
35529 0
35570 0
35637 0
35649 0
35753 0
35996 0
36004 0
36111 0
36202 0
36236 0
36289 0
36372 0
36431 0
36443 0
36491 0
36500 0
36562 0
36611 0
36637 0
36656 0
36666 0
36701 0
36719 0
36748 0
36806 0
36922 0
36956 0
36989 0
37040 0
37092 0
37104 0
37115 0
37204 0
37317 0
37333 0
37352 0
37520 0
37531 0
37722 0
37737 0
37814 0
37989 0
38026 0
38084 0
38203 0
38263 0
38410 0
38416 0
38468 0
38476 0
38498 0
38548 0
38606 0
38625 0
38691 0
38767 0
38852 0
38857 0
38926 0
38947 0
39020 0
39195 0
39215 0
39280 0
39299 0
39386 0
39391 0
39397 0
39398 0
39453 0
39492 0
39494 0
39499 0
39528 0
39552 0
39607 0
39644 0
39708 0
39737 0
39772 0
39789 0
39976 0
40047 0
40063 0
40107 0
40187 0
40286 0
40331 0
40348 0
40388 0
40410 0
40438 0
40492 0
40609 0
40746 0
40797 0
40807 0
40813 0
41052 0
41085 0
41088 0
41112 0
41118 0
41255 0
41300 0
41324 0
41414 0
41417 0
41439 0
41513 0
41568 0
41583 0
41592 0
41748 0
41794 0
42001 0
42027 0
42285 0
42293 0
42352 0
42357 0
42506 0
42519 0
42583 0
42591 0
42630 0
42669 0
42683 0
42771 0
42834 0
42839 0
42842 0
42909 0
42982 0
43105 0
43214 0
43228 0
43314 0
43328 0
43349 0
43395 0
43399 0
43411 0
43500 0
43514 0
43669 0
43681 0
43726 0
43762 0
43845 0
43907 0
43927 0
43937 0
44073 0
44175 0
44215 0
44222 0
44233 0
44259 0
44341 0
44342 0
44444 0
44485 0
44521 0
44587 0
44640 0
44695 0
44725 0
44793 0
44833 0
44848 0
44857 0
44879 0
44907 0
45039 0
45053 0
45141 0
45260 0
45334 0
45366 0
45383 0
45512 0
45529 0
45554 0
45559 0
45564 0
45800 0
45817 0
45900 0
45952 0
46105 0
46126 0
46154 0
46186 0
46234 0
46441 0
46465 0
46491 0
46525 0
46552 0
46577 0
46584 0
46719 0
46737 0
46751 0
46752 0
46823 0
46825 0
46845 0
46902 0
46959 0
46964 0
47132 0
47310 0
47334 0
47407 0
47418 0
47449 0
47510 0
47520 0
47598 0
47639 0
48020 0
48085 0
48125 0
48147 0
48194 0
48406 0
48475 0
48580 0
48786 0
48878 0
48933 0
48991 0
49027 0
49056 0
49063 0
49132 0
49133 0
49137 0
49228 0
49255 0
49263 0
49358 0
49387 0
49477 0
49579 0
49586 0
49606 0
49631 0
49663 0
49676 0
49709 0
49755 0
49771 0
49880 0
49924 0
49925 0
49991 0
50008 0
50021 0
50023 0
50028 0
50041 0
50095 0
50154 0
50175 0
50178 0
50279 0
50299 0
50349 0
50403 0
50447 0
50448 0
50498 0
50532 0
50538 0
50619 0
50660 0
50738 0
50970 0
51015 0
51191 0
51228 0
51252 0
51377 0
51406 0
51479 0
51511 0
51552 0
51671 0
51697 0
51818 0
51868 0
51894 0
51986 0
52050 0
52057 0
52106 0
52170 0
52193 0
52195 0
52363 0
52460 0
52486 0
52525 0
52595 0
52614 0
52667 0
52738 0
52783 0
52821 0
52987 0
53008 0
53014 0
53093 0
53095 0
53103 0
53182 0
53213 0
53313 0
53335 0
53399 0
53426 0
53454 0
53455 0
53464 0
53568 0
53690 0
53737 0
53758 0
53856 0
53884 0
53897 0
53967 0
53985 0
54000 0
54010 0
54044 0
54047 0
54063 0
54095 0
54129 0
54164 0
54202 0
54411 0
54474 0
54509 0
54521 0
54635 0
54692 0
54710 0
54795 0
54800 0
54885 0
54980 0
54982 0
55042 0
55092 0
55142 0
55196 0
55324 0
55352 0
55411 0
55414 0
55449 0
55480 0
55513 0
55587 0
55595 0
55725 0
55893 0
55913 0
56006 0
56050 0
56063 0
56064 0
56080 0
56143 0
56213 0
56231 0
56260 0
56419 0
56465 0
56489 0
56532 0
56606 0
56621 0
56631 0
56639 0
56641 0
56657 0
56761 0
56763 0
56803 0
56893 0
56937 0
56960 0
56972 0
56981 0
56983 0
57002 0
57337 0
57372 0
57424 0
57427 0
57444 0
57456 0
57583 0
57614 0
57616 0
57754 0
57765 0
57796 0
57818 0
57834 0
57841 0
57843 0
57923 0
57946 0
57949 0
57951 0
57989 0
58035 0
58252 0
58306 0
58373 0
58435 0
58467 0
58492 0
58545 0
58559 0
58588 0
58758 0
58874 0
58908 0
59119 0
59125 0
59164 0
59245 0
59290 0
59315 0
59355 0
59376 0
59379 0
59384 0
59415 0
59585 0
59609 0
59734 0
59743 0
59761 0
59869 0
60029 0
60170 0
60195 0
60211 0
60265 0
60266 0
60268 0
60294 0
60303 0
60345 0
60397 0
60417 0
60511 0
60516 0
60535 0
60550 0
60557 0
60572 0
60624 0
60651 0
60676 0
60678 0
60696 0
60699 0
60702 0
60735 0
60787 0
60905 0
60932 0
60959 0
61059 0
61064 0
61087 0
61103 0
61158 0
61187 0
61351 0
61458 0
61536 0
61599 0
61642 0
61667 0
61674 0
61757 0
61858 0
61937 0
62020 0
62107 0
62210 0
62246 0
62398 0
62530 0
62570 0
62609 0
62746 0
62809 0
62828 0
62866 0
62941 0
63014 0
63030 0
63048 0
63133 0
63141 0
63270 0
63280 0
63399 0
63424 0
63427 0
63448 0
63477 0
63590 0
63601 0
63640 0
63680 0
63747 0
63927 0
64047 0
64076 0
64123 0
64197 0
64208 0
64210 0
64228 0
64238 0
64258 0
64282 0
64387 0
64398 0
64450 0
64473 0
64486 0
64523 0
64588 0
64598 0
64611 0
64690 0
64718 0
64802 0
64807 0
64820 0
64884 0
64994 0
65002 0
65016 0
65082 0
65098 0
65116 0
65127 0
65285 0
65299 0
65300 0
65301 0
65308 0
65518 0
65628 0
65665 0
65666 0
65680 0
65734 0
65742 0
66044 0
66050 0
66058 0
66081 0
66109 0
66167 0
66228 0
66229 0
66236 0
66278 0
66301 0
66305 0
66394 0
66694 0
66711 0
66727 0
66837 0
66856 0
66875 0
66934 0
66956 0
66966 0
67025 0
67028 0
67093 0
67155 0
67221 0
67227 0
67292 0
67420 0
67501 0
67550 0
67624 0
67709 0
67717 0
67730 0
67754 0
67801 0
67818 0
67863 0
67881 0
67905 0
67911 0
68002 0
68057 0
68067 0
68068 0
68086 0
68169 0
68175 0
68224 0
68251 0
68256 0
68264 0
68286 0
68304 0
68307 0
68325 0
68342 0
68430 0
68453 0
68603 0
68608 0
68609 0
68670 0
68709 0
68722 0
68728 0
68737 0
68781 0
68784 0
68787 0
68805 0
68817 0
68939 0
69125 0
69182 0
69199 0
69258 0
69261 0
69318 0
69430 0
69440 0
69516 0
69797 0
69798 0
69822 0
69881 0
69932 0
69957 0
69978 0
70043 0
70071 0
70085 0
70090 0
70275 0
70323 0
70423 0
70469 0
70490 0
70585 0
70643 0
70646 0
70672 0
70716 0
70737 0
70762 0
70771 0
70896 0
70908 0
70929 0
70950 0
70976 0
71099 0
71131 0
71253 0
71281 0
71340 0
71405 0
71542 0
71544 0
71587 0
71644 0
71660 0
71675 0
71743 0
71745 0
71780 0
71781 0
71790 0
71816 0
71820 0
71835 0
71844 0
71912 0
71957 0
72054 0
72119 0
72140 0
72183 0
72193 0
72199 0
72253 0
72270 0
72307 0
72312 0
72448 0
72453 0
72485 0
72523 0
72550 0
72565 0
72568 0
72589 0
72650 0
72734 0
72790 0
72799 0
72809 0
72815 0
72821 0
73015 0
73171 0
73200 0
73345 0
73359 0
73408 0
73483 0
73490 0
73543 0
73654 0
73683 0
73776 0
73783 0
73804 0
73838 0
73846 0
73957 0
73966 0
73978 0
73997 0
74024 0
74217 0
74236 0
74299 0
74316 0
74328 0
74365 0
74423 0
74470 0
74477 0
74518 0
74597 0
74650 0
74664 0
74700 0
74769 0
74775 0
74795 0
74806 0
74820 0
74914 0
74929 0
74989 0
75001 0
75017 0
75036 0
75041 0
75111 0
75128 0
75133 0
75135 0
75360 0
75486 0
75548 0
75553 0
75558 0
75563 0
75741 0
75763 0
75853 0
75911 0
75915 0
75918 0
75925 0
76055 0
76108 0
76336 0
76379 0
76483 0
76546 0
76559 0
76585 0
76595 0
76625 0
76631 0
76651 0
76710 0
76762 0
76814 0
76840 0
76865 0
76899 0
76923 0
76928 0
76963 0
77019 0
77032 0
77073 0
77135 0
77168 0
77172 0
77233 0
77241 0
77300 0
77375 0
77400 0
77418 0
77512 0
77556 0
77610 0
77636 0
77770 0
77778 0
77819 0
77827 0
77852 0
77975 0
77986 0
77987 0
78048 0
78088 0
78092 0
78147 0
78309 0
78324 0
78359 0
78429 0
78448 0
78476 0
78557 0
78613 0
78659 0
78701 0
78720 0
78746 0
78748 0
78755 0
78935 0
78981 0
79014 0
79028 0
79035 0
79092 0
79152 0
79217 0
79267 0
79269 0
79396 0
79408 0
79457 0
79505 0
79518 0
79604 0
79663 0
79719 0
79796 0
79843 0
79896 0
79909 0
79917 0
79945 0
79947 0
79953 0
79968 0
80014 0
80023 0
80042 0
80064 0
80096 0
80183 0
80197 0
80263 0
80277 0
80320 0
80425 0
80560 0
80600 0
80725 0
80751 0
80783 0
80785 0
80820 0
80970 0
81011 0
81020 0
81055 0
81122 0
81168 0
81243 0
81302 0
81501 0
81578 0
81641 0
81676 0
81782 0
81873 0
81968 0
81984 0
82009 0
82012 0
82026 0
82033 0
82052 0
82105 0
82147 0
82183 0
82213 0
82302 0
82318 0
82345 0
82445 0
82449 0
82498 0
82546 0
82570 0
82592 0
82611 0
82635 0
82644 0
82651 0
82745 0
82782 0
82836 0
82839 0
82951 0
82989 0
83062 0
83235 0
83260 0
83380 0
83382 0
83441 0
83464 0
83478 0
83508 0
83535 0
83596 0
83716 0
83758 0
83988 0
84061 0
84102 0
84118 0
84148 0
84150 0
84161 0
84173 0
84247 0
84309 0
84406 0
84420 0
84491 0
84513 0
84577 0
84668 0
84689 0
84721 0
84735 0
84760 0
84777 0
84802 0
84863 0
84920 0
84957 0
84994 0
85022 0
85041 0
85175 0
85305 0
85447 0
85475 0
85494 0
85552 0
85572 0
85579 0
85593 0
85697 0
85703 0
85790 0
85800 0
85808 0
85829 0
85836 0
85927 0
85946 0
85975 0
86067 0
86102 0
86148 0
86179 0
86189 0
86201 0
86206 0
86283 0
86289 0
86346 0
86380 0
86398 0
86432 0
86454 0
86589 0
86665 0
86675 0
86709 0
86734 0
86747 0
86778 0
86812 0
86932 0
87158 0
87235 0
87312 0
87450 0
87553 0
87572 0
87611 0
87627 0
87683 0
87765 0
87843 0
87869 0
87879 0
87898 0
87907 0
87929 0
87942 0
87946 0
87978 0
87990 0
88064 0
88134 0
88169 0
88250 0
88264 0
88281 0
88358 0
88388 0
88490 0
88535 0
88556 0
88594 0
88692 0
88697 0
88735 0
88842 0
88844 0
88898 0
88906 0
89035 0
89170 0
89211 0
89212 0
89330 0
89343 0
89410 0
89419 0
89431 0
89523 0
89601 0
89612 0
89623 0
89668 0
89689 0
89831 0
89851 0
89866 0
89932 0
89979 0
90170 0
90208 0
90283 0
90298 0
90383 0
90410 0
90498 0
90511 0
90604 0
90654 0
90886 0
90896 0
90973 0
91011 0
91016 0
91083 0
91232 0
91250 0
91257 0
91502 0
91594 0
91600 0
91614 0
91657 0
91713 0
91748 0
91765 0
91774 0
91954 0
91962 0
91982 0
92056 0
92070 0
92113 0
92119 0
92232 0
92294 0
92380 0
92389 0
92471 0
92495 0
92500 0
92562 0
92683 0
92698 0
92744 0
92771 0
92864 0
92876 0
92887 0
92902 0
92955 0
92964 0
93005 0
93009 0
93068 0
93105 0
93111 0
93129 0
93184 0
93226 0
93245 0
93250 0
93252 0
93269 0
93293 0
93378 0
93404 0
93408 0
93411 0
93651 0
93698 0
93734 0
93759 0
93825 0
93911 0
93946 0
93974 0
93978 0
94093 0
94119 0
94183 0
94206 0
94252 0
94426 0
94460 0
94477 0
94488 0
94489 0
94517 0
94562 0
94569 0
94589 0
94590 0
94604 0
94655 0
94740 0
94753 0
94848 0
94858 0
94864 0
94882 0
94914 0
94965 0
94970 0
94983 0
95032 0
95154 0
95247 0
95416 0
95421 0
95526 0
95592 0
95609 0
95648 0
95701 0
95768 0
95776 0
95797 0
95799 0
95810 0
95836 0
95852 0
96044 0
96129 0
96132 0
96191 0
96193 0
96216 0
96251 0
96259 0
96270 0
96294 0
96345 0
96428 0
96586 0
96751 0
96754 0
96802 0
96834 0
96857 0
96865 0
96874 0
97050 0
97090 0
97127 0
97182 0
97190 0
97250 0
97252 0
97402 0
97417 0
97434 0
97445 0
97514 0
97580 0
97612 0
97652 0
97707 0
97791 0
97867 0
97922 0
97962 0
97982 0
97986 0
97989 0
98004 0
98005 0
98047 0
98070 0
98071 0
98077 0
98098 0
98106 0
98125 0
98134 0
98191 0
98212 0
98214 0
98225 0
98354 0
98374 0
98508 0
98657 0
98677 0
98717 0
98725 0
98753 0
98833 0
98858 0
98886 0
98940 0
99004 0
99065 0
99069 0
99071 0
99089 0
99101 0
99153 0
99160 0
99187 0
99241 0
99316 0
99370 0
99411 0
99435 0
99534 0
99555 0
99579 0
99587 0
99646 0
99662 0
99729 0
99767 0
99778 0
99803 0
99912 0
99952 0
99976 0
