c This is a uniform distributed  1-D DIMACS file 
c width height point_number
p 100000 100000 2048
21 0
74 0
106 0
131 0
146 0
207 0
224 0
259 0
268 0
290 0
303 0
314 0
476 0
521 0
551 0
619 0
650 0
661 0
704 0
705 0
734 0
750 0
759 0
762 0
791 0
828 0
840 0
921 0
948 0
1074 0
1114 0
1285 0
1309 0
1311 0
1440 0
1490 0
1530 0
1571 0
1644 0
1768 0
1837 0
1850 0
1954 0
1987 0
2044 0
2085 0
2093 0
2165 0
2166 0
2226 0
2243 0
2311 0
2336 0
2349 0
2436 0
2444 0
2460 0
2489 0
2542 0
2693 0
2780 0
2912 0
2929 0
2939 0
3112 0
3175 0
3206 0
3237 0
3271 0
3291 0
3387 0
3388 0
3396 0
3404 0
3406 0
3453 0
3479 0
3490 0
3538 0
3561 0
3667 0
3668 0
3683 0
3809 0
3865 0
3866 0
3985 0
4055 0
4065 0
4066 0
4160 0
4256 0
4310 0
4456 0
4548 0
4560 0
4564 0
4580 0
4581 0
4641 0
4751 0
4777 0
4910 0
4941 0
4947 0
4961 0
5086 0
5094 0
5135 0
5191 0
5228 0
5248 0
5342 0
5355 0
5367 0
5371 0
5396 0
5536 0
5551 0
5552 0
5623 0
5664 0
5668 0
5815 0
6015 0
6034 0
6051 0
6119 0
6417 0
6476 0
6484 0
6585 0
6649 0
6663 0
6675 0
6790 0
6836 0
6902 0
6937 0
6949 0
6953 0
6995 0
7009 0
7025 0
7094 0
7200 0
7268 0
7274 0
7362 0
7505 0
7521 0
7802 0
7830 0
7972 0
8004 0
8016 0
8157 0
8189 0
8201 0
8258 0
8260 0
8311 0
8391 0
8447 0
8551 0
8590 0
8758 0
8760 0
8981 0
9080 0
9132 0
9161 0
9165 0
9200 0
9227 0
9249 0
9261 0
9413 0
9692 0
9702 0
9793 0
9819 0
9918 0
9953 0
9956 0
9960 0
10002 0
10012 0
10106 0
10140 0
10281 0
10293 0
10361 0
10419 0
10457 0
10498 0
10503 0
10563 0
10589 0
10590 0
10649 0
10652 0
10863 0
10865 0
10866 0
10908 0
11106 0
11207 0
11267 0
11386 0
11401 0
11419 0
11452 0
11453 0
11475 0
11547 0
11553 0
11562 0
11644 0
11826 0
11833 0
11880 0
11917 0
11986 0
12021 0
12060 0
12156 0
12163 0
12187 0
12204 0
12267 0
12293 0
12324 0
12444 0
12501 0
12670 0
12701 0
12749 0
12897 0
12919 0
12944 0
12976 0
13011 0
13018 0
13064 0
13125 0
13303 0
13349 0
13388 0
13423 0
13427 0
13429 0
13479 0
13498 0
13510 0
13561 0
13573 0
13621 0
13622 0
13678 0
13716 0
13719 0
13754 0
13765 0
13811 0
13824 0
13895 0
13965 0
14003 0
14038 0
14069 0
14200 0
14289 0
14304 0
14365 0
14480 0
14486 0
14511 0
14530 0
14638 0
14703 0
14809 0
14813 0
14847 0
14856 0
15064 0
15104 0
15120 0
15172 0
15219 0
15267 0
15292 0
15322 0
15324 0
15402 0
15432 0
15450 0
15480 0
15482 0
15517 0
15594 0
15633 0
15641 0
15676 0
15750 0
15854 0
15886 0
15911 0
16025 0
16048 0
16061 0
16119 0
16173 0
16175 0
16184 0
16193 0
16226 0
16330 0
16341 0
16387 0
16493 0
16505 0
16531 0
16640 0
16660 0
16673 0
16811 0
16821 0
16902 0
17003 0
17007 0
17038 0
17318 0
17358 0
17387 0
17501 0
17569 0
17672 0
17702 0
17717 0
17788 0
17816 0
17842 0
17862 0
17935 0
17936 0
17951 0
17955 0
18171 0
18307 0
18308 0
18334 0
18714 0
18773 0
18818 0
18838 0
18891 0
18986 0
19000 0
19047 0
19102 0
19131 0
19143 0
19157 0
19175 0
19196 0
19200 0
19238 0
19248 0
19323 0
19356 0
19396 0
19402 0
19416 0
19423 0
19431 0
19436 0
19456 0
19495 0
19525 0
19695 0
19824 0
19830 0
19875 0
19985 0
19997 0
20021 0
20042 0
20106 0
20244 0
20322 0
20365 0
20380 0
20391 0
20413 0
20471 0
20589 0
20604 0
20637 0
20649 0
20656 0
20721 0
20778 0
20873 0
21057 0
21087 0
21150 0
21184 0
21234 0
21264 0
21354 0
21404 0
21417 0
21429 0
21535 0
21558 0
21568 0
21571 0
21734 0
21744 0
21857 0
21860 0
21924 0
22034 0
22051 0
22117 0
22143 0
22155 0
22180 0
22188 0
22332 0
22334 0
22355 0
22401 0
22414 0
22423 0
22425 0
22429 0
22476 0
22487 0
22593 0
22725 0
22737 0
22765 0
22878 0
23026 0
23101 0
23151 0
23375 0
23387 0
23809 0
23822 0
23951 0
23959 0
23968 0
23973 0
24054 0
24094 0
24131 0
24231 0
24280 0
24287 0
24300 0
24384 0
24422 0
24487 0
24700 0
24763 0
24858 0
24896 0
24990 0
25016 0
25189 0
25315 0
25351 0
25394 0
25435 0
25461 0
25542 0
25581 0
25617 0
25675 0
25697 0
25736 0
25801 0
25803 0
25852 0
25901 0
25939 0
25959 0
25988 0
26130 0
26145 0
26208 0
26230 0
26292 0
26303 0
26313 0
26324 0
26375 0
26397 0
26420 0
26442 0
26562 0
26678 0
26680 0
26759 0
26760 0
26792 0
26874 0
26904 0
26918 0
26989 0
27096 0
27099 0
27111 0
27120 0
27245 0
27327 0
27374 0
27394 0
27420 0
27421 0
27546 0
27577 0
27580 0
27621 0
27682 0
27706 0
27738 0
27841 0
27886 0
27975 0
28023 0
28062 0
28094 0
28143 0
28158 0
28183 0
28189 0
28226 0
28238 0
28243 0
28325 0
28487 0
28525 0
28533 0
28548 0
28573 0
28651 0
28652 0
28795 0
28872 0
28910 0
28918 0
28948 0
28983 0
28985 0
29058 0
29105 0
29110 0
29198 0
29204 0
29226 0
29231 0
29271 0
29355 0
29418 0
29440 0
29455 0
29457 0
29487 0
29491 0
29578 0
29579 0
29587 0
29908 0
29925 0
29965 0
29968 0
30029 0
30034 0
30037 0
30048 0
30132 0
30135 0
30164 0
30211 0
30217 0
30265 0
30280 0
30298 0
30320 0
30434 0
30573 0
30627 0
30666 0
30674 0
30753 0
30798 0
30853 0
30862 0
30956 0
31089 0
31115 0
31286 0
31301 0
31326 0
31343 0
31348 0
31355 0
31410 0
31459 0
31530 0
31533 0
31536 0
31570 0
31581 0
31609 0
31613 0
31678 0
31700 0
31737 0
31785 0
31812 0
31983 0
32024 0
32204 0
32213 0
32282 0
32292 0
32382 0
32463 0
32472 0
32504 0
32524 0
32555 0
32564 0
32585 0
32655 0
32701 0
32894 0
32898 0
32943 0
33009 0
33020 0
33125 0
33295 0
33350 0
33400 0
33403 0
33408 0
33423 0
33435 0
33603 0
33619 0
33767 0
33797 0
33946 0
34139 0
34228 0
34321 0
34334 0
34379 0
34411 0
34413 0
34419 0
34522 0
34664 0
34766 0
34833 0
34857 0
34930 0
34931 0
34998 0
35143 0
35149 0
35283 0
35326 0
35334 0
35369 0
35373 0
35529 0
35580 0
35623 0
35660 0
35805 0
35843 0
35976 0
36056 0
36100 0
36131 0
36132 0
36146 0
36191 0
36194 0
36203 0
36219 0
36246 0
36266 0
36308 0
36380 0
36421 0
36491 0
36514 0
36546 0
36622 0
36627 0
36651 0
36672 0
36683 0
36690 0
36877 0
36955 0
36991 0
37143 0
37162 0
37217 0
37269 0
37299 0
37303 0
37309 0
37335 0
37353 0
37420 0
37471 0
37480 0
37490 0
37500 0
37504 0
37528 0
37541 0
37546 0
37572 0
37573 0
37656 0
37667 0
37682 0
37703 0
37710 0
37764 0
37777 0
37841 0
37962 0
38079 0
38188 0
38193 0
38233 0
38263 0
38284 0
38401 0
38403 0
38446 0
38483 0
38525 0
38552 0
38662 0
38684 0
38710 0
38718 0
38722 0
38761 0
38768 0
38769 0
38784 0
38796 0
38871 0
38934 0
38950 0
38994 0
39030 0
39058 0
39114 0
39152 0
39198 0
39260 0
39263 0
39290 0
39295 0
39326 0
39385 0
39424 0
39433 0
39448 0
39522 0
39596 0
39610 0
39673 0
39695 0
39701 0
39705 0
39719 0
39746 0
39784 0
39801 0
39822 0
39870 0
39873 0
39893 0
39993 0
40044 0
40145 0
40151 0
40222 0
40299 0
40328 0
40333 0
40446 0
40493 0
40586 0
40594 0
40841 0
40866 0
40871 0
40902 0
40999 0
41084 0
41088 0
41218 0
41253 0
41309 0
41338 0
41401 0
41462 0
41569 0
41686 0
41734 0
41765 0
41772 0
41799 0
41819 0
41833 0
42020 0
42084 0
42138 0
42267 0
42331 0
42458 0
42531 0
42545 0
42564 0
42592 0
42616 0
42618 0
42622 0
42664 0
42706 0
42719 0
42747 0
42765 0
42779 0
42876 0
42901 0
42978 0
43031 0
43059 0
43082 0
43224 0
43297 0
43303 0
43326 0
43338 0
43427 0
43443 0
43495 0
43623 0
43669 0
43700 0
43769 0
43837 0
43996 0
44019 0
44202 0
44229 0
44299 0
44309 0
44343 0
44375 0
44463 0
44469 0
44559 0
44682 0
44748 0
44749 0
44901 0
44961 0
45005 0
45042 0
45056 0
45070 0
45079 0
45098 0
45110 0
45130 0
45166 0
45199 0
45237 0
45334 0
45360 0
45446 0
45481 0
45499 0
45514 0
45698 0
45741 0
45806 0
45859 0
45878 0
45953 0
45985 0
46012 0
46266 0
46334 0
46351 0
46383 0
46535 0
46597 0
46685 0
46708 0
46722 0
46748 0
46777 0
46793 0
46811 0
46982 0
47074 0
47240 0
47242 0
47261 0
47327 0
47380 0
47509 0
47646 0
47762 0
47802 0
47824 0
47831 0
47886 0
47977 0
48036 0
48038 0
48061 0
48067 0
48095 0
48096 0
48145 0
48186 0
48308 0
48354 0
48358 0
48370 0
48385 0
48468 0
48479 0
48537 0
48596 0
48745 0
48769 0
48804 0
48814 0
48847 0
48898 0
48913 0
49011 0
49047 0
49145 0
49238 0
49400 0
49452 0
49510 0
49526 0
49539 0
49617 0
49641 0
49681 0
49781 0
49792 0
49902 0
49915 0
50016 0
50060 0
50102 0
50134 0
50169 0
50189 0
50196 0
50257 0
50266 0
50327 0
50352 0
50362 0
50370 0
50401 0
50472 0
50739 0
50761 0
50859 0
50865 0
51093 0
51218 0
51249 0
51283 0
51316 0
51321 0
51489 0
51498 0
51503 0
51540 0
51665 0
51686 0
51687 0
51717 0
51726 0
51736 0
51783 0
51789 0
51829 0
51936 0
52027 0
52037 0
52063 0
52127 0
52187 0
52196 0
52313 0
52320 0
52383 0
52384 0
52433 0
52435 0
52455 0
52468 0
52534 0
52552 0
52672 0
52695 0
52697 0
52718 0
52804 0
52946 0
52973 0
52994 0
53014 0
53020 0
53048 0
53082 0
53086 0
53134 0
53135 0
53350 0
53352 0
53478 0
53482 0
53530 0
53650 0
53709 0
53750 0
53781 0
53788 0
53882 0
53910 0
53950 0
53964 0
54003 0
54015 0
54020 0
54041 0
54056 0
54064 0
54098 0
54138 0
54141 0
54142 0
54147 0
54160 0
54181 0
54255 0
54294 0
54296 0
54390 0
54571 0
54574 0
54591 0
54625 0
54626 0
54666 0
54685 0
54753 0
54777 0
54814 0
54865 0
54894 0
54978 0
55065 0
55075 0
55083 0
55145 0
55155 0
55232 0
55235 0
55412 0
55567 0
55700 0
55783 0
55836 0
55945 0
55964 0
56000 0
56025 0
56046 0
56050 0
56052 0
56055 0
56100 0
56131 0
56182 0
56231 0
56314 0
56323 0
56367 0
56369 0
56395 0
56398 0
56471 0
56535 0
56627 0
56685 0
56776 0
56792 0
56842 0
56873 0
56999 0
57008 0
57064 0
57067 0
57069 0
57144 0
57149 0
57152 0
57269 0
57288 0
57324 0
57327 0
57343 0
57448 0
57464 0
57479 0
57495 0
57552 0
57582 0
57753 0
57860 0
57899 0
57937 0
57965 0
57975 0
57985 0
58023 0
58052 0
58055 0
58109 0
58115 0
58120 0
58167 0
58247 0
58252 0
58278 0
58284 0
58301 0
58352 0
58356 0
58468 0
58524 0
58572 0
58659 0
58722 0
58746 0
58783 0
58890 0
58933 0
58973 0
59088 0
59100 0
59142 0
59148 0
59195 0
59207 0
59251 0
59277 0
59293 0
59333 0
59340 0
59497 0
59504 0
59532 0
59663 0
59745 0
59751 0
59781 0
59867 0
59871 0
59922 0
59991 0
60003 0
60067 0
60110 0
60187 0
60210 0
60233 0
60267 0
60326 0
60334 0
60381 0
60408 0
60438 0
60439 0
60443 0
60531 0
60567 0
60604 0
60714 0
60841 0
60848 0
60871 0
60879 0
60886 0
60894 0
60922 0
60935 0
60975 0
61031 0
61037 0
61090 0
61153 0
61170 0
61200 0
61222 0
61261 0
61276 0
61293 0
61349 0
61351 0
61370 0
61394 0
61400 0
61410 0
61437 0
61453 0
61464 0
61556 0
61567 0
61570 0
61656 0
61671 0
61679 0
61738 0
61811 0
61815 0
61816 0
61828 0
61868 0
61965 0
61972 0
62176 0
62235 0
62314 0
62316 0
62336 0
62494 0
62511 0
62604 0
62614 0
62692 0
62781 0
62787 0
62906 0
62946 0
62961 0
63016 0
63047 0
63103 0
63175 0
63206 0
63221 0
63293 0
63325 0
63369 0
63396 0
63430 0
63512 0
63514 0
63525 0
63646 0
63651 0
63792 0
63821 0
63858 0
63871 0
64023 0
64065 0
64106 0
64236 0
64238 0
64264 0
64288 0
64294 0
64337 0
64357 0
64468 0
64500 0
64534 0
64561 0
64567 0
64696 0
64724 0
64875 0
64879 0
64892 0
64919 0
64924 0
64948 0
64977 0
65018 0
65090 0
65276 0
65291 0
65304 0
65314 0
65317 0
65347 0
65488 0
65616 0
65619 0
65687 0
65711 0
65732 0
65737 0
65770 0
65820 0
65822 0
65838 0
65882 0
65885 0
65935 0
66068 0
66115 0
66200 0
66224 0
66231 0
66297 0
66357 0
66443 0
66539 0
66571 0
66646 0
66680 0
66756 0
66783 0
66808 0
66881 0
66926 0
66933 0
66935 0
66986 0
67018 0
67122 0
67167 0
67187 0
67252 0
67405 0
67452 0
67458 0
67460 0
67478 0
67481 0
67638 0
67644 0
67869 0
67959 0
68137 0
68229 0
68399 0
68401 0
68406 0
68441 0
68500 0
68571 0
68602 0
68655 0
68768 0
68826 0
68852 0
68857 0
68898 0
68907 0
68910 0
68916 0
68931 0
68967 0
68999 0
69070 0
69076 0
69092 0
69126 0
69141 0
69146 0
69317 0
69382 0
69432 0
69498 0
69542 0
69570 0
69578 0
69615 0
69712 0
69746 0
69782 0
69783 0
69830 0
69866 0
69886 0
69993 0
70044 0
70047 0
70079 0
70101 0
70133 0
70233 0
70290 0
70536 0
70541 0
70572 0
70581 0
70606 0
70662 0
70668 0
70730 0
70742 0
70899 0
70916 0
70925 0
71002 0
71222 0
71229 0
71232 0
71235 0
71259 0
71298 0
71339 0
71558 0
71614 0
71630 0
71681 0
71709 0
71760 0
71795 0
71896 0
71977 0
71988 0
72003 0
72041 0
72139 0
72147 0
72170 0
72203 0
72242 0
72268 0
72301 0
72324 0
72411 0
72438 0
72483 0
72505 0
72594 0
72608 0
72644 0
72679 0
72776 0
72788 0
72802 0
72812 0
72890 0
72953 0
73054 0
73121 0
73137 0
73167 0
73284 0
73324 0
73360 0
73457 0
73495 0
73564 0
73803 0
73815 0
73851 0
73975 0
74070 0
74123 0
74131 0
74185 0
74350 0
74449 0
74458 0
74473 0
74583 0
74739 0
74762 0
74781 0
74815 0
74816 0
74860 0
74911 0
74918 0
74929 0
74934 0
75009 0
75043 0
75061 0
75167 0
75261 0
75358 0
75424 0
75485 0
75530 0
75534 0
75581 0
75590 0
75609 0
75658 0
75681 0
75718 0
75741 0
75861 0
75968 0
76022 0
76213 0
76214 0
76359 0
76381 0
76425 0
76426 0
76720 0
76726 0
76742 0
76862 0
76962 0
76970 0
77022 0
77040 0
77077 0
77132 0
77181 0
77196 0
77260 0
77275 0
77397 0
77400 0
77422 0
77447 0
77478 0
77481 0
77553 0
77604 0
77635 0
77636 0
77669 0
77800 0
77907 0
78019 0
78033 0
78035 0
78042 0
78140 0
78191 0
78222 0
78247 0
78358 0
78395 0
78481 0
78502 0
78515 0
78519 0
78536 0
78590 0
78631 0
78632 0
78644 0
78650 0
78651 0
78835 0
78850 0
78881 0
78900 0
79021 0
79033 0
79075 0
79178 0
79227 0
79240 0
79289 0
79295 0
79343 0
79382 0
79435 0
79456 0
79506 0
79525 0
79533 0
79552 0
79626 0
79635 0
79762 0
79824 0
79874 0
79894 0
79933 0
80027 0
80085 0
80104 0
80107 0
80158 0
80238 0
80307 0
80333 0
80428 0
80508 0
80567 0
80634 0
80640 0
80641 0
80698 0
80701 0
80750 0
80751 0
80763 0
81049 0
81155 0
81266 0
81268 0
81350 0
81406 0
81535 0
81576 0
81577 0
81606 0
81648 0
81650 0
81651 0
81663 0
81664 0
81673 0
81674 0
81811 0
81903 0
81928 0
81935 0
81956 0
81995 0
82183 0
82291 0
82333 0
82353 0
82377 0
82392 0
82409 0
82437 0
82439 0
82514 0
82618 0
82637 0
82707 0
82743 0
82754 0
82940 0
83002 0
83033 0
83139 0
83176 0
83272 0
83300 0
83319 0
83347 0
83493 0
83613 0
83709 0
83743 0
83755 0
83793 0
83823 0
83847 0
83883 0
83919 0
83925 0
83930 0
83950 0
83990 0
84018 0
84024 0
84035 0
84057 0
84106 0
84143 0
84187 0
84260 0
84392 0
84501 0
84521 0
84555 0
84585 0
84610 0
84621 0
84648 0
84701 0
84711 0
84717 0
84723 0
84734 0
84756 0
84766 0
84881 0
84903 0
84982 0
85015 0
85037 0
85044 0
85138 0
85156 0
85158 0
85190 0
85269 0
85311 0
85330 0
85339 0
85347 0
85396 0
85436 0
85557 0
85581 0
85762 0
85776 0
85835 0
85851 0
85890 0
85972 0
86001 0
86027 0
86054 0
86171 0
86379 0
86446 0
86585 0
86764 0
86779 0
86783 0
86848 0
86850 0
86873 0
86930 0
86949 0
86954 0
86997 0
87027 0
87126 0
87134 0
87218 0
87291 0
87304 0
87396 0
87488 0
87492 0
87506 0
87561 0
87651 0
87774 0
87852 0
87958 0
87963 0
87985 0
88090 0
88190 0
88382 0
88448 0
88499 0
88574 0
88756 0
88764 0
88770 0
88930 0
88973 0
88984 0
89017 0
89062 0
89113 0
89131 0
89191 0
89194 0
89207 0
89223 0
89258 0
89265 0
89293 0
89359 0
89409 0
89427 0
89431 0
89486 0
89515 0
89545 0
89607 0
89623 0
89662 0
89716 0
89775 0
89896 0
89944 0
90012 0
90025 0
90045 0
90174 0
90194 0
90218 0
90240 0
90270 0
90310 0
90342 0
90398 0
90479 0
90561 0
90602 0
90625 0
90635 0
90649 0
90657 0
90664 0
90723 0
90752 0
90791 0
90802 0
90868 0
90936 0
91040 0
91050 0
91113 0
91123 0
91133 0
91142 0
91240 0
91250 0
91264 0
91275 0
91354 0
91369 0
91372 0
91522 0
91523 0
91587 0
91593 0
91604 0
91673 0
91689 0
91738 0
91870 0
91937 0
92002 0
92005 0
92010 0
92038 0
92050 0
92070 0
92075 0
92103 0
92107 0
92120 0
92129 0
92134 0
92150 0
92152 0
92180 0
92183 0
92215 0
92250 0
92253 0
92264 0
92323 0
92354 0
92389 0
92438 0
92451 0
92469 0
92485 0
92585 0
92590 0
92648 0
92655 0
92804 0
92963 0
92977 0
92984 0
93014 0
93075 0
93128 0
93182 0
93216 0
93226 0
93525 0
93554 0
93597 0
93621 0
93632 0
93649 0
93765 0
93845 0
93846 0
93881 0
93987 0
94068 0
94078 0
94157 0
94233 0
94238 0
94243 0
94315 0
94351 0
94356 0
94365 0
94428 0
94455 0
94497 0
94556 0
94636 0
94671 0
94709 0
94762 0
94792 0
94842 0
94875 0
94913 0
94939 0
94980 0
95021 0
95063 0
95090 0
95173 0
95174 0
95199 0
95323 0
95326 0
95383 0
95391 0
95434 0
95492 0
95528 0
95640 0
95664 0
95680 0
95694 0
95701 0
95753 0
95764 0
95786 0
95827 0
95841 0
95883 0
95945 0
95958 0
96044 0
96118 0
96190 0
96233 0
96261 0
96358 0
96364 0
96434 0
96531 0
96596 0
96618 0
96668 0
96762 0
96765 0
96784 0
96829 0
96856 0
96964 0
97144 0
97255 0
97368 0
97391 0
97451 0
97454 0
97470 0
97556 0
97601 0
97608 0
97615 0
97872 0
97900 0
97919 0
97922 0
97926 0
97956 0
97957 0
97961 0
97990 0
98001 0
98121 0
98122 0
98143 0
98153 0
98176 0
98276 0
98287 0
98318 0
98324 0
98326 0
98401 0
98437 0
98495 0
98559 0
98572 0
98636 0
98646 0
98675 0
98736 0
98788 0
98796 0
98847 0
98864 0
99030 0
99048 0
99087 0
99106 0
99115 0
99182 0
99185 0
99210 0
99274 0
99300 0
99305 0
99321 0
99387 0
99460 0
99576 0
99616 0
99644 0
99666 0
99704 0
99970 0
