c This is a uniform distributed  1-D DIMACS file 
c width height point_number
p 100000 100000 2048
29 0
38 0
63 0
94 0
99 0
124 0
129 0
187 0
214 0
263 0
288 0
331 0
351 0
364 0
531 0
568 0
624 0
640 0
655 0
660 0
743 0
746 0
759 0
766 0
771 0
817 0
865 0
893 0
908 0
918 0
932 0
950 0
958 0
972 0
1281 0
1296 0
1309 0
1394 0
1427 0
1446 0
1492 0
1607 0
1654 0
1688 0
1730 0
1754 0
1801 0
1802 0
1832 0
1935 0
1976 0
1980 0
2014 0
2196 0
2542 0
2568 0
2622 0
2626 0
2643 0
2669 0
2701 0
2726 0
2748 0
2764 0
2799 0
2829 0
2907 0
2947 0
2975 0
3075 0
3147 0
3370 0
3386 0
3400 0
3491 0
3538 0
3623 0
3651 0
3683 0
3702 0
3780 0
3797 0
3924 0
3948 0
3956 0
3998 0
4001 0
4032 0
4082 0
4084 0
4136 0
4142 0
4146 0
4158 0
4275 0
4431 0
4533 0
4548 0
4551 0
4586 0
4684 0
4796 0
4848 0
4899 0
4904 0
4974 0
4975 0
4999 0
5044 0
5109 0
5134 0
5137 0
5148 0
5215 0
5238 0
5239 0
5243 0
5277 0
5305 0
5409 0
5461 0
5540 0
5580 0
5630 0
5734 0
5897 0
6046 0
6076 0
6106 0
6126 0
6196 0
6213 0
6216 0
6291 0
6311 0
6332 0
6340 0
6472 0
6508 0
6611 0
6659 0
6676 0
6713 0
6724 0
6761 0
6777 0
6820 0
6846 0
6853 0
6897 0
6992 0
7024 0
7140 0
7194 0
7213 0
7353 0
7385 0
7398 0
7590 0
7593 0
7622 0
7706 0
7717 0
7867 0
7980 0
7994 0
8055 0
8061 0
8079 0
8141 0
8157 0
8169 0
8227 0
8290 0
8343 0
8547 0
8551 0
8570 0
8584 0
8601 0
8669 0
8764 0
8778 0
8799 0
8864 0
8880 0
8936 0
8987 0
9029 0
9040 0
9090 0
9138 0
9281 0
9309 0
9333 0
9572 0
9581 0
9670 0
9801 0
9823 0
9884 0
9949 0
9954 0
9960 0
9979 0
10005 0
10010 0
10127 0
10205 0
10295 0
10325 0
10396 0
10402 0
10455 0
10461 0
10477 0
10559 0
10636 0
10638 0
10644 0
10787 0
10832 0
10855 0
10925 0
10994 0
11002 0
11043 0
11125 0
11160 0
11161 0
11199 0
11205 0
11232 0
11340 0
11420 0
11559 0
11587 0
11628 0
11645 0
11664 0
11705 0
12036 0
12057 0
12172 0
12249 0
12282 0
12284 0
12324 0
12337 0
12345 0
12359 0
12374 0
12462 0
12507 0
12524 0
12618 0
12695 0
12754 0
12770 0
12792 0
12834 0
12906 0
12953 0
13047 0
13059 0
13076 0
13118 0
13123 0
13126 0
13133 0
13305 0
13357 0
13431 0
13440 0
13618 0
13670 0
13706 0
13714 0
13790 0
13791 0
13834 0
13840 0
13875 0
13882 0
14092 0
14150 0
14181 0
14208 0
14232 0
14233 0
14294 0
14309 0
14345 0
14354 0
14457 0
14499 0
14509 0
14594 0
14602 0
14655 0
14658 0
14727 0
14750 0
14760 0
14810 0
14881 0
14959 0
14991 0
15065 0
15067 0
15084 0
15092 0
15093 0
15132 0
15137 0
15155 0
15194 0
15270 0
15279 0
15352 0
15356 0
15504 0
15572 0
15574 0
15596 0
15601 0
15674 0
15686 0
15705 0
15858 0
15922 0
15930 0
16092 0
16097 0
16199 0
16237 0
16292 0
16299 0
16403 0
16406 0
16416 0
16465 0
16515 0
16617 0
16661 0
16698 0
16727 0
16735 0
16791 0
16813 0
16886 0
16900 0
16940 0
16941 0
17026 0
17070 0
17079 0
17131 0
17277 0
17390 0
17395 0
17452 0
17545 0
17598 0
17625 0
17638 0
17687 0
17690 0
17756 0
17827 0
17889 0
17981 0
18093 0
18103 0
18238 0
18266 0
18426 0
18459 0
18573 0
18667 0
18672 0
18683 0
18737 0
18741 0
18845 0
18969 0
18990 0
19008 0
19019 0
19106 0
19247 0
19361 0
19565 0
19708 0
19719 0
19885 0
19919 0
19933 0
19985 0
19994 0
20020 0
20031 0
20048 0
20128 0
20130 0
20179 0
20200 0
20209 0
20244 0
20345 0
20361 0
20505 0
20514 0
20526 0
20531 0
20566 0
20570 0
20668 0
20672 0
20728 0
20742 0
20783 0
20807 0
20815 0
20857 0
20968 0
20976 0
21010 0
21045 0
21071 0
21072 0
21158 0
21209 0
21312 0
21320 0
21322 0
21341 0
21495 0
21534 0
21547 0
21613 0
21672 0
21719 0
21757 0
21858 0
21880 0
21884 0
21908 0
21916 0
21922 0
21933 0
21946 0
21961 0
22194 0
22220 0
22237 0
22254 0
22308 0
22335 0
22606 0
22627 0
22808 0
22818 0
22836 0
22845 0
22887 0
22958 0
23000 0
23020 0
23068 0
23164 0
23196 0
23213 0
23219 0
23291 0
23316 0
23343 0
23367 0
23397 0
23425 0
23468 0
23481 0
23586 0
23602 0
23686 0
23697 0
23770 0
23792 0
23929 0
23955 0
23987 0
24037 0
24162 0
24194 0
24259 0
24321 0
24332 0
24367 0
24435 0
24502 0
24558 0
24572 0
24915 0
24919 0
25020 0
25050 0
25092 0
25184 0
25213 0
25311 0
25341 0
25377 0
25454 0
25463 0
25488 0
25494 0
25496 0
25508 0
25578 0
25592 0
25607 0
25620 0
25708 0
25723 0
25761 0
25768 0
25797 0
25808 0
25812 0
25863 0
25895 0
25959 0
25973 0
25985 0
26001 0
26010 0
26043 0
26117 0
26136 0
26139 0
26171 0
26214 0
26380 0
26445 0
26516 0
26549 0
26641 0
26644 0
26855 0
26893 0
26902 0
26917 0
26977 0
27019 0
27066 0
27077 0
27175 0
27424 0
27517 0
27519 0
27579 0
27845 0
27846 0
27956 0
28057 0
28076 0
28121 0
28136 0
28174 0
28190 0
28227 0
28303 0
28311 0
28367 0
28382 0
28526 0
28540 0
28564 0
28613 0
28819 0
28824 0
28831 0
28864 0
28878 0
28880 0
28929 0
28945 0
28985 0
29164 0
29243 0
29319 0
29432 0
29453 0
29484 0
29535 0
29637 0
29670 0
29683 0
29705 0
29710 0
29831 0
29849 0
29854 0
29898 0
29985 0
29986 0
29992 0
30218 0
30239 0
30396 0
30536 0
30623 0
30652 0
30733 0
30753 0
30818 0
30902 0
31021 0
31039 0
31078 0
31149 0
31155 0
31286 0
31343 0
31350 0
31447 0
31578 0
31627 0
31666 0
31746 0
31812 0
31830 0
31842 0
32080 0
32135 0
32184 0
32208 0
32368 0
32496 0
32538 0
32559 0
32576 0
32656 0
32704 0
32711 0
32743 0
32753 0
32755 0
32811 0
32869 0
32884 0
32888 0
32917 0
32919 0
32986 0
33035 0
33200 0
33217 0
33307 0
33355 0
33373 0
33411 0
33420 0
33532 0
33576 0
33621 0
33675 0
33717 0
33730 0
33757 0
33788 0
33823 0
33904 0
33919 0
33995 0
34075 0
34093 0
34105 0
34145 0
34237 0
34259 0
34318 0
34368 0
34412 0
34508 0
34522 0
34559 0
34624 0
34846 0
34887 0
34982 0
35063 0
35129 0
35187 0
35238 0
35350 0
35394 0
35439 0
35483 0
35490 0
35544 0
35565 0
35579 0
35628 0
35679 0
35682 0
35743 0
35748 0
35770 0
35793 0
35839 0
35852 0
36037 0
36054 0
36100 0
36126 0
36251 0
36278 0
36357 0
36365 0
36368 0
36427 0
36550 0
36743 0
36801 0
36990 0
36997 0
37001 0
37009 0
37051 0
37060 0
37156 0
37229 0
37336 0
37346 0
37370 0
37414 0
37423 0
37489 0
37618 0
37652 0
37727 0
37753 0
37773 0
37791 0
37904 0
37905 0
37986 0
38014 0
38118 0
38150 0
38166 0
38199 0
38237 0
38247 0
38287 0
38297 0
38310 0
38319 0
38337 0
38394 0
38433 0
38441 0
38443 0
38488 0
38500 0
38575 0
38580 0
38713 0
38738 0
38798 0
38845 0
38905 0
38929 0
38934 0
38956 0
38979 0
39005 0
39160 0
39223 0
39225 0
39226 0
39250 0
39299 0
39367 0
39368 0
39370 0
39434 0
39524 0
39526 0
39546 0
39623 0
39713 0
39720 0
39743 0
39772 0
39846 0
39896 0
39917 0
39921 0
40106 0
40179 0
40193 0
40194 0
40243 0
40269 0
40284 0
40303 0
40380 0
40429 0
40508 0
40546 0
40548 0
40615 0
40748 0
40757 0
40810 0
40811 0
40922 0
40935 0
40953 0
41084 0
41207 0
41227 0
41233 0
41265 0
41336 0
41428 0
41457 0
41496 0
41521 0
41543 0
41558 0
41581 0
41603 0
41620 0
41713 0
41752 0
41787 0
41826 0
41871 0
41910 0
42004 0
42022 0
42057 0
42083 0
42243 0
42250 0
42455 0
42525 0
42655 0
42660 0
42670 0
42749 0
42834 0
42851 0
42930 0
42979 0
42980 0
43167 0
43180 0
43198 0
43318 0
43378 0
43431 0
43458 0
43518 0
43527 0
43556 0
43584 0
43609 0
43614 0
43639 0
43726 0
43730 0
43782 0
43873 0
43890 0
44038 0
44085 0
44107 0
44121 0
44123 0
44145 0
44151 0
44238 0
44248 0
44341 0
44360 0
44444 0
44449 0
44455 0
44472 0
44506 0
44510 0
44569 0
44603 0
44924 0
44938 0
44984 0
45068 0
45140 0
45220 0
45290 0
45321 0
45375 0
45383 0
45387 0
45431 0
45456 0
45573 0
45857 0
45964 0
46064 0
46265 0
46277 0
46305 0
46343 0
46345 0
46372 0
46403 0
46462 0
46570 0
46571 0
46592 0
46604 0
46651 0
46656 0
46669 0
46738 0
46821 0
46870 0
46897 0
46929 0
46998 0
47059 0
47110 0
47128 0
47190 0
47208 0
47227 0
47341 0
47353 0
47370 0
47403 0
47449 0
47517 0
47559 0
47613 0
47616 0
47619 0
47668 0
47670 0
47724 0
47736 0
47745 0
47760 0
47775 0
47777 0
47850 0
47880 0
48037 0
48092 0
48101 0
48147 0
48222 0
48236 0
48239 0
48285 0
48376 0
48409 0
48416 0
48445 0
48476 0
48551 0
48555 0
48673 0
48683 0
48784 0
48790 0
48809 0
48821 0
48853 0
48860 0
48871 0
48893 0
48896 0
48995 0
48999 0
49063 0
49247 0
49319 0
49399 0
49411 0
49441 0
49464 0
49480 0
49551 0
49675 0
49697 0
49716 0
49798 0
49819 0
49885 0
49947 0
50032 0
50066 0
50089 0
50176 0
50295 0
50348 0
50410 0
50419 0
50461 0
50516 0
50618 0
50646 0
50714 0
50792 0
50869 0
50892 0
50914 0
50930 0
50940 0
50945 0
50995 0
50998 0
51028 0
51145 0
51243 0
51284 0
51307 0
51341 0
51446 0
51521 0
51553 0
51575 0
51658 0
51742 0
51785 0
51852 0
51858 0
51940 0
51953 0
52012 0
52013 0
52090 0
52113 0
52148 0
52169 0
52228 0
52287 0
52319 0
52384 0
52418 0
52419 0
52488 0
52498 0
52580 0
52595 0
52687 0
52800 0
52829 0
52835 0
52860 0
52934 0
52994 0
53024 0
53048 0
53126 0
53133 0
53205 0
53423 0
53467 0
53570 0
53614 0
53685 0
53693 0
53756 0
53763 0
53791 0
53835 0
53861 0
53875 0
53876 0
53928 0
53959 0
53971 0
53982 0
54023 0
54095 0
54138 0
54160 0
54293 0
54300 0
54316 0
54328 0
54438 0
54479 0
54494 0
54536 0
54672 0
54736 0
54751 0
54809 0
54863 0
54871 0
54990 0
55085 0
55107 0
55130 0
55196 0
55263 0
55270 0
55343 0
55362 0
55382 0
55490 0
55498 0
55574 0
55668 0
55679 0
55690 0
55702 0
55706 0
55729 0
55742 0
55768 0
55810 0
55845 0
55956 0
55987 0
55990 0
56002 0
56093 0
56145 0
56152 0
56242 0
56295 0
56336 0
56345 0
56389 0
56398 0
56431 0
56465 0
56514 0
56530 0
56535 0
56553 0
56556 0
56607 0
56609 0
56645 0
56646 0
56660 0
56726 0
56788 0
56857 0
56974 0
56992 0
57126 0
57157 0
57164 0
57233 0
57316 0
57359 0
57419 0
57459 0
57481 0
57634 0
57674 0
57745 0
57928 0
57935 0
58049 0
58054 0
58078 0
58124 0
58143 0
58149 0
58169 0
58180 0
58197 0
58231 0
58248 0
58280 0
58291 0
58300 0
58333 0
58357 0
58444 0
58497 0
58530 0
58544 0
58563 0
58569 0
58586 0
58595 0
58647 0
58691 0
58697 0
58731 0
58754 0
58785 0
58851 0
58876 0
58924 0
58962 0
59067 0
59169 0
59181 0
59241 0
59327 0
59374 0
59444 0
59468 0
59480 0
59485 0
59503 0
59513 0
59538 0
59569 0
59614 0
59616 0
59671 0
59701 0
59785 0
59786 0
59952 0
59957 0
59981 0
60037 0
60080 0
60126 0
60154 0
60262 0
60314 0
60324 0
60342 0
60443 0
60492 0
60602 0
60637 0
60775 0
60805 0
60807 0
60818 0
60910 0
60992 0
61031 0
61057 0
61098 0
61153 0
61303 0
61325 0
61360 0
61370 0
61403 0
61418 0
61424 0
61543 0
61618 0
61636 0
61638 0
61686 0
61737 0
62162 0
62180 0
62193 0
62219 0
62271 0
62275 0
62302 0
62331 0
62397 0
62407 0
62463 0
62512 0
62533 0
62535 0
62631 0
62698 0
62711 0
62716 0
62880 0
62902 0
62917 0
62941 0
62942 0
62973 0
63025 0
63073 0
63093 0
63197 0
63257 0
63321 0
63322 0
63324 0
63350 0
63355 0
63366 0
63455 0
63475 0
63478 0
63515 0
63563 0
63582 0
63648 0
63688 0
63743 0
63762 0
63800 0
63999 0
64100 0
64308 0
64336 0
64342 0
64391 0
64397 0
64454 0
64490 0
64492 0
64574 0
64578 0
64626 0
64669 0
64682 0
64773 0
64788 0
64888 0
64979 0
65008 0
65017 0
65040 0
65056 0
65105 0
65136 0
65215 0
65253 0
65255 0
65278 0
65306 0
65417 0
65514 0
65750 0
65758 0
65839 0
65848 0
65875 0
65931 0
65946 0
65997 0
66001 0
66014 0
66073 0
66077 0
66095 0
66142 0
66160 0
66222 0
66226 0
66279 0
66440 0
66464 0
66522 0
66556 0
66565 0
66637 0
66690 0
66694 0
66757 0
66762 0
66801 0
66806 0
66864 0
67014 0
67032 0
67041 0
67047 0
67176 0
67200 0
67202 0
67278 0
67333 0
67342 0
67345 0
67483 0
67538 0
67629 0
67679 0
67735 0
67760 0
67763 0
67780 0
67866 0
67893 0
67956 0
67968 0
68206 0
68248 0
68289 0
68332 0
68334 0
68335 0
68372 0
68381 0
68427 0
68480 0
68607 0
68663 0
68720 0
68750 0
68776 0
68821 0
68866 0
68868 0
68918 0
68960 0
69094 0
69102 0
69138 0
69141 0
69263 0
69272 0
69275 0
69366 0
69444 0
69544 0
69545 0
69556 0
69584 0
69620 0
69650 0
69660 0
69667 0
69706 0
69717 0
69729 0
69834 0
69870 0
69911 0
70003 0
70049 0
70071 0
70083 0
70084 0
70231 0
70238 0
70255 0
70280 0
70295 0
70560 0
70593 0
70697 0
70767 0
70782 0
70789 0
70803 0
70836 0
70912 0
70963 0
71035 0
71041 0
71075 0
71077 0
71128 0
71146 0
71155 0
71195 0
71217 0
71239 0
71342 0
71379 0
71423 0
71536 0
71585 0
71618 0
71630 0
71698 0
71704 0
71932 0
71943 0
71981 0
72033 0
72052 0
72215 0
72251 0
72281 0
72289 0
72308 0
72326 0
72397 0
72443 0
72490 0
72527 0
72554 0
72666 0
72720 0
72746 0
72771 0
72775 0
72785 0
72791 0
72922 0
72934 0
72954 0
72994 0
73039 0
73258 0
73264 0
73275 0
73348 0
73377 0
73641 0
73656 0
73714 0
73856 0
73929 0
74054 0
74097 0
74128 0
74234 0
74291 0
74347 0
74352 0
74357 0
74447 0
74632 0
74701 0
74705 0
74746 0
74815 0
74823 0
74839 0
74857 0
74900 0
74914 0
74926 0
74999 0
75042 0
75044 0
75125 0
75168 0
75175 0
75240 0
75243 0
75282 0
75292 0
75321 0
75333 0
75339 0
75359 0
75400 0
75440 0
75491 0
75684 0
75695 0
75841 0
75885 0
75888 0
75915 0
76049 0
76054 0
76126 0
76131 0
76145 0
76177 0
76292 0
76328 0
76375 0
76420 0
76456 0
76465 0
76575 0
76579 0
76632 0
76634 0
76647 0
76666 0
76729 0
76747 0
76829 0
76838 0
76842 0
76857 0
76918 0
76973 0
76997 0
77015 0
77072 0
77075 0
77079 0
77089 0
77208 0
77301 0
77426 0
77485 0
77509 0
77529 0
77583 0
77637 0
77641 0
77691 0
77717 0
77739 0
77762 0
77803 0
77825 0
77857 0
77891 0
78001 0
78068 0
78175 0
78222 0
78230 0
78299 0
78315 0
78381 0
78394 0
78573 0
78611 0
78615 0
78621 0
78688 0
78697 0
78698 0
78875 0
78892 0
79007 0
79013 0
79072 0
79130 0
79269 0
79322 0
79369 0
79392 0
79462 0
79503 0
79504 0
79524 0
79701 0
79743 0
79820 0
79890 0
79897 0
79981 0
79984 0
80011 0
80021 0
80146 0
80203 0
80301 0
80302 0
80306 0
80387 0
80465 0
80483 0
80528 0
80565 0
80606 0
80673 0
80726 0
80821 0
80822 0
80986 0
81019 0
81102 0
81113 0
81129 0
81131 0
81184 0
81202 0
81267 0
81330 0
81356 0
81364 0
81444 0
81475 0
81483 0
81559 0
81579 0
81671 0
81744 0
81782 0
81800 0
81855 0
81885 0
81922 0
82001 0
82004 0
82182 0
82217 0
82222 0
82229 0
82233 0
82235 0
82256 0
82267 0
82280 0
82284 0
82289 0
82374 0
82449 0
82475 0
82557 0
82601 0
82619 0
82669 0
82701 0
82773 0
82788 0
82815 0
82902 0
82903 0
83082 0
83089 0
83122 0
83188 0
83240 0
83624 0
83632 0
83806 0
83831 0
83958 0
83960 0
83984 0
84137 0
84168 0
84175 0
84198 0
84257 0
84380 0
84389 0
84432 0
84439 0
84443 0
84584 0
84651 0
84740 0
84774 0
84816 0
84877 0
84901 0
84972 0
84995 0
85011 0
85044 0
85080 0
85230 0
85493 0
85523 0
85607 0
85748 0
85768 0
85838 0
86058 0
86175 0
86202 0
86261 0
86279 0
86292 0
86299 0
86570 0
86627 0
86630 0
86639 0
86664 0
86676 0
86699 0
86802 0
86895 0
86910 0
86978 0
86998 0
87007 0
87075 0
87086 0
87148 0
87205 0
87289 0
87317 0
87388 0
87421 0
87443 0
87528 0
87550 0
87585 0
87592 0
87657 0
87672 0
87733 0
87769 0
87788 0
87826 0
87875 0
87956 0
87967 0
87981 0
88013 0
88025 0
88090 0
88207 0
88283 0
88295 0
88335 0
88347 0
88380 0
88383 0
88559 0
88608 0
88611 0
88654 0
88660 0
88693 0
88732 0
88733 0
88812 0
88830 0
88839 0
88884 0
88940 0
88961 0
89064 0
89133 0
89155 0
89195 0
89253 0
89310 0
89506 0
89537 0
89624 0
89661 0
89688 0
89753 0
89757 0
89793 0
89810 0
89903 0
89997 0
90126 0
90176 0
90179 0
90181 0
90204 0
90298 0
90326 0
90456 0
90462 0
90528 0
90557 0
90561 0
90607 0
90648 0
90674 0
90706 0
90844 0
90919 0
90991 0
91008 0
91017 0
91047 0
91158 0
91180 0
91218 0
91219 0
91366 0
91374 0
91406 0
91441 0
91544 0
91550 0
91601 0
91626 0
91679 0
91715 0
91732 0
91782 0
91787 0
91800 0
91865 0
91921 0
91980 0
92063 0
92151 0
92184 0
92308 0
92331 0
92364 0
92392 0
92439 0
92503 0
92515 0
92549 0
92596 0
92639 0
92642 0
92650 0
92725 0
92750 0
92765 0
92871 0
93131 0
93196 0
93208 0
93245 0
93280 0
93281 0
93338 0
93370 0
93383 0
93485 0
93536 0
93584 0
93700 0
93734 0
93889 0
93913 0
93922 0
93930 0
94030 0
94063 0
94133 0
94192 0
94208 0
94226 0
94227 0
94237 0
94376 0
94420 0
94486 0
94532 0
94559 0
94581 0
94644 0
94697 0
94738 0
94773 0
94789 0
94796 0
94828 0
94871 0
94898 0
94938 0
95033 0
95077 0
95161 0
95169 0
95214 0
95219 0
95466 0
95477 0
95517 0
95574 0
95650 0
95769 0
95820 0
95890 0
95935 0
95942 0
96040 0
96058 0
96148 0
96157 0
96223 0
96250 0
96308 0
96351 0
96484 0
96486 0
96538 0
96628 0
96632 0
96648 0
96649 0
96716 0
96761 0
96768 0
96826 0
96865 0
96877 0
96923 0
96988 0
97003 0
97028 0
97036 0
97047 0
97050 0
97079 0
97095 0
97133 0
97152 0
97173 0
97327 0
97424 0
97487 0
97522 0
97538 0
97607 0
97646 0
97680 0
97869 0
97956 0
97989 0
98009 0
98027 0
98050 0
98132 0
98184 0
98236 0
98378 0
98430 0
98450 0
98457 0
98461 0
98487 0
98503 0
98520 0
98548 0
98584 0
98607 0
98613 0
98614 0
98617 0
98679 0
98797 0
98993 0
99072 0
99081 0
99083 0
99120 0
99131 0
99133 0
99226 0
99443 0
99450 0
99546 0
99567 0
99655 0
99677 0
99721 0
99735 0
99741 0
99748 0
99755 0
99763 0
99782 0
99806 0
99844 0
