c This is a uniform distributed  1-D DIMACS file 
c width height point_number
p 100000 100000 2048
15 0
32 0
85 0
113 0
163 0
171 0
175 0
215 0
241 0
448 0
452 0
455 0
490 0
577 0
650 0
667 0
678 0
679 0
779 0
814 0
856 0
861 0
938 0
1044 0
1071 0
1108 0
1171 0
1185 0
1230 0
1248 0
1252 0
1253 0
1569 0
1688 0
1692 0
1701 0
1755 0
1770 0
1877 0
1952 0
1999 0
2041 0
2079 0
2187 0
2284 0
2317 0
2318 0
2549 0
2563 0
2592 0
2608 0
2642 0
2655 0
2656 0
2667 0
2774 0
2841 0
2915 0
2937 0
2955 0
2972 0
3074 0
3083 0
3113 0
3117 0
3120 0
3157 0
3166 0
3198 0
3245 0
3296 0
3423 0
3443 0
3444 0
3503 0
3527 0
3558 0
3609 0
3622 0
3627 0
3660 0
3715 0
3888 0
3890 0
3974 0
3987 0
4312 0
4329 0
4505 0
4543 0
4644 0
4776 0
4819 0
4832 0
4877 0
4950 0
4969 0
4996 0
5077 0
5083 0
5089 0
5106 0
5216 0
5235 0
5253 0
5263 0
5286 0
5300 0
5349 0
5389 0
5431 0
5489 0
5491 0
5514 0
5640 0
5650 0
5654 0
5669 0
5673 0
5787 0
5937 0
6067 0
6177 0
6247 0
6286 0
6415 0
6476 0
6491 0
6516 0
6545 0
6600 0
6623 0
6667 0
6767 0
6958 0
7054 0
7122 0
7126 0
7139 0
7190 0
7217 0
7243 0
7292 0
7297 0
7306 0
7310 0
7313 0
7330 0
7376 0
7417 0
7447 0
7449 0
7452 0
7486 0
7501 0
7531 0
7575 0
7727 0
7732 0
7740 0
7872 0
7892 0
7922 0
7929 0
7969 0
8036 0
8164 0
8169 0
8202 0
8216 0
8289 0
8311 0
8383 0
8387 0
8390 0
8392 0
8450 0
8490 0
8554 0
8556 0
8620 0
8802 0
8847 0
8923 0
8986 0
9059 0
9220 0
9491 0
9523 0
9527 0
9533 0
9618 0
9633 0
9687 0
9727 0
9773 0
9829 0
9882 0
9887 0
9907 0
9927 0
9998 0
10028 0
10123 0
10130 0
10144 0
10171 0
10187 0
10224 0
10230 0
10279 0
10345 0
10386 0
10417 0
10464 0
10538 0
10588 0
10650 0
10701 0
10830 0
10893 0
10914 0
10968 0
11071 0
11307 0
11366 0
11371 0
11563 0
11680 0
11761 0
11803 0
11809 0
11832 0
11891 0
11933 0
11970 0
12003 0
12058 0
12064 0
12067 0
12118 0
12182 0
12205 0
12263 0
12325 0
12372 0
12377 0
12445 0
12504 0
12510 0
12665 0
12714 0
12729 0
12772 0
12892 0
12911 0
12912 0
13063 0
13148 0
13206 0
13272 0
13328 0
13341 0
13445 0
13464 0
13495 0
13506 0
13653 0
14071 0
14322 0
14332 0
14336 0
14441 0
14447 0
14456 0
14513 0
14537 0
14569 0
14575 0
14587 0
14592 0
14673 0
14690 0
14759 0
14882 0
14923 0
14951 0
15034 0
15071 0
15099 0
15102 0
15119 0
15123 0
15277 0
15283 0
15405 0
15549 0
15562 0
15580 0
15646 0
15746 0
15784 0
15833 0
16014 0
16028 0
16036 0
16066 0
16099 0
16128 0
16207 0
16247 0
16354 0
16359 0
16377 0
16392 0
16469 0
16541 0
16579 0
16637 0
16662 0
16687 0
16808 0
16817 0
16846 0
16876 0
16891 0
16896 0
16938 0
16962 0
16986 0
17016 0
17135 0
17170 0
17173 0
17248 0
17277 0
17283 0
17293 0
17302 0
17314 0
17356 0
17375 0
17394 0
17404 0
17428 0
17593 0
17647 0
17663 0
17664 0
17749 0
17773 0
17782 0
17818 0
17820 0
17844 0
17849 0
17864 0
17943 0
17974 0
17979 0
18016 0
18018 0
18213 0
18226 0
18247 0
18336 0
18531 0
18613 0
18683 0
18874 0
18976 0
18993 0
19111 0
19125 0
19149 0
19163 0
19283 0
19289 0
19293 0
19301 0
19340 0
19408 0
19474 0
19481 0
19536 0
19625 0
19636 0
19699 0
19751 0
19758 0
19809 0
19818 0
19824 0
19873 0
19917 0
19967 0
20040 0
20076 0
20159 0
20193 0
20199 0
20228 0
20279 0
20353 0
20387 0
20465 0
20497 0
20503 0
20510 0
20513 0
20536 0
20733 0
20791 0
20932 0
21083 0
21180 0
21308 0
21329 0
21454 0
21458 0
21501 0
21561 0
21596 0
21624 0
21626 0
21702 0
21746 0
21786 0
21823 0
21853 0
21935 0
21966 0
22015 0
22097 0
22108 0
22142 0
22172 0
22270 0
22319 0
22334 0
22344 0
22467 0
22550 0
22592 0
22593 0
22608 0
22636 0
22673 0
22710 0
22837 0
22893 0
22900 0
22952 0
23044 0
23092 0
23177 0
23280 0
23698 0
23722 0
23794 0
23812 0
23840 0
23944 0
23975 0
23989 0
24060 0
24135 0
24178 0
24258 0
24272 0
24342 0
24390 0
24445 0
24458 0
24472 0
24483 0
24554 0
24615 0
24668 0
24686 0
24730 0
24816 0
24882 0
24934 0
24991 0
25048 0
25097 0
25099 0
25191 0
25194 0
25218 0
25242 0
25245 0
25283 0
25296 0
25360 0
25380 0
25439 0
25447 0
25497 0
25527 0
25573 0
25676 0
25735 0
25756 0
25780 0
25802 0
25832 0
25909 0
26002 0
26056 0
26060 0
26068 0
26100 0
26107 0
26166 0
26193 0
26205 0
26219 0
26253 0
26335 0
26386 0
26404 0
26527 0
26568 0
26580 0
26604 0
26615 0
26628 0
26631 0
26701 0
26773 0
26837 0
26875 0
26935 0
26945 0
26983 0
27014 0
27080 0
27085 0
27111 0
27134 0
27358 0
27399 0
27453 0
27505 0
27506 0
27566 0
27587 0
27616 0
27625 0
27633 0
27667 0
27726 0
27737 0
27800 0
27810 0
27857 0
27868 0
27955 0
28013 0
28041 0
28105 0
28113 0
28122 0
28240 0
28271 0
28303 0
28306 0
28327 0
28329 0
28370 0
28376 0
28391 0
28416 0
28508 0
28551 0
28592 0
28756 0
28774 0
28874 0
28879 0
28916 0
28943 0
28959 0
29051 0
29163 0
29175 0
29235 0
29248 0
29313 0
29407 0
29415 0
29494 0
29528 0
29544 0
29548 0
29573 0
29616 0
29649 0
29682 0
29824 0
29878 0
29988 0
30005 0
30061 0
30088 0
30113 0
30131 0
30190 0
30203 0
30237 0
30385 0
30390 0
30554 0
30555 0
30592 0
30631 0
30639 0
30656 0
30705 0
30721 0
30746 0
30775 0
30818 0
30826 0
30849 0
30891 0
30929 0
31040 0
31059 0
31084 0
31166 0
31175 0
31240 0
31296 0
31318 0
31347 0
31383 0
31417 0
31491 0
31492 0
31504 0
31576 0
31591 0
31610 0
31615 0
31640 0
31672 0
31700 0
31730 0
31771 0
31782 0
31804 0
31815 0
31870 0
31943 0
32009 0
32010 0
32026 0
32071 0
32161 0
32194 0
32202 0
32334 0
32517 0
32568 0
32628 0
32681 0
32790 0
32829 0
32854 0
32882 0
33027 0
33062 0
33063 0
33214 0
33301 0
33306 0
33327 0
33332 0
33358 0
33399 0
33400 0
33491 0
33538 0
33547 0
33598 0
33645 0
33676 0
33738 0
33773 0
33804 0
33814 0
33982 0
34000 0
34042 0
34047 0
34049 0
34146 0
34234 0
34235 0
34238 0
34294 0
34371 0
34406 0
34451 0
34462 0
34488 0
34620 0
34638 0
34657 0
34670 0
34705 0
34736 0
34886 0
34911 0
35024 0
35027 0
35064 0
35084 0
35168 0
35189 0
35213 0
35225 0
35329 0
35357 0
35425 0
35434 0
35575 0
35585 0
35638 0
35645 0
35723 0
35741 0
35789 0
35851 0
35974 0
35980 0
36009 0
36037 0
36288 0
36358 0
36401 0
36457 0
36460 0
36471 0
36546 0
36567 0
36579 0
36588 0
36590 0
36756 0
36802 0
36865 0
36920 0
36947 0
37003 0
37011 0
37097 0
37176 0
37214 0
37270 0
37290 0
37399 0
37415 0
37486 0
37557 0
37653 0
37690 0
37827 0
37863 0
37871 0
37903 0
37920 0
37943 0
38006 0
38024 0
38066 0
38107 0
38186 0
38263 0
38290 0
38346 0
38394 0
38426 0
38451 0
38518 0
38542 0
38549 0
38563 0
38682 0
38693 0
38819 0
38871 0
38947 0
38982 0
39015 0
39020 0
39032 0
39042 0
39046 0
39081 0
39103 0
39129 0
39146 0
39229 0
39287 0
39332 0
39336 0
39349 0
39385 0
39458 0
39466 0
39486 0
39533 0
39579 0
39635 0
39642 0
39773 0
39833 0
40071 0
40090 0
40139 0
40199 0
40200 0
40227 0
40328 0
40394 0
40418 0
40658 0
40722 0
40737 0
40812 0
40851 0
40868 0
40913 0
41130 0
41222 0
41302 0
41396 0
41437 0
41460 0
41475 0
41476 0
41549 0
41573 0
41626 0
41675 0
41713 0
41767 0
41813 0
41954 0
42083 0
42098 0
42154 0
42173 0
42192 0
42224 0
42234 0
42239 0
42242 0
42250 0
42269 0
42273 0
42290 0
42315 0
42360 0
42375 0
42435 0
42521 0
42661 0
42678 0
42711 0
42745 0
42780 0
42809 0
42850 0
42867 0
42873 0
42915 0
42967 0
43054 0
43090 0
43141 0
43161 0
43182 0
43212 0
43360 0
43388 0
43478 0
43481 0
43502 0
43539 0
43603 0
43659 0
43664 0
43685 0
43703 0
43718 0
43740 0
43763 0
43891 0
43901 0
43978 0
44037 0
44077 0
44172 0
44191 0
44197 0
44229 0
44249 0
44292 0
44338 0
44345 0
44352 0
44374 0
44376 0
44406 0
44424 0
44431 0
44444 0
44451 0
44485 0
44503 0
44513 0
44599 0
44637 0
44639 0
44655 0
44695 0
44710 0
44719 0
44768 0
44786 0
44795 0
44866 0
44904 0
44931 0
44936 0
44939 0
45014 0
45064 0
45068 0
45092 0
45127 0
45154 0
45167 0
45220 0
45230 0
45269 0
45291 0
45337 0
45442 0
45478 0
45498 0
45511 0
45512 0
45863 0
45867 0
45940 0
46003 0
46070 0
46268 0
46290 0
46515 0
46607 0
46612 0
46655 0
46719 0
46737 0
46799 0
46844 0
46889 0
46915 0
46920 0
46941 0
47056 0
47213 0
47263 0
47269 0
47290 0
47477 0
47526 0
47569 0
47611 0
47731 0
47735 0
47780 0
47800 0
47802 0
47844 0
47969 0
47980 0
48112 0
48125 0
48176 0
48263 0
48356 0
48361 0
48405 0
48490 0
48498 0
48605 0
48608 0
48660 0
48676 0
48715 0
48739 0
48808 0
48896 0
48928 0
49013 0
49122 0
49235 0
49260 0
49261 0
49283 0
49287 0
49324 0
49375 0
49483 0
49612 0
49657 0
49775 0
49904 0
49920 0
50176 0
50177 0
50178 0
50215 0
50337 0
50340 0
50433 0
50492 0
50749 0
50825 0
50834 0
50898 0
50952 0
50953 0
51044 0
51056 0
51099 0
51103 0
51167 0
51204 0
51256 0
51316 0
51325 0
51361 0
51393 0
51432 0
51456 0
51486 0
51510 0
51555 0
51578 0
51629 0
51647 0
51653 0
51672 0
51681 0
51771 0
51777 0
51797 0
51850 0
51857 0
51917 0
51942 0
51956 0
52281 0
52308 0
52344 0
52346 0
52384 0
52449 0
52469 0
52535 0
52629 0
52663 0
52667 0
52685 0
52700 0
52752 0
52796 0
52913 0
52924 0
52944 0
53015 0
53062 0
53101 0
53127 0
53166 0
53206 0
53253 0
53278 0
53305 0
53345 0
53355 0
53365 0
53395 0
53506 0
53536 0
53579 0
53595 0
53668 0
53684 0
53861 0
53951 0
53954 0
53957 0
53982 0
54157 0
54188 0
54253 0
54263 0
54265 0
54283 0
54437 0
54442 0
54486 0
54491 0
54504 0
54531 0
54534 0
54675 0
54679 0
54826 0
54884 0
54926 0
54967 0
55036 0
55201 0
55206 0
55208 0
55216 0
55241 0
55269 0
55270 0
55290 0
55335 0
55336 0
55515 0
55621 0
55630 0
55652 0
55703 0
55751 0
55761 0
55830 0
55866 0
55878 0
55911 0
55998 0
56002 0
56068 0
56132 0
56147 0
56190 0
56277 0
56514 0
56592 0
56615 0
56739 0
56866 0
56875 0
56898 0
56904 0
56907 0
56929 0
56973 0
57098 0
57145 0
57186 0
57378 0
57390 0
57411 0
57453 0
57493 0
57556 0
57637 0
57704 0
57783 0
57795 0
58068 0
58100 0
58242 0
58245 0
58257 0
58274 0
58285 0
58314 0
58321 0
58440 0
58469 0
58515 0
58528 0
58546 0
58724 0
58761 0
58764 0
58804 0
58961 0
59216 0
59246 0
59255 0
59300 0
59301 0
59303 0
59310 0
59360 0
59444 0
59475 0
59558 0
59594 0
59710 0
59728 0
59754 0
60029 0
60149 0
60186 0
60233 0
60237 0
60336 0
60489 0
60497 0
60515 0
60526 0
60544 0
60545 0
60603 0
60682 0
60801 0
60918 0
60921 0
60968 0
61150 0
61247 0
61260 0
61267 0
61416 0
61426 0
61427 0
61461 0
61469 0
61505 0
61507 0
61532 0
61554 0
61730 0
61830 0
61899 0
61921 0
61967 0
61997 0
62010 0
62030 0
62045 0
62077 0
62123 0
62138 0
62178 0
62186 0
62203 0
62214 0
62255 0
62288 0
62302 0
62324 0
62333 0
62339 0
62377 0
62401 0
62406 0
62431 0
62489 0
62495 0
62564 0
62589 0
62620 0
62641 0
62665 0
62749 0
62759 0
62864 0
63022 0
63089 0
63095 0
63170 0
63332 0
63354 0
63373 0
63419 0
63445 0
63470 0
63523 0
63596 0
63604 0
63665 0
63737 0
63744 0
63902 0
63918 0
63948 0
63958 0
64044 0
64064 0
64137 0
64283 0
64345 0
64347 0
64391 0
64449 0
64483 0
64500 0
64645 0
64654 0
64769 0
64843 0
64878 0
64895 0
64903 0
64930 0
65012 0
65014 0
65024 0
65103 0
65117 0
65143 0
65176 0
65314 0
65416 0
65466 0
65497 0
65502 0
65517 0
65730 0
65732 0
65757 0
65763 0
65883 0
65895 0
65971 0
66067 0
66080 0
66102 0
66176 0
66296 0
66307 0
66316 0
66326 0
66337 0
66359 0
66388 0
66477 0
66510 0
66539 0
66568 0
66593 0
66655 0
66694 0
66699 0
66754 0
66871 0
66945 0
66963 0
67182 0
67199 0
67273 0
67313 0
67321 0
67443 0
67451 0
67464 0
67516 0
67531 0
67544 0
67577 0
67608 0
67632 0
67729 0
67772 0
67805 0
67810 0
67948 0
67962 0
67987 0
68022 0
68064 0
68149 0
68187 0
68258 0
68268 0
68291 0
68295 0
68376 0
68474 0
68518 0
68552 0
68576 0
68699 0
68714 0
68739 0
68842 0
68849 0
68862 0
68876 0
68894 0
68942 0
68945 0
69123 0
69193 0
69221 0
69240 0
69281 0
69297 0
69319 0
69370 0
69422 0
69476 0
69486 0
69492 0
69498 0
69532 0
69635 0
69690 0
69697 0
69741 0
69819 0
69924 0
69981 0
70041 0
70097 0
70233 0
70239 0
70348 0
70351 0
70357 0
70446 0
70470 0
70524 0
70544 0
70714 0
70771 0
70838 0
70894 0
70908 0
70996 0
71013 0
71019 0
71049 0
71081 0
71151 0
71156 0
71163 0
71179 0
71190 0
71244 0
71294 0
71297 0
71310 0
71334 0
71383 0
71475 0
71488 0
71524 0
71700 0
71720 0
71762 0
71806 0
71850 0
71857 0
71906 0
71998 0
72026 0
72117 0
72309 0
72377 0
72382 0
72391 0
72518 0
72523 0
72564 0
72621 0
72677 0
72715 0
72842 0
72848 0
72888 0
73194 0
73247 0
73389 0
73401 0
73426 0
73428 0
73456 0
73458 0
73469 0
73479 0
73522 0
73531 0
73612 0
73646 0
73650 0
73671 0
73677 0
73783 0
73857 0
74030 0
74215 0
74307 0
74322 0
74339 0
74372 0
74402 0
74415 0
74418 0
74448 0
74491 0
74502 0
74559 0
74657 0
74703 0
74728 0
74750 0
74752 0
75132 0
75162 0
75227 0
75276 0
75380 0
75415 0
75518 0
75637 0
75672 0
75689 0
75700 0
75735 0
75747 0
75891 0
75917 0
75927 0
75946 0
76005 0
76120 0
76201 0
76220 0
76249 0
76261 0
76280 0
76307 0
76316 0
76326 0
76392 0
76428 0
76443 0
76445 0
76460 0
76485 0
76571 0
76575 0
76588 0
76653 0
76678 0
76709 0
76711 0
76722 0
76769 0
76778 0
76788 0
76825 0
76851 0
76862 0
76926 0
76943 0
76952 0
76955 0
76971 0
76979 0
77036 0
77087 0
77367 0
77372 0
77395 0
77431 0
77511 0
77532 0
77623 0
77680 0
77738 0
77739 0
77749 0
77851 0
78018 0
78166 0
78250 0
78330 0
78407 0
78456 0
78533 0
78573 0
78632 0
78789 0
78817 0
78839 0
78896 0
78916 0
79042 0
79064 0
79080 0
79135 0
79142 0
79184 0
79295 0
79303 0
79341 0
79352 0
79395 0
79478 0
79481 0
79505 0
79521 0
79824 0
79953 0
79982 0
80016 0
80097 0
80119 0
80141 0
80168 0
80217 0
80239 0
80280 0
80442 0
80446 0
80570 0
80594 0
80630 0
80647 0
80649 0
80757 0
80803 0
80853 0
80879 0
80935 0
80970 0
81023 0
81121 0
81239 0
81441 0
81479 0
81501 0
81617 0
81655 0
81677 0
81700 0
81779 0
81889 0
81929 0
81953 0
81973 0
82009 0
82026 0
82050 0
82102 0
82169 0
82171 0
82227 0
82258 0
82395 0
82550 0
82600 0
82664 0
82715 0
82877 0
82881 0
82896 0
82936 0
82948 0
82999 0
83002 0
83106 0
83176 0
83186 0
83203 0
83217 0
83239 0
83279 0
83405 0
83433 0
83450 0
83552 0
83649 0
83700 0
83738 0
83745 0
83922 0
83944 0
83955 0
83995 0
84086 0
84105 0
84140 0
84158 0
84165 0
84168 0
84180 0
84248 0
84273 0
84345 0
84347 0
84363 0
84396 0
84413 0
84422 0
84429 0
84466 0
84547 0
84684 0
84713 0
84771 0
84813 0
84827 0
84896 0
84904 0
84906 0
84921 0
84943 0
84977 0
84995 0
85000 0
85009 0
85120 0
85133 0
85138 0
85207 0
85253 0
85274 0
85319 0
85429 0
85559 0
85572 0
85595 0
85761 0
85773 0
85846 0
85982 0
85987 0
85988 0
86028 0
86098 0
86121 0
86181 0
86223 0
86299 0
86384 0
86395 0
86507 0
86513 0
86533 0
86570 0
86707 0
86709 0
86720 0
86740 0
86788 0
86812 0
86908 0
86932 0
87013 0
87059 0
87082 0
87117 0
87157 0
87247 0
87288 0
87343 0
87416 0
87517 0
87571 0
87574 0
87606 0
87639 0
87653 0
87782 0
87802 0
87898 0
87971 0
88021 0
88033 0
88222 0
88226 0
88274 0
88283 0
88335 0
88390 0
88419 0
88451 0
88512 0
88527 0
88528 0
88532 0
88538 0
88632 0
88713 0
88736 0
88761 0
88834 0
88893 0
88980 0
89055 0
89191 0
89221 0
89296 0
89392 0
89584 0
89616 0
89652 0
89668 0
89699 0
89761 0
89763 0
89769 0
89807 0
89922 0
90021 0
90069 0
90113 0
90149 0
90172 0
90208 0
90325 0
90332 0
90334 0
90343 0
90373 0
90439 0
90468 0
90511 0
90522 0
90532 0
90553 0
90673 0
90700 0
90772 0
90773 0
90806 0
90807 0
90927 0
90943 0
90957 0
90970 0
91001 0
91046 0
91173 0
91305 0
91311 0
91315 0
91326 0
91334 0
91338 0
91368 0
91503 0
91569 0
91598 0
91674 0
91762 0
91797 0
91889 0
91894 0
91949 0
92015 0
92093 0
92104 0
92141 0
92144 0
92334 0
92390 0
92428 0
92481 0
92571 0
92762 0
92818 0
92856 0
92924 0
92932 0
92940 0
92989 0
93006 0
93141 0
93152 0
93165 0
93204 0
93216 0
93219 0
93222 0
93228 0
93264 0
93283 0
93299 0
93323 0
93449 0
93485 0
93523 0
93661 0
93666 0
93685 0
93714 0
93753 0
93789 0
93817 0
93840 0
93979 0
93984 0
94058 0
94077 0
94117 0
94140 0
94388 0
94392 0
94413 0
94453 0
94456 0
94471 0
94553 0
94610 0
94691 0
94754 0
94755 0
94804 0
94846 0
94870 0
94894 0
94901 0
95070 0
95103 0
95129 0
95144 0
95170 0
95214 0
95267 0
95408 0
95445 0
95493 0
95575 0
95608 0
95653 0
95706 0
95708 0
95737 0
95768 0
95839 0
95982 0
95989 0
95999 0
96024 0
96033 0
96062 0
96091 0
96362 0
96384 0
96485 0
96572 0
96584 0
96638 0
96764 0
96775 0
96809 0
96889 0
96913 0
97083 0
97113 0
97179 0
97219 0
97255 0
97278 0
97327 0
97419 0
97504 0
97532 0
97583 0
97596 0
97600 0
97603 0
97618 0
97629 0
97735 0
97736 0
97746 0
97764 0
97783 0
97914 0
97968 0
98011 0
98045 0
98077 0
98082 0
98170 0
98191 0
98220 0
98267 0
98322 0
98336 0
98339 0
98342 0
98374 0
98439 0
98440 0
98485 0
98562 0
98623 0
98646 0
98677 0
98786 0
98852 0
98889 0
98924 0
98960 0
99010 0
99020 0
99028 0
99111 0
99242 0
99245 0
99290 0
99331 0
99338 0
99376 0
99386 0
99510 0
99537 0
99555 0
99565 0
99631 0
99643 0
99649 0
99666 0
99734 0
99753 0
99759 0
99821 0
99856 0
99891 0
99897 0
99964 0
99972 0
99999 0
