c This is a uniform distributed  1-D DIMACS file 
c width height point_number
p 100000 100000 2048
21 0
46 0
65 0
128 0
209 0
267 0
274 0
424 0
603 0
649 0
684 0
750 0
756 0
766 0
992 0
1005 0
1078 0
1114 0
1135 0
1143 0
1204 0
1225 0
1245 0
1273 0
1284 0
1286 0
1480 0
1540 0
1645 0
1711 0
1789 0
1822 0
1948 0
1964 0
1984 0
2231 0
2368 0
2374 0
2505 0
2518 0
2625 0
2668 0
2684 0
2710 0
2715 0
2766 0
2796 0
2798 0
2832 0
3003 0
3048 0
3100 0
3103 0
3172 0
3320 0
3362 0
3385 0
3392 0
3410 0
3429 0
3482 0
3532 0
3585 0
3591 0
3603 0
3727 0
3863 0
3875 0
3888 0
3892 0
3895 0
3932 0
3933 0
3973 0
3978 0
3979 0
4008 0
4038 0
4040 0
4049 0
4122 0
4164 0
4185 0
4202 0
4337 0
4367 0
4443 0
4536 0
4568 0
4571 0
4584 0
4607 0
4633 0
4656 0
4671 0
4773 0
4807 0
4838 0
4913 0
4959 0
4977 0
4996 0
5055 0
5127 0
5152 0
5275 0
5278 0
5311 0
5385 0
5400 0
5517 0
5580 0
5605 0
5607 0
5624 0
5754 0
5771 0
5845 0
5866 0
5880 0
5919 0
5927 0
6072 0
6086 0
6140 0
6281 0
6310 0
6321 0
6377 0
6391 0
6460 0
6473 0
6514 0
6528 0
6552 0
6674 0
6712 0
6733 0
6752 0
6765 0
6881 0
6899 0
6978 0
7093 0
7099 0
7185 0
7212 0
7264 0
7276 0
7365 0
7368 0
7405 0
7525 0
7711 0
7744 0
7814 0
7865 0
7866 0
7883 0
7935 0
7969 0
8007 0
8097 0
8130 0
8189 0
8201 0
8214 0
8233 0
8241 0
8386 0
8460 0
8612 0
8764 0
8846 0
8868 0
8910 0
9334 0
9339 0
9449 0
9478 0
9605 0
9646 0
9711 0
9756 0
9917 0
9950 0
10030 0
10033 0
10102 0
10282 0
10397 0
10436 0
10476 0
10577 0
10601 0
10622 0
10652 0
10656 0
10704 0
10735 0
10773 0
10873 0
10879 0
10889 0
10900 0
10939 0
11016 0
11051 0
11098 0
11116 0
11136 0
11144 0
11213 0
11362 0
11448 0
11453 0
11483 0
11514 0
11588 0
11672 0
11675 0
11684 0
11705 0
11775 0
11777 0
11838 0
11860 0
11881 0
11917 0
11930 0
11955 0
12014 0
12073 0
12172 0
12178 0
12347 0
12474 0
12480 0
12535 0
12577 0
12583 0
12611 0
12626 0
12668 0
12778 0
12807 0
12857 0
12882 0
12929 0
13007 0
13065 0
13072 0
13082 0
13115 0
13248 0
13268 0
13275 0
13375 0
13412 0
13414 0
13417 0
13418 0
13454 0
13486 0
13504 0
13582 0
13612 0
13614 0
13641 0
13643 0
13644 0
13676 0
13758 0
13760 0
13797 0
13818 0
13840 0
13858 0
13927 0
13963 0
13974 0
13983 0
14031 0
14203 0
14279 0
14398 0
14416 0
14478 0
14586 0
14618 0
14684 0
14701 0
14878 0
14922 0
15117 0
15219 0
15220 0
15351 0
15396 0
15405 0
15419 0
15421 0
15425 0
15490 0
15492 0
15530 0
15547 0
15556 0
15557 0
15564 0
15574 0
15579 0
15594 0
15613 0
15625 0
15648 0
15698 0
15757 0
15808 0
15813 0
15892 0
15912 0
15913 0
15958 0
16120 0
16170 0
16240 0
16266 0
16303 0
16318 0
16363 0
16420 0
16504 0
16530 0
16560 0
16579 0
16584 0
16586 0
16775 0
16804 0
16928 0
17027 0
17078 0
17121 0
17133 0
17143 0
17144 0
17148 0
17160 0
17178 0
17260 0
17272 0
17307 0
17434 0
17436 0
17457 0
17494 0
17634 0
17750 0
17885 0
17946 0
17994 0
17998 0
18012 0
18047 0
18084 0
18115 0
18148 0
18171 0
18265 0
18291 0
18313 0
18393 0
18482 0
18496 0
18653 0
18863 0
18974 0
18996 0
18998 0
19016 0
19135 0
19187 0
19210 0
19283 0
19339 0
19379 0
19446 0
19508 0
19516 0
19647 0
19654 0
19675 0
19778 0
19783 0
19787 0
19833 0
19889 0
19921 0
19958 0
19991 0
20086 0
20093 0
20094 0
20174 0
20313 0
20325 0
20328 0
20343 0
20391 0
20472 0
20477 0
20498 0
20529 0
20628 0
20714 0
20810 0
20817 0
20834 0
20869 0
20878 0
20900 0
20986 0
21016 0
21045 0
21049 0
21172 0
21210 0
21260 0
21301 0
21320 0
21411 0
21457 0
21494 0
21521 0
21676 0
21920 0
21943 0
22020 0
22119 0
22160 0
22179 0
22229 0
22262 0
22343 0
22403 0
22448 0
22485 0
22489 0
22554 0
22615 0
22653 0
22668 0
22734 0
22795 0
22810 0
22861 0
22868 0
22884 0
22906 0
22911 0
22924 0
22926 0
22948 0
22953 0
23042 0
23057 0
23091 0
23175 0
23232 0
23300 0
23333 0
23353 0
23464 0
23476 0
23492 0
23507 0
23530 0
23544 0
23631 0
23644 0
23688 0
23731 0
23746 0
23818 0
23825 0
23851 0
23861 0
23896 0
23942 0
23952 0
23970 0
23995 0
24078 0
24106 0
24146 0
24152 0
24289 0
24323 0
24365 0
24396 0
24428 0
24552 0
24556 0
24568 0
24716 0
24723 0
24727 0
24734 0
24867 0
24950 0
24987 0
25068 0
25084 0
25094 0
25266 0
25274 0
25291 0
25322 0
25384 0
25482 0
25489 0
25496 0
25526 0
25536 0
25568 0
25583 0
25593 0
25663 0
25681 0
25700 0
25800 0
25809 0
25841 0
25844 0
25916 0
25939 0
25965 0
25970 0
26063 0
26072 0
26113 0
26145 0
26244 0
26362 0
26373 0
26475 0
26494 0
26498 0
26588 0
26593 0
26831 0
26860 0
26953 0
26954 0
26988 0
27038 0
27076 0
27092 0
27157 0
27164 0
27205 0
27273 0
27294 0
27318 0
27324 0
27426 0
27514 0
27565 0
27613 0
27683 0
27765 0
27797 0
27801 0
27805 0
28043 0
28061 0
28203 0
28210 0
28291 0
28332 0
28338 0
28347 0
28353 0
28373 0
28462 0
28492 0
28496 0
28542 0
28569 0
28571 0
28657 0
28681 0
28709 0
28715 0
28723 0
28745 0
28748 0
28763 0
28789 0
28909 0
28920 0
29038 0
29044 0
29110 0
29224 0
29350 0
29435 0
29491 0
29676 0
29748 0
29755 0
29784 0
29869 0
29875 0
29882 0
29901 0
29968 0
29985 0
30010 0
30034 0
30039 0
30123 0
30138 0
30154 0
30187 0
30212 0
30278 0
30293 0
30317 0
30367 0
30391 0
30457 0
30499 0
30514 0
30607 0
30872 0
30905 0
30924 0
30933 0
30986 0
31018 0
31044 0
31051 0
31087 0
31092 0
31123 0
31198 0
31213 0
31263 0
31295 0
31390 0
31465 0
31494 0
31497 0
31522 0
31644 0
31659 0
31709 0
31712 0
31826 0
31843 0
31893 0
32008 0
32017 0
32021 0
32072 0
32119 0
32163 0
32164 0
32175 0
32190 0
32217 0
32283 0
32342 0
32350 0
32360 0
32398 0
32442 0
32463 0
32469 0
32554 0
32612 0
32738 0
32814 0
32887 0
33001 0
33004 0
33062 0
33165 0
33172 0
33226 0
33274 0
33295 0
33325 0
33364 0
33390 0
33491 0
33536 0
33664 0
33689 0
33729 0
33741 0
33766 0
33781 0
33874 0
33958 0
33982 0
34050 0
34065 0
34138 0
34154 0
34165 0
34171 0
34188 0
34198 0
34229 0
34258 0
34263 0
34451 0
34498 0
34519 0
34557 0
34560 0
34565 0
34587 0
34605 0
34611 0
34786 0
34849 0
34869 0
34935 0
34957 0
34967 0
34994 0
35093 0
35296 0
35309 0
35330 0
35349 0
35414 0
35423 0
35424 0
35426 0
35428 0
35555 0
35575 0
35589 0
35713 0
35802 0
35823 0
36114 0
36117 0
36129 0
36134 0
36169 0
36225 0
36247 0
36251 0
36304 0
36317 0
36375 0
36431 0
36537 0
36609 0
36630 0
36675 0
36702 0
36770 0
36796 0
36843 0
36901 0
36957 0
37024 0
37033 0
37050 0
37056 0
37103 0
37118 0
37134 0
37164 0
37190 0
37284 0
37290 0
37354 0
37401 0
37424 0
37444 0
37449 0
37542 0
37593 0
37605 0
37685 0
37742 0
37755 0
37784 0
37826 0
37903 0
37941 0
37977 0
38078 0
38079 0
38080 0
38082 0
38109 0
38182 0
38347 0
38416 0
38418 0
38420 0
38563 0
38573 0
38654 0
38676 0
38742 0
38760 0
38813 0
38873 0
38875 0
38881 0
38919 0
38935 0
38945 0
38959 0
39093 0
39103 0
39127 0
39179 0
39230 0
39264 0
39313 0
39325 0
39326 0
39329 0
39407 0
39409 0
39425 0
39455 0
39485 0
39598 0
39669 0
39727 0
39743 0
39751 0
39800 0
39812 0
39930 0
40006 0
40147 0
40156 0
40177 0
40210 0
40280 0
40304 0
40341 0
40362 0
40546 0
40584 0
40718 0
40777 0
40843 0
40853 0
40858 0
40928 0
40953 0
40982 0
41225 0
41246 0
41248 0
41276 0
41289 0
41294 0
41336 0
41349 0
41400 0
41414 0
41432 0
41446 0
41486 0
41498 0
41520 0
41646 0
41660 0
41681 0
41814 0
41819 0
41824 0
42006 0
42009 0
42047 0
42052 0
42229 0
42232 0
42281 0
42603 0
42673 0
42807 0
42809 0
42827 0
42839 0
42844 0
42855 0
42873 0
42941 0
42993 0
43050 0
43091 0
43122 0
43185 0
43191 0
43223 0
43317 0
43329 0
43410 0
43458 0
43491 0
43592 0
43612 0
43645 0
43650 0
43718 0
43762 0
43785 0
43786 0
43807 0
43919 0
43943 0
44059 0
44072 0
44090 0
44120 0
44193 0
44211 0
44251 0
44252 0
44262 0
44459 0
44490 0
44497 0
44523 0
44538 0
44556 0
44569 0
44622 0
44690 0
44705 0
44734 0
44747 0
44763 0
44841 0
44851 0
44928 0
44986 0
44995 0
45029 0
45120 0
45233 0
45245 0
45295 0
45307 0
45317 0
45332 0
45372 0
45395 0
45495 0
45507 0
45609 0
45747 0
45757 0
45772 0
45834 0
45896 0
45912 0
46005 0
46126 0
46145 0
46226 0
46388 0
46420 0
46436 0
46439 0
46573 0
46624 0
46703 0
46705 0
46725 0
46731 0
46863 0
46869 0
46988 0
47036 0
47058 0
47112 0
47123 0
47125 0
47155 0
47202 0
47319 0
47343 0
47394 0
47411 0
47437 0
47486 0
47542 0
47554 0
47609 0
47659 0
47692 0
47749 0
47761 0
47855 0
47905 0
48071 0
48102 0
48108 0
48144 0
48242 0
48249 0
48276 0
48291 0
48452 0
48492 0
48523 0
48696 0
48699 0
48765 0
48779 0
48784 0
48806 0
48824 0
48826 0
48839 0
48872 0
48917 0
48926 0
48958 0
48983 0
49062 0
49129 0
49249 0
49283 0
49300 0
49358 0
49374 0
49385 0
49440 0
49487 0
49506 0
49513 0
49564 0
49583 0
49593 0
49761 0
49779 0
49811 0
49840 0
49970 0
50026 0
50074 0
50089 0
50148 0
50294 0
50295 0
50353 0
50596 0
50607 0
50653 0
50736 0
50762 0
50797 0
50807 0
50812 0
50826 0
50852 0
50940 0
51031 0
51126 0
51150 0
51219 0
51253 0
51258 0
51271 0
51308 0
51333 0
51353 0
51393 0
51440 0
51532 0
51602 0
51607 0
51673 0
51685 0
51783 0
51809 0
51825 0
51850 0
51866 0
51944 0
52196 0
52271 0
52307 0
52423 0
52474 0
52486 0
52495 0
52764 0
52807 0
52873 0
52895 0
52995 0
53023 0
53083 0
53141 0
53208 0
53239 0
53248 0
53273 0
53275 0
53306 0
53324 0
53413 0
53415 0
53612 0
53623 0
53624 0
53663 0
53672 0
53693 0
53784 0
53796 0
53797 0
53839 0
53856 0
53874 0
53921 0
53939 0
54087 0
54150 0
54304 0
54336 0
54364 0
54392 0
54394 0
54426 0
54440 0
54448 0
54565 0
54819 0
54848 0
54896 0
54898 0
54961 0
54971 0
55011 0
55059 0
55093 0
55110 0
55133 0
55226 0
55307 0
55323 0
55409 0
55421 0
55441 0
55526 0
55527 0
55551 0
55616 0
55623 0
55663 0
55831 0
55832 0
55966 0
55972 0
56118 0
56130 0
56149 0
56265 0
56346 0
56434 0
56448 0
56474 0
56540 0
56678 0
56730 0
56739 0
56926 0
56978 0
57003 0
57026 0
57045 0
57063 0
57115 0
57156 0
57240 0
57252 0
57310 0
57530 0
57659 0
57671 0
57756 0
57830 0
57866 0
57873 0
57904 0
57929 0
58070 0
58122 0
58191 0
58364 0
58389 0
58433 0
58469 0
58494 0
58507 0
58510 0
58514 0
58602 0
58691 0
58771 0
58846 0
58890 0
58896 0
58956 0
59095 0
59138 0
59273 0
59285 0
59302 0
59431 0
59468 0
59517 0
59599 0
59619 0
59659 0
59759 0
59796 0
59809 0
59827 0
59960 0
59971 0
59997 0
60036 0
60076 0
60085 0
60234 0
60252 0
60255 0
60271 0
60322 0
60359 0
60375 0
60406 0
60487 0
60510 0
60577 0
60631 0
60718 0
60835 0
60903 0
60907 0
60917 0
60962 0
60982 0
61005 0
61038 0
61082 0
61093 0
61191 0
61434 0
61482 0
61533 0
61585 0
61701 0
61719 0
61835 0
61943 0
61952 0
61953 0
62103 0
62149 0
62279 0
62306 0
62334 0
62467 0
62552 0
62647 0
62741 0
62800 0
62830 0
63019 0
63047 0
63247 0
63312 0
63370 0
63398 0
63430 0
63437 0
63442 0
63503 0
63612 0
63623 0
63640 0
63652 0
63792 0
63877 0
63879 0
63911 0
63921 0
63967 0
64057 0
64111 0
64143 0
64275 0
64522 0
64594 0
64628 0
64637 0
64667 0
64680 0
64713 0
64801 0
64836 0
64926 0
64951 0
64955 0
65037 0
65082 0
65083 0
65138 0
65178 0
65252 0
65295 0
65344 0
65402 0
65469 0
65532 0
65540 0
65554 0
65599 0
65706 0
65783 0
65798 0
65893 0
65947 0
65975 0
65978 0
66068 0
66098 0
66168 0
66229 0
66247 0
66384 0
66403 0
66428 0
66447 0
66457 0
66578 0
66618 0
66736 0
66761 0
66775 0
66798 0
66802 0
66813 0
66817 0
66843 0
66844 0
66856 0
66982 0
67056 0
67106 0
67108 0
67202 0
67401 0
67442 0
67460 0
67537 0
67587 0
67588 0
67597 0
67677 0
67750 0
67806 0
67966 0
67991 0
67994 0
68077 0
68083 0
68109 0
68178 0
68197 0
68208 0
68252 0
68304 0
68306 0
68460 0
68467 0
68493 0
68501 0
68513 0
68522 0
68615 0
68666 0
68718 0
68719 0
68810 0
68835 0
68841 0
68849 0
68951 0
68955 0
68984 0
69162 0
69216 0
69248 0
69342 0
69438 0
69451 0
69509 0
69560 0
69561 0
69566 0
69645 0
69667 0
69671 0
69675 0
69700 0
69752 0
69843 0
69863 0
69967 0
70027 0
70048 0
70071 0
70131 0
70149 0
70202 0
70296 0
70297 0
70298 0
70365 0
70419 0
70443 0
70454 0
70482 0
70493 0
70535 0
70540 0
70617 0
70620 0
70727 0
70748 0
70800 0
70843 0
70866 0
70873 0
71010 0
71058 0
71064 0
71083 0
71108 0
71120 0
71190 0
71201 0
71211 0
71228 0
71250 0
71263 0
71297 0
71314 0
71355 0
71465 0
71511 0
71619 0
71623 0
71635 0
71647 0
71760 0
71828 0
71829 0
71876 0
71882 0
71902 0
71931 0
72039 0
72054 0
72186 0
72189 0
72315 0
72422 0
72426 0
72479 0
72513 0
72556 0
72577 0
72583 0
72618 0
72637 0
72639 0
72748 0
72795 0
72800 0
72809 0
72861 0
72902 0
72947 0
72991 0
73003 0
73015 0
73023 0
73043 0
73162 0
73284 0
73369 0
73375 0
73543 0
73597 0
73655 0
73698 0
73701 0
73746 0
73755 0
73811 0
73836 0
73850 0
73888 0
73955 0
74028 0
74033 0
74071 0
74151 0
74221 0
74240 0
74478 0
74486 0
74497 0
74573 0
74580 0
74618 0
74633 0
74638 0
74697 0
74813 0
74826 0
74847 0
74854 0
74943 0
75053 0
75079 0
75115 0
75216 0
75292 0
75313 0
75464 0
75468 0
75523 0
75542 0
75610 0
75700 0
75714 0
75756 0
75780 0
75782 0
75860 0
75868 0
75904 0
75963 0
76089 0
76121 0
76157 0
76164 0
76208 0
76247 0
76252 0
76254 0
76286 0
76292 0
76309 0
76342 0
76382 0
76395 0
76437 0
76503 0
76509 0
76525 0
76550 0
76563 0
76578 0
76775 0
76777 0
76789 0
76923 0
76947 0
76955 0
76997 0
77061 0
77081 0
77143 0
77172 0
77208 0
77211 0
77337 0
77339 0
77444 0
77483 0
77533 0
77648 0
77671 0
77691 0
77705 0
77718 0
77747 0
77783 0
77802 0
77819 0
77832 0
77839 0
77851 0
77863 0
77933 0
78004 0
78053 0
78095 0
78234 0
78237 0
78385 0
78397 0
78398 0
78407 0
78498 0
78512 0
78554 0
78562 0
78712 0
78729 0
78816 0
78849 0
78894 0
78911 0
78916 0
78942 0
78970 0
78988 0
79003 0
79007 0
79045 0
79047 0
79072 0
79135 0
79142 0
79369 0
79385 0
79402 0
79417 0
79421 0
79466 0
79484 0
79577 0
79718 0
79785 0
79811 0
79952 0
79968 0
80021 0
80059 0
80101 0
80189 0
80209 0
80275 0
80316 0
80460 0
80524 0
80589 0
80602 0
80620 0
80714 0
80721 0
80730 0
80745 0
80854 0
80910 0
81030 0
81112 0
81161 0
81225 0
81255 0
81301 0
81315 0
81325 0
81445 0
81472 0
81486 0
81502 0
81549 0
81557 0
81566 0
81594 0
81601 0
81630 0
81746 0
81844 0
81858 0
81866 0
81901 0
81917 0
81928 0
81987 0
82027 0
82055 0
82064 0
82097 0
82114 0
82133 0
82271 0
82314 0
82322 0
82370 0
82387 0
82480 0
82497 0
82555 0
82719 0
82964 0
82999 0
83149 0
83199 0
83287 0
83355 0
83375 0
83422 0
83535 0
83604 0
83678 0
83770 0
83860 0
83966 0
83981 0
83989 0
84016 0
84043 0
84096 0
84193 0
84251 0
84265 0
84267 0
84301 0
84308 0
84335 0
84392 0
84399 0
84409 0
84415 0
84553 0
84564 0
84566 0
84664 0
84684 0
84772 0
84787 0
84788 0
84839 0
84866 0
84870 0
84895 0
84966 0
85048 0
85188 0
85213 0
85521 0
85592 0
85686 0
85804 0
85831 0
85868 0
85888 0
85920 0
86005 0
86022 0
86047 0
86078 0
86092 0
86103 0
86105 0
86117 0
86217 0
86230 0
86243 0
86256 0
86275 0
86387 0
86423 0
86589 0
86602 0
86604 0
86636 0
86682 0
86687 0
86754 0
86824 0
86944 0
87125 0
87132 0
87228 0
87239 0
87269 0
87272 0
87273 0
87292 0
87331 0
87343 0
87360 0
87449 0
87477 0
87501 0
87558 0
87576 0
87845 0
87889 0
87952 0
87953 0
87958 0
88033 0
88087 0
88152 0
88250 0
88288 0
88363 0
88489 0
88671 0
88693 0
88787 0
88835 0
88958 0
89038 0
89065 0
89161 0
89214 0
89220 0
89232 0
89348 0
89383 0
89418 0
89482 0
89530 0
89544 0
89622 0
89666 0
89694 0
89867 0
90006 0
90227 0
90277 0
90329 0
90357 0
90394 0
90413 0
90534 0
90537 0
90605 0
90624 0
90631 0
90684 0
90750 0
90753 0
90782 0
90804 0
90826 0
90834 0
90852 0
90861 0
90964 0
91000 0
91076 0
91097 0
91105 0
91204 0
91277 0
91413 0
91431 0
91444 0
91599 0
91770 0
91811 0
92085 0
92509 0
92520 0
92527 0
92533 0
92546 0
92720 0
92753 0
92764 0
92788 0
92993 0
93117 0
93184 0
93224 0
93227 0
93272 0
93353 0
93361 0
93451 0
93538 0
93634 0
93721 0
93736 0
93754 0
93827 0
94019 0
94056 0
94102 0
94140 0
94159 0
94200 0
94236 0
94301 0
94307 0
94351 0
94360 0
94412 0
94606 0
94631 0
94674 0
94729 0
94843 0
94901 0
94909 0
94914 0
94917 0
94940 0
94970 0
94999 0
95024 0
95055 0
95081 0
95091 0
95151 0
95166 0
95203 0
95219 0
95289 0
95329 0
95449 0
95479 0
95560 0
95585 0
95608 0
95614 0
95650 0
95746 0
95759 0
95768 0
95827 0
95849 0
95951 0
96079 0
96137 0
96151 0
96201 0
96239 0
96300 0
96334 0
96338 0
96404 0
96469 0
96562 0
96568 0
96586 0
96643 0
96679 0
96745 0
96758 0
96852 0
96980 0
97044 0
97048 0
97059 0
97071 0
97076 0
97107 0
97142 0
97163 0
97235 0
97251 0
97274 0
97316 0
97321 0
97486 0
97549 0
97561 0
97573 0
97600 0
97623 0
97631 0
97655 0
97697 0
97782 0
97828 0
97842 0
97862 0
97956 0
98025 0
98071 0
98102 0
98140 0
98257 0
98290 0
98333 0
98399 0
98499 0
98503 0
98529 0
98603 0
98640 0
98656 0
98707 0
98710 0
98848 0
98867 0
98874 0
98912 0
98941 0
99022 0
99126 0
99155 0
99263 0
99301 0
99319 0
99322 0
99500 0
99504 0
99506 0
99519 0
99559 0
99601 0
99610 0
99640 0
99655 0
99700 0
99718 0
99746 0
99805 0
99828 0
99890 0
99951 0
99952 0
99954 0
