c This is a uniform distributed  1-D DIMACS file 
c width height point_number
p 100000 100000 2048
29 0
68 0
107 0
120 0
206 0
217 0
279 0
293 0
401 0
442 0
495 0
511 0
524 0
532 0
542 0
557 0
559 0
671 0
697 0
908 0
978 0
983 0
1002 0
1087 0
1115 0
1118 0
1122 0
1132 0
1246 0
1271 0
1395 0
1428 0
1581 0
1648 0
1700 0
1724 0
1738 0
1802 0
1821 0
1854 0
1879 0
1891 0
1936 0
1966 0
1972 0
2116 0
2213 0
2229 0
2233 0
2249 0
2291 0
2319 0
2382 0
2396 0
2446 0
2489 0
2518 0
2621 0
2642 0
2690 0
2804 0
2850 0
2858 0
2870 0
2930 0
3055 0
3136 0
3269 0
3336 0
3393 0
3452 0
3486 0
3538 0
3559 0
3618 0
3657 0
3679 0
3701 0
3737 0
3753 0
3775 0
3864 0
4011 0
4105 0
4202 0
4307 0
4375 0
4505 0
4572 0
4654 0
4668 0
4730 0
4775 0
4794 0
4813 0
4926 0
5115 0
5163 0
5279 0
5309 0
5314 0
5340 0
5356 0
5420 0
5471 0
5479 0
5698 0
5700 0
5713 0
5768 0
5875 0
5876 0
5879 0
5920 0
5971 0
6184 0
6217 0
6221 0
6248 0
6306 0
6336 0
6362 0
6382 0
6464 0
6552 0
6630 0
6644 0
6664 0
6710 0
6769 0
6813 0
6871 0
6877 0
6928 0
6991 0
7079 0
7113 0
7157 0
7158 0
7255 0
7305 0
7334 0
7440 0
7526 0
7538 0
7545 0
7555 0
7559 0
7561 0
7591 0
7688 0
7710 0
7773 0
7853 0
7915 0
8081 0
8169 0
8184 0
8224 0
8258 0
8278 0
8321 0
8344 0
8369 0
8383 0
8428 0
8432 0
8486 0
8581 0
8589 0
8626 0
8640 0
8755 0
8801 0
9007 0
9047 0
9052 0
9161 0
9169 0
9178 0
9188 0
9208 0
9210 0
9293 0
9294 0
9301 0
9371 0
9380 0
9384 0
9451 0
9537 0
9588 0
9601 0
9606 0
9625 0
9663 0
9668 0
9750 0
9782 0
9787 0
9872 0
9877 0
9886 0
9977 0
10004 0
10090 0
10104 0
10106 0
10179 0
10265 0
10364 0
10376 0
10396 0
10404 0
10416 0
10462 0
10484 0
10492 0
10513 0
10630 0
10645 0
10744 0
10783 0
10799 0
10887 0
11018 0
11024 0
11025 0
11190 0
11196 0
11234 0
11275 0
11329 0
11332 0
11371 0
11427 0
11548 0
11618 0
11648 0
11697 0
11755 0
11815 0
11820 0
11837 0
11844 0
11946 0
12046 0
12161 0
12173 0
12176 0
12240 0
12388 0
12509 0
12522 0
12546 0
12593 0
12868 0
13036 0
13037 0
13098 0
13225 0
13271 0
13291 0
13292 0
13575 0
13733 0
13745 0
13761 0
13785 0
13789 0
13859 0
13866 0
13992 0
14091 0
14118 0
14181 0
14237 0
14340 0
14500 0
14620 0
14633 0
14686 0
14731 0
14747 0
14783 0
14816 0
14836 0
14856 0
14873 0
14950 0
15005 0
15040 0
15062 0
15144 0
15146 0
15246 0
15334 0
15338 0
15391 0
15404 0
15477 0
15509 0
15511 0
15552 0
15590 0
15654 0
15656 0
15693 0
15740 0
15813 0
15840 0
15875 0
15953 0
16064 0
16158 0
16189 0
16249 0
16252 0
16297 0
16413 0
16491 0
16556 0
16565 0
16572 0
16575 0
16618 0
16631 0
16648 0
16692 0
16707 0
16806 0
16845 0
16868 0
16989 0
17119 0
17124 0
17188 0
17229 0
17277 0
17283 0
17397 0
17477 0
17554 0
17609 0
17615 0
17740 0
17807 0
17829 0
17885 0
17928 0
17949 0
17985 0
18039 0
18067 0
18075 0
18076 0
18079 0
18081 0
18253 0
18287 0
18291 0
18362 0
18387 0
18549 0
18711 0
18738 0
18792 0
18800 0
18870 0
18879 0
18910 0
18925 0
18950 0
18973 0
19013 0
19040 0
19106 0
19155 0
19179 0
19219 0
19224 0
19305 0
19348 0
19476 0
19517 0
19589 0
19604 0
19697 0
19708 0
19728 0
19773 0
19814 0
19838 0
19868 0
19899 0
19943 0
19975 0
19986 0
20072 0
20098 0
20174 0
20241 0
20272 0
20325 0
20346 0
20426 0
20474 0
20499 0
20610 0
20716 0
20732 0
20770 0
20797 0
20905 0
20926 0
20957 0
20970 0
21007 0
21096 0
21115 0
21150 0
21186 0
21222 0
21261 0
21317 0
21335 0
21458 0
21546 0
21562 0
21564 0
21580 0
21607 0
21616 0
21617 0
21631 0
21704 0
21740 0
21815 0
21844 0
21884 0
21904 0
21911 0
21914 0
21997 0
22030 0
22033 0
22079 0
22089 0
22102 0
22141 0
22168 0
22238 0
22250 0
22322 0
22375 0
22424 0
22467 0
22477 0
22602 0
22656 0
22657 0
22713 0
22736 0
22749 0
22754 0
22850 0
22858 0
22864 0
22872 0
22896 0
22910 0
22926 0
22984 0
23166 0
23242 0
23245 0
23322 0
23432 0
23475 0
23479 0
23530 0
23546 0
23566 0
23588 0
23595 0
23605 0
23697 0
23716 0
23719 0
23721 0
23728 0
23906 0
23962 0
23965 0
24037 0
24063 0
24131 0
24132 0
24151 0
24188 0
24194 0
24264 0
24266 0
24304 0
24358 0
24515 0
24527 0
24542 0
24611 0
24687 0
24806 0
24863 0
24878 0
24895 0
24959 0
24984 0
25042 0
25258 0
25516 0
25703 0
25718 0
25721 0
25724 0
25789 0
26011 0
26212 0
26234 0
26243 0
26278 0
26311 0
26366 0
26374 0
26453 0
26465 0
26479 0
26508 0
26512 0
26520 0
26607 0
26683 0
26703 0
26705 0
26719 0
26741 0
26779 0
26800 0
26845 0
26854 0
26882 0
26892 0
26897 0
26934 0
26937 0
26998 0
27005 0
27123 0
27126 0
27280 0
27305 0
27307 0
27414 0
27448 0
27488 0
27497 0
27552 0
27602 0
27692 0
27760 0
27862 0
28055 0
28096 0
28127 0
28172 0
28187 0
28190 0
28233 0
28269 0
28426 0
28468 0
28488 0
28500 0
28553 0
28601 0
28622 0
28643 0
28696 0
28713 0
28720 0
28722 0
28748 0
28849 0
28854 0
28915 0
28995 0
29024 0
29090 0
29111 0
29131 0
29204 0
29235 0
29267 0
29315 0
29404 0
29523 0
29600 0
29677 0
29684 0
29750 0
29843 0
29867 0
29876 0
29932 0
29969 0
29994 0
30032 0
30130 0
30417 0
30422 0
30536 0
30539 0
30558 0
30675 0
30711 0
30783 0
30855 0
30881 0
30921 0
30926 0
31021 0
31035 0
31068 0
31082 0
31104 0
31106 0
31154 0
31173 0
31229 0
31333 0
31360 0
31436 0
31479 0
31515 0
31587 0
31588 0
31612 0
31650 0
31772 0
31773 0
31821 0
31878 0
31935 0
32007 0
32092 0
32094 0
32116 0
32230 0
32295 0
32296 0
32304 0
32320 0
32355 0
32382 0
32434 0
32505 0
32638 0
32701 0
32740 0
32786 0
32834 0
32890 0
32920 0
32924 0
32925 0
32978 0
33050 0
33055 0
33069 0
33078 0
33083 0
33099 0
33112 0
33152 0
33194 0
33202 0
33283 0
33455 0
33503 0
33507 0
33675 0
33708 0
33739 0
33755 0
33839 0
33977 0
34030 0
34071 0
34266 0
34294 0
34326 0
34329 0
34338 0
34395 0
34440 0
34479 0
34480 0
34488 0
34559 0
34599 0
34640 0
34664 0
34917 0
34923 0
34934 0
34950 0
35042 0
35076 0
35142 0
35336 0
35403 0
35551 0
35560 0
35573 0
35606 0
35720 0
35810 0
35819 0
35822 0
35918 0
35931 0
36012 0
36121 0
36122 0
36167 0
36200 0
36309 0
36336 0
36368 0
36428 0
36438 0
36499 0
36501 0
36520 0
36526 0
36613 0
36634 0
36641 0
36674 0
36677 0
36748 0
36778 0
36808 0
36824 0
36828 0
36856 0
36919 0
36925 0
37036 0
37105 0
37137 0
37201 0
37268 0
37292 0
37318 0
37373 0
37414 0
37416 0
37469 0
37482 0
37563 0
37571 0
37603 0
37662 0
37666 0
37669 0
37713 0
37760 0
37781 0
37786 0
37802 0
37853 0
37865 0
37925 0
38001 0
38156 0
38267 0
38407 0
38416 0
38458 0
38487 0
38539 0
38552 0
38554 0
38584 0
38611 0
38633 0
38669 0
38763 0
38789 0
38810 0
38977 0
38978 0
39120 0
39186 0
39222 0
39294 0
39309 0
39314 0
39316 0
39365 0
39369 0
39563 0
39677 0
39691 0
39707 0
39723 0
39824 0
40056 0
40093 0
40111 0
40136 0
40157 0
40260 0
40317 0
40329 0
40396 0
40411 0
40419 0
40526 0
40530 0
40567 0
40623 0
40713 0
40800 0
40802 0
40820 0
40877 0
40915 0
40918 0
40922 0
40940 0
41132 0
41163 0
41248 0
41274 0
41443 0
41483 0
41490 0
41496 0
41568 0
41598 0
41617 0
41643 0
41647 0
41729 0
41869 0
41959 0
42091 0
42194 0
42209 0
42283 0
42355 0
42410 0
42421 0
42434 0
42459 0
42506 0
42509 0
42529 0
42593 0
42645 0
42654 0
42813 0
42886 0
42967 0
43009 0
43025 0
43030 0
43053 0
43090 0
43157 0
43177 0
43216 0
43260 0
43275 0
43279 0
43334 0
43436 0
43474 0
43485 0
43536 0
43574 0
43640 0
43676 0
43780 0
43892 0
43909 0
43929 0
43956 0
44093 0
44171 0
44211 0
44214 0
44274 0
44276 0
44289 0
44298 0
44338 0
44341 0
44559 0
44679 0
44702 0
44718 0
44734 0
44842 0
44935 0
44987 0
45028 0
45180 0
45206 0
45229 0
45230 0
45236 0
45249 0
45261 0
45321 0
45352 0
45366 0
45553 0
45649 0
45721 0
45724 0
45762 0
45828 0
45910 0
45922 0
45984 0
46144 0
46247 0
46264 0
46396 0
46433 0
46623 0
46663 0
46678 0
46680 0
46682 0
46685 0
46766 0
46783 0
46789 0
46801 0
46883 0
47090 0
47139 0
47193 0
47300 0
47346 0
47365 0
47387 0
47421 0
47674 0
47791 0
47805 0
47884 0
47948 0
47976 0
48045 0
48078 0
48095 0
48119 0
48196 0
48272 0
48293 0
48313 0
48443 0
48468 0
48471 0
48708 0
48726 0
48828 0
48925 0
48981 0
49064 0
49118 0
49305 0
49386 0
49394 0
49451 0
49460 0
49503 0
49520 0
49527 0
49537 0
49570 0
49605 0
49686 0
49706 0
49709 0
49778 0
49976 0
50007 0
50020 0
50148 0
50153 0
50162 0
50182 0
50211 0
50326 0
50367 0
50424 0
50464 0
50490 0
50498 0
50501 0
50633 0
50646 0
50660 0
50665 0
50709 0
50736 0
50741 0
50750 0
50754 0
50868 0
50874 0
50887 0
50916 0
50981 0
50989 0
51117 0
51206 0
51418 0
51479 0
51540 0
51640 0
51758 0
51877 0
51881 0
51895 0
52031 0
52078 0
52100 0
52135 0
52188 0
52189 0
52206 0
52332 0
52411 0
52443 0
52447 0
52483 0
52499 0
52509 0
52585 0
52613 0
52617 0
52622 0
52623 0
52633 0
52643 0
52877 0
52883 0
52892 0
52941 0
52956 0
53003 0
53012 0
53138 0
53140 0
53184 0
53342 0
53349 0
53397 0
53458 0
53477 0
53496 0
53499 0
53520 0
53542 0
53854 0
53901 0
53947 0
53973 0
53974 0
53975 0
54022 0
54034 0
54081 0
54102 0
54113 0
54131 0
54291 0
54433 0
54442 0
54513 0
54622 0
54629 0
54700 0
54709 0
54728 0
54766 0
54767 0
54769 0
54775 0
54840 0
54847 0
54885 0
54905 0
54930 0
54989 0
55076 0
55157 0
55188 0
55233 0
55364 0
55455 0
55559 0
55560 0
55591 0
55593 0
55628 0
55634 0
55675 0
55831 0
55842 0
55849 0
55855 0
55857 0
55898 0
55911 0
56038 0
56043 0
56073 0
56114 0
56140 0
56145 0
56280 0
56440 0
56493 0
56534 0
56547 0
56588 0
56590 0
56693 0
56774 0
56777 0
56804 0
56827 0
56904 0
56937 0
57021 0
57085 0
57099 0
57111 0
57141 0
57272 0
57280 0
57292 0
57295 0
57297 0
57444 0
57447 0
57495 0
57522 0
57533 0
57594 0
57631 0
57657 0
57699 0
57746 0
57761 0
57763 0
57879 0
57880 0
57955 0
57960 0
57976 0
57988 0
58005 0
58124 0
58127 0
58157 0
58168 0
58213 0
58214 0
58262 0
58299 0
58379 0
58394 0
58410 0
58429 0
58476 0
58492 0
58493 0
58621 0
58643 0
58671 0
58704 0
58736 0
58759 0
58801 0
58827 0
58863 0
58935 0
58941 0
58945 0
58972 0
59022 0
59107 0
59111 0
59126 0
59165 0
59216 0
59220 0
59224 0
59283 0
59341 0
59342 0
59360 0
59399 0
59422 0
59426 0
59439 0
59465 0
59487 0
59498 0
59516 0
59607 0
59613 0
59691 0
59693 0
59905 0
59944 0
60022 0
60056 0
60110 0
60134 0
60240 0
60283 0
60393 0
60504 0
60538 0
60699 0
60730 0
60750 0
60844 0
60970 0
61057 0
61073 0
61119 0
61163 0
61166 0
61238 0
61266 0
61311 0
61318 0
61355 0
61356 0
61457 0
61468 0
61537 0
61574 0
61625 0
61663 0
61724 0
61728 0
61842 0
61932 0
61975 0
61980 0
62024 0
62029 0
62058 0
62105 0
62234 0
62254 0
62280 0
62311 0
62339 0
62341 0
62368 0
62465 0
62467 0
62468 0
62498 0
62567 0
62580 0
62614 0
62722 0
62734 0
62774 0
63001 0
63020 0
63026 0
63069 0
63074 0
63086 0
63137 0
63148 0
63159 0
63201 0
63307 0
63536 0
63561 0
63762 0
63784 0
63799 0
63812 0
63885 0
63906 0
63924 0
63937 0
63999 0
64054 0
64108 0
64128 0
64162 0
64190 0
64191 0
64243 0
64286 0
64380 0
64403 0
64554 0
64555 0
64640 0
64716 0
64763 0
64801 0
64870 0
64948 0
64961 0
64983 0
64985 0
65046 0
65097 0
65115 0
65134 0
65244 0
65297 0
65305 0
65309 0
65481 0
65614 0
65619 0
65715 0
65792 0
65874 0
65998 0
66021 0
66078 0
66222 0
66252 0
66253 0
66305 0
66320 0
66334 0
66361 0
66371 0
66380 0
66399 0
66404 0
66497 0
66538 0
66587 0
66591 0
66596 0
66605 0
66732 0
66770 0
66800 0
66839 0
66861 0
67002 0
67097 0
67150 0
67286 0
67288 0
67327 0
67336 0
67394 0
67426 0
67462 0
67463 0
67499 0
67538 0
67583 0
67688 0
67786 0
67839 0
67847 0
67857 0
67891 0
68099 0
68152 0
68158 0
68162 0
68191 0
68283 0
68340 0
68378 0
68389 0
68421 0
68450 0
68576 0
68652 0
68675 0
68715 0
68736 0
68771 0
68773 0
68862 0
69003 0
69014 0
69020 0
69043 0
69051 0
69065 0
69114 0
69116 0
69117 0
69187 0
69236 0
69254 0
69325 0
69366 0
69506 0
69580 0
69606 0
69611 0
69665 0
69679 0
69701 0
69728 0
69755 0
69765 0
69842 0
69858 0
69915 0
69963 0
69965 0
69986 0
70005 0
70013 0
70116 0
70127 0
70273 0
70316 0
70357 0
70401 0
70436 0
70589 0
70605 0
70637 0
70686 0
70756 0
70764 0
70834 0
70866 0
70919 0
70933 0
70948 0
70950 0
70955 0
71064 0
71111 0
71194 0
71204 0
71232 0
71252 0
71262 0
71265 0
71296 0
71348 0
71440 0
71532 0
71565 0
71612 0
71669 0
71736 0
71813 0
71970 0
72276 0
72309 0
72439 0
72470 0
72478 0
72507 0
72600 0
72639 0
72657 0
72667 0
72689 0
72740 0
72778 0
72798 0
72886 0
72953 0
72962 0
72988 0
73007 0
73013 0
73032 0
73234 0
73239 0
73308 0
73445 0
73541 0
73557 0
73560 0
73583 0
73686 0
73723 0
73724 0
73748 0
73810 0
73899 0
73962 0
73971 0
73972 0
73992 0
74016 0
74142 0
74177 0
74182 0
74222 0
74237 0
74260 0
74299 0
74327 0
74328 0
74331 0
74477 0
74533 0
74576 0
74602 0
74665 0
74712 0
74715 0
74728 0
74741 0
74742 0
74771 0
74877 0
75022 0
75040 0
75093 0
75140 0
75174 0
75267 0
75313 0
75356 0
75402 0
75462 0
75475 0
75493 0
75711 0
75722 0
75750 0
75770 0
75773 0
75815 0
75911 0
75931 0
76005 0
76073 0
76100 0
76113 0
76151 0
76187 0
76210 0
76242 0
76454 0
76525 0
76658 0
76666 0
76758 0
76770 0
76782 0
76784 0
76791 0
76799 0
76826 0
76939 0
77037 0
77133 0
77144 0
77146 0
77156 0
77197 0
77211 0
77368 0
77371 0
77385 0
77498 0
77502 0
77547 0
77564 0
77569 0
77609 0
77683 0
77688 0
77791 0
77833 0
77906 0
78019 0
78024 0
78052 0
78058 0
78413 0
78429 0
78437 0
78451 0
78454 0
78470 0
78479 0
78552 0
78581 0
78602 0
78758 0
78782 0
78801 0
78816 0
78830 0
78898 0
78986 0
79003 0
79075 0
79128 0
79132 0
79149 0
79261 0
79328 0
79330 0
79351 0
79364 0
79369 0
79386 0
79401 0
79421 0
79615 0
79628 0
79649 0
79798 0
79824 0
79842 0
79850 0
79882 0
79883 0
79956 0
79988 0
79989 0
80017 0
80033 0
80113 0
80118 0
80190 0
80217 0
80228 0
80245 0
80248 0
80296 0
80316 0
80379 0
80394 0
80461 0
80592 0
80650 0
80684 0
80808 0
80810 0
80821 0
80848 0
80867 0
80874 0
80947 0
81121 0
81198 0
81272 0
81315 0
81364 0
81536 0
81555 0
81578 0
81644 0
81645 0
81663 0
81757 0
81799 0
81853 0
82030 0
82103 0
82113 0
82129 0
82180 0
82198 0
82267 0
82302 0
82307 0
82442 0
82449 0
82481 0
82504 0
82649 0
82698 0
82722 0
82743 0
82748 0
82757 0
82765 0
82770 0
82783 0
82979 0
83002 0
83145 0
83170 0
83217 0
83432 0
83503 0
83577 0
83591 0
83676 0
83693 0
83723 0
83914 0
83927 0
84017 0
84025 0
84028 0
84045 0
84138 0
84212 0
84284 0
84430 0
84440 0
84445 0
84512 0
84525 0
84542 0
84598 0
84680 0
84682 0
84697 0
84713 0
84951 0
85024 0
85065 0
85095 0
85159 0
85272 0
85371 0
85417 0
85509 0
85554 0
85566 0
85598 0
85613 0
85618 0
85686 0
85742 0
85876 0
85914 0
85923 0
85988 0
86053 0
86073 0
86108 0
86159 0
86221 0
86274 0
86457 0
86639 0
86727 0
86735 0
86745 0
86830 0
86854 0
86856 0
86911 0
86942 0
86996 0
87015 0
87058 0
87098 0
87112 0
87125 0
87170 0
87201 0
87276 0
87318 0
87454 0
87527 0
87573 0
87578 0
87623 0
87665 0
87723 0
87751 0
87777 0
87831 0
87890 0
87922 0
87923 0
88001 0
88008 0
88081 0
88176 0
88371 0
88486 0
88488 0
88611 0
88654 0
88664 0
88712 0
88725 0
88729 0
88856 0
88895 0
88991 0
88992 0
88996 0
89044 0
89045 0
89165 0
89218 0
89330 0
89344 0
89361 0
89399 0
89418 0
89455 0
89553 0
89605 0
89627 0
89640 0
89644 0
89699 0
89769 0
89788 0
89806 0
89807 0
89838 0
89844 0
89852 0
89879 0
89922 0
89974 0
90003 0
90055 0
90080 0
90278 0
90281 0
90327 0
90430 0
90433 0
90466 0
90480 0
90514 0
90535 0
90547 0
90574 0
90655 0
90707 0
90850 0
90855 0
90914 0
90922 0
91028 0
91161 0
91213 0
91445 0
91543 0
91596 0
91622 0
91661 0
91678 0
91691 0
91704 0
91708 0
91746 0
91751 0
91778 0
91799 0
91880 0
91921 0
91957 0
92055 0
92165 0
92214 0
92257 0
92346 0
92441 0
92559 0
92576 0
92586 0
92684 0
92803 0
92976 0
93023 0
93055 0
93088 0
93094 0
93209 0
93212 0
93266 0
93292 0
93311 0
93317 0
93379 0
93646 0
93716 0
93767 0
93778 0
93790 0
93889 0
93905 0
93965 0
93969 0
93982 0
93996 0
94036 0
94089 0
94259 0
94301 0
94343 0
94404 0
94457 0
94512 0
94528 0
94619 0
94622 0
94641 0
94696 0
94705 0
94773 0
94794 0
94927 0
94970 0
94990 0
95000 0
95075 0
95274 0
95286 0
95450 0
95507 0
95552 0
95574 0
95575 0
95585 0
95657 0
95669 0
95716 0
95774 0
95796 0
95809 0
95884 0
95902 0
95921 0
95981 0
96001 0
96033 0
96043 0
96132 0
96183 0
96275 0
96389 0
96426 0
96434 0
96448 0
96502 0
96511 0
96544 0
96589 0
96635 0
96662 0
96753 0
96782 0
96888 0
96988 0
96993 0
97041 0
97109 0
97130 0
97147 0
97261 0
97264 0
97320 0
97380 0
97456 0
97462 0
97476 0
97586 0
97883 0
97897 0
97986 0
97990 0
98006 0
98101 0
98179 0
98209 0
98230 0
98319 0
98384 0
98399 0
98455 0
98457 0
98469 0
98505 0
98528 0
98551 0
98758 0
98791 0
98801 0
98847 0
98942 0
98958 0
98969 0
99009 0
99026 0
99045 0
99085 0
99154 0
99263 0
99304 0
99335 0
99370 0
99412 0
99417 0
99500 0
99520 0
99553 0
99566 0
99567 0
99593 0
99598 0
99616 0
99728 0
99745 0
99747 0
99807 0
99823 0
99841 0
99849 0
99876 0
99907 0
99909 0
99968 0
99977 0
