c This is a uniform distributed  1-D DIMACS file 
c width height point_number
p 100000 100000 2048
64 0
116 0
216 0
220 0
323 0
324 0
353 0
366 0
376 0
394 0
411 0
448 0
483 0
495 0
666 0
675 0
677 0
856 0
899 0
950 0
1045 0
1057 0
1064 0
1087 0
1173 0
1180 0
1212 0
1225 0
1240 0
1415 0
1469 0
1515 0
1642 0
1713 0
1802 0
1932 0
1944 0
1966 0
1984 0
2066 0
2118 0
2198 0
2199 0
2315 0
2331 0
2380 0
2381 0
2467 0
2705 0
2743 0
2755 0
2779 0
2873 0
2912 0
2938 0
2981 0
3084 0
3158 0
3223 0
3307 0
3327 0
3342 0
3348 0
3392 0
3544 0
3559 0
3712 0
3721 0
3752 0
3814 0
3886 0
3892 0
3946 0
3957 0
4000 0
4132 0
4133 0
4213 0
4219 0
4260 0
4368 0
4558 0
4589 0
4619 0
4634 0
4637 0
4641 0
4743 0
4759 0
4761 0
4814 0
5017 0
5027 0
5072 0
5124 0
5181 0
5196 0
5302 0
5389 0
5442 0
5503 0
5535 0
5596 0
5690 0
5796 0
5827 0
5833 0
5966 0
5971 0
5976 0
6089 0
6096 0
6113 0
6184 0
6230 0
6252 0
6405 0
6430 0
6444 0
6456 0
6513 0
6612 0
6637 0
6674 0
6679 0
6745 0
6817 0
6829 0
6830 0
6844 0
6859 0
7028 0
7221 0
7238 0
7245 0
7378 0
7381 0
7411 0
7467 0
7581 0
7606 0
7620 0
7625 0
7626 0
7651 0
7768 0
7801 0
7837 0
7885 0
7891 0
7903 0
7930 0
7955 0
7981 0
8028 0
8077 0
8105 0
8111 0
8123 0
8175 0
8232 0
8305 0
8317 0
8365 0
8414 0
8471 0
8522 0
8584 0
8603 0
8671 0
8704 0
8731 0
8737 0
8739 0
8867 0
8979 0
9006 0
9053 0
9088 0
9134 0
9196 0
9197 0
9252 0
9283 0
9287 0
9326 0
9446 0
9458 0
9536 0
9594 0
9702 0
9739 0
9757 0
9819 0
9841 0
9955 0
10012 0
10055 0
10096 0
10263 0
10356 0
10399 0
10429 0
10440 0
10454 0
10456 0
10571 0
10734 0
10740 0
10788 0
10840 0
10881 0
10885 0
10977 0
10983 0
10987 0
11048 0
11115 0
11117 0
11156 0
11243 0
11267 0
11311 0
11519 0
11592 0
11619 0
11687 0
11753 0
11781 0
11784 0
11838 0
11868 0
11879 0
11955 0
12001 0
12023 0
12058 0
12112 0
12131 0
12178 0
12230 0
12258 0
12280 0
12342 0
12346 0
12419 0
12443 0
12487 0
12676 0
12691 0
12706 0
12710 0
12725 0
12794 0
12825 0
12867 0
12873 0
12888 0
12956 0
13023 0
13081 0
13162 0
13250 0
13394 0
13398 0
13422 0
13430 0
13467 0
13472 0
13494 0
13499 0
13516 0
13518 0
13597 0
13627 0
13654 0
13665 0
13689 0
13691 0
13753 0
13901 0
14001 0
14031 0
14197 0
14273 0
14280 0
14305 0
14341 0
14379 0
14433 0
14498 0
14506 0
14529 0
14700 0
14715 0
14725 0
14792 0
14800 0
14895 0
14898 0
14930 0
15026 0
15027 0
15036 0
15056 0
15134 0
15187 0
15192 0
15294 0
15304 0
15307 0
15309 0
15312 0
15321 0
15408 0
15411 0
15462 0
15507 0
15512 0
15539 0
15607 0
15622 0
15717 0
15771 0
15833 0
15835 0
15865 0
15909 0
15964 0
15992 0
16045 0
16055 0
16136 0
16285 0
16311 0
16326 0
16349 0
16392 0
16433 0
16439 0
16484 0
16493 0
16528 0
16536 0
16719 0
16779 0
16829 0
16933 0
16962 0
17048 0
17090 0
17105 0
17156 0
17203 0
17233 0
17288 0
17336 0
17387 0
17443 0
17445 0
17475 0
17495 0
17548 0
17562 0
17686 0
17737 0
17781 0
17815 0
17905 0
18122 0
18235 0
18237 0
18243 0
18333 0
18373 0
18438 0
18503 0
18507 0
18521 0
18543 0
18566 0
18652 0
18800 0
18872 0
18943 0
18976 0
19025 0
19089 0
19169 0
19240 0
19273 0
19282 0
19350 0
19361 0
19403 0
19468 0
19502 0
19589 0
19603 0
19721 0
19777 0
19858 0
19918 0
19934 0
20092 0
20177 0
20207 0
20209 0
20240 0
20242 0
20280 0
20296 0
20332 0
20379 0
20432 0
20497 0
20501 0
20508 0
20602 0
20637 0
20778 0
20817 0
20850 0
20899 0
20938 0
20942 0
21044 0
21139 0
21144 0
21153 0
21244 0
21250 0
21260 0
21274 0
21309 0
21314 0
21319 0
21402 0
21408 0
21491 0
21499 0
21509 0
21594 0
21623 0
21693 0
21719 0
21797 0
21799 0
21847 0
21867 0
21872 0
21948 0
21955 0
22023 0
22042 0
22181 0
22205 0
22212 0
22329 0
22335 0
22385 0
22386 0
22390 0
22418 0
22436 0
22501 0
22523 0
22543 0
22608 0
22633 0
22647 0
22678 0
22795 0
22943 0
22962 0
23015 0
23028 0
23127 0
23143 0
23162 0
23165 0
23167 0
23175 0
23388 0
23448 0
23487 0
23549 0
23637 0
23680 0
23969 0
23986 0
24013 0
24231 0
24317 0
24411 0
24543 0
24590 0
24700 0
24865 0
24953 0
25045 0
25064 0
25065 0
25123 0
25137 0
25179 0
25194 0
25252 0
25267 0
25275 0
25282 0
25384 0
25533 0
25656 0
25864 0
25946 0
25960 0
26023 0
26082 0
26087 0
26109 0
26135 0
26253 0
26419 0
26554 0
26582 0
26654 0
26690 0
26736 0
26774 0
26778 0
26832 0
26857 0
26878 0
26883 0
26896 0
26912 0
27125 0
27154 0
27342 0
27353 0
27365 0
27400 0
27479 0
27506 0
27634 0
27643 0
27690 0
27710 0
27712 0
27830 0
27930 0
27968 0
28090 0
28154 0
28161 0
28239 0
28335 0
28364 0
28404 0
28457 0
28488 0
28509 0
28670 0
28699 0
28775 0
28818 0
28829 0
28883 0
28995 0
29060 0
29181 0
29189 0
29198 0
29225 0
29271 0
29369 0
29384 0
29404 0
29544 0
29604 0
29641 0
29658 0
29732 0
29805 0
29808 0
29819 0
29851 0
29853 0
29922 0
30044 0
30069 0
30099 0
30123 0
30128 0
30204 0
30242 0
30282 0
30361 0
30383 0
30412 0
30415 0
30639 0
30669 0
30681 0
30686 0
30716 0
30719 0
30727 0
30789 0
30853 0
30887 0
30916 0
31002 0
31098 0
31111 0
31165 0
31242 0
31248 0
31327 0
31355 0
31373 0
31416 0
31475 0
31503 0
31684 0
31802 0
31805 0
31849 0
31919 0
31927 0
31929 0
31950 0
32025 0
32035 0
32068 0
32077 0
32131 0
32141 0
32203 0
32236 0
32239 0
32417 0
32419 0
32498 0
32538 0
32553 0
32557 0
32611 0
32701 0
32724 0
32859 0
32887 0
32907 0
32949 0
32984 0
33027 0
33109 0
33185 0
33268 0
33278 0
33420 0
33440 0
33495 0
33515 0
33656 0
33663 0
33771 0
33802 0
33852 0
33865 0
33945 0
33957 0
34011 0
34049 0
34080 0
34097 0
34152 0
34156 0
34180 0
34197 0
34208 0
34278 0
34369 0
34418 0
34443 0
34450 0
34470 0
34529 0
34588 0
34594 0
34603 0
34667 0
34730 0
34753 0
34754 0
34828 0
34851 0
34887 0
34946 0
34958 0
35088 0
35090 0
35100 0
35109 0
35140 0
35165 0
35179 0
35209 0
35212 0
35285 0
35355 0
35358 0
35386 0
35414 0
35430 0
35466 0
35478 0
35484 0
35490 0
35494 0
35532 0
35536 0
35613 0
35674 0
35747 0
35748 0
35781 0
35873 0
35881 0
35911 0
35981 0
35995 0
36067 0
36123 0
36203 0
36266 0
36438 0
36453 0
36535 0
36594 0
36640 0
36671 0
36692 0
36765 0
36853 0
36887 0
36938 0
36946 0
36961 0
36976 0
37032 0
37094 0
37186 0
37225 0
37229 0
37231 0
37247 0
37276 0
37304 0
37350 0
37367 0
37376 0
37452 0
37501 0
37575 0
37639 0
37677 0
37691 0
37832 0
37889 0
37922 0
37967 0
38024 0
38065 0
38105 0
38194 0
38212 0
38339 0
38340 0
38430 0
38454 0
38502 0
38526 0
38552 0
38577 0
38579 0
38719 0
38797 0
38809 0
38818 0
38820 0
38827 0
39006 0
39011 0
39050 0
39110 0
39116 0
39181 0
39191 0
39192 0
39205 0
39353 0
39357 0
39421 0
39493 0
39549 0
39560 0
39610 0
39644 0
39674 0
39719 0
39746 0
39751 0
39786 0
39933 0
40015 0
40052 0
40111 0
40150 0
40190 0
40209 0
40227 0
40268 0
40305 0
40365 0
40423 0
40471 0
40472 0
40513 0
40630 0
40709 0
40725 0
40752 0
40762 0
40764 0
40808 0
40813 0
40860 0
40870 0
40932 0
40998 0
41088 0
41091 0
41092 0
41163 0
41215 0
41223 0
41306 0
41394 0
41440 0
41448 0
41452 0
41512 0
41574 0
41583 0
41584 0
41632 0
41685 0
41747 0
41820 0
41888 0
41929 0
42030 0
42042 0
42076 0
42107 0
42127 0
42142 0
42143 0
42176 0
42193 0
42484 0
42502 0
42530 0
42609 0
42674 0
42740 0
42790 0
42799 0
42803 0
42965 0
43033 0
43043 0
43048 0
43075 0
43132 0
43171 0
43264 0
43270 0
43290 0
43323 0
43353 0
43479 0
43492 0
43572 0
43595 0
43608 0
43636 0
43683 0
43781 0
43784 0
43818 0
43943 0
44016 0
44051 0
44125 0
44133 0
44162 0
44163 0
44209 0
44232 0
44246 0
44345 0
44517 0
44543 0
44550 0
44769 0
44789 0
44834 0
44921 0
45025 0
45092 0
45171 0
45195 0
45212 0
45215 0
45228 0
45305 0
45372 0
45415 0
45448 0
45467 0
45585 0
45591 0
45802 0
45805 0
45864 0
45897 0
45899 0
45929 0
46000 0
46023 0
46035 0
46041 0
46083 0
46135 0
46246 0
46271 0
46322 0
46345 0
46570 0
46572 0
46618 0
46814 0
46818 0
46821 0
46842 0
46868 0
46874 0
46909 0
46930 0
47053 0
47079 0
47098 0
47104 0
47134 0
47210 0
47223 0
47245 0
47345 0
47368 0
47383 0
47438 0
47449 0
47505 0
47577 0
47778 0
47791 0
47822 0
47825 0
47840 0
47856 0
47862 0
47915 0
48010 0
48032 0
48083 0
48176 0
48180 0
48189 0
48216 0
48298 0
48337 0
48344 0
48440 0
48480 0
48488 0
48536 0
48557 0
48624 0
48661 0
48675 0
48782 0
48887 0
49016 0
49057 0
49069 0
49266 0
49325 0
49329 0
49399 0
49479 0
49483 0
49518 0
49539 0
49551 0
49680 0
49855 0
49870 0
49889 0
49890 0
49891 0
49907 0
49967 0
49983 0
50103 0
50108 0
50134 0
50146 0
50200 0
50306 0
50317 0
50347 0
50394 0
50441 0
50446 0
50481 0
50535 0
50565 0
50566 0
50678 0
50881 0
50927 0
50958 0
51034 0
51042 0
51176 0
51233 0
51271 0
51273 0
51372 0
51435 0
51447 0
51466 0
51519 0
51559 0
51580 0
51596 0
51603 0
51614 0
51664 0
51763 0
51932 0
51986 0
52042 0
52282 0
52307 0
52322 0
52375 0
52411 0
52462 0
52526 0
52531 0
52568 0
52620 0
52649 0
52673 0
52699 0
52711 0
52797 0
52805 0
52894 0
52907 0
52982 0
53099 0
53124 0
53142 0
53151 0
53180 0
53268 0
53290 0
53301 0
53326 0
53856 0
53858 0
54151 0
54257 0
54328 0
54362 0
54369 0
54448 0
54477 0
54495 0
54520 0
54539 0
54552 0
54573 0
54597 0
54626 0
54664 0
54673 0
54836 0
54848 0
54853 0
54904 0
54908 0
55024 0
55057 0
55081 0
55091 0
55124 0
55188 0
55246 0
55303 0
55316 0
55345 0
55369 0
55402 0
55446 0
55542 0
55557 0
55670 0
55766 0
55794 0
55816 0
55864 0
55901 0
55931 0
55957 0
55960 0
55981 0
56007 0
56054 0
56076 0
56298 0
56373 0
56446 0
56463 0
56510 0
56638 0
56720 0
56724 0
56748 0
56896 0
56917 0
56944 0
56992 0
57034 0
57143 0
57199 0
57242 0
57286 0
57306 0
57363 0
57393 0
57466 0
57625 0
57631 0
57645 0
57679 0
57694 0
57703 0
57737 0
57860 0
58061 0
58140 0
58164 0
58171 0
58383 0
58462 0
58490 0
58500 0
58535 0
58547 0
58585 0
58678 0
58684 0
58700 0
58701 0
58729 0
58748 0
58778 0
58790 0
58867 0
59045 0
59087 0
59106 0
59130 0
59148 0
59154 0
59169 0
59177 0
59210 0
59217 0
59291 0
59442 0
59481 0
59494 0
59501 0
59575 0
59610 0
59879 0
59953 0
59980 0
60027 0
60060 0
60077 0
60136 0
60157 0
60471 0
60475 0
60523 0
60573 0
60685 0
60742 0
60990 0
61004 0
61088 0
61188 0
61222 0
61275 0
61379 0
61403 0
61519 0
61522 0
61542 0
61552 0
61564 0
61569 0
61628 0
61630 0
61659 0
61697 0
61710 0
61723 0
61742 0
61760 0
61876 0
61899 0
61903 0
61937 0
61983 0
62023 0
62035 0
62247 0
62265 0
62291 0
62385 0
62387 0
62409 0
62455 0
62461 0
62480 0
62548 0
62713 0
62728 0
62756 0
62811 0
62828 0
62839 0
62840 0
62863 0
62882 0
62890 0
62920 0
62997 0
63019 0
63038 0
63124 0
63133 0
63155 0
63224 0
63274 0
63289 0
63297 0
63313 0
63320 0
63395 0
63468 0
63509 0
63556 0
63738 0
63739 0
63753 0
63822 0
63840 0
63891 0
63962 0
64016 0
64053 0
64119 0
64163 0
64180 0
64201 0
64233 0
64268 0
64313 0
64340 0
64484 0
64503 0
64585 0
64592 0
64765 0
64772 0
64946 0
64993 0
65014 0
65024 0
65082 0
65124 0
65171 0
65177 0
65205 0
65276 0
65323 0
65369 0
65386 0
65391 0
65528 0
65953 0
65955 0
65958 0
65971 0
66015 0
66017 0
66118 0
66142 0
66222 0
66276 0
66286 0
66378 0
66400 0
66415 0
66505 0
66586 0
66601 0
66627 0
66673 0
66721 0
66749 0
66755 0
66807 0
66809 0
66833 0
66874 0
66950 0
66970 0
66979 0
67015 0
67044 0
67097 0
67109 0
67115 0
67368 0
67408 0
67571 0
67594 0
67723 0
67736 0
67808 0
67811 0
67829 0
67854 0
67912 0
67983 0
68078 0
68136 0
68150 0
68190 0
68195 0
68203 0
68230 0
68272 0
68405 0
68524 0
68535 0
68574 0
68597 0
68628 0
68683 0
68742 0
68749 0
68762 0
68765 0
68841 0
68882 0
68896 0
68924 0
68959 0
69028 0
69051 0
69063 0
69096 0
69116 0
69195 0
69211 0
69250 0
69369 0
69376 0
69495 0
69497 0
69507 0
69556 0
69765 0
69811 0
69975 0
70014 0
70080 0
70199 0
70278 0
70287 0
70340 0
70394 0
70404 0
70466 0
70477 0
70519 0
70560 0
70568 0
70578 0
70597 0
70623 0
70657 0
70688 0
70748 0
70762 0
70860 0
70904 0
70921 0
70945 0
71092 0
71187 0
71225 0
71292 0
71297 0
71312 0
71365 0
71466 0
71601 0
71641 0
71731 0
71755 0
71777 0
71795 0
71873 0
71974 0
72182 0
72196 0
72214 0
72242 0
72273 0
72316 0
72348 0
72434 0
72445 0
72485 0
72517 0
72545 0
72581 0
72599 0
72614 0
72646 0
72648 0
72690 0
72694 0
72731 0
72926 0
73016 0
73073 0
73139 0
73231 0
73252 0
73273 0
73355 0
73491 0
73495 0
73516 0
73596 0
73612 0
73628 0
73719 0
73762 0
73768 0
73872 0
73874 0
73925 0
73949 0
74183 0
74285 0
74352 0
74406 0
74410 0
74427 0
74471 0
74511 0
74648 0
74672 0
74762 0
74776 0
74872 0
74941 0
74973 0
74982 0
74986 0
75011 0
75044 0
75076 0
75088 0
75107 0
75182 0
75253 0
75256 0
75345 0
75451 0
75502 0
75554 0
75560 0
75627 0
75680 0
75703 0
75741 0
75797 0
75855 0
76027 0
76114 0
76130 0
76131 0
76150 0
76224 0
76241 0
76268 0
76284 0
76287 0
76299 0
76336 0
76377 0
76390 0
76558 0
76627 0
76676 0
76710 0
76797 0
76930 0
76994 0
77027 0
77064 0
77065 0
77093 0
77110 0
77237 0
77369 0
77422 0
77430 0
77515 0
77559 0
77588 0
77638 0
77683 0
77703 0
77713 0
77823 0
77834 0
77844 0
77884 0
77900 0
77907 0
77922 0
77937 0
77967 0
78085 0
78144 0
78155 0
78198 0
78242 0
78262 0
78308 0
78318 0
78332 0
78373 0
78426 0
78446 0
78476 0
78478 0
78480 0
78512 0
78570 0
78576 0
78624 0
78739 0
78780 0
78823 0
78827 0
78878 0
78911 0
78935 0
79033 0
79066 0
79084 0
79094 0
79150 0
79198 0
79246 0
79300 0
79332 0
79408 0
79496 0
79518 0
79630 0
79675 0
79682 0
79743 0
79808 0
79840 0
79977 0
80072 0
80089 0
80228 0
80276 0
80410 0
80416 0
80428 0
80445 0
80484 0
80497 0
80549 0
80632 0
80822 0
80928 0
80971 0
81121 0
81123 0
81133 0
81134 0
81142 0
81363 0
81380 0
81383 0
81471 0
81482 0
81536 0
81595 0
81599 0
81631 0
81633 0
81868 0
81955 0
82014 0
82066 0
82082 0
82111 0
82161 0
82188 0
82200 0
82220 0
82242 0
82369 0
82387 0
82397 0
82401 0
82403 0
82448 0
82477 0
82570 0
82617 0
82685 0
82690 0
82749 0
82787 0
82894 0
82900 0
82971 0
83001 0
83049 0
83155 0
83269 0
83307 0
83309 0
83376 0
83388 0
83428 0
83432 0
83453 0
83464 0
83478 0
83630 0
83730 0
83773 0
83775 0
83785 0
83820 0
83853 0
83862 0
83908 0
83948 0
84103 0
84170 0
84175 0
84238 0
84247 0
84332 0
84433 0
84443 0
84504 0
84522 0
84554 0
84556 0
84604 0
84640 0
84704 0
84709 0
84797 0
84825 0
84832 0
84837 0
84899 0
85123 0
85172 0
85186 0
85205 0
85251 0
85291 0
85328 0
85406 0
85411 0
85432 0
85452 0
85516 0
85555 0
85567 0
85585 0
85745 0
85848 0
85857 0
85957 0
85996 0
86014 0
86072 0
86103 0
86115 0
86127 0
86191 0
86229 0
86265 0
86424 0
86513 0
86519 0
86601 0
86631 0
86642 0
86643 0
86647 0
86671 0
86695 0
86714 0
86748 0
86749 0
86834 0
86855 0
86892 0
86965 0
86968 0
87014 0
87047 0
87062 0
87078 0
87100 0
87115 0
87146 0
87152 0
87214 0
87232 0
87336 0
87354 0
87367 0
87405 0
87468 0
87477 0
87493 0
87565 0
87598 0
87672 0
87674 0
87680 0
87737 0
87804 0
87827 0
87851 0
87936 0
87939 0
87976 0
88048 0
88074 0
88198 0
88233 0
88285 0
88297 0
88302 0
88313 0
88432 0
88524 0
88556 0
88633 0
88636 0
88642 0
88650 0
88672 0
88769 0
88817 0
88864 0
88917 0
88974 0
89017 0
89143 0
89208 0
89299 0
89334 0
89454 0
89486 0
89521 0
89524 0
89544 0
89633 0
89658 0
89722 0
89766 0
89884 0
89926 0
90009 0
90054 0
90068 0
90078 0
90101 0
90179 0
90209 0
90236 0
90243 0
90345 0
90401 0
90443 0
90451 0
90455 0
90475 0
90490 0
90529 0
90581 0
90697 0
90706 0
90732 0
90761 0
90787 0
90795 0
90798 0
90824 0
90842 0
91010 0
91035 0
91065 0
91130 0
91193 0
91314 0
91334 0
91345 0
91398 0
91422 0
91428 0
91430 0
91452 0
91462 0
91595 0
91613 0
91822 0
91927 0
92054 0
92070 0
92075 0
92079 0
92121 0
92191 0
92292 0
92299 0
92319 0
92337 0
92344 0
92377 0
92401 0
92498 0
92508 0
92569 0
92584 0
92668 0
92872 0
92882 0
92929 0
92957 0
93022 0
93166 0
93182 0
93291 0
93392 0
93429 0
93554 0
93569 0
93680 0
93728 0
93898 0
93995 0
94013 0
94032 0
94042 0
94129 0
94210 0
94239 0
94243 0
94246 0
94323 0
94580 0
94612 0
94626 0
94657 0
94669 0
94684 0
94715 0
94737 0
94824 0
94844 0
94856 0
94870 0
94907 0
94928 0
94977 0
95125 0
95127 0
95168 0
95222 0
95245 0
95396 0
95416 0
95431 0
95456 0
95595 0
95631 0
95653 0
95809 0
95828 0
95986 0
96112 0
96119 0
96323 0
96412 0
96444 0
96471 0
96473 0
96511 0
96527 0
96536 0
96578 0
96600 0
96701 0
96725 0
96750 0
96857 0
96863 0
96884 0
97178 0
97281 0
97315 0
97389 0
97403 0
97451 0
97502 0
97539 0
97554 0
97589 0
97626 0
97683 0
97722 0
97731 0
97792 0
97810 0
97814 0
97862 0
97867 0
97898 0
97923 0
98000 0
98041 0
98042 0
98067 0
98077 0
98110 0
98119 0
98122 0
98127 0
98145 0
98195 0
98199 0
98250 0
98317 0
98324 0
98381 0
98434 0
98479 0
98541 0
98599 0
98699 0
98768 0
98852 0
98892 0
98906 0
98965 0
98972 0
99007 0
99025 0
99051 0
99066 0
99086 0
99107 0
99207 0
99232 0
99246 0
99265 0
99272 0
99283 0
99290 0
99291 0
99396 0
99430 0
99446 0
99455 0
99476 0
99512 0
99518 0
99676 0
99815 0
99836 0
99898 0
99934 0
