c This is a uniform distributed  1-D DIMACS file 
c width height point_number
p 100000 100000 2048
48 0
219 0
226 0
243 0
300 0
302 0
325 0
482 0
487 0
648 0
663 0
686 0
711 0
715 0
738 0
818 0
889 0
897 0
944 0
965 0
966 0
1039 0
1153 0
1162 0
1190 0
1195 0
1217 0
1359 0
1407 0
1605 0
1726 0
1809 0
1842 0
1897 0
1901 0
1983 0
2087 0
2119 0
2212 0
2238 0
2310 0
2314 0
2325 0
2358 0
2438 0
2470 0
2534 0
2541 0
2578 0
2624 0
2653 0
2744 0
2766 0
2775 0
2788 0
2800 0
2903 0
2918 0
2943 0
3005 0
3031 0
3061 0
3063 0
3076 0
3212 0
3287 0
3305 0
3373 0
3429 0
3514 0
3558 0
3563 0
3564 0
3565 0
3575 0
3653 0
3654 0
3666 0
3723 0
3768 0
3796 0
3852 0
3886 0
3904 0
3907 0
3981 0
4015 0
4019 0
4065 0
4103 0
4115 0
4300 0
4301 0
4322 0
4363 0
4382 0
4392 0
4400 0
4441 0
4547 0
4578 0
4579 0
4658 0
4806 0
4868 0
5046 0
5127 0
5252 0
5278 0
5343 0
5364 0
5377 0
5411 0
5424 0
5439 0
5536 0
5592 0
5632 0
5713 0
5731 0
5746 0
5798 0
5853 0
5856 0
5880 0
5893 0
5913 0
5923 0
5970 0
5972 0
5982 0
6015 0
6035 0
6057 0
6181 0
6215 0
6222 0
6239 0
6312 0
6333 0
6340 0
6346 0
6411 0
6455 0
6474 0
6522 0
6533 0
6536 0
6549 0
6565 0
6645 0
6720 0
6807 0
6815 0
6857 0
6859 0
6890 0
6913 0
6922 0
6959 0
7047 0
7052 0
7112 0
7153 0
7221 0
7231 0
7235 0
7270 0
7326 0
7517 0
7570 0
7580 0
7610 0
7620 0
7630 0
7686 0
7705 0
7732 0
7736 0
7753 0
7775 0
7785 0
7814 0
7831 0
7845 0
7915 0
7936 0
7991 0
7996 0
8129 0
8188 0
8366 0
8382 0
8403 0
8418 0
8556 0
8567 0
8580 0
8640 0
8703 0
8712 0
8789 0
8841 0
8854 0
8858 0
8863 0
8968 0
9002 0
9009 0
9044 0
9088 0
9120 0
9360 0
9480 0
9493 0
9581 0
9595 0
9610 0
9613 0
9729 0
9756 0
9806 0
9821 0
9832 0
9841 0
9845 0
9920 0
9964 0
9972 0
10134 0
10144 0
10199 0
10234 0
10260 0
10383 0
10461 0
10538 0
10543 0
10561 0
10565 0
10609 0
10755 0
10800 0
10813 0
10831 0
10868 0
10889 0
10987 0
10998 0
11066 0
11086 0
11169 0
11198 0
11249 0
11250 0
11290 0
11317 0
11327 0
11329 0
11409 0
11414 0
11460 0
11556 0
11579 0
11739 0
11795 0
11801 0
11910 0
11930 0
11940 0
11961 0
12003 0
12061 0
12121 0
12220 0
12454 0
12470 0
12535 0
12562 0
12581 0
12589 0
12598 0
12599 0
12621 0
12749 0
12755 0
12793 0
12817 0
12878 0
12891 0
12926 0
13075 0
13141 0
13166 0
13167 0
13218 0
13312 0
13350 0
13395 0
13443 0
13472 0
13544 0
13592 0
13640 0
13689 0
13710 0
13734 0
13807 0
13822 0
13926 0
13949 0
13978 0
13981 0
14038 0
14111 0
14394 0
14470 0
14544 0
14632 0
14652 0
14731 0
14756 0
14818 0
14842 0
14853 0
14923 0
14983 0
15001 0
15020 0
15031 0
15080 0
15122 0
15141 0
15142 0
15150 0
15167 0
15275 0
15294 0
15315 0
15343 0
15402 0
15610 0
15660 0
15691 0
15711 0
15771 0
15931 0
15953 0
15977 0
16037 0
16043 0
16150 0
16165 0
16178 0
16185 0
16230 0
16289 0
16394 0
16466 0
16550 0
16650 0
16672 0
16778 0
16791 0
16793 0
16874 0
16944 0
16952 0
16975 0
17032 0
17064 0
17152 0
17199 0
17200 0
17317 0
17360 0
17361 0
17398 0
17446 0
17564 0
17622 0
17624 0
17639 0
17665 0
17916 0
17953 0
18075 0
18082 0
18085 0
18227 0
18252 0
18269 0
18301 0
18342 0
18432 0
18473 0
18490 0
18563 0
18668 0
18670 0
18673 0
18677 0
18706 0
18762 0
18798 0
18841 0
18898 0
19000 0
19172 0
19308 0
19354 0
19424 0
19437 0
19448 0
19514 0
19540 0
19622 0
19662 0
19787 0
19832 0
19889 0
19907 0
19958 0
19959 0
20000 0
20035 0
20102 0
20108 0
20111 0
20188 0
20245 0
20304 0
20392 0
20408 0
20457 0
20510 0
20558 0
20561 0
20563 0
20605 0
20677 0
20726 0
20746 0
20753 0
20798 0
20865 0
20878 0
20913 0
21014 0
21104 0
21237 0
21250 0
21258 0
21289 0
21316 0
21331 0
21478 0
21528 0
21560 0
21564 0
21567 0
21602 0
21631 0
21763 0
21838 0
21886 0
21911 0
21917 0
21961 0
22027 0
22044 0
22057 0
22105 0
22155 0
22156 0
22220 0
22227 0
22229 0
22242 0
22251 0
22304 0
22511 0
22519 0
22546 0
22570 0
22621 0
22646 0
22707 0
22716 0
22728 0
22750 0
22832 0
22968 0
23077 0
23203 0
23276 0
23318 0
23367 0
23385 0
23396 0
23401 0
23428 0
23444 0
23500 0
23506 0
23579 0
23630 0
23740 0
23746 0
23779 0
23807 0
23836 0
23838 0
23852 0
23875 0
23891 0
23907 0
23916 0
23978 0
23980 0
24048 0
24068 0
24140 0
24197 0
24202 0
24224 0
24312 0
24343 0
24412 0
24509 0
24591 0
24656 0
24658 0
24660 0
24734 0
24772 0
24815 0
24877 0
24906 0
24917 0
25101 0
25170 0
25244 0
25296 0
25301 0
25349 0
25443 0
25520 0
25521 0
25538 0
25539 0
25591 0
25600 0
25637 0
25657 0
25658 0
25662 0
25704 0
25760 0
25821 0
25838 0
25842 0
25867 0
25891 0
25904 0
25974 0
26122 0
26128 0
26320 0
26573 0
26614 0
26656 0
26876 0
26933 0
26962 0
26967 0
27029 0
27096 0
27118 0
27135 0
27142 0
27220 0
27225 0
27234 0
27428 0
27450 0
27463 0
27489 0
27534 0
27598 0
27642 0
27683 0
27754 0
27784 0
27791 0
27861 0
27891 0
28077 0
28178 0
28188 0
28281 0
28356 0
28415 0
28416 0
28492 0
28545 0
28550 0
28578 0
28585 0
28618 0
28626 0
28636 0
28648 0
28657 0
28759 0
28794 0
28865 0
28913 0
28937 0
28939 0
28961 0
28968 0
29004 0
29023 0
29031 0
29154 0
29271 0
29280 0
29341 0
29343 0
29360 0
29515 0
29536 0
29552 0
29698 0
29705 0
29849 0
29928 0
29942 0
29954 0
29959 0
29996 0
30000 0
30021 0
30048 0
30071 0
30120 0
30145 0
30219 0
30314 0
30321 0
30325 0
30399 0
30589 0
30644 0
30727 0
30796 0
30816 0
30852 0
30879 0
30905 0
30908 0
31134 0
31276 0
31282 0
31289 0
31322 0
31325 0
31342 0
31358 0
31373 0
31483 0
31548 0
31658 0
31693 0
31788 0
31858 0
31895 0
31995 0
32117 0
32144 0
32148 0
32162 0
32175 0
32204 0
32336 0
32458 0
32461 0
32576 0
32614 0
32697 0
32719 0
32828 0
32829 0
32854 0
32936 0
32967 0
32998 0
33026 0
33038 0
33097 0
33136 0
33148 0
33193 0
33362 0
33425 0
33479 0
33514 0
33643 0
33690 0
33717 0
33734 0
33927 0
33972 0
34051 0
34068 0
34076 0
34135 0
34137 0
34220 0
34251 0
34259 0
34386 0
34424 0
34425 0
34569 0
34614 0
34640 0
34675 0
34692 0
34769 0
34802 0
34820 0
34919 0
35046 0
35119 0
35195 0
35217 0
35230 0
35254 0
35386 0
35436 0
35482 0
35486 0
35514 0
35554 0
35665 0
35667 0
35675 0
35775 0
35866 0
35869 0
35906 0
35907 0
35924 0
35976 0
36027 0
36070 0
36071 0
36148 0
36204 0
36281 0
36292 0
36333 0
36422 0
36472 0
36704 0
36706 0
36833 0
36857 0
36872 0
36901 0
36925 0
36952 0
36984 0
36991 0
37129 0
37131 0
37163 0
37198 0
37213 0
37265 0
37333 0
37343 0
37385 0
37413 0
37488 0
37537 0
37588 0
37667 0
37692 0
37714 0
37812 0
37865 0
37866 0
37891 0
37927 0
37949 0
38245 0
38251 0
38342 0
38458 0
38478 0
38493 0
38500 0
38551 0
38605 0
38717 0
38860 0
39036 0
39049 0
39058 0
39059 0
39072 0
39103 0
39130 0
39157 0
39304 0
39354 0
39452 0
39476 0
39512 0
39557 0
39609 0
39646 0
39722 0
39759 0
39764 0
39837 0
39853 0
39893 0
39949 0
39950 0
40010 0
40032 0
40089 0
40131 0
40142 0
40255 0
40274 0
40356 0
40412 0
40420 0
40500 0
40525 0
40528 0
40550 0
40576 0
40653 0
40670 0
40757 0
40799 0
40842 0
40852 0
40860 0
40861 0
40988 0
41066 0
41135 0
41196 0
41200 0
41205 0
41244 0
41277 0
41331 0
41333 0
41383 0
41416 0
41455 0
41467 0
41543 0
41562 0
41621 0
41699 0
41705 0
41727 0
41743 0
41773 0
41881 0
41899 0
41917 0
41951 0
42046 0
42137 0
42163 0
42369 0
42407 0
42424 0
42492 0
42574 0
42585 0
42656 0
42660 0
42723 0
42908 0
42935 0
42972 0
43013 0
43041 0
43112 0
43152 0
43215 0
43219 0
43254 0
43286 0
43336 0
43382 0
43454 0
43471 0
43486 0
43522 0
43539 0
43639 0
43834 0
43929 0
43968 0
43991 0
44009 0
44015 0
44081 0
44116 0
44135 0
44238 0
44241 0
44290 0
44298 0
44338 0
44396 0
44535 0
44908 0
44945 0
45031 0
45036 0
45047 0
45056 0
45069 0
45120 0
45167 0
45188 0
45259 0
45398 0
45427 0
45465 0
45554 0
45615 0
45666 0
45742 0
45861 0
45878 0
45944 0
45951 0
46193 0
46243 0
46328 0
46355 0
46385 0
46525 0
46571 0
46573 0
46605 0
46614 0
46629 0
46639 0
46706 0
46733 0
46739 0
46806 0
46918 0
46940 0
46966 0
46993 0
47097 0
47101 0
47111 0
47136 0
47145 0
47230 0
47253 0
47268 0
47316 0
47366 0
47402 0
47415 0
47518 0
47527 0
47528 0
47551 0
47692 0
47701 0
47765 0
47797 0
47809 0
47841 0
47851 0
47863 0
47938 0
47947 0
48170 0
48219 0
48229 0
48279 0
48285 0
48341 0
48447 0
48481 0
48499 0
48528 0
48573 0
48578 0
48641 0
48648 0
48680 0
48706 0
48747 0
48815 0
48875 0
48894 0
48927 0
49124 0
49147 0
49161 0
49202 0
49338 0
49428 0
49465 0
49485 0
49492 0
49538 0
49544 0
49549 0
49559 0
49571 0
49701 0
49889 0
49938 0
49957 0
50040 0
50095 0
50104 0
50210 0
50226 0
50244 0
50380 0
50480 0
50513 0
50547 0
50618 0
50628 0
50665 0
50711 0
50837 0
50951 0
50989 0
50993 0
51176 0
51295 0
51313 0
51321 0
51328 0
51340 0
51432 0
51541 0
51591 0
51636 0
51641 0
51670 0
51675 0
51744 0
51832 0
51955 0
51985 0
51993 0
52027 0
52118 0
52168 0
52203 0
52282 0
52303 0
52306 0
52434 0
52448 0
52489 0
52569 0
52583 0
52612 0
52630 0
52729 0
52836 0
52940 0
52983 0
52991 0
53133 0
53210 0
53221 0
53365 0
53387 0
53392 0
53458 0
53535 0
53583 0
53586 0
53644 0
53690 0
53742 0
53747 0
53748 0
53781 0
53797 0
53867 0
53906 0
54087 0
54106 0
54194 0
54277 0
54290 0
54380 0
54390 0
54446 0
54504 0
54508 0
54529 0
54533 0
54563 0
54596 0
54601 0
54612 0
54647 0
54662 0
54681 0
54758 0
54802 0
54804 0
54841 0
54875 0
54905 0
54927 0
54947 0
54985 0
55015 0
55020 0
55035 0
55085 0
55280 0
55321 0
55448 0
55463 0
55512 0
55536 0
55609 0
55657 0
55695 0
55809 0
55829 0
55848 0
55861 0
56048 0
56074 0
56143 0
56163 0
56184 0
56214 0
56268 0
56294 0
56303 0
56399 0
56652 0
56757 0
56761 0
56777 0
56833 0
56863 0
56947 0
56982 0
57174 0
57179 0
57204 0
57299 0
57314 0
57405 0
57452 0
57460 0
57466 0
57555 0
57597 0
57742 0
57832 0
57900 0
57922 0
57962 0
58003 0
58051 0
58101 0
58168 0
58231 0
58247 0
58285 0
58360 0
58361 0
58365 0
58465 0
58567 0
58634 0
58651 0
58652 0
58731 0
58770 0
58820 0
58834 0
58873 0
58878 0
58893 0
58914 0
58932 0
58942 0
58982 0
59016 0
59032 0
59071 0
59388 0
59490 0
59624 0
59634 0
59698 0
59894 0
59965 0
59966 0
60035 0
60037 0
60102 0
60113 0
60239 0
60308 0
60320 0
60322 0
60332 0
60345 0
60367 0
60380 0
60446 0
60447 0
60501 0
60505 0
60518 0
60566 0
60694 0
60764 0
60880 0
60889 0
60930 0
60937 0
60953 0
60969 0
60986 0
60989 0
61007 0
61024 0
61027 0
61217 0
61274 0
61284 0
61294 0
61434 0
61518 0
61532 0
61536 0
61602 0
61654 0
61668 0
61684 0
61772 0
61795 0
61806 0
61832 0
61833 0
61864 0
61902 0
61930 0
61951 0
62008 0
62043 0
62059 0
62115 0
62136 0
62173 0
62183 0
62217 0
62234 0
62386 0
62404 0
62413 0
62422 0
62497 0
62678 0
62680 0
62725 0
62804 0
62888 0
62908 0
62936 0
62960 0
62997 0
63061 0
63071 0
63081 0
63085 0
63089 0
63110 0
63117 0
63142 0
63151 0
63163 0
63187 0
63230 0
63275 0
63348 0
63374 0
63423 0
63453 0
63556 0
63573 0
63627 0
63677 0
63702 0
63723 0
63740 0
63803 0
63859 0
64006 0
64014 0
64025 0
64042 0
64243 0
64272 0
64283 0
64287 0
64389 0
64396 0
64444 0
64455 0
64518 0
64598 0
64648 0
64681 0
64702 0
64767 0
64770 0
64812 0
64824 0
64865 0
64883 0
64946 0
64969 0
64978 0
65003 0
65009 0
65053 0
65087 0
65115 0
65177 0
65212 0
65281 0
65296 0
65494 0
65518 0
65562 0
65576 0
65604 0
65684 0
65690 0
65693 0
65695 0
65726 0
65739 0
65783 0
65847 0
65870 0
65918 0
65927 0
65979 0
65983 0
66048 0
66176 0
66200 0
66244 0
66292 0
66357 0
66384 0
66419 0
66450 0
66453 0
66563 0
66578 0
66658 0
66684 0
66885 0
66888 0
66897 0
66931 0
66993 0
67012 0
67059 0
67292 0
67302 0
67389 0
67431 0
67465 0
67540 0
67555 0
67597 0
67609 0
67618 0
67651 0
67679 0
67863 0
67864 0
67929 0
67961 0
68038 0
68108 0
68145 0
68164 0
68175 0
68250 0
68276 0
68282 0
68317 0
68339 0
68440 0
68523 0
68766 0
68840 0
68875 0
68914 0
69007 0
69079 0
69124 0
69152 0
69162 0
69330 0
69352 0
69553 0
69571 0
69595 0
69670 0
69696 0
69768 0
69779 0
69823 0
69908 0
69949 0
69973 0
69980 0
70031 0
70123 0
70183 0
70210 0
70276 0
70362 0
70389 0
70446 0
70561 0
70582 0
70597 0
70608 0
70610 0
70715 0
70735 0
70776 0
70804 0
70840 0
70841 0
70850 0
70852 0
70914 0
70979 0
70997 0
71008 0
71025 0
71091 0
71111 0
71182 0
71194 0
71218 0
71272 0
71313 0
71340 0
71403 0
71515 0
71544 0
71595 0
71671 0
71911 0
71926 0
71940 0
71944 0
71958 0
71974 0
72052 0
72223 0
72286 0
72340 0
72386 0
72448 0
72489 0
72535 0
72581 0
72595 0
72598 0
72639 0
72653 0
72710 0
72731 0
72759 0
72831 0
72869 0
72980 0
73016 0
73035 0
73082 0
73103 0
73178 0
73218 0
73241 0
73259 0
73270 0
73276 0
73284 0
73347 0
73359 0
73435 0
73464 0
73467 0
73518 0
73557 0
73578 0
73622 0
73640 0
73858 0
73859 0
73878 0
73997 0
73998 0
74029 0
74166 0
74188 0
74196 0
74224 0
74228 0
74338 0
74339 0
74351 0
74355 0
74476 0
74482 0
74529 0
74531 0
74621 0
74696 0
74728 0
74787 0
74839 0
74853 0
74880 0
74905 0
74907 0
74922 0
74923 0
74950 0
74969 0
75051 0
75134 0
75146 0
75256 0
75261 0
75284 0
75361 0
75387 0
75422 0
75441 0
75448 0
75470 0
75472 0
75478 0
75599 0
75683 0
75689 0
75806 0
75995 0
76012 0
76063 0
76083 0
76086 0
76143 0
76157 0
76213 0
76230 0
76254 0
76305 0
76317 0
76326 0
76343 0
76382 0
76508 0
76626 0
76638 0
76643 0
76649 0
76678 0
76705 0
76738 0
76762 0
76887 0
77011 0
77027 0
77062 0
77075 0
77090 0
77108 0
77236 0
77330 0
77367 0
77373 0
77404 0
77561 0
77576 0
77602 0
77681 0
77701 0
77719 0
77913 0
77928 0
78053 0
78130 0
78146 0
78176 0
78250 0
78312 0
78322 0
78450 0
78484 0
78542 0
78672 0
78718 0
78720 0
78730 0
78824 0
78851 0
78893 0
78905 0
79001 0
79136 0
79147 0
79299 0
79316 0
79412 0
79419 0
79652 0
79695 0
79704 0
79725 0
79780 0
79830 0
79934 0
79998 0
80066 0
80132 0
80213 0
80316 0
80356 0
80418 0
80464 0
80495 0
80516 0
80543 0
80560 0
80582 0
80600 0
80702 0
80706 0
80727 0
80810 0
80875 0
80890 0
80931 0
80971 0
80974 0
81168 0
81213 0
81257 0
81283 0
81351 0
81384 0
81420 0
81561 0
81606 0
81691 0
81716 0
81784 0
81789 0
81825 0
81882 0
81883 0
82019 0
82127 0
82170 0
82177 0
82186 0
82192 0
82211 0
82367 0
82558 0
82579 0
82649 0
82771 0
82864 0
82869 0
82895 0
82948 0
82993 0
83007 0
83069 0
83103 0
83262 0
83268 0
83383 0
83419 0
83531 0
83565 0
83580 0
83652 0
83669 0
83696 0
83765 0
83785 0
83811 0
83842 0
83900 0
83911 0
83954 0
84033 0
84110 0
84174 0
84189 0
84257 0
84303 0
84341 0
84433 0
84435 0
84441 0
84461 0
84482 0
84495 0
84502 0
84504 0
84530 0
84538 0
84587 0
84631 0
84656 0
84660 0
84711 0
84721 0
84732 0
84737 0
84834 0
84861 0
84877 0
84921 0
84944 0
84945 0
85205 0
85309 0
85336 0
85363 0
85374 0
85375 0
85527 0
85703 0
85733 0
85881 0
85962 0
85981 0
85983 0
86015 0
86053 0
86213 0
86214 0
86264 0
86303 0
86311 0
86333 0
86356 0
86361 0
86365 0
86398 0
86418 0
86435 0
86441 0
86456 0
86517 0
86549 0
86602 0
86692 0
86698 0
86716 0
86798 0
86846 0
86938 0
86946 0
86981 0
87019 0
87025 0
87139 0
87184 0
87304 0
87406 0
87437 0
87532 0
87683 0
87685 0
87748 0
87791 0
87845 0
87852 0
87888 0
87949 0
87953 0
88163 0
88170 0
88179 0
88189 0
88310 0
88343 0
88369 0
88459 0
88469 0
88481 0
88497 0
88517 0
88518 0
88534 0
88609 0
88755 0
88770 0
88888 0
88898 0
89073 0
89096 0
89198 0
89209 0
89308 0
89329 0
89410 0
89412 0
89458 0
89516 0
89524 0
89546 0
89646 0
89651 0
89707 0
89887 0
89892 0
90042 0
90071 0
90168 0
90215 0
90264 0
90308 0
90472 0
90483 0
90565 0
90615 0
90617 0
90670 0
90685 0
90714 0
90721 0
90808 0
90919 0
91052 0
91056 0
91058 0
91190 0
91244 0
91261 0
91268 0
91281 0
91318 0
91379 0
91405 0
91448 0
91527 0
91594 0
91625 0
91688 0
91852 0
91859 0
91884 0
91909 0
91959 0
91981 0
92015 0
92032 0
92037 0
92104 0
92116 0
92139 0
92155 0
92161 0
92237 0
92284 0
92350 0
92417 0
92445 0
92490 0
92604 0
92770 0
92802 0
92817 0
92819 0
92898 0
92937 0
92989 0
92998 0
93055 0
93159 0
93192 0
93229 0
93394 0
93548 0
93661 0
93687 0
93691 0
93705 0
93712 0
93911 0
93934 0
94095 0
94103 0
94231 0
94262 0
94284 0
94564 0
94598 0
94669 0
94736 0
94812 0
94839 0
94880 0
94907 0
94917 0
94995 0
95006 0
95039 0
95136 0
95198 0
95267 0
95333 0
95351 0
95438 0
95503 0
95556 0
95606 0
95675 0
95689 0
95748 0
95794 0
95795 0
95804 0
95844 0
95865 0
95931 0
96094 0
96095 0
96134 0
96160 0
96188 0
96390 0
96465 0
96484 0
96552 0
96560 0
96593 0
96614 0
96783 0
96793 0
96797 0
96837 0
96850 0
96862 0
96896 0
96923 0
96968 0
96984 0
96996 0
97069 0
97087 0
97096 0
97115 0
97126 0
97153 0
97159 0
97202 0
97268 0
97278 0
97360 0
97445 0
97527 0
97549 0
97815 0
97855 0
97969 0
98057 0
98063 0
98126 0
98253 0
98412 0
98472 0
98521 0
98525 0
98602 0
98651 0
98686 0
98699 0
99031 0
99042 0
99155 0
99167 0
99169 0
99191 0
99218 0
99247 0
99417 0
99447 0
99533 0
99538 0
99598 0
99785 0
99801 0
99805 0
99828 0
99829 0
99870 0
99926 0
99927 0
99934 0
99936 0
