c This is a uniform distributed  1-D DIMACS file 
c width height point_number
p 100000 100000 2048
66 0
168 0
174 0
194 0
214 0
301 0
368 0
404 0
496 0
563 0
579 0
734 0
796 0
877 0
886 0
923 0
971 0
1083 0
1097 0
1114 0
1126 0
1139 0
1168 0
1175 0
1203 0
1308 0
1341 0
1351 0
1464 0
1482 0
1522 0
1578 0
1602 0
1604 0
1688 0
1700 0
1766 0
1770 0
1779 0
1808 0
1814 0
1973 0
2029 0
2122 0
2150 0
2158 0
2229 0
2252 0
2260 0
2261 0
2274 0
2296 0
2311 0
2344 0
2373 0
2378 0
2395 0
2424 0
2446 0
2463 0
2517 0
2543 0
2648 0
2689 0
2777 0
2820 0
2912 0
2996 0
3071 0
3186 0
3191 0
3201 0
3207 0
3228 0
3256 0
3391 0
3416 0
3458 0
3544 0
3545 0
3558 0
3841 0
3904 0
3932 0
3936 0
4015 0
4032 0
4076 0
4101 0
4139 0
4277 0
4297 0
4300 0
4312 0
4315 0
4412 0
4461 0
4476 0
4496 0
4498 0
4762 0
4765 0
4818 0
4825 0
4876 0
4889 0
4964 0
5027 0
5116 0
5145 0
5173 0
5180 0
5210 0
5249 0
5289 0
5339 0
5340 0
5685 0
5711 0
5773 0
5879 0
5880 0
5912 0
5949 0
5976 0
5995 0
6000 0
6025 0
6091 0
6175 0
6181 0
6232 0
6239 0
6297 0
6433 0
6456 0
6592 0
6648 0
6692 0
6696 0
6702 0
6741 0
6814 0
6826 0
6877 0
6904 0
6987 0
6990 0
7014 0
7026 0
7057 0
7077 0
7100 0
7104 0
7113 0
7133 0
7185 0
7209 0
7267 0
7318 0
7359 0
7378 0
7432 0
7484 0
7489 0
7537 0
7571 0
7605 0
7667 0
7677 0
7771 0
7799 0
7869 0
7907 0
7908 0
7915 0
7934 0
7936 0
8129 0
8159 0
8181 0
8242 0
8259 0
8324 0
8331 0
8394 0
8438 0
8452 0
8516 0
8546 0
8674 0
8698 0
8721 0
8766 0
8778 0
8809 0
8891 0
9215 0
9232 0
9339 0
9372 0
9440 0
9443 0
9477 0
9492 0
9555 0
9770 0
9882 0
10043 0
10102 0
10172 0
10272 0
10353 0
10473 0
10567 0
10663 0
10699 0
10737 0
10770 0
10835 0
10838 0
10887 0
10988 0
11028 0
11052 0
11056 0
11077 0
11138 0
11163 0
11223 0
11252 0
11261 0
11323 0
11374 0
11383 0
11390 0
11407 0
11458 0
11459 0
11529 0
11541 0
11621 0
11638 0
11760 0
11866 0
11903 0
11914 0
11948 0
11990 0
12067 0
12117 0
12174 0
12180 0
12250 0
12280 0
12353 0
12425 0
12437 0
12467 0
12481 0
12557 0
12561 0
12583 0
12611 0
12645 0
12873 0
12899 0
12954 0
13004 0
13088 0
13093 0
13110 0
13115 0
13166 0
13189 0
13203 0
13210 0
13240 0
13357 0
13369 0
13418 0
13453 0
13476 0
13520 0
13547 0
13603 0
13652 0
13700 0
13759 0
13994 0
14022 0
14048 0
14087 0
14118 0
14190 0
14229 0
14262 0
14331 0
14399 0
14410 0
14452 0
14471 0
14571 0
14687 0
14749 0
14753 0
14876 0
14888 0
14940 0
14950 0
14983 0
15033 0
15040 0
15078 0
15086 0
15101 0
15227 0
15310 0
15347 0
15388 0
15410 0
15439 0
15489 0
15563 0
15584 0
15620 0
15655 0
15704 0
15722 0
15726 0
15782 0
15845 0
15915 0
16020 0
16067 0
16088 0
16121 0
16181 0
16191 0
16221 0
16261 0
16336 0
16349 0
16369 0
16394 0
16455 0
16488 0
16498 0
16521 0
16525 0
16615 0
16707 0
16816 0
16828 0
16864 0
16887 0
16907 0
16952 0
17095 0
17099 0
17117 0
17121 0
17318 0
17356 0
17361 0
17383 0
17397 0
17462 0
17733 0
17756 0
17856 0
17966 0
17990 0
18028 0
18085 0
18112 0
18154 0
18225 0
18254 0
18345 0
18434 0
18459 0
18498 0
18605 0
18657 0
18663 0
18783 0
18806 0
18814 0
19148 0
19168 0
19192 0
19198 0
19242 0
19310 0
19385 0
19422 0
19433 0
19442 0
19449 0
19514 0
19523 0
19547 0
19565 0
19592 0
19597 0
19666 0
19690 0
19739 0
19778 0
19824 0
19879 0
19904 0
19943 0
19977 0
20066 0
20083 0
20203 0
20341 0
20405 0
20415 0
20518 0
20729 0
20892 0
20947 0
20948 0
20985 0
21024 0
21038 0
21057 0
21060 0
21146 0
21165 0
21191 0
21211 0
21222 0
21270 0
21293 0
21348 0
21358 0
21379 0
21394 0
21409 0
21432 0
21462 0
21471 0
21578 0
21597 0
21624 0
21748 0
21843 0
21882 0
21884 0
21897 0
21907 0
21949 0
21964 0
22002 0
22071 0
22077 0
22165 0
22243 0
22263 0
22317 0
22326 0
22338 0
22400 0
22420 0
22516 0
22557 0
22666 0
22667 0
22709 0
22759 0
22796 0
22866 0
22891 0
22956 0
22993 0
23003 0
23046 0
23113 0
23114 0
23145 0
23212 0
23387 0
23436 0
23521 0
23583 0
23596 0
23601 0
23739 0
23769 0
23815 0
23879 0
23893 0
23925 0
23964 0
23975 0
24018 0
24032 0
24106 0
24112 0
24139 0
24259 0
24281 0
24410 0
24474 0
24479 0
24521 0
24559 0
24570 0
24594 0
24606 0
24663 0
24739 0
24740 0
24814 0
24855 0
24929 0
24940 0
24968 0
24980 0
25002 0
25004 0
25014 0
25068 0
25113 0
25123 0
25180 0
25207 0
25268 0
25299 0
25326 0
25337 0
25405 0
25444 0
25466 0
25492 0
25525 0
25637 0
25716 0
25767 0
25796 0
25831 0
25859 0
25921 0
25990 0
26055 0
26067 0
26082 0
26085 0
26093 0
26245 0
26290 0
26292 0
26336 0
26380 0
26394 0
26395 0
26402 0
26425 0
26492 0
26553 0
26556 0
26606 0
26624 0
26673 0
26714 0
26754 0
26774 0
26801 0
26897 0
26996 0
27116 0
27128 0
27204 0
27236 0
27238 0
27293 0
27502 0
27533 0
27548 0
27576 0
27777 0
27849 0
27872 0
27946 0
27976 0
28024 0
28081 0
28177 0
28537 0
28558 0
28568 0
28634 0
28685 0
28704 0
28763 0
28852 0
28868 0
28883 0
28904 0
28908 0
28962 0
28963 0
28990 0
29129 0
29171 0
29181 0
29203 0
29276 0
29292 0
29403 0
29417 0
29453 0
29683 0
29693 0
29790 0
29805 0
29902 0
30147 0
30154 0
30159 0
30175 0
30180 0
30208 0
30240 0
30301 0
30326 0
30352 0
30410 0
30425 0
30486 0
30540 0
30573 0
30585 0
30600 0
30671 0
30678 0
30682 0
30784 0
30834 0
30854 0
30857 0
30892 0
30904 0
30970 0
30984 0
31042 0
31127 0
31201 0
31220 0
31230 0
31261 0
31275 0
31311 0
31420 0
31447 0
31454 0
31480 0
31485 0
31487 0
31500 0
31541 0
31667 0
31684 0
31685 0
31687 0
31704 0
31756 0
31799 0
31842 0
31856 0
31948 0
31976 0
31984 0
32072 0
32099 0
32109 0
32149 0
32196 0
32216 0
32258 0
32267 0
32323 0
32334 0
32421 0
32433 0
32434 0
32445 0
32548 0
32608 0
32641 0
32647 0
32648 0
32668 0
32676 0
32739 0
32863 0
32911 0
32952 0
32981 0
33032 0
33055 0
33080 0
33139 0
33199 0
33202 0
33221 0
33380 0
33432 0
33529 0
33623 0
33666 0
33701 0
33731 0
33746 0
33780 0
33783 0
33795 0
33801 0
33820 0
33834 0
33877 0
33887 0
33963 0
33984 0
34099 0
34129 0
34199 0
34213 0
34217 0
34228 0
34332 0
34333 0
34377 0
34411 0
34450 0
34502 0
34609 0
34612 0
34652 0
34675 0
34703 0
34858 0
35044 0
35098 0
35117 0
35212 0
35234 0
35293 0
35407 0
35552 0
35609 0
35610 0
35619 0
35648 0
35669 0
35670 0
35687 0
35835 0
35837 0
35859 0
35928 0
35994 0
35998 0
36028 0
36046 0
36048 0
36055 0
36209 0
36386 0
36405 0
36409 0
36444 0
36447 0
36470 0
36491 0
36507 0
36540 0
36544 0
36574 0
36703 0
36781 0
36813 0
36852 0
36929 0
37053 0
37134 0
37293 0
37311 0
37559 0
37613 0
37615 0
37661 0
37676 0
37686 0
37700 0
37704 0
37767 0
38007 0
38026 0
38059 0
38158 0
38316 0
38334 0
38390 0
38400 0
38469 0
38500 0
38548 0
38582 0
38613 0
38649 0
38697 0
38703 0
38718 0
38926 0
38994 0
39089 0
39125 0
39194 0
39214 0
39321 0
39375 0
39401 0
39418 0
39505 0
39565 0
39587 0
39758 0
39766 0
39772 0
39775 0
39782 0
39787 0
39815 0
40025 0
40074 0
40108 0
40142 0
40159 0
40285 0
40341 0
40353 0
40368 0
40506 0
40514 0
40532 0
40535 0
40544 0
40594 0
40629 0
40644 0
40735 0
40769 0
40783 0
40786 0
40796 0
40822 0
40969 0
40984 0
41042 0
41056 0
41097 0
41126 0
41148 0
41168 0
41239 0
41244 0
41245 0
41351 0
41391 0
41406 0
41446 0
41468 0
41481 0
41527 0
41551 0
41629 0
41642 0
41662 0
41677 0
41869 0
41870 0
41875 0
42086 0
42160 0
42228 0
42291 0
42348 0
42376 0
42469 0
42499 0
42538 0
42636 0
42645 0
42701 0
42757 0
42762 0
42826 0
42905 0
42974 0
42995 0
43048 0
43176 0
43193 0
43234 0
43238 0
43283 0
43319 0
43330 0
43396 0
43421 0
43456 0
43474 0
43553 0
43560 0
43563 0
43569 0
43663 0
43665 0
43684 0
43693 0
43735 0
43745 0
43777 0
43778 0
43981 0
44016 0
44046 0
44089 0
44113 0
44362 0
44366 0
44388 0
44394 0
44453 0
44466 0
44539 0
44731 0
44740 0
44742 0
44761 0
44843 0
44885 0
44922 0
44949 0
44972 0
45079 0
45105 0
45115 0
45139 0
45205 0
45209 0
45250 0
45307 0
45399 0
45539 0
45604 0
45641 0
45738 0
45748 0
45781 0
45788 0
45807 0
45835 0
45844 0
45935 0
45937 0
45975 0
45983 0
46007 0
46057 0
46092 0
46101 0
46103 0
46181 0
46297 0
46457 0
46460 0
46509 0
46551 0
46560 0
46616 0
46701 0
46729 0
46757 0
46770 0
46796 0
46870 0
46904 0
46920 0
46967 0
47006 0
47182 0
47192 0
47227 0
47247 0
47296 0
47330 0
47337 0
47432 0
47483 0
47516 0
47550 0
47695 0
47743 0
47761 0
47779 0
47938 0
48007 0
48066 0
48105 0
48181 0
48276 0
48319 0
48324 0
48334 0
48405 0
48589 0
48608 0
48747 0
48748 0
48825 0
48891 0
49001 0
49026 0
49071 0
49095 0
49159 0
49243 0
49327 0
49333 0
49403 0
49501 0
49543 0
49597 0
49608 0
49643 0
49899 0
49905 0
49915 0
49963 0
50072 0
50080 0
50096 0
50100 0
50146 0
50317 0
50330 0
50388 0
50425 0
50498 0
50560 0
50597 0
50640 0
50650 0
50814 0
50960 0
51079 0
51109 0
51190 0
51224 0
51262 0
51376 0
51451 0
51526 0
51608 0
51619 0
51702 0
51802 0
51968 0
52052 0
52103 0
52193 0
52210 0
52255 0
52298 0
52308 0
52315 0
52425 0
52576 0
52580 0
52582 0
52611 0
52625 0
52686 0
52793 0
52801 0
52879 0
53040 0
53074 0
53077 0
53137 0
53199 0
53231 0
53350 0
53376 0
53477 0
53610 0
53673 0
53727 0
53738 0
53798 0
53867 0
53898 0
54130 0
54133 0
54182 0
54190 0
54234 0
54238 0
54291 0
54313 0
54325 0
54346 0
54465 0
54746 0
54781 0
54794 0
54801 0
54869 0
54899 0
54919 0
55190 0
55231 0
55248 0
55424 0
55509 0
55610 0
55663 0
55698 0
55728 0
55788 0
56000 0
56033 0
56130 0
56186 0
56321 0
56338 0
56343 0
56427 0
56461 0
56475 0
56501 0
56588 0
56643 0
56647 0
56721 0
56772 0
56777 0
56823 0
56883 0
57015 0
57060 0
57112 0
57153 0
57195 0
57248 0
57514 0
57614 0
57652 0
57699 0
57822 0
57887 0
57890 0
57955 0
58039 0
58092 0
58120 0
58164 0
58264 0
58287 0
58326 0
58345 0
58486 0
58510 0
58515 0
58588 0
58752 0
58926 0
58939 0
59027 0
59043 0
59078 0
59085 0
59131 0
59168 0
59199 0
59257 0
59319 0
59384 0
59435 0
59530 0
59654 0
59687 0
59713 0
59718 0
59890 0
59949 0
59958 0
59963 0
59964 0
59984 0
60112 0
60153 0
60174 0
60280 0
60285 0
60361 0
60417 0
60439 0
60446 0
60459 0
60486 0
60511 0
60611 0
60621 0
60652 0
60716 0
60778 0
60973 0
61047 0
61247 0
61261 0
61269 0
61274 0
61298 0
61405 0
61444 0
61462 0
61472 0
61664 0
61681 0
61801 0
61820 0
61826 0
61859 0
61891 0
61951 0
61991 0
62029 0
62031 0
62101 0
62224 0
62275 0
62342 0
62343 0
62388 0
62467 0
62513 0
62582 0
62610 0
62646 0
62699 0
62719 0
62737 0
62818 0
62914 0
62958 0
62960 0
62978 0
62994 0
63034 0
63069 0
63162 0
63206 0
63306 0
63344 0
63359 0
63394 0
63408 0
63426 0
63588 0
63654 0
63665 0
63667 0
63786 0
63826 0
63838 0
63859 0
63866 0
63874 0
63902 0
63961 0
63984 0
64044 0
64070 0
64147 0
64289 0
64350 0
64354 0
64396 0
64440 0
64561 0
64577 0
64603 0
64617 0
64637 0
64742 0
64770 0
64821 0
64846 0
64887 0
64967 0
64969 0
64980 0
65005 0
65053 0
65056 0
65082 0
65147 0
65169 0
65200 0
65228 0
65246 0
65296 0
65319 0
65737 0
65792 0
65838 0
65870 0
66004 0
66137 0
66205 0
66218 0
66228 0
66231 0
66235 0
66359 0
66433 0
66602 0
66610 0
66693 0
66717 0
66758 0
66830 0
66908 0
66980 0
67213 0
67305 0
67405 0
67434 0
67594 0
67640 0
67799 0
67860 0
67973 0
68059 0
68209 0
68220 0
68256 0
68305 0
68307 0
68313 0
68337 0
68515 0
68575 0
68620 0
68901 0
68903 0
68940 0
68968 0
69019 0
69023 0
69066 0
69183 0
69379 0
69619 0
69641 0
69665 0
69670 0
69740 0
69810 0
69856 0
69892 0
69978 0
70136 0
70153 0
70154 0
70192 0
70251 0
70261 0
70272 0
70367 0
70383 0
70439 0
70490 0
70534 0
70676 0
70753 0
70791 0
70846 0
70851 0
70862 0
71020 0
71048 0
71055 0
71060 0
71122 0
71146 0
71162 0
71242 0
71302 0
71394 0
71554 0
71596 0
71600 0
71606 0
71624 0
71688 0
71702 0
71804 0
71810 0
71835 0
71875 0
71882 0
71906 0
71908 0
71972 0
72043 0
72050 0
72058 0
72111 0
72182 0
72206 0
72225 0
72268 0
72317 0
72342 0
72364 0
72497 0
72535 0
72603 0
72703 0
72723 0
72768 0
72811 0
72819 0
72835 0
72860 0
72874 0
72876 0
72909 0
72912 0
72966 0
72972 0
72993 0
73010 0
73025 0
73133 0
73162 0
73197 0
73219 0
73237 0
73270 0
73276 0
73277 0
73328 0
73366 0
73373 0
73374 0
73376 0
73405 0
73445 0
73489 0
73492 0
73518 0
73558 0
73561 0
73628 0
73654 0
73700 0
73707 0
73718 0
73748 0
73814 0
73850 0
73897 0
73913 0
74024 0
74026 0
74054 0
74102 0
74213 0
74270 0
74293 0
74342 0
74445 0
74536 0
74562 0
74563 0
74706 0
74719 0
74796 0
74813 0
74873 0
75004 0
75043 0
75139 0
75204 0
75207 0
75361 0
75366 0
75367 0
75404 0
75536 0
75548 0
75589 0
75704 0
75773 0
75889 0
75901 0
75926 0
76114 0
76180 0
76372 0
76397 0
76469 0
76474 0
76508 0
76604 0
76713 0
76819 0
76820 0
76855 0
76883 0
76952 0
76968 0
77026 0
77057 0
77066 0
77096 0
77198 0
77232 0
77242 0
77259 0
77261 0
77280 0
77283 0
77323 0
77366 0
77418 0
77489 0
77525 0
77529 0
77552 0
77558 0
77650 0
77693 0
77709 0
77726 0
77755 0
77875 0
77907 0
77952 0
78011 0
78064 0
78072 0
78103 0
78139 0
78161 0
78210 0
78221 0
78272 0
78274 0
78361 0
78378 0
78403 0
78416 0
78446 0
78478 0
78600 0
78648 0
78665 0
78674 0
78740 0
78773 0
78826 0
78832 0
78857 0
78865 0
78895 0
78900 0
78976 0
79071 0
79149 0
79154 0
79156 0
79227 0
79228 0
79247 0
79250 0
79406 0
79462 0
79481 0
79491 0
79526 0
79562 0
79580 0
79599 0
79673 0
79749 0
79779 0
79815 0
79940 0
80046 0
80077 0
80079 0
80206 0
80280 0
80312 0
80387 0
80395 0
80416 0
80421 0
80531 0
80541 0
80563 0
80593 0
80626 0
80633 0
80678 0
80712 0
80723 0
80725 0
80810 0
80864 0
80901 0
80928 0
80933 0
80966 0
80970 0
80985 0
81141 0
81154 0
81197 0
81227 0
81230 0
81245 0
81299 0
81364 0
81372 0
81465 0
81543 0
81604 0
81623 0
81628 0
81713 0
81844 0
81848 0
81943 0
81957 0
82055 0
82126 0
82270 0
82288 0
82305 0
82318 0
82335 0
82346 0
82356 0
82409 0
82495 0
82617 0
82647 0
82675 0
82775 0
82822 0
82948 0
83110 0
83159 0
83176 0
83215 0
83223 0
83303 0
83337 0
83347 0
83485 0
83536 0
83566 0
83685 0
83689 0
83832 0
83907 0
83921 0
83987 0
84011 0
84022 0
84032 0
84080 0
84089 0
84113 0
84135 0
84188 0
84215 0
84228 0
84235 0
84254 0
84282 0
84291 0
84311 0
84329 0
84384 0
84408 0
84437 0
84762 0
84794 0
84800 0
84827 0
84857 0
84863 0
84921 0
84943 0
84978 0
84991 0
85089 0
85120 0
85137 0
85293 0
85340 0
85388 0
85408 0
85411 0
85417 0
85449 0
85451 0
85464 0
85475 0
85477 0
85577 0
85580 0
85588 0
85608 0
85682 0
85690 0
85857 0
85900 0
86026 0
86099 0
86200 0
86241 0
86247 0
86277 0
86300 0
86375 0
86404 0
86410 0
86475 0
86481 0
86487 0
86543 0
86586 0
86600 0
86607 0
86620 0
86664 0
86690 0
86691 0
86715 0
86720 0
86741 0
86757 0
86813 0
86815 0
86884 0
86890 0
86892 0
86900 0
86942 0
86985 0
87023 0
87055 0
87179 0
87200 0
87229 0
87232 0
87261 0
87339 0
87366 0
87399 0
87415 0
87524 0
87539 0
87659 0
87664 0
87761 0
87821 0
87840 0
87841 0
87879 0
87909 0
87946 0
87957 0
87982 0
88028 0
88047 0
88209 0
88355 0
88466 0
88480 0
88490 0
88548 0
88567 0
88577 0
88615 0
88644 0
88708 0
88785 0
88894 0
88915 0
88917 0
88935 0
89005 0
89046 0
89069 0
89090 0
89153 0
89194 0
89238 0
89326 0
89337 0
89371 0
89443 0
89531 0
89547 0
89548 0
89660 0
89717 0
89773 0
89783 0
89926 0
90088 0
90136 0
90154 0
90155 0
90182 0
90251 0
90293 0
90306 0
90330 0
90350 0
90712 0
90818 0
90872 0
90882 0
90908 0
91026 0
91038 0
91091 0
91158 0
91181 0
91263 0
91303 0
91313 0
91362 0
91411 0
91466 0
91468 0
91484 0
91498 0
91500 0
91528 0
91674 0
91720 0
91735 0
91882 0
91884 0
91978 0
91991 0
91992 0
92031 0
92037 0
92054 0
92081 0
92144 0
92216 0
92232 0
92263 0
92319 0
92341 0
92352 0
92368 0
92374 0
92376 0
92395 0
92424 0
92438 0
92451 0
92478 0
92607 0
92653 0
92713 0
92751 0
92824 0
92857 0
92873 0
92896 0
92976 0
93021 0
93068 0
93081 0
93100 0
93119 0
93125 0
93157 0
93213 0
93273 0
93301 0
93304 0
93385 0
93435 0
93483 0
93521 0
93540 0
93623 0
93716 0
93809 0
94045 0
94058 0
94109 0
94192 0
94408 0
94495 0
94534 0
94550 0
94572 0
94576 0
94589 0
94672 0
94726 0
94799 0
94899 0
94956 0
94998 0
95101 0
95117 0
95128 0
95138 0
95174 0
95446 0
95450 0
95467 0
95541 0
95600 0
95631 0
95653 0
95669 0
95681 0
95779 0
95818 0
95851 0
95856 0
95875 0
95907 0
95910 0
95979 0
96012 0
96013 0
96072 0
96079 0
96093 0
96143 0
96202 0
96213 0
96230 0
96320 0
96328 0
96380 0
96426 0
96466 0
96528 0
96542 0
96601 0
96750 0
96758 0
96798 0
96864 0
96885 0
96956 0
96982 0
96987 0
97081 0
97197 0
97332 0
97334 0
97514 0
97562 0
97616 0
97635 0
97654 0
97668 0
97728 0
97735 0
97770 0
97805 0
97854 0
97912 0
97956 0
97962 0
97975 0
98026 0
98097 0
98103 0
98135 0
98169 0
98228 0
98260 0
98286 0
98328 0
98391 0
98465 0
98496 0
98554 0
98685 0
98789 0
98809 0
98817 0
98826 0
98875 0
98882 0
98891 0
99002 0
99039 0
99100 0
99102 0
99125 0
99128 0
99218 0
99323 0
99325 0
99328 0
99341 0
99463 0
99469 0
99477 0
99564 0
99671 0
99712 0
99756 0
99905 0
99915 0
99932 0
99943 0
99994 0
99997 0
