c This is a uniform distributed  1-D DIMACS file 
c width height point_number
p 100000 100000 2048
330 0
334 0
596 0
618 0
685 0
718 0
759 0
802 0
842 0
858 0
899 0
930 0
958 0
966 0
1010 0
1117 0
1188 0
1191 0
1217 0
1229 0
1250 0
1275 0
1350 0
1399 0
1504 0
1538 0
1586 0
1693 0
1793 0
1865 0
1913 0
1926 0
2095 0
2136 0
2171 0
2297 0
2299 0
2333 0
2359 0
2381 0
2403 0
2405 0
2410 0
2424 0
2497 0
2500 0
2533 0
2545 0
2600 0
2635 0
2674 0
2677 0
2734 0
2862 0
2899 0
2932 0
3033 0
3062 0
3138 0
3165 0
3211 0
3278 0
3294 0
3297 0
3327 0
3341 0
3512 0
3524 0
3561 0
3567 0
3606 0
3697 0
3739 0
3753 0
3765 0
3811 0
3838 0
3862 0
3932 0
3933 0
3961 0
3980 0
4096 0
4112 0
4119 0
4172 0
4195 0
4349 0
4407 0
4586 0
4610 0
4634 0
4639 0
4696 0
4749 0
4764 0
4776 0
4802 0
4810 0
4859 0
4921 0
5007 0
5030 0
5082 0
5216 0
5254 0
5265 0
5361 0
5436 0
5493 0
5572 0
5581 0
5606 0
5645 0
5736 0
5779 0
5809 0
5810 0
5815 0
5838 0
5874 0
6035 0
6085 0
6131 0
6211 0
6229 0
6233 0
6252 0
6330 0
6344 0
6349 0
6441 0
6500 0
6508 0
6532 0
6623 0
6679 0
6772 0
6789 0
6814 0
6817 0
6835 0
6887 0
6979 0
7019 0
7103 0
7119 0
7134 0
7296 0
7343 0
7468 0
7514 0
7516 0
7588 0
7675 0
7692 0
7775 0
7816 0
7843 0
7851 0
7887 0
7890 0
7899 0
7916 0
7932 0
7946 0
7968 0
8039 0
8214 0
8287 0
8391 0
8410 0
8422 0
8481 0
8483 0
8568 0
8645 0
8672 0
8699 0
8723 0
8797 0
8812 0
8939 0
8980 0
8997 0
9104 0
9228 0
9335 0
9362 0
9443 0
9446 0
9475 0
9538 0
9542 0
9551 0
9596 0
9613 0
9756 0
9776 0
9839 0
9841 0
9874 0
10072 0
10114 0
10117 0
10212 0
10248 0
10354 0
10367 0
10392 0
10398 0
10540 0
10570 0
10687 0
10715 0
10909 0
10927 0
10963 0
11025 0
11182 0
11261 0
11276 0
11319 0
11329 0
11401 0
11519 0
11588 0
11609 0
11650 0
11815 0
11848 0
11861 0
11886 0
11894 0
11914 0
12161 0
12188 0
12196 0
12214 0
12279 0
12324 0
12408 0
12434 0
12460 0
12576 0
12591 0
12691 0
12803 0
12833 0
12870 0
12923 0
12993 0
13022 0
13092 0
13094 0
13154 0
13163 0
13231 0
13291 0
13296 0
13303 0
13305 0
13325 0
13553 0
13600 0
13611 0
13619 0
13639 0
13680 0
13693 0
13818 0
13831 0
13863 0
13879 0
13900 0
13927 0
13991 0
13998 0
14020 0
14038 0
14046 0
14082 0
14295 0
14393 0
14401 0
14408 0
14489 0
14493 0
14710 0
14718 0
14738 0
14880 0
15005 0
15006 0
15065 0
15148 0
15149 0
15227 0
15246 0
15281 0
15282 0
15289 0
15348 0
15360 0
15426 0
15458 0
15481 0
15559 0
15566 0
15622 0
15628 0
15660 0
15692 0
15737 0
15790 0
15842 0
15982 0
16080 0
16089 0
16114 0
16164 0
16191 0
16290 0
16332 0
16345 0
16351 0
16443 0
16450 0
16475 0
16476 0
16559 0
16577 0
16592 0
16613 0
16619 0
16720 0
16724 0
16801 0
16949 0
16963 0
17034 0
17082 0
17148 0
17515 0
17549 0
17625 0
17650 0
17732 0
17737 0
17747 0
17751 0
17756 0
17793 0
17802 0
17923 0
17926 0
17940 0
17965 0
17974 0
17985 0
18009 0
18020 0
18205 0
18298 0
18387 0
18389 0
18397 0
18445 0
18554 0
18605 0
18734 0
18746 0
18753 0
18796 0
18842 0
18862 0
18873 0
18890 0
19023 0
19090 0
19098 0
19116 0
19157 0
19218 0
19298 0
19305 0
19394 0
19424 0
19439 0
19458 0
19539 0
19554 0
19740 0
19744 0
19810 0
19845 0
19848 0
19901 0
19912 0
20035 0
20161 0
20188 0
20280 0
20322 0
20372 0
20427 0
20588 0
20594 0
20618 0
20661 0
20777 0
20780 0
20887 0
20970 0
21021 0
21039 0
21047 0
21053 0
21077 0
21167 0
21174 0
21197 0
21219 0
21232 0
21241 0
21317 0
21360 0
21425 0
21457 0
21604 0
21618 0
21680 0
21724 0
21818 0
21839 0
21920 0
21959 0
21962 0
22003 0
22040 0
22045 0
22063 0
22076 0
22089 0
22124 0
22145 0
22156 0
22167 0
22205 0
22245 0
22264 0
22295 0
22298 0
22320 0
22396 0
22467 0
22489 0
22520 0
22576 0
22652 0
22731 0
22763 0
22773 0
23040 0
23050 0
23075 0
23076 0
23111 0
23129 0
23260 0
23261 0
23278 0
23279 0
23284 0
23305 0
23311 0
23438 0
23504 0
23587 0
23685 0
23689 0
23729 0
23753 0
23826 0
23988 0
24008 0
24026 0
24037 0
24078 0
24096 0
24151 0
24231 0
24245 0
24249 0
24309 0
24382 0
24452 0
24493 0
24549 0
24578 0
24589 0
24661 0
24707 0
24715 0
24732 0
24811 0
24848 0
24872 0
24879 0
24906 0
25013 0
25038 0
25063 0
25078 0
25119 0
25244 0
25288 0
25399 0
25512 0
25620 0
25647 0
25737 0
25772 0
25779 0
25881 0
25888 0
25989 0
26004 0
26079 0
26090 0
26097 0
26152 0
26244 0
26245 0
26319 0
26384 0
26406 0
26426 0
26435 0
26458 0
26614 0
26846 0
26884 0
26905 0
26942 0
26981 0
26984 0
27154 0
27228 0
27239 0
27253 0
27347 0
27382 0
27563 0
27572 0
27576 0
27596 0
27597 0
27623 0
27779 0
27821 0
28009 0
28120 0
28188 0
28224 0
28328 0
28387 0
28506 0
28511 0
28520 0
28561 0
28564 0
28716 0
28729 0
28861 0
28877 0
28889 0
28895 0
28994 0
28998 0
29002 0
29004 0
29011 0
29287 0
29367 0
29480 0
29521 0
29543 0
29553 0
29623 0
29666 0
29680 0
29718 0
29825 0
29826 0
29939 0
30028 0
30075 0
30096 0
30182 0
30221 0
30223 0
30226 0
30231 0
30334 0
30362 0
30409 0
30433 0
30447 0
30486 0
30559 0
30648 0
30722 0
30755 0
30780 0
30851 0
30862 0
30942 0
30976 0
30996 0
31053 0
31094 0
31163 0
31218 0
31325 0
31331 0
31397 0
31431 0
31522 0
31559 0
31566 0
31574 0
31581 0
31601 0
31718 0
31793 0
31935 0
31942 0
31951 0
31952 0
31969 0
32030 0
32114 0
32170 0
32206 0
32309 0
32372 0
32443 0
32590 0
32624 0
32678 0
32721 0
32792 0
33004 0
33025 0
33041 0
33046 0
33049 0
33052 0
33059 0
33080 0
33237 0
33383 0
33411 0
33443 0
33479 0
33480 0
33492 0
33589 0
33628 0
33654 0
33760 0
33804 0
33819 0
33827 0
33925 0
33941 0
33943 0
33979 0
33980 0
34083 0
34207 0
34235 0
34405 0
34498 0
34503 0
34511 0
34530 0
34562 0
34565 0
34576 0
34742 0
34760 0
34773 0
34803 0
34824 0
34829 0
34840 0
34981 0
35002 0
35004 0
35037 0
35049 0
35100 0
35144 0
35164 0
35248 0
35251 0
35297 0
35362 0
35368 0
35424 0
35445 0
35505 0
35528 0
35538 0
35614 0
35644 0
35652 0
35657 0
35701 0
35702 0
35724 0
35755 0
35756 0
35797 0
35835 0
35842 0
35891 0
35903 0
35941 0
35972 0
36052 0
36066 0
36097 0
36157 0
36178 0
36186 0
36198 0
36243 0
36254 0
36282 0
36311 0
36319 0
36404 0
36455 0
36475 0
36483 0
36506 0
36526 0
36530 0
36564 0
36642 0
36735 0
36808 0
36956 0
37009 0
37058 0
37090 0
37106 0
37127 0
37157 0
37176 0
37205 0
37363 0
37408 0
37442 0
37584 0
37586 0
37621 0
37715 0
37875 0
38010 0
38014 0
38025 0
38060 0
38117 0
38149 0
38240 0
38299 0
38432 0
38438 0
38656 0
38668 0
38690 0
38723 0
38752 0
38791 0
38872 0
38920 0
39009 0
39033 0
39061 0
39164 0
39299 0
39317 0
39344 0
39391 0
39393 0
39425 0
39623 0
39625 0
39707 0
39733 0
39756 0
39772 0
39850 0
39913 0
39931 0
39979 0
39991 0
40004 0
40006 0
40145 0
40163 0
40240 0
40445 0
40466 0
40550 0
40562 0
40568 0
40631 0
40647 0
40663 0
40727 0
40756 0
40769 0
40821 0
40829 0
40831 0
40859 0
40920 0
40965 0
40992 0
41004 0
41013 0
41030 0
41047 0
41115 0
41170 0
41171 0
41181 0
41188 0
41206 0
41208 0
41249 0
41283 0
41458 0
41467 0
41474 0
41483 0
41506 0
41583 0
41659 0
41673 0
41732 0
41741 0
41781 0
41794 0
41844 0
41867 0
41871 0
41927 0
42030 0
42041 0
42062 0
42112 0
42121 0
42129 0
42226 0
42257 0
42399 0
42530 0
42670 0
42995 0
43044 0
43105 0
43128 0
43155 0
43173 0
43223 0
43234 0
43294 0
43305 0
43316 0
43412 0
43454 0
43637 0
43668 0
43883 0
43898 0
43926 0
43936 0
44002 0
44055 0
44066 0
44090 0
44225 0
44321 0
44434 0
44531 0
44559 0
44582 0
44609 0
44658 0
44685 0
44747 0
44864 0
44927 0
45158 0
45207 0
45308 0
45317 0
45381 0
45393 0
45521 0
45532 0
45535 0
45558 0
45629 0
45632 0
45643 0
45719 0
45729 0
45872 0
45913 0
45917 0
45922 0
46061 0
46067 0
46159 0
46193 0
46212 0
46245 0
46309 0
46342 0
46350 0
46424 0
46438 0
46439 0
46583 0
46602 0
46630 0
46636 0
46707 0
46710 0
46732 0
46806 0
46813 0
46868 0
46905 0
46961 0
46968 0
46987 0
46996 0
47028 0
47030 0
47107 0
47172 0
47362 0
47385 0
47387 0
47413 0
47443 0
47464 0
47495 0
47516 0
47598 0
47676 0
47793 0
47880 0
47930 0
47962 0
48012 0
48013 0
48025 0
48055 0
48121 0
48127 0
48310 0
48335 0
48362 0
48395 0
48492 0
48533 0
48590 0
48601 0
48688 0
48722 0
48783 0
48887 0
48964 0
48994 0
49055 0
49094 0
49108 0
49132 0
49163 0
49180 0
49186 0
49322 0
49339 0
49390 0
49411 0
49437 0
49440 0
49458 0
49482 0
49484 0
49655 0
49801 0
49888 0
49895 0
49954 0
49985 0
50044 0
50113 0
50114 0
50149 0
50189 0
50251 0
50257 0
50391 0
50457 0
50469 0
50479 0
50487 0
50732 0
50748 0
50764 0
50777 0
50780 0
50853 0
50869 0
50909 0
50942 0
51063 0
51174 0
51247 0
51306 0
51313 0
51321 0
51368 0
51540 0
51563 0
51589 0
51684 0
51739 0
51760 0
51809 0
51837 0
51846 0
51920 0
52046 0
52076 0
52121 0
52200 0
52226 0
52356 0
52513 0
52516 0
52533 0
52555 0
52727 0
52880 0
52941 0
52947 0
53037 0
53045 0
53110 0
53177 0
53243 0
53244 0
53274 0
53317 0
53332 0
53370 0
53487 0
53513 0
53561 0
53786 0
53892 0
53912 0
53945 0
53947 0
53962 0
54062 0
54066 0
54140 0
54155 0
54177 0
54244 0
54259 0
54388 0
54395 0
54568 0
54569 0
54597 0
54667 0
54741 0
54742 0
54753 0
54798 0
54869 0
54885 0
54910 0
54938 0
54976 0
54982 0
54985 0
55086 0
55125 0
55208 0
55224 0
55265 0
55281 0
55321 0
55398 0
55433 0
55499 0
55571 0
55631 0
55670 0
55722 0
55753 0
55787 0
55811 0
55858 0
55867 0
55882 0
55928 0
55940 0
55944 0
55958 0
56038 0
56089 0
56095 0
56099 0
56153 0
56163 0
56165 0
56183 0
56334 0
56390 0
56427 0
56507 0
56526 0
56770 0
56780 0
56863 0
56927 0
57028 0
57040 0
57072 0
57086 0
57100 0
57142 0
57162 0
57175 0
57324 0
57344 0
57376 0
57396 0
57444 0
57454 0
57480 0
57679 0
57724 0
57737 0
57793 0
57814 0
57885 0
57910 0
57931 0
57953 0
58055 0
58074 0
58218 0
58265 0
58296 0
58321 0
58445 0
58487 0
58516 0
58525 0
58563 0
58569 0
58624 0
58629 0
58654 0
58660 0
58694 0
58742 0
58761 0
58818 0
58861 0
58906 0
58913 0
58921 0
58932 0
58935 0
58976 0
59001 0
59004 0
59107 0
59162 0
59165 0
59192 0
59204 0
59249 0
59375 0
59382 0
59398 0
59464 0
59506 0
59701 0
59703 0
59727 0
59822 0
59846 0
59847 0
59962 0
59981 0
60286 0
60323 0
60460 0
60506 0
60508 0
60661 0
60713 0
60723 0
60736 0
60786 0
60798 0
60816 0
60883 0
60978 0
60980 0
61033 0
61060 0
61175 0
61186 0
61270 0
61315 0
61341 0
61386 0
61404 0
61543 0
61606 0
61672 0
61715 0
61785 0
61790 0
61807 0
61809 0
61822 0
62188 0
62213 0
62258 0
62290 0
62301 0
62307 0
62341 0
62361 0
62366 0
62404 0
62494 0
62508 0
62517 0
62578 0
62606 0
62677 0
62794 0
62808 0
62843 0
62885 0
62924 0
63007 0
63027 0
63055 0
63154 0
63311 0
63399 0
63402 0
63404 0
63437 0
63468 0
63553 0
63558 0
63625 0
63751 0
63770 0
63989 0
64002 0
64031 0
64041 0
64059 0
64087 0
64187 0
64195 0
64233 0
64247 0
64270 0
64489 0
64519 0
64633 0
64729 0
64791 0
64824 0
64894 0
64896 0
64927 0
64932 0
64940 0
64993 0
65004 0
65062 0
65066 0
65164 0
65180 0
65242 0
65290 0
65373 0
65516 0
65657 0
65668 0
65671 0
65686 0
65700 0
65770 0
65775 0
65778 0
65780 0
65798 0
65813 0
65828 0
65867 0
65885 0
65904 0
65963 0
66097 0
66166 0
66306 0
66337 0
66350 0
66380 0
66388 0
66393 0
66396 0
66414 0
66415 0
66424 0
66436 0
66455 0
66464 0
66492 0
66554 0
66610 0
66653 0
66749 0
66751 0
66877 0
67011 0
67067 0
67075 0
67077 0
67113 0
67137 0
67223 0
67353 0
67391 0
67406 0
67451 0
67553 0
67578 0
67614 0
67722 0
67729 0
67773 0
67882 0
67891 0
67920 0
67922 0
67974 0
68023 0
68047 0
68057 0
68091 0
68094 0
68125 0
68169 0
68179 0
68256 0
68327 0
68348 0
68360 0
68384 0
68487 0
68493 0
68532 0
68611 0
68667 0
68685 0
68715 0
68740 0
68763 0
68784 0
68806 0
68961 0
68963 0
68964 0
69088 0
69109 0
69162 0
69166 0
69219 0
69234 0
69273 0
69312 0
69350 0
69742 0
69759 0
69778 0
69873 0
69886 0
69894 0
69955 0
69962 0
69974 0
69979 0
70005 0
70021 0
70110 0
70137 0
70256 0
70281 0
70344 0
70359 0
70495 0
70552 0
70664 0
70678 0
70717 0
70719 0
70830 0
70865 0
70920 0
71032 0
71114 0
71131 0
71139 0
71170 0
71274 0
71275 0
71321 0
71329 0
71386 0
71454 0
71501 0
71552 0
71589 0
71623 0
71674 0
71734 0
71767 0
71768 0
71828 0
71829 0
71876 0
71914 0
71925 0
72006 0
72148 0
72256 0
72279 0
72304 0
72318 0
72479 0
72493 0
72504 0
72588 0
72670 0
72675 0
72680 0
72701 0
72840 0
72905 0
72935 0
73016 0
73053 0
73134 0
73227 0
73301 0
73318 0
73401 0
73403 0
73406 0
73442 0
73447 0
73473 0
73487 0
73499 0
73520 0
73582 0
73584 0
73611 0
73619 0
73636 0
73649 0
73672 0
73760 0
73774 0
73895 0
73970 0
73980 0
73985 0
74115 0
74121 0
74262 0
74300 0
74343 0
74362 0
74402 0
74528 0
74576 0
74579 0
74606 0
74712 0
74906 0
74961 0
75000 0
75050 0
75252 0
75282 0
75336 0
75343 0
75347 0
75348 0
75434 0
75445 0
75453 0
75462 0
75479 0
75500 0
75569 0
75596 0
75718 0
75740 0
75755 0
75764 0
75775 0
75791 0
75876 0
75997 0
76045 0
76183 0
76208 0
76241 0
76334 0
76350 0
76356 0
76377 0
76431 0
76539 0
76547 0
76606 0
76702 0
76705 0
76719 0
76817 0
76958 0
77166 0
77167 0
77194 0
77221 0
77252 0
77274 0
77326 0
77450 0
77560 0
77620 0
77658 0
77756 0
77879 0
77923 0
77959 0
78017 0
78028 0
78259 0
78369 0
78403 0
78433 0
78555 0
78694 0
78759 0
78804 0
78847 0
78916 0
79096 0
79102 0
79131 0
79212 0
79214 0
79243 0
79281 0
79295 0
79316 0
79457 0
79469 0
79596 0
79620 0
79625 0
79632 0
79635 0
79673 0
79709 0
79755 0
79879 0
79919 0
79924 0
79925 0
79944 0
79951 0
80049 0
80066 0
80067 0
80068 0
80097 0
80120 0
80201 0
80202 0
80239 0
80356 0
80383 0
80395 0
80404 0
80437 0
80470 0
80641 0
80647 0
80670 0
80697 0
80707 0
80722 0
80868 0
80878 0
80942 0
80958 0
81005 0
81037 0
81050 0
81075 0
81129 0
81206 0
81265 0
81299 0
81340 0
81377 0
81402 0
81421 0
81430 0
81459 0
81576 0
81630 0
81791 0
81862 0
81968 0
82085 0
82156 0
82191 0
82265 0
82357 0
82391 0
82396 0
82404 0
82406 0
82498 0
82645 0
82662 0
82681 0
82728 0
82769 0
82793 0
82836 0
82839 0
82874 0
82920 0
82924 0
82953 0
82985 0
83097 0
83105 0
83109 0
83214 0
83263 0
83278 0
83280 0
83292 0
83327 0
83341 0
83378 0
83426 0
83442 0
83493 0
83562 0
83588 0
83645 0
83728 0
83786 0
83823 0
83830 0
83853 0
83913 0
83935 0
84053 0
84184 0
84202 0
84211 0
84238 0
84246 0
84312 0
84342 0
84361 0
84396 0
84412 0
84492 0
84538 0
84618 0
84705 0
84750 0
84754 0
84755 0
84758 0
84818 0
84885 0
84932 0
84935 0
85041 0
85085 0
85153 0
85174 0
85203 0
85241 0
85291 0
85339 0
85347 0
85367 0
85384 0
85561 0
85595 0
85606 0
85612 0
85615 0
85732 0
85762 0
85801 0
85827 0
85911 0
85958 0
85964 0
85975 0
85986 0
86002 0
86021 0
86024 0
86047 0
86084 0
86098 0
86198 0
86254 0
86258 0
86283 0
86327 0
86444 0
86536 0
86556 0
86570 0
86583 0
86602 0
86632 0
86658 0
86666 0
86801 0
86810 0
86877 0
86895 0
86903 0
86926 0
86971 0
86982 0
87042 0
87093 0
87166 0
87187 0
87189 0
87301 0
87319 0
87341 0
87455 0
87565 0
87584 0
87600 0
87639 0
87663 0
87672 0
87697 0
87725 0
87763 0
87795 0
87814 0
87859 0
87883 0
88120 0
88145 0
88159 0
88207 0
88307 0
88349 0
88355 0
88366 0
88406 0
88504 0
88546 0
88602 0
88706 0
88772 0
88788 0
88907 0
89018 0
89097 0
89171 0
89179 0
89196 0
89247 0
89263 0
89333 0
89399 0
89426 0
89446 0
89506 0
89521 0
89551 0
89715 0
89716 0
89736 0
89829 0
89833 0
90121 0
90143 0
90145 0
90234 0
90331 0
90357 0
90433 0
90440 0
90475 0
90531 0
90553 0
90739 0
90768 0
90769 0
90785 0
90870 0
90871 0
90886 0
90973 0
91049 0
91073 0
91082 0
91093 0
91101 0
91241 0
91324 0
91341 0
91362 0
91369 0
91432 0
91455 0
91492 0
91559 0
91576 0
91619 0
91652 0
91701 0
91740 0
91748 0
92000 0
92037 0
92102 0
92111 0
92120 0
92189 0
92312 0
92350 0
92384 0
92414 0
92438 0
92470 0
92547 0
92556 0
92854 0
92880 0
92923 0
93069 0
93144 0
93180 0
93195 0
93236 0
93243 0
93290 0
93397 0
93470 0
93519 0
93546 0
93631 0
93677 0
93744 0
93749 0
93767 0
93945 0
93958 0
93991 0
94036 0
94142 0
94152 0
94154 0
94203 0
94234 0
94324 0
94356 0
94358 0
94458 0
94489 0
94513 0
94519 0
94560 0
94612 0
94936 0
94944 0
95108 0
95131 0
95196 0
95305 0
95324 0
95332 0
95384 0
95419 0
95508 0
95647 0
95682 0
95720 0
95793 0
95925 0
95991 0
96007 0
96009 0
96024 0
96094 0
96101 0
96102 0
96129 0
96208 0
96366 0
96405 0
96513 0
96529 0
96537 0
96575 0
96658 0
96698 0
96750 0
96780 0
96808 0
96824 0
96933 0
96941 0
96961 0
96967 0
96997 0
97016 0
97026 0
97029 0
97207 0
97338 0
97339 0
97354 0
97384 0
97560 0
97600 0
97666 0
97681 0
97708 0
97718 0
97827 0
97872 0
97898 0
97949 0
97982 0
98005 0
98038 0
98082 0
98188 0
98207 0
98218 0
98226 0
98273 0
98293 0
98339 0
98361 0
98366 0
98370 0
98382 0
98416 0
98428 0
98474 0
98476 0
98498 0
98601 0
98618 0
98631 0
98639 0
98658 0
98740 0
98788 0
98928 0
99008 0
99087 0
99115 0
99118 0
99245 0
99260 0
99265 0
99323 0
99388 0
99467 0
99491 0
99506 0
99548 0
99625 0
99745 0
99812 0
99824 0
99831 0
99850 0
99911 0
99948 0
99953 0
99961 0
