c This is a uniform distributed  1-D DIMACS file 
c width height point_number
p 100000 100000 2048
112 0
134 0
150 0
197 0
219 0
300 0
440 0
467 0
482 0
567 0
658 0
729 0
773 0
805 0
964 0
1006 0
1009 0
1056 0
1083 0
1093 0
1202 0
1229 0
1235 0
1352 0
1467 0
1541 0
1660 0
1689 0
1696 0
1835 0
1938 0
1984 0
1995 0
2027 0
2084 0
2106 0
2136 0
2170 0
2203 0
2246 0
2289 0
2295 0
2379 0
2479 0
2538 0
2635 0
2647 0
2654 0
2663 0
2689 0
2703 0
2737 0
2739 0
2748 0
2783 0
2944 0
2946 0
3008 0
3079 0
3210 0
3477 0
3490 0
3496 0
3524 0
3538 0
3574 0
3600 0
3617 0
3688 0
3723 0
3781 0
3782 0
3845 0
3858 0
3876 0
3880 0
3885 0
3955 0
4016 0
4019 0
4112 0
4113 0
4117 0
4120 0
4125 0
4130 0
4139 0
4145 0
4146 0
4241 0
4275 0
4348 0
4349 0
4478 0
4513 0
4538 0
4597 0
4662 0
4673 0
4769 0
4872 0
4957 0
5015 0
5062 0
5079 0
5141 0
5174 0
5343 0
5357 0
5409 0
5413 0
5495 0
5515 0
5592 0
5652 0
5698 0
5785 0
5797 0
5825 0
5917 0
5945 0
5972 0
6043 0
6146 0
6203 0
6263 0
6310 0
6333 0
6355 0
6419 0
6454 0
6481 0
6485 0
6492 0
6494 0
6594 0
6602 0
6676 0
6731 0
6825 0
6855 0
6924 0
7151 0
7173 0
7187 0
7347 0
7391 0
7404 0
7411 0
7422 0
7461 0
7539 0
7648 0
7692 0
7713 0
7774 0
7793 0
7800 0
7808 0
7832 0
7882 0
7953 0
8030 0
8149 0
8269 0
8289 0
8339 0
8363 0
8405 0
8491 0
8500 0
8533 0
8617 0
8711 0
8735 0
8745 0
8801 0
8904 0
8916 0
8953 0
8978 0
9011 0
9019 0
9041 0
9094 0
9164 0
9206 0
9532 0
9570 0
9571 0
9620 0
9624 0
9630 0
9804 0
9812 0
9843 0
9879 0
9880 0
9948 0
9997 0
10012 0
10071 0
10181 0
10207 0
10278 0
10286 0
10293 0
10364 0
10411 0
10455 0
10473 0
10482 0
10733 0
10738 0
10769 0
10796 0
10826 0
10840 0
10865 0
10980 0
11102 0
11129 0
11145 0
11212 0
11340 0
11382 0
11456 0
11469 0
11502 0
11531 0
11615 0
11623 0
11669 0
11706 0
11735 0
11773 0
11800 0
11801 0
11864 0
11907 0
11909 0
11941 0
11968 0
11975 0
12068 0
12244 0
12374 0
12412 0
12431 0
12458 0
12463 0
12487 0
12532 0
12550 0
12576 0
12579 0
12594 0
12655 0
12690 0
12717 0
12756 0
12770 0
12789 0
12799 0
12827 0
12854 0
12908 0
13012 0
13033 0
13215 0
13229 0
13320 0
13361 0
13382 0
13467 0
13625 0
13655 0
13678 0
13748 0
13809 0
13849 0
13922 0
13925 0
13949 0
13965 0
14052 0
14078 0
14100 0
14101 0
14114 0
14123 0
14144 0
14150 0
14152 0
14189 0
14253 0
14299 0
14301 0
14306 0
14312 0
14400 0
14575 0
14580 0
14582 0
14673 0
14703 0
14758 0
14784 0
14814 0
14886 0
14961 0
15008 0
15014 0
15037 0
15061 0
15111 0
15123 0
15146 0
15180 0
15317 0
15346 0
15387 0
15708 0
15744 0
15747 0
15823 0
15885 0
15934 0
15966 0
16023 0
16053 0
16081 0
16099 0
16115 0
16122 0
16137 0
16257 0
16297 0
16399 0
16408 0
16546 0
16649 0
16660 0
16758 0
16780 0
16784 0
16837 0
17000 0
17220 0
17221 0
17285 0
17393 0
17402 0
17417 0
17516 0
17573 0
17622 0
17711 0
17731 0
17954 0
17994 0
18111 0
18134 0
18208 0
18303 0
18304 0
18313 0
18374 0
18424 0
18562 0
18591 0
18615 0
18652 0
18674 0
18677 0
18806 0
18843 0
18995 0
19143 0
19173 0
19176 0
19214 0
19222 0
19371 0
19406 0
19421 0
19436 0
19600 0
19615 0
19622 0
19647 0
19652 0
19691 0
19799 0
19857 0
19961 0
19978 0
20013 0
20041 0
20056 0
20134 0
20150 0
20219 0
20288 0
20365 0
20382 0
20396 0
20434 0
20479 0
20517 0
20529 0
20634 0
20687 0
20722 0
20743 0
20792 0
20868 0
20869 0
20883 0
20913 0
21011 0
21074 0
21103 0
21175 0
21219 0
21247 0
21266 0
21300 0
21304 0
21325 0
21387 0
21441 0
21443 0
21514 0
21524 0
21531 0
21548 0
21591 0
21694 0
21695 0
21737 0
21746 0
21807 0
21816 0
21867 0
21891 0
21911 0
21982 0
22130 0
22164 0
22168 0
22248 0
22257 0
22263 0
22314 0
22342 0
22394 0
22446 0
22485 0
22585 0
22598 0
22600 0
22614 0
22622 0
22676 0
22698 0
22766 0
22932 0
22936 0
22977 0
22979 0
22992 0
22999 0
23001 0
23051 0
23080 0
23082 0
23224 0
23225 0
23246 0
23254 0
23404 0
23491 0
23535 0
23554 0
23591 0
23592 0
23632 0
23693 0
23738 0
23743 0
23767 0
23802 0
23805 0
23836 0
23906 0
23914 0
23933 0
23995 0
24113 0
24117 0
24141 0
24160 0
24265 0
24266 0
24271 0
24299 0
24313 0
24391 0
24444 0
24537 0
24599 0
24603 0
24704 0
24714 0
24815 0
24821 0
24867 0
24927 0
24966 0
25031 0
25180 0
25225 0
25246 0
25272 0
25284 0
25315 0
25346 0
25383 0
25387 0
25391 0
25407 0
25419 0
25431 0
25505 0
25685 0
25848 0
25987 0
26020 0
26154 0
26165 0
26176 0
26191 0
26285 0
26295 0
26299 0
26347 0
26463 0
26608 0
26661 0
26673 0
26675 0
26692 0
26823 0
26858 0
26911 0
26920 0
26931 0
26933 0
26976 0
26984 0
26985 0
26994 0
27068 0
27383 0
27390 0
27494 0
27533 0
27545 0
27622 0
27641 0
27642 0
27671 0
27716 0
27833 0
27866 0
27925 0
27952 0
28100 0
28105 0
28124 0
28146 0
28188 0
28189 0
28232 0
28240 0
28303 0
28347 0
28443 0
28466 0
28468 0
28470 0
28524 0
28538 0
28610 0
28832 0
28923 0
28972 0
28975 0
29038 0
29100 0
29167 0
29171 0
29192 0
29229 0
29390 0
29427 0
29460 0
29486 0
29545 0
29652 0
29720 0
29726 0
29858 0
29908 0
29965 0
30035 0
30039 0
30070 0
30089 0
30104 0
30113 0
30233 0
30274 0
30296 0
30391 0
30396 0
30523 0
30567 0
30606 0
30636 0
30680 0
30689 0
30696 0
30734 0
30754 0
30861 0
30904 0
30913 0
31015 0
31096 0
31153 0
31165 0
31204 0
31262 0
31324 0
31448 0
31462 0
31475 0
31502 0
31510 0
31522 0
31578 0
31678 0
31783 0
31796 0
31831 0
31871 0
31992 0
32168 0
32228 0
32239 0
32432 0
32464 0
32465 0
32627 0
32635 0
32687 0
32720 0
32757 0
32801 0
32836 0
32855 0
32859 0
32864 0
32869 0
32930 0
33032 0
33097 0
33117 0
33155 0
33157 0
33260 0
33293 0
33315 0
33338 0
33452 0
33463 0
33482 0
33543 0
33608 0
33700 0
33730 0
33742 0
33781 0
33804 0
33857 0
33906 0
33948 0
33958 0
33968 0
33970 0
33971 0
33994 0
34118 0
34226 0
34328 0
34340 0
34450 0
34524 0
34565 0
34665 0
34709 0
34814 0
34818 0
34864 0
34866 0
34961 0
34975 0
35015 0
35032 0
35052 0
35146 0
35182 0
35198 0
35244 0
35304 0
35316 0
35352 0
35378 0
35440 0
35447 0
35499 0
35500 0
35502 0
35521 0
35553 0
35577 0
35643 0
35762 0
35769 0
35775 0
35856 0
35897 0
35961 0
35983 0
36028 0
36050 0
36146 0
36152 0
36296 0
36482 0
36594 0
36599 0
36671 0
36689 0
36793 0
36805 0
36811 0
36828 0
36866 0
36869 0
37030 0
37038 0
37126 0
37155 0
37251 0
37318 0
37365 0
37395 0
37423 0
37503 0
37533 0
37549 0
37693 0
37817 0
37890 0
38004 0
38026 0
38053 0
38114 0
38122 0
38124 0
38150 0
38154 0
38230 0
38284 0
38302 0
38308 0
38466 0
38558 0
38567 0
38614 0
38721 0
38738 0
38768 0
38797 0
38843 0
38879 0
39005 0
39023 0
39051 0
39169 0
39260 0
39283 0
39304 0
39347 0
39359 0
39382 0
39414 0
39507 0
39521 0
39538 0
39624 0
39627 0
39749 0
39763 0
39797 0
39831 0
39842 0
39900 0
39918 0
39923 0
39977 0
39987 0
40004 0
40041 0
40061 0
40209 0
40242 0
40294 0
40369 0
40583 0
40600 0
40640 0
40715 0
40804 0
40938 0
41043 0
41128 0
41144 0
41150 0
41166 0
41220 0
41345 0
41362 0
41371 0
41377 0
41484 0
41757 0
41873 0
41897 0
41928 0
41954 0
41990 0
42022 0
42029 0
42177 0
42233 0
42250 0
42286 0
42356 0
42378 0
42490 0
42527 0
42530 0
42540 0
42587 0
42639 0
42689 0
42692 0
42748 0
42795 0
42796 0
42802 0
42900 0
42924 0
42938 0
43004 0
43070 0
43112 0
43160 0
43177 0
43185 0
43210 0
43282 0
43419 0
43576 0
43592 0
43636 0
43675 0
43703 0
43744 0
43746 0
43753 0
43762 0
43854 0
43936 0
43957 0
44019 0
44043 0
44081 0
44114 0
44225 0
44247 0
44349 0
44440 0
44453 0
44510 0
44557 0
44570 0
44624 0
44648 0
44677 0
44736 0
44777 0
44830 0
44916 0
45005 0
45069 0
45118 0
45168 0
45236 0
45297 0
45397 0
45584 0
45591 0
45604 0
45775 0
45783 0
45785 0
45814 0
45859 0
45874 0
45898 0
45959 0
45981 0
45986 0
46009 0
46029 0
46053 0
46094 0
46101 0
46271 0
46280 0
46358 0
46400 0
46468 0
46472 0
46567 0
46589 0
46608 0
46680 0
46827 0
46881 0
46900 0
46908 0
46920 0
46926 0
46934 0
46964 0
46989 0
47024 0
47100 0
47132 0
47157 0
47218 0
47358 0
47381 0
47592 0
47649 0
47652 0
47709 0
47710 0
47750 0
47775 0
47899 0
47909 0
47941 0
47963 0
47993 0
48010 0
48013 0
48024 0
48034 0
48038 0
48085 0
48090 0
48093 0
48237 0
48267 0
48284 0
48435 0
48455 0
48512 0
48518 0
48520 0
48544 0
48576 0
48637 0
48650 0
48662 0
48686 0
48708 0
48760 0
48812 0
48979 0
48990 0
49016 0
49125 0
49252 0
49289 0
49349 0
49381 0
49388 0
49429 0
49453 0
49596 0
49635 0
49684 0
49689 0
49700 0
49705 0
49805 0
49851 0
49856 0
49924 0
49995 0
50026 0
50038 0
50043 0
50067 0
50071 0
50090 0
50149 0
50160 0
50250 0
50259 0
50272 0
50361 0
50391 0
50694 0
50783 0
50806 0
50809 0
50883 0
50899 0
51018 0
51082 0
51179 0
51338 0
51483 0
51489 0
51501 0
51519 0
51533 0
51562 0
51616 0
51730 0
51797 0
51816 0
51856 0
51892 0
51925 0
51934 0
52013 0
52029 0
52030 0
52055 0
52061 0
52233 0
52234 0
52312 0
52534 0
52548 0
52659 0
52787 0
52821 0
52824 0
52954 0
52962 0
52963 0
53052 0
53116 0
53123 0
53190 0
53206 0
53257 0
53306 0
53435 0
53470 0
53488 0
53492 0
53604 0
53713 0
53731 0
53771 0
53772 0
53798 0
53853 0
53978 0
53999 0
54135 0
54203 0
54217 0
54325 0
54378 0
54429 0
54452 0
54464 0
54555 0
54661 0
54788 0
54799 0
54827 0
54907 0
54939 0
54966 0
54970 0
54994 0
55066 0
55091 0
55110 0
55144 0
55291 0
55310 0
55319 0
55363 0
55474 0
55520 0
55539 0
55541 0
55559 0
55588 0
55649 0
55682 0
55740 0
55747 0
55754 0
55821 0
55823 0
55904 0
55935 0
55983 0
55988 0
56040 0
56048 0
56088 0
56093 0
56123 0
56144 0
56185 0
56329 0
56414 0
56503 0
56524 0
56539 0
56559 0
56595 0
56681 0
56704 0
56768 0
56831 0
56858 0
56873 0
56875 0
56884 0
56887 0
56938 0
56958 0
56990 0
57020 0
57054 0
57075 0
57076 0
57184 0
57229 0
57261 0
57303 0
57374 0
57402 0
57425 0
57440 0
57575 0
57619 0
57638 0
57652 0
57753 0
57884 0
57890 0
57926 0
58048 0
58123 0
58138 0
58171 0
58222 0
58251 0
58256 0
58348 0
58369 0
58391 0
58422 0
58435 0
58439 0
58472 0
58638 0
58666 0
58668 0
58727 0
58795 0
58799 0
58954 0
58991 0
59051 0
59079 0
59098 0
59130 0
59165 0
59166 0
59209 0
59283 0
59386 0
59433 0
59476 0
59564 0
59633 0
59692 0
59748 0
59757 0
59844 0
60113 0
60160 0
60218 0
60312 0
60344 0
60360 0
60464 0
60503 0
60522 0
60534 0
60556 0
60601 0
60603 0
60668 0
60679 0
60690 0
60800 0
60924 0
60941 0
60974 0
60997 0
61005 0
61034 0
61060 0
61109 0
61112 0
61161 0
61177 0
61223 0
61241 0
61282 0
61412 0
61551 0
61634 0
61720 0
61721 0
61731 0
61738 0
61748 0
61756 0
61776 0
61830 0
61855 0
61866 0
61954 0
62038 0
62181 0
62243 0
62273 0
62296 0
62333 0
62385 0
62593 0
62635 0
62644 0
62653 0
62704 0
62761 0
62767 0
62773 0
62801 0
62807 0
62834 0
62882 0
62922 0
62956 0
62962 0
62965 0
63075 0
63077 0
63095 0
63293 0
63373 0
63388 0
63399 0
63468 0
63513 0
63529 0
63575 0
63578 0
63593 0
63625 0
63632 0
63672 0
63766 0
63927 0
63949 0
63985 0
64022 0
64104 0
64109 0
64122 0
64154 0
64188 0
64199 0
64244 0
64374 0
64431 0
64434 0
64546 0
64617 0
64678 0
64748 0
64776 0
64844 0
65083 0
65095 0
65135 0
65177 0
65258 0
65301 0
65315 0
65332 0
65382 0
65463 0
65540 0
65566 0
65653 0
65670 0
65694 0
65817 0
65843 0
65915 0
65927 0
65981 0
65989 0
65992 0
66038 0
66058 0
66096 0
66152 0
66232 0
66366 0
66380 0
66396 0
66406 0
66438 0
66536 0
66553 0
66601 0
66646 0
66650 0
66716 0
66718 0
66763 0
66776 0
66888 0
66910 0
66967 0
67009 0
67059 0
67060 0
67120 0
67140 0
67213 0
67224 0
67240 0
67301 0
67312 0
67342 0
67367 0
67393 0
67403 0
67463 0
67475 0
67526 0
67531 0
67535 0
67560 0
67577 0
67579 0
67597 0
67626 0
67702 0
67738 0
67827 0
67892 0
67907 0
68006 0
68060 0
68069 0
68077 0
68088 0
68109 0
68285 0
68410 0
68439 0
68530 0
68620 0
68646 0
68727 0
68794 0
68863 0
68884 0
68895 0
68977 0
69122 0
69258 0
69305 0
69310 0
69317 0
69324 0
69419 0
69453 0
69493 0
69500 0
69631 0
69648 0
69679 0
69779 0
69898 0
69908 0
70007 0
70085 0
70155 0
70207 0
70210 0
70289 0
70315 0
70344 0
70428 0
70459 0
70481 0
70548 0
70553 0
70604 0
70614 0
70638 0
70650 0
70702 0
70769 0
70866 0
70942 0
70958 0
70969 0
70973 0
70974 0
70985 0
71018 0
71045 0
71055 0
71116 0
71259 0
71261 0
71264 0
71349 0
71409 0
71479 0
71513 0
71562 0
71767 0
71782 0
71830 0
71833 0
71842 0
71860 0
71875 0
71895 0
71906 0
71959 0
71975 0
72140 0
72155 0
72224 0
72254 0
72294 0
72365 0
72392 0
72401 0
72436 0
72460 0
72478 0
72649 0
72667 0
72733 0
72751 0
72757 0
72769 0
72810 0
72865 0
72914 0
73115 0
73139 0
73141 0
73158 0
73241 0
73281 0
73282 0
73348 0
73362 0
73370 0
73410 0
73517 0
73560 0
73570 0
73590 0
73646 0
73729 0
73767 0
73769 0
73773 0
73873 0
74070 0
74089 0
74149 0
74246 0
74295 0
74371 0
74417 0
74447 0
74472 0
74621 0
74630 0
74650 0
74725 0
74775 0
74796 0
74842 0
74871 0
74906 0
74917 0
74960 0
75108 0
75148 0
75208 0
75218 0
75257 0
75365 0
75455 0
75534 0
75535 0
75600 0
75678 0
75883 0
75910 0
75950 0
75959 0
76229 0
76260 0
76361 0
76370 0
76408 0
76439 0
76450 0
76513 0
76578 0
76603 0
76607 0
76625 0
76653 0
76782 0
76789 0
76833 0
76875 0
77026 0
77067 0
77070 0
77117 0
77451 0
77455 0
77481 0
77525 0
77571 0
77592 0
77669 0
77751 0
77855 0
77916 0
77918 0
77982 0
77990 0
78087 0
78110 0
78116 0
78123 0
78129 0
78200 0
78211 0
78225 0
78245 0
78291 0
78306 0
78462 0
78465 0
78517 0
78520 0
78527 0
78585 0
78690 0
78769 0
78771 0
78813 0
78837 0
78869 0
78934 0
78941 0
78952 0
79124 0
79241 0
79254 0
79326 0
79369 0
79375 0
79390 0
79437 0
79603 0
79668 0
79688 0
79740 0
79756 0
79808 0
79832 0
79885 0
79919 0
80107 0
80175 0
80222 0
80273 0
80275 0
80278 0
80286 0
80294 0
80391 0
80479 0
80574 0
80575 0
80740 0
80804 0
80877 0
80920 0
81030 0
81066 0
81076 0
81091 0
81161 0
81199 0
81274 0
81276 0
81294 0
81334 0
81431 0
81436 0
81475 0
81505 0
81534 0
81573 0
81593 0
81632 0
81714 0
81720 0
81775 0
81793 0
81827 0
81895 0
82000 0
82036 0
82041 0
82078 0
82206 0
82296 0
82306 0
82336 0
82389 0
82393 0
82417 0
82447 0
82517 0
82572 0
82671 0
82737 0
82833 0
82852 0
82877 0
82906 0
82915 0
82999 0
83040 0
83051 0
83124 0
83174 0
83179 0
83275 0
83276 0
83316 0
83329 0
83346 0
83365 0
83371 0
83433 0
83435 0
83482 0
83537 0
83586 0
83597 0
83657 0
83777 0
83796 0
83869 0
83903 0
83905 0
83921 0
84027 0
84118 0
84232 0
84235 0
84285 0
84389 0
84412 0
84418 0
84502 0
84507 0
84532 0
84546 0
84600 0
84622 0
84676 0
84687 0
84688 0
84741 0
84784 0
84785 0
85062 0
85098 0
85111 0
85191 0
85256 0
85268 0
85359 0
85364 0
85369 0
85448 0
85572 0
85576 0
85607 0
85616 0
85700 0
85813 0
85859 0
85879 0
85989 0
86012 0
86013 0
86018 0
86052 0
86255 0
86308 0
86331 0
86365 0
86417 0
86426 0
86461 0
86585 0
86610 0
86630 0
86649 0
86673 0
86684 0
86695 0
86756 0
86831 0
86859 0
86876 0
86912 0
86915 0
86975 0
86985 0
86995 0
87013 0
87063 0
87114 0
87120 0
87190 0
87249 0
87551 0
87652 0
87679 0
87726 0
87795 0
87809 0
87825 0
87834 0
87842 0
87854 0
87966 0
88056 0
88108 0
88239 0
88242 0
88310 0
88401 0
88428 0
88636 0
88697 0
88718 0
88727 0
88728 0
88762 0
88817 0
88875 0
89001 0
89013 0
89122 0
89143 0
89174 0
89180 0
89214 0
89216 0
89226 0
89238 0
89251 0
89308 0
89339 0
89348 0
89385 0
89399 0
89410 0
89445 0
89453 0
89470 0
89512 0
89642 0
89659 0
89667 0
89698 0
89734 0
89767 0
89896 0
89897 0
90040 0
90042 0
90144 0
90225 0
90275 0
90281 0
90297 0
90314 0
90321 0
90393 0
90404 0
90426 0
90578 0
90807 0
90823 0
90948 0
90968 0
90977 0
90996 0
91118 0
91202 0
91262 0
91300 0
91430 0
91507 0
91560 0
91564 0
91683 0
91759 0
91773 0
91794 0
91854 0
91889 0
91939 0
91978 0
92021 0
92028 0
92094 0
92097 0
92138 0
92151 0
92286 0
92362 0
92366 0
92622 0
92633 0
92723 0
92757 0
92792 0
92886 0
92953 0
92959 0
93120 0
93169 0
93184 0
93252 0
93260 0
93265 0
93308 0
93348 0
93429 0
93552 0
93583 0
93619 0
93637 0
93677 0
93808 0
93827 0
93838 0
93874 0
93907 0
93984 0
93996 0
94062 0
94066 0
94099 0
94210 0
94219 0
94390 0
94399 0
94439 0
94493 0
94559 0
94584 0
94637 0
94643 0
94664 0
94700 0
94736 0
94757 0
94857 0
94985 0
95175 0
95187 0
95284 0
95297 0
95360 0
95385 0
95407 0
95423 0
95431 0
95500 0
95541 0
95543 0
95551 0
95560 0
95608 0
95611 0
95639 0
95646 0
95709 0
95720 0
95758 0
95767 0
95936 0
96064 0
96089 0
96098 0
96169 0
96174 0
96184 0
96306 0
96370 0
96423 0
96455 0
96657 0
96692 0
96726 0
96856 0
96885 0
96913 0
96953 0
97047 0
97121 0
97141 0
97210 0
97224 0
97249 0
97271 0
97288 0
97298 0
97386 0
97408 0
97463 0
97465 0
97502 0
97610 0
97660 0
97684 0
97776 0
97828 0
97868 0
97886 0
98073 0
98110 0
98117 0
98133 0
98317 0
98399 0
98406 0
98546 0
98550 0
98590 0
98596 0
98671 0
98692 0
98705 0
98718 0
98732 0
98869 0
98955 0
98983 0
99015 0
99090 0
99204 0
99225 0
99226 0
99290 0
99464 0
99466 0
99508 0
99553 0
99626 0
99630 0
99694 0
99698 0
99821 0
99879 0
99882 0
99924 0
