c This is a uniform distributed  1-D DIMACS file 
c width height point_number
p 100000 100000 2048
12 0
79 0
93 0
103 0
141 0
158 0
171 0
235 0
254 0
264 0
319 0
445 0
454 0
616 0
635 0
673 0
841 0
848 0
857 0
882 0
893 0
930 0
932 0
934 0
944 0
1011 0
1075 0
1128 0
1168 0
1241 0
1260 0
1319 0
1534 0
1586 0
1637 0
1719 0
1756 0
1766 0
1768 0
1831 0
1988 0
2052 0
2108 0
2224 0
2237 0
2335 0
2359 0
2367 0
2485 0
2600 0
2617 0
2673 0
2691 0
2786 0
2944 0
2980 0
3227 0
3372 0
3391 0
3666 0
3677 0
3724 0
3870 0
3990 0
4024 0
4055 0
4059 0
4103 0
4341 0
4344 0
4385 0
4419 0
4458 0
4533 0
4597 0
4689 0
4699 0
4735 0
4764 0
4816 0
4852 0
4857 0
4869 0
4886 0
4949 0
5020 0
5095 0
5122 0
5136 0
5269 0
5321 0
5349 0
5428 0
5431 0
5455 0
5543 0
5565 0
5576 0
5622 0
5703 0
5704 0
5765 0
5807 0
6010 0
6074 0
6113 0
6123 0
6216 0
6326 0
6399 0
6401 0
6408 0
6483 0
6523 0
6632 0
6641 0
6666 0
6748 0
6783 0
6790 0
6847 0
7001 0
7061 0
7101 0
7166 0
7304 0
7309 0
7348 0
7375 0
7447 0
7483 0
7487 0
7500 0
7519 0
7543 0
7562 0
7586 0
7609 0
7755 0
7836 0
7897 0
8025 0
8086 0
8091 0
8094 0
8133 0
8137 0
8195 0
8204 0
8320 0
8328 0
8341 0
8371 0
8444 0
8450 0
8548 0
8593 0
8639 0
8669 0
8704 0
8778 0
8855 0
8861 0
8925 0
8941 0
9158 0
9313 0
9342 0
9345 0
9384 0
9494 0
9551 0
9571 0
9600 0
9603 0
9669 0
9730 0
9782 0
9815 0
9822 0
9957 0
10007 0
10042 0
10059 0
10081 0
10182 0
10260 0
10264 0
10265 0
10268 0
10279 0
10300 0
10350 0
10359 0
10365 0
10374 0
10378 0
10405 0
10412 0
10434 0
10439 0
10509 0
10602 0
10794 0
10835 0
10867 0
10876 0
10915 0
11069 0
11100 0
11107 0
11108 0
11176 0
11209 0
11224 0
11229 0
11288 0
11451 0
11490 0
11523 0
11610 0
11670 0
11711 0
11841 0
11884 0
11902 0
11912 0
11949 0
11984 0
11995 0
12021 0
12075 0
12134 0
12219 0
12231 0
12297 0
12351 0
12376 0
12457 0
12550 0
12641 0
12645 0
12653 0
12698 0
12700 0
12721 0
12772 0
12783 0
12920 0
12972 0
13000 0
13013 0
13026 0
13145 0
13165 0
13236 0
13250 0
13269 0
13272 0
13306 0
13311 0
13315 0
13425 0
13510 0
13552 0
13611 0
13680 0
13704 0
13723 0
13828 0
13894 0
13947 0
13989 0
14005 0
14006 0
14017 0
14062 0
14084 0
14207 0
14234 0
14311 0
14340 0
14371 0
14395 0
14401 0
14430 0
14581 0
14589 0
14792 0
14825 0
14924 0
14965 0
14975 0
14979 0
15073 0
15213 0
15227 0
15255 0
15309 0
15392 0
15447 0
15452 0
15579 0
15624 0
15626 0
15638 0
15668 0
15830 0
15849 0
15965 0
16037 0
16084 0
16141 0
16227 0
16236 0
16244 0
16286 0
16345 0
16349 0
16354 0
16364 0
16486 0
16662 0
16703 0
16772 0
16780 0
16954 0
16956 0
17003 0
17051 0
17053 0
17067 0
17220 0
17251 0
17293 0
17311 0
17316 0
17478 0
17502 0
17527 0
17591 0
17677 0
17717 0
17831 0
17848 0
17888 0
17916 0
18020 0
18043 0
18073 0
18110 0
18179 0
18194 0
18199 0
18226 0
18246 0
18264 0
18311 0
18392 0
18531 0
18612 0
18679 0
18680 0
18750 0
18837 0
18859 0
18864 0
18883 0
18966 0
19012 0
19052 0
19258 0
19286 0
19307 0
19383 0
19387 0
19458 0
19484 0
19535 0
19633 0
19792 0
19833 0
19850 0
19862 0
19962 0
20006 0
20015 0
20071 0
20113 0
20118 0
20151 0
20277 0
20294 0
20311 0
20340 0
20412 0
20475 0
20558 0
20581 0
20621 0
20671 0
20718 0
20752 0
20775 0
20798 0
20809 0
20825 0
20866 0
20905 0
21010 0
21047 0
21104 0
21177 0
21221 0
21237 0
21242 0
21308 0
21345 0
21380 0
21383 0
21407 0
21425 0
21494 0
21526 0
21564 0
21587 0
21809 0
21834 0
21847 0
21858 0
22013 0
22040 0
22054 0
22076 0
22102 0
22124 0
22130 0
22273 0
22279 0
22377 0
22383 0
22474 0
22538 0
22572 0
22663 0
22707 0
22754 0
22929 0
22977 0
23006 0
23018 0
23070 0
23121 0
23153 0
23177 0
23236 0
23238 0
23307 0
23360 0
23391 0
23563 0
23622 0
23723 0
23736 0
23765 0
23852 0
23894 0
23895 0
23972 0
24000 0
24035 0
24048 0
24053 0
24145 0
24213 0
24255 0
24272 0
24281 0
24402 0
24440 0
24449 0
24461 0
24473 0
24512 0
24543 0
24569 0
24590 0
24729 0
24772 0
24837 0
24864 0
24877 0
24897 0
24905 0
24993 0
25018 0
25119 0
25157 0
25180 0
25208 0
25238 0
25306 0
25330 0
25414 0
25437 0
25455 0
25506 0
25517 0
25542 0
25581 0
25664 0
25676 0
25725 0
25739 0
25746 0
25750 0
25786 0
25805 0
25815 0
25824 0
25830 0
25831 0
25861 0
25913 0
25926 0
26009 0
26010 0
26023 0
26098 0
26132 0
26143 0
26213 0
26235 0
26242 0
26263 0
26266 0
26271 0
26324 0
26380 0
26404 0
26504 0
26618 0
26701 0
26704 0
26751 0
26756 0
26816 0
26821 0
26904 0
26944 0
26950 0
27015 0
27072 0
27114 0
27201 0
27220 0
27224 0
27297 0
27301 0
27379 0
27399 0
27404 0
27520 0
27521 0
27682 0
27730 0
27733 0
28014 0
28025 0
28081 0
28113 0
28217 0
28227 0
28236 0
28256 0
28370 0
28419 0
28473 0
28486 0
28530 0
28542 0
28550 0
28558 0
28728 0
28777 0
28785 0
28795 0
28825 0
28899 0
28951 0
28973 0
29031 0
29076 0
29184 0
29219 0
29255 0
29326 0
29368 0
29424 0
29425 0
29494 0
29499 0
29539 0
29575 0
29578 0
29656 0
29665 0
29706 0
29729 0
29766 0
29824 0
29954 0
29970 0
29973 0
30061 0
30314 0
30340 0
30515 0
30525 0
30642 0
30661 0
30675 0
30700 0
30747 0
30754 0
30762 0
30918 0
31091 0
31238 0
31332 0
31353 0
31363 0
31435 0
31439 0
31449 0
31457 0
31495 0
31517 0
31674 0
31725 0
31812 0
31813 0
31892 0
31938 0
31972 0
32022 0
32035 0
32039 0
32056 0
32190 0
32220 0
32262 0
32410 0
32440 0
32465 0
32467 0
32506 0
32537 0
32538 0
32631 0
32656 0
32682 0
32705 0
32728 0
32760 0
32784 0
32788 0
32856 0
32910 0
33044 0
33340 0
33416 0
33420 0
33424 0
33458 0
33506 0
33582 0
33583 0
33598 0
33643 0
33666 0
33704 0
33729 0
33750 0
33828 0
33953 0
34012 0
34020 0
34094 0
34123 0
34129 0
34165 0
34258 0
34261 0
34272 0
34289 0
34304 0
34342 0
34506 0
34531 0
34536 0
34652 0
34689 0
34709 0
34726 0
34842 0
35065 0
35075 0
35153 0
35160 0
35167 0
35307 0
35469 0
35523 0
35603 0
35635 0
35702 0
35752 0
35755 0
35796 0
35797 0
35878 0
35996 0
36014 0
36025 0
36055 0
36106 0
36212 0
36288 0
36372 0
36421 0
36489 0
36599 0
36660 0
36748 0
37009 0
37023 0
37043 0
37077 0
37078 0
37091 0
37181 0
37218 0
37304 0
37352 0
37365 0
37419 0
37585 0
37588 0
37589 0
37636 0
37640 0
37653 0
37696 0
37741 0
37850 0
37857 0
37901 0
37938 0
37959 0
38070 0
38225 0
38399 0
38433 0
38470 0
38478 0
38519 0
38552 0
38558 0
38688 0
38696 0
38720 0
38838 0
38921 0
38956 0
38988 0
39039 0
39040 0
39044 0
39050 0
39067 0
39119 0
39326 0
39329 0
39346 0
39395 0
39401 0
39432 0
39513 0
39520 0
39714 0
39735 0
39737 0
39742 0
39783 0
39905 0
39922 0
39923 0
39992 0
40025 0
40043 0
40127 0
40152 0
40168 0
40271 0
40275 0
40327 0
40401 0
40425 0
40444 0
40529 0
40569 0
40630 0
40641 0
40706 0
40761 0
40847 0
40849 0
40987 0
41006 0
41042 0
41045 0
41080 0
41141 0
41153 0
41169 0
41223 0
41343 0
41355 0
41375 0
41386 0
41452 0
41523 0
41588 0
41589 0
41600 0
41658 0
41676 0
41761 0
41793 0
41800 0
41833 0
41862 0
41867 0
41983 0
42070 0
42082 0
42130 0
42165 0
42186 0
42321 0
42325 0
42353 0
42531 0
42582 0
42634 0
42672 0
42677 0
42826 0
42851 0
42854 0
42860 0
42882 0
42900 0
42918 0
42969 0
42978 0
42995 0
43081 0
43177 0
43179 0
43220 0
43259 0
43342 0
43359 0
43410 0
43515 0
43517 0
43605 0
43627 0
43634 0
43707 0
43771 0
43824 0
43826 0
43866 0
43913 0
43922 0
44042 0
44140 0
44171 0
44240 0
44318 0
44410 0
44428 0
44475 0
44490 0
44559 0
44571 0
44674 0
44698 0
44700 0
44778 0
44785 0
44788 0
44789 0
44822 0
44923 0
45011 0
45015 0
45033 0
45096 0
45142 0
45168 0
45172 0
45257 0
45274 0
45276 0
45302 0
45384 0
45531 0
45551 0
45590 0
45604 0
45619 0
45629 0
45631 0
45669 0
45670 0
45859 0
45860 0
45866 0
45898 0
45946 0
45979 0
46028 0
46054 0
46279 0
46318 0
46319 0
46350 0
46365 0
46375 0
46403 0
46414 0
46426 0
46448 0
46492 0
46493 0
46497 0
46523 0
46538 0
46621 0
46687 0
46734 0
46758 0
46782 0
46792 0
46803 0
46844 0
46996 0
47015 0
47019 0
47023 0
47062 0
47084 0
47095 0
47099 0
47110 0
47135 0
47209 0
47308 0
47332 0
47359 0
47424 0
47441 0
47444 0
47492 0
47528 0
47617 0
47634 0
47654 0
47703 0
47790 0
47949 0
47955 0
47998 0
48138 0
48142 0
48173 0
48302 0
48351 0
48374 0
48383 0
48395 0
48397 0
48418 0
48420 0
48464 0
48572 0
48574 0
48594 0
48604 0
48621 0
48625 0
48645 0
48663 0
48687 0
48890 0
48933 0
48968 0
49011 0
49059 0
49223 0
49238 0
49251 0
49326 0
49450 0
49563 0
49570 0
49763 0
49791 0
49831 0
49836 0
49839 0
49943 0
50038 0
50085 0
50102 0
50120 0
50210 0
50217 0
50339 0
50407 0
50486 0
50614 0
50716 0
50749 0
50841 0
50846 0
50882 0
50961 0
50988 0
50993 0
51048 0
51123 0
51191 0
51200 0
51232 0
51263 0
51378 0
51417 0
51420 0
51465 0
51500 0
51611 0
51973 0
52114 0
52123 0
52151 0
52171 0
52297 0
52316 0
52328 0
52366 0
52372 0
52381 0
52386 0
52415 0
52427 0
52428 0
52471 0
52502 0
52550 0
52701 0
52721 0
52735 0
52742 0
52788 0
52907 0
52936 0
53027 0
53123 0
53139 0
53215 0
53220 0
53231 0
53238 0
53260 0
53425 0
53598 0
53601 0
53616 0
53649 0
53771 0
53874 0
53878 0
54017 0
54019 0
54023 0
54032 0
54036 0
54075 0
54095 0
54136 0
54183 0
54241 0
54265 0
54270 0
54324 0
54350 0
54369 0
54406 0
54435 0
54479 0
54482 0
54509 0
54511 0
54539 0
54567 0
54598 0
54618 0
54736 0
54822 0
54831 0
54851 0
54871 0
54907 0
54964 0
55070 0
55113 0
55117 0
55151 0
55219 0
55233 0
55238 0
55291 0
55301 0
55419 0
55512 0
55539 0
55656 0
55675 0
55692 0
55694 0
55718 0
55719 0
55799 0
55802 0
55809 0
55842 0
55843 0
56114 0
56125 0
56237 0
56239 0
56328 0
56353 0
56358 0
56470 0
56479 0
56560 0
56607 0
56651 0
56777 0
56858 0
56890 0
56932 0
56934 0
56991 0
57120 0
57197 0
57219 0
57245 0
57266 0
57328 0
57330 0
57360 0
57579 0
57685 0
57795 0
57837 0
57838 0
57940 0
57979 0
57995 0
58040 0
58045 0
58058 0
58075 0
58089 0
58091 0
58100 0
58142 0
58186 0
58232 0
58234 0
58244 0
58303 0
58321 0
58344 0
58366 0
58387 0
58411 0
58424 0
58427 0
58458 0
58541 0
58575 0
58580 0
58673 0
58724 0
58739 0
58779 0
58811 0
58900 0
58929 0
58960 0
58972 0
58986 0
59033 0
59051 0
59075 0
59077 0
59088 0
59106 0
59144 0
59249 0
59277 0
59332 0
59334 0
59598 0
59616 0
59625 0
59751 0
59800 0
59805 0
59875 0
59880 0
59946 0
59957 0
59981 0
60030 0
60084 0
60093 0
60169 0
60188 0
60296 0
60303 0
60329 0
60359 0
60362 0
60443 0
60518 0
60565 0
60580 0
60599 0
60686 0
60737 0
60763 0
60961 0
61008 0
61061 0
61154 0
61234 0
61268 0
61319 0
61362 0
61371 0
61406 0
61424 0
61445 0
61464 0
61466 0
61522 0
61585 0
61588 0
61642 0
61698 0
61704 0
61861 0
61876 0
61941 0
62093 0
62122 0
62123 0
62142 0
62147 0
62183 0
62188 0
62201 0
62204 0
62225 0
62243 0
62245 0
62248 0
62254 0
62317 0
62347 0
62373 0
62486 0
62503 0
62575 0
62587 0
62607 0
62702 0
62711 0
62798 0
62804 0
62825 0
62826 0
63007 0
63031 0
63070 0
63186 0
63206 0
63243 0
63269 0
63399 0
63419 0
63486 0
63568 0
63573 0
63574 0
63624 0
63665 0
63731 0
63783 0
63810 0
63841 0
63931 0
63934 0
64089 0
64103 0
64175 0
64259 0
64294 0
64298 0
64386 0
64406 0
64441 0
64465 0
64498 0
64554 0
64611 0
64647 0
64709 0
64751 0
64775 0
64784 0
64809 0
64813 0
64877 0
64888 0
64950 0
64965 0
64985 0
65178 0
65227 0
65250 0
65355 0
65378 0
65398 0
65591 0
65605 0
65689 0
65693 0
65765 0
65798 0
65872 0
65930 0
65966 0
66060 0
66104 0
66107 0
66132 0
66138 0
66155 0
66186 0
66197 0
66236 0
66258 0
66412 0
66465 0
66473 0
66518 0
66588 0
66633 0
66654 0
66696 0
66701 0
66729 0
66763 0
66780 0
66798 0
66801 0
66959 0
66962 0
67094 0
67145 0
67317 0
67386 0
67438 0
67519 0
67557 0
67601 0
67608 0
67683 0
67715 0
67746 0
67749 0
67780 0
67783 0
67829 0
67833 0
67871 0
67876 0
67878 0
67946 0
67978 0
67986 0
68400 0
68406 0
68432 0
68502 0
68526 0
68529 0
68549 0
68663 0
68751 0
68793 0
68806 0
68821 0
68859 0
68921 0
68944 0
69037 0
69048 0
69075 0
69134 0
69205 0
69239 0
69280 0
69367 0
69372 0
69388 0
69489 0
69510 0
69525 0
69706 0
69844 0
69916 0
69952 0
69974 0
70019 0
70054 0
70060 0
70094 0
70100 0
70145 0
70186 0
70341 0
70551 0
70618 0
70670 0
70720 0
70755 0
70764 0
70787 0
70796 0
70811 0
70835 0
70849 0
70974 0
71003 0
71023 0
71087 0
71136 0
71216 0
71255 0
71300 0
71506 0
71571 0
71754 0
71779 0
71791 0
71794 0
71799 0
71807 0
71814 0
71837 0
71856 0
71915 0
71973 0
72054 0
72062 0
72078 0
72082 0
72102 0
72104 0
72115 0
72189 0
72206 0
72234 0
72247 0
72311 0
72417 0
72432 0
72490 0
72675 0
72695 0
72773 0
72819 0
72850 0
72871 0
72939 0
72989 0
73059 0
73133 0
73202 0
73228 0
73245 0
73246 0
73248 0
73400 0
73438 0
73527 0
73560 0
73644 0
73709 0
73716 0
73729 0
73767 0
73831 0
73836 0
73880 0
73917 0
73939 0
73964 0
73968 0
73989 0
74012 0
74036 0
74050 0
74052 0
74057 0
74061 0
74069 0
74112 0
74171 0
74205 0
74336 0
74345 0
74407 0
74480 0
74554 0
74559 0
74616 0
74643 0
74881 0
74943 0
75025 0
75051 0
75108 0
75146 0
75167 0
75208 0
75229 0
75333 0
75349 0
75457 0
75484 0
75497 0
75505 0
75552 0
75600 0
75661 0
75704 0
75717 0
75798 0
75962 0
75969 0
76001 0
76178 0
76238 0
76252 0
76377 0
76399 0
76452 0
76632 0
76661 0
76663 0
76693 0
76698 0
76748 0
76804 0
76886 0
76918 0
76943 0
77079 0
77108 0
77152 0
77209 0
77217 0
77229 0
77244 0
77324 0
77380 0
77497 0
77624 0
77625 0
77736 0
77856 0
77866 0
77968 0
78001 0
78027 0
78113 0
78116 0
78233 0
78237 0
78243 0
78245 0
78329 0
78384 0
78424 0
78428 0
78492 0
78515 0
78555 0
78561 0
78640 0
78646 0
78691 0
78707 0
78807 0
78831 0
78870 0
78961 0
79105 0
79129 0
79132 0
79221 0
79276 0
79527 0
79539 0
79608 0
79639 0
79662 0
79787 0
79900 0
79971 0
80015 0
80029 0
80111 0
80148 0
80157 0
80173 0
80184 0
80187 0
80206 0
80241 0
80271 0
80340 0
80415 0
80510 0
80570 0
80575 0
80616 0
80622 0
80643 0
80655 0
80670 0
80680 0
80699 0
80717 0
80778 0
80793 0
80828 0
81013 0
81028 0
81205 0
81273 0
81304 0
81376 0
81377 0
81424 0
81438 0
81461 0
81521 0
81630 0
81712 0
81762 0
81776 0
81819 0
81940 0
81956 0
81997 0
82001 0
82102 0
82104 0
82173 0
82271 0
82369 0
82409 0
82473 0
82672 0
82719 0
82741 0
82743 0
82775 0
82819 0
82832 0
82882 0
82980 0
82981 0
82992 0
83036 0
83118 0
83141 0
83159 0
83173 0
83253 0
83264 0
83420 0
83459 0
83491 0
83534 0
83555 0
83597 0
83603 0
83614 0
83655 0
83660 0
83719 0
83742 0
83767 0
83768 0
83845 0
83915 0
83994 0
84002 0
84020 0
84096 0
84145 0
84237 0
84294 0
84302 0
84373 0
84459 0
84483 0
84506 0
84535 0
84564 0
84662 0
84747 0
84782 0
84786 0
84822 0
84852 0
84857 0
84924 0
84937 0
84947 0
85001 0
85089 0
85090 0
85101 0
85172 0
85182 0
85224 0
85280 0
85286 0
85349 0
85408 0
85420 0
85444 0
85485 0
85496 0
85668 0
85716 0
85793 0
85804 0
85831 0
85841 0
85854 0
85876 0
85916 0
85930 0
85951 0
86010 0
86108 0
86242 0
86250 0
86275 0
86288 0
86396 0
86413 0
86421 0
86446 0
86448 0
86482 0
86495 0
86534 0
86682 0
86721 0
86748 0
86759 0
86867 0
86881 0
86938 0
86954 0
86989 0
87050 0
87064 0
87102 0
87139 0
87151 0
87341 0
87468 0
87483 0
87533 0
87567 0
87592 0
87595 0
87664 0
87688 0
87764 0
87871 0
87908 0
87936 0
87985 0
88018 0
88042 0
88058 0
88091 0
88102 0
88224 0
88262 0
88312 0
88445 0
88544 0
88603 0
88643 0
88659 0
88678 0
88682 0
88753 0
88796 0
88807 0
88911 0
88913 0
88925 0
89059 0
89073 0
89146 0
89148 0
89175 0
89256 0
89279 0
89289 0
89349 0
89450 0
89451 0
89454 0
89473 0
89497 0
89546 0
89640 0
89706 0
89777 0
89817 0
89856 0
89931 0
90021 0
90106 0
90229 0
90241 0
90272 0
90293 0
90412 0
90416 0
90552 0
90559 0
90580 0
90597 0
90639 0
90689 0
90700 0
90722 0
90757 0
90789 0
90812 0
90840 0
90846 0
90994 0
91075 0
91098 0
91100 0
91103 0
91182 0
91448 0
91471 0
91530 0
91616 0
91647 0
91729 0
91768 0
91848 0
91948 0
91960 0
91998 0
92081 0
92121 0
92129 0
92139 0
92156 0
92271 0
92340 0
92429 0
92852 0
92962 0
92967 0
93053 0
93056 0
93143 0
93144 0
93161 0
93229 0
93254 0
93261 0
93400 0
93441 0
93482 0
93490 0
93525 0
93575 0
93604 0
93615 0
93732 0
93747 0
93904 0
93927 0
94201 0
94285 0
94306 0
94326 0
94335 0
94379 0
94530 0
94626 0
94631 0
94637 0
94678 0
94681 0
94737 0
94802 0
94808 0
94863 0
94874 0
94884 0
95009 0
95138 0
95361 0
95373 0
95381 0
95482 0
95492 0
95514 0
95710 0
95788 0
95947 0
96086 0
96153 0
96186 0
96216 0
96217 0
96259 0
96262 0
96505 0
96705 0
96716 0
96885 0
96911 0
96915 0
96951 0
97002 0
97047 0
97155 0
97175 0
97267 0
97286 0
97307 0
97335 0
97378 0
97382 0
97396 0
97414 0
97646 0
97688 0
97716 0
97735 0
97758 0
97768 0
97793 0
97797 0
97821 0
97918 0
97926 0
97986 0
97987 0
98083 0
98128 0
98132 0
98235 0
98256 0
98356 0
98425 0
98477 0
98559 0
98563 0
98591 0
98708 0
98802 0
98821 0
98854 0
98947 0
98983 0
98996 0
99003 0
99017 0
99141 0
99150 0
99197 0
99204 0
99222 0
99350 0
99423 0
99445 0
99473 0
99486 0
99525 0
99577 0
99615 0
99725 0
99835 0
99863 0
99994 0
