c This is a uniform distributed  1-D DIMACS file 
c width height point_number
p 100000 100000 2048
40 0
192 0
193 0
229 0
302 0
399 0
417 0
443 0
465 0
498 0
569 0
616 0
726 0
882 0
936 0
985 0
1042 0
1043 0
1057 0
1152 0
1209 0
1223 0
1295 0
1303 0
1324 0
1376 0
1382 0
1395 0
1424 0
1460 0
1498 0
1571 0
1575 0
1715 0
1799 0
1823 0
1927 0
1962 0
1966 0
2031 0
2055 0
2175 0
2331 0
2422 0
2478 0
2510 0
2558 0
2829 0
2967 0
3028 0
3056 0
3100 0
3116 0
3156 0
3178 0
3222 0
3223 0
3257 0
3273 0
3282 0
3295 0
3358 0
3432 0
3496 0
3597 0
3635 0
3663 0
3672 0
3677 0
3744 0
3767 0
3850 0
3859 0
3880 0
3891 0
3983 0
4007 0
4069 0
4070 0
4082 0
4122 0
4215 0
4242 0
4291 0
4311 0
4404 0
4463 0
4527 0
4559 0
4587 0
4593 0
4638 0
4656 0
4865 0
4903 0
4936 0
4945 0
4952 0
4962 0
5032 0
5039 0
5058 0
5138 0
5148 0
5169 0
5188 0
5237 0
5254 0
5547 0
5716 0
5719 0
5797 0
5822 0
5971 0
5986 0
6086 0
6161 0
6164 0
6258 0
6308 0
6347 0
6369 0
6423 0
6445 0
6469 0
6501 0
6516 0
6547 0
6698 0
6754 0
6779 0
6858 0
6932 0
7052 0
7085 0
7151 0
7158 0
7178 0
7194 0
7281 0
7290 0
7347 0
7361 0
7369 0
7434 0
7456 0
7458 0
7470 0
7499 0
7512 0
7571 0
7581 0
7626 0
7679 0
7723 0
7833 0
7837 0
7850 0
7957 0
8035 0
8122 0
8158 0
8159 0
8170 0
8326 0
8422 0
8427 0
8447 0
8596 0
8601 0
8621 0
8628 0
8676 0
8729 0
8733 0
8756 0
8766 0
8795 0
8845 0
8864 0
8885 0
8979 0
9035 0
9037 0
9115 0
9138 0
9163 0
9231 0
9280 0
9292 0
9330 0
9440 0
9486 0
9498 0
9517 0
9537 0
9538 0
9596 0
9662 0
9694 0
9849 0
9901 0
9903 0
9916 0
10037 0
10073 0
10100 0
10120 0
10201 0
10321 0
10521 0
10526 0
10548 0
10552 0
10669 0
10695 0
10696 0
10741 0
10999 0
11078 0
11083 0
11209 0
11214 0
11288 0
11352 0
11372 0
11730 0
11733 0
11778 0
11812 0
11821 0
11830 0
11847 0
11911 0
11938 0
11986 0
12060 0
12093 0
12139 0
12263 0
12272 0
12298 0
12336 0
12535 0
12629 0
12709 0
12750 0
12807 0
12867 0
12876 0
12917 0
12946 0
12966 0
13023 0
13045 0
13069 0
13146 0
13203 0
13361 0
13397 0
13399 0
13439 0
13548 0
13553 0
13568 0
13690 0
13714 0
13718 0
13785 0
13864 0
13881 0
14102 0
14109 0
14279 0
14294 0
14363 0
14422 0
14483 0
14497 0
14501 0
14651 0
14768 0
14782 0
14786 0
14805 0
14821 0
14851 0
14856 0
14881 0
14902 0
14923 0
14924 0
14937 0
14955 0
14965 0
15015 0
15085 0
15089 0
15129 0
15131 0
15137 0
15150 0
15223 0
15293 0
15412 0
15430 0
15474 0
15563 0
15571 0
15591 0
15598 0
15611 0
15724 0
15779 0
15791 0
15800 0
15833 0
15852 0
15901 0
15930 0
15983 0
16005 0
16008 0
16120 0
16148 0
16282 0
16332 0
16380 0
16447 0
16578 0
16580 0
16615 0
16629 0
16655 0
16764 0
17068 0
17079 0
17090 0
17102 0
17103 0
17189 0
17240 0
17249 0
17579 0
17587 0
17599 0
17605 0
17611 0
17659 0
17721 0
17763 0
17778 0
17797 0
17841 0
17895 0
17973 0
18014 0
18026 0
18063 0
18091 0
18271 0
18311 0
18317 0
18319 0
18374 0
18392 0
18433 0
18434 0
18481 0
18540 0
18585 0
18606 0
18610 0
18619 0
18692 0
18708 0
18756 0
18800 0
18831 0
18856 0
18934 0
19085 0
19165 0
19213 0
19221 0
19318 0
19343 0
19373 0
19381 0
19382 0
19410 0
19467 0
19492 0
19528 0
19592 0
19624 0
19627 0
19704 0
19739 0
19788 0
19801 0
19824 0
19867 0
19872 0
19886 0
19900 0
20097 0
20137 0
20144 0
20180 0
20192 0
20193 0
20210 0
20247 0
20396 0
20417 0
20432 0
20460 0
20469 0
20477 0
20515 0
20518 0
20563 0
20567 0
20652 0
20677 0
20707 0
20723 0
20770 0
20826 0
20844 0
20854 0
20970 0
21025 0
21064 0
21128 0
21142 0
21179 0
21194 0
21268 0
21378 0
21424 0
21479 0
21502 0
21564 0
21637 0
21701 0
21774 0
21790 0
21809 0
21814 0
21893 0
21922 0
22028 0
22034 0
22040 0
22205 0
22216 0
22227 0
22263 0
22264 0
22318 0
22358 0
22453 0
22508 0
22559 0
22606 0
22609 0
22770 0
22783 0
22816 0
22829 0
22863 0
22962 0
23024 0
23084 0
23152 0
23183 0
23209 0
23213 0
23338 0
23369 0
23477 0
23525 0
23593 0
23714 0
23796 0
23800 0
23804 0
23891 0
23939 0
24008 0
24082 0
24191 0
24326 0
24418 0
24427 0
24483 0
24515 0
24571 0
24593 0
24685 0
24726 0
24861 0
24973 0
25087 0
25139 0
25148 0
25236 0
25261 0
25304 0
25386 0
25581 0
25623 0
25656 0
25714 0
25758 0
25785 0
25818 0
25840 0
25904 0
25952 0
25983 0
25990 0
26003 0
26027 0
26029 0
26048 0
26062 0
26185 0
26251 0
26291 0
26310 0
26328 0
26414 0
26502 0
26558 0
26566 0
26713 0
26715 0
26837 0
26843 0
26857 0
26861 0
26864 0
26884 0
26918 0
27022 0
27024 0
27084 0
27188 0
27189 0
27261 0
27318 0
27344 0
27366 0
27404 0
27466 0
27477 0
27544 0
27570 0
27604 0
27678 0
27853 0
27860 0
27922 0
27924 0
27988 0
28004 0
28005 0
28079 0
28091 0
28327 0
28347 0
28369 0
28406 0
28425 0
28439 0
28462 0
28470 0
28473 0
28502 0
28538 0
28561 0
28567 0
28624 0
28693 0
28774 0
28794 0
28831 0
28890 0
28896 0
28942 0
29014 0
29022 0
29063 0
29064 0
29107 0
29110 0
29134 0
29147 0
29150 0
29206 0
29258 0
29280 0
29369 0
29393 0
29471 0
29505 0
29517 0
29578 0
29582 0
29758 0
29759 0
29842 0
29856 0
29879 0
29986 0
29990 0
30089 0
30118 0
30244 0
30277 0
30301 0
30380 0
30486 0
30521 0
30553 0
30582 0
30773 0
30823 0
30870 0
30972 0
31047 0
31130 0
31146 0
31147 0
31325 0
31332 0
31334 0
31340 0
31446 0
31463 0
31506 0
31656 0
31791 0
31809 0
32062 0
32067 0
32068 0
32091 0
32102 0
32141 0
32290 0
32328 0
32374 0
32399 0
32473 0
32784 0
32824 0
32867 0
33051 0
33056 0
33075 0
33168 0
33208 0
33268 0
33286 0
33382 0
33431 0
33471 0
33529 0
33578 0
33617 0
33712 0
33759 0
33832 0
33840 0
33899 0
33915 0
33987 0
34012 0
34034 0
34040 0
34061 0
34065 0
34071 0
34126 0
34244 0
34256 0
34333 0
34423 0
34439 0
34659 0
34704 0
34733 0
34779 0
34840 0
34897 0
34900 0
34934 0
34952 0
34962 0
35016 0
35021 0
35030 0
35090 0
35128 0
35278 0
35310 0
35337 0
35346 0
35374 0
35410 0
35443 0
35445 0
35691 0
35708 0
35838 0
35866 0
35881 0
35923 0
36017 0
36148 0
36177 0
36201 0
36276 0
36330 0
36331 0
36387 0
36478 0
36629 0
36650 0
36680 0
36811 0
36820 0
36839 0
36909 0
36992 0
37018 0
37054 0
37121 0
37150 0
37190 0
37256 0
37279 0
37280 0
37336 0
37354 0
37431 0
37459 0
37474 0
37547 0
37605 0
37676 0
37709 0
38047 0
38075 0
38110 0
38169 0
38234 0
38238 0
38315 0
38463 0
38482 0
38492 0
38505 0
38513 0
38516 0
38590 0
38594 0
38770 0
38799 0
38838 0
38861 0
38865 0
38881 0
38967 0
39023 0
39038 0
39169 0
39253 0
39399 0
39408 0
39432 0
39481 0
39545 0
39565 0
39592 0
39606 0
39716 0
39765 0
39812 0
39813 0
39904 0
39959 0
39989 0
39996 0
40006 0
40162 0
40202 0
40213 0
40273 0
40282 0
40360 0
40395 0
40530 0
40585 0
40590 0
40598 0
40629 0
40664 0
40665 0
40705 0
40802 0
40831 0
40847 0
40863 0
40899 0
40911 0
40943 0
40985 0
41023 0
41062 0
41126 0
41188 0
41266 0
41316 0
41339 0
41371 0
41419 0
41437 0
41498 0
41518 0
41584 0
41689 0
41696 0
41735 0
41737 0
41812 0
41905 0
41954 0
41970 0
41975 0
42079 0
42085 0
42108 0
42109 0
42246 0
42283 0
42332 0
42379 0
42485 0
42582 0
42669 0
42736 0
42795 0
42811 0
42819 0
42863 0
42922 0
43018 0
43059 0
43116 0
43181 0
43261 0
43275 0
43297 0
43313 0
43443 0
43509 0
43581 0
43628 0
43655 0
43656 0
43695 0
43702 0
43730 0
43754 0
43766 0
43769 0
43850 0
43864 0
43907 0
43969 0
43974 0
43985 0
44049 0
44066 0
44073 0
44134 0
44239 0
44300 0
44330 0
44367 0
44402 0
44422 0
44464 0
44522 0
44536 0
44551 0
44586 0
44667 0
44676 0
44700 0
44989 0
45003 0
45013 0
45111 0
45119 0
45138 0
45210 0
45282 0
45287 0
45315 0
45332 0
45337 0
45352 0
45354 0
45398 0
45401 0
45412 0
45483 0
45489 0
45530 0
45637 0
45646 0
45662 0
45663 0
45695 0
45702 0
45764 0
45837 0
45842 0
45846 0
45917 0
45919 0
45969 0
46022 0
46038 0
46145 0
46169 0
46261 0
46397 0
46452 0
46491 0
46492 0
46573 0
46648 0
46672 0
46706 0
46712 0
46793 0
46854 0
46870 0
46882 0
46954 0
46960 0
47206 0
47296 0
47327 0
47393 0
47448 0
47455 0
47476 0
47500 0
47530 0
47585 0
47645 0
47700 0
47712 0
47725 0
47728 0
47799 0
47809 0
47852 0
47891 0
47893 0
47899 0
47934 0
47935 0
48029 0
48049 0
48079 0
48104 0
48143 0
48183 0
48190 0
48228 0
48357 0
48430 0
48484 0
48491 0
48560 0
48571 0
48935 0
48979 0
48989 0
49041 0
49118 0
49252 0
49262 0
49311 0
49539 0
49540 0
49551 0
49597 0
49638 0
49650 0
49693 0
49740 0
49899 0
49936 0
49975 0
50039 0
50103 0
50131 0
50147 0
50231 0
50346 0
50429 0
50479 0
50531 0
50627 0
50631 0
50651 0
50686 0
50688 0
50747 0
50859 0
50867 0
50911 0
51008 0
51029 0
51065 0
51096 0
51213 0
51252 0
51440 0
51488 0
51575 0
51638 0
51649 0
51661 0
51876 0
51893 0
52028 0
52035 0
52076 0
52258 0
52280 0
52296 0
52329 0
52339 0
52486 0
52545 0
52598 0
52612 0
52641 0
52812 0
52968 0
53013 0
53044 0
53097 0
53112 0
53121 0
53142 0
53143 0
53201 0
53348 0
53354 0
53457 0
53522 0
53547 0
53556 0
53566 0
53670 0
53688 0
53726 0
53751 0
53848 0
53857 0
53914 0
53938 0
54105 0
54187 0
54237 0
54261 0
54315 0
54408 0
54428 0
54475 0
54609 0
54656 0
54696 0
54707 0
54748 0
54793 0
54816 0
54817 0
54831 0
54836 0
54851 0
54856 0
54883 0
54978 0
55012 0
55077 0
55082 0
55084 0
55091 0
55115 0
55136 0
55166 0
55175 0
55185 0
55217 0
55298 0
55332 0
55365 0
55513 0
55683 0
55701 0
55743 0
55801 0
55841 0
55844 0
55869 0
55952 0
56030 0
56113 0
56191 0
56202 0
56217 0
56283 0
56315 0
56335 0
56344 0
56398 0
56507 0
56533 0
56589 0
56754 0
56800 0
56803 0
56818 0
56830 0
56838 0
56942 0
56963 0
56967 0
57000 0
57025 0
57032 0
57051 0
57052 0
57080 0
57166 0
57229 0
57317 0
57420 0
57445 0
57455 0
57472 0
57519 0
57531 0
57566 0
57580 0
57627 0
57645 0
57661 0
57712 0
57761 0
57792 0
57920 0
57930 0
57958 0
57962 0
58058 0
58122 0
58146 0
58184 0
58226 0
58249 0
58257 0
58270 0
58282 0
58335 0
58362 0
58540 0
58579 0
58614 0
58643 0
58654 0
58761 0
58778 0
58779 0
58794 0
58812 0
58908 0
58936 0
58938 0
58943 0
58944 0
58948 0
59008 0
59087 0
59174 0
59189 0
59226 0
59344 0
59387 0
59508 0
59578 0
59583 0
59608 0
59660 0
59673 0
59781 0
59863 0
59871 0
59981 0
60015 0
60018 0
60022 0
60051 0
60104 0
60169 0
60196 0
60211 0
60378 0
60424 0
60445 0
60458 0
60488 0
60541 0
60600 0
60704 0
60810 0
60820 0
60850 0
60866 0
60939 0
60945 0
60950 0
60974 0
61033 0
61044 0
61139 0
61171 0
61256 0
61284 0
61397 0
61398 0
61421 0
61479 0
61507 0
61522 0
61608 0
61812 0
61878 0
61992 0
62003 0
62024 0
62093 0
62108 0
62171 0
62172 0
62188 0
62209 0
62274 0
62278 0
62294 0
62298 0
62307 0
62323 0
62343 0
62359 0
62368 0
62415 0
62436 0
62490 0
62509 0
62511 0
62637 0
62642 0
62647 0
62679 0
62840 0
62889 0
62921 0
62923 0
62970 0
63135 0
63221 0
63231 0
63318 0
63333 0
63387 0
63467 0
63476 0
63493 0
63517 0
63547 0
63559 0
63601 0
63633 0
63635 0
63665 0
63675 0
63782 0
63784 0
63846 0
63922 0
63961 0
63965 0
64021 0
64025 0
64081 0
64096 0
64097 0
64120 0
64314 0
64323 0
64345 0
64391 0
64399 0
64432 0
64435 0
64442 0
64466 0
64474 0
64503 0
64583 0
64584 0
64611 0
64640 0
64669 0
64690 0
64725 0
64756 0
64778 0
64846 0
64981 0
64996 0
65178 0
65218 0
65220 0
65274 0
65280 0
65331 0
65338 0
65356 0
65424 0
65454 0
65543 0
65633 0
65646 0
65672 0
65898 0
65902 0
65965 0
66078 0
66116 0
66132 0
66135 0
66229 0
66231 0
66322 0
66381 0
66436 0
66525 0
66570 0
66609 0
66672 0
66742 0
66818 0
66849 0
66871 0
66916 0
66923 0
66936 0
66989 0
66999 0
67003 0
67005 0
67013 0
67074 0
67077 0
67093 0
67098 0
67132 0
67151 0
67153 0
67224 0
67279 0
67297 0
67389 0
67445 0
67446 0
67468 0
67474 0
67525 0
67553 0
67609 0
67611 0
67662 0
67684 0
67739 0
67813 0
67822 0
67845 0
67847 0
67869 0
67889 0
67959 0
68036 0
68071 0
68090 0
68234 0
68260 0
68300 0
68321 0
68344 0
68451 0
68533 0
68700 0
68717 0
68743 0
68805 0
68806 0
68832 0
68912 0
68914 0
68971 0
69199 0
69208 0
69395 0
69416 0
69436 0
69463 0
69507 0
69557 0
69655 0
69679 0
69684 0
69736 0
69761 0
69774 0
69778 0
69885 0
69920 0
69994 0
70048 0
70065 0
70081 0
70083 0
70166 0
70220 0
70243 0
70254 0
70320 0
70333 0
70366 0
70547 0
70562 0
70700 0
70958 0
71056 0
71169 0
71184 0
71258 0
71351 0
71355 0
71378 0
71453 0
71494 0
71546 0
71554 0
71646 0
71722 0
71731 0
71739 0
71776 0
71780 0
71806 0
71828 0
71844 0
71916 0
71945 0
72037 0
72038 0
72042 0
72074 0
72100 0
72116 0
72208 0
72250 0
72356 0
72375 0
72482 0
72484 0
72726 0
72836 0
72897 0
72983 0
72998 0
73014 0
73017 0
73031 0
73119 0
73124 0
73128 0
73157 0
73163 0
73204 0
73240 0
73366 0
73372 0
73395 0
73414 0
73435 0
73475 0
73506 0
73550 0
73563 0
73576 0
73596 0
73642 0
73672 0
73679 0
73772 0
73797 0
74010 0
74041 0
74096 0
74142 0
74152 0
74275 0
74342 0
74370 0
74387 0
74489 0
74500 0
74527 0
74550 0
74573 0
74580 0
74642 0
74670 0
74877 0
74895 0
74937 0
75013 0
75024 0
75040 0
75105 0
75165 0
75197 0
75224 0
75271 0
75272 0
75317 0
75624 0
75646 0
75676 0
75682 0
75773 0
75864 0
75895 0
75903 0
75912 0
75923 0
76137 0
76161 0
76224 0
76258 0
76261 0
76267 0
76346 0
76383 0
76399 0
76459 0
76516 0
76517 0
76541 0
76619 0
76629 0
76694 0
76697 0
76701 0
76725 0
76749 0
76754 0
76765 0
76786 0
76848 0
76985 0
77058 0
77108 0
77128 0
77134 0
77234 0
77254 0
77367 0
77384 0
77418 0
77515 0
77673 0
77737 0
77814 0
77847 0
77879 0
77923 0
77934 0
77980 0
77998 0
78000 0
78086 0
78158 0
78305 0
78384 0
78403 0
78420 0
78428 0
78516 0
78524 0
78561 0
78631 0
78647 0
78648 0
78740 0
78807 0
78862 0
78902 0
78976 0
79000 0
79018 0
79032 0
79166 0
79212 0
79242 0
79251 0
79287 0
79300 0
79352 0
79357 0
79410 0
79451 0
79485 0
79543 0
79563 0
79733 0
79739 0
79743 0
79777 0
79814 0
79852 0
79856 0
79866 0
79906 0
79911 0
79923 0
80010 0
80050 0
80112 0
80120 0
80224 0
80227 0
80238 0
80263 0
80300 0
80403 0
80404 0
80459 0
80491 0
80532 0
80551 0
80599 0
80607 0
80630 0
80740 0
80742 0
80746 0
80748 0
80775 0
80794 0
80880 0
80883 0
80916 0
80937 0
80968 0
81017 0
81074 0
81163 0
81181 0
81391 0
81412 0
81441 0
81467 0
81585 0
81628 0
81671 0
81711 0
81721 0
81811 0
81888 0
81990 0
82012 0
82175 0
82182 0
82185 0
82201 0
82231 0
82277 0
82364 0
82495 0
82544 0
82592 0
82600 0
82751 0
82961 0
82970 0
83018 0
83145 0
83146 0
83149 0
83278 0
83281 0
83404 0
83446 0
83645 0
83662 0
83712 0
83784 0
84042 0
84057 0
84093 0
84139 0
84202 0
84260 0
84313 0
84321 0
84373 0
84379 0
84617 0
84649 0
84699 0
84740 0
84752 0
84753 0
84890 0
84899 0
84943 0
84956 0
84983 0
85008 0
85164 0
85212 0
85214 0
85239 0
85338 0
85377 0
85405 0
85450 0
85459 0
85466 0
85529 0
85541 0
85547 0
85636 0
85731 0
85763 0
85828 0
86092 0
86096 0
86143 0
86290 0
86320 0
86352 0
86394 0
86396 0
86456 0
86579 0
86583 0
86606 0
86654 0
86683 0
86821 0
86838 0
86861 0
86923 0
86925 0
86949 0
86961 0
86968 0
87050 0
87054 0
87142 0
87165 0
87280 0
87285 0
87312 0
87584 0
87617 0
87697 0
87710 0
87810 0
87944 0
88074 0
88080 0
88204 0
88216 0
88254 0
88270 0
88311 0
88341 0
88346 0
88381 0
88448 0
88484 0
88564 0
88603 0
88620 0
88650 0
88724 0
88733 0
88760 0
88815 0
88824 0
88838 0
88849 0
88872 0
88913 0
88956 0
89081 0
89156 0
89197 0
89238 0
89307 0
89337 0
89395 0
89415 0
89506 0
89558 0
89565 0
89570 0
89602 0
89664 0
89675 0
89766 0
89803 0
89809 0
89832 0
89865 0
89887 0
89979 0
89990 0
89991 0
90018 0
90048 0
90125 0
90142 0
90198 0
90208 0
90445 0
90471 0
90474 0
90493 0
90526 0
90551 0
90578 0
90600 0
90648 0
90674 0
90677 0
90725 0
90743 0
90752 0
90753 0
90777 0
90792 0
90841 0
90842 0
90975 0
91010 0
91013 0
91021 0
91059 0
91315 0
91369 0
91435 0
91439 0
91478 0
91584 0
91592 0
91619 0
91641 0
91682 0
91776 0
91843 0
91873 0
91880 0
91960 0
91964 0
91966 0
91976 0
91984 0
92001 0
92022 0
92052 0
92106 0
92149 0
92165 0
92173 0
92175 0
92456 0
92517 0
92534 0
92727 0
92807 0
92849 0
92877 0
93052 0
93290 0
93317 0
93389 0
93423 0
93437 0
93455 0
93456 0
93509 0
93535 0
93578 0
93661 0
93672 0
93700 0
93713 0
93757 0
93782 0
93851 0
93894 0
93897 0
93962 0
93979 0
93983 0
94011 0
94054 0
94240 0
94266 0
94359 0
94365 0
94434 0
94468 0
94512 0
94568 0
94617 0
94630 0
94724 0
94731 0
94738 0
94807 0
94934 0
94965 0
94994 0
95096 0
95102 0
95178 0
95208 0
95362 0
95462 0
95465 0
95648 0
95670 0
96210 0
96217 0
96232 0
96274 0
96346 0
96394 0
96430 0
96448 0
96477 0
96522 0
96545 0
96614 0
96622 0
96708 0
96731 0
96763 0
96876 0
96993 0
97008 0
97012 0
97105 0
97118 0
97288 0
97376 0
97388 0
97398 0
97418 0
97475 0
97478 0
97559 0
97751 0
97752 0
97947 0
97979 0
97981 0
98029 0
98066 0
98099 0
98155 0
98160 0
98201 0
98234 0
98253 0
98294 0
98329 0
98354 0
98360 0
98365 0
98475 0
98494 0
98503 0
98505 0
98555 0
98601 0
98611 0
98637 0
98638 0
98690 0
98769 0
98945 0
99057 0
99159 0
99196 0
99310 0
99386 0
99392 0
99408 0
99409 0
99533 0
99625 0
99681 0
99740 0
99771 0
99947 0
