c This is a uniform distributed  1-D DIMACS file 
c width height point_number
p 100000 100000 2048
52 0
110 0
171 0
194 0
195 0
229 0
252 0
263 0
267 0
275 0
280 0
489 0
504 0
515 0
538 0
576 0
582 0
676 0
728 0
808 0
1010 0
1022 0
1078 0
1090 0
1113 0
1227 0
1300 0
1318 0
1335 0
1391 0
1392 0
1404 0
1473 0
1477 0
1486 0
1541 0
1685 0
1744 0
1745 0
1747 0
1814 0
1866 0
2062 0
2160 0
2222 0
2243 0
2244 0
2294 0
2312 0
2335 0
2386 0
2418 0
2422 0
2466 0
2484 0
2502 0
2584 0
2858 0
2873 0
2899 0
2920 0
2973 0
3060 0
3287 0
3297 0
3313 0
3363 0
3372 0
3408 0
3522 0
3619 0
3621 0
3634 0
3637 0
3648 0
3755 0
3769 0
3804 0
3842 0
3955 0
3967 0
3998 0
4002 0
4096 0
4136 0
4210 0
4238 0
4246 0
4283 0
4306 0
4312 0
4337 0
4428 0
4521 0
4544 0
4594 0
4631 0
4671 0
4720 0
4735 0
4851 0
4902 0
4908 0
4917 0
4941 0
5122 0
5315 0
5404 0
5409 0
5481 0
5490 0
5498 0
5621 0
5630 0
5645 0
5727 0
5747 0
5761 0
5782 0
5812 0
5916 0
6103 0
6155 0
6168 0
6185 0
6198 0
6228 0
6242 0
6269 0
6341 0
6390 0
6412 0
6440 0
6446 0
6504 0
6510 0
6528 0
6611 0
6764 0
6782 0
6786 0
6805 0
6812 0
6829 0
6838 0
6918 0
6931 0
7077 0
7107 0
7188 0
7294 0
7339 0
7377 0
7400 0
7478 0
7491 0
7493 0
7607 0
7641 0
7652 0
7756 0
7766 0
7816 0
7873 0
7921 0
7996 0
8076 0
8095 0
8326 0
8501 0
8557 0
8619 0
8675 0
8779 0
8801 0
8803 0
8832 0
8856 0
8881 0
8889 0
8933 0
8951 0
9011 0
9051 0
9069 0
9102 0
9115 0
9132 0
9172 0
9236 0
9293 0
9364 0
9397 0
9411 0
9427 0
9536 0
9619 0
9628 0
9657 0
9663 0
9698 0
9880 0
10032 0
10040 0
10075 0
10096 0
10114 0
10147 0
10163 0
10291 0
10342 0
10440 0
10448 0
10556 0
10560 0
10601 0
10607 0
10833 0
10866 0
10893 0
10925 0
10985 0
11000 0
11028 0
11033 0
11042 0
11097 0
11100 0
11103 0
11162 0
11187 0
11255 0
11329 0
11384 0
11386 0
11462 0
11463 0
11505 0
11580 0
11590 0
11697 0
11717 0
11748 0
11810 0
11840 0
11870 0
11906 0
11938 0
11952 0
11958 0
12074 0
12138 0
12206 0
12215 0
12288 0
12313 0
12420 0
12442 0
12475 0
12514 0
12574 0
12601 0
12704 0
12727 0
12738 0
12755 0
12769 0
12811 0
12911 0
12930 0
12938 0
12949 0
12968 0
12998 0
13022 0
13091 0
13109 0
13194 0
13200 0
13209 0
13221 0
13231 0
13282 0
13283 0
13324 0
13470 0
13603 0
13604 0
13666 0
13701 0
13760 0
13790 0
13947 0
14130 0
14136 0
14154 0
14157 0
14206 0
14228 0
14241 0
14284 0
14354 0
14485 0
14532 0
14602 0
14674 0
14739 0
14884 0
14990 0
14992 0
15056 0
15133 0
15159 0
15221 0
15235 0
15261 0
15290 0
15353 0
15420 0
15551 0
15575 0
15613 0
15615 0
15625 0
15711 0
15731 0
15766 0
15794 0
15806 0
15812 0
15830 0
15852 0
15899 0
15905 0
15966 0
16093 0
16167 0
16210 0
16265 0
16298 0
16323 0
16359 0
16370 0
16431 0
16442 0
16443 0
16471 0
16611 0
16709 0
16766 0
16771 0
16834 0
16933 0
17014 0
17039 0
17069 0
17246 0
17257 0
17315 0
17376 0
17396 0
17398 0
17457 0
17505 0
17590 0
17693 0
17700 0
17716 0
17817 0
17840 0
17864 0
17867 0
18015 0
18055 0
18094 0
18211 0
18287 0
18298 0
18364 0
18388 0
18407 0
18462 0
18545 0
18552 0
18576 0
18578 0
18612 0
18657 0
18680 0
18689 0
18697 0
18706 0
18715 0
18732 0
18826 0
18862 0
18876 0
18914 0
19060 0
19064 0
19079 0
19107 0
19190 0
19241 0
19253 0
19263 0
19266 0
19267 0
19277 0
19301 0
19340 0
19359 0
19367 0
19370 0
19374 0
19445 0
19451 0
19476 0
19513 0
19548 0
19611 0
19614 0
19621 0
19631 0
19669 0
19756 0
19773 0
19778 0
19832 0
19840 0
19882 0
19907 0
19937 0
19997 0
20023 0
20067 0
20142 0
20230 0
20259 0
20270 0
20279 0
20324 0
20428 0
20430 0
20531 0
20536 0
20560 0
20585 0
20590 0
20613 0
20621 0
20640 0
20674 0
20749 0
20877 0
20893 0
21087 0
21138 0
21221 0
21229 0
21261 0
21284 0
21296 0
21298 0
21316 0
21372 0
21496 0
21503 0
21545 0
21548 0
21585 0
21643 0
21668 0
21675 0
21770 0
21871 0
21896 0
21909 0
21914 0
22032 0
22271 0
22492 0
22505 0
22524 0
22538 0
22546 0
22590 0
22641 0
22711 0
22733 0
22736 0
22748 0
22884 0
22993 0
23096 0
23143 0
23204 0
23278 0
23282 0
23307 0
23324 0
23359 0
23361 0
23376 0
23377 0
23412 0
23511 0
23582 0
23684 0
23692 0
23711 0
23729 0
23737 0
23770 0
24068 0
24098 0
24137 0
24156 0
24163 0
24326 0
24349 0
24441 0
24447 0
24684 0
24686 0
24697 0
24798 0
24829 0
24830 0
24961 0
25003 0
25119 0
25142 0
25183 0
25192 0
25209 0
25252 0
25282 0
25290 0
25358 0
25379 0
25400 0
25513 0
25585 0
25600 0
25611 0
25776 0
25820 0
25910 0
25976 0
26038 0
26051 0
26288 0
26305 0
26310 0
26387 0
26435 0
26445 0
26489 0
26578 0
26638 0
26651 0
26669 0
26677 0
26687 0
26700 0
26729 0
26740 0
26746 0
26747 0
26797 0
26847 0
26852 0
26860 0
26894 0
26915 0
26929 0
26930 0
27019 0
27040 0
27051 0
27198 0
27297 0
27304 0
27330 0
27335 0
27387 0
27421 0
27444 0
27503 0
27558 0
27562 0
27642 0
27655 0
27831 0
27863 0
27921 0
28019 0
28035 0
28087 0
28099 0
28112 0
28145 0
28175 0
28176 0
28208 0
28242 0
28267 0
28357 0
28453 0
28490 0
28493 0
28551 0
28590 0
28593 0
28750 0
28866 0
29045 0
29113 0
29127 0
29336 0
29426 0
29461 0
29601 0
29707 0
29725 0
29807 0
29847 0
29861 0
29904 0
30059 0
30081 0
30100 0
30122 0
30167 0
30186 0
30213 0
30221 0
30227 0
30267 0
30300 0
30311 0
30363 0
30373 0
30382 0
30384 0
30394 0
30413 0
30558 0
30579 0
30613 0
30618 0
30675 0
30750 0
30840 0
31008 0
31057 0
31114 0
31146 0
31148 0
31226 0
31236 0
31240 0
31255 0
31261 0
31300 0
31357 0
31368 0
31402 0
31407 0
31415 0
31459 0
31488 0
31588 0
31639 0
31646 0
31683 0
31750 0
31825 0
31830 0
31843 0
31872 0
31964 0
31975 0
32039 0
32040 0
32347 0
32371 0
32485 0
32531 0
32592 0
32606 0
32799 0
32857 0
32907 0
32918 0
33015 0
33094 0
33130 0
33172 0
33190 0
33206 0
33308 0
33329 0
33450 0
33455 0
33496 0
33572 0
33606 0
33616 0
33641 0
33742 0
33763 0
33765 0
33958 0
34021 0
34057 0
34059 0
34266 0
34343 0
34410 0
34474 0
34499 0
34520 0
34541 0
34678 0
34685 0
34746 0
34824 0
34913 0
34956 0
34969 0
34978 0
35007 0
35044 0
35119 0
35199 0
35215 0
35293 0
35322 0
35373 0
35375 0
35399 0
35455 0
35486 0
35535 0
35586 0
35622 0
35630 0
35675 0
35752 0
35779 0
35811 0
35822 0
35862 0
35866 0
35911 0
35913 0
35988 0
36011 0
36054 0
36062 0
36077 0
36164 0
36174 0
36220 0
36236 0
36256 0
36310 0
36334 0
36342 0
36416 0
36453 0
36565 0
36569 0
36641 0
36646 0
36660 0
36700 0
36763 0
36768 0
36778 0
36790 0
36832 0
36909 0
36918 0
36946 0
36994 0
37047 0
37188 0
37207 0
37220 0
37256 0
37275 0
37360 0
37421 0
37424 0
37554 0
37592 0
37602 0
37690 0
37704 0
37849 0
37859 0
37964 0
37982 0
38048 0
38117 0
38168 0
38349 0
38353 0
38448 0
38451 0
38519 0
38584 0
38598 0
38607 0
38626 0
38905 0
39001 0
39011 0
39012 0
39043 0
39084 0
39149 0
39168 0
39193 0
39326 0
39341 0
39489 0
39567 0
39597 0
39784 0
39804 0
39904 0
39923 0
39954 0
39956 0
40011 0
40067 0
40108 0
40115 0
40206 0
40209 0
40270 0
40302 0
40358 0
40376 0
40411 0
40424 0
40446 0
40540 0
40553 0
40645 0
40670 0
40675 0
40703 0
40737 0
40872 0
40994 0
41011 0
41055 0
41074 0
41195 0
41218 0
41221 0
41222 0
41241 0
41307 0
41388 0
41475 0
41496 0
41602 0
41613 0
41632 0
41686 0
41926 0
41931 0
41932 0
41962 0
41967 0
42082 0
42140 0
42269 0
42298 0
42325 0
42380 0
42441 0
42640 0
42718 0
42740 0
42767 0
42799 0
42829 0
42899 0
43145 0
43159 0
43214 0
43358 0
43359 0
43398 0
43627 0
43668 0
43752 0
43990 0
44074 0
44102 0
44191 0
44270 0
44309 0
44328 0
44356 0
44373 0
44498 0
44549 0
44589 0
44611 0
44616 0
44878 0
44890 0
44948 0
44959 0
44991 0
44996 0
45039 0
45160 0
45235 0
45279 0
45286 0
45300 0
45383 0
45385 0
45394 0
45430 0
45563 0
45599 0
45614 0
45631 0
45653 0
45709 0
45712 0
45760 0
45763 0
45766 0
45829 0
45833 0
45856 0
45865 0
45875 0
45919 0
45944 0
45974 0
45983 0
46010 0
46041 0
46072 0
46133 0
46136 0
46149 0
46156 0
46269 0
46333 0
46366 0
46372 0
46452 0
46519 0
46585 0
46593 0
46616 0
46727 0
46930 0
46991 0
47093 0
47094 0
47137 0
47208 0
47258 0
47339 0
47346 0
47444 0
47775 0
47828 0
47904 0
47973 0
47993 0
47995 0
48048 0
48050 0
48072 0
48184 0
48281 0
48297 0
48341 0
48372 0
48381 0
48390 0
48457 0
48465 0
48478 0
48554 0
48586 0
48611 0
48629 0
48672 0
48692 0
48694 0
48743 0
48817 0
48863 0
48961 0
49015 0
49055 0
49060 0
49123 0
49148 0
49193 0
49202 0
49205 0
49212 0
49224 0
49290 0
49358 0
49362 0
49393 0
49424 0
49449 0
49453 0
49492 0
49496 0
49567 0
49570 0
49648 0
49658 0
49683 0
49854 0
49859 0
49895 0
49982 0
50132 0
50294 0
50298 0
50394 0
50409 0
50421 0
50490 0
50517 0
50525 0
50578 0
50580 0
50600 0
50694 0
50747 0
50763 0
50806 0
50869 0
50974 0
51028 0
51041 0
51069 0
51115 0
51170 0
51173 0
51220 0
51263 0
51312 0
51326 0
51446 0
51552 0
51593 0
51641 0
51647 0
51661 0
51727 0
52132 0
52189 0
52220 0
52246 0
52286 0
52348 0
52352 0
52355 0
52413 0
52446 0
52447 0
52499 0
52510 0
52539 0
52545 0
52551 0
52608 0
52632 0
52663 0
52697 0
52715 0
52813 0
52863 0
52882 0
53072 0
53197 0
53217 0
53229 0
53282 0
53297 0
53411 0
53435 0
53492 0
53497 0
53513 0
53552 0
53579 0
53617 0
53643 0
53799 0
53803 0
53812 0
53870 0
54054 0
54085 0
54110 0
54120 0
54162 0
54172 0
54191 0
54313 0
54461 0
54472 0
54530 0
54547 0
54626 0
54705 0
54814 0
54854 0
54856 0
54882 0
54895 0
54903 0
54907 0
54918 0
54923 0
54924 0
54935 0
54943 0
54944 0
54966 0
54980 0
55116 0
55235 0
55300 0
55315 0
55396 0
55402 0
55531 0
55535 0
55611 0
55675 0
55689 0
55707 0
55756 0
56001 0
56039 0
56056 0
56111 0
56120 0
56168 0
56187 0
56226 0
56233 0
56304 0
56329 0
56378 0
56383 0
56493 0
56514 0
56531 0
56560 0
56567 0
56684 0
56748 0
56777 0
56780 0
56819 0
56879 0
57095 0
57152 0
57198 0
57223 0
57228 0
57247 0
57267 0
57282 0
57319 0
57394 0
57460 0
57467 0
57484 0
57522 0
57710 0
57833 0
57854 0
57882 0
57889 0
57918 0
57919 0
57930 0
57950 0
57957 0
57984 0
57991 0
58020 0
58035 0
58067 0
58103 0
58112 0
58163 0
58202 0
58267 0
58326 0
58637 0
58710 0
58737 0
58833 0
58835 0
58941 0
59017 0
59096 0
59146 0
59155 0
59158 0
59181 0
59218 0
59237 0
59267 0
59390 0
59451 0
59488 0
59586 0
59606 0
59619 0
59696 0
59717 0
59721 0
59733 0
59768 0
59878 0
59895 0
59961 0
60035 0
60060 0
60146 0
60258 0
60278 0
60318 0
60385 0
60536 0
60540 0
60548 0
60586 0
60621 0
60624 0
60635 0
60643 0
60657 0
60660 0
60708 0
60716 0
60867 0
60892 0
61061 0
61063 0
61064 0
61181 0
61189 0
61246 0
61291 0
61324 0
61337 0
61402 0
61465 0
61497 0
61516 0
61537 0
61560 0
61634 0
61657 0
61734 0
61744 0
61768 0
61854 0
61906 0
61918 0
61922 0
62011 0
62165 0
62249 0
62293 0
62315 0
62457 0
62541 0
62593 0
62779 0
62862 0
62867 0
62887 0
62936 0
62953 0
62971 0
63002 0
63150 0
63207 0
63266 0
63298 0
63301 0
63323 0
63416 0
63427 0
63437 0
63440 0
63451 0
63456 0
63551 0
63584 0
63669 0
63762 0
63766 0
63808 0
63814 0
63816 0
63938 0
64084 0
64086 0
64146 0
64197 0
64379 0
64482 0
64579 0
64624 0
64640 0
64662 0
64748 0
64834 0
64842 0
64858 0
64956 0
64958 0
64989 0
65081 0
65129 0
65174 0
65187 0
65315 0
65350 0
65404 0
65454 0
65567 0
65670 0
65739 0
65781 0
65784 0
65802 0
65887 0
66053 0
66073 0
66082 0
66083 0
66126 0
66164 0
66176 0
66177 0
66239 0
66251 0
66296 0
66328 0
66330 0
66338 0
66405 0
66450 0
66457 0
66508 0
66509 0
66524 0
66648 0
66728 0
66734 0
66760 0
66878 0
66880 0
66902 0
66937 0
66939 0
67024 0
67369 0
67372 0
67510 0
67614 0
67615 0
67669 0
67695 0
67736 0
67741 0
67779 0
67867 0
67907 0
67913 0
67936 0
67973 0
68007 0
68026 0
68084 0
68124 0
68197 0
68240 0
68264 0
68275 0
68341 0
68362 0
68364 0
68403 0
68432 0
68458 0
68512 0
68526 0
68550 0
68557 0
68560 0
68630 0
68736 0
68779 0
68802 0
68939 0
69005 0
69028 0
69135 0
69217 0
69220 0
69259 0
69319 0
69416 0
69430 0
69467 0
69490 0
69501 0
69680 0
69788 0
69827 0
69860 0
69892 0
69893 0
69956 0
69994 0
70034 0
70217 0
70226 0
70257 0
70280 0
70287 0
70311 0
70375 0
70483 0
70528 0
70584 0
70588 0
70606 0
70611 0
70616 0
70675 0
70714 0
70730 0
70734 0
70780 0
70833 0
70860 0
70878 0
70896 0
70938 0
70944 0
71046 0
71060 0
71076 0
71113 0
71136 0
71453 0
71524 0
71527 0
71562 0
71584 0
71630 0
71748 0
71753 0
71762 0
71763 0
71770 0
71796 0
71819 0
71875 0
71930 0
71937 0
72112 0
72208 0
72240 0
72262 0
72280 0
72305 0
72352 0
72389 0
72445 0
72484 0
72648 0
72665 0
72704 0
72759 0
72796 0
72900 0
72902 0
72974 0
73180 0
73214 0
73317 0
73361 0
73371 0
73382 0
73411 0
73487 0
73508 0
73537 0
73540 0
73541 0
73586 0
73659 0
73682 0
73683 0
73911 0
73913 0
73937 0
73951 0
73958 0
74038 0
74084 0
74108 0
74195 0
74232 0
74242 0
74253 0
74379 0
74522 0
74777 0
74859 0
74965 0
74981 0
75015 0
75023 0
75076 0
75088 0
75123 0
75145 0
75210 0
75261 0
75271 0
75276 0
75328 0
75385 0
75391 0
75415 0
75441 0
75476 0
75492 0
75523 0
75638 0
75749 0
75773 0
75809 0
75838 0
75907 0
75920 0
75956 0
76045 0
76063 0
76096 0
76107 0
76163 0
76229 0
76262 0
76283 0
76322 0
76364 0
76375 0
76390 0
76397 0
76418 0
76424 0
76427 0
76482 0
76703 0
76818 0
76832 0
76937 0
76939 0
76998 0
77017 0
77036 0
77037 0
77070 0
77071 0
77091 0
77137 0
77171 0
77255 0
77299 0
77392 0
77489 0
77496 0
77500 0
77550 0
77582 0
77588 0
77683 0
77701 0
77750 0
77774 0
77793 0
77838 0
77876 0
77879 0
77888 0
77917 0
77963 0
77992 0
78002 0
78010 0
78056 0
78122 0
78130 0
78154 0
78177 0
78210 0
78254 0
78263 0
78379 0
78401 0
78406 0
78478 0
78549 0
78649 0
78703 0
78734 0
78969 0
78975 0
79004 0
79107 0
79428 0
79515 0
79637 0
79697 0
79775 0
79885 0
79984 0
80082 0
80089 0
80132 0
80153 0
80179 0
80326 0
80348 0
80372 0
80449 0
80492 0
80609 0
80816 0
80898 0
80991 0
81126 0
81159 0
81272 0
81290 0
81334 0
81566 0
81608 0
81619 0
81621 0
81640 0
81668 0
81718 0
81725 0
81728 0
81782 0
81833 0
81848 0
81864 0
81881 0
81888 0
81891 0
81987 0
82028 0
82037 0
82080 0
82253 0
82269 0
82317 0
82323 0
82357 0
82416 0
82443 0
82464 0
82505 0
82584 0
82652 0
82668 0
82767 0
82784 0
82862 0
82914 0
82915 0
82932 0
82934 0
83021 0
83047 0
83088 0
83172 0
83226 0
83331 0
83467 0
83494 0
83547 0
83549 0
83633 0
83674 0
83716 0
83735 0
83815 0
83839 0
83848 0
83881 0
83927 0
83941 0
83996 0
84077 0
84121 0
84166 0
84298 0
84300 0
84321 0
84331 0
84528 0
84700 0
84726 0
84785 0
84790 0
84791 0
84801 0
84873 0
84962 0
84970 0
85004 0
85077 0
85106 0
85114 0
85188 0
85192 0
85194 0
85224 0
85342 0
85364 0
85402 0
85408 0
85447 0
85496 0
85505 0
85548 0
85593 0
85611 0
85639 0
85655 0
85658 0
85660 0
85690 0
85691 0
85774 0
85803 0
85823 0
86023 0
86072 0
86115 0
86219 0
86253 0
86339 0
86453 0
86531 0
86618 0
86658 0
86689 0
86725 0
86766 0
86774 0
86872 0
86970 0
87062 0
87120 0
87143 0
87211 0
87327 0
87425 0
87470 0
87560 0
87597 0
87630 0
87657 0
87723 0
87801 0
87817 0
87857 0
87893 0
87982 0
87984 0
88059 0
88100 0
88164 0
88173 0
88174 0
88237 0
88260 0
88359 0
88375 0
88410 0
88509 0
88518 0
88572 0
88626 0
88799 0
88901 0
88966 0
89024 0
89104 0
89205 0
89343 0
89378 0
89383 0
89411 0
89432 0
89456 0
89457 0
89466 0
89481 0
89487 0
89510 0
89527 0
89592 0
89678 0
89775 0
89844 0
89940 0
89972 0
90013 0
90060 0
90084 0
90098 0
90108 0
90212 0
90220 0
90231 0
90247 0
90324 0
90350 0
90353 0
90413 0
90442 0
90496 0
90526 0
90546 0
90694 0
90888 0
90907 0
91009 0
91018 0
91049 0
91088 0
91093 0
91145 0
91164 0
91172 0
91217 0
91249 0
91264 0
91265 0
91366 0
91388 0
91395 0
91468 0
91482 0
91494 0
91536 0
91546 0
91558 0
91623 0
91639 0
91646 0
91769 0
91818 0
91819 0
91845 0
91887 0
91934 0
92077 0
92082 0
92083 0
92092 0
92123 0
92196 0
92198 0
92225 0
92513 0
92622 0
92710 0
92711 0
92731 0
92732 0
92733 0
92811 0
92956 0
93003 0
93120 0
93131 0
93193 0
93219 0
93230 0
93361 0
93537 0
93608 0
93721 0
93747 0
93839 0
93845 0
93880 0
93881 0
93951 0
93958 0
94048 0
94056 0
94088 0
94131 0
94162 0
94232 0
94249 0
94279 0
94307 0
94318 0
94379 0
94394 0
94494 0
94509 0
94510 0
94572 0
94576 0
94634 0
94651 0
94672 0
94761 0
94793 0
94820 0
95032 0
95051 0
95318 0
95327 0
95347 0
95390 0
95399 0
95466 0
95486 0
95504 0
95579 0
95627 0
95675 0
95690 0
95749 0
95847 0
95916 0
96047 0
96053 0
96158 0
96166 0
96202 0
96203 0
96260 0
96321 0
96554 0
96669 0
96673 0
96708 0
96720 0
96739 0
96830 0
96865 0
96896 0
96931 0
96984 0
97042 0
97087 0
97096 0
97141 0
97246 0
97258 0
97445 0
97558 0
97629 0
97727 0
97881 0
97976 0
97997 0
98040 0
98093 0
98134 0
98140 0
98154 0
98230 0
98287 0
98291 0
98341 0
98343 0
98434 0
98573 0
98635 0
98709 0
98732 0
98838 0
98865 0
98916 0
98964 0
98983 0
98991 0
98996 0
99009 0
99102 0
99107 0
99121 0
99211 0
99214 0
99258 0
99264 0
99393 0
99448 0
99476 0
99534 0
99541 0
99582 0
99618 0
99633 0
99779 0
99868 0
99897 0
99941 0
