c This is a uniform distributed  1-D DIMACS file 
c width height point_number
p 100000 100000 2048
32 0
78 0
105 0
239 0
243 0
257 0
291 0
312 0
319 0
353 0
383 0
440 0
527 0
543 0
569 0
584 0
593 0
615 0
632 0
637 0
683 0
685 0
733 0
760 0
777 0
841 0
905 0
933 0
983 0
1095 0
1164 0
1273 0
1428 0
1432 0
1440 0
1469 0
1481 0
1502 0
1569 0
1573 0
1574 0
1628 0
1636 0
1720 0
1726 0
1866 0
1964 0
2001 0
2137 0
2213 0
2259 0
2314 0
2391 0
2409 0
2462 0
2517 0
2543 0
2544 0
2616 0
2851 0
2890 0
2892 0
2936 0
2940 0
2968 0
2997 0
3036 0
3231 0
3359 0
3434 0
3452 0
3466 0
3482 0
3503 0
3506 0
3522 0
3540 0
3612 0
3614 0
3635 0
3652 0
3682 0
3723 0
3788 0
3840 0
3887 0
3890 0
3932 0
3972 0
3999 0
4029 0
4063 0
4141 0
4170 0
4206 0
4213 0
4218 0
4259 0
4268 0
4320 0
4336 0
4342 0
4363 0
4415 0
4443 0
4459 0
4534 0
4551 0
4614 0
4634 0
4719 0
4730 0
4755 0
4758 0
4784 0
4813 0
4832 0
4835 0
4862 0
4972 0
5062 0
5188 0
5277 0
5322 0
5398 0
5574 0
5612 0
5663 0
5710 0
5859 0
5877 0
5922 0
5941 0
5999 0
6082 0
6093 0
6137 0
6165 0
6168 0
6175 0
6180 0
6241 0
6252 0
6296 0
6348 0
6390 0
6445 0
6492 0
6497 0
6518 0
6575 0
6689 0
6700 0
6737 0
6836 0
6938 0
6947 0
6974 0
7021 0
7174 0
7201 0
7249 0
7267 0
7352 0
7385 0
7443 0
7445 0
7473 0
7483 0
7510 0
7533 0
7742 0
7790 0
7804 0
7877 0
8001 0
8057 0
8226 0
8292 0
8315 0
8345 0
8375 0
8387 0
8401 0
8443 0
8464 0
8492 0
8510 0
8646 0
8679 0
8719 0
8726 0
8777 0
8823 0
8941 0
9000 0
9057 0
9065 0
9127 0
9169 0
9387 0
9399 0
9440 0
9441 0
9448 0
9514 0
9542 0
9742 0
9841 0
9866 0
9964 0
9983 0
10043 0
10091 0
10099 0
10112 0
10117 0
10218 0
10232 0
10249 0
10260 0
10269 0
10271 0
10343 0
10394 0
10416 0
10503 0
10534 0
10572 0
10602 0
10682 0
10730 0
10737 0
10738 0
10798 0
10808 0
10830 0
10878 0
11015 0
11023 0
11028 0
11085 0
11135 0
11180 0
11186 0
11192 0
11217 0
11237 0
11243 0
11261 0
11268 0
11289 0
11389 0
11406 0
11475 0
11495 0
11542 0
11568 0
11639 0
11641 0
11727 0
11769 0
11777 0
11780 0
11808 0
11826 0
11864 0
11885 0
11925 0
12120 0
12138 0
12141 0
12168 0
12171 0
12240 0
12374 0
12418 0
12503 0
12559 0
12572 0
12585 0
12738 0
12804 0
12807 0
12823 0
12856 0
12867 0
12879 0
12951 0
13017 0
13099 0
13181 0
13247 0
13431 0
13437 0
13494 0
13512 0
13600 0
13618 0
13698 0
13717 0
13733 0
13799 0
13821 0
13824 0
13931 0
13987 0
14041 0
14116 0
14127 0
14139 0
14224 0
14283 0
14284 0
14358 0
14360 0
14377 0
14514 0
14551 0
14617 0
14713 0
14717 0
14734 0
14762 0
14860 0
14954 0
14979 0
14993 0
15257 0
15259 0
15304 0
15383 0
15397 0
15443 0
15445 0
15446 0
15584 0
15604 0
15652 0
15677 0
15734 0
15761 0
15769 0
15851 0
15979 0
16220 0
16224 0
16276 0
16288 0
16331 0
16372 0
16589 0
16696 0
16720 0
16751 0
16757 0
16771 0
16927 0
16971 0
17008 0
17030 0
17050 0
17061 0
17159 0
17199 0
17234 0
17263 0
17330 0
17436 0
17453 0
17467 0
17493 0
17505 0
17509 0
17558 0
17597 0
17727 0
17764 0
17837 0
17893 0
17936 0
17978 0
18152 0
18200 0
18339 0
18458 0
18470 0
18765 0
18766 0
18837 0
18867 0
18910 0
18935 0
18941 0
19048 0
19176 0
19198 0
19288 0
19315 0
19329 0
19358 0
19573 0
19583 0
19615 0
19644 0
19689 0
19774 0
19832 0
19884 0
19904 0
19937 0
19971 0
19985 0
20104 0
20119 0
20206 0
20221 0
20296 0
20369 0
20464 0
20486 0
20529 0
20563 0
20581 0
20749 0
20764 0
20794 0
20807 0
20829 0
20836 0
20901 0
20922 0
20975 0
20979 0
21015 0
21017 0
21070 0
21082 0
21086 0
21117 0
21131 0
21172 0
21267 0
21322 0
21327 0
21346 0
21458 0
21481 0
21506 0
21519 0
21523 0
21528 0
21625 0
21660 0
21768 0
21826 0
21838 0
21911 0
21943 0
22121 0
22122 0
22135 0
22168 0
22289 0
22310 0
22315 0
22330 0
22336 0
22349 0
22402 0
22406 0
22407 0
22468 0
22489 0
22528 0
22559 0
22581 0
22593 0
22628 0
22664 0
22706 0
22851 0
23036 0
23038 0
23088 0
23109 0
23145 0
23156 0
23278 0
23319 0
23353 0
23378 0
23466 0
23520 0
23561 0
23564 0
23567 0
23584 0
23588 0
23670 0
23686 0
23722 0
23746 0
23846 0
23951 0
23980 0
23993 0
24007 0
24008 0
24087 0
24207 0
24210 0
24227 0
24273 0
24299 0
24316 0
24336 0
24393 0
24426 0
24468 0
24483 0
24551 0
24585 0
24639 0
24670 0
24704 0
24789 0
24799 0
24819 0
24825 0
24852 0
24859 0
24863 0
24892 0
24902 0
24922 0
24933 0
24974 0
25040 0
25121 0
25157 0
25393 0
25424 0
25449 0
25466 0
25486 0
25561 0
25570 0
25654 0
25655 0
25724 0
25735 0
25739 0
25802 0
25820 0
25968 0
26018 0
26138 0
26165 0
26209 0
26262 0
26387 0
26417 0
26491 0
26672 0
26684 0
26755 0
26775 0
26898 0
26927 0
26950 0
27022 0
27072 0
27140 0
27206 0
27262 0
27306 0
27357 0
27446 0
27485 0
27490 0
27611 0
27632 0
27640 0
27673 0
27734 0
27736 0
27749 0
27753 0
27887 0
27998 0
28013 0
28055 0
28067 0
28087 0
28148 0
28228 0
28242 0
28379 0
28417 0
28543 0
28663 0
28673 0
28706 0
28707 0
28746 0
28762 0
28812 0
28824 0
28864 0
28906 0
28941 0
28944 0
28962 0
29229 0
29240 0
29292 0
29456 0
29469 0
29512 0
29519 0
29574 0
29652 0
29676 0
29687 0
29697 0
29735 0
29905 0
29914 0
29934 0
29939 0
29979 0
30090 0
30150 0
30283 0
30325 0
30395 0
30468 0
30507 0
30556 0
30594 0
30632 0
30647 0
30655 0
30696 0
30731 0
30829 0
30857 0
30881 0
30898 0
31019 0
31063 0
31216 0
31367 0
31387 0
31423 0
31427 0
31512 0
31579 0
31589 0
31617 0
31711 0
31713 0
31763 0
31769 0
31851 0
31906 0
32015 0
32074 0
32103 0
32108 0
32119 0
32157 0
32195 0
32202 0
32312 0
32371 0
32375 0
32379 0
32459 0
32489 0
32693 0
32698 0
32727 0
32749 0
32780 0
32875 0
32905 0
32927 0
32946 0
33110 0
33238 0
33255 0
33260 0
33305 0
33336 0
33390 0
33492 0
33498 0
33517 0
33527 0
33576 0
33602 0
33691 0
33773 0
33802 0
33924 0
33936 0
34063 0
34101 0
34160 0
34197 0
34200 0
34212 0
34243 0
34369 0
34400 0
34558 0
34741 0
34797 0
34816 0
34827 0
34848 0
34870 0
34901 0
34952 0
34957 0
34996 0
35071 0
35098 0
35215 0
35258 0
35286 0
35360 0
35362 0
35368 0
35383 0
35404 0
35405 0
35416 0
35452 0
35502 0
35596 0
35626 0
35875 0
35981 0
36097 0
36177 0
36226 0
36287 0
36354 0
36386 0
36461 0
36522 0
36578 0
36588 0
36626 0
36686 0
36808 0
36828 0
36915 0
36933 0
37005 0
37006 0
37029 0
37038 0
37067 0
37108 0
37145 0
37250 0
37266 0
37307 0
37398 0
37446 0
37559 0
37587 0
37641 0
37644 0
37704 0
37714 0
37719 0
37732 0
37877 0
37935 0
37953 0
38067 0
38075 0
38141 0
38234 0
38263 0
38289 0
38310 0
38445 0
38476 0
38487 0
38497 0
38612 0
38680 0
38724 0
38745 0
38777 0
38821 0
38920 0
38988 0
39099 0
39122 0
39133 0
39139 0
39250 0
39261 0
39273 0
39365 0
39373 0
39451 0
39478 0
39504 0
39569 0
39614 0
39758 0
39852 0
39898 0
39904 0
40005 0
40084 0
40151 0
40297 0
40354 0
40358 0
40386 0
40561 0
40637 0
40718 0
40726 0
40729 0
40756 0
40839 0
40911 0
41101 0
41253 0
41273 0
41339 0
41374 0
41495 0
41785 0
41932 0
41941 0
41970 0
42016 0
42021 0
42041 0
42044 0
42119 0
42129 0
42167 0
42200 0
42243 0
42370 0
42391 0
42425 0
42427 0
42457 0
42580 0
42669 0
42699 0
42706 0
42845 0
42849 0
42857 0
42872 0
42898 0
42978 0
43090 0
43092 0
43172 0
43250 0
43294 0
43451 0
43477 0
43485 0
43489 0
43521 0
43538 0
43568 0
43577 0
43726 0
43833 0
43849 0
43859 0
43939 0
44113 0
44184 0
44309 0
44368 0
44376 0
44406 0
44549 0
44621 0
44632 0
44701 0
44784 0
44811 0
44899 0
44924 0
45054 0
45061 0
45072 0
45075 0
45123 0
45179 0
45229 0
45370 0
45394 0
45510 0
45516 0
45553 0
45590 0
45593 0
45595 0
45599 0
45718 0
45764 0
45768 0
45884 0
45913 0
45920 0
45929 0
45969 0
46000 0
46030 0
46096 0
46115 0
46116 0
46230 0
46278 0
46453 0
46486 0
46541 0
46571 0
46611 0
46639 0
46708 0
46749 0
46762 0
46908 0
46911 0
46920 0
47114 0
47183 0
47223 0
47236 0
47270 0
47299 0
47305 0
47350 0
47449 0
47510 0
47614 0
47656 0
47667 0
47707 0
47737 0
47743 0
47993 0
48030 0
48033 0
48071 0
48072 0
48106 0
48141 0
48235 0
48386 0
48559 0
48609 0
48766 0
48776 0
48811 0
48913 0
48975 0
48985 0
49023 0
49131 0
49161 0
49175 0
49207 0
49215 0
49325 0
49358 0
49366 0
49431 0
49453 0
49485 0
49531 0
49599 0
49641 0
49642 0
49694 0
49834 0
49869 0
49905 0
50102 0
50107 0
50149 0
50179 0
50303 0
50345 0
50427 0
50508 0
50531 0
50557 0
50586 0
50667 0
50704 0
50732 0
50804 0
50823 0
50863 0
50877 0
50913 0
51108 0
51161 0
51179 0
51257 0
51284 0
51306 0
51337 0
51359 0
51386 0
51419 0
51426 0
51463 0
51486 0
51666 0
51668 0
51696 0
51704 0
51759 0
51804 0
51814 0
51900 0
51902 0
51930 0
51938 0
52037 0
52059 0
52070 0
52080 0
52081 0
52092 0
52142 0
52243 0
52257 0
52320 0
52361 0
52613 0
52615 0
52639 0
52742 0
52751 0
52801 0
52818 0
52828 0
52850 0
52929 0
53046 0
53056 0
53137 0
53140 0
53176 0
53193 0
53390 0
53416 0
53451 0
53464 0
53565 0
53592 0
53856 0
53874 0
53967 0
54017 0
54197 0
54236 0
54284 0
54428 0
54508 0
54529 0
54545 0
54556 0
54593 0
54605 0
54632 0
54671 0
54684 0
54785 0
54794 0
54854 0
54865 0
54876 0
54906 0
54964 0
54977 0
54991 0
55011 0
55092 0
55203 0
55251 0
55284 0
55287 0
55339 0
55360 0
55381 0
55439 0
55541 0
55576 0
55700 0
55757 0
55775 0
55905 0
55971 0
56066 0
56102 0
56130 0
56132 0
56142 0
56169 0
56174 0
56185 0
56189 0
56337 0
56355 0
56366 0
56389 0
56406 0
56447 0
56508 0
56567 0
56598 0
56669 0
56679 0
56921 0
56967 0
57076 0
57193 0
57206 0
57214 0
57237 0
57245 0
57276 0
57314 0
57387 0
57444 0
57460 0
57483 0
57510 0
57517 0
57608 0
57647 0
57665 0
57698 0
57845 0
57866 0
58008 0
58039 0
58112 0
58150 0
58171 0
58314 0
58318 0
58364 0
58387 0
58534 0
58584 0
58619 0
58649 0
58721 0
58924 0
58948 0
59155 0
59201 0
59233 0
59241 0
59268 0
59363 0
59376 0
59420 0
59446 0
59483 0
59509 0
59553 0
59581 0
59594 0
59604 0
59609 0
59640 0
59708 0
59746 0
59774 0
59820 0
59865 0
59895 0
59903 0
60014 0
60033 0
60035 0
60054 0
60180 0
60322 0
60327 0
60345 0
60380 0
60405 0
60532 0
60658 0
60687 0
60690 0
60692 0
60697 0
60731 0
60822 0
60940 0
60979 0
60981 0
60995 0
61004 0
61118 0
61159 0
61224 0
61345 0
61412 0
61466 0
61484 0
61512 0
61538 0
61582 0
61626 0
61788 0
61927 0
61972 0
61978 0
62020 0
62123 0
62124 0
62127 0
62149 0
62249 0
62276 0
62341 0
62386 0
62402 0
62416 0
62461 0
62539 0
62648 0
62681 0
62683 0
62693 0
62706 0
62745 0
62759 0
62778 0
62883 0
62892 0
62908 0
62926 0
63000 0
63050 0
63112 0
63123 0
63146 0
63176 0
63187 0
63222 0
63233 0
63262 0
63277 0
63298 0
63433 0
63447 0
63473 0
63490 0
63507 0
63546 0
63573 0
63681 0
63806 0
63833 0
63939 0
64003 0
64016 0
64047 0
64094 0
64103 0
64172 0
64196 0
64277 0
64366 0
64384 0
64385 0
64390 0
64428 0
64444 0
64468 0
64470 0
64558 0
64639 0
64669 0
64721 0
64765 0
64815 0
64902 0
64936 0
65000 0
65005 0
65104 0
65218 0
65298 0
65302 0
65378 0
65420 0
65423 0
65545 0
65642 0
65669 0
65704 0
65733 0
65734 0
65738 0
65752 0
65769 0
65797 0
65822 0
65825 0
65894 0
65916 0
65992 0
66036 0
66097 0
66113 0
66130 0
66189 0
66213 0
66264 0
66299 0
66335 0
66367 0
66439 0
66447 0
66489 0
66509 0
66519 0
66551 0
66566 0
66604 0
66632 0
66647 0
66662 0
66679 0
66749 0
66751 0
66759 0
66806 0
66829 0
66902 0
67005 0
67105 0
67122 0
67143 0
67184 0
67270 0
67279 0
67421 0
67424 0
67441 0
67463 0
67486 0
67508 0
67655 0
67684 0
67710 0
67754 0
67825 0
67897 0
67899 0
67932 0
67971 0
67999 0
68028 0
68045 0
68060 0
68063 0
68122 0
68135 0
68147 0
68177 0
68230 0
68357 0
68411 0
68495 0
68606 0
68626 0
68690 0
68700 0
68714 0
68725 0
68766 0
68827 0
68845 0
68848 0
68901 0
68912 0
68922 0
68940 0
68967 0
69006 0
69038 0
69075 0
69118 0
69127 0
69225 0
69253 0
69268 0
69326 0
69374 0
69538 0
69586 0
69643 0
69729 0
69853 0
69904 0
69945 0
70000 0
70018 0
70031 0
70087 0
70266 0
70293 0
70295 0
70375 0
70563 0
70590 0
70688 0
70771 0
70878 0
70949 0
70995 0
71085 0
71115 0
71217 0
71252 0
71347 0
71359 0
71392 0
71424 0
71433 0
71446 0
71448 0
71452 0
71455 0
71498 0
71573 0
71661 0
71727 0
71732 0
71743 0
71827 0
71863 0
71934 0
71935 0
71951 0
71961 0
71981 0
72012 0
72013 0
72021 0
72120 0
72135 0
72278 0
72302 0
72325 0
72443 0
72464 0
72471 0
72556 0
72574 0
72629 0
72669 0
72703 0
72819 0
72951 0
73030 0
73054 0
73127 0
73144 0
73156 0
73281 0
73302 0
73306 0
73353 0
73370 0
73381 0
73467 0
73513 0
73530 0
73580 0
73658 0
74056 0
74082 0
74106 0
74113 0
74114 0
74126 0
74143 0
74164 0
74199 0
74264 0
74434 0
74468 0
74475 0
74498 0
74617 0
74689 0
74717 0
74761 0
74767 0
74805 0
74905 0
74946 0
74966 0
75070 0
75167 0
75178 0
75183 0
75223 0
75354 0
75404 0
75464 0
75470 0
75520 0
75530 0
75536 0
75553 0
75564 0
75581 0
75611 0
75638 0
75673 0
75686 0
75731 0
75780 0
75810 0
75832 0
75877 0
75995 0
76034 0
76057 0
76060 0
76214 0
76224 0
76241 0
76245 0
76287 0
76522 0
76544 0
76551 0
76558 0
76576 0
76652 0
76683 0
76690 0
76696 0
76746 0
76790 0
76792 0
76828 0
77190 0
77201 0
77284 0
77323 0
77379 0
77492 0
77629 0
77688 0
77752 0
77914 0
77994 0
78088 0
78104 0
78132 0
78157 0
78210 0
78213 0
78247 0
78252 0
78264 0
78271 0
78362 0
78619 0
78620 0
78648 0
78690 0
78796 0
78813 0
78847 0
78855 0
78873 0
78878 0
78897 0
78952 0
79097 0
79148 0
79174 0
79424 0
79453 0
79514 0
79597 0
79870 0
80006 0
80063 0
80069 0
80070 0
80085 0
80098 0
80114 0
80123 0
80180 0
80280 0
80311 0
80334 0
80456 0
80515 0
80634 0
80641 0
80659 0
80733 0
80774 0
80845 0
80906 0
80995 0
81025 0
81063 0
81189 0
81204 0
81304 0
81385 0
81386 0
81410 0
81517 0
81534 0
81587 0
81603 0
81628 0
81642 0
81672 0
81715 0
81821 0
81838 0
81841 0
81912 0
81927 0
82006 0
82037 0
82125 0
82314 0
82464 0
82543 0
82793 0
82834 0
82948 0
82950 0
82987 0
83002 0
83056 0
83128 0
83283 0
83323 0
83326 0
83441 0
83491 0
83508 0
83590 0
83596 0
83628 0
83643 0
83664 0
83676 0
83802 0
83879 0
83919 0
83963 0
84001 0
84063 0
84137 0
84170 0
84182 0
84189 0
84200 0
84230 0
84260 0
84382 0
84412 0
84448 0
84504 0
84533 0
84541 0
84547 0
84549 0
84651 0
84701 0
84702 0
84708 0
84747 0
84817 0
84825 0
84855 0
84926 0
85209 0
85223 0
85244 0
85290 0
85357 0
85360 0
85377 0
85439 0
85493 0
85537 0
85559 0
85605 0
85657 0
85692 0
85814 0
85827 0
85857 0
85885 0
86093 0
86101 0
86151 0
86200 0
86205 0
86228 0
86244 0
86344 0
86368 0
86428 0
86527 0
86600 0
86633 0
86673 0
86683 0
86749 0
86752 0
86769 0
86782 0
86806 0
86828 0
86848 0
86958 0
86991 0
87015 0
87093 0
87096 0
87101 0
87136 0
87147 0
87152 0
87287 0
87303 0
87329 0
87340 0
87410 0
87411 0
87416 0
87434 0
87472 0
87518 0
87703 0
87706 0
87820 0
87852 0
87896 0
88043 0
88076 0
88112 0
88184 0
88230 0
88251 0
88257 0
88405 0
88477 0
88534 0
88561 0
88587 0
88608 0
88736 0
88757 0
88791 0
88892 0
88912 0
88971 0
88996 0
89005 0
89022 0
89036 0
89047 0
89048 0
89065 0
89119 0
89146 0
89207 0
89349 0
89362 0
89374 0
89380 0
89395 0
89461 0
89463 0
89515 0
89557 0
89559 0
89580 0
89823 0
89991 0
90009 0
90027 0
90033 0
90178 0
90440 0
90491 0
90496 0
90618 0
90625 0
90627 0
90633 0
90642 0
90651 0
90663 0
90749 0
90753 0
90772 0
90808 0
90863 0
90880 0
90919 0
91267 0
91413 0
91457 0
91481 0
91635 0
91657 0
91659 0
91667 0
91917 0
91960 0
91993 0
92062 0
92115 0
92235 0
92269 0
92287 0
92393 0
92397 0
92460 0
92491 0
92524 0
92599 0
92634 0
92638 0
92677 0
92744 0
92763 0
92776 0
92782 0
92851 0
92865 0
92876 0
92897 0
92938 0
92946 0
92949 0
92954 0
92963 0
92976 0
93036 0
93287 0
93288 0
93363 0
93416 0
93438 0
93506 0
93530 0
93540 0
93584 0
93617 0
93619 0
93631 0
93637 0
93668 0
93671 0
93709 0
93720 0
93744 0
93792 0
93811 0
93831 0
93898 0
93919 0
93955 0
94029 0
94069 0
94093 0
94115 0
94125 0
94134 0
94247 0
94263 0
94309 0
94361 0
94365 0
94419 0
94437 0
94447 0
94504 0
94532 0
94570 0
94641 0
94651 0
94669 0
94694 0
94700 0
94701 0
94742 0
94775 0
94878 0
94896 0
94915 0
95020 0
95038 0
95053 0
95063 0
95114 0
95132 0
95158 0
95160 0
95166 0
95340 0
95450 0
95490 0
95497 0
95571 0
95770 0
95781 0
95805 0
95855 0
95868 0
95913 0
95939 0
95942 0
95944 0
95947 0
95952 0
96035 0
96036 0
96049 0
96081 0
96099 0
96152 0
96201 0
96216 0
96219 0
96254 0
96315 0
96335 0
96348 0
96448 0
96464 0
96558 0
96573 0
96704 0
96708 0
96716 0
96722 0
96755 0
96760 0
96816 0
96944 0
96993 0
97232 0
97236 0
97252 0
97279 0
97383 0
97424 0
97445 0
97617 0
97689 0
97737 0
97746 0
97761 0
97783 0
97808 0
97817 0
97874 0
97895 0
97927 0
98077 0
98139 0
98236 0
98251 0
98264 0
98291 0
98362 0
98422 0
98456 0
98543 0
98558 0
98622 0
98710 0
98725 0
98737 0
98764 0
98769 0
98794 0
98796 0
98797 0
98799 0
98860 0
98910 0
98914 0
99223 0
99233 0
99252 0
99297 0
99316 0
99347 0
99361 0
99365 0
99437 0
99461 0
99575 0
99586 0
99631 0
99641 0
99658 0
99754 0
99797 0
99842 0
99907 0
99943 0
99966 0
99983 0
