c This is a uniform distributed  1-D DIMACS file 
c width height point_number
p 100000 100000 2048
6 0
20 0
51 0
63 0
141 0
207 0
221 0
323 0
344 0
353 0
392 0
393 0
533 0
621 0
626 0
729 0
912 0
983 0
1083 0
1103 0
1117 0
1173 0
1186 0
1298 0
1325 0
1345 0
1388 0
1415 0
1437 0
1477 0
1514 0
1528 0
1541 0
1591 0
1593 0
1596 0
1736 0
1773 0
1785 0
2185 0
2245 0
2470 0
2478 0
2548 0
2633 0
2634 0
2693 0
2717 0
2723 0
2788 0
2790 0
2805 0
2859 0
2910 0
2962 0
2986 0
3130 0
3134 0
3184 0
3200 0
3205 0
3238 0
3256 0
3317 0
3319 0
3454 0
3503 0
3694 0
3747 0
3765 0
3776 0
3879 0
3929 0
3953 0
4025 0
4036 0
4155 0
4212 0
4231 0
4241 0
4264 0
4269 0
4279 0
4280 0
4322 0
4364 0
4565 0
4657 0
4727 0
4743 0
4745 0
4808 0
4850 0
5144 0
5147 0
5228 0
5257 0
5290 0
5331 0
5332 0
5344 0
5345 0
5405 0
5435 0
5522 0
5638 0
5664 0
5709 0
5774 0
5777 0
5877 0
5893 0
5961 0
5985 0
5999 0
6016 0
6018 0
6063 0
6286 0
6312 0
6358 0
6459 0
6483 0
6485 0
6549 0
6555 0
6556 0
6658 0
6663 0
6665 0
6807 0
6818 0
6826 0
6838 0
6935 0
6951 0
6965 0
6974 0
6981 0
7030 0
7099 0
7159 0
7241 0
7338 0
7429 0
7449 0
7603 0
7645 0
7684 0
7688 0
7752 0
7777 0
7787 0
7800 0
7815 0
7886 0
7899 0
7907 0
7959 0
8084 0
8159 0
8161 0
8201 0
8382 0
8399 0
8418 0
8435 0
8441 0
8507 0
8517 0
8552 0
8563 0
8589 0
8687 0
8696 0
8824 0
8847 0
9131 0
9216 0
9233 0
9276 0
9301 0
9389 0
9404 0
9429 0
9459 0
9476 0
9546 0
9623 0
9650 0
9746 0
9806 0
9829 0
9905 0
9944 0
9945 0
9968 0
9971 0
9986 0
9994 0
10009 0
10050 0
10079 0
10117 0
10144 0
10146 0
10172 0
10206 0
10244 0
10275 0
10297 0
10332 0
10394 0
10521 0
10571 0
10613 0
10621 0
10725 0
10761 0
10769 0
10778 0
10788 0
10795 0
10814 0
10819 0
11012 0
11063 0
11084 0
11091 0
11269 0
11281 0
11451 0
11542 0
11582 0
11617 0
11619 0
11647 0
11661 0
11680 0
11682 0
11714 0
11717 0
11759 0
11809 0
11842 0
11866 0
11932 0
12243 0
12276 0
12293 0
12300 0
12358 0
12403 0
12450 0
12640 0
12725 0
12730 0
12793 0
12808 0
12999 0
13127 0
13145 0
13177 0
13198 0
13200 0
13203 0
13210 0
13238 0
13339 0
13437 0
13482 0
13518 0
13554 0
13582 0
13608 0
13652 0
13658 0
13662 0
13747 0
13824 0
13897 0
13924 0
13925 0
13946 0
14038 0
14186 0
14290 0
14309 0
14330 0
14383 0
14403 0
14544 0
14564 0
14616 0
14627 0
14664 0
14690 0
14720 0
14726 0
14752 0
14759 0
14928 0
14940 0
14962 0
15008 0
15097 0
15243 0
15363 0
15393 0
15478 0
15509 0
15541 0
15585 0
15588 0
15606 0
15616 0
15673 0
15708 0
15733 0
15735 0
15810 0
15821 0
15893 0
15900 0
15952 0
16101 0
16122 0
16152 0
16200 0
16319 0
16422 0
16435 0
16593 0
16647 0
16678 0
16716 0
16727 0
16739 0
16759 0
16802 0
16876 0
16884 0
16888 0
16996 0
17027 0
17046 0
17213 0
17218 0
17277 0
17334 0
17358 0
17363 0
17386 0
17451 0
17532 0
17595 0
17619 0
17731 0
17758 0
17788 0
17856 0
17873 0
17886 0
17893 0
17974 0
18002 0
18011 0
18043 0
18100 0
18151 0
18221 0
18324 0
18348 0
18386 0
18412 0
18470 0
18499 0
18537 0
18545 0
18547 0
18619 0
18699 0
18778 0
18856 0
18865 0
19018 0
19160 0
19200 0
19202 0
19217 0
19253 0
19379 0
19402 0
19408 0
19417 0
19419 0
19464 0
19573 0
19732 0
19805 0
19842 0
19927 0
19972 0
20005 0
20013 0
20049 0
20066 0
20077 0
20194 0
20285 0
20318 0
20489 0
20511 0
20587 0
20624 0
20699 0
20712 0
20756 0
20786 0
20791 0
20892 0
20915 0
21041 0
21102 0
21150 0
21240 0
21295 0
21342 0
21404 0
21416 0
21447 0
21645 0
21649 0
21713 0
21837 0
21889 0
21907 0
21937 0
21963 0
22087 0
22097 0
22207 0
22223 0
22237 0
22289 0
22377 0
22409 0
22487 0
22658 0
22667 0
22719 0
22737 0
22883 0
22914 0
22924 0
23005 0
23015 0
23051 0
23160 0
23247 0
23290 0
23549 0
23581 0
23606 0
23620 0
23629 0
23711 0
23816 0
24097 0
24106 0
24109 0
24127 0
24160 0
24167 0
24242 0
24276 0
24393 0
24397 0
24618 0
24713 0
24714 0
24886 0
24918 0
25004 0
25074 0
25154 0
25211 0
25220 0
25249 0
25303 0
25335 0
25368 0
25477 0
25555 0
25622 0
25649 0
25702 0
25705 0
25749 0
25754 0
25892 0
25896 0
25926 0
25932 0
25950 0
25970 0
25999 0
26011 0
26356 0
26388 0
26422 0
26434 0
26566 0
26607 0
26690 0
26822 0
26849 0
26893 0
26918 0
27041 0
27114 0
27186 0
27190 0
27223 0
27246 0
27350 0
27368 0
27376 0
27433 0
27564 0
27582 0
27621 0
27633 0
27658 0
27670 0
27672 0
27701 0
27734 0
27749 0
27778 0
27804 0
27846 0
28039 0
28046 0
28085 0
28169 0
28262 0
28270 0
28274 0
28327 0
28339 0
28354 0
28532 0
28536 0
28552 0
28557 0
28588 0
28633 0
28651 0
28653 0
28674 0
28762 0
28825 0
28874 0
28942 0
28959 0
28961 0
29139 0
29220 0
29285 0
29354 0
29456 0
29459 0
29537 0
29565 0
29579 0
29709 0
29799 0
29947 0
29953 0
29969 0
30065 0
30081 0
30116 0
30266 0
30277 0
30387 0
30458 0
30479 0
30511 0
30521 0
30572 0
30575 0
30622 0
30642 0
30644 0
30662 0
30753 0
30785 0
30832 0
30854 0
30910 0
30912 0
30956 0
31085 0
31115 0
31271 0
31359 0
31366 0
31377 0
31409 0
31448 0
31451 0
31534 0
31559 0
31583 0
31597 0
31616 0
31655 0
31780 0
31812 0
31836 0
31940 0
32136 0
32171 0
32275 0
32323 0
32339 0
32408 0
32415 0
32427 0
32511 0
32553 0
32560 0
32622 0
32665 0
32669 0
32688 0
32693 0
32780 0
32907 0
32949 0
32998 0
33062 0
33066 0
33087 0
33098 0
33193 0
33234 0
33235 0
33280 0
33282 0
33302 0
33397 0
33417 0
33487 0
33491 0
33613 0
33617 0
33681 0
33694 0
33744 0
33811 0
33817 0
33863 0
33886 0
33949 0
33980 0
34048 0
34164 0
34288 0
34383 0
34428 0
34449 0
34510 0
34569 0
34576 0
34580 0
34601 0
34663 0
34671 0
34726 0
34727 0
34741 0
34752 0
34814 0
34845 0
34877 0
34895 0
34975 0
34987 0
34994 0
35012 0
35017 0
35023 0
35064 0
35189 0
35205 0
35221 0
35244 0
35250 0
35256 0
35340 0
35359 0
35387 0
35431 0
35497 0
35528 0
35591 0
35615 0
35624 0
35674 0
35710 0
35754 0
35815 0
35857 0
35913 0
35933 0
35980 0
36026 0
36089 0
36111 0
36144 0
36263 0
36377 0
36487 0
36494 0
36571 0
36641 0
36811 0
36844 0
36903 0
36926 0
36951 0
36972 0
36979 0
37005 0
37058 0
37135 0
37146 0
37150 0
37166 0
37225 0
37249 0
37261 0
37294 0
37378 0
37408 0
37411 0
37435 0
37653 0
37699 0
37753 0
37761 0
37851 0
37861 0
37875 0
37998 0
38004 0
38009 0
38010 0
38067 0
38157 0
38284 0
38347 0
38354 0
38373 0
38394 0
38431 0
38495 0
38502 0
38573 0
38594 0
38651 0
38652 0
38690 0
38707 0
38746 0
38837 0
38846 0
38962 0
38976 0
38988 0
39001 0
39004 0
39018 0
39034 0
39087 0
39128 0
39133 0
39163 0
39193 0
39298 0
39355 0
39464 0
39468 0
39544 0
39677 0
39679 0
39685 0
39686 0
39734 0
39817 0
39826 0
39841 0
39896 0
39934 0
39961 0
39977 0
39999 0
40006 0
40011 0
40032 0
40080 0
40121 0
40151 0
40159 0
40192 0
40218 0
40255 0
40436 0
40564 0
40609 0
40620 0
40662 0
40716 0
40761 0
40789 0
40802 0
40827 0
40837 0
40876 0
40954 0
41010 0
41058 0
41232 0
41239 0
41305 0
41432 0
41493 0
41504 0
41555 0
41639 0
41718 0
41748 0
41795 0
41816 0
41832 0
41968 0
42017 0
42034 0
42262 0
42326 0
42361 0
42460 0
42539 0
42549 0
42594 0
42637 0
42645 0
42666 0
42695 0
42735 0
42768 0
42844 0
42845 0
42870 0
42874 0
42901 0
42969 0
43001 0
43003 0
43102 0
43104 0
43120 0
43122 0
43123 0
43133 0
43170 0
43216 0
43234 0
43271 0
43306 0
43358 0
43412 0
43431 0
43440 0
43586 0
43609 0
43646 0
43663 0
43677 0
43741 0
43838 0
43839 0
43848 0
43906 0
43948 0
44014 0
44112 0
44139 0
44159 0
44202 0
44212 0
44285 0
44286 0
44353 0
44370 0
44465 0
44466 0
44503 0
44541 0
44544 0
44603 0
44616 0
44629 0
44652 0
44675 0
44698 0
44728 0
44746 0
44760 0
44831 0
44845 0
44962 0
44993 0
45013 0
45057 0
45074 0
45075 0
45076 0
45172 0
45370 0
45432 0
45443 0
45511 0
45515 0
45528 0
45636 0
45638 0
45695 0
45756 0
45760 0
45809 0
45813 0
45921 0
45962 0
46018 0
46025 0
46070 0
46115 0
46330 0
46356 0
46368 0
46452 0
46471 0
46527 0
46715 0
46754 0
46757 0
46799 0
46804 0
46858 0
46875 0
46927 0
46995 0
47014 0
47020 0
47030 0
47040 0
47079 0
47090 0
47146 0
47153 0
47178 0
47331 0
47336 0
47342 0
47357 0
47401 0
47418 0
47448 0
47585 0
47600 0
47615 0
47637 0
47648 0
47788 0
47811 0
47828 0
47848 0
47950 0
47968 0
48057 0
48107 0
48287 0
48299 0
48512 0
48577 0
48595 0
48610 0
48673 0
48695 0
48746 0
48752 0
48869 0
48881 0
48951 0
49071 0
49287 0
49324 0
49336 0
49359 0
49429 0
49669 0
49683 0
49722 0
49760 0
49764 0
49829 0
49831 0
49915 0
49939 0
49950 0
50021 0
50053 0
50271 0
50309 0
50331 0
50393 0
50404 0
50454 0
50497 0
50500 0
50543 0
50547 0
50550 0
50553 0
50657 0
50694 0
50791 0
50799 0
50848 0
50921 0
51008 0
51018 0
51029 0
51035 0
51082 0
51091 0
51132 0
51196 0
51211 0
51253 0
51261 0
51338 0
51370 0
51420 0
51466 0
51474 0
51672 0
51692 0
51729 0
51772 0
51827 0
51842 0
51863 0
51864 0
51916 0
51962 0
52037 0
52048 0
52049 0
52061 0
52174 0
52261 0
52271 0
52282 0
52283 0
52352 0
52361 0
52388 0
52426 0
52438 0
52553 0
52644 0
52655 0
52684 0
52717 0
52785 0
52843 0
52911 0
52931 0
52992 0
52999 0
53140 0
53153 0
53160 0
53236 0
53246 0
53272 0
53277 0
53305 0
53329 0
53404 0
53432 0
53467 0
53488 0
53523 0
53543 0
53567 0
53591 0
53595 0
53660 0
53665 0
53679 0
53692 0
53806 0
53858 0
53864 0
53943 0
53954 0
53961 0
53971 0
53988 0
54011 0
54046 0
54049 0
54052 0
54178 0
54219 0
54234 0
54250 0
54259 0
54317 0
54345 0
54374 0
54417 0
54439 0
54518 0
54577 0
54619 0
54642 0
54646 0
54684 0
54754 0
54825 0
54885 0
54937 0
54961 0
54969 0
55025 0
55097 0
55107 0
55123 0
55191 0
55214 0
55224 0
55263 0
55323 0
55489 0
55625 0
55645 0
55660 0
55785 0
55820 0
55843 0
55918 0
55984 0
55994 0
56085 0
56181 0
56217 0
56249 0
56320 0
56359 0
56404 0
56482 0
56517 0
56592 0
56680 0
56719 0
56729 0
56794 0
56800 0
56871 0
56925 0
56957 0
56967 0
57016 0
57038 0
57069 0
57084 0
57136 0
57185 0
57201 0
57332 0
57356 0
57358 0
57366 0
57415 0
57504 0
57531 0
57547 0
57588 0
57639 0
57676 0
57698 0
57787 0
57879 0
57953 0
57986 0
58007 0
58067 0
58134 0
58137 0
58150 0
58265 0
58295 0
58296 0
58375 0
58427 0
58605 0
58682 0
58684 0
58726 0
58768 0
58883 0
59023 0
59053 0
59065 0
59083 0
59124 0
59171 0
59184 0
59203 0
59284 0
59308 0
59362 0
59387 0
59400 0
59481 0
59483 0
59600 0
59602 0
59607 0
59642 0
59652 0
59657 0
59680 0
59742 0
59865 0
59925 0
59964 0
59966 0
59989 0
60031 0
60074 0
60090 0
60148 0
60162 0
60212 0
60262 0
60296 0
60345 0
60369 0
60595 0
60700 0
60711 0
60735 0
60798 0
60824 0
60905 0
60907 0
60921 0
61006 0
61015 0
61043 0
61117 0
61140 0
61158 0
61162 0
61242 0
61282 0
61317 0
61359 0
61473 0
61493 0
61625 0
61727 0
61775 0
61819 0
61971 0
62179 0
62180 0
62202 0
62308 0
62317 0
62322 0
62354 0
62356 0
62448 0
62450 0
62493 0
62551 0
62582 0
62627 0
62663 0
62665 0
62717 0
62836 0
62869 0
62871 0
62934 0
62999 0
63012 0
63135 0
63166 0
63193 0
63318 0
63321 0
63372 0
63375 0
63395 0
63414 0
63423 0
63490 0
63502 0
63745 0
63805 0
63835 0
63846 0
63859 0
63887 0
63928 0
63977 0
63981 0
64091 0
64124 0
64129 0
64173 0
64260 0
64269 0
64310 0
64318 0
64342 0
64357 0
64360 0
64365 0
64371 0
64563 0
64603 0
64615 0
64643 0
64670 0
64712 0
64828 0
64985 0
64999 0
65020 0
65066 0
65076 0
65138 0
65169 0
65193 0
65197 0
65234 0
65312 0
65330 0
65406 0
65418 0
65431 0
65452 0
65470 0
65485 0
65762 0
65904 0
65910 0
65945 0
65975 0
65998 0
66033 0
66036 0
66330 0
66341 0
66384 0
66434 0
66473 0
66546 0
66688 0
66882 0
67018 0
67042 0
67127 0
67212 0
67256 0
67281 0
67299 0
67302 0
67333 0
67406 0
67432 0
67434 0
67485 0
67493 0
67582 0
67664 0
67672 0
67677 0
67776 0
67887 0
67934 0
67941 0
67956 0
67958 0
68056 0
68115 0
68152 0
68175 0
68177 0
68187 0
68228 0
68324 0
68365 0
68372 0
68377 0
68503 0
68630 0
68672 0
68693 0
68719 0
68748 0
68770 0
68849 0
68860 0
68887 0
68935 0
68981 0
69096 0
69170 0
69189 0
69284 0
69323 0
69347 0
69414 0
69620 0
69649 0
69669 0
69677 0
69760 0
69787 0
69824 0
69868 0
69878 0
69903 0
69933 0
69975 0
70002 0
70019 0
70124 0
70139 0
70160 0
70214 0
70219 0
70224 0
70228 0
70317 0
70376 0
70423 0
70633 0
70655 0
70672 0
70750 0
70768 0
70901 0
70947 0
70985 0
71030 0
71037 0
71046 0
71068 0
71149 0
71165 0
71212 0
71228 0
71242 0
71294 0
71302 0
71362 0
71369 0
71381 0
71483 0
71510 0
71515 0
71533 0
71561 0
71654 0
71655 0
71848 0
71909 0
71936 0
72005 0
72103 0
72123 0
72124 0
72180 0
72200 0
72298 0
72326 0
72339 0
72523 0
72578 0
72605 0
72618 0
72647 0
72659 0
72849 0
72906 0
72981 0
73015 0
73022 0
73037 0
73064 0
73070 0
73139 0
73201 0
73330 0
73342 0
73527 0
73664 0
73757 0
73781 0
73833 0
73883 0
73896 0
73901 0
73913 0
73926 0
73928 0
73999 0
74020 0
74063 0
74070 0
74128 0
74183 0
74187 0
74244 0
74290 0
74313 0
74352 0
74396 0
74426 0
74464 0
74494 0
74503 0
74709 0
74789 0
74823 0
74824 0
74963 0
74982 0
75021 0
75027 0
75040 0
75128 0
75143 0
75154 0
75381 0
75576 0
75584 0
75719 0
75727 0
75750 0
75772 0
75779 0
75836 0
75851 0
75895 0
75916 0
76165 0
76166 0
76188 0
76189 0
76216 0
76275 0
76298 0
76321 0
76532 0
76560 0
76645 0
76732 0
76775 0
76863 0
77012 0
77034 0
77079 0
77123 0
77154 0
77176 0
77180 0
77183 0
77284 0
77285 0
77305 0
77325 0
77382 0
77424 0
77486 0
77528 0
77538 0
77567 0
77594 0
77606 0
77612 0
77627 0
77641 0
77658 0
77660 0
77701 0
77717 0
77814 0
77816 0
77851 0
77935 0
77965 0
77968 0
77985 0
78046 0
78098 0
78100 0
78121 0
78153 0
78190 0
78213 0
78234 0
78252 0
78262 0
78290 0
78336 0
78364 0
78475 0
78509 0
78547 0
78550 0
78633 0
78702 0
78703 0
78709 0
78719 0
78838 0
78909 0
78914 0
78930 0
78965 0
79038 0
79095 0
79120 0
79180 0
79385 0
79430 0
79440 0
79467 0
79480 0
79492 0
79584 0
79603 0
79615 0
79624 0
79677 0
79764 0
79768 0
79800 0
79802 0
80027 0
80128 0
80164 0
80276 0
80346 0
80373 0
80435 0
80483 0
80513 0
80586 0
80674 0
80719 0
80803 0
80813 0
80886 0
80927 0
80929 0
80997 0
81002 0
81030 0
81062 0
81071 0
81127 0
81200 0
81261 0
81273 0
81334 0
81370 0
81378 0
81512 0
81530 0
81583 0
81660 0
81663 0
81731 0
81751 0
81794 0
81824 0
81879 0
81881 0
81901 0
81984 0
82078 0
82273 0
82281 0
82332 0
82406 0
82510 0
82583 0
82592 0
82640 0
82643 0
82644 0
82664 0
82702 0
82775 0
82776 0
82795 0
82854 0
82868 0
83040 0
83088 0
83148 0
83200 0
83210 0
83251 0
83292 0
83335 0
83361 0
83381 0
83395 0
83481 0
83491 0
83526 0
83536 0
83537 0
83559 0
83599 0
83651 0
83675 0
83891 0
83901 0
84086 0
84134 0
84154 0
84159 0
84198 0
84221 0
84269 0
84277 0
84283 0
84314 0
84315 0
84445 0
84475 0
84582 0
84707 0
84754 0
84925 0
84934 0
84974 0
84996 0
85046 0
85064 0
85089 0
85103 0
85116 0
85195 0
85216 0
85234 0
85453 0
85465 0
85509 0
85530 0
85536 0
85585 0
85604 0
85694 0
85803 0
85864 0
85907 0
85992 0
86024 0
86089 0
86095 0
86180 0
86287 0
86329 0
86343 0
86358 0
86391 0
86438 0
86472 0
86562 0
86578 0
86636 0
86659 0
86803 0
86807 0
86976 0
87063 0
87086 0
87246 0
87300 0
87333 0
87372 0
87402 0
87404 0
87537 0
87583 0
87591 0
87609 0
87627 0
87670 0
87721 0
87836 0
87860 0
87897 0
87937 0
87969 0
87980 0
88002 0
88030 0
88071 0
88118 0
88128 0
88257 0
88318 0
88502 0
88514 0
88590 0
88647 0
88667 0
88688 0
88689 0
88777 0
88780 0
88796 0
88969 0
88988 0
89036 0
89059 0
89082 0
89133 0
89227 0
89253 0
89263 0
89276 0
89287 0
89434 0
89582 0
89594 0
89782 0
89791 0
89886 0
89903 0
89931 0
89962 0
89984 0
90014 0
90178 0
90242 0
90261 0
90318 0
90368 0
90400 0
90438 0
90510 0
90542 0
90551 0
90562 0
90700 0
90748 0
90822 0
90838 0
90848 0
90888 0
91173 0
91263 0
91265 0
91290 0
91294 0
91415 0
91578 0
91608 0
91609 0
91631 0
91634 0
91772 0
91793 0
91865 0
91867 0
91962 0
91965 0
91988 0
92091 0
92111 0
92281 0
92282 0
92297 0
92323 0
92339 0
92349 0
92370 0
92386 0
92400 0
92552 0
92576 0
92675 0
92781 0
92942 0
92952 0
92997 0
93078 0
93088 0
93139 0
93178 0
93188 0
93222 0
93258 0
93292 0
93301 0
93357 0
93381 0
93496 0
93738 0
93772 0
94020 0
94123 0
94169 0
94211 0
94220 0
94239 0
94250 0
94318 0
94359 0
94396 0
94425 0
94426 0
94483 0
94882 0
94891 0
94957 0
95017 0
95047 0
95100 0
95137 0
95144 0
95151 0
95225 0
95233 0
95238 0
95307 0
95387 0
95480 0
95504 0
95546 0
95556 0
95580 0
95620 0
95634 0
95640 0
95755 0
95769 0
95822 0
95856 0
95920 0
95943 0
95954 0
96067 0
96115 0
96166 0
96387 0
96463 0
96479 0
96646 0
96669 0
96686 0
96765 0
96827 0
96876 0
96907 0
96914 0
96917 0
96981 0
97122 0
97163 0
97172 0
97215 0
97256 0
97261 0
97383 0
97388 0
97404 0
97651 0
97657 0
97700 0
97721 0
97796 0
97807 0
97871 0
97950 0
97953 0
97973 0
97987 0
98054 0
98109 0
98110 0
98112 0
98216 0
98253 0
98307 0
98355 0
98381 0
98513 0
98592 0
98830 0
98873 0
98939 0
98964 0
99108 0
99339 0
99347 0
99373 0
99450 0
99482 0
99499 0
99568 0
99583 0
99683 0
99686 0
99688 0
99717 0
99854 0
99884 0
