c This is a uniform distributed  1-D DIMACS file 
c width height point_number
p 100000 100000 2048
16 0
22 0
37 0
109 0
173 0
360 0
420 0
454 0
473 0
551 0
615 0
660 0
679 0
692 0
730 0
834 0
940 0
997 0
1057 0
1063 0
1076 0
1291 0
1318 0
1402 0
1405 0
1438 0
1472 0
1495 0
1509 0
1598 0
1650 0
1700 0
1748 0
1760 0
1816 0
1879 0
1939 0
1995 0
2040 0
2153 0
2161 0
2185 0
2195 0
2214 0
2262 0
2271 0
2293 0
2326 0
2331 0
2377 0
2385 0
2407 0
2534 0
2589 0
2607 0
2834 0
2858 0
2884 0
3024 0
3040 0
3060 0
3114 0
3161 0
3181 0
3227 0
3239 0
3277 0
3293 0
3305 0
3355 0
3377 0
3456 0
3506 0
3547 0
3588 0
3620 0
3627 0
3748 0
3825 0
3852 0
3871 0
3883 0
3922 0
3945 0
3955 0
3973 0
3975 0
3985 0
3996 0
4016 0
4020 0
4059 0
4121 0
4190 0
4266 0
4349 0
4446 0
4449 0
4516 0
4556 0
4610 0
4715 0
4790 0
4834 0
4849 0
4869 0
4992 0
5011 0
5029 0
5032 0
5080 0
5190 0
5226 0
5231 0
5282 0
5293 0
5307 0
5353 0
5372 0
5380 0
5399 0
5435 0
5442 0
5548 0
5577 0
5664 0
5691 0
5722 0
5726 0
5730 0
5757 0
5826 0
5829 0
5836 0
5848 0
5894 0
5898 0
5982 0
6003 0
6053 0
6095 0
6155 0
6180 0
6271 0
6287 0
6368 0
6377 0
6486 0
6520 0
6527 0
6572 0
6725 0
6770 0
6901 0
6963 0
7029 0
7071 0
7312 0
7470 0
7516 0
7548 0
7557 0
7580 0
7615 0
7654 0
7696 0
7771 0
7883 0
7925 0
7934 0
7971 0
7978 0
7982 0
7986 0
7992 0
8000 0
8056 0
8122 0
8176 0
8206 0
8224 0
8267 0
8289 0
8308 0
8362 0
8377 0
8383 0
8407 0
8424 0
8500 0
8574 0
8633 0
8637 0
8701 0
8821 0
8851 0
8868 0
8869 0
8882 0
8962 0
8978 0
9004 0
9063 0
9065 0
9080 0
9122 0
9137 0
9273 0
9346 0
9574 0
9601 0
9650 0
9653 0
9667 0
9675 0
9701 0
9785 0
9791 0
9818 0
9823 0
9848 0
9925 0
9950 0
10023 0
10093 0
10107 0
10146 0
10243 0
10335 0
10361 0
10362 0
10388 0
10423 0
10466 0
10704 0
10717 0
10896 0
10947 0
10992 0
11001 0
11017 0
11050 0
11078 0
11091 0
11119 0
11157 0
11182 0
11224 0
11246 0
11248 0
11387 0
11388 0
11615 0
11625 0
11677 0
11685 0
11686 0
11703 0
11720 0
11723 0
11767 0
11926 0
12022 0
12029 0
12057 0
12088 0
12220 0
12261 0
12271 0
12526 0
12550 0
12552 0
12557 0
12589 0
12724 0
12801 0
12907 0
13064 0
13143 0
13219 0
13224 0
13261 0
13271 0
13314 0
13358 0
13399 0
13463 0
13665 0
13684 0
13803 0
13861 0
13880 0
13917 0
13918 0
13949 0
13981 0
14264 0
14341 0
14387 0
14575 0
14640 0
14703 0
14747 0
14798 0
14822 0
14843 0
14924 0
14941 0
14962 0
14980 0
15004 0
15016 0
15024 0
15043 0
15130 0
15145 0
15190 0
15193 0
15249 0
15287 0
15413 0
15491 0
15637 0
15690 0
15828 0
15853 0
15997 0
16088 0
16140 0
16213 0
16237 0
16301 0
16434 0
16436 0
16559 0
16661 0
16720 0
16966 0
17126 0
17137 0
17143 0
17193 0
17197 0
17390 0
17418 0
17424 0
17455 0
17477 0
17598 0
17636 0
17772 0
17818 0
17980 0
17999 0
18035 0
18057 0
18110 0
18125 0
18188 0
18278 0
18287 0
18293 0
18312 0
18342 0
18351 0
18414 0
18490 0
18530 0
18548 0
18575 0
18583 0
18610 0
18620 0
18623 0
18638 0
18722 0
18727 0
18783 0
18878 0
18935 0
19174 0
19176 0
19190 0
19311 0
19390 0
19557 0
19620 0
19641 0
19668 0
19693 0
19713 0
19733 0
19741 0
19825 0
19851 0
19879 0
19898 0
19937 0
20028 0
20033 0
20149 0
20270 0
20312 0
20337 0
20366 0
20405 0
20493 0
20650 0
20711 0
20835 0
20862 0
20873 0
20887 0
20976 0
21101 0
21121 0
21151 0
21171 0
21227 0
21247 0
21271 0
21378 0
21422 0
21467 0
21489 0
21641 0
21692 0
21695 0
21706 0
21734 0
21753 0
21769 0
21775 0
21796 0
21833 0
21845 0
21890 0
21909 0
21913 0
21928 0
21930 0
21983 0
22015 0
22017 0
22109 0
22125 0
22186 0
22274 0
22363 0
22387 0
22399 0
22407 0
22531 0
22558 0
22612 0
22641 0
22702 0
22714 0
22751 0
22801 0
22861 0
22863 0
22891 0
22902 0
22938 0
23014 0
23019 0
23023 0
23207 0
23276 0
23345 0
23366 0
23484 0
23498 0
23510 0
23554 0
23661 0
23717 0
23787 0
23801 0
23823 0
23924 0
24135 0
24161 0
24204 0
24244 0
24321 0
24346 0
24408 0
24428 0
24528 0
24584 0
24721 0
24738 0
24789 0
24833 0
24837 0
24941 0
25030 0
25036 0
25084 0
25114 0
25151 0
25154 0
25234 0
25301 0
25320 0
25357 0
25396 0
25410 0
25486 0
25500 0
25503 0
25618 0
25625 0
25629 0
25651 0
25652 0
25851 0
25882 0
25886 0
25954 0
25965 0
25970 0
26090 0
26123 0
26132 0
26200 0
26233 0
26300 0
26381 0
26463 0
26502 0
26578 0
26596 0
26681 0
26709 0
26716 0
26843 0
26863 0
26915 0
26940 0
27000 0
27075 0
27342 0
27398 0
27447 0
27464 0
27600 0
27699 0
27707 0
27717 0
27739 0
27761 0
27891 0
27950 0
27964 0
28049 0
28098 0
28136 0
28236 0
28277 0
28392 0
28422 0
28534 0
28559 0
28567 0
28583 0
28619 0
28724 0
28726 0
28787 0
28964 0
28967 0
28971 0
28986 0
29199 0
29250 0
29285 0
29288 0
29302 0
29311 0
29408 0
29510 0
29513 0
29547 0
29613 0
29618 0
29628 0
29631 0
29649 0
29682 0
29698 0
29725 0
29769 0
29776 0
29807 0
29830 0
29900 0
29919 0
29940 0
30017 0
30056 0
30071 0
30075 0
30119 0
30152 0
30299 0
30382 0
30452 0
30455 0
30459 0
30548 0
30557 0
30595 0
30612 0
30621 0
30624 0
30739 0
30745 0
30799 0
30820 0
30839 0
30927 0
30968 0
30979 0
30998 0
31083 0
31095 0
31153 0
31272 0
31351 0
31363 0
31381 0
31384 0
31480 0
31606 0
31638 0
31650 0
31733 0
31778 0
31911 0
31921 0
32092 0
32101 0
32128 0
32195 0
32250 0
32254 0
32292 0
32301 0
32338 0
32442 0
32549 0
32553 0
32603 0
32813 0
32836 0
32996 0
33042 0
33142 0
33147 0
33196 0
33220 0
33237 0
33246 0
33260 0
33371 0
33399 0
33422 0
33479 0
33499 0
33580 0
33595 0
33658 0
33685 0
33713 0
33715 0
33742 0
33753 0
33777 0
33874 0
33912 0
33964 0
34066 0
34241 0
34380 0
34382 0
34485 0
34591 0
34792 0
34793 0
34821 0
34966 0
34971 0
34972 0
35002 0
35032 0
35040 0
35074 0
35274 0
35303 0
35304 0
35367 0
35386 0
35419 0
35460 0
35530 0
35592 0
35655 0
35666 0
35753 0
35850 0
35888 0
35967 0
35983 0
35993 0
36100 0
36114 0
36134 0
36179 0
36214 0
36235 0
36327 0
36364 0
36427 0
36545 0
36591 0
36605 0
36649 0
36650 0
36683 0
36703 0
36834 0
36840 0
36873 0
36897 0
37031 0
37038 0
37075 0
37101 0
37130 0
37194 0
37221 0
37247 0
37367 0
37412 0
37424 0
37460 0
37476 0
37569 0
37668 0
37690 0
37699 0
37768 0
37812 0
37881 0
37985 0
38026 0
38040 0
38081 0
38085 0
38090 0
38174 0
38208 0
38276 0
38350 0
38383 0
38411 0
38453 0
38456 0
38469 0
38604 0
38646 0
38672 0
38765 0
38805 0
38847 0
38874 0
38902 0
39009 0
39012 0
39015 0
39048 0
39121 0
39134 0
39172 0
39184 0
39198 0
39280 0
39362 0
39405 0
39407 0
39495 0
39551 0
39580 0
39586 0
39619 0
39657 0
39713 0
39715 0
39768 0
39888 0
39891 0
39959 0
40020 0
40059 0
40091 0
40125 0
40154 0
40207 0
40322 0
40331 0
40334 0
40364 0
40380 0
40430 0
40464 0
40586 0
40600 0
40621 0
40637 0
40651 0
40666 0
40731 0
40747 0
40808 0
40847 0
40881 0
40936 0
40972 0
41038 0
41043 0
41070 0
41087 0
41104 0
41121 0
41157 0
41183 0
41253 0
41350 0
41352 0
41368 0
41373 0
41391 0
41393 0
41405 0
41535 0
41630 0
41682 0
41694 0
41716 0
41732 0
41737 0
41811 0
41813 0
41860 0
41904 0
41927 0
41931 0
41943 0
41977 0
42022 0
42074 0
42140 0
42171 0
42175 0
42222 0
42317 0
42341 0
42347 0
42380 0
42403 0
42425 0
42456 0
42526 0
42550 0
42638 0
42718 0
42784 0
42785 0
42836 0
42912 0
42914 0
42931 0
43021 0
43064 0
43075 0
43093 0
43239 0
43287 0
43353 0
43393 0
43488 0
43593 0
43642 0
43667 0
43763 0
43857 0
43926 0
43949 0
43958 0
43979 0
44076 0
44232 0
44266 0
44385 0
44391 0
44393 0
44424 0
44464 0
44814 0
44865 0
44917 0
45002 0
45010 0
45076 0
45079 0
45146 0
45314 0
45317 0
45379 0
45381 0
45383 0
45467 0
45520 0
45598 0
45605 0
45623 0
45637 0
45710 0
45712 0
45769 0
45819 0
45854 0
45873 0
45914 0
45989 0
45996 0
46024 0
46074 0
46078 0
46309 0
46426 0
46475 0
46510 0
46548 0
46571 0
46578 0
46616 0
46645 0
46652 0
46683 0
46696 0
46714 0
46743 0
46843 0
46885 0
46887 0
46919 0
46944 0
46952 0
47020 0
47022 0
47027 0
47038 0
47053 0
47089 0
47180 0
47252 0
47294 0
47329 0
47354 0
47368 0
47389 0
47407 0
47437 0
47623 0
47624 0
47636 0
47681 0
47685 0
47701 0
47741 0
47749 0
47792 0
47797 0
47843 0
47858 0
47892 0
47896 0
47902 0
47977 0
48036 0
48143 0
48184 0
48262 0
48307 0
48310 0
48312 0
48326 0
48341 0
48354 0
48361 0
48365 0
48393 0
48483 0
48563 0
48573 0
48614 0
48726 0
48843 0
48847 0
48870 0
48893 0
48896 0
48955 0
48988 0
49075 0
49148 0
49239 0
49260 0
49270 0
49294 0
49323 0
49331 0
49335 0
49382 0
49455 0
49463 0
49478 0
49505 0
49623 0
49625 0
49639 0
49685 0
49703 0
49761 0
49822 0
49826 0
50016 0
50038 0
50045 0
50080 0
50090 0
50118 0
50135 0
50154 0
50168 0
50198 0
50297 0
50391 0
50438 0
50481 0
50613 0
50671 0
50680 0
50701 0
50706 0
50713 0
50822 0
50823 0
50928 0
51008 0
51043 0
51094 0
51108 0
51141 0
51143 0
51208 0
51265 0
51281 0
51385 0
51479 0
51495 0
51508 0
51730 0
51919 0
51993 0
52058 0
52116 0
52161 0
52193 0
52272 0
52275 0
52294 0
52453 0
52488 0
52489 0
52539 0
52593 0
52600 0
52681 0
52742 0
52744 0
52760 0
52777 0
52908 0
52911 0
52926 0
52970 0
52976 0
53059 0
53125 0
53126 0
53200 0
53237 0
53380 0
53501 0
53536 0
53598 0
53603 0
53626 0
53731 0
53746 0
53790 0
53830 0
53848 0
53867 0
53985 0
54155 0
54217 0
54264 0
54340 0
54348 0
54392 0
54399 0
54405 0
54446 0
54463 0
54489 0
54575 0
54593 0
54687 0
54699 0
54781 0
54801 0
54824 0
54926 0
54966 0
54985 0
55029 0
55037 0
55085 0
55211 0
55234 0
55243 0
55356 0
55384 0
55562 0
55762 0
55818 0
55868 0
55886 0
55897 0
55973 0
55995 0
56006 0
56047 0
56106 0
56149 0
56352 0
56373 0
56555 0
56617 0
56618 0
56663 0
56780 0
56790 0
56804 0
56831 0
56943 0
56980 0
57065 0
57088 0
57230 0
57300 0
57325 0
57329 0
57341 0
57384 0
57436 0
57494 0
57546 0
57549 0
57595 0
57628 0
57631 0
57725 0
57782 0
57809 0
57830 0
57941 0
57971 0
58002 0
58157 0
58185 0
58194 0
58283 0
58365 0
58558 0
58586 0
58606 0
58623 0
58677 0
58683 0
58804 0
58811 0
58896 0
58910 0
58981 0
59013 0
59198 0
59201 0
59252 0
59275 0
59338 0
59421 0
59423 0
59425 0
59441 0
59464 0
59480 0
59507 0
59546 0
59567 0
59742 0
59768 0
59825 0
59902 0
59998 0
60095 0
60117 0
60248 0
60363 0
60372 0
60594 0
60813 0
60835 0
60837 0
60910 0
60952 0
60997 0
61010 0
61015 0
61069 0
61159 0
61204 0
61248 0
61262 0
61293 0
61337 0
61338 0
61358 0
61362 0
61470 0
61536 0
61569 0
61617 0
61711 0
61712 0
61804 0
61857 0
61937 0
62084 0
62199 0
62239 0
62294 0
62309 0
62318 0
62319 0
62479 0
62500 0
62605 0
62632 0
62718 0
62723 0
62745 0
62775 0
62784 0
62802 0
62818 0
62820 0
62863 0
62956 0
63059 0
63149 0
63186 0
63253 0
63326 0
63349 0
63381 0
63391 0
63400 0
63620 0
63622 0
63660 0
63785 0
63800 0
63870 0
63874 0
63928 0
63947 0
63984 0
63993 0
64039 0
64053 0
64195 0
64209 0
64340 0
64371 0
64433 0
64489 0
64497 0
64508 0
64574 0
64691 0
64750 0
64855 0
64892 0
64994 0
65016 0
65065 0
65129 0
65165 0
65241 0
65281 0
65297 0
65304 0
65318 0
65334 0
65336 0
65341 0
65372 0
65408 0
65422 0
65433 0
65447 0
65496 0
65513 0
65560 0
65580 0
65585 0
65607 0
65625 0
65665 0
65716 0
65786 0
65788 0
65796 0
65814 0
65821 0
65844 0
66025 0
66081 0
66187 0
66234 0
66312 0
66382 0
66466 0
66555 0
66599 0
66601 0
66611 0
66621 0
66671 0
66710 0
66722 0
66799 0
66823 0
66881 0
66950 0
66960 0
67004 0
67027 0
67047 0
67114 0
67125 0
67176 0
67201 0
67273 0
67320 0
67353 0
67381 0
67396 0
67425 0
67466 0
67562 0
67617 0
67694 0
67728 0
67739 0
67798 0
67857 0
67878 0
67906 0
67959 0
67981 0
68014 0
68043 0
68075 0
68097 0
68169 0
68185 0
68236 0
68286 0
68298 0
68412 0
68483 0
68491 0
68514 0
68530 0
68565 0
68654 0
68675 0
68790 0
68809 0
68848 0
68871 0
68938 0
68945 0
69004 0
69083 0
69325 0
69386 0
69552 0
69560 0
69575 0
69728 0
69730 0
69743 0
69808 0
69826 0
69841 0
69885 0
70189 0
70367 0
70423 0
70441 0
70468 0
70556 0
70560 0
70561 0
70594 0
70758 0
70781 0
70834 0
70841 0
70854 0
70891 0
71007 0
71014 0
71017 0
71091 0
71140 0
71280 0
71316 0
71371 0
71444 0
71528 0
71541 0
71643 0
71674 0
71758 0
71789 0
71808 0
71857 0
71925 0
71984 0
72018 0
72048 0
72081 0
72163 0
72165 0
72269 0
72289 0
72340 0
72380 0
72396 0
72437 0
72493 0
72512 0
72656 0
72808 0
72845 0
72882 0
72883 0
72923 0
72988 0
73000 0
73002 0
73122 0
73162 0
73307 0
73313 0
73323 0
73348 0
73352 0
73355 0
73368 0
73378 0
73443 0
73458 0
73488 0
73500 0
73702 0
73898 0
73905 0
73920 0
74028 0
74066 0
74077 0
74135 0
74231 0
74248 0
74295 0
74318 0
74323 0
74329 0
74389 0
74507 0
74552 0
74632 0
74649 0
74668 0
74675 0
74739 0
74758 0
74808 0
74892 0
74898 0
74933 0
75066 0
75083 0
75161 0
75194 0
75292 0
75339 0
75410 0
75469 0
75506 0
75543 0
75554 0
75597 0
75617 0
75640 0
75710 0
75751 0
75757 0
75787 0
75832 0
75833 0
75877 0
75904 0
75920 0
75934 0
75940 0
75951 0
75988 0
76093 0
76110 0
76131 0
76157 0
76175 0
76196 0
76364 0
76498 0
76540 0
76560 0
76679 0
76726 0
76758 0
76761 0
76769 0
76804 0
76807 0
76942 0
76997 0
77067 0
77088 0
77150 0
77162 0
77165 0
77309 0
77367 0
77389 0
77423 0
77473 0
77594 0
77695 0
77797 0
77807 0
77846 0
77868 0
77919 0
77920 0
77997 0
78009 0
78018 0
78033 0
78038 0
78124 0
78126 0
78178 0
78240 0
78316 0
78334 0
78337 0
78345 0
78396 0
78434 0
78451 0
78500 0
78511 0
78531 0
78609 0
78732 0
78755 0
78793 0
78842 0
78877 0
78884 0
78935 0
78983 0
79036 0
79071 0
79135 0
79144 0
79193 0
79254 0
79539 0
79601 0
79609 0
79638 0
79651 0
79654 0
79687 0
79705 0
79715 0
79729 0
79750 0
79901 0
79922 0
79966 0
80012 0
80060 0
80096 0
80245 0
80296 0
80413 0
80446 0
80461 0
80521 0
80580 0
80634 0
80655 0
80715 0
80730 0
80745 0
80753 0
80892 0
80895 0
80896 0
80954 0
80992 0
81005 0
81037 0
81088 0
81148 0
81173 0
81292 0
81360 0
81418 0
81470 0
81494 0
81501 0
81543 0
81612 0
81630 0
81687 0
81758 0
81823 0
81834 0
81876 0
81928 0
81993 0
82036 0
82105 0
82174 0
82253 0
82263 0
82323 0
82372 0
82398 0
82404 0
82432 0
82534 0
82587 0
82615 0
82625 0
82724 0
82817 0
82835 0
82883 0
82901 0
83066 0
83123 0
83140 0
83282 0
83294 0
83356 0
83381 0
83480 0
83567 0
83631 0
83801 0
83806 0
83822 0
83864 0
83989 0
84002 0
84032 0
84053 0
84077 0
84091 0
84135 0
84157 0
84165 0
84210 0
84242 0
84343 0
84406 0
84443 0
84448 0
84456 0
84458 0
84468 0
84498 0
84507 0
84513 0
84550 0
84663 0
84889 0
84912 0
84933 0
84975 0
84980 0
85089 0
85232 0
85247 0
85297 0
85443 0
85524 0
85634 0
85726 0
85739 0
85772 0
85781 0
85819 0
85827 0
86014 0
86033 0
86089 0
86146 0
86233 0
86241 0
86321 0
86359 0
86426 0
86522 0
86530 0
86561 0
86564 0
86646 0
86684 0
86818 0
86869 0
86885 0
86909 0
86954 0
86991 0
87091 0
87171 0
87247 0
87273 0
87299 0
87384 0
87393 0
87440 0
87571 0
87641 0
87646 0
87678 0
87746 0
87888 0
87900 0
87955 0
87956 0
87968 0
88045 0
88082 0
88151 0
88166 0
88294 0
88392 0
88427 0
88553 0
88566 0
88793 0
88899 0
88937 0
88944 0
88983 0
89002 0
89079 0
89164 0
89337 0
89344 0
89398 0
89424 0
89427 0
89436 0
89457 0
89468 0
89489 0
89496 0
89572 0
89582 0
89735 0
89760 0
89762 0
89772 0
89787 0
89837 0
89870 0
89908 0
90003 0
90042 0
90100 0
90145 0
90183 0
90218 0
90399 0
90512 0
90568 0
90595 0
90658 0
90756 0
90794 0
90813 0
90838 0
90908 0
90954 0
91109 0
91357 0
91447 0
91448 0
91556 0
91584 0
91609 0
91623 0
91648 0
91657 0
91662 0
91682 0
91751 0
91794 0
91795 0
91808 0
91838 0
91862 0
91892 0
91995 0
92053 0
92065 0
92086 0
92239 0
92316 0
92345 0
92437 0
92459 0
92488 0
92496 0
92537 0
92621 0
92641 0
92651 0
92661 0
92677 0
92729 0
92765 0
92938 0
92974 0
93041 0
93077 0
93099 0
93128 0
93131 0
93195 0
93210 0
93355 0
93392 0
93475 0
93487 0
93513 0
93524 0
93552 0
93694 0
93723 0
93751 0
93795 0
94093 0
94106 0
94194 0
94242 0
94318 0
94501 0
94514 0
94561 0
94571 0
94598 0
94651 0
94708 0
94709 0
94741 0
94772 0
94829 0
94851 0
94863 0
94876 0
94905 0
95063 0
95104 0
95118 0
95179 0
95195 0
95208 0
95265 0
95276 0
95280 0
95322 0
95351 0
95372 0
95568 0
95611 0
95671 0
95731 0
95762 0
95821 0
95873 0
95900 0
95940 0
96052 0
96087 0
96093 0
96118 0
96201 0
96208 0
96251 0
96391 0
96451 0
96476 0
96541 0
96568 0
96576 0
96635 0
96663 0
96670 0
96675 0
96765 0
96782 0
96793 0
96799 0
96901 0
96925 0
96971 0
96994 0
97087 0
97167 0
97184 0
97186 0
97230 0
97255 0
97264 0
97419 0
97483 0
97508 0
97512 0
97658 0
97707 0
97779 0
97800 0
97811 0
97814 0
97843 0
97877 0
97934 0
97952 0
97998 0
98015 0
98027 0
98038 0
98085 0
98200 0
98219 0
98275 0
98295 0
98390 0
98391 0
98395 0
98454 0
98495 0
98548 0
98554 0
98584 0
98610 0
98637 0
98643 0
98651 0
98668 0
98770 0
98818 0
98823 0
98886 0
98973 0
99030 0
99046 0
99108 0
99132 0
99148 0
99152 0
99179 0
99376 0
99447 0
99508 0
99520 0
99526 0
99541 0
99567 0
99614 0
99650 0
99678 0
99815 0
99841 0
99849 0
99850 0
99907 0
99916 0
