c This is a uniform distributed  1-D DIMACS file 
c width height point_number
p 100000 100000 2048
12 0
71 0
130 0
166 0
168 0
186 0
231 0
232 0
240 0
328 0
363 0
377 0
455 0
566 0
604 0
671 0
683 0
720 0
805 0
820 0
829 0
998 0
1030 0
1095 0
1143 0
1250 0
1288 0
1309 0
1321 0
1388 0
1458 0
1481 0
1530 0
1689 0
1716 0
1752 0
1764 0
1774 0
1840 0
1846 0
1861 0
1900 0
1925 0
2064 0
2096 0
2104 0
2148 0
2232 0
2237 0
2260 0
2283 0
2307 0
2388 0
2414 0
2465 0
2550 0
2565 0
2710 0
2744 0
2748 0
2770 0
2848 0
2853 0
2858 0
2877 0
2928 0
2960 0
3102 0
3110 0
3289 0
3299 0
3301 0
3323 0
3465 0
3506 0
3522 0
3530 0
3534 0
3541 0
3555 0
3619 0
3621 0
3750 0
3855 0
3857 0
3869 0
3909 0
3939 0
3944 0
4004 0
4046 0
4081 0
4113 0
4175 0
4254 0
4276 0
4300 0
4306 0
4392 0
4441 0
4465 0
4501 0
4579 0
4657 0
4760 0
4929 0
4930 0
4976 0
4992 0
5062 0
5111 0
5154 0
5165 0
5226 0
5233 0
5328 0
5555 0
5576 0
5622 0
5741 0
5760 0
5793 0
5796 0
5830 0
5861 0
5875 0
5914 0
5918 0
5948 0
5969 0
6020 0
6101 0
6120 0
6141 0
6148 0
6232 0
6450 0
6772 0
6852 0
6889 0
6899 0
6908 0
6927 0
7064 0
7107 0
7168 0
7183 0
7638 0
7782 0
7786 0
7908 0
7960 0
7988 0
7990 0
8066 0
8093 0
8126 0
8154 0
8258 0
8289 0
8424 0
8466 0
8617 0
8648 0
8672 0
8676 0
8705 0
8716 0
8748 0
8750 0
8850 0
8971 0
8990 0
9130 0
9139 0
9144 0
9258 0
9331 0
9390 0
9438 0
9440 0
9460 0
9539 0
9645 0
9654 0
9662 0
9711 0
9737 0
9785 0
9788 0
9916 0
9961 0
9974 0
9976 0
9998 0
10192 0
10239 0
10284 0
10375 0
10406 0
10521 0
10537 0
10542 0
10567 0
10645 0
10703 0
10724 0
10731 0
10744 0
10749 0
10765 0
10775 0
10815 0
10835 0
10855 0
10951 0
11041 0
11190 0
11267 0
11361 0
11363 0
11413 0
11424 0
11470 0
11650 0
11671 0
11717 0
11734 0
11745 0
11838 0
11846 0
11860 0
11950 0
12001 0
12017 0
12055 0
12170 0
12229 0
12317 0
12324 0
12362 0
12395 0
12445 0
12446 0
12448 0
12458 0
12488 0
12721 0
12730 0
12765 0
12853 0
12873 0
12885 0
12913 0
12917 0
12937 0
12967 0
12996 0
12999 0
13043 0
13045 0
13084 0
13144 0
13177 0
13221 0
13284 0
13290 0
13300 0
13313 0
13493 0
13498 0
13526 0
13777 0
13783 0
13816 0
13846 0
13852 0
13920 0
14016 0
14020 0
14032 0
14080 0
14135 0
14144 0
14187 0
14191 0
14238 0
14420 0
14463 0
14521 0
14712 0
14724 0
14731 0
14847 0
14897 0
14949 0
14956 0
14979 0
14998 0
14999 0
15001 0
15130 0
15171 0
15215 0
15375 0
15416 0
15494 0
15559 0
15618 0
15665 0
15713 0
15778 0
15827 0
15829 0
15842 0
15896 0
15910 0
15931 0
16012 0
16025 0
16060 0
16105 0
16144 0
16166 0
16183 0
16193 0
16195 0
16239 0
16281 0
16392 0
16463 0
16466 0
16488 0
16527 0
16603 0
16620 0
16650 0
16726 0
16838 0
16862 0
16901 0
16943 0
16992 0
17031 0
17089 0
17175 0
17203 0
17211 0
17220 0
17256 0
17425 0
17454 0
17458 0
17519 0
17553 0
17578 0
17621 0
17666 0
17714 0
17819 0
17875 0
17903 0
18067 0
18083 0
18128 0
18262 0
18376 0
18531 0
18607 0
18618 0
18637 0
18653 0
18675 0
18798 0
18799 0
18871 0
18900 0
18901 0
18984 0
19063 0
19118 0
19175 0
19183 0
19186 0
19279 0
19281 0
19298 0
19302 0
19331 0
19344 0
19369 0
19382 0
19439 0
19498 0
19536 0
19539 0
19549 0
19645 0
19744 0
19829 0
19830 0
19863 0
19911 0
19935 0
19939 0
19942 0
20032 0
20051 0
20102 0
20261 0
20272 0
20329 0
20429 0
20445 0
20490 0
20590 0
20625 0
20628 0
20663 0
20743 0
20752 0
20772 0
20840 0
20881 0
20969 0
21061 0
21099 0
21105 0
21141 0
21195 0
21221 0
21316 0
21344 0
21362 0
21444 0
21450 0
21476 0
21519 0
21562 0
21567 0
21611 0
21624 0
21712 0
21782 0
21862 0
21927 0
21936 0
21953 0
22035 0
22116 0
22119 0
22123 0
22131 0
22187 0
22222 0
22233 0
22269 0
22391 0
22559 0
22635 0
22654 0
22677 0
22716 0
22780 0
22808 0
22841 0
22894 0
22909 0
22913 0
23019 0
23030 0
23059 0
23073 0
23109 0
23114 0
23131 0
23209 0
23215 0
23430 0
23482 0
23493 0
23494 0
23579 0
23592 0
23621 0
23708 0
23781 0
23848 0
23937 0
23971 0
24033 0
24041 0
24060 0
24178 0
24191 0
24289 0
24385 0
24443 0
24474 0
24517 0
24528 0
24582 0
24592 0
24597 0
24609 0
24664 0
24714 0
24766 0
24779 0
24799 0
24876 0
24970 0
25007 0
25016 0
25044 0
25082 0
25284 0
25291 0
25333 0
25354 0
25416 0
25554 0
25576 0
25618 0
25714 0
25733 0
25763 0
25801 0
25805 0
25909 0
26058 0
26104 0
26120 0
26198 0
26256 0
26306 0
26315 0
26360 0
26371 0
26373 0
26385 0
26501 0
26635 0
26721 0
26726 0
26766 0
26851 0
26865 0
26866 0
26924 0
26946 0
26965 0
26996 0
27023 0
27034 0
27058 0
27098 0
27251 0
27293 0
27363 0
27376 0
27470 0
27485 0
27649 0
27701 0
27765 0
27891 0
27905 0
27982 0
28040 0
28064 0
28144 0
28146 0
28202 0
28229 0
28359 0
28378 0
28390 0
28415 0
28444 0
28497 0
28569 0
28597 0
28610 0
28635 0
28672 0
28719 0
28724 0
28749 0
28799 0
28813 0
28886 0
28915 0
28960 0
29153 0
29166 0
29181 0
29184 0
29233 0
29344 0
29369 0
29422 0
29425 0
29471 0
29489 0
29518 0
29531 0
29539 0
29563 0
29578 0
29631 0
29677 0
29713 0
29835 0
29950 0
30021 0
30106 0
30115 0
30178 0
30297 0
30347 0
30382 0
30402 0
30416 0
30440 0
30494 0
30659 0
30724 0
30775 0
30849 0
30862 0
30865 0
30880 0
30929 0
30988 0
31064 0
31215 0
31357 0
31382 0
31505 0
31549 0
31615 0
31718 0
31719 0
31720 0
31748 0
31798 0
31906 0
31976 0
32024 0
32077 0
32087 0
32112 0
32192 0
32213 0
32223 0
32275 0
32279 0
32315 0
32332 0
32427 0
32554 0
32559 0
32655 0
32658 0
32739 0
32877 0
32895 0
33076 0
33095 0
33125 0
33160 0
33173 0
33196 0
33331 0
33342 0
33349 0
33391 0
33424 0
33538 0
33611 0
33626 0
33690 0
33723 0
33759 0
33766 0
33865 0
33882 0
33926 0
33929 0
34038 0
34149 0
34154 0
34159 0
34180 0
34296 0
34364 0
34369 0
34434 0
34514 0
34588 0
34647 0
34673 0
34708 0
34721 0
34738 0
34792 0
34844 0
34854 0
34895 0
35003 0
35089 0
35094 0
35096 0
35169 0
35200 0
35233 0
35288 0
35365 0
35384 0
35434 0
35459 0
35464 0
35569 0
35589 0
35636 0
35686 0
35767 0
35772 0
35915 0
36038 0
36187 0
36295 0
36343 0
36359 0
36389 0
36492 0
36522 0
36579 0
36608 0
36662 0
36707 0
36741 0
36743 0
36766 0
36788 0
37028 0
37130 0
37258 0
37262 0
37274 0
37277 0
37333 0
37385 0
37406 0
37415 0
37430 0
37650 0
37658 0
37686 0
37697 0
37754 0
37801 0
37833 0
37923 0
37924 0
37997 0
38013 0
38023 0
38053 0
38088 0
38139 0
38190 0
38283 0
38345 0
38358 0
38438 0
38483 0
38606 0
38699 0
38717 0
38798 0
38803 0
38885 0
38922 0
39057 0
39063 0
39088 0
39162 0
39173 0
39224 0
39318 0
39342 0
39533 0
39575 0
39586 0
39590 0
39597 0
39640 0
39647 0
39652 0
39767 0
39785 0
39801 0
39933 0
39943 0
40034 0
40043 0
40061 0
40136 0
40164 0
40165 0
40199 0
40201 0
40282 0
40290 0
40352 0
40425 0
40469 0
40471 0
40483 0
40853 0
40876 0
40877 0
40934 0
40973 0
41009 0
41042 0
41108 0
41117 0
41138 0
41142 0
41150 0
41171 0
41279 0
41287 0
41294 0
41331 0
41339 0
41356 0
41374 0
41391 0
41404 0
41413 0
41427 0
41455 0
41645 0
41660 0
41702 0
41713 0
41733 0
41772 0
41813 0
41851 0
41868 0
42076 0
42093 0
42182 0
42243 0
42332 0
42347 0
42416 0
42637 0
42698 0
42706 0
42790 0
42796 0
42820 0
42821 0
42842 0
42860 0
42952 0
43142 0
43218 0
43225 0
43237 0
43267 0
43313 0
43440 0
43451 0
43489 0
43552 0
43568 0
43618 0
43648 0
43652 0
43711 0
43750 0
43898 0
43922 0
43982 0
44035 0
44111 0
44193 0
44238 0
44255 0
44285 0
44376 0
44391 0
44417 0
44446 0
44456 0
44471 0
44542 0
44562 0
44593 0
44615 0
44633 0
44639 0
44702 0
44703 0
44788 0
44938 0
44939 0
44950 0
44957 0
44970 0
45030 0
45033 0
45080 0
45089 0
45138 0
45143 0
45149 0
45226 0
45321 0
45348 0
45353 0
45413 0
45615 0
45740 0
45766 0
45768 0
45810 0
45838 0
45914 0
45927 0
46014 0
46032 0
46057 0
46069 0
46098 0
46149 0
46237 0
46309 0
46374 0
46431 0
46624 0
46850 0
46909 0
46914 0
46969 0
46972 0
47037 0
47056 0
47062 0
47100 0
47104 0
47110 0
47122 0
47318 0
47377 0
47406 0
47485 0
47498 0
47512 0
47530 0
47580 0
47609 0
47691 0
47793 0
47808 0
47811 0
47831 0
47844 0
47861 0
47874 0
47905 0
47949 0
47952 0
48048 0
48071 0
48155 0
48256 0
48286 0
48352 0
48366 0
48494 0
48641 0
48664 0
48734 0
48760 0
48854 0
48937 0
49024 0
49052 0
49072 0
49141 0
49161 0
49190 0
49214 0
49219 0
49223 0
49285 0
49294 0
49385 0
49505 0
49601 0
49605 0
49686 0
49727 0
49745 0
49763 0
49785 0
49791 0
49802 0
49806 0
49833 0
49852 0
49914 0
49928 0
49995 0
50070 0
50171 0
50223 0
50258 0
50395 0
50403 0
50425 0
50434 0
50570 0
50609 0
50636 0
50754 0
50764 0
50824 0
50834 0
50843 0
50996 0
51033 0
51076 0
51090 0
51095 0
51206 0
51207 0
51426 0
51446 0
51484 0
51585 0
51601 0
51836 0
51837 0
51872 0
51941 0
51957 0
52043 0
52067 0
52158 0
52160 0
52191 0
52210 0
52234 0
52281 0
52385 0
52413 0
52509 0
52511 0
52541 0
52598 0
52674 0
52711 0
52831 0
52841 0
52846 0
52953 0
52965 0
53036 0
53062 0
53097 0
53237 0
53329 0
53361 0
53466 0
53474 0
53522 0
53620 0
53897 0
53939 0
53970 0
54025 0
54108 0
54157 0
54204 0
54279 0
54311 0
54325 0
54338 0
54354 0
54384 0
54447 0
54471 0
54478 0
54496 0
54513 0
54558 0
54742 0
54777 0
54780 0
54790 0
54807 0
54912 0
54991 0
55010 0
55017 0
55139 0
55290 0
55305 0
55328 0
55374 0
55457 0
55458 0
55466 0
55475 0
55477 0
55579 0
55673 0
55781 0
55856 0
55921 0
55936 0
56068 0
56099 0
56230 0
56298 0
56323 0
56376 0
56378 0
56422 0
56531 0
56541 0
56564 0
56574 0
56626 0
56762 0
56794 0
56796 0
56834 0
56913 0
56984 0
57027 0
57029 0
57055 0
57197 0
57204 0
57244 0
57313 0
57357 0
57399 0
57462 0
57473 0
57476 0
57487 0
57489 0
57522 0
57583 0
57613 0
57778 0
57790 0
57954 0
57970 0
58142 0
58230 0
58272 0
58334 0
58374 0
58448 0
58480 0
58615 0
58673 0
58774 0
58775 0
58797 0
58848 0
58926 0
58972 0
59011 0
59074 0
59132 0
59144 0
59226 0
59249 0
59311 0
59383 0
59488 0
59539 0
59579 0
59585 0
59602 0
59685 0
59715 0
59746 0
59758 0
59808 0
59866 0
59869 0
59959 0
59964 0
59967 0
59990 0
60069 0
60141 0
60143 0
60172 0
60244 0
60301 0
60341 0
60495 0
60511 0
60533 0
60582 0
60589 0
60648 0
60683 0
60692 0
60714 0
60722 0
60747 0
60748 0
60814 0
60822 0
60865 0
60868 0
60929 0
60952 0
60964 0
60993 0
60999 0
61039 0
61068 0
61122 0
61165 0
61175 0
61305 0
61317 0
61635 0
61667 0
61716 0
61718 0
61729 0
61757 0
61759 0
61841 0
61853 0
61900 0
62114 0
62241 0
62247 0
62270 0
62278 0
62372 0
62399 0
62438 0
62472 0
62580 0
62593 0
62650 0
62795 0
62799 0
62829 0
62868 0
62915 0
63001 0
63046 0
63417 0
63419 0
63554 0
63593 0
63677 0
63724 0
63730 0
63755 0
63774 0
63776 0
63777 0
63814 0
63850 0
63938 0
63967 0
63971 0
63989 0
64064 0
64105 0
64192 0
64196 0
64225 0
64239 0
64327 0
64384 0
64396 0
64469 0
64554 0
64755 0
64785 0
64855 0
64863 0
64891 0
64911 0
65009 0
65070 0
65143 0
65176 0
65184 0
65190 0
65234 0
65235 0
65255 0
65292 0
65321 0
65353 0
65403 0
65506 0
65514 0
65585 0
65640 0
65667 0
65732 0
65781 0
65815 0
65837 0
65892 0
65896 0
65904 0
65913 0
65935 0
65951 0
65963 0
65985 0
66066 0
66121 0
66135 0
66195 0
66227 0
66290 0
66296 0
66336 0
66343 0
66355 0
66384 0
66478 0
66481 0
66522 0
66615 0
66646 0
66729 0
66736 0
66781 0
66784 0
66789 0
66860 0
66912 0
66979 0
67029 0
67037 0
67171 0
67198 0
67266 0
67306 0
67324 0
67335 0
67401 0
67453 0
67467 0
67492 0
67509 0
67547 0
67613 0
67645 0
67714 0
67773 0
67785 0
67791 0
67797 0
68006 0
68050 0
68052 0
68132 0
68176 0
68236 0
68315 0
68361 0
68382 0
68400 0
68418 0
68449 0
68475 0
68496 0
68548 0
68558 0
68615 0
68742 0
68774 0
68798 0
68876 0
69099 0
69104 0
69121 0
69180 0
69206 0
69262 0
69308 0
69317 0
69459 0
69471 0
69482 0
69544 0
69565 0
69578 0
69596 0
69613 0
69643 0
69660 0
69764 0
69790 0
69791 0
69800 0
69832 0
69909 0
69915 0
69975 0
70019 0
70035 0
70070 0
70108 0
70132 0
70192 0
70295 0
70356 0
70425 0
70461 0
70522 0
70615 0
70642 0
70656 0
70666 0
70690 0
70808 0
70825 0
70910 0
70912 0
70924 0
70978 0
70993 0
71022 0
71210 0
71261 0
71275 0
71284 0
71346 0
71391 0
71428 0
71485 0
71490 0
71509 0
71547 0
71561 0
71623 0
71637 0
71700 0
71728 0
71770 0
71774 0
71804 0
71867 0
71990 0
71996 0
72033 0
72153 0
72196 0
72210 0
72234 0
72256 0
72316 0
72395 0
72475 0
72604 0
72605 0
72662 0
72704 0
72735 0
72810 0
72950 0
72985 0
73017 0
73123 0
73224 0
73232 0
73351 0
73398 0
73409 0
73423 0
73441 0
73583 0
73637 0
73642 0
73674 0
73748 0
73770 0
73864 0
74077 0
74142 0
74202 0
74240 0
74266 0
74275 0
74377 0
74393 0
74422 0
74457 0
74470 0
74483 0
74488 0
74493 0
74511 0
74638 0
74768 0
74864 0
74966 0
75003 0
75081 0
75247 0
75270 0
75348 0
75358 0
75403 0
75513 0
75516 0
75532 0
75538 0
75645 0
75710 0
75750 0
75756 0
75774 0
75817 0
75993 0
76018 0
76220 0
76235 0
76265 0
76290 0
76319 0
76345 0
76361 0
76438 0
76538 0
76554 0
76599 0
76613 0
76671 0
76738 0
76849 0
76869 0
76880 0
76894 0
76901 0
76934 0
76936 0
77012 0
77027 0
77110 0
77220 0
77278 0
77289 0
77304 0
77414 0
77631 0
77638 0
77658 0
77690 0
77782 0
77852 0
77938 0
77954 0
77962 0
78056 0
78105 0
78123 0
78130 0
78182 0
78207 0
78380 0
78503 0
78587 0
78598 0
78710 0
78711 0
78712 0
78727 0
78765 0
78771 0
78773 0
78879 0
78896 0
79056 0
79071 0
79141 0
79163 0
79201 0
79267 0
79418 0
79474 0
79522 0
79605 0
79616 0
79642 0
79766 0
79773 0
79834 0
79870 0
79926 0
80146 0
80212 0
80224 0
80242 0
80326 0
80343 0
80478 0
80489 0
80604 0
80639 0
80686 0
80760 0
80768 0
80821 0
80886 0
80887 0
80904 0
80906 0
81072 0
81105 0
81157 0
81197 0
81208 0
81223 0
81262 0
81354 0
81376 0
81479 0
81491 0
81613 0
81626 0
81646 0
81647 0
81655 0
81792 0
81877 0
81881 0
81930 0
81937 0
81945 0
81988 0
81996 0
81997 0
82026 0
82032 0
82140 0
82171 0
82192 0
82248 0
82308 0
82312 0
82325 0
82334 0
82372 0
82396 0
82398 0
82438 0
82558 0
82578 0
82584 0
82589 0
82613 0
82630 0
82657 0
82691 0
82734 0
82784 0
82790 0
82792 0
82860 0
82867 0
82943 0
83000 0
83097 0
83176 0
83200 0
83355 0
83433 0
83565 0
83575 0
83611 0
83663 0
83677 0
83720 0
83756 0
83791 0
83800 0
83821 0
83860 0
83930 0
84016 0
84029 0
84051 0
84182 0
84203 0
84214 0
84224 0
84285 0
84311 0
84400 0
84466 0
84633 0
84641 0
84711 0
84718 0
84725 0
84788 0
84882 0
84929 0
84956 0
84971 0
84986 0
84995 0
85011 0
85025 0
85074 0
85081 0
85290 0
85327 0
85378 0
85390 0
85404 0
85424 0
85428 0
85498 0
85547 0
85598 0
85615 0
85694 0
85964 0
86024 0
86115 0
86132 0
86143 0
86350 0
86361 0
86492 0
86493 0
86552 0
86598 0
86981 0
87005 0
87052 0
87084 0
87099 0
87119 0
87139 0
87194 0
87215 0
87218 0
87243 0
87253 0
87257 0
87281 0
87311 0
87347 0
87354 0
87358 0
87368 0
87416 0
87465 0
87516 0
87532 0
87545 0
87806 0
87870 0
87979 0
88078 0
88124 0
88210 0
88231 0
88318 0
88322 0
88327 0
88336 0
88342 0
88402 0
88437 0
88438 0
88455 0
88528 0
88561 0
88577 0
88767 0
88801 0
88890 0
88900 0
88934 0
88978 0
88984 0
89022 0
89053 0
89287 0
89323 0
89337 0
89346 0
89348 0
89350 0
89417 0
89443 0
89452 0
89489 0
89499 0
89512 0
89550 0
89572 0
89579 0
89698 0
89712 0
89856 0
89860 0
89868 0
89873 0
89997 0
90012 0
90127 0
90171 0
90183 0
90252 0
90263 0
90282 0
90289 0
90336 0
90367 0
90459 0
90487 0
90532 0
90533 0
90564 0
90593 0
90684 0
90756 0
90779 0
90854 0
90938 0
90960 0
90979 0
90984 0
91130 0
91225 0
91267 0
91300 0
91417 0
91438 0
91444 0
91494 0
91533 0
91555 0
91616 0
91621 0
91786 0
91804 0
91886 0
91909 0
91910 0
91996 0
92008 0
92050 0
92287 0
92301 0
92316 0
92386 0
92426 0
92450 0
92458 0
92552 0
92670 0
92716 0
92739 0
92829 0
92915 0
93011 0
93060 0
93076 0
93117 0
93142 0
93198 0
93226 0
93229 0
93230 0
93251 0
93318 0
93386 0
93399 0
93427 0
93437 0
93447 0
93481 0
93519 0
93531 0
93551 0
93586 0
93638 0
93695 0
93732 0
93755 0
93798 0
93908 0
93969 0
93982 0
94006 0
94008 0
94184 0
94196 0
94268 0
94294 0
94305 0
94315 0
94459 0
94467 0
94504 0
94512 0
94513 0
94523 0
94566 0
94588 0
94697 0
94700 0
94702 0
94716 0
94779 0
94783 0
94967 0
95086 0
95127 0
95210 0
95219 0
95221 0
95225 0
95300 0
95492 0
95567 0
95568 0
95570 0
95599 0
95615 0
95637 0
95684 0
95720 0
95732 0
95757 0
95780 0
95818 0
95838 0
95839 0
95883 0
95887 0
95916 0
95932 0
95981 0
96024 0
96027 0
96118 0
96181 0
96227 0
96248 0
96320 0
96335 0
96369 0
96415 0
96437 0
96492 0
96677 0
96717 0
96737 0
96758 0
96769 0
96770 0
96784 0
96822 0
96824 0
96930 0
97052 0
97092 0
97200 0
97364 0
97405 0
97412 0
97483 0
97552 0
97668 0
97684 0
97825 0
97863 0
97903 0
97933 0
97940 0
97948 0
97952 0
97965 0
98042 0
98107 0
98114 0
98127 0
98136 0
98196 0
98214 0
98273 0
98289 0
98322 0
98427 0
98434 0
98525 0
98565 0
98604 0
98740 0
98791 0
98797 0
98806 0
98878 0
98927 0
99012 0
99040 0
99054 0
99136 0
99298 0
99352 0
99376 0
99432 0
99500 0
99535 0
99552 0
99671 0
99788 0
99813 0
99844 0
99886 0
99890 0
