c This is a uniform distributed  1-D DIMACS file 
c width height point_number
p 100000 100000 2048
80 0
113 0
140 0
144 0
148 0
166 0
498 0
521 0
574 0
639 0
699 0
817 0
908 0
947 0
969 0
1090 0
1142 0
1182 0
1192 0
1273 0
1322 0
1349 0
1428 0
1500 0
1505 0
1605 0
1630 0
1661 0
1667 0
1681 0
1700 0
1718 0
1764 0
1789 0
1793 0
1890 0
1955 0
1967 0
1984 0
2035 0
2083 0
2097 0
2104 0
2125 0
2251 0
2255 0
2422 0
2444 0
2539 0
2591 0
2624 0
2638 0
2644 0
2701 0
2783 0
2830 0
2842 0
2892 0
2936 0
3043 0
3069 0
3086 0
3251 0
3406 0
3452 0
3477 0
3525 0
3546 0
3550 0
3566 0
3684 0
3715 0
3757 0
3759 0
3796 0
3866 0
3911 0
3925 0
4051 0
4147 0
4192 0
4228 0
4275 0
4324 0
4350 0
4400 0
4480 0
4489 0
4507 0
4519 0
4521 0
4655 0
4671 0
4683 0
4699 0
4745 0
4765 0
4806 0
4811 0
4827 0
4853 0
4872 0
4878 0
4887 0
4889 0
4980 0
5146 0
5148 0
5208 0
5232 0
5252 0
5352 0
5359 0
5394 0
5404 0
5452 0
5481 0
5558 0
5560 0
5570 0
5623 0
5628 0
5742 0
5805 0
5809 0
5815 0
5849 0
5882 0
5984 0
6009 0
6021 0
6074 0
6180 0
6203 0
6221 0
6234 0
6265 0
6290 0
6358 0
6509 0
6513 0
6649 0
6690 0
6731 0
6793 0
6810 0
6811 0
6857 0
6941 0
7033 0
7049 0
7054 0
7093 0
7137 0
7175 0
7182 0
7241 0
7331 0
7345 0
7398 0
7412 0
7464 0
7481 0
7508 0
7521 0
7557 0
7722 0
7823 0
7835 0
7838 0
7863 0
7991 0
8061 0
8087 0
8104 0
8123 0
8147 0
8292 0
8333 0
8347 0
8405 0
8420 0
8516 0
8543 0
8570 0
8605 0
8700 0
8817 0
8837 0
8861 0
8946 0
9139 0
9244 0
9250 0
9275 0
9291 0
9314 0
9485 0
9515 0
9553 0
9597 0
9679 0
9739 0
9747 0
9807 0
9900 0
9996 0
9997 0
10094 0
10097 0
10110 0
10130 0
10138 0
10140 0
10144 0
10251 0
10288 0
10295 0
10300 0
10344 0
10347 0
10349 0
10423 0
10445 0
10571 0
10598 0
10599 0
10645 0
10706 0
10737 0
10834 0
10860 0
10923 0
10933 0
10938 0
10946 0
10982 0
11048 0
11052 0
11094 0
11109 0
11126 0
11144 0
11153 0
11175 0
11296 0
11353 0
11373 0
11451 0
11452 0
11489 0
11616 0
11649 0
11774 0
11814 0
11957 0
11969 0
11981 0
11994 0
12110 0
12113 0
12138 0
12150 0
12173 0
12188 0
12280 0
12323 0
12353 0
12656 0
12739 0
12755 0
12772 0
13042 0
13156 0
13168 0
13322 0
13350 0
13540 0
13725 0
13737 0
13758 0
13762 0
13793 0
13817 0
13897 0
13936 0
13955 0
14057 0
14189 0
14360 0
14470 0
14493 0
14559 0
14627 0
14648 0
14649 0
14658 0
14675 0
14698 0
14718 0
14753 0
14861 0
14869 0
14983 0
15019 0
15141 0
15184 0
15193 0
15282 0
15313 0
15366 0
15385 0
15391 0
15464 0
15552 0
15747 0
15777 0
15832 0
15993 0
16028 0
16075 0
16106 0
16116 0
16150 0
16163 0
16170 0
16216 0
16232 0
16253 0
16287 0
16369 0
16385 0
16389 0
16439 0
16615 0
16623 0
16665 0
16673 0
16736 0
16858 0
16878 0
16958 0
17010 0
17014 0
17048 0
17071 0
17102 0
17157 0
17172 0
17260 0
17295 0
17449 0
17480 0
17525 0
17577 0
17584 0
17647 0
17670 0
17692 0
17830 0
17901 0
17913 0
17937 0
17953 0
17978 0
18053 0
18070 0
18155 0
18281 0
18330 0
18351 0
18390 0
18443 0
18465 0
18483 0
18518 0
18580 0
18624 0
18642 0
18709 0
18774 0
18783 0
18822 0
18960 0
19229 0
19299 0
19407 0
19469 0
19473 0
19662 0
19663 0
19691 0
19701 0
19718 0
19823 0
19850 0
19956 0
19964 0
19973 0
20094 0
20107 0
20117 0
20123 0
20177 0
20196 0
20249 0
20273 0
20304 0
20313 0
20321 0
20375 0
20394 0
20472 0
20540 0
20589 0
20640 0
20641 0
20699 0
20762 0
20833 0
20976 0
21069 0
21111 0
21139 0
21193 0
21289 0
21294 0
21383 0
21397 0
21427 0
21437 0
21473 0
21528 0
21539 0
21570 0
21585 0
21607 0
21624 0
21724 0
21733 0
21750 0
21780 0
21918 0
21957 0
22252 0
22351 0
22410 0
22525 0
22607 0
22617 0
22690 0
22764 0
22767 0
22777 0
22851 0
22867 0
22912 0
22926 0
23000 0
23118 0
23125 0
23129 0
23161 0
23180 0
23203 0
23290 0
23367 0
23408 0
23450 0
23467 0
23483 0
23495 0
23543 0
23573 0
23590 0
23596 0
23665 0
23682 0
23689 0
23691 0
23732 0
23747 0
23776 0
23811 0
23834 0
23917 0
23930 0
23941 0
23948 0
23959 0
24039 0
24109 0
24187 0
24241 0
24273 0
24322 0
24323 0
24326 0
24377 0
24382 0
24406 0
24487 0
24551 0
24561 0
24614 0
24626 0
24696 0
24804 0
24810 0
24822 0
24841 0
24843 0
24876 0
24878 0
24880 0
24882 0
24899 0
24992 0
25051 0
25144 0
25146 0
25175 0
25265 0
25280 0
25292 0
25329 0
25371 0
25382 0
25386 0
25416 0
25431 0
25468 0
25545 0
25548 0
25614 0
25742 0
25747 0
25760 0
25845 0
25884 0
25985 0
26019 0
26029 0
26120 0
26174 0
26228 0
26371 0
26396 0
26402 0
26491 0
26498 0
26552 0
26570 0
26642 0
26730 0
26734 0
26923 0
27129 0
27186 0
27262 0
27309 0
27356 0
27384 0
27412 0
27429 0
27441 0
27478 0
27495 0
27519 0
27573 0
27679 0
27727 0
27883 0
27948 0
27977 0
27988 0
27995 0
28027 0
28140 0
28143 0
28182 0
28326 0
28327 0
28348 0
28395 0
28448 0
28638 0
28689 0
28764 0
28826 0
28877 0
28897 0
28907 0
29222 0
29297 0
29355 0
29391 0
29394 0
29413 0
29448 0
29504 0
29521 0
29560 0
29682 0
29714 0
29717 0
29729 0
29739 0
29772 0
29810 0
29862 0
29887 0
29890 0
29922 0
30045 0
30155 0
30198 0
30315 0
30370 0
30411 0
30450 0
30462 0
30550 0
30562 0
30589 0
30652 0
30678 0
30694 0
30753 0
30789 0
30807 0
30920 0
30929 0
30936 0
31124 0
31150 0
31249 0
31255 0
31288 0
31305 0
31359 0
31373 0
31374 0
31502 0
31524 0
31549 0
31676 0
31703 0
31726 0
31790 0
31851 0
31870 0
31954 0
32026 0
32029 0
32138 0
32188 0
32210 0
32294 0
32324 0
32353 0
32407 0
32427 0
32485 0
32503 0
32520 0
32525 0
32612 0
32820 0
32981 0
33042 0
33107 0
33129 0
33154 0
33219 0
33360 0
33412 0
33453 0
33474 0
33502 0
33675 0
33704 0
33759 0
33773 0
33926 0
33972 0
33993 0
34015 0
34054 0
34203 0
34358 0
34363 0
34372 0
34402 0
34413 0
34423 0
34429 0
34610 0
34642 0
34644 0
34657 0
34702 0
34732 0
34778 0
34796 0
34974 0
35068 0
35118 0
35124 0
35160 0
35236 0
35263 0
35273 0
35346 0
35492 0
35680 0
35711 0
35760 0
35770 0
35809 0
36138 0
36163 0
36208 0
36263 0
36280 0
36516 0
36522 0
36544 0
36560 0
36654 0
36687 0
36713 0
36868 0
36917 0
37023 0
37059 0
37098 0
37175 0
37178 0
37210 0
37305 0
37324 0
37437 0
37522 0
37604 0
37758 0
37877 0
37888 0
37902 0
37944 0
38018 0
38031 0
38035 0
38057 0
38123 0
38238 0
38268 0
38306 0
38314 0
38319 0
38330 0
38349 0
38430 0
38441 0
38453 0
38493 0
38502 0
38517 0
38526 0
38542 0
38642 0
38659 0
38682 0
38805 0
38858 0
38931 0
39027 0
39045 0
39050 0
39168 0
39234 0
39280 0
39333 0
39384 0
39488 0
39503 0
39536 0
39561 0
39617 0
39675 0
39759 0
39902 0
39961 0
40003 0
40029 0
40039 0
40114 0
40219 0
40249 0
40317 0
40351 0
40371 0
40376 0
40406 0
40566 0
40583 0
40599 0
40693 0
40702 0
40710 0
40727 0
40754 0
40841 0
40854 0
40925 0
41022 0
41242 0
41252 0
41296 0
41386 0
41397 0
41398 0
41510 0
41546 0
41629 0
41665 0
41678 0
41745 0
41772 0
41801 0
41810 0
41900 0
42047 0
42076 0
42085 0
42277 0
42319 0
42328 0
42545 0
42574 0
42605 0
42664 0
42721 0
42734 0
42785 0
42829 0
42839 0
42856 0
42869 0
42886 0
43012 0
43062 0
43108 0
43119 0
43123 0
43146 0
43156 0
43202 0
43237 0
43258 0
43271 0
43293 0
43305 0
43318 0
43371 0
43374 0
43400 0
43418 0
43448 0
43529 0
43533 0
43564 0
43602 0
43605 0
43628 0
43693 0
43806 0
43862 0
43867 0
43883 0
43899 0
44052 0
44061 0
44104 0
44120 0
44229 0
44233 0
44278 0
44281 0
44420 0
44533 0
44578 0
44676 0
44683 0
44771 0
44786 0
44815 0
44877 0
44913 0
45011 0
45032 0
45156 0
45169 0
45175 0
45195 0
45205 0
45502 0
45519 0
45524 0
45532 0
45585 0
45647 0
45691 0
45738 0
45765 0
45771 0
45795 0
45804 0
45828 0
46002 0
46127 0
46144 0
46250 0
46265 0
46329 0
46339 0
46426 0
46471 0
46541 0
46546 0
46562 0
46582 0
46624 0
46652 0
46723 0
46779 0
46787 0
46943 0
46988 0
47093 0
47114 0
47153 0
47186 0
47271 0
47345 0
47418 0
47470 0
47648 0
47699 0
47729 0
47772 0
47791 0
47810 0
47827 0
47883 0
47937 0
47953 0
47997 0
48118 0
48150 0
48171 0
48253 0
48303 0
48375 0
48383 0
48392 0
48414 0
48425 0
48441 0
48522 0
48564 0
48569 0
48600 0
48617 0
48736 0
48848 0
48918 0
48971 0
48990 0
48999 0
49135 0
49184 0
49193 0
49267 0
49275 0
49295 0
49332 0
49333 0
49358 0
49406 0
49430 0
49438 0
49463 0
49480 0
49500 0
49533 0
49579 0
49589 0
49596 0
49621 0
49663 0
49722 0
49727 0
49736 0
49893 0
49919 0
49941 0
49948 0
49981 0
49990 0
50214 0
50235 0
50275 0
50333 0
50375 0
50383 0
50452 0
50511 0
50604 0
50636 0
50654 0
50655 0
50697 0
50700 0
50737 0
50781 0
50794 0
50837 0
50944 0
50954 0
50971 0
50985 0
50999 0
51007 0
51036 0
51059 0
51066 0
51143 0
51163 0
51202 0
51246 0
51264 0
51329 0
51414 0
51453 0
51507 0
51524 0
51577 0
51684 0
51700 0
51722 0
51746 0
51851 0
51881 0
51941 0
52043 0
52086 0
52099 0
52100 0
52129 0
52140 0
52181 0
52182 0
52262 0
52314 0
52357 0
52423 0
52538 0
52546 0
52550 0
52573 0
52605 0
52641 0
52732 0
52806 0
52875 0
52913 0
52924 0
52926 0
52936 0
53004 0
53098 0
53107 0
53228 0
53246 0
53264 0
53296 0
53359 0
53370 0
53405 0
53879 0
53882 0
54010 0
54038 0
54051 0
54052 0
54066 0
54240 0
54248 0
54308 0
54392 0
54396 0
54417 0
54440 0
54449 0
54480 0
54498 0
54509 0
54584 0
54586 0
54614 0
54652 0
54716 0
54763 0
54820 0
54837 0
54903 0
55024 0
55061 0
55176 0
55196 0
55214 0
55327 0
55441 0
55605 0
55696 0
55714 0
55717 0
55725 0
55736 0
55748 0
55762 0
55845 0
55890 0
55893 0
55919 0
55925 0
55952 0
55996 0
56004 0
56024 0
56119 0
56170 0
56171 0
56341 0
56433 0
56445 0
56478 0
56533 0
56587 0
56685 0
56886 0
56925 0
56996 0
57011 0
57039 0
57067 0
57092 0
57179 0
57249 0
57412 0
57677 0
57693 0
57785 0
57830 0
57832 0
57841 0
57862 0
57872 0
57903 0
57971 0
58049 0
58056 0
58069 0
58087 0
58106 0
58145 0
58192 0
58260 0
58272 0
58276 0
58279 0
58291 0
58364 0
58374 0
58475 0
58491 0
58522 0
58542 0
58554 0
58597 0
58605 0
58672 0
58701 0
58703 0
58739 0
58743 0
58850 0
58985 0
59074 0
59094 0
59131 0
59133 0
59199 0
59211 0
59263 0
59298 0
59312 0
59517 0
59548 0
59626 0
59701 0
59736 0
59783 0
59856 0
59867 0
59934 0
60008 0
60017 0
60045 0
60127 0
60152 0
60190 0
60233 0
60279 0
60307 0
60312 0
60379 0
60392 0
60415 0
60476 0
60496 0
60511 0
60521 0
60548 0
60571 0
60641 0
60725 0
60736 0
60755 0
60785 0
60825 0
60877 0
60932 0
61061 0
61065 0
61162 0
61231 0
61278 0
61393 0
61416 0
61419 0
61439 0
61498 0
61500 0
61512 0
61544 0
61650 0
61654 0
61672 0
61683 0
61977 0
62003 0
62008 0
62026 0
62133 0
62156 0
62186 0
62290 0
62291 0
62341 0
62387 0
62401 0
62420 0
62428 0
62433 0
62478 0
62491 0
62495 0
62540 0
62569 0
62578 0
62660 0
62698 0
62709 0
62747 0
62779 0
62808 0
62819 0
62871 0
62959 0
63127 0
63131 0
63143 0
63158 0
63204 0
63244 0
63446 0
63459 0
63484 0
63503 0
63547 0
63600 0
63602 0
63630 0
63638 0
63647 0
63715 0
63794 0
63812 0
63857 0
63868 0
63875 0
63948 0
64196 0
64207 0
64394 0
64413 0
64475 0
64571 0
64572 0
64684 0
64813 0
64816 0
64839 0
64870 0
64890 0
65012 0
65017 0
65075 0
65114 0
65164 0
65172 0
65256 0
65266 0
65410 0
65528 0
65544 0
65547 0
65556 0
65582 0
65589 0
65616 0
65706 0
65718 0
65739 0
65746 0
65778 0
65794 0
65821 0
65865 0
65919 0
65954 0
66015 0
66025 0
66464 0
66471 0
66599 0
66610 0
66632 0
66692 0
66888 0
66961 0
66972 0
66990 0
67092 0
67131 0
67241 0
67260 0
67308 0
67309 0
67314 0
67326 0
67430 0
67651 0
67695 0
67713 0
67732 0
67750 0
67761 0
67771 0
67794 0
67823 0
67848 0
67865 0
67882 0
68022 0
68036 0
68060 0
68109 0
68195 0
68229 0
68230 0
68257 0
68384 0
68444 0
68450 0
68558 0
68601 0
68743 0
68748 0
68770 0
68871 0
68985 0
69019 0
69055 0
69173 0
69206 0
69241 0
69251 0
69257 0
69268 0
69270 0
69315 0
69359 0
69392 0
69406 0
69411 0
69435 0
69440 0
69516 0
69519 0
69549 0
69641 0
69650 0
69705 0
69782 0
69856 0
69895 0
69993 0
70068 0
70089 0
70111 0
70112 0
70124 0
70150 0
70178 0
70192 0
70220 0
70284 0
70334 0
70377 0
70392 0
70402 0
70431 0
70432 0
70446 0
70486 0
70515 0
70541 0
70588 0
70668 0
70700 0
70713 0
70879 0
70912 0
70943 0
70947 0
70960 0
71065 0
71177 0
71257 0
71267 0
71319 0
71430 0
71448 0
71473 0
71517 0
71529 0
71544 0
71575 0
71655 0
71682 0
71684 0
71842 0
71889 0
72227 0
72240 0
72249 0
72276 0
72347 0
72351 0
72413 0
72537 0
72544 0
72556 0
72567 0
72693 0
72760 0
72763 0
72796 0
72800 0
72801 0
72806 0
72824 0
72849 0
72852 0
73065 0
73080 0
73094 0
73155 0
73173 0
73527 0
73679 0
73681 0
73701 0
73766 0
73791 0
73837 0
73845 0
73849 0
73879 0
74088 0
74096 0
74121 0
74150 0
74167 0
74215 0
74249 0
74267 0
74290 0
74292 0
74294 0
74307 0
74410 0
74422 0
74447 0
74452 0
74461 0
74492 0
74494 0
74501 0
74583 0
74618 0
74656 0
74707 0
74742 0
74749 0
74866 0
74937 0
75098 0
75174 0
75184 0
75279 0
75284 0
75300 0
75311 0
75336 0
75488 0
75600 0
75616 0
75689 0
75753 0
75756 0
75775 0
75822 0
75836 0
75886 0
75954 0
75955 0
75985 0
76018 0
76060 0
76090 0
76098 0
76173 0
76303 0
76332 0
76434 0
76478 0
76545 0
76618 0
76648 0
76660 0
76666 0
76718 0
76734 0
76746 0
76836 0
76859 0
76915 0
77016 0
77052 0
77068 0
77147 0
77167 0
77183 0
77195 0
77239 0
77258 0
77303 0
77356 0
77361 0
77547 0
77592 0
77600 0
77683 0
77725 0
77806 0
77934 0
77940 0
78038 0
78168 0
78204 0
78206 0
78231 0
78236 0
78271 0
78334 0
78359 0
78420 0
78429 0
78453 0
78464 0
78493 0
78505 0
78548 0
78568 0
78670 0
78719 0
78854 0
78907 0
78946 0
79001 0
79011 0
79094 0
79101 0
79459 0
79521 0
79583 0
79651 0
79699 0
79879 0
79880 0
80088 0
80100 0
80127 0
80168 0
80265 0
80305 0
80318 0
80321 0
80498 0
80600 0
80676 0
80785 0
80800 0
80893 0
80905 0
80934 0
80937 0
80942 0
80953 0
80976 0
81062 0
81180 0
81229 0
81425 0
81530 0
81661 0
81675 0
81719 0
81736 0
81740 0
81774 0
81787 0
81859 0
81876 0
81930 0
82020 0
82055 0
82108 0
82117 0
82210 0
82259 0
82288 0
82308 0
82335 0
82540 0
82551 0
82573 0
82704 0
82745 0
82850 0
82852 0
82872 0
82957 0
83045 0
83123 0
83137 0
83140 0
83176 0
83186 0
83214 0
83266 0
83280 0
83325 0
83326 0
83332 0
83343 0
83477 0
83541 0
83662 0
83705 0
83762 0
83802 0
83836 0
83903 0
83966 0
83988 0
84006 0
84044 0
84058 0
84063 0
84079 0
84145 0
84227 0
84292 0
84348 0
84430 0
84460 0
84580 0
84675 0
84726 0
84778 0
84817 0
84828 0
84844 0
84853 0
84874 0
84920 0
85074 0
85135 0
85152 0
85199 0
85209 0
85212 0
85219 0
85221 0
85222 0
85289 0
85292 0
85301 0
85356 0
85403 0
85412 0
85433 0
85539 0
85576 0
85588 0
85601 0
85608 0
85629 0
85633 0
85662 0
85678 0
85697 0
85704 0
85745 0
85778 0
85792 0
85879 0
85916 0
85918 0
85923 0
86024 0
86049 0
86065 0
86085 0
86118 0
86143 0
86335 0
86344 0
86354 0
86398 0
86453 0
86583 0
86669 0
86705 0
86807 0
86912 0
86917 0
86949 0
86973 0
86987 0
87077 0
87208 0
87231 0
87316 0
87372 0
87424 0
87507 0
87605 0
87638 0
87681 0
87715 0
87740 0
87785 0
87827 0
87835 0
87908 0
87943 0
87945 0
87980 0
87989 0
88105 0
88136 0
88228 0
88230 0
88232 0
88280 0
88392 0
88517 0
88714 0
88726 0
88763 0
88783 0
88793 0
88798 0
88876 0
88893 0
88969 0
88982 0
89035 0
89050 0
89121 0
89164 0
89179 0
89190 0
89228 0
89314 0
89339 0
89391 0
89542 0
89569 0
89581 0
89635 0
89669 0
89673 0
89687 0
89757 0
89838 0
89880 0
89983 0
89988 0
90295 0
90318 0
90498 0
90512 0
90534 0
90554 0
90557 0
90619 0
90658 0
90699 0
90762 0
90885 0
90981 0
91104 0
91127 0
91176 0
91293 0
91378 0
91400 0
91401 0
91427 0
91439 0
91472 0
91581 0
91644 0
91812 0
91826 0
91858 0
91869 0
91955 0
92003 0
92165 0
92324 0
92371 0
92412 0
92452 0
92545 0
92614 0
92622 0
92647 0
92659 0
92708 0
92752 0
92795 0
92851 0
92903 0
92916 0
92988 0
93016 0
93035 0
93165 0
93243 0
93269 0
93281 0
93319 0
93323 0
93327 0
93337 0
93467 0
93486 0
93524 0
93618 0
93619 0
93623 0
93653 0
93654 0
93673 0
93718 0
93727 0
93745 0
93770 0
93792 0
93844 0
93854 0
94059 0
94062 0
94070 0
94077 0
94097 0
94114 0
94273 0
94293 0
94316 0
94391 0
94401 0
94443 0
94453 0
94465 0
94647 0
94756 0
94771 0
94787 0
94853 0
94865 0
94875 0
94892 0
94905 0
94908 0
95094 0
95113 0
95170 0
95232 0
95260 0
95408 0
95436 0
95521 0
95540 0
95626 0
95638 0
95662 0
95692 0
95697 0
95792 0
95856 0
95980 0
96098 0
96202 0
96208 0
96256 0
96283 0
96332 0
96399 0
96400 0
96465 0
96527 0
96565 0
96600 0
96637 0
96793 0
96848 0
96851 0
96919 0
96946 0
96980 0
97023 0
97146 0
97174 0
97215 0
97248 0
97255 0
97256 0
97257 0
97312 0
97353 0
97372 0
97403 0
97463 0
97478 0
97532 0
97541 0
97572 0
97583 0
97593 0
97618 0
97673 0
97801 0
97850 0
97904 0
98002 0
98048 0
98118 0
98134 0
98304 0
98325 0
98409 0
98424 0
98436 0
98458 0
98492 0
98516 0
98529 0
98569 0
98619 0
98667 0
98715 0
98717 0
98723 0
98800 0
98886 0
98887 0
98930 0
98939 0
98998 0
99013 0
99063 0
99098 0
99123 0
99159 0
99193 0
99339 0
99341 0
99388 0
99404 0
99491 0
99508 0
99554 0
99623 0
99644 0
99655 0
99737 0
99942 0
99960 0
99968 0
