c This is a uniform distributed  1-D DIMACS file 
c width height point_number
p 100000 100000 2048
3 0
113 0
119 0
181 0
285 0
362 0
443 0
456 0
615 0
698 0
766 0
854 0
918 0
987 0
997 0
1019 0
1040 0
1049 0
1067 0
1078 0
1143 0
1155 0
1177 0
1211 0
1283 0
1292 0
1334 0
1367 0
1431 0
1443 0
1464 0
1488 0
1510 0
1618 0
1651 0
1713 0
1778 0
1786 0
1788 0
1813 0
1862 0
1871 0
1893 0
1924 0
1941 0
1946 0
1969 0
1971 0
1996 0
2011 0
2166 0
2193 0
2369 0
2382 0
2384 0
2427 0
2429 0
2449 0
2668 0
2678 0
2698 0
2735 0
2748 0
2786 0
2787 0
2809 0
2933 0
2987 0
2997 0
3048 0
3192 0
3324 0
3339 0
3349 0
3388 0
3419 0
3460 0
3466 0
3757 0
3796 0
3825 0
3920 0
4015 0
4017 0
4052 0
4115 0
4116 0
4143 0
4198 0
4203 0
4230 0
4253 0
4303 0
4382 0
4490 0
4552 0
4657 0
4815 0
4830 0
4873 0
4901 0
4947 0
4971 0
4993 0
5021 0
5067 0
5116 0
5138 0
5164 0
5244 0
5250 0
5309 0
5332 0
5413 0
5446 0
5467 0
5564 0
5613 0
5626 0
5649 0
5686 0
5689 0
5712 0
5818 0
5858 0
5907 0
5947 0
6129 0
6168 0
6181 0
6183 0
6209 0
6232 0
6279 0
6324 0
6448 0
6452 0
6475 0
6483 0
6494 0
6534 0
6619 0
6638 0
6732 0
6804 0
6805 0
6819 0
6898 0
7127 0
7132 0
7169 0
7195 0
7207 0
7350 0
7412 0
7475 0
7511 0
7563 0
7601 0
7683 0
7855 0
7883 0
7891 0
7892 0
7918 0
8004 0
8025 0
8038 0
8046 0
8049 0
8088 0
8098 0
8256 0
8261 0
8310 0
8333 0
8351 0
8410 0
8441 0
8444 0
8450 0
8464 0
8628 0
8629 0
8644 0
8698 0
8752 0
8780 0
8930 0
8935 0
9051 0
9183 0
9271 0
9316 0
9385 0
9423 0
9501 0
9506 0
9654 0
9711 0
9765 0
9777 0
9873 0
9893 0
9947 0
9957 0
9981 0
10099 0
10185 0
10215 0
10249 0
10343 0
10359 0
10413 0
10438 0
10461 0
10472 0
10549 0
10582 0
10583 0
10650 0
10837 0
10849 0
10923 0
10953 0
10964 0
10970 0
11022 0
11038 0
11212 0
11241 0
11251 0
11336 0
11355 0
11356 0
11382 0
11598 0
11622 0
11679 0
11724 0
11761 0
11766 0
11868 0
11873 0
11975 0
12012 0
12072 0
12081 0
12215 0
12220 0
12272 0
12293 0
12299 0
12347 0
12351 0
12352 0
12423 0
12441 0
12465 0
12501 0
12596 0
12658 0
12686 0
12738 0
12757 0
12758 0
12794 0
12864 0
12870 0
12871 0
12895 0
12899 0
12906 0
12971 0
13005 0
13050 0
13067 0
13099 0
13117 0
13146 0
13147 0
13153 0
13242 0
13332 0
13336 0
13352 0
13480 0
13508 0
13516 0
13544 0
13598 0
13616 0
13678 0
13845 0
13849 0
13850 0
13889 0
13980 0
13986 0
14053 0
14060 0
14131 0
14182 0
14218 0
14248 0
14260 0
14306 0
14311 0
14313 0
14440 0
14449 0
14502 0
14548 0
14577 0
14594 0
14606 0
14625 0
14650 0
14709 0
14724 0
14772 0
14777 0
14804 0
14860 0
14862 0
14871 0
14874 0
14903 0
14928 0
14932 0
15006 0
15321 0
15380 0
15410 0
15447 0
15450 0
15487 0
15592 0
15628 0
15714 0
15769 0
15821 0
15835 0
15858 0
15907 0
15935 0
16050 0
16059 0
16079 0
16133 0
16154 0
16187 0
16189 0
16311 0
16331 0
16513 0
16531 0
16546 0
16567 0
16601 0
16614 0
16668 0
16740 0
16743 0
16796 0
16885 0
16980 0
17029 0
17081 0
17136 0
17283 0
17295 0
17312 0
17362 0
17453 0
17479 0
17486 0
17598 0
17665 0
17687 0
17717 0
17732 0
17778 0
17940 0
17941 0
18100 0
18103 0
18272 0
18290 0
18292 0
18443 0
18505 0
18516 0
18543 0
18618 0
18657 0
18726 0
18734 0
18865 0
18966 0
19002 0
19028 0
19055 0
19099 0
19136 0
19183 0
19209 0
19238 0
19297 0
19303 0
19305 0
19332 0
19347 0
19387 0
19428 0
19445 0
19480 0
19498 0
19558 0
19732 0
19771 0
19774 0
19834 0
19875 0
19886 0
19890 0
19891 0
19979 0
20007 0
20035 0
20150 0
20160 0
20219 0
20222 0
20371 0
20450 0
20451 0
20463 0
20474 0
20546 0
20575 0
20627 0
20659 0
20719 0
20788 0
20820 0
20855 0
20875 0
20920 0
20962 0
20981 0
20998 0
21000 0
21031 0
21109 0
21187 0
21223 0
21233 0
21245 0
21269 0
21317 0
21318 0
21383 0
21432 0
21482 0
21487 0
21557 0
21708 0
21874 0
21955 0
22006 0
22070 0
22131 0
22153 0
22267 0
22272 0
22287 0
22338 0
22354 0
22376 0
22393 0
22425 0
22428 0
22512 0
22547 0
22596 0
22709 0
22723 0
22731 0
22743 0
22771 0
22817 0
23038 0
23039 0
23063 0
23081 0
23087 0
23141 0
23168 0
23262 0
23410 0
23412 0
23419 0
23444 0
23540 0
23593 0
23669 0
23753 0
23760 0
23826 0
23885 0
23902 0
23915 0
24025 0
24052 0
24123 0
24305 0
24333 0
24372 0
24437 0
24565 0
24614 0
24620 0
24652 0
24730 0
24753 0
24764 0
24824 0
24845 0
24905 0
24906 0
25025 0
25064 0
25076 0
25125 0
25130 0
25197 0
25207 0
25222 0
25231 0
25232 0
25272 0
25285 0
25297 0
25305 0
25341 0
25345 0
25370 0
25392 0
25511 0
25519 0
25578 0
25653 0
25694 0
25768 0
25799 0
25811 0
25815 0
25893 0
25924 0
25937 0
25952 0
26091 0
26123 0
26143 0
26155 0
26210 0
26252 0
26425 0
26438 0
26570 0
26587 0
26635 0
26763 0
26797 0
26822 0
26866 0
26899 0
26921 0
26937 0
26939 0
26986 0
27079 0
27182 0
27229 0
27245 0
27327 0
27452 0
27633 0
27658 0
27738 0
27909 0
27971 0
28014 0
28073 0
28095 0
28153 0
28159 0
28249 0
28395 0
28480 0
28619 0
28629 0
28636 0
28644 0
28734 0
28767 0
28822 0
28911 0
28943 0
28948 0
29251 0
29348 0
29351 0
29386 0
29387 0
29450 0
29471 0
29516 0
29526 0
29531 0
29540 0
29562 0
29692 0
29757 0
29760 0
29774 0
29955 0
29999 0
30043 0
30282 0
30294 0
30366 0
30395 0
30409 0
30427 0
30571 0
30658 0
30714 0
30715 0
30776 0
30787 0
30949 0
30965 0
31006 0
31092 0
31163 0
31166 0
31177 0
31184 0
31279 0
31299 0
31379 0
31407 0
31423 0
31549 0
31583 0
31638 0
31639 0
31643 0
31719 0
31836 0
31868 0
31870 0
31921 0
31950 0
32042 0
32071 0
32087 0
32163 0
32179 0
32213 0
32218 0
32238 0
32252 0
32418 0
32719 0
32749 0
32798 0
32799 0
32853 0
32992 0
33135 0
33174 0
33198 0
33200 0
33328 0
33333 0
33369 0
33391 0
33401 0
33528 0
33616 0
33673 0
33811 0
33817 0
33917 0
33989 0
34029 0
34049 0
34161 0
34202 0
34286 0
34386 0
34428 0
34432 0
34542 0
34714 0
34733 0
34754 0
34792 0
34841 0
34886 0
34970 0
34995 0
35155 0
35231 0
35261 0
35500 0
35519 0
35562 0
35575 0
35615 0
35629 0
35639 0
35665 0
35706 0
35813 0
35817 0
35849 0
35873 0
35900 0
35905 0
35957 0
35963 0
35967 0
35990 0
36107 0
36119 0
36126 0
36146 0
36153 0
36193 0
36205 0
36210 0
36234 0
36265 0
36312 0
36317 0
36336 0
36402 0
36451 0
36474 0
36519 0
36527 0
36584 0
36590 0
36673 0
36674 0
36722 0
36734 0
36748 0
36756 0
36774 0
36823 0
36844 0
36878 0
36982 0
37026 0
37108 0
37130 0
37219 0
37246 0
37251 0
37304 0
37366 0
37407 0
37421 0
37558 0
37579 0
37707 0
37717 0
37861 0
37880 0
37918 0
37984 0
37999 0
38013 0
38198 0
38211 0
38346 0
38347 0
38471 0
38593 0
38660 0
38695 0
38749 0
38766 0
38770 0
38782 0
38805 0
38912 0
38913 0
38930 0
38954 0
38958 0
38992 0
39143 0
39159 0
39183 0
39236 0
39253 0
39291 0
39326 0
39370 0
39387 0
39432 0
39440 0
39582 0
39590 0
39636 0
39666 0
39886 0
39914 0
39918 0
39937 0
40017 0
40043 0
40054 0
40060 0
40078 0
40215 0
40225 0
40238 0
40258 0
40289 0
40324 0
40399 0
40604 0
40635 0
40673 0
40709 0
40735 0
40800 0
40833 0
40912 0
40926 0
41132 0
41215 0
41218 0
41263 0
41265 0
41270 0
41285 0
41407 0
41413 0
41433 0
41465 0
41516 0
41598 0
41645 0
41652 0
41690 0
41694 0
41699 0
41713 0
41751 0
41761 0
41767 0
41869 0
41883 0
41900 0
41912 0
41933 0
41956 0
41966 0
41985 0
42017 0
42082 0
42104 0
42149 0
42207 0
42220 0
42221 0
42419 0
42466 0
42473 0
42504 0
42505 0
42513 0
42628 0
42634 0
42838 0
42883 0
42891 0
43024 0
43025 0
43034 0
43066 0
43221 0
43299 0
43370 0
43397 0
43495 0
43499 0
43525 0
43598 0
43606 0
43655 0
43664 0
43676 0
43713 0
43745 0
43749 0
43758 0
43828 0
43850 0
43892 0
43963 0
44005 0
44171 0
44240 0
44279 0
44301 0
44330 0
44337 0
44339 0
44376 0
44383 0
44413 0
44418 0
44455 0
44473 0
44486 0
44510 0
44574 0
44704 0
44754 0
44798 0
44805 0
44880 0
44922 0
44944 0
45016 0
45023 0
45049 0
45061 0
45092 0
45169 0
45338 0
45380 0
45381 0
45421 0
45541 0
45564 0
45602 0
45604 0
45731 0
45733 0
45810 0
45833 0
45877 0
45893 0
45948 0
45979 0
45986 0
46023 0
46172 0
46262 0
46265 0
46308 0
46319 0
46356 0
46405 0
46468 0
46793 0
47051 0
47089 0
47144 0
47176 0
47248 0
47295 0
47407 0
47420 0
47424 0
47449 0
47507 0
47601 0
47616 0
47690 0
47766 0
47824 0
47846 0
47981 0
48066 0
48241 0
48424 0
48450 0
48458 0
48505 0
48550 0
48626 0
48656 0
48718 0
48753 0
48755 0
48795 0
48843 0
48867 0
48870 0
48897 0
48978 0
48988 0
49022 0
49029 0
49071 0
49090 0
49099 0
49130 0
49156 0
49317 0
49334 0
49345 0
49357 0
49364 0
49378 0
49430 0
49442 0
49448 0
49487 0
49512 0
49569 0
49647 0
49678 0
49752 0
49758 0
49815 0
49846 0
49903 0
49910 0
49920 0
49944 0
49975 0
49982 0
50046 0
50063 0
50067 0
50129 0
50143 0
50175 0
50176 0
50205 0
50231 0
50233 0
50393 0
50497 0
50538 0
50660 0
50702 0
50715 0
50748 0
50758 0
50790 0
50807 0
50821 0
50830 0
50851 0
50867 0
51024 0
51061 0
51294 0
51300 0
51510 0
51563 0
51567 0
51569 0
51576 0
51705 0
51730 0
51744 0
51807 0
51837 0
51861 0
51891 0
51928 0
52058 0
52134 0
52274 0
52327 0
52332 0
52382 0
52404 0
52432 0
52435 0
52473 0
52477 0
52481 0
52581 0
52605 0
52611 0
52645 0
52725 0
52820 0
52891 0
52924 0
52947 0
52953 0
52983 0
53017 0
53036 0
53043 0
53049 0
53073 0
53108 0
53110 0
53138 0
53230 0
53282 0
53323 0
53337 0
53378 0
53383 0
53423 0
53425 0
53428 0
53432 0
53448 0
53609 0
53736 0
53818 0
53835 0
53840 0
53855 0
53890 0
53945 0
54132 0
54142 0
54163 0
54242 0
54274 0
54295 0
54343 0
54401 0
54408 0
54430 0
54455 0
54678 0
54714 0
54770 0
54786 0
54794 0
54854 0
54875 0
54935 0
55153 0
55205 0
55232 0
55233 0
55261 0
55271 0
55343 0
55374 0
55434 0
55464 0
55544 0
55592 0
55699 0
55781 0
55809 0
55938 0
55953 0
55966 0
55970 0
55990 0
56000 0
56022 0
56108 0
56149 0
56290 0
56348 0
56372 0
56459 0
56470 0
56527 0
56529 0
56531 0
56574 0
56607 0
56646 0
56670 0
56672 0
56717 0
56761 0
56774 0
56836 0
56927 0
56979 0
56994 0
57006 0
57018 0
57037 0
57044 0
57110 0
57137 0
57171 0
57186 0
57223 0
57359 0
57433 0
57457 0
57476 0
57537 0
57654 0
57730 0
57797 0
57808 0
57816 0
57888 0
57910 0
57931 0
57995 0
58119 0
58155 0
58204 0
58238 0
58310 0
58379 0
58434 0
58465 0
58471 0
58500 0
58518 0
58646 0
58741 0
58781 0
58803 0
58916 0
58955 0
59012 0
59065 0
59149 0
59181 0
59220 0
59282 0
59330 0
59401 0
59514 0
59585 0
59598 0
59671 0
59749 0
59849 0
59869 0
59881 0
59887 0
59938 0
59963 0
59975 0
60131 0
60146 0
60313 0
60343 0
60384 0
60402 0
60467 0
60471 0
60479 0
60486 0
60555 0
60650 0
60697 0
60727 0
60740 0
60773 0
60905 0
60959 0
61083 0
61181 0
61284 0
61389 0
61429 0
61524 0
61559 0
61560 0
61565 0
61580 0
61585 0
61604 0
61621 0
61653 0
61728 0
61734 0
61797 0
61807 0
61839 0
61912 0
61946 0
61948 0
61966 0
62184 0
62186 0
62198 0
62237 0
62244 0
62265 0
62279 0
62343 0
62368 0
62431 0
62519 0
62539 0
62662 0
62669 0
62680 0
62709 0
62712 0
62722 0
62723 0
62762 0
62821 0
62822 0
62824 0
62850 0
62933 0
62968 0
62970 0
63130 0
63348 0
63376 0
63527 0
63555 0
63569 0
63587 0
63617 0
63697 0
63738 0
63747 0
63880 0
63985 0
63995 0
64074 0
64170 0
64409 0
64431 0
64517 0
64615 0
64631 0
64637 0
64660 0
64677 0
64716 0
64815 0
64926 0
64974 0
65061 0
65113 0
65224 0
65249 0
65297 0
65303 0
65356 0
65359 0
65368 0
65467 0
65491 0
65493 0
65520 0
65557 0
65780 0
65828 0
65862 0
65868 0
65941 0
66016 0
66103 0
66131 0
66164 0
66201 0
66219 0
66238 0
66340 0
66366 0
66388 0
66439 0
66460 0
66468 0
66576 0
66590 0
66712 0
66714 0
66777 0
66851 0
66859 0
66875 0
67010 0
67047 0
67098 0
67121 0
67127 0
67189 0
67352 0
67376 0
67392 0
67393 0
67447 0
67634 0
67694 0
67806 0
67919 0
67942 0
68073 0
68100 0
68186 0
68208 0
68266 0
68324 0
68338 0
68341 0
68362 0
68434 0
68452 0
68505 0
68627 0
68720 0
68772 0
68828 0
68863 0
68888 0
68907 0
68909 0
68926 0
68972 0
69018 0
69072 0
69132 0
69133 0
69194 0
69195 0
69326 0
69338 0
69397 0
69426 0
69434 0
69453 0
69520 0
69574 0
69593 0
69683 0
69721 0
69732 0
69808 0
69850 0
69903 0
69946 0
69981 0
69994 0
70001 0
70035 0
70060 0
70104 0
70121 0
70173 0
70244 0
70274 0
70308 0
70318 0
70379 0
70538 0
70559 0
70594 0
70624 0
70665 0
70709 0
70853 0
70862 0
70971 0
71075 0
71076 0
71115 0
71191 0
71209 0
71260 0
71286 0
71412 0
71446 0
71450 0
71472 0
71502 0
71547 0
71619 0
71632 0
71650 0
71669 0
71695 0
71753 0
71757 0
71974 0
71982 0
72071 0
72163 0
72312 0
72542 0
72580 0
72589 0
72610 0
72671 0
72762 0
72848 0
72947 0
73066 0
73125 0
73134 0
73224 0
73240 0
73273 0
73308 0
73311 0
73334 0
73432 0
73438 0
73454 0
73501 0
73509 0
73525 0
73548 0
73558 0
73560 0
73571 0
73616 0
73688 0
73703 0
73725 0
73752 0
73783 0
73808 0
73818 0
73870 0
73919 0
73986 0
73995 0
74012 0
74043 0
74077 0
74190 0
74199 0
74388 0
74455 0
74476 0
74488 0
74490 0
74561 0
74592 0
74596 0
74645 0
74663 0
74675 0
74760 0
74928 0
74950 0
74953 0
74967 0
75003 0
75059 0
75101 0
75178 0
75215 0
75296 0
75322 0
75327 0
75344 0
75360 0
75379 0
75403 0
75450 0
75453 0
75595 0
75655 0
75799 0
75884 0
75952 0
75971 0
75981 0
75985 0
76111 0
76179 0
76220 0
76234 0
76296 0
76298 0
76303 0
76373 0
76393 0
76429 0
76489 0
76551 0
76677 0
76761 0
76766 0
76769 0
76795 0
76835 0
76847 0
76881 0
76888 0
76987 0
77005 0
77021 0
77094 0
77100 0
77104 0
77229 0
77315 0
77337 0
77358 0
77518 0
77550 0
77561 0
77600 0
77622 0
77643 0
77657 0
77670 0
77701 0
77708 0
77852 0
77995 0
78027 0
78051 0
78052 0
78097 0
78128 0
78136 0
78157 0
78283 0
78320 0
78341 0
78372 0
78382 0
78394 0
78413 0
78428 0
78447 0
78463 0
78466 0
78489 0
78578 0
78667 0
78779 0
78787 0
78789 0
78850 0
78918 0
78925 0
78962 0
78977 0
79010 0
79055 0
79073 0
79074 0
79080 0
79315 0
79437 0
79438 0
79644 0
79683 0
79747 0
79867 0
80003 0
80083 0
80089 0
80158 0
80181 0
80250 0
80287 0
80325 0
80387 0
80439 0
80457 0
80466 0
80517 0
80547 0
80619 0
80670 0
80687 0
80727 0
80766 0
80784 0
80848 0
80949 0
81023 0
81101 0
81275 0
81370 0
81416 0
81495 0
81505 0
81522 0
81620 0
81653 0
81666 0
81747 0
81752 0
81760 0
81866 0
81917 0
81920 0
81975 0
81988 0
82188 0
82214 0
82299 0
82357 0
82512 0
82565 0
82579 0
82846 0
82892 0
82893 0
82967 0
83061 0
83090 0
83093 0
83101 0
83129 0
83161 0
83189 0
83232 0
83360 0
83371 0
83381 0
83382 0
83413 0
83452 0
83460 0
83504 0
83519 0
83534 0
83570 0
83615 0
83651 0
83668 0
83746 0
83834 0
83838 0
83955 0
84009 0
84075 0
84093 0
84135 0
84232 0
84305 0
84409 0
84503 0
84530 0
84590 0
84591 0
84609 0
84681 0
84685 0
84778 0
85009 0
85039 0
85107 0
85303 0
85355 0
85421 0
85429 0
85569 0
85657 0
85708 0
85769 0
85780 0
85809 0
85915 0
85989 0
85997 0
86021 0
86036 0
86049 0
86054 0
86108 0
86149 0
86195 0
86309 0
86344 0
86420 0
86425 0
86440 0
86456 0
86511 0
86562 0
86726 0
86728 0
86751 0
86772 0
86833 0
86877 0
87016 0
87033 0
87149 0
87152 0
87228 0
87245 0
87279 0
87339 0
87377 0
87379 0
87395 0
87414 0
87482 0
87483 0
87620 0
87658 0
87757 0
87776 0
87812 0
87855 0
87967 0
87979 0
87985 0
88003 0
88035 0
88111 0
88131 0
88145 0
88175 0
88355 0
88446 0
88471 0
88517 0
88552 0
88576 0
88610 0
88627 0
88715 0
88780 0
88821 0
88837 0
88904 0
88978 0
89006 0
89065 0
89085 0
89111 0
89239 0
89246 0
89279 0
89310 0
89364 0
89396 0
89512 0
89523 0
89604 0
89651 0
89675 0
89702 0
89708 0
89942 0
89959 0
89982 0
90163 0
90196 0
90260 0
90270 0
90274 0
90309 0
90321 0
90449 0
90505 0
90514 0
90614 0
90665 0
90669 0
90702 0
90862 0
90875 0
90876 0
90910 0
90992 0
91002 0
91095 0
91118 0
91144 0
91180 0
91376 0
91386 0
91508 0
91569 0
91589 0
91617 0
91705 0
91707 0
91881 0
91899 0
91931 0
92025 0
92028 0
92081 0
92124 0
92127 0
92176 0
92230 0
92324 0
92348 0
92582 0
92661 0
92714 0
92837 0
92874 0
92935 0
93008 0
93117 0
93118 0
93387 0
93399 0
93564 0
93584 0
93595 0
93668 0
93709 0
93712 0
93747 0
93778 0
93827 0
93835 0
93938 0
93983 0
94016 0
94041 0
94120 0
94146 0
94277 0
94393 0
94436 0
94455 0
94515 0
94562 0
94605 0
94662 0
94686 0
94756 0
94803 0
94852 0
94895 0
94933 0
94956 0
95072 0
95095 0
95158 0
95183 0
95214 0
95222 0
95342 0
95447 0
95493 0
95498 0
95562 0
95658 0
95724 0
95727 0
95731 0
95741 0
95798 0
95817 0
95842 0
95893 0
95915 0
95920 0
95923 0
96023 0
96076 0
96143 0
96161 0
96253 0
96304 0
96342 0
96397 0
96399 0
96454 0
96712 0
96713 0
96731 0
96743 0
96784 0
97013 0
97019 0
97030 0
97055 0
97088 0
97155 0
97259 0
97280 0
97304 0
97338 0
97346 0
97416 0
97432 0
97456 0
97476 0
97493 0
97494 0
97564 0
97608 0
97609 0
97630 0
97741 0
97783 0
97806 0
97829 0
97836 0
97876 0
97889 0
98010 0
98045 0
98139 0
98208 0
98271 0
98286 0
98300 0
98322 0
98429 0
98511 0
98569 0
98678 0
98729 0
98754 0
98779 0
98780 0
98786 0
98824 0
98874 0
98888 0
98936 0
98947 0
98972 0
98986 0
99032 0
99040 0
99173 0
99345 0
99561 0
99568 0
99578 0
99613 0
99622 0
99652 0
99700 0
99826 0
