c This is a uniform distributed  1-D DIMACS file 
c width height point_number
p 100000 100000 2048
4 0
89 0
92 0
165 0
185 0
246 0
315 0
496 0
578 0
579 0
711 0
713 0
722 0
724 0
741 0
758 0
761 0
874 0
1027 0
1058 0
1061 0
1175 0
1277 0
1328 0
1336 0
1489 0
1518 0
1545 0
1599 0
1743 0
1889 0
1922 0
2004 0
2041 0
2065 0
2074 0
2082 0
2109 0
2121 0
2180 0
2257 0
2294 0
2314 0
2445 0
2470 0
2521 0
2558 0
2611 0
2631 0
2632 0
2727 0
2779 0
2847 0
2943 0
2967 0
2992 0
3032 0
3058 0
3098 0
3132 0
3155 0
3216 0
3236 0
3347 0
3372 0
3447 0
3528 0
3781 0
3866 0
3901 0
3927 0
4031 0
4243 0
4253 0
4265 0
4321 0
4342 0
4511 0
4530 0
4620 0
4645 0
4698 0
4717 0
4832 0
4948 0
5066 0
5137 0
5206 0
5226 0
5319 0
5333 0
5464 0
5492 0
5514 0
5565 0
5579 0
5581 0
5623 0
5685 0
5842 0
5844 0
5893 0
5957 0
6000 0
6084 0
6102 0
6109 0
6112 0
6152 0
6181 0
6219 0
6268 0
6305 0
6432 0
6439 0
6452 0
6537 0
6583 0
6595 0
6614 0
6708 0
6711 0
6743 0
6757 0
6769 0
6778 0
6817 0
6877 0
6931 0
6946 0
6972 0
7016 0
7108 0
7134 0
7157 0
7254 0
7258 0
7311 0
7312 0
7329 0
7361 0
7367 0
7374 0
7381 0
7399 0
7508 0
7532 0
7533 0
7535 0
7584 0
7637 0
7646 0
7680 0
7689 0
7765 0
7792 0
7869 0
7933 0
8021 0
8027 0
8060 0
8101 0
8124 0
8268 0
8303 0
8372 0
8466 0
8546 0
8577 0
8590 0
8620 0
8624 0
8627 0
8655 0
8725 0
8731 0
8896 0
8924 0
8995 0
9008 0
9018 0
9053 0
9060 0
9088 0
9109 0
9115 0
9166 0
9203 0
9258 0
9295 0
9337 0
9469 0
9510 0
9542 0
9628 0
9665 0
9669 0
9682 0
9743 0
9829 0
9879 0
9899 0
9969 0
10040 0
10142 0
10146 0
10179 0
10189 0
10235 0
10267 0
10295 0
10309 0
10311 0
10372 0
10671 0
10707 0
10721 0
10732 0
10736 0
10802 0
10805 0
10810 0
10819 0
10837 0
10896 0
10952 0
11044 0
11059 0
11190 0
11239 0
11244 0
11248 0
11260 0
11320 0
11429 0
11501 0
11514 0
11582 0
11594 0
11626 0
11710 0
11737 0
11764 0
11808 0
11828 0
11845 0
11913 0
12021 0
12087 0
12129 0
12166 0
12180 0
12191 0
12193 0
12273 0
12274 0
12277 0
12368 0
12369 0
12430 0
12554 0
12632 0
12651 0
12664 0
12743 0
12913 0
13002 0
13025 0
13067 0
13098 0
13187 0
13216 0
13348 0
13380 0
13397 0
13419 0
13434 0
13522 0
13582 0
13662 0
13670 0
13759 0
13780 0
13841 0
13870 0
13925 0
13940 0
13977 0
13980 0
14041 0
14046 0
14072 0
14079 0
14095 0
14147 0
14206 0
14207 0
14270 0
14333 0
14394 0
14406 0
14415 0
14433 0
14449 0
14455 0
14496 0
14512 0
14549 0
14766 0
14771 0
14786 0
14795 0
14810 0
14833 0
14864 0
14957 0
15042 0
15071 0
15158 0
15185 0
15287 0
15352 0
15354 0
15404 0
15453 0
15501 0
15523 0
15558 0
15563 0
15600 0
15630 0
15702 0
15711 0
15755 0
15776 0
15804 0
15848 0
15884 0
15946 0
15989 0
16025 0
16038 0
16046 0
16142 0
16180 0
16206 0
16244 0
16248 0
16253 0
16257 0
16268 0
16322 0
16338 0
16394 0
16459 0
16571 0
16617 0
17037 0
17040 0
17041 0
17044 0
17048 0
17090 0
17102 0
17143 0
17188 0
17335 0
17461 0
17462 0
17478 0
17490 0
17522 0
17603 0
17628 0
17649 0
17789 0
17913 0
17989 0
18049 0
18190 0
18256 0
18306 0
18336 0
18433 0
18820 0
18843 0
18844 0
18962 0
19021 0
19024 0
19109 0
19211 0
19243 0
19260 0
19284 0
19486 0
19503 0
19537 0
19638 0
19725 0
19730 0
19794 0
19823 0
19858 0
19907 0
19964 0
19965 0
20018 0
20058 0
20128 0
20142 0
20147 0
20185 0
20229 0
20233 0
20471 0
20497 0
20506 0
20517 0
20529 0
20632 0
20649 0
20715 0
20719 0
20740 0
20897 0
20935 0
21019 0
21055 0
21148 0
21202 0
21295 0
21305 0
21306 0
21386 0
21394 0
21456 0
21560 0
21690 0
21764 0
21771 0
21827 0
21878 0
21881 0
21953 0
21974 0
22021 0
22190 0
22212 0
22218 0
22258 0
22357 0
22381 0
22425 0
22469 0
22476 0
22483 0
22569 0
22584 0
22596 0
22686 0
22696 0
22703 0
22710 0
22740 0
22779 0
22783 0
22784 0
22802 0
22806 0
22833 0
22847 0
22870 0
22900 0
22948 0
22986 0
22997 0
23081 0
23099 0
23118 0
23120 0
23241 0
23272 0
23298 0
23324 0
23376 0
23423 0
23434 0
23461 0
23473 0
23479 0
23484 0
23680 0
23715 0
23768 0
23773 0
23788 0
23833 0
23847 0
23908 0
23910 0
23934 0
23973 0
24049 0
24093 0
24173 0
24353 0
24425 0
24468 0
24584 0
24661 0
24702 0
24727 0
24754 0
24761 0
24820 0
24896 0
24897 0
24901 0
25014 0
25048 0
25064 0
25067 0
25076 0
25374 0
25384 0
25449 0
25492 0
25535 0
25559 0
25627 0
25777 0
25786 0
25787 0
25847 0
25849 0
25856 0
25930 0
25968 0
25990 0
26071 0
26074 0
26084 0
26119 0
26163 0
26221 0
26223 0
26361 0
26422 0
26444 0
26508 0
26566 0
26604 0
26644 0
26668 0
26701 0
26791 0
26881 0
26913 0
26939 0
26968 0
26997 0
27060 0
27068 0
27088 0
27090 0
27112 0
27148 0
27177 0
27217 0
27262 0
27287 0
27302 0
27311 0
27355 0
27370 0
27448 0
27454 0
27502 0
27513 0
27545 0
27686 0
27726 0
27876 0
27897 0
28033 0
28101 0
28146 0
28157 0
28210 0
28217 0
28234 0
28310 0
28391 0
28428 0
28473 0
28485 0
28554 0
28563 0
28573 0
28582 0
28659 0
28681 0
28727 0
28731 0
28754 0
28773 0
28776 0
28838 0
28926 0
29090 0
29114 0
29120 0
29142 0
29148 0
29149 0
29197 0
29228 0
29299 0
29302 0
29331 0
29497 0
29501 0
29509 0
29635 0
29681 0
29732 0
29738 0
29839 0
29950 0
29977 0
30040 0
30078 0
30100 0
30151 0
30155 0
30183 0
30190 0
30207 0
30278 0
30283 0
30353 0
30421 0
30424 0
30444 0
30457 0
30513 0
30517 0
30526 0
30535 0
30684 0
30736 0
30863 0
30865 0
30878 0
30973 0
30978 0
31009 0
31105 0
31119 0
31150 0
31167 0
31170 0
31205 0
31251 0
31303 0
31306 0
31451 0
31472 0
31510 0
31532 0
31566 0
31627 0
31629 0
31645 0
31663 0
31667 0
31792 0
31937 0
31953 0
31956 0
31961 0
32006 0
32039 0
32131 0
32220 0
32246 0
32247 0
32256 0
32279 0
32415 0
32467 0
32484 0
32487 0
32521 0
32646 0
32802 0
32808 0
32894 0
32942 0
33018 0
33028 0
33093 0
33140 0
33277 0
33317 0
33328 0
33330 0
33388 0
33410 0
33473 0
33605 0
33620 0
33682 0
33743 0
33802 0
33857 0
33892 0
33893 0
33900 0
33930 0
34001 0
34014 0
34025 0
34279 0
34280 0
34352 0
34366 0
34387 0
34552 0
34638 0
34828 0
34833 0
34879 0
34881 0
34890 0
34991 0
35091 0
35103 0
35121 0
35135 0
35298 0
35323 0
35364 0
35365 0
35402 0
35507 0
35519 0
35537 0
35553 0
35569 0
35630 0
35687 0
35784 0
35796 0
35874 0
35933 0
35946 0
35964 0
36121 0
36222 0
36294 0
36335 0
36366 0
36378 0
36409 0
36477 0
36538 0
36592 0
36655 0
36662 0
36685 0
36771 0
36772 0
36812 0
36849 0
36964 0
36965 0
37057 0
37166 0
37226 0
37242 0
37330 0
37453 0
37464 0
37479 0
37544 0
37567 0
37629 0
37688 0
37736 0
37816 0
37865 0
37873 0
37962 0
37970 0
37991 0
38014 0
38155 0
38165 0
38243 0
38282 0
38339 0
38376 0
38466 0
38475 0
38499 0
38517 0
38549 0
38628 0
38657 0
38732 0
38843 0
38896 0
39013 0
39032 0
39139 0
39168 0
39186 0
39218 0
39225 0
39332 0
39413 0
39515 0
39550 0
39628 0
39645 0
39673 0
39740 0
39798 0
39923 0
39969 0
40047 0
40073 0
40136 0
40170 0
40201 0
40233 0
40270 0
40278 0
40281 0
40302 0
40417 0
40502 0
40594 0
40618 0
40655 0
40700 0
40723 0
40843 0
40849 0
40880 0
40899 0
41040 0
41052 0
41072 0
41096 0
41121 0
41160 0
41211 0
41315 0
41351 0
41404 0
41427 0
41443 0
41491 0
41499 0
41557 0
41560 0
41619 0
41634 0
41732 0
41742 0
41779 0
41831 0
41894 0
41917 0
42001 0
42011 0
42019 0
42043 0
42104 0
42105 0
42143 0
42280 0
42312 0
42386 0
42422 0
42464 0
42474 0
42478 0
42574 0
42599 0
42607 0
42654 0
42783 0
42891 0
42990 0
43040 0
43054 0
43075 0
43236 0
43246 0
43309 0
43337 0
43340 0
43441 0
43588 0
43716 0
43776 0
43807 0
43903 0
43935 0
44019 0
44040 0
44217 0
44220 0
44320 0
44321 0
44326 0
44327 0
44347 0
44349 0
44447 0
44489 0
44540 0
44546 0
44668 0
44679 0
44706 0
44717 0
44718 0
44731 0
44744 0
44777 0
44878 0
44961 0
44969 0
45131 0
45215 0
45218 0
45220 0
45245 0
45247 0
45286 0
45377 0
45402 0
45448 0
45493 0
45514 0
45599 0
45647 0
45689 0
45732 0
45745 0
45748 0
45760 0
45808 0
45826 0
45834 0
45841 0
45861 0
45916 0
45919 0
45971 0
45984 0
45989 0
46029 0
46034 0
46044 0
46064 0
46117 0
46129 0
46151 0
46251 0
46252 0
46266 0
46354 0
46407 0
46493 0
46537 0
46573 0
46614 0
46619 0
46636 0
46671 0
46701 0
46850 0
46884 0
46931 0
46989 0
47020 0
47028 0
47105 0
47118 0
47135 0
47187 0
47197 0
47252 0
47311 0
47432 0
47443 0
47512 0
47650 0
47677 0
47680 0
47770 0
47832 0
47851 0
47868 0
48078 0
48103 0
48114 0
48200 0
48206 0
48275 0
48325 0
48384 0
48533 0
48564 0
48604 0
48678 0
48746 0
48791 0
48793 0
48801 0
48848 0
48867 0
48908 0
49128 0
49150 0
49153 0
49249 0
49257 0
49337 0
49368 0
49413 0
49425 0
49533 0
49595 0
49627 0
49628 0
49637 0
49790 0
49888 0
50019 0
50032 0
50064 0
50076 0
50122 0
50132 0
50176 0
50180 0
50187 0
50267 0
50311 0
50346 0
50360 0
50478 0
50511 0
50525 0
50532 0
50686 0
50688 0
50704 0
50711 0
50811 0
50938 0
50955 0
51023 0
51026 0
51084 0
51153 0
51157 0
51184 0
51205 0
51275 0
51340 0
51437 0
51609 0
51626 0
51634 0
51666 0
51739 0
51784 0
51830 0
51880 0
51886 0
51915 0
51924 0
51929 0
52077 0
52106 0
52111 0
52132 0
52168 0
52182 0
52198 0
52365 0
52370 0
52402 0
52455 0
52457 0
52565 0
52595 0
52621 0
52651 0
52657 0
52712 0
52751 0
52781 0
52891 0
53006 0
53036 0
53087 0
53089 0
53163 0
53172 0
53192 0
53232 0
53282 0
53448 0
53504 0
53516 0
53542 0
53552 0
53730 0
53746 0
53777 0
53804 0
53858 0
53902 0
53999 0
54051 0
54137 0
54265 0
54374 0
54392 0
54495 0
54532 0
54592 0
54599 0
54616 0
54735 0
54775 0
54846 0
54869 0
54936 0
55051 0
55094 0
55117 0
55126 0
55136 0
55170 0
55326 0
55349 0
55388 0
55429 0
55537 0
55550 0
55608 0
55613 0
55625 0
55665 0
55683 0
55707 0
55753 0
55770 0
55877 0
55879 0
55921 0
56027 0
56122 0
56146 0
56224 0
56230 0
56346 0
56352 0
56385 0
56419 0
56442 0
56511 0
56513 0
56552 0
56568 0
56630 0
56737 0
56804 0
56826 0
56835 0
56848 0
56851 0
56917 0
57020 0
57058 0
57097 0
57203 0
57249 0
57250 0
57287 0
57317 0
57368 0
57387 0
57447 0
57466 0
57522 0
57539 0
57545 0
57579 0
57701 0
57704 0
57768 0
57786 0
57835 0
57881 0
58003 0
58038 0
58043 0
58079 0
58089 0
58197 0
58228 0
58505 0
58512 0
58578 0
58596 0
58633 0
58686 0
58741 0
58757 0
58802 0
58831 0
58984 0
58994 0
59005 0
59070 0
59112 0
59236 0
59260 0
59429 0
59468 0
59546 0
59615 0
59715 0
59726 0
59781 0
59929 0
59943 0
59999 0
60051 0
60073 0
60077 0
60080 0
60282 0
60313 0
60338 0
60382 0
60405 0
60421 0
60470 0
60503 0
60518 0
60567 0
60588 0
60599 0
60655 0
60658 0
60722 0
60723 0
60789 0
60808 0
60810 0
60816 0
60825 0
60839 0
60859 0
60977 0
60992 0
61045 0
61062 0
61188 0
61189 0
61254 0
61274 0
61375 0
61490 0
61576 0
61610 0
61611 0
61781 0
61853 0
61932 0
61960 0
61971 0
62023 0
62116 0
62131 0
62165 0
62216 0
62271 0
62367 0
62420 0
62533 0
62541 0
62553 0
62635 0
62705 0
62714 0
62806 0
62889 0
62923 0
62940 0
63027 0
63049 0
63067 0
63311 0
63390 0
63420 0
63433 0
63566 0
63606 0
63611 0
63637 0
63654 0
63713 0
63777 0
63937 0
64047 0
64165 0
64221 0
64228 0
64255 0
64265 0
64465 0
64483 0
64533 0
64538 0
64553 0
64593 0
64638 0
64690 0
64753 0
64785 0
64796 0
64810 0
64814 0
64846 0
64854 0
64894 0
64976 0
65013 0
65035 0
65118 0
65124 0
65140 0
65350 0
65359 0
65388 0
65514 0
65630 0
65638 0
65681 0
65697 0
65707 0
65757 0
65798 0
65905 0
66001 0
66115 0
66129 0
66152 0
66155 0
66169 0
66300 0
66313 0
66340 0
66425 0
66516 0
66523 0
66790 0
66801 0
66901 0
67054 0
67068 0
67090 0
67101 0
67154 0
67163 0
67204 0
67240 0
67243 0
67267 0
67282 0
67285 0
67299 0
67357 0
67381 0
67436 0
67479 0
67480 0
67494 0
67500 0
67531 0
67547 0
67558 0
67562 0
67637 0
67803 0
67832 0
67840 0
67845 0
67894 0
68014 0
68027 0
68144 0
68295 0
68298 0
68346 0
68369 0
68419 0
68453 0
68502 0
68522 0
68611 0
68752 0
68823 0
68848 0
68967 0
69056 0
69078 0
69101 0
69116 0
69208 0
69281 0
69291 0
69320 0
69326 0
69407 0
69517 0
69553 0
69657 0
69765 0
69770 0
69892 0
69920 0
70031 0
70210 0
70229 0
70328 0
70402 0
70435 0
70472 0
70481 0
70625 0
70648 0
70656 0
70761 0
70824 0
70849 0
71017 0
71076 0
71125 0
71182 0
71225 0
71276 0
71303 0
71405 0
71512 0
71548 0
71587 0
71591 0
71604 0
71648 0
71746 0
71776 0
71780 0
71892 0
71898 0
72142 0
72151 0
72307 0
72527 0
72637 0
72647 0
72744 0
72746 0
72791 0
72820 0
72821 0
72846 0
72868 0
72903 0
72912 0
72921 0
72937 0
72952 0
72979 0
73034 0
73103 0
73130 0
73138 0
73181 0
73184 0
73287 0
73318 0
73374 0
73527 0
73593 0
73617 0
73646 0
73660 0
73771 0
73776 0
73834 0
73919 0
74024 0
74070 0
74071 0
74096 0
74149 0
74177 0
74241 0
74270 0
74367 0
74504 0
74553 0
74613 0
74635 0
74651 0
74676 0
74709 0
74749 0
74791 0
74808 0
74906 0
74940 0
74948 0
74975 0
74982 0
75007 0
75050 0
75058 0
75225 0
75242 0
75253 0
75263 0
75284 0
75302 0
75310 0
75381 0
75390 0
75634 0
75636 0
75687 0
75697 0
75801 0
75869 0
75872 0
75892 0
75936 0
76008 0
76063 0
76341 0
76474 0
76483 0
76485 0
76495 0
76515 0
76518 0
76560 0
76667 0
76806 0
76966 0
77376 0
77395 0
77423 0
77430 0
77555 0
77570 0
77620 0
77669 0
77680 0
77723 0
77758 0
77848 0
77852 0
77864 0
77897 0
77967 0
77976 0
78007 0
78013 0
78016 0
78187 0
78213 0
78404 0
78460 0
78545 0
78626 0
78640 0
78692 0
78765 0
78793 0
78794 0
78825 0
78841 0
78914 0
79085 0
79209 0
79216 0
79343 0
79366 0
79407 0
79451 0
79454 0
79494 0
79531 0
79552 0
79643 0
79706 0
79763 0
79815 0
79824 0
79826 0
79873 0
79900 0
80240 0
80329 0
80354 0
80415 0
80419 0
80438 0
80473 0
80561 0
80572 0
80645 0
80679 0
80693 0
80740 0
80796 0
80810 0
80834 0
80861 0
80946 0
80995 0
81020 0
81187 0
81224 0
81243 0
81282 0
81349 0
81360 0
81451 0
81598 0
81611 0
81697 0
81778 0
81785 0
81823 0
81824 0
81839 0
81889 0
82004 0
82028 0
82086 0
82108 0
82124 0
82139 0
82180 0
82192 0
82301 0
82389 0
82396 0
82401 0
82464 0
82480 0
82514 0
82532 0
82563 0
82580 0
82669 0
82719 0
82722 0
82763 0
82778 0
82799 0
82814 0
82828 0
82882 0
82907 0
82992 0
82998 0
83051 0
83061 0
83167 0
83234 0
83284 0
83288 0
83349 0
83350 0
83410 0
83428 0
83481 0
83506 0
83645 0
83707 0
83848 0
83866 0
83891 0
83902 0
83907 0
83946 0
84030 0
84217 0
84220 0
84248 0
84250 0
84278 0
84280 0
84300 0
84307 0
84325 0
84381 0
84401 0
84419 0
84493 0
84508 0
84540 0
84621 0
84718 0
84782 0
84783 0
84835 0
85034 0
85087 0
85107 0
85306 0
85349 0
85432 0
85491 0
85614 0
85776 0
85841 0
85896 0
85991 0
86053 0
86081 0
86114 0
86242 0
86299 0
86318 0
86424 0
86439 0
86474 0
86486 0
86494 0
86516 0
86599 0
86707 0
86713 0
86789 0
86826 0
86839 0
86852 0
86904 0
86905 0
86941 0
87003 0
87121 0
87161 0
87175 0
87267 0
87324 0
87356 0
87399 0
87408 0
87412 0
87431 0
87458 0
87519 0
87559 0
87593 0
87596 0
87597 0
87655 0
87683 0
87767 0
87774 0
87811 0
87857 0
87876 0
87913 0
87929 0
87944 0
88044 0
88075 0
88144 0
88173 0
88404 0
88429 0
88431 0
88482 0
88537 0
88538 0
88559 0
88570 0
88729 0
88803 0
88831 0
88865 0
88866 0
88888 0
88961 0
88986 0
89051 0
89096 0
89098 0
89117 0
89142 0
89224 0
89230 0
89273 0
89297 0
89305 0
89316 0
89368 0
89383 0
89433 0
89440 0
89538 0
89576 0
89577 0
89597 0
89678 0
89761 0
89782 0
89832 0
89873 0
90036 0
90216 0
90218 0
90225 0
90235 0
90297 0
90309 0
90354 0
90357 0
90446 0
90501 0
90575 0
90615 0
90670 0
90701 0
90703 0
90813 0
90959 0
90961 0
91035 0
91040 0
91057 0
91157 0
91199 0
91213 0
91278 0
91300 0
91332 0
91352 0
91494 0
91539 0
91548 0
91686 0
91754 0
91758 0
91770 0
91854 0
91858 0
92002 0
92040 0
92101 0
92150 0
92194 0
92248 0
92383 0
92427 0
92466 0
92471 0
92579 0
92585 0
92596 0
92633 0
92657 0
92692 0
92731 0
92784 0
92825 0
93005 0
93185 0
93241 0
93269 0
93280 0
93298 0
93305 0
93326 0
93415 0
93419 0
93430 0
93447 0
93505 0
93555 0
93580 0
93718 0
93763 0
93771 0
93812 0
93880 0
93894 0
93925 0
93953 0
93998 0
94008 0
94022 0
94034 0
94066 0
94134 0
94161 0
94179 0
94209 0
94233 0
94243 0
94348 0
94369 0
94389 0
94397 0
94542 0
94649 0
94693 0
94731 0
94736 0
94751 0
94781 0
94874 0
94885 0
94904 0
94924 0
94948 0
94992 0
94993 0
95047 0
95053 0
95069 0
95117 0
95206 0
95214 0
95254 0
95304 0
95390 0
95421 0
95501 0
95614 0
95653 0
95705 0
95751 0
96016 0
96058 0
96075 0
96081 0
96121 0
96247 0
96254 0
96269 0
96299 0
96328 0
96442 0
96452 0
96457 0
96487 0
96549 0
96575 0
96640 0
96662 0
96668 0
96675 0
96718 0
96729 0
96732 0
96791 0
96893 0
96970 0
96975 0
96995 0
97001 0
97032 0
97136 0
97202 0
97309 0
97395 0
97431 0
97612 0
97641 0
97664 0
97793 0
97818 0
97867 0
97891 0
97948 0
97973 0
98021 0
98073 0
98180 0
98243 0
98256 0
98258 0
98266 0
98354 0
98382 0
98403 0
98509 0
98529 0
98552 0
98611 0
98732 0
98781 0
98790 0
98799 0
98803 0
98820 0
98841 0
98894 0
98904 0
98970 0
98977 0
99003 0
99106 0
99155 0
99369 0
99427 0
99436 0
99571 0
99618 0
99628 0
99670 0
99715 0
99762 0
99825 0
99828 0
99842 0
99891 0
99960 0
