c This is a uniform distributed  1-D DIMACS file 
c width height point_number
p 100000 100000 2048
7 0
22 0
47 0
50 0
83 0
92 0
122 0
152 0
332 0
364 0
398 0
399 0
465 0
545 0
597 0
635 0
685 0
704 0
741 0
848 0
974 0
1008 0
1019 0
1185 0
1207 0
1229 0
1230 0
1305 0
1332 0
1362 0
1456 0
1555 0
1591 0
1672 0
1715 0
1745 0
1821 0
1867 0
1883 0
2030 0
2032 0
2107 0
2221 0
2269 0
2315 0
2344 0
2373 0
2424 0
2482 0
2496 0
2526 0
2577 0
2604 0
2617 0
2618 0
2674 0
2733 0
2739 0
2795 0
2821 0
2822 0
2891 0
2898 0
2924 0
2966 0
2972 0
2993 0
3036 0
3066 0
3096 0
3189 0
3228 0
3300 0
3343 0
3384 0
3413 0
3427 0
3483 0
3510 0
3515 0
3516 0
3544 0
3590 0
3631 0
3633 0
3637 0
3642 0
3880 0
3958 0
3966 0
4117 0
4170 0
4238 0
4259 0
4263 0
4298 0
4333 0
4462 0
4505 0
4548 0
4571 0
4577 0
4580 0
4585 0
4627 0
4812 0
4820 0
4839 0
4883 0
4925 0
4983 0
4991 0
5027 0
5096 0
5189 0
5204 0
5215 0
5227 0
5255 0
5258 0
5271 0
5299 0
5335 0
5417 0
5419 0
5531 0
5604 0
5647 0
5714 0
5827 0
5869 0
5871 0
5878 0
6023 0
6193 0
6235 0
6236 0
6248 0
6252 0
6316 0
6458 0
6662 0
6782 0
6820 0
6846 0
6954 0
7039 0
7045 0
7047 0
7087 0
7108 0
7133 0
7228 0
7269 0
7322 0
7429 0
7496 0
7512 0
7552 0
7639 0
7643 0
7678 0
7820 0
7915 0
7916 0
7989 0
8032 0
8037 0
8104 0
8115 0
8118 0
8253 0
8272 0
8340 0
8344 0
8353 0
8408 0
8443 0
8464 0
8472 0
8483 0
8509 0
8586 0
8627 0
8664 0
8665 0
8711 0
8713 0
8758 0
8836 0
8931 0
8964 0
9012 0
9021 0
9096 0
9100 0
9113 0
9131 0
9154 0
9198 0
9199 0
9256 0
9257 0
9283 0
9291 0
9311 0
9410 0
9503 0
9590 0
9634 0
9710 0
9720 0
9728 0
9747 0
9810 0
9847 0
9852 0
9853 0
9916 0
9957 0
9960 0
10003 0
10159 0
10181 0
10182 0
10272 0
10337 0
10340 0
10345 0
10366 0
10401 0
10425 0
10435 0
10576 0
10606 0
10677 0
10702 0
10722 0
10835 0
10854 0
10960 0
11041 0
11107 0
11123 0
11221 0
11236 0
11329 0
11344 0
11380 0
11444 0
11463 0
11494 0
11506 0
11516 0
11540 0
11631 0
11700 0
11779 0
11829 0
11839 0
11879 0
11978 0
12021 0
12030 0
12086 0
12097 0
12108 0
12188 0
12252 0
12284 0
12363 0
12378 0
12435 0
12503 0
12542 0
12613 0
12716 0
12788 0
12810 0
12830 0
12880 0
12909 0
13041 0
13110 0
13204 0
13219 0
13261 0
13386 0
13553 0
13580 0
13596 0
13724 0
13825 0
13831 0
13932 0
13990 0
14047 0
14154 0
14196 0
14249 0
14250 0
14253 0
14268 0
14294 0
14309 0
14335 0
14416 0
14484 0
14530 0
14693 0
14707 0
14775 0
14786 0
14809 0
14869 0
14920 0
14922 0
14975 0
15159 0
15190 0
15221 0
15308 0
15310 0
15335 0
15406 0
15441 0
15477 0
15482 0
15652 0
15690 0
15691 0
15728 0
15788 0
15823 0
15827 0
15841 0
15919 0
15938 0
16050 0
16119 0
16136 0
16149 0
16197 0
16219 0
16332 0
16469 0
16478 0
16601 0
16761 0
16838 0
16912 0
16941 0
16958 0
17003 0
17007 0
17029 0
17036 0
17065 0
17097 0
17166 0
17210 0
17235 0
17266 0
17387 0
17417 0
17421 0
17441 0
17446 0
17478 0
17567 0
17775 0
17810 0
17837 0
17846 0
17859 0
17877 0
17894 0
17941 0
17992 0
17997 0
18027 0
18093 0
18096 0
18186 0
18226 0
18469 0
18532 0
18575 0
18684 0
18699 0
18732 0
18825 0
18860 0
18881 0
18913 0
18978 0
18981 0
18994 0
18998 0
19056 0
19107 0
19153 0
19157 0
19191 0
19208 0
19223 0
19301 0
19325 0
19467 0
19513 0
19571 0
19697 0
19714 0
19725 0
19824 0
19893 0
20015 0
20018 0
20054 0
20086 0
20131 0
20197 0
20230 0
20296 0
20349 0
20395 0
20459 0
20544 0
20715 0
20723 0
20763 0
20777 0
20787 0
20869 0
20901 0
20960 0
20972 0
20978 0
21024 0
21117 0
21286 0
21296 0
21387 0
21438 0
21450 0
21468 0
21522 0
21560 0
21592 0
21615 0
21781 0
21860 0
21959 0
22024 0
22062 0
22081 0
22185 0
22191 0
22198 0
22250 0
22277 0
22478 0
22486 0
22527 0
22598 0
22638 0
22647 0
22737 0
22804 0
22847 0
22917 0
22964 0
23022 0
23093 0
23133 0
23225 0
23252 0
23274 0
23295 0
23307 0
23537 0
23561 0
23573 0
23634 0
23740 0
23768 0
23829 0
23839 0
23856 0
23859 0
23948 0
24020 0
24048 0
24052 0
24070 0
24081 0
24103 0
24149 0
24185 0
24272 0
24311 0
24355 0
24432 0
24439 0
24443 0
24468 0
24534 0
24586 0
24606 0
24631 0
24654 0
24774 0
24867 0
24888 0
24921 0
24933 0
24960 0
24971 0
25008 0
25060 0
25068 0
25107 0
25126 0
25173 0
25209 0
25210 0
25238 0
25264 0
25307 0
25400 0
25430 0
25445 0
25454 0
25476 0
25640 0
25663 0
25674 0
25705 0
25805 0
25861 0
25870 0
25902 0
25906 0
25943 0
25957 0
25984 0
26088 0
26100 0
26197 0
26251 0
26252 0
26279 0
26439 0
26457 0
26491 0
26504 0
26535 0
26771 0
26847 0
26972 0
27006 0
27057 0
27107 0
27187 0
27203 0
27297 0
27312 0
27365 0
27376 0
27532 0
27612 0
27617 0
27620 0
27626 0
27629 0
27714 0
27738 0
27761 0
27790 0
28027 0
28091 0
28094 0
28206 0
28247 0
28273 0
28282 0
28288 0
28418 0
28455 0
28564 0
28765 0
28882 0
28885 0
28910 0
28971 0
29035 0
29066 0
29087 0
29122 0
29170 0
29171 0
29202 0
29246 0
29258 0
29323 0
29347 0
29368 0
29394 0
29410 0
29440 0
29464 0
29575 0
29623 0
29676 0
29734 0
29746 0
29769 0
29892 0
29935 0
29946 0
29970 0
29998 0
30052 0
30166 0
30195 0
30232 0
30243 0
30250 0
30338 0
30358 0
30415 0
30417 0
30547 0
30580 0
30622 0
30649 0
30720 0
30757 0
30765 0
30782 0
30790 0
30801 0
30809 0
30872 0
30926 0
30945 0
31018 0
31033 0
31116 0
31134 0
31302 0
31306 0
31309 0
31310 0
31359 0
31396 0
31439 0
31446 0
31451 0
31463 0
31497 0
31504 0
31671 0
31679 0
31681 0
31861 0
31917 0
31936 0
31948 0
31956 0
32001 0
32012 0
32039 0
32112 0
32138 0
32190 0
32238 0
32275 0
32283 0
32447 0
32491 0
32559 0
32619 0
32749 0
32763 0
32819 0
32898 0
32933 0
32953 0
33059 0
33085 0
33094 0
33128 0
33159 0
33354 0
33375 0
33387 0
33410 0
33417 0
33555 0
33581 0
33607 0
33654 0
33687 0
33697 0
33703 0
33737 0
33793 0
33844 0
34011 0
34084 0
34156 0
34283 0
34493 0
34508 0
34551 0
34554 0
34562 0
34644 0
34660 0
34725 0
34739 0
34938 0
34969 0
35007 0
35014 0
35031 0
35033 0
35053 0
35073 0
35116 0
35124 0
35270 0
35305 0
35313 0
35372 0
35394 0
35397 0
35442 0
35509 0
35519 0
35554 0
35601 0
35616 0
35731 0
35762 0
35822 0
35851 0
35930 0
35947 0
36023 0
36031 0
36073 0
36105 0
36111 0
36123 0
36205 0
36221 0
36334 0
36433 0
36456 0
36513 0
36593 0
36646 0
36656 0
36772 0
36805 0
36975 0
37021 0
37112 0
37235 0
37256 0
37275 0
37354 0
37414 0
37547 0
37587 0
37673 0
37693 0
37695 0
37780 0
37841 0
37874 0
37926 0
37985 0
38052 0
38137 0
38138 0
38166 0
38253 0
38264 0
38357 0
38376 0
38482 0
38529 0
38549 0
38625 0
38696 0
38738 0
38751 0
38927 0
38975 0
38976 0
39005 0
39086 0
39102 0
39136 0
39267 0
39279 0
39286 0
39390 0
39517 0
39545 0
39582 0
39607 0
39631 0
39688 0
39765 0
39816 0
39927 0
39955 0
39982 0
40025 0
40039 0
40107 0
40110 0
40151 0
40179 0
40183 0
40286 0
40290 0
40304 0
40324 0
40326 0
40364 0
40407 0
40428 0
40593 0
40660 0
40661 0
40732 0
40754 0
40764 0
40799 0
40841 0
40852 0
40861 0
40862 0
40909 0
41030 0
41093 0
41101 0
41123 0
41221 0
41239 0
41276 0
41296 0
41370 0
41385 0
41411 0
41453 0
41467 0
41595 0
41676 0
41865 0
42078 0
42127 0
42128 0
42169 0
42197 0
42356 0
42391 0
42396 0
42437 0
42456 0
42467 0
42483 0
42558 0
42597 0
42657 0
42662 0
42687 0
42692 0
42746 0
42832 0
42854 0
42888 0
42892 0
42902 0
42950 0
43094 0
43161 0
43197 0
43198 0
43231 0
43353 0
43448 0
43478 0
43517 0
43731 0
43872 0
43882 0
43893 0
43935 0
43950 0
43966 0
44017 0
44104 0
44116 0
44120 0
44232 0
44258 0
44360 0
44382 0
44504 0
44582 0
44652 0
44665 0
44794 0
44822 0
44880 0
44889 0
44903 0
44950 0
45014 0
45160 0
45289 0
45295 0
45347 0
45360 0
45376 0
45538 0
45601 0
45604 0
45663 0
45706 0
45725 0
45816 0
45862 0
45939 0
45997 0
46007 0
46017 0
46023 0
46217 0
46226 0
46297 0
46326 0
46354 0
46386 0
46511 0
46586 0
46694 0
46753 0
46850 0
46911 0
46936 0
46958 0
46988 0
47026 0
47092 0
47100 0
47149 0
47190 0
47257 0
47327 0
47402 0
47421 0
47534 0
47565 0
47598 0
47639 0
47666 0
47723 0
47785 0
47809 0
47843 0
47943 0
47970 0
47978 0
47983 0
48037 0
48137 0
48140 0
48224 0
48227 0
48255 0
48311 0
48376 0
48455 0
48484 0
48486 0
48491 0
48542 0
48589 0
48596 0
48686 0
48780 0
48790 0
48833 0
48973 0
48991 0
49002 0
49019 0
49024 0
49061 0
49074 0
49094 0
49139 0
49169 0
49331 0
49338 0
49486 0
49593 0
49610 0
49615 0
49630 0
49645 0
49676 0
49704 0
49742 0
49772 0
49874 0
49889 0
50012 0
50116 0
50145 0
50201 0
50208 0
50229 0
50418 0
50428 0
50458 0
50509 0
50512 0
50534 0
50573 0
50600 0
50630 0
50703 0
50736 0
50778 0
50806 0
50845 0
50881 0
50953 0
50969 0
51062 0
51066 0
51134 0
51213 0
51244 0
51354 0
51398 0
51434 0
51496 0
51640 0
51800 0
51889 0
51923 0
51924 0
51928 0
51938 0
52056 0
52215 0
52287 0
52315 0
52333 0
52348 0
52388 0
52439 0
52469 0
52497 0
52514 0
52523 0
52543 0
52549 0
52560 0
52570 0
52602 0
52609 0
52626 0
52702 0
52721 0
52785 0
52844 0
52911 0
52927 0
52949 0
53022 0
53033 0
53060 0
53083 0
53095 0
53158 0
53226 0
53310 0
53319 0
53394 0
53438 0
53451 0
53531 0
53579 0
53613 0
53655 0
53846 0
53920 0
53922 0
53943 0
54002 0
54042 0
54050 0
54098 0
54138 0
54226 0
54279 0
54319 0
54331 0
54356 0
54383 0
54417 0
54498 0
54499 0
54579 0
54612 0
54686 0
54720 0
54773 0
54814 0
54920 0
54921 0
55017 0
55032 0
55110 0
55112 0
55256 0
55321 0
55336 0
55564 0
55734 0
55871 0
55898 0
55933 0
55953 0
56006 0
56032 0
56062 0
56156 0
56164 0
56190 0
56225 0
56272 0
56280 0
56351 0
56430 0
56436 0
56464 0
56505 0
56533 0
56596 0
56675 0
56733 0
56748 0
56791 0
56887 0
56917 0
56946 0
57044 0
57084 0
57189 0
57191 0
57256 0
57262 0
57291 0
57309 0
57371 0
57567 0
57604 0
57639 0
57666 0
57712 0
57872 0
57908 0
57910 0
57916 0
57973 0
58057 0
58109 0
58157 0
58161 0
58212 0
58308 0
58322 0
58333 0
58338 0
58381 0
58429 0
58502 0
58506 0
58567 0
58600 0
58690 0
58729 0
58820 0
58833 0
58877 0
58912 0
58945 0
58960 0
59086 0
59317 0
59342 0
59408 0
59425 0
59479 0
59524 0
59530 0
59532 0
59541 0
59620 0
59676 0
59732 0
59738 0
59768 0
59805 0
59830 0
59857 0
59874 0
59947 0
60009 0
60040 0
60178 0
60185 0
60200 0
60231 0
60333 0
60393 0
60433 0
60439 0
60461 0
60519 0
60549 0
60559 0
60569 0
60583 0
60664 0
60675 0
60718 0
60723 0
60746 0
60747 0
60813 0
60821 0
61122 0
61210 0
61212 0
61213 0
61264 0
61311 0
61423 0
61434 0
61538 0
61546 0
61630 0
61686 0
61723 0
61767 0
61842 0
61857 0
61972 0
62021 0
62033 0
62102 0
62105 0
62133 0
62141 0
62209 0
62260 0
62279 0
62321 0
62334 0
62420 0
62502 0
62547 0
62558 0
62576 0
62637 0
62681 0
62713 0
62747 0
62813 0
62814 0
62903 0
62909 0
62967 0
63032 0
63129 0
63136 0
63142 0
63144 0
63172 0
63179 0
63192 0
63233 0
63371 0
63478 0
63485 0
63514 0
63573 0
63592 0
63720 0
63777 0
63804 0
63898 0
63949 0
63981 0
63998 0
64028 0
64192 0
64207 0
64274 0
64290 0
64314 0
64417 0
64421 0
64449 0
64457 0
64526 0
64540 0
64620 0
64733 0
64750 0
64773 0
64820 0
64828 0
64886 0
64903 0
64910 0
64939 0
65077 0
65080 0
65109 0
65148 0
65325 0
65340 0
65377 0
65386 0
65408 0
65448 0
65467 0
65523 0
65572 0
65595 0
65811 0
65914 0
65936 0
65976 0
66017 0
66119 0
66198 0
66272 0
66322 0
66448 0
66495 0
66528 0
66534 0
66605 0
66615 0
66634 0
66722 0
66726 0
66731 0
66759 0
66842 0
66891 0
66907 0
66919 0
66948 0
66972 0
66983 0
67073 0
67148 0
67200 0
67208 0
67259 0
67271 0
67340 0
67346 0
67384 0
67398 0
67430 0
67471 0
67486 0
67567 0
67592 0
67693 0
67694 0
67818 0
67857 0
67877 0
67934 0
67963 0
67970 0
67974 0
68082 0
68088 0
68090 0
68189 0
68212 0
68225 0
68336 0
68337 0
68522 0
68540 0
68564 0
68779 0
68909 0
68976 0
69138 0
69156 0
69192 0
69198 0
69200 0
69219 0
69422 0
69471 0
69472 0
69524 0
69563 0
69601 0
69606 0
69635 0
69641 0
69890 0
69922 0
69976 0
70011 0
70088 0
70209 0
70217 0
70357 0
70372 0
70376 0
70434 0
70504 0
70508 0
70550 0
70645 0
70669 0
70715 0
70722 0
70748 0
70796 0
70849 0
70909 0
70975 0
71062 0
71088 0
71089 0
71186 0
71295 0
71407 0
71485 0
71578 0
71912 0
71955 0
72087 0
72167 0
72177 0
72242 0
72287 0
72367 0
72457 0
72515 0
72549 0
72628 0
72701 0
72758 0
72760 0
72775 0
72810 0
72812 0
72816 0
72858 0
72925 0
72991 0
73082 0
73086 0
73195 0
73214 0
73230 0
73250 0
73294 0
73505 0
73541 0
73570 0
73589 0
73592 0
73596 0
73717 0
73792 0
73864 0
73915 0
74082 0
74124 0
74130 0
74245 0
74250 0
74283 0
74372 0
74394 0
74572 0
74623 0
74679 0
74757 0
74898 0
74949 0
74958 0
74967 0
75069 0
75090 0
75121 0
75140 0
75262 0
75274 0
75277 0
75306 0
75365 0
75442 0
75477 0
75510 0
75588 0
75702 0
75708 0
75730 0
75754 0
75776 0
75816 0
75862 0
76000 0
76025 0
76090 0
76099 0
76102 0
76136 0
76148 0
76230 0
76243 0
76264 0
76371 0
76385 0
76454 0
76480 0
76503 0
76523 0
76593 0
76632 0
76704 0
76808 0
76821 0
76824 0
76836 0
77044 0
77069 0
77084 0
77123 0
77129 0
77166 0
77226 0
77281 0
77301 0
77345 0
77367 0
77375 0
77564 0
77580 0
77624 0
77831 0
77883 0
77960 0
77990 0
78043 0
78044 0
78110 0
78138 0
78169 0
78212 0
78287 0
78349 0
78351 0
78367 0
78466 0
78506 0
78539 0
78773 0
78783 0
78921 0
79020 0
79089 0
79133 0
79197 0
79257 0
79285 0
79334 0
79374 0
79411 0
79479 0
79489 0
79507 0
79541 0
79557 0
79616 0
79658 0
79749 0
79842 0
79852 0
79855 0
79894 0
79902 0
79903 0
80017 0
80052 0
80107 0
80190 0
80287 0
80311 0
80381 0
80414 0
80473 0
80495 0
80556 0
80637 0
80657 0
80703 0
80740 0
80857 0
80866 0
80883 0
81013 0
81061 0
81097 0
81123 0
81184 0
81249 0
81416 0
81493 0
81509 0
81539 0
81568 0
81601 0
81607 0
81776 0
81818 0
81819 0
81823 0
81854 0
81903 0
81931 0
81947 0
81993 0
82083 0
82086 0
82097 0
82110 0
82148 0
82155 0
82191 0
82254 0
82625 0
82637 0
82647 0
82667 0
82675 0
82681 0
82738 0
82768 0
82772 0
82876 0
82909 0
82910 0
82945 0
83015 0
83051 0
83089 0
83094 0
83214 0
83229 0
83354 0
83373 0
83423 0
83454 0
83503 0
83530 0
83536 0
83561 0
83637 0
83643 0
83656 0
83788 0
83840 0
83845 0
83859 0
83863 0
83878 0
83894 0
83900 0
83931 0
84041 0
84067 0
84142 0
84149 0
84203 0
84226 0
84268 0
84272 0
84290 0
84297 0
84366 0
84399 0
84409 0
84556 0
84631 0
84789 0
84801 0
84821 0
84849 0
84953 0
84954 0
84956 0
84967 0
84999 0
85002 0
85059 0
85092 0
85140 0
85152 0
85187 0
85314 0
85409 0
85413 0
85511 0
85544 0
85586 0
85630 0
85647 0
85698 0
85765 0
85768 0
85788 0
85823 0
85890 0
85910 0
85927 0
85956 0
85981 0
86140 0
86181 0
86182 0
86386 0
86391 0
86396 0
86408 0
86469 0
86531 0
86803 0
86866 0
86991 0
87024 0
87026 0
87048 0
87057 0
87085 0
87099 0
87290 0
87291 0
87307 0
87312 0
87518 0
87528 0
87559 0
87697 0
87756 0
87853 0
87904 0
87958 0
88061 0
88071 0
88113 0
88186 0
88216 0
88297 0
88399 0
88405 0
88408 0
88446 0
88562 0
88567 0
88569 0
88601 0
88718 0
88747 0
88787 0
88812 0
89010 0
89012 0
89029 0
89060 0
89070 0
89123 0
89170 0
89291 0
89295 0
89325 0
89331 0
89362 0
89392 0
89474 0
89499 0
89637 0
89710 0
89779 0
89856 0
89955 0
90101 0
90187 0
90191 0
90215 0
90220 0
90229 0
90244 0
90277 0
90313 0
90341 0
90375 0
90390 0
90399 0
90430 0
90456 0
90457 0
90483 0
90502 0
90608 0
90678 0
90705 0
90713 0
90749 0
90808 0
90842 0
90862 0
90918 0
90936 0
90948 0
91043 0
91053 0
91064 0
91083 0
91163 0
91326 0
91338 0
91395 0
91432 0
91436 0
91529 0
91568 0
91606 0
91705 0
91723 0
91754 0
91859 0
91931 0
91935 0
91972 0
92031 0
92041 0
92076 0
92093 0
92105 0
92406 0
92484 0
92511 0
92620 0
92722 0
92738 0
92823 0
92906 0
92926 0
92934 0
92948 0
92976 0
92988 0
93110 0
93137 0
93206 0
93301 0
93371 0
93398 0
93412 0
93498 0
93529 0
93579 0
93620 0
93643 0
93744 0
93857 0
93869 0
94045 0
94049 0
94067 0
94068 0
94108 0
94118 0
94212 0
94247 0
94264 0
94450 0
94530 0
94532 0
94547 0
94586 0
94725 0
94752 0
94796 0
94801 0
94934 0
95001 0
95011 0
95021 0
95066 0
95103 0
95145 0
95157 0
95176 0
95209 0
95214 0
95224 0
95239 0
95248 0
95258 0
95262 0
95307 0
95326 0
95336 0
95373 0
95377 0
95392 0
95419 0
95456 0
95474 0
95551 0
95563 0
95569 0
95628 0
95666 0
95679 0
95707 0
95713 0
95846 0
95857 0
95873 0
95917 0
96018 0
96054 0
96058 0
96254 0
96298 0
96421 0
96424 0
96449 0
96455 0
96498 0
96510 0
96570 0
96656 0
96665 0
96708 0
96784 0
96829 0
96850 0
96887 0
96977 0
97174 0
97201 0
97303 0
97335 0
97371 0
97509 0
97524 0
97602 0
97620 0
97625 0
97680 0
97731 0
97780 0
97819 0
97827 0
97868 0
97872 0
97884 0
97940 0
97952 0
97955 0
97973 0
98066 0
98150 0
98154 0
98178 0
98189 0
98211 0
98232 0
98255 0
98320 0
98352 0
98356 0
98513 0
98517 0
98538 0
98587 0
98596 0
98626 0
98630 0
98659 0
98676 0
98732 0
98762 0
98777 0
98833 0
98885 0
99113 0
99125 0
99135 0
99166 0
99260 0
99329 0
99366 0
99456 0
99468 0
99497 0
99558 0
99573 0
99591 0
99599 0
99713 0
99765 0
99776 0
99788 0
99814 0
99862 0
99885 0
