c This is a uniform distributed  1-D DIMACS file 
c width height point_number
p 100000 100000 2048
40 0
97 0
180 0
258 0
312 0
314 0
356 0
391 0
480 0
516 0
534 0
564 0
570 0
602 0
613 0
624 0
688 0
760 0
799 0
1057 0
1072 0
1097 0
1137 0
1182 0
1277 0
1285 0
1303 0
1348 0
1466 0
1468 0
1479 0
1556 0
1571 0
1594 0
1600 0
1683 0
1803 0
1860 0
1898 0
1938 0
1955 0
2100 0
2104 0
2150 0
2247 0
2291 0
2331 0
2382 0
2402 0
2406 0
2410 0
2448 0
2477 0
2500 0
2504 0
2542 0
2565 0
2594 0
2675 0
2678 0
2682 0
2699 0
2733 0
2824 0
2900 0
2920 0
2923 0
2982 0
3007 0
3069 0
3094 0
3112 0
3189 0
3247 0
3248 0
3274 0
3351 0
3397 0
3609 0
3688 0
3730 0
3789 0
3816 0
3840 0
3943 0
3962 0
3982 0
3991 0
4074 0
4144 0
4165 0
4221 0
4305 0
4351 0
4359 0
4497 0
4507 0
4536 0
4696 0
4931 0
4950 0
4963 0
5108 0
5243 0
5269 0
5292 0
5410 0
5523 0
5557 0
5568 0
5675 0
5826 0
5855 0
5936 0
5939 0
5942 0
6003 0
6044 0
6062 0
6093 0
6095 0
6139 0
6231 0
6233 0
6433 0
6521 0
6564 0
6627 0
6724 0
6733 0
6855 0
7003 0
7005 0
7008 0
7067 0
7205 0
7210 0
7237 0
7329 0
7334 0
7423 0
7493 0
7504 0
7566 0
7619 0
7674 0
7682 0
7689 0
7706 0
7726 0
7736 0
7942 0
7964 0
7967 0
7976 0
8036 0
8043 0
8049 0
8101 0
8105 0
8143 0
8144 0
8164 0
8238 0
8269 0
8275 0
8299 0
8303 0
8316 0
8377 0
8437 0
8502 0
8503 0
8528 0
8564 0
8582 0
8662 0
8751 0
8829 0
8834 0
8896 0
8923 0
8965 0
8971 0
9119 0
9128 0
9166 0
9205 0
9224 0
9261 0
9303 0
9393 0
9501 0
9517 0
9601 0
9644 0
9675 0
9756 0
9779 0
9852 0
9873 0
9904 0
9906 0
10058 0
10061 0
10065 0
10094 0
10149 0
10159 0
10187 0
10201 0
10232 0
10306 0
10312 0
10371 0
10409 0
10427 0
10437 0
10502 0
10523 0
10541 0
10617 0
10623 0
10717 0
10720 0
10732 0
10768 0
10852 0
10883 0
10916 0
11012 0
11084 0
11152 0
11176 0
11232 0
11255 0
11311 0
11426 0
11433 0
11455 0
11484 0
11486 0
11530 0
11543 0
11547 0
11553 0
11566 0
11601 0
11667 0
11691 0
11715 0
11765 0
11835 0
11840 0
11958 0
12053 0
12094 0
12213 0
12238 0
12328 0
12352 0
12362 0
12386 0
12417 0
12455 0
12498 0
12502 0
12607 0
12675 0
12682 0
12686 0
12701 0
12710 0
12783 0
12860 0
12914 0
12951 0
12977 0
12999 0
13141 0
13173 0
13225 0
13269 0
13315 0
13348 0
13507 0
13545 0
13554 0
13557 0
13569 0
13635 0
13672 0
13782 0
13803 0
13821 0
13844 0
13935 0
14141 0
14171 0
14172 0
14176 0
14315 0
14316 0
14331 0
14334 0
14423 0
14457 0
14483 0
14575 0
14601 0
14865 0
15024 0
15029 0
15056 0
15103 0
15112 0
15242 0
15291 0
15384 0
15402 0
15411 0
15488 0
15527 0
15585 0
15604 0
15616 0
15623 0
15662 0
15737 0
15805 0
15813 0
15823 0
15983 0
15993 0
15996 0
16023 0
16036 0
16069 0
16124 0
16193 0
16218 0
16235 0
16267 0
16288 0
16387 0
16596 0
16656 0
16671 0
16708 0
16737 0
16912 0
16955 0
16977 0
17059 0
17062 0
17077 0
17114 0
17287 0
17382 0
17388 0
17393 0
17532 0
17558 0
17584 0
17740 0
17792 0
17812 0
17833 0
17874 0
17913 0
17931 0
17954 0
18005 0
18014 0
18037 0
18041 0
18055 0
18075 0
18116 0
18196 0
18210 0
18241 0
18301 0
18400 0
18420 0
18498 0
18617 0
18651 0
18659 0
18667 0
18725 0
18781 0
18860 0
18870 0
18873 0
18918 0
18962 0
19041 0
19056 0
19083 0
19087 0
19127 0
19133 0
19146 0
19198 0
19309 0
19463 0
19519 0
19531 0
19585 0
19698 0
19709 0
19730 0
19760 0
19793 0
19839 0
19913 0
19988 0
19995 0
20156 0
20171 0
20211 0
20261 0
20262 0
20302 0
20380 0
20447 0
20581 0
20585 0
20618 0
20798 0
20825 0
20834 0
20858 0
20860 0
20917 0
21155 0
21181 0
21237 0
21250 0
21269 0
21378 0
21405 0
21448 0
21466 0
21528 0
21606 0
21609 0
21711 0
21808 0
21830 0
21834 0
21867 0
21941 0
21998 0
22019 0
22040 0
22118 0
22247 0
22317 0
22330 0
22339 0
22499 0
22585 0
22587 0
22617 0
22678 0
22723 0
22875 0
22951 0
23008 0
23053 0
23113 0
23229 0
23342 0
23364 0
23384 0
23426 0
23448 0
23449 0
23493 0
23547 0
23552 0
23554 0
23613 0
23667 0
23736 0
23786 0
23879 0
23917 0
23930 0
23982 0
24024 0
24026 0
24046 0
24050 0
24078 0
24124 0
24321 0
24331 0
24345 0
24368 0
24370 0
24479 0
24507 0
24521 0
24525 0
24550 0
24563 0
24714 0
24783 0
24798 0
24800 0
24859 0
24883 0
24989 0
25077 0
25257 0
25263 0
25275 0
25288 0
25325 0
25453 0
25471 0
25581 0
25714 0
25785 0
25893 0
25897 0
25902 0
25954 0
25956 0
25992 0
26054 0
26058 0
26105 0
26127 0
26156 0
26160 0
26167 0
26172 0
26201 0
26236 0
26242 0
26286 0
26329 0
26365 0
26366 0
26379 0
26446 0
26471 0
26479 0
26541 0
26556 0
26583 0
26624 0
26634 0
26727 0
26733 0
26757 0
26809 0
26822 0
26833 0
26841 0
26898 0
26928 0
26939 0
27096 0
27168 0
27181 0
27210 0
27298 0
27361 0
27366 0
27371 0
27384 0
27438 0
27495 0
27548 0
27595 0
27599 0
27616 0
27711 0
27747 0
27794 0
27799 0
27870 0
27930 0
27977 0
28035 0
28148 0
28161 0
28271 0
28303 0
28435 0
28507 0
28525 0
28616 0
28689 0
28749 0
28791 0
28794 0
28798 0
28848 0
28859 0
28896 0
28997 0
29025 0
29073 0
29182 0
29184 0
29189 0
29235 0
29280 0
29419 0
29462 0
29587 0
29595 0
29613 0
29640 0
29648 0
29685 0
29719 0
29751 0
29791 0
29792 0
29796 0
29803 0
29867 0
29940 0
29998 0
30064 0
30083 0
30095 0
30110 0
30172 0
30178 0
30196 0
30210 0
30227 0
30255 0
30291 0
30357 0
30391 0
30394 0
30404 0
30411 0
30457 0
30544 0
30739 0
30867 0
30903 0
30956 0
31026 0
31183 0
31235 0
31263 0
31326 0
31343 0
31349 0
31390 0
31415 0
31417 0
31520 0
31574 0
31653 0
32003 0
32010 0
32054 0
32058 0
32064 0
32081 0
32159 0
32192 0
32223 0
32322 0
32409 0
32557 0
32626 0
32721 0
32728 0
32758 0
32790 0
32844 0
32870 0
32892 0
32906 0
32950 0
32952 0
33116 0
33121 0
33172 0
33236 0
33264 0
33323 0
33447 0
33531 0
33629 0
33635 0
33647 0
33649 0
33667 0
33682 0
33687 0
33782 0
33831 0
33853 0
33857 0
33970 0
33982 0
34101 0
34223 0
34259 0
34365 0
34393 0
34453 0
34607 0
34616 0
34630 0
34643 0
34664 0
34673 0
35004 0
35007 0
35127 0
35141 0
35186 0
35189 0
35239 0
35240 0
35241 0
35314 0
35337 0
35345 0
35444 0
35523 0
35530 0
35691 0
35717 0
35784 0
35794 0
35901 0
35931 0
35994 0
36012 0
36050 0
36156 0
36256 0
36296 0
36331 0
36371 0
36376 0
36489 0
36500 0
36517 0
36537 0
36655 0
36659 0
36666 0
36780 0
36795 0
36873 0
36912 0
36953 0
37128 0
37178 0
37209 0
37213 0
37214 0
37319 0
37392 0
37401 0
37416 0
37418 0
37568 0
37570 0
37637 0
37642 0
37656 0
37757 0
37867 0
37921 0
38027 0
38067 0
38095 0
38161 0
38203 0
38214 0
38267 0
38304 0
38348 0
38365 0
38379 0
38468 0
38517 0
38567 0
38580 0
38605 0
38698 0
38778 0
38791 0
38840 0
38856 0
38907 0
38949 0
38952 0
38972 0
39033 0
39038 0
39121 0
39189 0
39191 0
39220 0
39227 0
39267 0
39283 0
39327 0
39388 0
39463 0
39465 0
39488 0
39612 0
39688 0
39780 0
39785 0
39797 0
39829 0
39963 0
40246 0
40265 0
40307 0
40310 0
40349 0
40394 0
40420 0
40436 0
40443 0
40458 0
40464 0
40491 0
40554 0
40559 0
40560 0
40653 0
40750 0
40784 0
40829 0
40960 0
40992 0
41051 0
41285 0
41350 0
41372 0
41373 0
41393 0
41412 0
41422 0
41438 0
41448 0
41463 0
41469 0
41488 0
41499 0
41521 0
41710 0
41722 0
41736 0
41849 0
41897 0
41904 0
42116 0
42310 0
42337 0
42417 0
42456 0
42473 0
42519 0
42524 0
42559 0
42569 0
42599 0
42662 0
42705 0
42822 0
42840 0
42848 0
42865 0
42980 0
43017 0
43022 0
43089 0
43120 0
43140 0
43167 0
43184 0
43191 0
43264 0
43337 0
43365 0
43396 0
43418 0
43442 0
43443 0
43497 0
43546 0
43582 0
43597 0
43633 0
43661 0
43714 0
43743 0
43751 0
43796 0
43801 0
43879 0
43903 0
43942 0
43944 0
44114 0
44125 0
44136 0
44193 0
44201 0
44202 0
44303 0
44320 0
44404 0
44462 0
44476 0
44654 0
44704 0
44768 0
44807 0
44836 0
44841 0
44908 0
44910 0
44915 0
44970 0
45019 0
45100 0
45118 0
45146 0
45211 0
45433 0
45546 0
45682 0
45720 0
45732 0
45786 0
45794 0
45798 0
45855 0
45884 0
45889 0
45998 0
46048 0
46098 0
46186 0
46262 0
46280 0
46302 0
46306 0
46462 0
46483 0
46497 0
46550 0
46569 0
46591 0
46740 0
46841 0
46911 0
46918 0
46931 0
47281 0
47284 0
47404 0
47414 0
47524 0
47526 0
47579 0
47594 0
47596 0
47636 0
48003 0
48025 0
48049 0
48059 0
48163 0
48182 0
48301 0
48304 0
48339 0
48351 0
48366 0
48378 0
48440 0
48453 0
48494 0
48586 0
48660 0
48692 0
48703 0
48707 0
48733 0
48755 0
48807 0
48889 0
48952 0
48984 0
49015 0
49016 0
49045 0
49326 0
49343 0
49405 0
49412 0
49435 0
49480 0
49518 0
49537 0
49615 0
49616 0
49643 0
49656 0
49686 0
49697 0
49740 0
49750 0
49759 0
49781 0
49855 0
49924 0
50088 0
50149 0
50251 0
50268 0
50273 0
50326 0
50333 0
50503 0
50532 0
50568 0
50588 0
50615 0
50622 0
50637 0
50714 0
50769 0
50826 0
50913 0
50967 0
50998 0
51051 0
51092 0
51273 0
51323 0
51393 0
51430 0
51537 0
51542 0
51597 0
51621 0
51683 0
51704 0
51741 0
51766 0
51775 0
51802 0
51900 0
52001 0
52016 0
52098 0
52122 0
52128 0
52148 0
52154 0
52226 0
52231 0
52292 0
52380 0
52431 0
52490 0
52500 0
52540 0
52585 0
52616 0
52621 0
52635 0
52773 0
52875 0
52943 0
52969 0
53013 0
53115 0
53147 0
53150 0
53161 0
53257 0
53292 0
53306 0
53314 0
53371 0
53386 0
53458 0
53518 0
53585 0
53628 0
53705 0
53792 0
53803 0
53831 0
53835 0
53850 0
53898 0
53902 0
53949 0
53967 0
53988 0
54022 0
54034 0
54043 0
54057 0
54137 0
54160 0
54188 0
54190 0
54247 0
54279 0
54350 0
54382 0
54438 0
54463 0
54655 0
54681 0
54698 0
54720 0
54736 0
54857 0
54871 0
54879 0
54908 0
54964 0
55044 0
55059 0
55075 0
55146 0
55155 0
55169 0
55176 0
55248 0
55263 0
55335 0
55348 0
55389 0
55435 0
55463 0
55481 0
55490 0
55577 0
55667 0
55790 0
55825 0
55851 0
55877 0
55901 0
55935 0
56041 0
56043 0
56067 0
56198 0
56385 0
56417 0
56448 0
56534 0
56617 0
56733 0
56805 0
56900 0
56935 0
57055 0
57073 0
57113 0
57123 0
57138 0
57267 0
57270 0
57285 0
57356 0
57398 0
57535 0
57548 0
57606 0
57627 0
57706 0
57710 0
57716 0
57719 0
57791 0
57810 0
57878 0
57976 0
58202 0
58245 0
58267 0
58275 0
58293 0
58328 0
58347 0
58373 0
58403 0
58550 0
58665 0
58684 0
58722 0
58833 0
58899 0
58934 0
58996 0
59003 0
59015 0
59092 0
59190 0
59192 0
59254 0
59331 0
59384 0
59395 0
59411 0
59488 0
59534 0
59573 0
59694 0
59717 0
59787 0
59796 0
59821 0
59829 0
59831 0
59856 0
59925 0
59971 0
60005 0
60085 0
60136 0
60199 0
60206 0
60225 0
60241 0
60276 0
60293 0
60349 0
60411 0
60488 0
60497 0
60528 0
60756 0
60772 0
60785 0
60818 0
60820 0
60866 0
60880 0
60946 0
60972 0
61038 0
61073 0
61107 0
61120 0
61170 0
61220 0
61280 0
61286 0
61303 0
61306 0
61353 0
61518 0
61554 0
61649 0
61697 0
61808 0
61811 0
61826 0
61869 0
61871 0
61946 0
61970 0
61971 0
61977 0
62039 0
62040 0
62085 0
62105 0
62119 0
62160 0
62220 0
62307 0
62479 0
62485 0
62514 0
62558 0
62585 0
62614 0
62622 0
62629 0
62651 0
62685 0
62721 0
62778 0
62781 0
62787 0
62802 0
62843 0
62909 0
62920 0
62925 0
62955 0
63036 0
63063 0
63168 0
63291 0
63320 0
63339 0
63361 0
63367 0
63401 0
63548 0
63577 0
63589 0
63663 0
63726 0
63740 0
63872 0
63880 0
63899 0
63961 0
63963 0
63996 0
64091 0
64146 0
64155 0
64176 0
64259 0
64332 0
64336 0
64343 0
64377 0
64431 0
64436 0
64511 0
64529 0
64569 0
64657 0
64658 0
64671 0
64692 0
64732 0
64745 0
64814 0
64824 0
64857 0
64864 0
64982 0
65019 0
65026 0
65099 0
65130 0
65142 0
65150 0
65204 0
65268 0
65309 0
65358 0
65370 0
65424 0
65442 0
65461 0
65624 0
65680 0
65685 0
65690 0
65703 0
65847 0
66036 0
66037 0
66120 0
66147 0
66210 0
66342 0
66347 0
66629 0
66633 0
66662 0
66695 0
66725 0
66772 0
66788 0
66841 0
67092 0
67097 0
67189 0
67244 0
67245 0
67308 0
67452 0
67455 0
67479 0
67486 0
67527 0
67547 0
67717 0
67824 0
67938 0
67953 0
67977 0
68101 0
68183 0
68207 0
68218 0
68238 0
68323 0
68380 0
68450 0
68527 0
68533 0
68621 0
68690 0
68766 0
68783 0
69058 0
69113 0
69148 0
69177 0
69274 0
69277 0
69298 0
69368 0
69569 0
69579 0
69705 0
69708 0
69797 0
69819 0
69826 0
69872 0
69903 0
69940 0
70008 0
70028 0
70032 0
70039 0
70045 0
70049 0
70097 0
70125 0
70131 0
70327 0
70334 0
70382 0
70390 0
70476 0
70574 0
70740 0
70778 0
70895 0
70937 0
70990 0
71030 0
71107 0
71122 0
71167 0
71209 0
71227 0
71350 0
71399 0
71499 0
71552 0
71603 0
71790 0
71839 0
71865 0
71870 0
71901 0
71909 0
71927 0
71957 0
71984 0
71988 0
72160 0
72195 0
72231 0
72236 0
72454 0
72464 0
72495 0
72548 0
72560 0
72587 0
72736 0
72741 0
72854 0
72878 0
73065 0
73111 0
73136 0
73225 0
73264 0
73275 0
73388 0
73421 0
73425 0
73495 0
73556 0
73648 0
73694 0
73755 0
73849 0
73853 0
73919 0
73965 0
73975 0
74001 0
74008 0
74018 0
74118 0
74225 0
74227 0
74281 0
74304 0
74408 0
74415 0
74454 0
74496 0
74514 0
74517 0
74577 0
74724 0
74729 0
74735 0
74741 0
74801 0
74829 0
74906 0
74964 0
74970 0
74992 0
75010 0
75049 0
75105 0
75172 0
75184 0
75238 0
75248 0
75430 0
75450 0
75464 0
75546 0
75548 0
75566 0
75624 0
75660 0
75677 0
75811 0
75951 0
76012 0
76114 0
76129 0
76171 0
76249 0
76256 0
76331 0
76333 0
76371 0
76377 0
76452 0
76582 0
76656 0
76684 0
76721 0
76811 0
76815 0
76842 0
76953 0
76961 0
76967 0
77086 0
77245 0
77269 0
77286 0
77290 0
77330 0
77351 0
77373 0
77452 0
77516 0
77616 0
77621 0
77644 0
77687 0
77705 0
77732 0
77832 0
77838 0
77887 0
77888 0
77916 0
77926 0
77936 0
77945 0
77968 0
77991 0
78034 0
78043 0
78140 0
78193 0
78241 0
78254 0
78319 0
78353 0
78559 0
78741 0
78904 0
78992 0
79017 0
79059 0
79116 0
79143 0
79208 0
79231 0
79285 0
79336 0
79378 0
79464 0
79583 0
79623 0
79630 0
79639 0
79784 0
79868 0
79942 0
80000 0
80004 0
80013 0
80105 0
80145 0
80238 0
80350 0
80431 0
80460 0
80473 0
80542 0
80574 0
80576 0
80613 0
80644 0
80655 0
80728 0
80754 0
80805 0
80970 0
80992 0
80998 0
81106 0
81127 0
81156 0
81158 0
81174 0
81177 0
81184 0
81284 0
81412 0
81415 0
81487 0
81517 0
81544 0
81589 0
81592 0
81624 0
81631 0
81694 0
81760 0
81832 0
81877 0
81892 0
81893 0
81971 0
81975 0
82051 0
82197 0
82226 0
82259 0
82264 0
82305 0
82320 0
82455 0
82465 0
82562 0
82687 0
82799 0
82928 0
82946 0
83100 0
83107 0
83149 0
83205 0
83227 0
83292 0
83334 0
83353 0
83373 0
83426 0
83442 0
83472 0
83585 0
83616 0
83701 0
83805 0
83828 0
83859 0
83935 0
83989 0
83999 0
84105 0
84231 0
84304 0
84342 0
84425 0
84465 0
84500 0
84581 0
84597 0
84830 0
84958 0
85075 0
85097 0
85127 0
85182 0
85189 0
85206 0
85243 0
85294 0
85366 0
85382 0
85439 0
85442 0
85444 0
85463 0
85480 0
85548 0
85561 0
85595 0
85637 0
85701 0
85770 0
85780 0
85785 0
85795 0
85809 0
85836 0
85845 0
86015 0
86065 0
86162 0
86186 0
86270 0
86373 0
86397 0
86434 0
86470 0
86484 0
86578 0
86633 0
86638 0
86701 0
86956 0
86985 0
86996 0
87001 0
87004 0
87052 0
87142 0
87205 0
87260 0
87294 0
87312 0
87329 0
87367 0
87401 0
87402 0
87479 0
87486 0
87548 0
87643 0
87721 0
87795 0
87797 0
87956 0
88012 0
88026 0
88127 0
88191 0
88208 0
88256 0
88278 0
88300 0
88308 0
88309 0
88322 0
88574 0
88596 0
88698 0
88811 0
88813 0
88955 0
88986 0
88988 0
88997 0
89007 0
89016 0
89045 0
89058 0
89112 0
89127 0
89175 0
89176 0
89228 0
89253 0
89399 0
89447 0
89452 0
89492 0
89508 0
89637 0
89744 0
89807 0
89835 0
89861 0
89862 0
89870 0
89882 0
89917 0
89932 0
89952 0
89975 0
89980 0
90003 0
90086 0
90102 0
90125 0
90150 0
90202 0
90249 0
90387 0
90411 0
90426 0
90431 0
90457 0
90468 0
90498 0
90510 0
90511 0
90665 0
90711 0
90744 0
90748 0
90792 0
90853 0
90855 0
90859 0
90865 0
90930 0
90953 0
90989 0
91044 0
91078 0
91166 0
91218 0
91243 0
91322 0
91331 0
91342 0
91498 0
91513 0
91525 0
91600 0
91677 0
91690 0
91709 0
91804 0
91824 0
91879 0
91949 0
91992 0
92057 0
92071 0
92130 0
92160 0
92192 0
92197 0
92240 0
92285 0
92312 0
92318 0
92332 0
92394 0
92408 0
92441 0
92568 0
92573 0
92681 0
92850 0
92974 0
93172 0
93198 0
93279 0
93358 0
93365 0
93383 0
93405 0
93436 0
93486 0
93598 0
93648 0
93770 0
93814 0
93821 0
93941 0
94015 0
94021 0
94074 0
94091 0
94104 0
94143 0
94257 0
94259 0
94314 0
94421 0
94454 0
94463 0
94464 0
94507 0
94519 0
94630 0
94773 0
94813 0
94836 0
94938 0
95140 0
95160 0
95258 0
95320 0
95478 0
95486 0
95488 0
95497 0
95523 0
95536 0
95545 0
95596 0
95664 0
95683 0
95740 0
95911 0
95975 0
96130 0
96132 0
96199 0
96250 0
96274 0
96280 0
96332 0
96422 0
96441 0
96532 0
96597 0
96626 0
96666 0
96689 0
96735 0
96762 0
96783 0
96787 0
96818 0
96908 0
96918 0
96934 0
97016 0
97027 0
97077 0
97100 0
97168 0
97219 0
97279 0
97287 0
97301 0
97363 0
97502 0
97545 0
97595 0
97598 0
97617 0
97691 0
97763 0
97849 0
97872 0
97874 0
97893 0
97936 0
97983 0
98051 0
98087 0
98223 0
98341 0
98369 0
98379 0
98385 0
98387 0
98403 0
98451 0
98565 0
98643 0
98665 0
98682 0
98752 0
98873 0
98916 0
98992 0
99155 0
99159 0
99198 0
99211 0
99252 0
99277 0
99377 0
99456 0
99557 0
99565 0
99572 0
99616 0
99634 0
99638 0
99643 0
99663 0
99679 0
99878 0
99919 0
99975 0
99984 0
