c This is a uniform distributed  1-D DIMACS file 
c width height point_number
p 100000 100000 2048
35 0
78 0
119 0
196 0
209 0
288 0
341 0
362 0
499 0
622 0
652 0
661 0
683 0
888 0
926 0
1012 0
1020 0
1032 0
1036 0
1083 0
1091 0
1243 0
1318 0
1405 0
1427 0
1433 0
1474 0
1493 0
1558 0
1585 0
1679 0
1685 0
1686 0
1690 0
1787 0
1839 0
1854 0
1897 0
1915 0
1954 0
1978 0
2095 0
2156 0
2237 0
2250 0
2273 0
2291 0
2309 0
2328 0
2348 0
2356 0
2363 0
2410 0
2423 0
2523 0
2561 0
2602 0
2662 0
2699 0
2747 0
2765 0
2782 0
2825 0
2907 0
2951 0
3041 0
3042 0
3076 0
3151 0
3155 0
3164 0
3201 0
3248 0
3249 0
3327 0
3330 0
3337 0
3391 0
3413 0
3427 0
3437 0
3463 0
3477 0
3484 0
3485 0
3519 0
3554 0
3586 0
3638 0
3683 0
3692 0
3722 0
3752 0
3817 0
3820 0
3830 0
3835 0
3899 0
3932 0
3942 0
3980 0
3983 0
4012 0
4131 0
4146 0
4164 0
4165 0
4340 0
4449 0
4497 0
4535 0
4552 0
4562 0
4652 0
4718 0
4749 0
4866 0
4882 0
4985 0
5007 0
5127 0
5224 0
5266 0
5453 0
5458 0
5494 0
5596 0
5598 0
5665 0
5773 0
5798 0
5823 0
5875 0
5878 0
5927 0
6069 0
6082 0
6132 0
6213 0
6305 0
6374 0
6450 0
6467 0
6472 0
6528 0
6633 0
6674 0
6695 0
6716 0
6751 0
6882 0
6938 0
7027 0
7067 0
7122 0
7155 0
7156 0
7234 0
7248 0
7252 0
7282 0
7342 0
7356 0
7381 0
7393 0
7425 0
7504 0
7559 0
7673 0
7685 0
7793 0
7815 0
7817 0
7833 0
7934 0
7947 0
7948 0
7955 0
8061 0
8080 0
8099 0
8168 0
8213 0
8273 0
8298 0
8348 0
8350 0
8358 0
8390 0
8394 0
8406 0
8549 0
8612 0
8626 0
8662 0
8714 0
8731 0
8770 0
8828 0
8880 0
8891 0
8908 0
9014 0
9021 0
9060 0
9116 0
9123 0
9176 0
9195 0
9226 0
9241 0
9261 0
9316 0
9442 0
9602 0
9608 0
9648 0
9804 0
9985 0
10123 0
10125 0
10213 0
10223 0
10311 0
10313 0
10360 0
10560 0
10659 0
10730 0
10879 0
10897 0
10953 0
11023 0
11050 0
11122 0
11201 0
11238 0
11240 0
11258 0
11290 0
11336 0
11421 0
11493 0
11560 0
11614 0
11619 0
11623 0
11639 0
11681 0
11711 0
11746 0
11768 0
11826 0
11846 0
11868 0
11869 0
12006 0
12057 0
12078 0
12093 0
12103 0
12150 0
12152 0
12156 0
12199 0
12254 0
12258 0
12263 0
12310 0
12390 0
12418 0
12422 0
12430 0
12538 0
12656 0
12662 0
12682 0
12762 0
12880 0
12905 0
12917 0
12920 0
12972 0
13090 0
13163 0
13174 0
13279 0
13418 0
13438 0
13488 0
13493 0
13660 0
13667 0
13705 0
13730 0
13805 0
13824 0
13860 0
13920 0
13952 0
13975 0
14159 0
14160 0
14167 0
14187 0
14191 0
14202 0
14220 0
14223 0
14227 0
14283 0
14288 0
14396 0
14416 0
14422 0
14460 0
14502 0
14567 0
14623 0
14626 0
14665 0
14681 0
14707 0
14725 0
14778 0
14795 0
14806 0
14820 0
14935 0
14939 0
14968 0
14980 0
15077 0
15119 0
15138 0
15184 0
15262 0
15268 0
15438 0
15456 0
15479 0
15552 0
15558 0
15604 0
15675 0
15706 0
15761 0
15895 0
16008 0
16200 0
16246 0
16282 0
16340 0
16457 0
16515 0
16517 0
16535 0
16666 0
16667 0
16670 0
16781 0
16786 0
16794 0
16872 0
16884 0
16921 0
17019 0
17074 0
17178 0
17243 0
17254 0
17255 0
17467 0
17471 0
17475 0
17538 0
17741 0
17842 0
17931 0
17993 0
18093 0
18097 0
18135 0
18163 0
18176 0
18236 0
18301 0
18431 0
18450 0
18463 0
18524 0
18634 0
18643 0
18667 0
18755 0
18797 0
18950 0
19027 0
19057 0
19088 0
19094 0
19197 0
19241 0
19256 0
19381 0
19384 0
19426 0
19427 0
19449 0
19515 0
19519 0
19554 0
19591 0
19643 0
19676 0
19746 0
19827 0
19833 0
19840 0
19877 0
19888 0
19991 0
20017 0
20166 0
20303 0
20365 0
20401 0
20422 0
20520 0
20535 0
20540 0
20575 0
20635 0
20676 0
20811 0
20828 0
20862 0
21059 0
21078 0
21094 0
21107 0
21114 0
21227 0
21239 0
21329 0
21340 0
21354 0
21364 0
21365 0
21374 0
21424 0
21518 0
21523 0
21564 0
21711 0
21734 0
21785 0
21849 0
21891 0
22070 0
22114 0
22142 0
22210 0
22248 0
22261 0
22282 0
22330 0
22354 0
22454 0
22588 0
22589 0
22625 0
22704 0
22789 0
22821 0
22848 0
22855 0
22865 0
22890 0
22929 0
22971 0
23045 0
23094 0
23132 0
23166 0
23213 0
23327 0
23335 0
23353 0
23377 0
23385 0
23430 0
23486 0
23618 0
23668 0
23707 0
23751 0
23789 0
23832 0
23888 0
23901 0
23902 0
23907 0
23929 0
23961 0
24209 0
24223 0
24271 0
24316 0
24322 0
24329 0
24340 0
24433 0
24446 0
24464 0
24587 0
24737 0
24742 0
24754 0
24767 0
24797 0
24848 0
24883 0
24896 0
24956 0
24968 0
25015 0
25031 0
25042 0
25068 0
25190 0
25199 0
25291 0
25381 0
25385 0
25391 0
25514 0
25549 0
25560 0
25581 0
25604 0
25691 0
25753 0
25808 0
25815 0
25846 0
25913 0
25917 0
25936 0
25950 0
26131 0
26145 0
26165 0
26168 0
26195 0
26210 0
26255 0
26267 0
26277 0
26279 0
26372 0
26427 0
26469 0
26548 0
26550 0
26596 0
26678 0
26689 0
26703 0
26704 0
26708 0
26763 0
26822 0
26828 0
26870 0
26951 0
26955 0
26967 0
26981 0
27010 0
27103 0
27125 0
27210 0
27214 0
27240 0
27277 0
27282 0
27421 0
27513 0
27526 0
27587 0
27692 0
27701 0
27722 0
27735 0
27792 0
27862 0
27961 0
27989 0
28032 0
28046 0
28066 0
28106 0
28167 0
28267 0
28283 0
28297 0
28657 0
28732 0
28746 0
28929 0
28940 0
28946 0
29045 0
29047 0
29061 0
29067 0
29113 0
29220 0
29226 0
29304 0
29306 0
29393 0
29407 0
29410 0
29457 0
29469 0
29542 0
29560 0
29621 0
29631 0
29634 0
29715 0
29817 0
29827 0
29831 0
29902 0
29927 0
29932 0
30026 0
30032 0
30044 0
30075 0
30090 0
30307 0
30336 0
30399 0
30400 0
30490 0
30543 0
30582 0
30598 0
30713 0
30913 0
30984 0
31124 0
31166 0
31197 0
31276 0
31317 0
31388 0
31457 0
31487 0
31560 0
31643 0
31693 0
31698 0
31737 0
31858 0
31870 0
32011 0
32024 0
32036 0
32069 0
32105 0
32153 0
32384 0
32389 0
32444 0
32555 0
32561 0
32607 0
32622 0
32646 0
32647 0
32695 0
32708 0
32716 0
32742 0
32860 0
32862 0
32890 0
32921 0
32951 0
33010 0
33031 0
33094 0
33199 0
33200 0
33241 0
33253 0
33307 0
33358 0
33402 0
33521 0
33573 0
33621 0
33779 0
33780 0
33944 0
33985 0
34076 0
34089 0
34109 0
34136 0
34212 0
34263 0
34299 0
34387 0
34422 0
34515 0
34526 0
34590 0
34713 0
34793 0
34882 0
34891 0
34902 0
34951 0
34953 0
35015 0
35036 0
35044 0
35063 0
35070 0
35164 0
35179 0
35189 0
35219 0
35412 0
35420 0
35495 0
35522 0
35570 0
35591 0
35675 0
35716 0
35719 0
35827 0
35847 0
35858 0
35867 0
35879 0
35904 0
35920 0
36081 0
36099 0
36132 0
36170 0
36276 0
36374 0
36508 0
36516 0
36521 0
36643 0
36689 0
36841 0
36929 0
36949 0
36969 0
36997 0
37063 0
37075 0
37122 0
37128 0
37353 0
37394 0
37422 0
37522 0
37582 0
37591 0
37628 0
37648 0
37663 0
37666 0
37767 0
37786 0
37874 0
37891 0
37975 0
38120 0
38123 0
38149 0
38153 0
38158 0
38159 0
38170 0
38244 0
38248 0
38296 0
38413 0
38694 0
38784 0
38831 0
38833 0
38892 0
38915 0
39001 0
39037 0
39276 0
39300 0
39335 0
39377 0
39457 0
39516 0
39650 0
39720 0
39760 0
39794 0
39815 0
39835 0
39848 0
39937 0
39991 0
40015 0
40091 0
40156 0
40223 0
40257 0
40313 0
40370 0
40410 0
40506 0
40609 0
40617 0
40628 0
40715 0
40730 0
40794 0
40846 0
40882 0
40913 0
40922 0
41017 0
41046 0
41047 0
41060 0
41089 0
41113 0
41187 0
41364 0
41379 0
41533 0
41546 0
41558 0
41692 0
41704 0
41756 0
41864 0
41936 0
41947 0
41965 0
41967 0
41976 0
42002 0
42008 0
42035 0
42089 0
42123 0
42222 0
42224 0
42275 0
42281 0
42286 0
42391 0
42481 0
42543 0
42786 0
42813 0
42817 0
42839 0
42902 0
42917 0
42921 0
42943 0
43050 0
43108 0
43182 0
43208 0
43347 0
43391 0
43518 0
43529 0
43555 0
43630 0
43651 0
43760 0
43818 0
43856 0
43864 0
43977 0
44214 0
44229 0
44355 0
44359 0
44430 0
44566 0
44633 0
44726 0
44899 0
45025 0
45111 0
45132 0
45138 0
45227 0
45232 0
45297 0
45351 0
45379 0
45419 0
45446 0
45486 0
45493 0
45578 0
45600 0
45647 0
45650 0
45699 0
45726 0
45914 0
46029 0
46046 0
46080 0
46108 0
46110 0
46133 0
46134 0
46163 0
46165 0
46210 0
46218 0
46339 0
46364 0
46422 0
46456 0
46490 0
46499 0
46500 0
46606 0
46608 0
46620 0
46678 0
46725 0
46755 0
46779 0
46819 0
46831 0
46982 0
46985 0
47015 0
47039 0
47166 0
47246 0
47260 0
47354 0
47373 0
47426 0
47462 0
47498 0
47520 0
47527 0
47561 0
47566 0
47602 0
47633 0
47685 0
47711 0
47734 0
47781 0
47790 0
47886 0
47904 0
47923 0
47937 0
47976 0
48008 0
48048 0
48484 0
48497 0
48544 0
48574 0
48706 0
48750 0
48758 0
48774 0
48826 0
48902 0
48922 0
48980 0
48988 0
49000 0
49055 0
49066 0
49073 0
49074 0
49338 0
49374 0
49395 0
49470 0
49512 0
49523 0
49541 0
49549 0
49551 0
49619 0
49653 0
49659 0
49667 0
49691 0
49715 0
49716 0
49785 0
49794 0
49893 0
49943 0
49956 0
49972 0
50066 0
50124 0
50157 0
50165 0
50242 0
50254 0
50258 0
50273 0
50304 0
50364 0
50380 0
50572 0
50627 0
50654 0
50668 0
50691 0
50712 0
50792 0
50863 0
50913 0
50953 0
50960 0
51060 0
51061 0
51149 0
51174 0
51186 0
51250 0
51373 0
51393 0
51420 0
51444 0
51544 0
51632 0
51771 0
51781 0
51879 0
52037 0
52087 0
52114 0
52116 0
52138 0
52236 0
52253 0
52353 0
52367 0
52488 0
52504 0
52523 0
52527 0
52572 0
52614 0
52648 0
52657 0
52713 0
52773 0
52866 0
52879 0
52942 0
52984 0
52987 0
52993 0
53126 0
53130 0
53151 0
53243 0
53324 0
53326 0
53347 0
53360 0
53365 0
53422 0
53435 0
53501 0
53639 0
53693 0
53735 0
53740 0
54070 0
54082 0
54153 0
54164 0
54192 0
54237 0
54238 0
54288 0
54381 0
54395 0
54408 0
54427 0
54502 0
54583 0
54688 0
54704 0
54725 0
54839 0
54878 0
54893 0
55012 0
55077 0
55169 0
55297 0
55345 0
55370 0
55374 0
55459 0
55504 0
55632 0
55667 0
55731 0
55769 0
56027 0
56077 0
56202 0
56278 0
56491 0
56510 0
56616 0
56660 0
56722 0
56725 0
56797 0
56811 0
56909 0
56912 0
57000 0
57271 0
57364 0
57386 0
57460 0
57499 0
57503 0
57564 0
57601 0
57642 0
57652 0
57687 0
57692 0
57723 0
57982 0
58008 0
58108 0
58109 0
58189 0
58192 0
58224 0
58230 0
58239 0
58256 0
58264 0
58328 0
58417 0
58419 0
58431 0
58434 0
58466 0
58507 0
58603 0
58605 0
58709 0
58796 0
58959 0
58987 0
58994 0
59020 0
59021 0
59030 0
59068 0
59191 0
59199 0
59281 0
59296 0
59326 0
59347 0
59383 0
59388 0
59430 0
59464 0
59503 0
59505 0
59538 0
59554 0
59560 0
59568 0
59580 0
59672 0
59733 0
59833 0
59847 0
59910 0
59924 0
59926 0
59953 0
59986 0
59992 0
60069 0
60070 0
60078 0
60151 0
60156 0
60265 0
60311 0
60330 0
60343 0
60357 0
60391 0
60416 0
60489 0
60542 0
60728 0
60764 0
60912 0
60949 0
61055 0
61067 0
61109 0
61147 0
61256 0
61323 0
61354 0
61357 0
61365 0
61408 0
61451 0
61453 0
61455 0
61493 0
61590 0
61664 0
61729 0
61844 0
61850 0
61852 0
61853 0
61878 0
61990 0
62028 0
62030 0
62046 0
62094 0
62100 0
62166 0
62307 0
62335 0
62350 0
62367 0
62396 0
62432 0
62610 0
62612 0
62677 0
62693 0
62727 0
62769 0
62834 0
62987 0
62993 0
62999 0
63032 0
63084 0
63129 0
63159 0
63329 0
63359 0
63370 0
63451 0
63584 0
63728 0
63782 0
63905 0
63951 0
63999 0
64008 0
64021 0
64198 0
64303 0
64310 0
64444 0
64582 0
64711 0
64716 0
64727 0
64734 0
64747 0
64771 0
64846 0
64856 0
64918 0
64976 0
65042 0
65058 0
65108 0
65143 0
65289 0
65298 0
65419 0
65422 0
65445 0
65460 0
65490 0
65531 0
65699 0
65733 0
65746 0
65789 0
65816 0
65844 0
65885 0
65915 0
66115 0
66162 0
66187 0
66336 0
66546 0
66604 0
66718 0
66809 0
66985 0
66996 0
67041 0
67051 0
67060 0
67113 0
67117 0
67121 0
67129 0
67146 0
67273 0
67361 0
67406 0
67413 0
67448 0
67493 0
67507 0
67535 0
67566 0
67590 0
67760 0
67770 0
67811 0
67870 0
67962 0
67999 0
68010 0
68075 0
68137 0
68154 0
68507 0
68523 0
68528 0
68626 0
68714 0
68780 0
68793 0
68862 0
68879 0
68894 0
68903 0
68942 0
68960 0
69074 0
69227 0
69259 0
69391 0
69520 0
69700 0
69733 0
69735 0
69825 0
69828 0
69843 0
69912 0
69923 0
69942 0
70118 0
70152 0
70362 0
70466 0
70481 0
70562 0
70566 0
70596 0
70607 0
70674 0
70695 0
70697 0
70755 0
70756 0
70852 0
70954 0
70998 0
71034 0
71083 0
71149 0
71208 0
71291 0
71298 0
71302 0
71344 0
71359 0
71469 0
71486 0
71534 0
71552 0
71580 0
71694 0
71874 0
71879 0
71918 0
71928 0
71986 0
72080 0
72095 0
72125 0
72170 0
72246 0
72264 0
72271 0
72300 0
72319 0
72494 0
72534 0
72616 0
72638 0
72649 0
72725 0
72801 0
72908 0
72919 0
73152 0
73210 0
73242 0
73310 0
73371 0
73395 0
73415 0
73425 0
73450 0
73573 0
73591 0
73598 0
73636 0
73687 0
73804 0
73818 0
73985 0
74029 0
74041 0
74076 0
74111 0
74112 0
74158 0
74159 0
74163 0
74204 0
74391 0
74406 0
74410 0
74454 0
74469 0
74515 0
74571 0
74692 0
74751 0
74763 0
74832 0
74852 0
74869 0
74908 0
74986 0
75007 0
75014 0
75032 0
75044 0
75062 0
75070 0
75199 0
75207 0
75230 0
75235 0
75299 0
75319 0
75337 0
75361 0
75369 0
75454 0
75463 0
75476 0
75556 0
75565 0
75629 0
75659 0
75675 0
75743 0
75760 0
75777 0
75934 0
75998 0
76142 0
76149 0
76182 0
76195 0
76244 0
76255 0
76382 0
76393 0
76409 0
76443 0
76525 0
76591 0
76742 0
76760 0
76775 0
76793 0
76875 0
76920 0
76926 0
76934 0
76938 0
76976 0
76977 0
77015 0
77074 0
77202 0
77229 0
77238 0
77248 0
77317 0
77371 0
77399 0
77522 0
77529 0
77546 0
77609 0
77621 0
77759 0
77778 0
77831 0
77901 0
78008 0
78021 0
78062 0
78103 0
78126 0
78344 0
78390 0
78415 0
78539 0
78565 0
78602 0
78621 0
78668 0
78725 0
78849 0
78877 0
79135 0
79188 0
79210 0
79228 0
79229 0
79236 0
79302 0
79348 0
79379 0
79391 0
79413 0
79449 0
79454 0
79528 0
79555 0
79560 0
79582 0
79586 0
79658 0
79676 0
79691 0
79711 0
79739 0
79759 0
79827 0
79831 0
79843 0
79928 0
79943 0
80001 0
80050 0
80062 0
80088 0
80095 0
80140 0
80157 0
80232 0
80266 0
80278 0
80363 0
80367 0
80421 0
80550 0
80624 0
80696 0
80762 0
80769 0
80836 0
80881 0
80948 0
80994 0
81008 0
81015 0
81021 0
81066 0
81081 0
81188 0
81229 0
81242 0
81271 0
81299 0
81346 0
81359 0
81374 0
81469 0
81550 0
81553 0
81561 0
81640 0
81642 0
81667 0
81675 0
81735 0
81749 0
81755 0
81756 0
81825 0
81969 0
82028 0
82126 0
82149 0
82321 0
82402 0
82643 0
82644 0
82769 0
82804 0
82881 0
82888 0
82923 0
82986 0
82993 0
83006 0
83122 0
83153 0
83173 0
83199 0
83212 0
83222 0
83261 0
83268 0
83365 0
83382 0
83386 0
83409 0
83410 0
83510 0
83530 0
83539 0
83557 0
83630 0
83684 0
83702 0
83745 0
83772 0
83794 0
83850 0
83870 0
83935 0
83938 0
83990 0
84009 0
84046 0
84078 0
84087 0
84125 0
84136 0
84139 0
84142 0
84168 0
84208 0
84322 0
84336 0
84377 0
84382 0
84391 0
84445 0
84491 0
84578 0
84584 0
84648 0
84653 0
84654 0
84661 0
84767 0
84858 0
84944 0
84988 0
85184 0
85193 0
85297 0
85362 0
85377 0
85388 0
85432 0
85569 0
85663 0
85751 0
85832 0
85863 0
85890 0
85915 0
85990 0
86080 0
86092 0
86147 0
86170 0
86214 0
86222 0
86358 0
86534 0
86544 0
86588 0
86593 0
86607 0
86679 0
86851 0
86906 0
86913 0
86982 0
87020 0
87035 0
87047 0
87066 0
87101 0
87112 0
87134 0
87155 0
87185 0
87206 0
87219 0
87296 0
87302 0
87350 0
87381 0
87413 0
87425 0
87433 0
87450 0
87465 0
87474 0
87496 0
87542 0
87547 0
87560 0
87612 0
87640 0
87641 0
87681 0
87764 0
87845 0
87934 0
88000 0
88196 0
88224 0
88245 0
88336 0
88351 0
88401 0
88489 0
88496 0
88536 0
88674 0
88688 0
88696 0
88736 0
88755 0
88880 0
88915 0
88943 0
88956 0
88966 0
88996 0
89053 0
89192 0
89198 0
89226 0
89318 0
89326 0
89371 0
89374 0
89423 0
89439 0
89454 0
89545 0
89550 0
89644 0
89665 0
89673 0
89748 0
89801 0
90070 0
90086 0
90094 0
90112 0
90269 0
90281 0
90300 0
90311 0
90392 0
90408 0
90510 0
90633 0
90658 0
90669 0
90805 0
90843 0
90906 0
90933 0
90938 0
91016 0
91037 0
91097 0
91148 0
91149 0
91193 0
91269 0
91362 0
91386 0
91395 0
91404 0
91479 0
91532 0
91582 0
91602 0
91674 0
91698 0
91758 0
91778 0
91798 0
91911 0
92005 0
92047 0
92059 0
92160 0
92282 0
92290 0
92353 0
92420 0
92542 0
92550 0
92636 0
92655 0
92674 0
92686 0
92856 0
92869 0
92921 0
92949 0
93070 0
93076 0
93091 0
93110 0
93122 0
93137 0
93144 0
93307 0
93438 0
93443 0
93513 0
93614 0
93701 0
93765 0
93767 0
93884 0
94039 0
94079 0
94152 0
94169 0
94171 0
94215 0
94217 0
94227 0
94249 0
94250 0
94262 0
94357 0
94415 0
94539 0
94564 0
94588 0
94599 0
94644 0
94704 0
94802 0
94803 0
94853 0
94923 0
94944 0
94955 0
94974 0
94975 0
95008 0
95150 0
95153 0
95182 0
95215 0
95278 0
95388 0
95443 0
95483 0
95573 0
95596 0
95609 0
95620 0
95650 0
95676 0
95726 0
95734 0
95812 0
95847 0
95890 0
95926 0
95936 0
95950 0
95960 0
95963 0
96039 0
96042 0
96212 0
96262 0
96324 0
96341 0
96354 0
96368 0
96527 0
96542 0
96558 0
96566 0
96586 0
96646 0
96666 0
96667 0
96739 0
96772 0
96783 0
96797 0
96811 0
96837 0
96850 0
96958 0
96983 0
97102 0
97178 0
97318 0
97325 0
97378 0
97403 0
97526 0
97555 0
97591 0
97592 0
97633 0
97724 0
97779 0
97798 0
97859 0
97900 0
97923 0
97935 0
98011 0
98054 0
98072 0
98085 0
98109 0
98128 0
98203 0
98226 0
98320 0
98390 0
98494 0
98529 0
98531 0
98578 0
98620 0
98663 0
98683 0
98724 0
98860 0
98892 0
99041 0
99086 0
99107 0
99292 0
99359 0
99441 0
99460 0
99477 0
99481 0
99521 0
99571 0
99611 0
99616 0
99634 0
99667 0
99702 0
99763 0
99795 0
99805 0
99815 0
99824 0
99828 0
99883 0
99926 0
99951 0
99998 0
