c This is a uniform distributed  1-D DIMACS file 
c width height point_number
p 100000 100000 2048
18 0
43 0
147 0
153 0
161 0
175 0
194 0
271 0
306 0
386 0
428 0
638 0
664 0
693 0
702 0
793 0
806 0
871 0
872 0
919 0
931 0
973 0
1044 0
1090 0
1119 0
1267 0
1313 0
1373 0
1457 0
1694 0
1731 0
1776 0
1836 0
1883 0
2004 0
2036 0
2038 0
2056 0
2096 0
2100 0
2103 0
2160 0
2247 0
2316 0
2369 0
2450 0
2453 0
2480 0
2608 0
2637 0
2683 0
2688 0
2707 0
2714 0
2723 0
2746 0
2770 0
2779 0
2862 0
2884 0
2909 0
2918 0
3006 0
3051 0
3096 0
3140 0
3221 0
3241 0
3273 0
3303 0
3311 0
3314 0
3338 0
3375 0
3399 0
3432 0
3501 0
3643 0
3652 0
3690 0
3703 0
3744 0
3759 0
3807 0
3822 0
3869 0
3912 0
4032 0
4083 0
4107 0
4120 0
4138 0
4192 0
4272 0
4423 0
4449 0
4452 0
4500 0
4509 0
4691 0
4789 0
4792 0
4817 0
4830 0
4865 0
4927 0
4997 0
5013 0
5069 0
5083 0
5097 0
5128 0
5157 0
5175 0
5316 0
5360 0
5399 0
5442 0
5449 0
5500 0
5617 0
5652 0
5669 0
5693 0
5771 0
5850 0
5891 0
5916 0
5977 0
5993 0
6107 0
6132 0
6200 0
6328 0
6385 0
6442 0
6448 0
6456 0
6488 0
6495 0
6531 0
6596 0
6612 0
6666 0
6671 0
6699 0
6799 0
6815 0
6878 0
6885 0
6888 0
6895 0
6961 0
6967 0
7020 0
7108 0
7154 0
7227 0
7263 0
7319 0
7384 0
7419 0
7555 0
7571 0
7575 0
7652 0
7657 0
7750 0
7767 0
7811 0
7893 0
7911 0
7916 0
7955 0
7961 0
7965 0
8037 0
8087 0
8153 0
8163 0
8250 0
8304 0
8311 0
8342 0
8351 0
8367 0
8451 0
8504 0
8631 0
8632 0
8635 0
8681 0
8700 0
8751 0
8769 0
8772 0
8804 0
8890 0
8893 0
9077 0
9192 0
9204 0
9225 0
9237 0
9262 0
9281 0
9296 0
9298 0
9360 0
9644 0
9661 0
9704 0
9769 0
9870 0
9958 0
9962 0
10097 0
10241 0
10252 0
10345 0
10639 0
10709 0
10774 0
10810 0
10825 0
10849 0
10937 0
10944 0
11038 0
11056 0
11097 0
11149 0
11152 0
11186 0
11193 0
11226 0
11381 0
11423 0
11449 0
11615 0
11619 0
11629 0
11666 0
11754 0
11794 0
11805 0
11810 0
11821 0
11845 0
11934 0
11955 0
11994 0
12000 0
12072 0
12182 0
12201 0
12261 0
12394 0
12425 0
12479 0
12596 0
12699 0
12749 0
12751 0
12756 0
12802 0
13041 0
13052 0
13089 0
13106 0
13108 0
13232 0
13260 0
13262 0
13305 0
13316 0
13333 0
13424 0
13504 0
13562 0
13614 0
13753 0
13768 0
13783 0
13930 0
14061 0
14065 0
14072 0
14093 0
14103 0
14117 0
14162 0
14295 0
14316 0
14378 0
14384 0
14414 0
14554 0
14574 0
14683 0
14699 0
14739 0
14948 0
14985 0
15057 0
15067 0
15109 0
15125 0
15219 0
15252 0
15276 0
15306 0
15439 0
15479 0
15498 0
15534 0
15642 0
15749 0
15757 0
15767 0
15867 0
15931 0
15975 0
16009 0
16059 0
16066 0
16099 0
16144 0
16152 0
16254 0
16263 0
16290 0
16317 0
16326 0
16348 0
16363 0
16467 0
16488 0
16583 0
16629 0
16639 0
16655 0
16773 0
16783 0
16813 0
16848 0
16899 0
17006 0
17023 0
17107 0
17132 0
17140 0
17143 0
17172 0
17179 0
17215 0
17291 0
17379 0
17430 0
17446 0
17459 0
17517 0
17566 0
17606 0
17655 0
17660 0
17787 0
17796 0
17801 0
17811 0
17866 0
17912 0
17913 0
17975 0
17984 0
18025 0
18026 0
18155 0
18162 0
18203 0
18243 0
18264 0
18305 0
18340 0
18371 0
18390 0
18398 0
18476 0
18483 0
18603 0
18742 0
18778 0
18785 0
18843 0
18909 0
18952 0
18978 0
19074 0
19187 0
19242 0
19254 0
19313 0
19374 0
19407 0
19445 0
19451 0
19478 0
19484 0
19597 0
19609 0
19642 0
19657 0
19755 0
19767 0
19773 0
19777 0
19788 0
19829 0
19906 0
19984 0
20017 0
20063 0
20088 0
20238 0
20325 0
20354 0
20359 0
20404 0
20424 0
20432 0
20474 0
20494 0
20579 0
20653 0
20691 0
20803 0
20817 0
20839 0
20884 0
20915 0
20916 0
21124 0
21134 0
21158 0
21233 0
21242 0
21244 0
21282 0
21296 0
21341 0
21343 0
21365 0
21551 0
21597 0
21614 0
21662 0
21701 0
21737 0
21812 0
21833 0
21894 0
21944 0
21946 0
22017 0
22044 0
22081 0
22126 0
22166 0
22171 0
22222 0
22305 0
22331 0
22373 0
22424 0
22441 0
22444 0
22466 0
22481 0
22505 0
22539 0
22600 0
22612 0
22778 0
22828 0
22840 0
22856 0
22864 0
22876 0
22902 0
22923 0
23011 0
23050 0
23108 0
23155 0
23274 0
23304 0
23305 0
23330 0
23413 0
23451 0
23540 0
23593 0
23599 0
23633 0
23658 0
23667 0
23725 0
23741 0
23774 0
23848 0
23944 0
24063 0
24103 0
24128 0
24144 0
24152 0
24220 0
24264 0
24337 0
24366 0
24385 0
24470 0
24512 0
24549 0
24556 0
24575 0
24645 0
24652 0
24752 0
24764 0
24790 0
24831 0
24894 0
24952 0
24964 0
24976 0
25081 0
25093 0
25120 0
25129 0
25140 0
25162 0
25212 0
25280 0
25352 0
25354 0
25359 0
25391 0
25419 0
25428 0
25516 0
25569 0
25662 0
25686 0
25688 0
25829 0
26220 0
26323 0
26373 0
26429 0
26539 0
26569 0
26627 0
26659 0
26714 0
26748 0
26752 0
26801 0
26846 0
26963 0
27044 0
27149 0
27153 0
27167 0
27192 0
27269 0
27326 0
27430 0
27475 0
27485 0
27603 0
27633 0
27636 0
27648 0
27815 0
27872 0
27878 0
27918 0
28008 0
28088 0
28128 0
28187 0
28313 0
28376 0
28465 0
28565 0
28731 0
28748 0
28873 0
28886 0
29081 0
29149 0
29193 0
29234 0
29289 0
29291 0
29295 0
29399 0
29450 0
29568 0
29617 0
29636 0
29698 0
29708 0
29733 0
29755 0
29853 0
29864 0
29883 0
30108 0
30175 0
30203 0
30289 0
30359 0
30491 0
30647 0
30661 0
30678 0
30692 0
30702 0
30704 0
30757 0
30794 0
30806 0
30873 0
30879 0
30928 0
31020 0
31032 0
31060 0
31068 0
31108 0
31225 0
31238 0
31242 0
31349 0
31389 0
31446 0
31507 0
31529 0
31539 0
31672 0
31685 0
31692 0
31715 0
31746 0
31799 0
31828 0
31834 0
31880 0
31906 0
31927 0
31993 0
32027 0
32128 0
32158 0
32307 0
32356 0
32358 0
32464 0
32541 0
32603 0
32655 0
32713 0
32789 0
32830 0
32889 0
32922 0
32930 0
33006 0
33079 0
33098 0
33172 0
33246 0
33263 0
33272 0
33273 0
33284 0
33336 0
33369 0
33372 0
33477 0
33498 0
33507 0
33543 0
33561 0
33616 0
33618 0
33638 0
33858 0
33876 0
33936 0
34343 0
34366 0
34386 0
34574 0
34687 0
34720 0
34732 0
34763 0
34816 0
35007 0
35124 0
35170 0
35289 0
35454 0
35504 0
35533 0
35605 0
35672 0
35723 0
35746 0
35831 0
35888 0
36008 0
36015 0
36051 0
36064 0
36124 0
36168 0
36250 0
36252 0
36317 0
36358 0
36377 0
36445 0
36480 0
36578 0
36602 0
36641 0
36677 0
36808 0
36827 0
36847 0
36860 0
36955 0
36977 0
36989 0
37008 0
37025 0
37057 0
37196 0
37331 0
37394 0
37430 0
37451 0
37468 0
37483 0
37485 0
37589 0
37628 0
37778 0
37785 0
37892 0
37913 0
37993 0
38012 0
38026 0
38099 0
38151 0
38176 0
38338 0
38529 0
38564 0
38588 0
38678 0
38703 0
38753 0
38793 0
38845 0
39002 0
39044 0
39158 0
39190 0
39194 0
39195 0
39270 0
39303 0
39430 0
39472 0
39473 0
39519 0
39537 0
39555 0
39726 0
39763 0
39781 0
39897 0
39901 0
39906 0
39925 0
39942 0
39975 0
40050 0
40137 0
40221 0
40229 0
40256 0
40327 0
40412 0
40476 0
40521 0
40569 0
40572 0
40626 0
40806 0
40861 0
40866 0
40867 0
40922 0
40933 0
40935 0
40952 0
40958 0
40961 0
40975 0
41046 0
41066 0
41075 0
41182 0
41522 0
41523 0
41613 0
41695 0
41706 0
41740 0
41794 0
41796 0
41809 0
41845 0
41869 0
41913 0
41940 0
41962 0
41982 0
42202 0
42206 0
42225 0
42282 0
42322 0
42331 0
42340 0
42341 0
42353 0
42357 0
42371 0
42375 0
42408 0
42448 0
42523 0
42547 0
42572 0
42613 0
42615 0
42635 0
42808 0
42916 0
42917 0
42998 0
43002 0
43006 0
43066 0
43092 0
43095 0
43202 0
43251 0
43326 0
43330 0
43443 0
43528 0
43568 0
43608 0
43638 0
43671 0
43802 0
43849 0
43938 0
44016 0
44126 0
44144 0
44169 0
44199 0
44201 0
44209 0
44293 0
44317 0
44323 0
44335 0
44362 0
44384 0
44486 0
44503 0
44644 0
44674 0
44684 0
44798 0
44838 0
44850 0
44898 0
44900 0
44972 0
45008 0
45024 0
45109 0
45113 0
45200 0
45214 0
45235 0
45248 0
45305 0
45483 0
45649 0
45696 0
45709 0
45763 0
45844 0
45883 0
45926 0
46071 0
46098 0
46113 0
46456 0
46486 0
46546 0
46709 0
46715 0
46734 0
46755 0
46775 0
46778 0
46787 0
46807 0
46835 0
46902 0
46936 0
46977 0
46986 0
47030 0
47098 0
47136 0
47203 0
47253 0
47279 0
47339 0
47375 0
47437 0
47455 0
47456 0
47473 0
47517 0
47564 0
47571 0
47643 0
47784 0
47829 0
47896 0
47955 0
48030 0
48049 0
48146 0
48214 0
48274 0
48286 0
48435 0
48436 0
48449 0
48462 0
48525 0
48622 0
48633 0
48667 0
48693 0
48704 0
48759 0
48765 0
48815 0
48827 0
48883 0
48936 0
48968 0
48970 0
49018 0
49089 0
49120 0
49214 0
49247 0
49290 0
49346 0
49349 0
49395 0
49462 0
49472 0
49513 0
49681 0
49702 0
49742 0
49836 0
49845 0
49896 0
49902 0
50015 0
50016 0
50058 0
50063 0
50112 0
50314 0
50378 0
50418 0
50456 0
50476 0
50607 0
50627 0
50661 0
50723 0
50783 0
50786 0
50827 0
50866 0
51033 0
51139 0
51168 0
51225 0
51235 0
51256 0
51264 0
51315 0
51397 0
51431 0
51871 0
52022 0
52229 0
52251 0
52263 0
52294 0
52390 0
52433 0
52462 0
52509 0
52517 0
52526 0
52625 0
52628 0
52742 0
52817 0
52900 0
52954 0
53097 0
53127 0
53128 0
53176 0
53295 0
53319 0
53364 0
53376 0
53582 0
53592 0
53609 0
53641 0
53655 0
53677 0
53764 0
53784 0
53893 0
53925 0
54003 0
54084 0
54113 0
54207 0
54211 0
54316 0
54355 0
54371 0
54391 0
54463 0
54466 0
54467 0
54475 0
54536 0
54539 0
54559 0
54574 0
54575 0
54602 0
54623 0
54636 0
54655 0
54694 0
54753 0
54760 0
54793 0
54797 0
54799 0
54811 0
54817 0
54818 0
54861 0
55061 0
55066 0
55081 0
55105 0
55142 0
55147 0
55175 0
55236 0
55245 0
55281 0
55303 0
55370 0
55388 0
55486 0
55620 0
55632 0
55650 0
55693 0
55765 0
55819 0
55862 0
55878 0
55896 0
55905 0
55940 0
56020 0
56055 0
56183 0
56188 0
56270 0
56289 0
56294 0
56472 0
56478 0
56587 0
56653 0
56672 0
56718 0
56721 0
56728 0
56777 0
56796 0
56853 0
56917 0
57001 0
57232 0
57275 0
57305 0
57573 0
57592 0
57629 0
57680 0
57684 0
57757 0
57763 0
57767 0
57813 0
57928 0
57984 0
58010 0
58036 0
58105 0
58181 0
58182 0
58210 0
58231 0
58244 0
58249 0
58290 0
58327 0
58362 0
58393 0
58489 0
58541 0
58603 0
58779 0
58799 0
58832 0
58844 0
58938 0
58957 0
59024 0
59115 0
59119 0
59408 0
59492 0
59596 0
59605 0
59614 0
59693 0
59752 0
59803 0
59837 0
59872 0
59873 0
59928 0
59998 0
60024 0
60101 0
60123 0
60129 0
60139 0
60159 0
60174 0
60240 0
60261 0
60262 0
60340 0
60396 0
60450 0
60538 0
60613 0
60621 0
60669 0
60691 0
60809 0
60836 0
60846 0
61053 0
61073 0
61090 0
61142 0
61197 0
61295 0
61333 0
61358 0
61363 0
61370 0
61398 0
61459 0
61648 0
61812 0
61852 0
61901 0
61982 0
62000 0
62141 0
62191 0
62315 0
62325 0
62420 0
62453 0
62455 0
62488 0
62543 0
62550 0
62716 0
62802 0
62828 0
62875 0
62887 0
62901 0
62961 0
62998 0
63015 0
63115 0
63289 0
63297 0
63336 0
63386 0
63406 0
63432 0
63482 0
63506 0
63513 0
63615 0
63698 0
63748 0
63783 0
63902 0
63938 0
64110 0
64141 0
64174 0
64223 0
64224 0
64354 0
64417 0
64422 0
64444 0
64453 0
64471 0
64511 0
64571 0
64611 0
64713 0
64761 0
64812 0
64879 0
64931 0
65000 0
65001 0
65049 0
65119 0
65162 0
65171 0
65207 0
65214 0
65255 0
65350 0
65362 0
65442 0
65447 0
65551 0
65649 0
65664 0
65746 0
65765 0
65780 0
65788 0
65803 0
65817 0
65833 0
65836 0
65842 0
65925 0
65976 0
65978 0
66006 0
66013 0
66053 0
66105 0
66139 0
66222 0
66286 0
66291 0
66356 0
66439 0
66493 0
66522 0
66531 0
66626 0
66655 0
66695 0
66753 0
66775 0
66900 0
66928 0
67009 0
67036 0
67044 0
67097 0
67171 0
67249 0
67367 0
67408 0
67429 0
67533 0
67536 0
67819 0
67826 0
67837 0
67851 0
67893 0
67906 0
67922 0
67971 0
68086 0
68096 0
68122 0
68194 0
68226 0
68229 0
68391 0
68406 0
68477 0
68577 0
68593 0
68639 0
68669 0
68718 0
68724 0
68755 0
68758 0
68855 0
68931 0
68976 0
69092 0
69113 0
69186 0
69224 0
69309 0
69319 0
69369 0
69371 0
69435 0
69448 0
69451 0
69488 0
69614 0
69658 0
69767 0
69874 0
69912 0
69998 0
70223 0
70237 0
70264 0
70267 0
70320 0
70407 0
70441 0
70472 0
70474 0
70555 0
70565 0
70637 0
70663 0
70800 0
70930 0
70953 0
71077 0
71098 0
71171 0
71202 0
71221 0
71285 0
71338 0
71357 0
71410 0
71441 0
71595 0
71611 0
71612 0
71651 0
71713 0
71744 0
71753 0
71765 0
71874 0
71900 0
71997 0
72331 0
72418 0
72433 0
72517 0
72843 0
72856 0
72910 0
72914 0
72915 0
72966 0
73002 0
73052 0
73076 0
73130 0
73134 0
73185 0
73227 0
73377 0
73390 0
73419 0
73434 0
73592 0
73678 0
73686 0
73704 0
73773 0
73803 0
73902 0
73989 0
74015 0
74021 0
74121 0
74136 0
74180 0
74258 0
74293 0
74319 0
74361 0
74657 0
74670 0
74693 0
74703 0
74739 0
74764 0
74789 0
74828 0
74846 0
74858 0
74864 0
74898 0
74934 0
74938 0
74961 0
74994 0
75074 0
75114 0
75144 0
75157 0
75173 0
75182 0
75216 0
75302 0
75375 0
75429 0
75446 0
75463 0
75513 0
75543 0
75643 0
75669 0
75773 0
75793 0
75813 0
75817 0
75823 0
75829 0
75838 0
75909 0
75921 0
75946 0
75986 0
76010 0
76020 0
76054 0
76123 0
76198 0
76250 0
76299 0
76332 0
76400 0
76407 0
76544 0
76574 0
76579 0
76641 0
76661 0
76668 0
76716 0
76774 0
76804 0
76923 0
76944 0
76976 0
77017 0
77034 0
77085 0
77133 0
77228 0
77270 0
77295 0
77318 0
77324 0
77347 0
77458 0
77489 0
77505 0
77711 0
77719 0
77736 0
77791 0
77816 0
77821 0
77888 0
77923 0
77959 0
77989 0
78088 0
78126 0
78274 0
78331 0
78344 0
78367 0
78414 0
78438 0
78475 0
78485 0
78549 0
78718 0
78757 0
78800 0
78896 0
78900 0
78958 0
78976 0
79012 0
79035 0
79100 0
79105 0
79167 0
79239 0
79267 0
79363 0
79372 0
79401 0
79427 0
79473 0
79515 0
79526 0
79622 0
79638 0
79658 0
79713 0
79815 0
79865 0
79954 0
80062 0
80100 0
80102 0
80104 0
80119 0
80120 0
80211 0
80323 0
80386 0
80399 0
80459 0
80466 0
80471 0
80480 0
80497 0
80506 0
80550 0
80559 0
80560 0
80608 0
80652 0
80681 0
80704 0
80719 0
80781 0
80831 0
80841 0
80849 0
80869 0
80874 0
80878 0
80887 0
80902 0
80959 0
80962 0
80975 0
80986 0
80998 0
81010 0
81145 0
81244 0
81250 0
81289 0
81307 0
81313 0
81343 0
81347 0
81392 0
81414 0
81422 0
81436 0
81470 0
81503 0
81522 0
81535 0
81542 0
81573 0
81600 0
81619 0
81681 0
81783 0
81823 0
81848 0
81927 0
81979 0
82164 0
82170 0
82171 0
82179 0
82300 0
82301 0
82351 0
82471 0
82571 0
82576 0
82625 0
82651 0
82740 0
82745 0
82777 0
82801 0
82996 0
83044 0
83063 0
83064 0
83092 0
83096 0
83252 0
83342 0
83345 0
83415 0
83437 0
83506 0
83528 0
83570 0
83615 0
83629 0
83718 0
83728 0
83776 0
83816 0
83872 0
84043 0
84055 0
84144 0
84227 0
84464 0
84478 0
84504 0
84637 0
84669 0
84741 0
84753 0
84770 0
84774 0
84885 0
84890 0
84923 0
84924 0
84928 0
84966 0
84993 0
85019 0
85026 0
85030 0
85107 0
85364 0
85388 0
85424 0
85436 0
85516 0
85570 0
85588 0
85607 0
85670 0
85729 0
85754 0
85771 0
85820 0
85821 0
85912 0
85922 0
85927 0
86003 0
86070 0
86085 0
86096 0
86106 0
86138 0
86154 0
86167 0
86186 0
86250 0
86272 0
86336 0
86432 0
86499 0
86551 0
86578 0
86597 0
86616 0
86773 0
86794 0
86802 0
86838 0
86849 0
86902 0
87107 0
87108 0
87112 0
87135 0
87139 0
87153 0
87196 0
87213 0
87261 0
87262 0
87285 0
87333 0
87358 0
87513 0
87535 0
87540 0
87568 0
87599 0
87609 0
87618 0
87620 0
87635 0
87688 0
87703 0
87762 0
87766 0
87827 0
87935 0
87966 0
87977 0
88027 0
88047 0
88074 0
88111 0
88113 0
88139 0
88258 0
88313 0
88318 0
88367 0
88530 0
88555 0
88557 0
88612 0
88675 0
88686 0
88756 0
88779 0
88815 0
88847 0
88888 0
88920 0
89021 0
89059 0
89073 0
89157 0
89171 0
89184 0
89283 0
89290 0
89317 0
89343 0
89355 0
89379 0
89418 0
89459 0
89537 0
89708 0
89722 0
89760 0
89850 0
89856 0
89895 0
89975 0
89977 0
90023 0
90090 0
90094 0
90101 0
90205 0
90323 0
90329 0
90385 0
90429 0
90498 0
90515 0
90534 0
90579 0
90635 0
90656 0
90682 0
90696 0
90829 0
90865 0
90930 0
90978 0
90988 0
91110 0
91113 0
91216 0
91233 0
91395 0
91510 0
91579 0
91584 0
91605 0
91625 0
91686 0
91737 0
91800 0
91822 0
91847 0
91877 0
91907 0
91943 0
92004 0
92041 0
92152 0
92165 0
92179 0
92228 0
92234 0
92600 0
92601 0
92688 0
92701 0
92703 0
92713 0
92831 0
92850 0
92896 0
92933 0
92937 0
93052 0
93114 0
93154 0
93159 0
93267 0
93297 0
93308 0
93329 0
93342 0
93345 0
93350 0
93396 0
93426 0
93479 0
93480 0
93516 0
93563 0
93677 0
93698 0
93794 0
93828 0
93842 0
93853 0
93906 0
93940 0
94000 0
94031 0
94033 0
94138 0
94359 0
94385 0
94530 0
94554 0
94592 0
94696 0
94707 0
94858 0
94874 0
94885 0
94913 0
95000 0
95056 0
95074 0
95089 0
95181 0
95360 0
95506 0
95567 0
95581 0
95609 0
95613 0
95622 0
95662 0
95698 0
95717 0
95767 0
95775 0
95776 0
95798 0
95830 0
95883 0
95897 0
95969 0
96012 0
96036 0
96089 0
96157 0
96203 0
96212 0
96329 0
96330 0
96512 0
96584 0
96634 0
96707 0
96980 0
96990 0
96995 0
97103 0
97143 0
97146 0
97219 0
97271 0
97314 0
97362 0
97379 0
97397 0
97407 0
97417 0
97450 0
97486 0
97500 0
97575 0
97583 0
97638 0
97679 0
97734 0
97742 0
97830 0
98005 0
98033 0
98049 0
98077 0
98097 0
98193 0
98223 0
98432 0
98451 0
98467 0
98474 0
98507 0
98510 0
98600 0
98628 0
98811 0
98860 0
98976 0
99085 0
99137 0
99139 0
99152 0
99207 0
99255 0
99270 0
99303 0
99341 0
99444 0
99483 0
99550 0
99570 0
99647 0
99676 0
99714 0
99720 0
99764 0
99784 0
99810 0
99815 0
99854 0
99916 0
99918 0
99923 0
99932 0
99938 0
99963 0
