c This is a uniform distributed  1-D DIMACS file 
c width height point_number
p 100000 100000 2048
183 0
197 0
209 0
310 0
555 0
614 0
744 0
748 0
762 0
814 0
815 0
981 0
1094 0
1263 0
1267 0
1294 0
1310 0
1337 0
1360 0
1400 0
1485 0
1505 0
1549 0
1554 0
1597 0
1644 0
1760 0
1775 0
1789 0
1820 0
1831 0
1833 0
1863 0
1969 0
2075 0
2115 0
2224 0
2230 0
2306 0
2307 0
2320 0
2360 0
2406 0
2461 0
2486 0
2534 0
2549 0
2703 0
2729 0
2731 0
2836 0
2901 0
2932 0
2989 0
3021 0
3034 0
3075 0
3122 0
3153 0
3207 0
3298 0
3346 0
3419 0
3469 0
3476 0
3553 0
3638 0
3741 0
3810 0
3901 0
3907 0
4021 0
4161 0
4183 0
4223 0
4394 0
4446 0
4462 0
4532 0
4553 0
4594 0
4654 0
4735 0
4756 0
4802 0
4893 0
4909 0
4918 0
4946 0
5013 0
5024 0
5093 0
5123 0
5206 0
5284 0
5323 0
5332 0
5350 0
5402 0
5423 0
5453 0
5472 0
5479 0
5558 0
5569 0
5714 0
5723 0
5735 0
5740 0
5845 0
5936 0
6052 0
6066 0
6166 0
6244 0
6330 0
6348 0
6408 0
6466 0
6522 0
6527 0
6545 0
6605 0
6606 0
6661 0
6666 0
6677 0
6728 0
6779 0
6847 0
6887 0
6900 0
6981 0
6989 0
7001 0
7028 0
7052 0
7061 0
7293 0
7325 0
7335 0
7358 0
7408 0
7488 0
7566 0
7609 0
7675 0
7739 0
7913 0
7973 0
7975 0
8061 0
8138 0
8197 0
8266 0
8295 0
8311 0
8439 0
8491 0
8542 0
8645 0
8648 0
8664 0
8710 0
8715 0
8731 0
8769 0
8779 0
8808 0
8809 0
8830 0
8880 0
9045 0
9066 0
9088 0
9204 0
9377 0
9390 0
9568 0
9578 0
9602 0
9624 0
9629 0
9645 0
9660 0
9695 0
9785 0
9824 0
9896 0
9935 0
9966 0
10019 0
10033 0
10040 0
10085 0
10152 0
10174 0
10200 0
10226 0
10261 0
10263 0
10366 0
10462 0
10478 0
10629 0
10912 0
10961 0
10972 0
11038 0
11084 0
11152 0
11173 0
11232 0
11258 0
11269 0
11288 0
11462 0
11483 0
11540 0
11558 0
11610 0
11768 0
11790 0
11923 0
11940 0
11957 0
11979 0
11991 0
12067 0
12185 0
12196 0
12203 0
12369 0
12409 0
12439 0
12463 0
12493 0
12495 0
12517 0
12518 0
12602 0
12609 0
12666 0
12773 0
12817 0
12839 0
12964 0
12987 0
12993 0
13328 0
13338 0
13349 0
13375 0
13422 0
13511 0
13560 0
13598 0
13621 0
13728 0
13790 0
13809 0
13862 0
13962 0
14019 0
14026 0
14139 0
14153 0
14184 0
14245 0
14270 0
14285 0
14288 0
14402 0
14407 0
14453 0
14576 0
14614 0
14777 0
14847 0
14891 0
14936 0
14940 0
14964 0
14981 0
15161 0
15171 0
15248 0
15264 0
15406 0
15410 0
15507 0
15522 0
15550 0
15572 0
15577 0
15605 0
15678 0
15694 0
15729 0
15771 0
15826 0
15848 0
15907 0
16016 0
16020 0
16022 0
16109 0
16126 0
16150 0
16157 0
16159 0
16171 0
16197 0
16265 0
16275 0
16305 0
16312 0
16346 0
16359 0
16386 0
16417 0
16438 0
16459 0
16485 0
16519 0
16523 0
16528 0
16551 0
16553 0
16580 0
16737 0
16744 0
16809 0
16821 0
16865 0
16874 0
16924 0
17007 0
17145 0
17236 0
17260 0
17270 0
17288 0
17290 0
17305 0
17410 0
17432 0
17435 0
17444 0
17449 0
17453 0
17528 0
17581 0
17583 0
17624 0
17672 0
17695 0
17744 0
17749 0
17757 0
17768 0
17787 0
17788 0
17863 0
17877 0
17945 0
17986 0
17987 0
17989 0
17994 0
18026 0
18062 0
18063 0
18128 0
18170 0
18240 0
18248 0
18269 0
18301 0
18339 0
18449 0
18463 0
18525 0
18670 0
18690 0
18691 0
18702 0
18844 0
18950 0
18953 0
18957 0
18967 0
18992 0
19001 0
19012 0
19033 0
19063 0
19088 0
19159 0
19169 0
19211 0
19234 0
19262 0
19274 0
19418 0
19422 0
19462 0
19465 0
19597 0
19612 0
19629 0
19634 0
19662 0
19878 0
19897 0
19903 0
20015 0
20053 0
20061 0
20125 0
20147 0
20148 0
20151 0
20156 0
20211 0
20259 0
20262 0
20303 0
20313 0
20353 0
20407 0
20462 0
20475 0
20485 0
20505 0
20508 0
20530 0
20570 0
20593 0
20666 0
20727 0
20751 0
20891 0
20973 0
21274 0
21296 0
21306 0
21353 0
21427 0
21443 0
21678 0
21763 0
21878 0
21893 0
21908 0
21949 0
21987 0
22118 0
22184 0
22196 0
22236 0
22241 0
22267 0
22270 0
22315 0
22322 0
22350 0
22448 0
22452 0
22462 0
22480 0
22492 0
22584 0
22588 0
22673 0
22709 0
22730 0
22784 0
22794 0
22807 0
22850 0
22896 0
23045 0
23054 0
23116 0
23173 0
23210 0
23490 0
23538 0
23546 0
23616 0
23629 0
23638 0
23643 0
23695 0
23697 0
23751 0
23791 0
23810 0
23821 0
23865 0
23898 0
23967 0
24068 0
24198 0
24221 0
24252 0
24260 0
24365 0
24367 0
24444 0
24445 0
24475 0
24485 0
24819 0
24893 0
24940 0
25081 0
25121 0
25148 0
25210 0
25236 0
25279 0
25302 0
25466 0
25602 0
25609 0
25632 0
25641 0
25656 0
25668 0
25713 0
25894 0
25954 0
25999 0
26010 0
26265 0
26290 0
26460 0
26466 0
26518 0
26635 0
26735 0
26969 0
27015 0
27016 0
27046 0
27053 0
27089 0
27165 0
27180 0
27190 0
27203 0
27256 0
27281 0
27335 0
27455 0
27509 0
27525 0
27606 0
27630 0
27637 0
27641 0
27686 0
27724 0
27777 0
27779 0
27827 0
27861 0
27980 0
28001 0
28037 0
28097 0
28125 0
28138 0
28148 0
28152 0
28170 0
28179 0
28306 0
28450 0
28483 0
28498 0
28519 0
28534 0
28689 0
28699 0
28746 0
28765 0
28776 0
28792 0
28870 0
28943 0
29054 0
29060 0
29129 0
29182 0
29259 0
29277 0
29289 0
29338 0
29400 0
29421 0
29439 0
29626 0
29664 0
29683 0
29711 0
29712 0
29874 0
29949 0
29958 0
29964 0
30004 0
30016 0
30021 0
30130 0
30181 0
30332 0
30353 0
30388 0
30399 0
30431 0
30469 0
30488 0
30502 0
30591 0
30699 0
30906 0
30918 0
30944 0
30954 0
30958 0
31018 0
31064 0
31065 0
31073 0
31095 0
31351 0
31352 0
31381 0
31483 0
31598 0
31638 0
31653 0
31693 0
31737 0
31741 0
31748 0
31824 0
31891 0
31903 0
31915 0
31927 0
31928 0
31994 0
32098 0
32127 0
32171 0
32179 0
32181 0
32473 0
32533 0
32581 0
32655 0
32663 0
32742 0
32784 0
32799 0
32887 0
32888 0
32912 0
32966 0
32998 0
33003 0
33025 0
33035 0
33066 0
33149 0
33165 0
33244 0
33255 0
33271 0
33299 0
33362 0
33394 0
33431 0
33483 0
33526 0
33604 0
33642 0
33656 0
33680 0
33751 0
33799 0
33801 0
33806 0
33881 0
33894 0
33917 0
33918 0
33923 0
33939 0
33982 0
33983 0
34047 0
34072 0
34131 0
34173 0
34197 0
34203 0
34208 0
34246 0
34410 0
34482 0
34500 0
34518 0
34747 0
34768 0
34769 0
34819 0
34849 0
34891 0
34913 0
34960 0
34969 0
35001 0
35012 0
35106 0
35116 0
35121 0
35136 0
35172 0
35325 0
35337 0
35350 0
35378 0
35407 0
35477 0
35529 0
35619 0
35677 0
35929 0
35938 0
36092 0
36116 0
36191 0
36238 0
36304 0
36307 0
36355 0
36428 0
36463 0
36468 0
36527 0
36581 0
36628 0
36671 0
36751 0
36765 0
36936 0
36966 0
36999 0
37001 0
37110 0
37169 0
37245 0
37299 0
37333 0
37334 0
37347 0
37376 0
37416 0
37475 0
37494 0
37519 0
37552 0
37610 0
37620 0
37883 0
37920 0
37955 0
38034 0
38043 0
38086 0
38138 0
38155 0
38289 0
38318 0
38467 0
38470 0
38537 0
38550 0
38618 0
38629 0
38668 0
38762 0
38882 0
39069 0
39072 0
39098 0
39179 0
39186 0
39285 0
39314 0
39403 0
39434 0
39441 0
39494 0
39533 0
39598 0
39705 0
39754 0
39761 0
39824 0
39846 0
39945 0
40019 0
40039 0
40041 0
40068 0
40078 0
40099 0
40143 0
40144 0
40145 0
40199 0
40211 0
40219 0
40269 0
40293 0
40360 0
40390 0
40443 0
40472 0
40482 0
40506 0
40552 0
40590 0
40637 0
40643 0
40651 0
40662 0
40726 0
40729 0
40805 0
40823 0
40832 0
40875 0
40958 0
40980 0
40983 0
41041 0
41046 0
41056 0
41190 0
41334 0
41460 0
41518 0
41574 0
41601 0
41680 0
41723 0
41748 0
41782 0
41786 0
41890 0
41898 0
41945 0
41960 0
41978 0
42038 0
42130 0
42149 0
42255 0
42298 0
42314 0
42332 0
42360 0
42367 0
42377 0
42421 0
42569 0
42614 0
42620 0
42755 0
42762 0
42763 0
42938 0
43077 0
43125 0
43140 0
43144 0
43146 0
43284 0
43317 0
43333 0
43363 0
43506 0
43516 0
43582 0
43617 0
43621 0
43627 0
43667 0
43796 0
43849 0
43877 0
43880 0
44036 0
44044 0
44098 0
44104 0
44283 0
44396 0
44447 0
44501 0
44523 0
44547 0
44554 0
44594 0
44717 0
44721 0
44732 0
44893 0
44937 0
45050 0
45085 0
45202 0
45316 0
45338 0
45362 0
45363 0
45428 0
45438 0
45440 0
45469 0
45474 0
45476 0
45538 0
45581 0
45630 0
45649 0
45795 0
45822 0
45871 0
45956 0
46060 0
46097 0
46119 0
46184 0
46190 0
46229 0
46382 0
46438 0
46536 0
46540 0
46576 0
46600 0
46604 0
46606 0
46655 0
46690 0
46768 0
46782 0
46804 0
46843 0
46914 0
46927 0
47032 0
47038 0
47162 0
47182 0
47227 0
47265 0
47275 0
47305 0
47352 0
47364 0
47450 0
47509 0
47522 0
47541 0
47544 0
47572 0
47631 0
47764 0
47811 0
47893 0
47942 0
47946 0
47997 0
48026 0
48038 0
48063 0
48094 0
48155 0
48172 0
48178 0
48237 0
48287 0
48292 0
48380 0
48436 0
48559 0
48609 0
48665 0
48707 0
48817 0
48836 0
48935 0
48962 0
48966 0
48981 0
49014 0
49076 0
49116 0
49141 0
49164 0
49195 0
49242 0
49361 0
49375 0
49432 0
49457 0
49473 0
49548 0
49588 0
49601 0
49631 0
49653 0
49724 0
49758 0
49761 0
49815 0
49861 0
49901 0
49913 0
49995 0
50009 0
50083 0
50087 0
50201 0
50405 0
50424 0
50431 0
50435 0
50490 0
50576 0
50579 0
50654 0
50668 0
50696 0
50713 0
50728 0
50752 0
50812 0
50842 0
50869 0
50924 0
50943 0
50983 0
51044 0
51122 0
51132 0
51254 0
51403 0
51449 0
51495 0
51496 0
51518 0
51632 0
51722 0
51766 0
51839 0
51848 0
51866 0
51877 0
51953 0
51962 0
52007 0
52045 0
52175 0
52213 0
52224 0
52255 0
52315 0
52343 0
52370 0
52422 0
52483 0
52487 0
52507 0
52592 0
52630 0
52693 0
52704 0
52712 0
52714 0
52733 0
52753 0
52879 0
52887 0
53012 0
53069 0
53088 0
53131 0
53139 0
53150 0
53262 0
53289 0
53299 0
53332 0
53412 0
53466 0
53520 0
53530 0
53546 0
53582 0
53612 0
53636 0
53682 0
53703 0
53731 0
53940 0
54004 0
54014 0
54023 0
54031 0
54033 0
54097 0
54099 0
54166 0
54207 0
54258 0
54347 0
54365 0
54431 0
54443 0
54454 0
54540 0
54564 0
54588 0
54626 0
54681 0
54742 0
54760 0
54799 0
54812 0
54828 0
54879 0
54969 0
55081 0
55242 0
55356 0
55360 0
55364 0
55367 0
55372 0
55407 0
55418 0
55491 0
55505 0
55589 0
55601 0
55616 0
55627 0
55676 0
55691 0
55707 0
55729 0
55757 0
55813 0
55814 0
55874 0
55936 0
55973 0
55992 0
56020 0
56211 0
56247 0
56255 0
56296 0
56298 0
56326 0
56426 0
56430 0
56508 0
56520 0
56581 0
56617 0
56643 0
56803 0
56847 0
56849 0
56883 0
56955 0
56990 0
57055 0
57099 0
57152 0
57154 0
57208 0
57240 0
57250 0
57270 0
57295 0
57361 0
57425 0
57428 0
57539 0
57554 0
57594 0
57622 0
57724 0
57730 0
57801 0
57872 0
57906 0
57911 0
57955 0
58070 0
58146 0
58156 0
58163 0
58170 0
58220 0
58227 0
58293 0
58385 0
58502 0
58524 0
58527 0
58602 0
58667 0
58885 0
58928 0
59107 0
59164 0
59202 0
59265 0
59284 0
59348 0
59392 0
59423 0
59470 0
59486 0
59578 0
59605 0
59633 0
59730 0
59803 0
59888 0
59900 0
59986 0
60062 0
60145 0
60181 0
60190 0
60193 0
60260 0
60346 0
60359 0
60466 0
60489 0
60608 0
60648 0
60658 0
60726 0
60745 0
60749 0
60827 0
60837 0
60902 0
60975 0
61058 0
61165 0
61214 0
61254 0
61288 0
61312 0
61319 0
61371 0
61475 0
61491 0
61537 0
61619 0
61634 0
61663 0
61675 0
61678 0
61720 0
61762 0
61819 0
61832 0
61908 0
61958 0
61996 0
61997 0
62035 0
62089 0
62170 0
62223 0
62296 0
62361 0
62417 0
62551 0
62631 0
62669 0
62699 0
62714 0
62731 0
62768 0
62918 0
62926 0
62971 0
62972 0
62997 0
63029 0
63136 0
63177 0
63240 0
63368 0
63417 0
63447 0
63478 0
63604 0
63641 0
63664 0
63758 0
63760 0
63763 0
63803 0
63809 0
63933 0
63993 0
63994 0
64079 0
64103 0
64169 0
64172 0
64397 0
64409 0
64424 0
64545 0
64613 0
64695 0
64725 0
64754 0
64776 0
64804 0
64829 0
64841 0
64848 0
64859 0
64913 0
64945 0
64947 0
64948 0
64986 0
65053 0
65179 0
65242 0
65243 0
65274 0
65309 0
65311 0
65427 0
65453 0
65539 0
65694 0
65715 0
65827 0
65934 0
66042 0
66057 0
66088 0
66144 0
66248 0
66261 0
66299 0
66336 0
66339 0
66353 0
66424 0
66545 0
66548 0
66559 0
66582 0
66685 0
66772 0
66779 0
66814 0
66817 0
66824 0
66959 0
67017 0
67063 0
67078 0
67081 0
67088 0
67173 0
67268 0
67275 0
67292 0
67301 0
67339 0
67352 0
67370 0
67408 0
67434 0
67452 0
67479 0
67561 0
67768 0
67792 0
67815 0
67913 0
67928 0
67941 0
67952 0
68012 0
68035 0
68070 0
68082 0
68086 0
68100 0
68126 0
68202 0
68256 0
68310 0
68391 0
68414 0
68418 0
68546 0
68567 0
68576 0
68630 0
68646 0
68653 0
68700 0
68834 0
68853 0
68906 0
68966 0
69025 0
69056 0
69073 0
69086 0
69093 0
69103 0
69120 0
69174 0
69271 0
69435 0
69488 0
69520 0
69642 0
69721 0
69780 0
69785 0
69800 0
69855 0
69891 0
69912 0
69916 0
69918 0
69961 0
70056 0
70224 0
70238 0
70384 0
70557 0
70578 0
70622 0
70806 0
70819 0
70868 0
70946 0
70959 0
70982 0
70993 0
71020 0
71021 0
71039 0
71084 0
71090 0
71151 0
71239 0
71292 0
71300 0
71387 0
71397 0
71409 0
71445 0
71531 0
71568 0
71620 0
71671 0
71733 0
71886 0
71993 0
72010 0
72068 0
72150 0
72191 0
72442 0
72455 0
72490 0
72637 0
72643 0
72734 0
72747 0
72834 0
72867 0
73026 0
73035 0
73079 0
73254 0
73281 0
73420 0
73426 0
73437 0
73459 0
73474 0
73475 0
73541 0
73544 0
73552 0
73610 0
73655 0
73789 0
73856 0
73956 0
74045 0
74069 0
74126 0
74287 0
74347 0
74407 0
74438 0
74593 0
74692 0
74704 0
74716 0
74751 0
74782 0
74838 0
74911 0
74927 0
74941 0
74969 0
74972 0
75025 0
75085 0
75113 0
75132 0
75155 0
75175 0
75243 0
75269 0
75274 0
75341 0
75385 0
75422 0
75424 0
75478 0
75488 0
75515 0
75517 0
75535 0
75566 0
75621 0
75663 0
75675 0
75708 0
75711 0
75728 0
75737 0
75743 0
75853 0
75855 0
75882 0
75903 0
76029 0
76069 0
76072 0
76112 0
76152 0
76203 0
76285 0
76328 0
76361 0
76400 0
76673 0
76730 0
76821 0
76847 0
76875 0
76917 0
76937 0
77105 0
77240 0
77323 0
77453 0
77485 0
77526 0
77529 0
77534 0
77557 0
77610 0
77618 0
77690 0
77790 0
77810 0
77844 0
77850 0
77861 0
78196 0
78305 0
78350 0
78353 0
78383 0
78404 0
78439 0
78470 0
78485 0
78514 0
78730 0
78826 0
78931 0
78940 0
78946 0
79049 0
79119 0
79180 0
79292 0
79302 0
79435 0
79463 0
79489 0
79581 0
79607 0
79706 0
79725 0
79747 0
79789 0
79851 0
79868 0
79960 0
79967 0
80006 0
80046 0
80093 0
80123 0
80160 0
80233 0
80246 0
80262 0
80296 0
80330 0
80356 0
80415 0
80444 0
80487 0
80505 0
80683 0
80728 0
80795 0
80867 0
81025 0
81069 0
81131 0
81228 0
81279 0
81321 0
81344 0
81359 0
81366 0
81470 0
81486 0
81525 0
81538 0
81571 0
81673 0
81725 0
81777 0
81821 0
81865 0
81886 0
81908 0
82019 0
82069 0
82111 0
82152 0
82189 0
82193 0
82238 0
82249 0
82294 0
82317 0
82331 0
82405 0
82436 0
82458 0
82504 0
82537 0
82666 0
82699 0
82709 0
82710 0
82713 0
82760 0
82774 0
82898 0
83197 0
83227 0
83292 0
83375 0
83407 0
83478 0
83590 0
83753 0
83816 0
83853 0
83890 0
83903 0
83994 0
84005 0
84029 0
84130 0
84162 0
84240 0
84246 0
84252 0
84275 0
84505 0
84574 0
84624 0
84749 0
84777 0
84947 0
84958 0
84959 0
84964 0
85044 0
85050 0
85085 0
85089 0
85132 0
85139 0
85167 0
85214 0
85232 0
85299 0
85302 0
85310 0
85316 0
85339 0
85349 0
85443 0
85473 0
85540 0
85578 0
85617 0
85626 0
85884 0
85974 0
85983 0
86106 0
86144 0
86157 0
86231 0
86239 0
86274 0
86288 0
86289 0
86305 0
86334 0
86437 0
86497 0
86531 0
86616 0
86655 0
86685 0
86706 0
86714 0
86719 0
86720 0
86774 0
86821 0
86851 0
86852 0
86908 0
87026 0
87042 0
87101 0
87125 0
87198 0
87239 0
87256 0
87295 0
87374 0
87432 0
87436 0
87524 0
87553 0
87633 0
87652 0
87655 0
87663 0
87677 0
87737 0
87919 0
87944 0
87969 0
87978 0
88068 0
88082 0
88103 0
88135 0
88158 0
88424 0
88447 0
88488 0
88544 0
88562 0
88695 0
88730 0
88787 0
88870 0
88922 0
88938 0
88981 0
88998 0
89027 0
89112 0
89121 0
89125 0
89139 0
89176 0
89179 0
89341 0
89361 0
89381 0
89437 0
89465 0
89466 0
89529 0
89574 0
89672 0
89987 0
89991 0
90005 0
90020 0
90058 0
90085 0
90159 0
90198 0
90244 0
90283 0
90295 0
90398 0
90430 0
90509 0
90566 0
90644 0
90703 0
90766 0
90787 0
90814 0
90815 0
90883 0
91007 0
91028 0
91078 0
91107 0
91169 0
91202 0
91265 0
91288 0
91297 0
91301 0
91367 0
91368 0
91435 0
91441 0
91482 0
91608 0
91611 0
91665 0
91712 0
91723 0
91760 0
91848 0
91892 0
92002 0
92019 0
92067 0
92128 0
92234 0
92267 0
92412 0
92483 0
92548 0
92558 0
92579 0
92635 0
92685 0
92767 0
92867 0
92892 0
92962 0
93044 0
93155 0
93165 0
93172 0
93242 0
93460 0
93496 0
93550 0
93559 0
93816 0
93818 0
93824 0
93847 0
93876 0
93927 0
93996 0
94026 0
94052 0
94099 0
94214 0
94239 0
94272 0
94292 0
94387 0
94392 0
94459 0
94479 0
94498 0
94511 0
94535 0
94558 0
94564 0
94663 0
94678 0
94770 0
94805 0
94875 0
94892 0
94894 0
94927 0
94939 0
94985 0
95056 0
95105 0
95169 0
95183 0
95243 0
95349 0
95465 0
95472 0
95578 0
95626 0
95686 0
95752 0
95800 0
95905 0
95937 0
96030 0
96284 0
96330 0
96404 0
96521 0
96574 0
96581 0
96603 0
96773 0
96776 0
96777 0
96929 0
96936 0
97019 0
97027 0
97045 0
97046 0
97070 0
97145 0
97182 0
97233 0
97262 0
97288 0
97307 0
97410 0
97447 0
97461 0
97494 0
97586 0
97681 0
97744 0
97747 0
97954 0
97969 0
98049 0
98075 0
98147 0
98151 0
98233 0
98245 0
98258 0
98265 0
98268 0
98296 0
98398 0
98470 0
98536 0
98544 0
98545 0
98549 0
98586 0
98599 0
98661 0
98708 0
98711 0
98745 0
98798 0
98964 0
99097 0
99109 0
99145 0
99155 0
99196 0
99237 0
99250 0
99268 0
99368 0
99405 0
99413 0
99485 0
99518 0
99634 0
99637 0
99661 0
99671 0
99897 0
99932 0
99933 0
