c This is a uniform distributed  1-D DIMACS file 
c width height point_number
p 100000 100000 2048
48 0
167 0
196 0
232 0
249 0
342 0
365 0
394 0
548 0
668 0
669 0
861 0
888 0
973 0
998 0
1090 0
1106 0
1148 0
1163 0
1167 0
1174 0
1207 0
1214 0
1219 0
1220 0
1269 0
1289 0
1307 0
1350 0
1362 0
1492 0
1498 0
1611 0
1639 0
1655 0
1745 0
1867 0
1914 0
1925 0
1964 0
1998 0
1999 0
2049 0
2160 0
2185 0
2216 0
2290 0
2324 0
2448 0
2450 0
2472 0
2545 0
2604 0
2651 0
2717 0
2782 0
2795 0
2812 0
2842 0
2863 0
2870 0
2900 0
2902 0
2909 0
2927 0
3073 0
3095 0
3141 0
3186 0
3191 0
3292 0
3348 0
3367 0
3394 0
3402 0
3421 0
3439 0
3513 0
3545 0
3617 0
3632 0
3638 0
3700 0
3702 0
3710 0
3748 0
3766 0
3854 0
3940 0
3973 0
4027 0
4033 0
4100 0
4124 0
4423 0
4481 0
4521 0
4547 0
4563 0
4582 0
4590 0
4625 0
4747 0
4771 0
4848 0
4948 0
5005 0
5068 0
5071 0
5298 0
5345 0
5346 0
5348 0
5436 0
5442 0
5545 0
5546 0
5551 0
5566 0
5573 0
5580 0
5599 0
5643 0
5665 0
5691 0
5737 0
5803 0
5821 0
5862 0
5893 0
5994 0
6012 0
6116 0
6171 0
6331 0
6342 0
6409 0
6429 0
6436 0
6449 0
6460 0
6465 0
6554 0
6561 0
6586 0
6666 0
6697 0
6699 0
6905 0
6966 0
7159 0
7228 0
7259 0
7376 0
7436 0
7453 0
7616 0
7627 0
7640 0
7646 0
7807 0
7863 0
7945 0
7984 0
8007 0
8077 0
8159 0
8214 0
8331 0
8398 0
8436 0
8450 0
8474 0
8574 0
8608 0
8646 0
8812 0
8978 0
8997 0
9077 0
9100 0
9106 0
9115 0
9116 0
9118 0
9134 0
9138 0
9248 0
9286 0
9353 0
9382 0
9396 0
9440 0
9449 0
9495 0
9503 0
9562 0
9588 0
9667 0
9770 0
9814 0
9822 0
9938 0
9958 0
10001 0
10016 0
10203 0
10231 0
10242 0
10248 0
10282 0
10284 0
10298 0
10340 0
10382 0
10426 0
10454 0
10472 0
10498 0
10541 0
10610 0
10709 0
10723 0
10792 0
10908 0
10980 0
10982 0
11024 0
11056 0
11057 0
11128 0
11234 0
11257 0
11265 0
11313 0
11506 0
11613 0
11621 0
11663 0
11665 0
11687 0
11715 0
11749 0
11809 0
11844 0
11855 0
11906 0
11937 0
11991 0
11996 0
12055 0
12131 0
12147 0
12170 0
12172 0
12173 0
12270 0
12279 0
12406 0
12412 0
12442 0
12492 0
12518 0
12552 0
12598 0
12635 0
12791 0
12804 0
12822 0
12918 0
12951 0
13070 0
13201 0
13277 0
13301 0
13306 0
13367 0
13475 0
13568 0
13593 0
13632 0
13669 0
13728 0
13763 0
13822 0
13871 0
13933 0
14080 0
14109 0
14174 0
14221 0
14269 0
14281 0
14349 0
14385 0
14387 0
14423 0
14505 0
14510 0
14568 0
14578 0
14633 0
14673 0
14749 0
14824 0
14846 0
15053 0
15056 0
15093 0
15138 0
15159 0
15362 0
15378 0
15386 0
15405 0
15452 0
15509 0
15518 0
15525 0
15680 0
15901 0
15926 0
15946 0
15984 0
15990 0
16052 0
16067 0
16086 0
16171 0
16213 0
16312 0
16377 0
16392 0
16393 0
16411 0
16419 0
16511 0
16622 0
16667 0
16693 0
16765 0
16970 0
17003 0
17014 0
17040 0
17053 0
17061 0
17083 0
17098 0
17137 0
17212 0
17258 0
17292 0
17298 0
17379 0
17391 0
17408 0
17414 0
17428 0
17442 0
17473 0
17479 0
17482 0
17676 0
17705 0
17748 0
17801 0
17814 0
17817 0
17873 0
17977 0
18092 0
18119 0
18130 0
18298 0
18475 0
18512 0
18532 0
18551 0
18573 0
18602 0
18609 0
18621 0
18670 0
18728 0
18732 0
18842 0
18859 0
18869 0
19038 0
19080 0
19121 0
19136 0
19213 0
19230 0
19245 0
19268 0
19297 0
19306 0
19366 0
19414 0
19500 0
19560 0
19561 0
19575 0
19611 0
19645 0
19721 0
19796 0
19806 0
19818 0
19851 0
19899 0
19943 0
19950 0
19974 0
19975 0
19980 0
20077 0
20221 0
20295 0
20413 0
20475 0
20480 0
20580 0
20593 0
20834 0
20906 0
21010 0
21074 0
21093 0
21271 0
21280 0
21344 0
21346 0
21363 0
21440 0
21597 0
21602 0
21613 0
21626 0
21647 0
21665 0
21760 0
21792 0
21804 0
21905 0
22002 0
22042 0
22111 0
22168 0
22235 0
22259 0
22342 0
22354 0
22368 0
22404 0
22461 0
22485 0
22514 0
22569 0
22677 0
22690 0
22712 0
22723 0
22747 0
22851 0
22951 0
23045 0
23060 0
23201 0
23224 0
23577 0
23640 0
23667 0
23746 0
23802 0
23854 0
23937 0
24026 0
24106 0
24212 0
24214 0
24224 0
24238 0
24344 0
24482 0
24519 0
24525 0
24535 0
24642 0
24688 0
24731 0
24786 0
24841 0
24857 0
24861 0
24930 0
24941 0
25085 0
25119 0
25127 0
25143 0
25177 0
25201 0
25237 0
25266 0
25407 0
25434 0
25444 0
25509 0
25571 0
25683 0
25727 0
25738 0
25781 0
25793 0
25808 0
25820 0
25891 0
26003 0
26086 0
26145 0
26166 0
26193 0
26298 0
26313 0
26385 0
26387 0
26401 0
26458 0
26474 0
26493 0
26569 0
26611 0
26621 0
26641 0
26654 0
26705 0
26794 0
26799 0
26947 0
26967 0
27017 0
27041 0
27128 0
27198 0
27219 0
27262 0
27268 0
27274 0
27384 0
27397 0
27433 0
27659 0
27691 0
27778 0
27795 0
27800 0
27865 0
27953 0
27956 0
27962 0
27987 0
28019 0
28028 0
28045 0
28082 0
28097 0
28118 0
28197 0
28262 0
28270 0
28334 0
28341 0
28373 0
28412 0
28432 0
28433 0
28473 0
28481 0
28595 0
28669 0
28691 0
28708 0
28774 0
28796 0
28844 0
28912 0
28943 0
29004 0
29087 0
29100 0
29133 0
29204 0
29206 0
29310 0
29316 0
29326 0
29365 0
29416 0
29561 0
29577 0
29698 0
29734 0
29744 0
29771 0
29835 0
30016 0
30031 0
30037 0
30096 0
30120 0
30165 0
30193 0
30225 0
30288 0
30354 0
30382 0
30388 0
30493 0
30539 0
30675 0
30706 0
30788 0
30853 0
30912 0
30928 0
30940 0
30954 0
30964 0
31102 0
31118 0
31127 0
31129 0
31212 0
31227 0
31230 0
31298 0
31359 0
31441 0
31507 0
31519 0
31553 0
31567 0
31606 0
31624 0
31733 0
31775 0
31805 0
31822 0
31841 0
31896 0
31947 0
31978 0
32038 0
32077 0
32087 0
32157 0
32204 0
32209 0
32229 0
32362 0
32391 0
32474 0
32502 0
32540 0
32690 0
32758 0
32813 0
32817 0
32889 0
32897 0
32981 0
32991 0
32996 0
33091 0
33111 0
33233 0
33235 0
33260 0
33262 0
33290 0
33331 0
33340 0
33369 0
33376 0
33391 0
33441 0
33522 0
33531 0
33616 0
33760 0
33785 0
33786 0
33842 0
33870 0
33917 0
33963 0
33964 0
34001 0
34064 0
34087 0
34107 0
34129 0
34136 0
34225 0
34234 0
34287 0
34296 0
34307 0
34337 0
34378 0
34418 0
34448 0
34534 0
34602 0
34675 0
34678 0
34713 0
34868 0
34906 0
34919 0
35019 0
35072 0
35112 0
35128 0
35130 0
35162 0
35205 0
35269 0
35292 0
35293 0
35320 0
35323 0
35336 0
35364 0
35377 0
35437 0
35458 0
35499 0
35620 0
35653 0
35699 0
35719 0
35771 0
35794 0
35820 0
35821 0
35837 0
35936 0
35964 0
36176 0
36228 0
36246 0
36273 0
36318 0
36360 0
36374 0
36375 0
36416 0
36443 0
36533 0
36541 0
36613 0
36617 0
36624 0
36636 0
36724 0
36728 0
36846 0
36856 0
36897 0
36949 0
37022 0
37042 0
37090 0
37106 0
37110 0
37302 0
37350 0
37366 0
37429 0
37468 0
37509 0
37526 0
37599 0
37695 0
37699 0
37706 0
37738 0
37748 0
37758 0
37806 0
37809 0
37813 0
37840 0
37866 0
37919 0
38116 0
38129 0
38300 0
38307 0
38319 0
38321 0
38412 0
38419 0
38424 0
38470 0
38511 0
38533 0
38682 0
38693 0
38718 0
38738 0
38766 0
38780 0
38789 0
38809 0
38857 0
38903 0
38909 0
38913 0
38973 0
38988 0
39006 0
39023 0
39121 0
39123 0
39125 0
39151 0
39158 0
39235 0
39236 0
39252 0
39262 0
39389 0
39390 0
39411 0
39510 0
39594 0
39602 0
39608 0
39609 0
39637 0
39653 0
39756 0
39767 0
39781 0
39812 0
39913 0
39919 0
40036 0
40100 0
40128 0
40296 0
40303 0
40337 0
40394 0
40408 0
40488 0
40617 0
40619 0
40649 0
40660 0
40703 0
40758 0
40770 0
40774 0
40776 0
40784 0
40814 0
40829 0
40837 0
40865 0
40874 0
40878 0
41029 0
41092 0
41139 0
41143 0
41169 0
41175 0
41197 0
41224 0
41227 0
41577 0
41580 0
41602 0
41604 0
41606 0
41768 0
41810 0
41812 0
41878 0
42045 0
42273 0
42293 0
42320 0
42342 0
42351 0
42364 0
42390 0
42442 0
42511 0
42516 0
42562 0
42686 0
42690 0
42748 0
42759 0
42859 0
42885 0
42992 0
43001 0
43077 0
43208 0
43220 0
43225 0
43238 0
43257 0
43282 0
43404 0
43526 0
43531 0
43592 0
43600 0
43642 0
43658 0
43722 0
43816 0
43877 0
43889 0
43997 0
44026 0
44043 0
44101 0
44121 0
44237 0
44346 0
44364 0
44657 0
44682 0
44709 0
44783 0
44919 0
44928 0
44956 0
44957 0
45051 0
45067 0
45173 0
45204 0
45254 0
45286 0
45323 0
45400 0
45416 0
45424 0
45437 0
45469 0
45488 0
45490 0
45511 0
45517 0
45536 0
45555 0
45609 0
45863 0
45996 0
46013 0
46018 0
46051 0
46060 0
46099 0
46179 0
46186 0
46198 0
46202 0
46225 0
46252 0
46325 0
46391 0
46515 0
46551 0
46561 0
46643 0
46676 0
46706 0
46776 0
46886 0
46888 0
46897 0
46906 0
47193 0
47201 0
47219 0
47278 0
47302 0
47303 0
47338 0
47371 0
47560 0
47571 0
47663 0
47680 0
47700 0
47742 0
47762 0
47882 0
47980 0
47999 0
48000 0
48055 0
48065 0
48158 0
48249 0
48293 0
48314 0
48326 0
48355 0
48476 0
48533 0
48605 0
48616 0
48623 0
48772 0
48809 0
48835 0
48855 0
48889 0
48909 0
48912 0
48956 0
48999 0
49098 0
49118 0
49127 0
49185 0
49235 0
49254 0
49285 0
49333 0
49349 0
49359 0
49444 0
49570 0
49653 0
49657 0
49733 0
49829 0
49908 0
49911 0
49945 0
50000 0
50039 0
50062 0
50081 0
50090 0
50185 0
50288 0
50397 0
50434 0
50457 0
50540 0
50571 0
50592 0
50598 0
50636 0
50693 0
50698 0
50786 0
50801 0
50850 0
50895 0
50924 0
50930 0
51007 0
51042 0
51095 0
51108 0
51122 0
51154 0
51199 0
51377 0
51527 0
51544 0
51604 0
51706 0
51804 0
51844 0
51909 0
51926 0
52009 0
52021 0
52029 0
52093 0
52117 0
52176 0
52193 0
52214 0
52265 0
52285 0
52335 0
52406 0
52465 0
52529 0
52530 0
52610 0
52659 0
52797 0
52799 0
52805 0
52808 0
52888 0
52921 0
53039 0
53127 0
53139 0
53161 0
53225 0
53260 0
53266 0
53278 0
53313 0
53407 0
53422 0
53427 0
53458 0
53508 0
53509 0
53612 0
53649 0
53654 0
53702 0
53754 0
53780 0
53787 0
53823 0
53835 0
53890 0
53905 0
54023 0
54055 0
54069 0
54122 0
54191 0
54250 0
54280 0
54519 0
54555 0
54650 0
54672 0
54689 0
54701 0
54744 0
54769 0
54846 0
54911 0
55101 0
55256 0
55319 0
55389 0
55393 0
55532 0
55533 0
55538 0
55545 0
55599 0
55604 0
55738 0
55820 0
55978 0
56043 0
56121 0
56383 0
56479 0
56505 0
56625 0
56677 0
56693 0
56742 0
56745 0
56809 0
56813 0
56884 0
56930 0
56967 0
57006 0
57030 0
57056 0
57057 0
57079 0
57282 0
57332 0
57344 0
57396 0
57422 0
57484 0
57555 0
57874 0
58011 0
58059 0
58067 0
58100 0
58103 0
58117 0
58166 0
58180 0
58263 0
58266 0
58379 0
58412 0
58465 0
58484 0
58574 0
58613 0
58616 0
58629 0
58639 0
58668 0
58688 0
58788 0
58830 0
58865 0
58868 0
58935 0
59081 0
59096 0
59122 0
59143 0
59163 0
59166 0
59177 0
59219 0
59304 0
59305 0
59356 0
59379 0
59401 0
59410 0
59442 0
59445 0
59484 0
59493 0
59498 0
59610 0
59617 0
59654 0
59692 0
59713 0
59761 0
59765 0
59901 0
59996 0
60072 0
60085 0
60156 0
60242 0
60251 0
60288 0
60367 0
60425 0
60445 0
60475 0
60503 0
60629 0
60672 0
60701 0
60892 0
60895 0
60902 0
61001 0
61105 0
61119 0
61155 0
61174 0
61184 0
61230 0
61331 0
61332 0
61341 0
61423 0
61431 0
61470 0
61578 0
61599 0
61732 0
61761 0
61885 0
61907 0
61951 0
62040 0
62074 0
62104 0
62318 0
62379 0
62421 0
62471 0
62547 0
62708 0
62710 0
62834 0
62892 0
62903 0
62938 0
63012 0
63051 0
63058 0
63221 0
63239 0
63288 0
63316 0
63329 0
63398 0
63456 0
63501 0
63596 0
63655 0
63687 0
63728 0
63740 0
63781 0
63827 0
63870 0
63889 0
63917 0
63943 0
63953 0
64015 0
64066 0
64159 0
64267 0
64342 0
64348 0
64376 0
64390 0
64442 0
64472 0
64649 0
64674 0
64677 0
64706 0
64716 0
64739 0
64774 0
64876 0
64893 0
64928 0
64987 0
65040 0
65050 0
65071 0
65145 0
65305 0
65327 0
65369 0
65397 0
65404 0
65449 0
65496 0
65675 0
65704 0
65712 0
65736 0
65772 0
66070 0
66132 0
66244 0
66361 0
66365 0
66370 0
66451 0
66517 0
66536 0
66895 0
67000 0
67045 0
67056 0
67075 0
67109 0
67142 0
67189 0
67241 0
67329 0
67404 0
67498 0
67572 0
67603 0
67633 0
67635 0
67680 0
67685 0
67726 0
67742 0
67759 0
67763 0
67770 0
67782 0
67835 0
67934 0
67975 0
67976 0
68008 0
68133 0
68165 0
68303 0
68304 0
68446 0
68486 0
68610 0
68628 0
68666 0
68897 0
69077 0
69144 0
69261 0
69325 0
69356 0
69383 0
69389 0
69457 0
69533 0
69567 0
69607 0
69632 0
69725 0
69794 0
69847 0
69857 0
69869 0
69900 0
69908 0
70007 0
70080 0
70106 0
70157 0
70172 0
70333 0
70372 0
70494 0
70496 0
70572 0
70586 0
70669 0
70740 0
70745 0
70792 0
70793 0
70849 0
70952 0
71063 0
71115 0
71123 0
71197 0
71254 0
71274 0
71386 0
71412 0
71432 0
71479 0
71529 0
71559 0
71632 0
71736 0
71814 0
71815 0
71891 0
71931 0
71968 0
72034 0
72070 0
72074 0
72132 0
72150 0
72162 0
72232 0
72256 0
72257 0
72308 0
72454 0
72501 0
72505 0
72514 0
72526 0
72678 0
72783 0
72928 0
72932 0
72974 0
73007 0
73017 0
73038 0
73094 0
73117 0
73149 0
73226 0
73322 0
73342 0
73376 0
73406 0
73441 0
73464 0
73497 0
73506 0
73639 0
73685 0
73694 0
73696 0
73813 0
73819 0
73858 0
73949 0
74014 0
74030 0
74067 0
74131 0
74155 0
74202 0
74203 0
74266 0
74283 0
74334 0
74358 0
74402 0
74418 0
74480 0
74572 0
74634 0
74642 0
74740 0
74817 0
74883 0
74937 0
74996 0
75005 0
75016 0
75064 0
75114 0
75209 0
75280 0
75356 0
75367 0
75370 0
75437 0
75438 0
75488 0
75497 0
75507 0
75529 0
75530 0
75556 0
75557 0
75682 0
75712 0
75740 0
75750 0
75830 0
75880 0
75918 0
75987 0
76004 0
76044 0
76101 0
76129 0
76134 0
76163 0
76189 0
76205 0
76273 0
76338 0
76353 0
76397 0
76409 0
76455 0
76687 0
76798 0
76869 0
76870 0
76883 0
77078 0
77124 0
77126 0
77173 0
77222 0
77247 0
77264 0
77354 0
77373 0
77390 0
77462 0
77465 0
77501 0
77617 0
77634 0
77640 0
77779 0
77781 0
77814 0
77874 0
77938 0
77947 0
77956 0
78014 0
78023 0
78059 0
78080 0
78143 0
78157 0
78175 0
78199 0
78202 0
78235 0
78268 0
78290 0
78321 0
78342 0
78358 0
78445 0
78499 0
78525 0
78584 0
78587 0
78654 0
78700 0
78731 0
78760 0
78815 0
78895 0
78911 0
79056 0
79126 0
79162 0
79252 0
79288 0
79348 0
79357 0
79411 0
79699 0
79723 0
79730 0
79775 0
79798 0
79828 0
79898 0
79911 0
79923 0
80139 0
80181 0
80266 0
80339 0
80343 0
80394 0
80434 0
80457 0
80495 0
80558 0
80602 0
80604 0
80625 0
80629 0
80752 0
80813 0
80841 0
80866 0
80889 0
80955 0
81014 0
81034 0
81072 0
81135 0
81252 0
81382 0
81486 0
81507 0
81596 0
81668 0
81724 0
81864 0
81906 0
81914 0
81970 0
81976 0
82035 0
82055 0
82169 0
82180 0
82306 0
82410 0
82429 0
82438 0
82476 0
82477 0
82488 0
82500 0
82502 0
82513 0
82541 0
82544 0
82594 0
82684 0
82789 0
82810 0
82896 0
82932 0
83025 0
83241 0
83260 0
83286 0
83406 0
83447 0
83475 0
83505 0
83533 0
83535 0
83542 0
83562 0
83651 0
83681 0
83730 0
83742 0
83784 0
83819 0
83879 0
83897 0
83958 0
83963 0
84001 0
84030 0
84142 0
84152 0
84186 0
84287 0
84339 0
84348 0
84459 0
84493 0
84549 0
84568 0
84582 0
84737 0
84789 0
84812 0
84847 0
84867 0
84912 0
85006 0
85055 0
85066 0
85091 0
85126 0
85168 0
85338 0
85344 0
85376 0
85544 0
85584 0
85590 0
85650 0
85724 0
85773 0
85862 0
85923 0
86052 0
86059 0
86075 0
86102 0
86134 0
86140 0
86163 0
86174 0
86284 0
86331 0
86380 0
86427 0
86452 0
86453 0
86460 0
86541 0
86569 0
86643 0
86647 0
86788 0
86817 0
86828 0
86860 0
86871 0
86893 0
86899 0
86980 0
87060 0
87150 0
87409 0
87662 0
87678 0
87696 0
87714 0
87723 0
87913 0
88015 0
88020 0
88073 0
88121 0
88165 0
88234 0
88270 0
88311 0
88512 0
88534 0
88553 0
88600 0
88628 0
88647 0
88652 0
88678 0
88702 0
88836 0
88862 0
88887 0
88895 0
88901 0
88934 0
89008 0
89043 0
89061 0
89176 0
89230 0
89236 0
89281 0
89308 0
89310 0
89330 0
89355 0
89390 0
89403 0
89511 0
89533 0
89542 0
89644 0
89655 0
89701 0
89711 0
89737 0
89804 0
89824 0
89846 0
89912 0
90004 0
90049 0
90106 0
90196 0
90199 0
90234 0
90328 0
90439 0
90482 0
90536 0
90565 0
90569 0
90593 0
90598 0
90675 0
90684 0
90750 0
90778 0
90780 0
90784 0
90787 0
90878 0
91001 0
91030 0
91143 0
91166 0
91525 0
91528 0
91583 0
91586 0
91611 0
91644 0
91670 0
91685 0
91693 0
91720 0
91746 0
91783 0
91853 0
91894 0
91920 0
91999 0
92081 0
92155 0
92165 0
92166 0
92170 0
92174 0
92267 0
92391 0
92446 0
92481 0
92492 0
92538 0
92551 0
92691 0
92727 0
92794 0
92876 0
92908 0
92937 0
93034 0
93068 0
93303 0
93319 0
93352 0
93488 0
93497 0
93615 0
93690 0
93959 0
93968 0
93974 0
94027 0
94038 0
94055 0
94097 0
94119 0
94237 0
94255 0
94352 0
94374 0
94518 0
94530 0
94533 0
94582 0
94686 0
94821 0
94849 0
94930 0
94954 0
94998 0
95162 0
95202 0
95237 0
95303 0
95360 0
95380 0
95381 0
95401 0
95406 0
95471 0
95481 0
95489 0
95507 0
95566 0
95616 0
95624 0
95708 0
95799 0
95843 0
95846 0
95869 0
95908 0
95932 0
95975 0
96034 0
96057 0
96095 0
96119 0
96122 0
96137 0
96199 0
96298 0
96303 0
96384 0
96433 0
96451 0
96466 0
96543 0
96546 0
96554 0
96592 0
96668 0
96732 0
96754 0
96790 0
96829 0
96970 0
96973 0
97037 0
97041 0
97085 0
97158 0
97165 0
97184 0
97185 0
97291 0
97353 0
97430 0
97435 0
97560 0
97597 0
97618 0
97660 0
97682 0
97705 0
97776 0
97777 0
97782 0
97824 0
97865 0
97886 0
97976 0
97991 0
98059 0
98074 0
98141 0
98247 0
98413 0
98507 0
98528 0
98574 0
98576 0
98850 0
98865 0
98994 0
99007 0
99175 0
99221 0
99229 0
99246 0
99287 0
99348 0
99400 0
99410 0
99431 0
99436 0
99490 0
99491 0
99604 0
99632 0
99698 0
99750 0
99808 0
99816 0
99888 0
99889 0
99896 0
99918 0
99921 0
