c This is a uniform distributed  1-D DIMACS file 
c width height point_number
p 100000 100000 2048
94 0
101 0
132 0
371 0
433 0
470 0
593 0
613 0
740 0
798 0
834 0
849 0
852 0
895 0
1005 0
1065 0
1189 0
1194 0
1222 0
1292 0
1338 0
1340 0
1345 0
1366 0
1385 0
1436 0
1609 0
1615 0
1632 0
1678 0
1717 0
1741 0
1872 0
1914 0
1925 0
1967 0
2074 0
2099 0
2122 0
2171 0
2174 0
2196 0
2353 0
2419 0
2423 0
2442 0
2497 0
2515 0
2556 0
2563 0
2680 0
2758 0
2776 0
2846 0
2964 0
2988 0
3186 0
3314 0
3405 0
3410 0
3419 0
3437 0
3467 0
3468 0
3512 0
3561 0
3671 0
3800 0
3870 0
3887 0
3902 0
3913 0
3919 0
3923 0
3959 0
3984 0
3996 0
4040 0
4091 0
4208 0
4268 0
4355 0
4410 0
4421 0
4486 0
4563 0
4649 0
4681 0
4755 0
4830 0
4846 0
4931 0
4967 0
4984 0
5001 0
5029 0
5038 0
5043 0
5047 0
5104 0
5131 0
5163 0
5182 0
5242 0
5246 0
5331 0
5394 0
5411 0
5480 0
5597 0
5613 0
5675 0
5704 0
5775 0
5786 0
5803 0
5897 0
5913 0
5948 0
5986 0
6005 0
6035 0
6038 0
6389 0
6422 0
6425 0
6438 0
6446 0
6449 0
6463 0
6522 0
6593 0
6721 0
6875 0
6922 0
6933 0
7009 0
7012 0
7013 0
7210 0
7214 0
7229 0
7279 0
7427 0
7464 0
7534 0
7558 0
7582 0
7602 0
7641 0
7705 0
7735 0
7753 0
7789 0
7803 0
7832 0
7878 0
7952 0
7998 0
8011 0
8059 0
8212 0
8267 0
8287 0
8293 0
8348 0
8473 0
8528 0
8687 0
8753 0
8805 0
8820 0
8890 0
8902 0
8914 0
8948 0
8978 0
8990 0
9104 0
9121 0
9145 0
9360 0
9397 0
9426 0
9482 0
9501 0
9558 0
9631 0
9636 0
9691 0
9695 0
9725 0
9775 0
9782 0
9821 0
10089 0
10097 0
10101 0
10195 0
10351 0
10401 0
10414 0
10526 0
10601 0
10707 0
10717 0
10739 0
10741 0
10826 0
11053 0
11060 0
11064 0
11101 0
11107 0
11112 0
11134 0
11327 0
11409 0
11466 0
11478 0
11499 0
11591 0
11606 0
11637 0
11676 0
11724 0
11835 0
11909 0
11910 0
11923 0
11930 0
12004 0
12121 0
12135 0
12181 0
12231 0
12233 0
12317 0
12370 0
12373 0
12384 0
12405 0
12449 0
12580 0
12630 0
12684 0
12773 0
12838 0
12844 0
12911 0
12913 0
12919 0
13117 0
13152 0
13190 0
13196 0
13283 0
13305 0
13430 0
13554 0
13597 0
13641 0
13650 0
13658 0
13667 0
13705 0
13729 0
13730 0
13825 0
13908 0
14075 0
14224 0
14227 0
14255 0
14273 0
14282 0
14298 0
14553 0
14592 0
14641 0
14673 0
14706 0
14708 0
14810 0
14860 0
14882 0
14921 0
14930 0
14938 0
14972 0
14999 0
15102 0
15116 0
15128 0
15169 0
15266 0
15353 0
15410 0
15425 0
15453 0
15470 0
15589 0
15621 0
15680 0
15709 0
15742 0
15836 0
15913 0
15920 0
15921 0
15998 0
16075 0
16081 0
16139 0
16152 0
16244 0
16299 0
16364 0
16372 0
16420 0
16496 0
16621 0
16628 0
16882 0
16958 0
16976 0
17090 0
17125 0
17144 0
17182 0
17195 0
17333 0
17341 0
17554 0
17571 0
17583 0
17592 0
17611 0
17612 0
17701 0
17730 0
17801 0
17976 0
18014 0
18059 0
18066 0
18110 0
18130 0
18232 0
18294 0
18388 0
18492 0
18501 0
18505 0
18584 0
18587 0
18671 0
18702 0
18729 0
18822 0
18854 0
18889 0
18932 0
18984 0
19022 0
19056 0
19089 0
19170 0
19297 0
19341 0
19362 0
19522 0
19550 0
19609 0
19642 0
19808 0
19877 0
19962 0
19992 0
20007 0
20029 0
20046 0
20100 0
20112 0
20130 0
20133 0
20166 0
20178 0
20184 0
20203 0
20325 0
20351 0
20369 0
20382 0
20428 0
20429 0
20442 0
20478 0
20595 0
20624 0
20648 0
20714 0
20738 0
20748 0
20856 0
20930 0
20951 0
20979 0
20990 0
21075 0
21108 0
21130 0
21228 0
21244 0
21263 0
21267 0
21396 0
21428 0
21455 0
21531 0
21541 0
21569 0
21604 0
21635 0
21650 0
21675 0
21708 0
21753 0
21864 0
21872 0
21876 0
21923 0
22015 0
22037 0
22076 0
22100 0
22298 0
22303 0
22345 0
22384 0
22572 0
22573 0
22579 0
22580 0
22598 0
22614 0
22617 0
22628 0
22709 0
22747 0
22894 0
22899 0
22902 0
22923 0
22958 0
23060 0
23204 0
23290 0
23300 0
23307 0
23311 0
23315 0
23326 0
23418 0
23419 0
23483 0
23617 0
23723 0
23724 0
23758 0
23762 0
23772 0
23806 0
23837 0
23843 0
23844 0
23906 0
24072 0
24319 0
24392 0
24405 0
24456 0
24529 0
24531 0
24676 0
24727 0
24778 0
24786 0
24814 0
24839 0
24920 0
24954 0
24984 0
24993 0
24994 0
25026 0
25037 0
25137 0
25248 0
25275 0
25330 0
25354 0
25375 0
25485 0
25653 0
25688 0
25701 0
25736 0
25755 0
25786 0
25820 0
25899 0
25908 0
26069 0
26153 0
26215 0
26419 0
26564 0
26614 0
26638 0
26704 0
26721 0
26744 0
26795 0
26814 0
26873 0
26886 0
26952 0
26953 0
26957 0
26982 0
27001 0
27005 0
27019 0
27035 0
27046 0
27118 0
27138 0
27258 0
27261 0
27343 0
27362 0
27429 0
27480 0
27533 0
27537 0
27661 0
27662 0
27725 0
27742 0
27785 0
27823 0
27868 0
27893 0
27907 0
28040 0
28071 0
28087 0
28251 0
28328 0
28437 0
28440 0
28559 0
28648 0
28652 0
28854 0
28857 0
28904 0
28955 0
28961 0
29012 0
29031 0
29093 0
29112 0
29234 0
29268 0
29335 0
29354 0
29364 0
29410 0
29420 0
29427 0
29443 0
29460 0
29548 0
29660 0
29765 0
29786 0
29828 0
29838 0
29845 0
29850 0
29894 0
29952 0
30106 0
30143 0
30282 0
30302 0
30303 0
30307 0
30361 0
30392 0
30404 0
30426 0
30442 0
30643 0
30753 0
30858 0
30956 0
31003 0
31011 0
31076 0
31099 0
31223 0
31232 0
31319 0
31389 0
31398 0
31650 0
31740 0
31783 0
31786 0
31839 0
31922 0
31941 0
31944 0
31950 0
31959 0
31980 0
32215 0
32231 0
32237 0
32283 0
32309 0
32330 0
32445 0
32512 0
32648 0
32724 0
32831 0
32844 0
32870 0
32885 0
32892 0
32905 0
32934 0
33131 0
33202 0
33282 0
33355 0
33364 0
33375 0
33394 0
33395 0
33416 0
33539 0
33726 0
33849 0
33866 0
33915 0
33921 0
33931 0
33997 0
34010 0
34027 0
34075 0
34089 0
34177 0
34184 0
34203 0
34275 0
34331 0
34382 0
34489 0
34527 0
34596 0
34627 0
34659 0
34665 0
34670 0
34707 0
34736 0
34791 0
34898 0
35026 0
35045 0
35051 0
35052 0
35064 0
35082 0
35236 0
35301 0
35313 0
35350 0
35365 0
35423 0
35429 0
35460 0
35490 0
35561 0
35569 0
35570 0
35621 0
35662 0
35696 0
35818 0
35908 0
35984 0
36017 0
36019 0
36021 0
36077 0
36152 0
36175 0
36210 0
36224 0
36316 0
36343 0
36362 0
36445 0
36473 0
36484 0
36536 0
36547 0
36561 0
36565 0
36590 0
36662 0
36721 0
36731 0
36737 0
36742 0
36818 0
36916 0
36951 0
36968 0
36981 0
37011 0
37029 0
37064 0
37074 0
37213 0
37220 0
37238 0
37286 0
37293 0
37329 0
37438 0
37620 0
37645 0
37704 0
37709 0
37735 0
37991 0
38009 0
38031 0
38041 0
38112 0
38116 0
38159 0
38213 0
38215 0
38286 0
38373 0
38387 0
38396 0
38407 0
38430 0
38465 0
38548 0
38570 0
38608 0
38705 0
38776 0
38805 0
38871 0
38987 0
39022 0
39042 0
39079 0
39106 0
39201 0
39207 0
39229 0
39309 0
39333 0
39336 0
39367 0
39382 0
39422 0
39472 0
39513 0
39539 0
39604 0
39607 0
39710 0
39790 0
39842 0
39856 0
39906 0
39921 0
39966 0
40047 0
40069 0
40134 0
40392 0
40445 0
40543 0
40557 0
40581 0
40606 0
40622 0
40643 0
40704 0
40720 0
40739 0
40767 0
40801 0
40832 0
40844 0
40922 0
41295 0
41334 0
41408 0
41471 0
41484 0
41505 0
41575 0
41623 0
41625 0
41691 0
41751 0
41769 0
41791 0
41809 0
41848 0
41987 0
41994 0
42085 0
42114 0
42161 0
42180 0
42204 0
42345 0
42440 0
42442 0
42478 0
42507 0
42513 0
42522 0
42555 0
42614 0
42640 0
42662 0
42695 0
42730 0
42757 0
42799 0
42827 0
42899 0
42915 0
43011 0
43043 0
43152 0
43156 0
43225 0
43234 0
43252 0
43296 0
43350 0
43450 0
43568 0
43570 0
43594 0
43648 0
43672 0
43700 0
43724 0
43828 0
43865 0
43891 0
43987 0
44039 0
44070 0
44114 0
44154 0
44193 0
44235 0
44240 0
44260 0
44274 0
44297 0
44305 0
44429 0
44466 0
44518 0
44551 0
44560 0
44708 0
44710 0
44712 0
44743 0
44786 0
44827 0
44890 0
45120 0
45193 0
45296 0
45303 0
45354 0
45388 0
45445 0
45464 0
45487 0
45519 0
45549 0
45561 0
45611 0
45640 0
45664 0
45771 0
45791 0
45857 0
45892 0
46032 0
46403 0
46405 0
46463 0
46500 0
46523 0
46615 0
46618 0
46671 0
46681 0
46775 0
46779 0
46784 0
46844 0
46871 0
46948 0
47043 0
47086 0
47171 0
47264 0
47274 0
47313 0
47321 0
47355 0
47377 0
47395 0
47450 0
47457 0
47625 0
47629 0
47664 0
47700 0
47709 0
47806 0
47884 0
47904 0
47955 0
47976 0
47994 0
48009 0
48194 0
48209 0
48224 0
48249 0
48372 0
48374 0
48429 0
48448 0
48580 0
48601 0
48662 0
48683 0
48692 0
48765 0
48799 0
48826 0
48852 0
49084 0
49273 0
49280 0
49282 0
49454 0
49503 0
49527 0
49747 0
49748 0
49757 0
49812 0
49867 0
50054 0
50113 0
50139 0
50210 0
50307 0
50358 0
50513 0
50534 0
50587 0
50625 0
50680 0
50732 0
50788 0
50835 0
50860 0
50864 0
50934 0
50952 0
50973 0
50974 0
51033 0
51116 0
51134 0
51236 0
51283 0
51473 0
51474 0
51545 0
51616 0
51655 0
51715 0
51809 0
51812 0
51918 0
51940 0
52027 0
52087 0
52116 0
52142 0
52200 0
52215 0
52223 0
52238 0
52247 0
52281 0
52316 0
52331 0
52402 0
52411 0
52463 0
52490 0
52514 0
52548 0
52549 0
52574 0
52621 0
52669 0
52678 0
52702 0
52818 0
53007 0
53016 0
53122 0
53124 0
53204 0
53252 0
53311 0
53421 0
53433 0
53479 0
53480 0
53485 0
53631 0
53744 0
53753 0
53842 0
53943 0
53978 0
54020 0
54079 0
54138 0
54181 0
54199 0
54255 0
54269 0
54356 0
54430 0
54442 0
54463 0
54523 0
54546 0
54547 0
54618 0
54656 0
54686 0
54691 0
54763 0
54773 0
54780 0
54834 0
54889 0
54899 0
55027 0
55061 0
55083 0
55154 0
55168 0
55256 0
55271 0
55333 0
55398 0
55484 0
55585 0
55667 0
55680 0
55752 0
55914 0
55946 0
55987 0
56063 0
56112 0
56132 0
56133 0
56228 0
56236 0
56249 0
56338 0
56357 0
56449 0
56468 0
56488 0
56493 0
56518 0
56527 0
56538 0
56544 0
56594 0
56607 0
56621 0
56639 0
56819 0
56895 0
57192 0
57309 0
57330 0
57369 0
57428 0
57447 0
57448 0
57509 0
57516 0
57526 0
57557 0
57601 0
57626 0
57742 0
57853 0
57925 0
57962 0
57989 0
58086 0
58095 0
58115 0
58147 0
58159 0
58203 0
58504 0
58524 0
58531 0
58594 0
58747 0
58813 0
58883 0
58884 0
58891 0
59127 0
59166 0
59203 0
59254 0
59269 0
59282 0
59301 0
59352 0
59365 0
59380 0
59464 0
59501 0
59531 0
59581 0
59601 0
59602 0
59619 0
59694 0
59708 0
59716 0
59743 0
59748 0
59789 0
59844 0
59856 0
59865 0
60028 0
60134 0
60137 0
60156 0
60207 0
60242 0
60279 0
60344 0
60534 0
60536 0
60566 0
60782 0
60810 0
60858 0
60936 0
60958 0
61047 0
61053 0
61066 0
61074 0
61097 0
61154 0
61180 0
61186 0
61227 0
61231 0
61244 0
61303 0
61333 0
61354 0
61402 0
61473 0
61553 0
61571 0
61714 0
61762 0
61805 0
61869 0
62014 0
62080 0
62134 0
62201 0
62419 0
62445 0
62491 0
62501 0
62552 0
62571 0
62690 0
62730 0
62747 0
62757 0
62783 0
62835 0
62839 0
62886 0
62969 0
62998 0
62999 0
63004 0
63161 0
63299 0
63361 0
63367 0
63383 0
63414 0
63419 0
63459 0
63473 0
63484 0
63720 0
63721 0
64023 0
64224 0
64262 0
64285 0
64328 0
64428 0
64434 0
64454 0
64553 0
64571 0
64800 0
64811 0
64867 0
64871 0
64917 0
64924 0
64940 0
65018 0
65032 0
65095 0
65113 0
65181 0
65199 0
65220 0
65277 0
65324 0
65355 0
65372 0
65375 0
65484 0
65600 0
65618 0
65636 0
65721 0
65776 0
65803 0
65816 0
65874 0
65909 0
65912 0
65941 0
66148 0
66182 0
66210 0
66273 0
66276 0
66298 0
66352 0
66414 0
66440 0
66444 0
66478 0
66482 0
66510 0
66565 0
66577 0
66590 0
66667 0
66712 0
66718 0
66828 0
66946 0
67125 0
67268 0
67316 0
67399 0
67400 0
67410 0
67560 0
67605 0
67623 0
67630 0
67675 0
67700 0
67841 0
67858 0
67890 0
67891 0
67897 0
67967 0
68006 0
68049 0
68075 0
68130 0
68135 0
68202 0
68220 0
68247 0
68269 0
68329 0
68474 0
68515 0
68624 0
68628 0
68705 0
68728 0
68741 0
68753 0
68756 0
68817 0
68827 0
68829 0
68830 0
68933 0
68936 0
68956 0
68978 0
68991 0
69041 0
69070 0
69141 0
69279 0
69396 0
69415 0
69435 0
69503 0
69525 0
69584 0
69617 0
69659 0
69698 0
69723 0
69729 0
69785 0
69811 0
69889 0
69893 0
69915 0
69920 0
69940 0
69989 0
70052 0
70130 0
70227 0
70239 0
70273 0
70372 0
70382 0
70387 0
70400 0
70487 0
70534 0
70558 0
70578 0
70609 0
70611 0
70745 0
70776 0
70839 0
70842 0
70849 0
70883 0
70919 0
71008 0
71071 0
71072 0
71117 0
71167 0
71209 0
71256 0
71272 0
71300 0
71332 0
71383 0
71421 0
71558 0
71593 0
71618 0
71628 0
71654 0
71686 0
71697 0
71713 0
71714 0
71753 0
71778 0
71787 0
71819 0
71862 0
71893 0
71969 0
71974 0
72131 0
72280 0
72309 0
72364 0
72529 0
72532 0
72537 0
72555 0
72558 0
72615 0
72653 0
72665 0
72840 0
72852 0
72863 0
72929 0
72933 0
72989 0
73021 0
73037 0
73042 0
73065 0
73085 0
73116 0
73136 0
73196 0
73256 0
73299 0
73331 0
73357 0
73365 0
73382 0
73479 0
73534 0
73629 0
73679 0
73729 0
73736 0
73785 0
73829 0
73879 0
73915 0
73926 0
73930 0
74141 0
74153 0
74166 0
74254 0
74306 0
74315 0
74393 0
74463 0
74499 0
74519 0
74530 0
74545 0
74574 0
74651 0
74660 0
74676 0
74703 0
74757 0
74836 0
74875 0
74891 0
74970 0
75026 0
75041 0
75263 0
75313 0
75359 0
75524 0
75578 0
75717 0
75750 0
75752 0
75842 0
75882 0
75954 0
75956 0
75998 0
76017 0
76034 0
76085 0
76124 0
76139 0
76305 0
76324 0
76441 0
76474 0
76479 0
76512 0
76574 0
76579 0
76694 0
76724 0
76732 0
76746 0
76854 0
77000 0
77159 0
77286 0
77354 0
77494 0
77526 0
77529 0
77556 0
77583 0
77596 0
77691 0
77773 0
77800 0
77801 0
77808 0
77853 0
77930 0
77940 0
77980 0
78197 0
78439 0
78588 0
78634 0
78697 0
78710 0
78773 0
78779 0
78849 0
78929 0
78946 0
78958 0
78981 0
79014 0
79074 0
79129 0
79132 0
79194 0
79223 0
79225 0
79250 0
79281 0
79284 0
79286 0
79393 0
79404 0
79465 0
79484 0
79493 0
79635 0
79669 0
79702 0
79718 0
79781 0
79810 0
79836 0
79843 0
79851 0
79861 0
79905 0
79984 0
80004 0
80042 0
80087 0
80164 0
80187 0
80213 0
80267 0
80274 0
80304 0
80388 0
80463 0
80472 0
80478 0
80578 0
80676 0
80684 0
80705 0
80737 0
80749 0
80760 0
80783 0
80967 0
80980 0
80993 0
81149 0
81264 0
81412 0
81474 0
81476 0
81509 0
81522 0
81542 0
81573 0
81599 0
81619 0
81729 0
81758 0
81777 0
81842 0
81858 0
81859 0
81921 0
81942 0
82010 0
82033 0
82089 0
82099 0
82120 0
82128 0
82176 0
82213 0
82250 0
82284 0
82294 0
82308 0
82355 0
82358 0
82369 0
82458 0
82571 0
82628 0
82728 0
82866 0
82891 0
82945 0
82992 0
83055 0
83099 0
83100 0
83164 0
83228 0
83242 0
83246 0
83304 0
83350 0
83407 0
83427 0
83544 0
83576 0
83585 0
83698 0
83726 0
83885 0
83892 0
83967 0
83972 0
84057 0
84213 0
84312 0
84339 0
84356 0
84403 0
84417 0
84443 0
84467 0
84510 0
84524 0
84555 0
84589 0
84632 0
84663 0
84666 0
84909 0
84914 0
84918 0
84978 0
85017 0
85023 0
85111 0
85126 0
85173 0
85305 0
85320 0
85330 0
85372 0
85399 0
85533 0
85553 0
85616 0
85655 0
85702 0
85729 0
85755 0
85832 0
85970 0
85972 0
85999 0
86029 0
86108 0
86180 0
86294 0
86340 0
86353 0
86385 0
86417 0
86452 0
86466 0
86541 0
86590 0
86603 0
86641 0
86649 0
86735 0
86743 0
86824 0
86835 0
86892 0
86905 0
86936 0
87048 0
87052 0
87070 0
87198 0
87209 0
87315 0
87361 0
87392 0
87430 0
87472 0
87497 0
87583 0
87648 0
87670 0
87702 0
87866 0
87985 0
87987 0
88010 0
88031 0
88158 0
88163 0
88194 0
88328 0
88331 0
88419 0
88478 0
88555 0
88574 0
88584 0
88625 0
88653 0
88688 0
88693 0
88755 0
88816 0
88871 0
88911 0
89032 0
89035 0
89069 0
89100 0
89142 0
89184 0
89209 0
89237 0
89284 0
89334 0
89382 0
89384 0
89515 0
89565 0
89689 0
89690 0
89703 0
89741 0
89745 0
89754 0
89891 0
89936 0
89956 0
89988 0
90007 0
90071 0
90167 0
90239 0
90240 0
90266 0
90287 0
90306 0
90513 0
90536 0
90544 0
90558 0
90617 0
90638 0
90708 0
90718 0
90719 0
90750 0
90792 0
90809 0
90854 0
90869 0
90929 0
90946 0
90982 0
90998 0
91015 0
91033 0
91081 0
91205 0
91220 0
91238 0
91418 0
91446 0
91505 0
91514 0
91520 0
91551 0
91579 0
91659 0
91758 0
91803 0
91915 0
91935 0
91981 0
91986 0
91987 0
91997 0
92084 0
92169 0
92172 0
92210 0
92212 0
92218 0
92289 0
92300 0
92310 0
92312 0
92319 0
92333 0
92402 0
92411 0
92504 0
92608 0
92617 0
92649 0
92727 0
92755 0
92793 0
92808 0
92811 0
92846 0
92899 0
92926 0
92933 0
93006 0
93086 0
93255 0
93259 0
93300 0
93311 0
93324 0
93381 0
93429 0
93485 0
93514 0
93528 0
93558 0
93567 0
93709 0
93740 0
93791 0
93808 0
93847 0
93895 0
93993 0
93994 0
94011 0
94036 0
94119 0
94124 0
94153 0
94202 0
94212 0
94255 0
94276 0
94319 0
94406 0
94534 0
94610 0
94618 0
94659 0
94749 0
94822 0
94888 0
95020 0
95079 0
95082 0
95220 0
95255 0
95344 0
95483 0
95598 0
95610 0
95646 0
95648 0
95805 0
95817 0
95833 0
95869 0
95894 0
95940 0
95953 0
95978 0
96008 0
96052 0
96069 0
96088 0
96091 0
96092 0
96205 0
96377 0
96456 0
96592 0
96606 0
96628 0
96638 0
96646 0
96649 0
96660 0
96701 0
96737 0
96738 0
96767 0
96848 0
96874 0
96935 0
96976 0
96982 0
96991 0
97041 0
97099 0
97141 0
97183 0
97255 0
97269 0
97339 0
97470 0
97527 0
97553 0
97595 0
97621 0
97640 0
97692 0
97750 0
97769 0
97797 0
97807 0
97824 0
97852 0
97856 0
97877 0
97926 0
98018 0
98077 0
98100 0
98174 0
98230 0
98259 0
98384 0
98411 0
98470 0
98548 0
98612 0
98672 0
98728 0
98774 0
98817 0
98847 0
98876 0
98928 0
98967 0
98996 0
99004 0
99037 0
99060 0
99070 0
99074 0
99109 0
99129 0
99132 0
99272 0
99312 0
99416 0
99436 0
99439 0
99503 0
99740 0
99752 0
99764 0
99797 0
99813 0
99815 0
99842 0
99870 0
99880 0
99921 0
99939 0
99964 0
99976 0
