c This is a uniform distributed  1-D DIMACS file 
c width height point_number
p 100000 100000 2048
87 0
136 0
252 0
280 0
378 0
430 0
488 0
504 0
528 0
612 0
645 0
745 0
769 0
809 0
1166 0
1210 0
1238 0
1280 0
1318 0
1327 0
1345 0
1363 0
1367 0
1459 0
1474 0
1538 0
1722 0
1822 0
1869 0
2016 0
2033 0
2043 0
2062 0
2107 0
2140 0
2204 0
2208 0
2224 0
2339 0
2355 0
2357 0
2425 0
2442 0
2534 0
2551 0
2610 0
2713 0
2842 0
2855 0
2902 0
2938 0
3057 0
3070 0
3260 0
3389 0
3415 0
3501 0
3508 0
3529 0
3533 0
3551 0
3581 0
3611 0
3627 0
3861 0
3931 0
3949 0
4185 0
4197 0
4213 0
4214 0
4258 0
4269 0
4312 0
4322 0
4411 0
4444 0
4519 0
4522 0
4557 0
4759 0
4813 0
4921 0
4974 0
5001 0
5015 0
5016 0
5106 0
5136 0
5142 0
5192 0
5273 0
5403 0
5421 0
5731 0
5736 0
5760 0
5826 0
5849 0
5891 0
5892 0
5899 0
5923 0
5992 0
5998 0
6063 0
6097 0
6117 0
6138 0
6164 0
6303 0
6398 0
6426 0
6430 0
6483 0
6500 0
6605 0
6702 0
6751 0
6780 0
6825 0
6849 0
6872 0
6881 0
6891 0
6898 0
6900 0
7045 0
7056 0
7057 0
7089 0
7142 0
7291 0
7346 0
7374 0
7405 0
7431 0
7542 0
7648 0
7654 0
7742 0
7787 0
7821 0
7914 0
7930 0
7932 0
7956 0
7988 0
7993 0
8007 0
8037 0
8071 0
8114 0
8184 0
8188 0
8196 0
8207 0
8282 0
8422 0
8465 0
8486 0
8490 0
8582 0
8590 0
8595 0
8609 0
8632 0
8707 0
8734 0
8762 0
8776 0
8844 0
8866 0
9009 0
9010 0
9081 0
9109 0
9220 0
9225 0
9290 0
9331 0
9373 0
9376 0
9432 0
9525 0
9581 0
9675 0
9734 0
9804 0
9814 0
9819 0
9870 0
9944 0
9975 0
10003 0
10137 0
10153 0
10202 0
10249 0
10262 0
10292 0
10306 0
10327 0
10384 0
10501 0
10630 0
10723 0
10752 0
10809 0
10818 0
10887 0
11038 0
11055 0
11075 0
11078 0
11219 0
11237 0
11285 0
11316 0
11400 0
11465 0
11491 0
11549 0
11555 0
11601 0
11641 0
11643 0
11671 0
11696 0
11755 0
11801 0
11831 0
11845 0
11907 0
11923 0
11934 0
12115 0
12143 0
12211 0
12216 0
12223 0
12276 0
12302 0
12335 0
12413 0
12421 0
12460 0
12533 0
12569 0
12635 0
12645 0
12672 0
12714 0
12747 0
12756 0
12780 0
12804 0
12875 0
12889 0
12986 0
13024 0
13052 0
13071 0
13155 0
13200 0
13212 0
13315 0
13337 0
13355 0
13436 0
13462 0
13547 0
13548 0
13564 0
13602 0
13622 0
13806 0
13851 0
13904 0
14063 0
14140 0
14244 0
14437 0
14563 0
14564 0
14599 0
14603 0
14637 0
14656 0
14660 0
14661 0
14674 0
14731 0
14785 0
14802 0
14805 0
14809 0
14810 0
14870 0
14980 0
15030 0
15199 0
15276 0
15284 0
15333 0
15348 0
15407 0
15435 0
15588 0
15650 0
15711 0
15812 0
15840 0
15942 0
16066 0
16088 0
16130 0
16211 0
16219 0
16242 0
16373 0
16429 0
16434 0
16443 0
16467 0
16539 0
16544 0
16636 0
16651 0
16674 0
16677 0
16723 0
16725 0
16784 0
16785 0
16797 0
16838 0
16857 0
16944 0
16960 0
17004 0
17007 0
17055 0
17062 0
17125 0
17172 0
17187 0
17234 0
17249 0
17255 0
17290 0
17299 0
17468 0
17488 0
17491 0
17520 0
17607 0
17707 0
17865 0
17890 0
17902 0
17905 0
17969 0
17981 0
18057 0
18082 0
18129 0
18201 0
18219 0
18232 0
18308 0
18414 0
18491 0
18494 0
18590 0
18669 0
18686 0
18690 0
18758 0
18841 0
18875 0
18905 0
18906 0
18930 0
18949 0
18993 0
19030 0
19038 0
19182 0
19209 0
19258 0
19259 0
19365 0
19546 0
19562 0
19644 0
19671 0
19691 0
19695 0
19749 0
19769 0
19787 0
19889 0
19947 0
20106 0
20309 0
20315 0
20350 0
20390 0
20396 0
20415 0
20502 0
20592 0
20598 0
20608 0
20622 0
20710 0
20719 0
20857 0
20876 0
20990 0
21006 0
21017 0
21096 0
21157 0
21238 0
21250 0
21328 0
21398 0
21432 0
21518 0
21552 0
21584 0
21674 0
21684 0
21718 0
21754 0
21887 0
21893 0
21989 0
22001 0
22017 0
22065 0
22254 0
22338 0
22438 0
22502 0
22544 0
22595 0
22602 0
22613 0
22654 0
22655 0
22688 0
22719 0
22753 0
22837 0
22840 0
22860 0
22905 0
22922 0
23009 0
23177 0
23244 0
23245 0
23266 0
23312 0
23341 0
23466 0
23468 0
23488 0
23506 0
23541 0
23562 0
23844 0
23890 0
23924 0
24062 0
24085 0
24230 0
24278 0
24287 0
24562 0
24734 0
24866 0
24946 0
24979 0
25050 0
25064 0
25157 0
25197 0
25207 0
25236 0
25245 0
25279 0
25303 0
25370 0
25373 0
25504 0
25551 0
25552 0
25555 0
25559 0
25629 0
25673 0
25758 0
25787 0
25821 0
25838 0
25906 0
25974 0
26082 0
26099 0
26133 0
26152 0
26264 0
26323 0
26439 0
26448 0
26552 0
26561 0
26570 0
26634 0
26706 0
26708 0
26876 0
26913 0
26927 0
26937 0
27174 0
27211 0
27269 0
27368 0
27382 0
27410 0
27412 0
27422 0
27450 0
27486 0
27519 0
27521 0
27583 0
27647 0
27664 0
27695 0
27702 0
27903 0
27964 0
27986 0
27996 0
28065 0
28119 0
28179 0
28270 0
28278 0
28283 0
28396 0
28592 0
28610 0
28629 0
28750 0
28751 0
28753 0
28837 0
28944 0
28993 0
29031 0
29050 0
29071 0
29078 0
29189 0
29227 0
29241 0
29248 0
29264 0
29312 0
29359 0
29383 0
29413 0
29419 0
29436 0
29466 0
29473 0
29524 0
29616 0
29681 0
29955 0
30000 0
30007 0
30060 0
30092 0
30112 0
30138 0
30151 0
30182 0
30279 0
30313 0
30322 0
30335 0
30393 0
30397 0
30461 0
30562 0
30625 0
30646 0
30690 0
30706 0
30778 0
30811 0
30824 0
30861 0
30877 0
30882 0
30935 0
30963 0
30996 0
31024 0
31025 0
31068 0
31076 0
31097 0
31098 0
31183 0
31234 0
31238 0
31252 0
31315 0
31328 0
31388 0
31448 0
31453 0
31526 0
31546 0
31564 0
31577 0
31599 0
31628 0
31715 0
31757 0
31785 0
31796 0
31822 0
31826 0
31828 0
32027 0
32041 0
32068 0
32204 0
32213 0
32262 0
32273 0
32275 0
32290 0
32420 0
32481 0
32593 0
32611 0
32655 0
32683 0
32762 0
32795 0
32831 0
32860 0
32929 0
33045 0
33201 0
33257 0
33281 0
33292 0
33301 0
33319 0
33343 0
33344 0
33369 0
33387 0
33425 0
33451 0
33491 0
33520 0
33612 0
33644 0
33838 0
33993 0
34036 0
34040 0
34094 0
34105 0
34115 0
34155 0
34223 0
34251 0
34288 0
34296 0
34335 0
34337 0
34356 0
34372 0
34444 0
34506 0
34555 0
34564 0
34585 0
34664 0
34683 0
34756 0
35021 0
35075 0
35199 0
35224 0
35313 0
35423 0
35424 0
35447 0
35462 0
35489 0
35530 0
35540 0
35568 0
35583 0
35596 0
35664 0
35709 0
35796 0
35862 0
35948 0
35985 0
36149 0
36173 0
36185 0
36198 0
36262 0
36297 0
36436 0
36551 0
36612 0
36687 0
36701 0
36724 0
36767 0
36833 0
36843 0
36867 0
37066 0
37088 0
37098 0
37172 0
37252 0
37255 0
37261 0
37296 0
37303 0
37353 0
37448 0
37499 0
37576 0
37579 0
37583 0
37598 0
37612 0
37622 0
37642 0
37731 0
37775 0
37840 0
37903 0
37981 0
38022 0
38058 0
38125 0
38156 0
38206 0
38324 0
38339 0
38349 0
38414 0
38445 0
38515 0
38543 0
38600 0
38726 0
38745 0
38856 0
38857 0
38935 0
38958 0
39020 0
39050 0
39154 0
39174 0
39206 0
39226 0
39335 0
39431 0
39455 0
39466 0
39473 0
39494 0
39505 0
39518 0
39537 0
39545 0
39547 0
39571 0
39612 0
39651 0
39698 0
39700 0
39709 0
39714 0
39746 0
39747 0
39843 0
39896 0
39980 0
39996 0
40132 0
40146 0
40153 0
40168 0
40257 0
40334 0
40370 0
40405 0
40409 0
40479 0
40550 0
40721 0
40811 0
40869 0
40919 0
40920 0
40948 0
41117 0
41127 0
41170 0
41230 0
41352 0
41391 0
41429 0
41512 0
41522 0
41778 0
41797 0
41819 0
41862 0
41863 0
41901 0
41976 0
41977 0
41993 0
42082 0
42198 0
42223 0
42421 0
42451 0
42476 0
42485 0
42594 0
42608 0
42655 0
42661 0
42794 0
42803 0
42816 0
42825 0
42842 0
42919 0
43003 0
43023 0
43031 0
43089 0
43163 0
43209 0
43247 0
43258 0
43259 0
43274 0
43301 0
43342 0
43389 0
43403 0
43416 0
43482 0
43485 0
43503 0
43637 0
43645 0
43691 0
43703 0
43737 0
43766 0
43769 0
43789 0
43977 0
43998 0
44047 0
44126 0
44139 0
44311 0
44431 0
44497 0
44502 0
44612 0
44628 0
44654 0
44673 0
44715 0
44805 0
44812 0
44867 0
44883 0
44930 0
44964 0
44968 0
45110 0
45133 0
45162 0
45184 0
45194 0
45214 0
45262 0
45271 0
45316 0
45340 0
45345 0
45434 0
45445 0
45546 0
45607 0
45659 0
45709 0
45721 0
45780 0
46130 0
46136 0
46165 0
46197 0
46228 0
46258 0
46424 0
46425 0
46429 0
46430 0
46490 0
46523 0
46540 0
46594 0
46830 0
46871 0
46945 0
47082 0
47114 0
47123 0
47233 0
47241 0
47302 0
47343 0
47351 0
47402 0
47405 0
47442 0
47443 0
47457 0
47476 0
47481 0
47509 0
47520 0
47524 0
47604 0
47634 0
47643 0
47725 0
47786 0
47793 0
47837 0
47888 0
48068 0
48090 0
48093 0
48129 0
48246 0
48251 0
48285 0
48305 0
48315 0
48360 0
48535 0
48536 0
48599 0
48629 0
48737 0
48763 0
48788 0
48816 0
48833 0
48856 0
48870 0
48954 0
49113 0
49133 0
49156 0
49183 0
49275 0
49297 0
49309 0
49361 0
49382 0
49392 0
49436 0
49503 0
49507 0
49548 0
49631 0
49659 0
49725 0
49733 0
49784 0
49797 0
49810 0
49819 0
49980 0
50094 0
50148 0
50159 0
50176 0
50227 0
50242 0
50253 0
50256 0
50355 0
50497 0
50556 0
50559 0
50568 0
50697 0
50766 0
50817 0
50841 0
50871 0
50895 0
50939 0
50983 0
50995 0
51079 0
51080 0
51186 0
51243 0
51307 0
51310 0
51315 0
51437 0
51511 0
51541 0
51554 0
51565 0
51593 0
51596 0
51608 0
51716 0
51720 0
51758 0
51811 0
51848 0
51856 0
51931 0
51963 0
51988 0
52019 0
52115 0
52166 0
52220 0
52222 0
52297 0
52341 0
52408 0
52441 0
52460 0
52486 0
52509 0
52569 0
52590 0
52603 0
52605 0
52623 0
52758 0
52791 0
52853 0
52906 0
52983 0
53026 0
53083 0
53172 0
53201 0
53251 0
53271 0
53352 0
53362 0
53388 0
53499 0
53515 0
53605 0
53627 0
53635 0
53681 0
53687 0
53739 0
53758 0
53801 0
53847 0
53868 0
53888 0
53923 0
53927 0
53929 0
54189 0
54220 0
54270 0
54292 0
54356 0
54417 0
54432 0
54548 0
54661 0
54740 0
54762 0
54951 0
55080 0
55125 0
55178 0
55237 0
55243 0
55277 0
55322 0
55357 0
55419 0
55441 0
55484 0
55528 0
55529 0
55553 0
55569 0
55616 0
55631 0
55633 0
55721 0
55735 0
55773 0
55861 0
55865 0
55875 0
55894 0
55921 0
55956 0
55993 0
56118 0
56122 0
56161 0
56295 0
56340 0
56416 0
56420 0
56502 0
56543 0
56548 0
56556 0
56564 0
56565 0
56596 0
56614 0
56703 0
56759 0
56816 0
56866 0
56873 0
56896 0
56922 0
56932 0
56971 0
57083 0
57092 0
57237 0
57345 0
57407 0
57512 0
57591 0
57639 0
57670 0
57699 0
57823 0
57825 0
57868 0
57998 0
58057 0
58104 0
58171 0
58213 0
58242 0
58270 0
58276 0
58335 0
58392 0
58555 0
58575 0
58595 0
58623 0
58655 0
58704 0
58719 0
58765 0
58780 0
58784 0
58857 0
58859 0
58878 0
58890 0
58932 0
59033 0
59066 0
59264 0
59300 0
59301 0
59376 0
59378 0
59530 0
59532 0
59553 0
59591 0
59755 0
59770 0
59799 0
59839 0
59881 0
60055 0
60107 0
60146 0
60184 0
60193 0
60219 0
60222 0
60278 0
60322 0
60336 0
60343 0
60367 0
60399 0
60410 0
60430 0
60471 0
60508 0
60552 0
60629 0
60674 0
60764 0
60839 0
60854 0
60967 0
61030 0
61077 0
61131 0
61215 0
61233 0
61329 0
61410 0
61415 0
61539 0
61559 0
61650 0
61706 0
61707 0
61709 0
61726 0
61853 0
61885 0
61919 0
62038 0
62041 0
62071 0
62077 0
62095 0
62096 0
62154 0
62313 0
62326 0
62362 0
62413 0
62665 0
62671 0
62762 0
62777 0
62879 0
62886 0
62933 0
62937 0
62939 0
63015 0
63016 0
63050 0
63107 0
63232 0
63264 0
63267 0
63285 0
63316 0
63410 0
63429 0
63448 0
63468 0
63608 0
63659 0
63754 0
63772 0
63832 0
63907 0
63933 0
63961 0
64011 0
64037 0
64040 0
64088 0
64198 0
64229 0
64243 0
64255 0
64315 0
64354 0
64415 0
64423 0
64426 0
64605 0
64654 0
64671 0
64678 0
64691 0
64693 0
64778 0
64780 0
64793 0
64886 0
64935 0
64958 0
64978 0
65152 0
65158 0
65211 0
65240 0
65267 0
65293 0
65323 0
65392 0
65427 0
65476 0
65788 0
65977 0
66046 0
66053 0
66060 0
66084 0
66263 0
66327 0
66328 0
66447 0
66475 0
66544 0
66623 0
66632 0
66664 0
66696 0
66807 0
66816 0
66830 0
67022 0
67063 0
67181 0
67197 0
67218 0
67231 0
67328 0
67365 0
67371 0
67530 0
67540 0
67590 0
67639 0
67671 0
67677 0
67683 0
67722 0
67739 0
67777 0
67812 0
67880 0
68084 0
68102 0
68147 0
68159 0
68168 0
68179 0
68215 0
68258 0
68302 0
68397 0
68488 0
68493 0
68554 0
68662 0
68695 0
68718 0
68732 0
68802 0
68899 0
68956 0
69026 0
69048 0
69068 0
69115 0
69136 0
69217 0
69255 0
69276 0
69287 0
69322 0
69345 0
69489 0
69498 0
69508 0
69603 0
69671 0
69745 0
69771 0
69795 0
69822 0
69936 0
69954 0
69983 0
69988 0
70038 0
70069 0
70113 0
70141 0
70142 0
70213 0
70314 0
70327 0
70386 0
70534 0
70554 0
70589 0
70593 0
70600 0
70632 0
70644 0
70689 0
70696 0
70702 0
70722 0
70818 0
70871 0
70900 0
70904 0
71023 0
71031 0
71047 0
71067 0
71096 0
71104 0
71135 0
71142 0
71188 0
71334 0
71410 0
71415 0
71450 0
71482 0
71522 0
71531 0
71533 0
71596 0
71646 0
71669 0
71690 0
71704 0
71763 0
71764 0
71879 0
71887 0
71913 0
71944 0
72005 0
72014 0
72137 0
72138 0
72221 0
72222 0
72230 0
72322 0
72411 0
72433 0
72449 0
72461 0
72529 0
72590 0
72600 0
72616 0
72634 0
72653 0
72664 0
72734 0
72743 0
72758 0
72816 0
72817 0
72887 0
72947 0
72996 0
73016 0
73032 0
73040 0
73041 0
73057 0
73098 0
73209 0
73274 0
73300 0
73355 0
73376 0
73459 0
73473 0
73500 0
73684 0
73735 0
73822 0
73857 0
73936 0
74130 0
74208 0
74289 0
74304 0
74356 0
74478 0
74483 0
74607 0
74623 0
74702 0
74733 0
74776 0
74798 0
74807 0
74839 0
74857 0
74863 0
75009 0
75037 0
75097 0
75120 0
75352 0
75362 0
75571 0
75683 0
75740 0
75757 0
75763 0
75770 0
75773 0
75815 0
75853 0
75869 0
75911 0
75917 0
75987 0
76173 0
76238 0
76278 0
76279 0
76333 0
76450 0
76452 0
76454 0
76460 0
76518 0
76650 0
76659 0
76682 0
76790 0
76798 0
76852 0
76855 0
76887 0
76942 0
76979 0
77021 0
77049 0
77081 0
77174 0
77186 0
77263 0
77351 0
77364 0
77397 0
77441 0
77459 0
77466 0
77478 0
77484 0
77510 0
77593 0
77630 0
77647 0
77663 0
77703 0
77715 0
77729 0
77755 0
77759 0
77772 0
77812 0
77823 0
77840 0
77887 0
78080 0
78096 0
78216 0
78379 0
78451 0
78466 0
78470 0
78498 0
78504 0
78596 0
78597 0
78610 0
78792 0
78855 0
78955 0
79046 0
79078 0
79212 0
79246 0
79374 0
79375 0
79385 0
79393 0
79517 0
79538 0
79555 0
79648 0
79833 0
79875 0
79886 0
79888 0
79894 0
79956 0
79972 0
80040 0
80043 0
80058 0
80104 0
80195 0
80308 0
80403 0
80408 0
80513 0
80633 0
80659 0
80911 0
80939 0
80970 0
80991 0
81060 0
81093 0
81121 0
81137 0
81174 0
81223 0
81350 0
81377 0
81427 0
81446 0
81520 0
81588 0
81632 0
81761 0
81762 0
81923 0
81952 0
81980 0
82142 0
82178 0
82190 0
82215 0
82281 0
82330 0
82345 0
82364 0
82372 0
82435 0
82443 0
82471 0
82504 0
82551 0
82574 0
82597 0
82621 0
82654 0
82765 0
82767 0
82770 0
82780 0
82805 0
82835 0
82842 0
82906 0
83125 0
83131 0
83210 0
83247 0
83419 0
83430 0
83576 0
83700 0
83818 0
83825 0
83829 0
83842 0
83843 0
83844 0
83889 0
83940 0
83944 0
83952 0
83973 0
83981 0
84002 0
84031 0
84044 0
84080 0
84106 0
84120 0
84155 0
84183 0
84190 0
84208 0
84216 0
84292 0
84294 0
84312 0
84320 0
84398 0
84473 0
84517 0
84527 0
84540 0
84541 0
84671 0
84717 0
84766 0
84773 0
84903 0
84980 0
85105 0
85199 0
85269 0
85375 0
85435 0
85487 0
85506 0
85523 0
85549 0
85567 0
85895 0
85905 0
85931 0
85979 0
86438 0
86472 0
86473 0
86491 0
86513 0
86552 0
86553 0
86601 0
86627 0
86640 0
86797 0
86806 0
87051 0
87130 0
87152 0
87398 0
87498 0
87499 0
87561 0
87635 0
87843 0
87981 0
88048 0
88114 0
88117 0
88126 0
88216 0
88230 0
88243 0
88245 0
88283 0
88319 0
88322 0
88351 0
88378 0
88411 0
88475 0
88477 0
88478 0
88510 0
88558 0
88601 0
88636 0
88776 0
88808 0
88810 0
88834 0
88854 0
88929 0
89042 0
89066 0
89075 0
89154 0
89224 0
89315 0
89330 0
89420 0
89435 0
89445 0
89546 0
89594 0
89652 0
89690 0
89701 0
89710 0
89712 0
89777 0
89799 0
89831 0
89849 0
89957 0
89973 0
90073 0
90168 0
90211 0
90241 0
90319 0
90427 0
90473 0
90552 0
90566 0
90611 0
90653 0
90700 0
90790 0
90826 0
90853 0
90883 0
90890 0
90893 0
90902 0
91046 0
91088 0
91114 0
91200 0
91240 0
91341 0
91352 0
91412 0
91417 0
91448 0
91503 0
91504 0
91567 0
91656 0
91692 0
91703 0
91713 0
91736 0
91790 0
91802 0
91860 0
91872 0
91878 0
92003 0
92199 0
92279 0
92318 0
92435 0
92471 0
92546 0
92556 0
92725 0
92768 0
92788 0
92897 0
92928 0
93171 0
93242 0
93244 0
93267 0
93293 0
93332 0
93355 0
93406 0
93447 0
93459 0
93554 0
93644 0
93727 0
93782 0
93881 0
93905 0
93931 0
93938 0
93939 0
93952 0
94100 0
94170 0
94176 0
94205 0
94249 0
94259 0
94311 0
94401 0
94409 0
94469 0
94510 0
94577 0
94608 0
94617 0
94634 0
94655 0
94674 0
94681 0
94735 0
94736 0
94761 0
94836 0
94865 0
94883 0
94885 0
94899 0
94915 0
95043 0
95060 0
95061 0
95334 0
95393 0
95449 0
95489 0
95509 0
95587 0
95593 0
95655 0
95844 0
95857 0
95906 0
95938 0
95939 0
96080 0
96089 0
96124 0
96169 0
96171 0
96178 0
96240 0
96244 0
96441 0
96450 0
96541 0
96543 0
96565 0
96747 0
96772 0
96794 0
96805 0
96806 0
96896 0
96899 0
96906 0
96981 0
96990 0
97184 0
97211 0
97217 0
97224 0
97248 0
97286 0
97332 0
97381 0
97403 0
97512 0
97539 0
97621 0
97638 0
97666 0
97681 0
97708 0
97755 0
97761 0
97789 0
97796 0
97814 0
97855 0
97884 0
97895 0
97949 0
98055 0
98130 0
98152 0
98168 0
98240 0
98275 0
98291 0
98307 0
98537 0
98617 0
98624 0
98633 0
98762 0
98764 0
98771 0
98827 0
98839 0
98902 0
98939 0
99003 0
99023 0
99027 0
99032 0
99070 0
99164 0
99194 0
99313 0
99332 0
99336 0
99474 0
99535 0
99545 0
99645 0
99740 0
99818 0
99821 0
99844 0
99923 0
