c This is a uniform distributed  1-D DIMACS file 
c width height point_number
p 100000 100000 2048
41 0
72 0
107 0
115 0
116 0
161 0
237 0
266 0
291 0
308 0
326 0
374 0
415 0
434 0
443 0
444 0
534 0
553 0
664 0
756 0
761 0
808 0
829 0
842 0
854 0
912 0
921 0
936 0
945 0
966 0
1007 0
1043 0
1118 0
1130 0
1169 0
1200 0
1243 0
1261 0
1292 0
1450 0
1608 0
1687 0
1708 0
1755 0
1811 0
1824 0
1834 0
1873 0
1937 0
1939 0
1995 0
2056 0
2191 0
2198 0
2217 0
2245 0
2253 0
2369 0
2408 0
2486 0
2501 0
2602 0
2650 0
2686 0
2719 0
2750 0
2933 0
3036 0
3048 0
3084 0
3157 0
3178 0
3244 0
3273 0
3295 0
3322 0
3350 0
3431 0
3443 0
3482 0
3514 0
3524 0
3551 0
3658 0
3745 0
3920 0
3951 0
4034 0
4041 0
4192 0
4241 0
4251 0
4626 0
4710 0
4723 0
4748 0
4753 0
4836 0
4863 0
4932 0
4987 0
5008 0
5072 0
5083 0
5116 0
5136 0
5146 0
5147 0
5318 0
5449 0
5564 0
5590 0
5616 0
5629 0
5641 0
5675 0
5711 0
5723 0
5746 0
5760 0
5799 0
5804 0
5832 0
5836 0
5879 0
5891 0
5965 0
6141 0
6226 0
6233 0
6235 0
6264 0
6319 0
6325 0
6348 0
6355 0
6368 0
6377 0
6460 0
6475 0
6481 0
6495 0
6555 0
6570 0
6579 0
6653 0
6698 0
6703 0
6846 0
6875 0
6881 0
6942 0
7017 0
7035 0
7074 0
7097 0
7229 0
7244 0
7373 0
7405 0
7412 0
7416 0
7557 0
7600 0
7706 0
7718 0
7804 0
7813 0
7921 0
7933 0
7952 0
8006 0
8159 0
8194 0
8258 0
8365 0
8381 0
8390 0
8463 0
8554 0
8593 0
8648 0
8674 0
8730 0
8734 0
8802 0
8852 0
8898 0
8899 0
8983 0
9260 0
9264 0
9305 0
9455 0
9518 0
9540 0
9561 0
9580 0
9675 0
9688 0
9724 0
9746 0
9900 0
9923 0
9929 0
9933 0
9935 0
9961 0
9976 0
9983 0
10013 0
10028 0
10048 0
10053 0
10054 0
10109 0
10151 0
10289 0
10316 0
10334 0
10364 0
10526 0
10543 0
10553 0
10581 0
10589 0
10608 0
10636 0
10744 0
10788 0
10810 0
10814 0
10825 0
10826 0
10846 0
10917 0
10952 0
11116 0
11138 0
11161 0
11231 0
11269 0
11314 0
11393 0
11528 0
11603 0
11624 0
11650 0
11708 0
11712 0
11720 0
11733 0
11750 0
11755 0
11968 0
12189 0
12263 0
12372 0
12482 0
12541 0
12613 0
12643 0
12652 0
12679 0
12724 0
12725 0
12793 0
12805 0
12806 0
12884 0
12902 0
12971 0
13017 0
13066 0
13077 0
13164 0
13174 0
13263 0
13288 0
13391 0
13518 0
13607 0
13811 0
13960 0
13984 0
14047 0
14080 0
14166 0
14259 0
14277 0
14351 0
14393 0
14565 0
14602 0
14647 0
14667 0
14670 0
14736 0
14742 0
14841 0
14847 0
14871 0
15129 0
15150 0
15185 0
15224 0
15344 0
15417 0
15419 0
15436 0
15451 0
15521 0
15522 0
15537 0
15627 0
15639 0
15671 0
15673 0
15682 0
15721 0
15777 0
15828 0
15835 0
15917 0
16028 0
16032 0
16062 0
16170 0
16172 0
16218 0
16255 0
16292 0
16360 0
16373 0
16379 0
16412 0
16510 0
16581 0
16622 0
16745 0
16927 0
16945 0
16996 0
17113 0
17147 0
17365 0
17389 0
17430 0
17556 0
17609 0
17643 0
17699 0
17723 0
17793 0
17839 0
17855 0
17920 0
18055 0
18092 0
18145 0
18204 0
18350 0
18391 0
18435 0
18691 0
18764 0
18796 0
18803 0
18810 0
18904 0
19060 0
19064 0
19135 0
19182 0
19254 0
19255 0
19269 0
19337 0
19342 0
19504 0
19562 0
19682 0
19688 0
19699 0
19774 0
19782 0
19812 0
19898 0
19901 0
20066 0
20207 0
20233 0
20239 0
20261 0
20335 0
20366 0
20367 0
20370 0
20384 0
20398 0
20403 0
20437 0
20463 0
20503 0
20585 0
20626 0
20665 0
20698 0
20709 0
20752 0
20807 0
20815 0
20832 0
20835 0
20861 0
20989 0
21032 0
21046 0
21068 0
21116 0
21172 0
21212 0
21294 0
21331 0
21377 0
21458 0
21512 0
21570 0
21664 0
21744 0
21791 0
21792 0
21814 0
21857 0
21903 0
21974 0
22017 0
22043 0
22065 0
22097 0
22133 0
22270 0
22311 0
22323 0
22336 0
22469 0
22472 0
22490 0
22562 0
22594 0
22642 0
22648 0
22663 0
22679 0
22736 0
22801 0
22852 0
22856 0
22878 0
22937 0
22965 0
22968 0
22980 0
23030 0
23066 0
23082 0
23171 0
23178 0
23183 0
23215 0
23229 0
23245 0
23262 0
23294 0
23307 0
23422 0
23551 0
23586 0
23592 0
23632 0
23653 0
23696 0
23713 0
23748 0
23754 0
23879 0
23928 0
24021 0
24052 0
24146 0
24294 0
24295 0
24339 0
24367 0
24463 0
24465 0
24571 0
24581 0
24585 0
24637 0
24695 0
24723 0
24793 0
24817 0
24992 0
25017 0
25037 0
25128 0
25234 0
25246 0
25384 0
25396 0
25431 0
25436 0
25513 0
25582 0
25654 0
25656 0
25687 0
25750 0
25772 0
25818 0
25924 0
25959 0
25969 0
26050 0
26072 0
26095 0
26115 0
26157 0
26158 0
26233 0
26256 0
26277 0
26302 0
26360 0
26422 0
26431 0
26679 0
26782 0
26793 0
26862 0
26931 0
27033 0
27113 0
27203 0
27222 0
27245 0
27256 0
27292 0
27362 0
27393 0
27397 0
27434 0
27463 0
27482 0
27531 0
27640 0
27641 0
27652 0
27653 0
27678 0
27742 0
27754 0
27768 0
27824 0
28092 0
28105 0
28153 0
28157 0
28158 0
28170 0
28201 0
28235 0
28260 0
28328 0
28350 0
28367 0
28375 0
28474 0
28475 0
28489 0
28621 0
28654 0
28971 0
28985 0
29021 0
29035 0
29069 0
29111 0
29121 0
29220 0
29363 0
29366 0
29378 0
29445 0
29486 0
29488 0
29493 0
29532 0
29587 0
29603 0
29608 0
29617 0
29639 0
29652 0
29688 0
29734 0
29748 0
29751 0
29773 0
29822 0
29848 0
29878 0
29881 0
29936 0
30000 0
30021 0
30032 0
30092 0
30101 0
30125 0
30141 0
30159 0
30228 0
30233 0
30239 0
30282 0
30308 0
30313 0
30342 0
30413 0
30415 0
30435 0
30499 0
30517 0
30613 0
30784 0
30917 0
30936 0
30971 0
31021 0
31051 0
31103 0
31107 0
31127 0
31171 0
31290 0
31344 0
31413 0
31420 0
31461 0
31513 0
31517 0
31557 0
31589 0
31618 0
31624 0
31724 0
31789 0
31824 0
31845 0
31932 0
31992 0
32034 0
32048 0
32061 0
32070 0
32110 0
32128 0
32138 0
32157 0
32201 0
32268 0
32282 0
32290 0
32377 0
32435 0
32651 0
32686 0
32699 0
32722 0
32820 0
32949 0
32955 0
32957 0
32972 0
33186 0
33259 0
33303 0
33449 0
33501 0
33532 0
33554 0
33574 0
33618 0
33654 0
33690 0
33729 0
33759 0
33804 0
33855 0
33883 0
33995 0
34015 0
34069 0
34097 0
34213 0
34220 0
34502 0
34510 0
34533 0
34631 0
34651 0
34694 0
34701 0
34772 0
34783 0
34905 0
35076 0
35079 0
35091 0
35113 0
35242 0
35288 0
35359 0
35381 0
35437 0
35547 0
35567 0
35595 0
35627 0
35658 0
35674 0
35695 0
35708 0
35723 0
35730 0
35838 0
35918 0
35921 0
35923 0
35939 0
36046 0
36143 0
36158 0
36319 0
36336 0
36344 0
36423 0
36452 0
36456 0
36459 0
36522 0
36630 0
36689 0
36728 0
36809 0
36854 0
36864 0
36935 0
36965 0
37163 0
37164 0
37222 0
37254 0
37339 0
37367 0
37378 0
37418 0
37433 0
37445 0
37446 0
37457 0
37464 0
37548 0
37552 0
37627 0
37795 0
37810 0
37824 0
37836 0
37860 0
37943 0
37969 0
38019 0
38031 0
38043 0
38182 0
38183 0
38191 0
38396 0
38473 0
38509 0
38530 0
38536 0
38584 0
38670 0
38688 0
38712 0
38742 0
38794 0
38836 0
38840 0
38889 0
38963 0
39095 0
39116 0
39144 0
39153 0
39221 0
39225 0
39234 0
39379 0
39422 0
39464 0
39620 0
39695 0
39799 0
39834 0
39859 0
39968 0
40127 0
40227 0
40361 0
40456 0
40466 0
40471 0
40557 0
40586 0
40598 0
40612 0
40671 0
40706 0
40758 0
40767 0
40795 0
40853 0
40929 0
41037 0
41048 0
41142 0
41176 0
41178 0
41209 0
41261 0
41393 0
41409 0
41547 0
41597 0
41715 0
41875 0
41884 0
41906 0
41909 0
42004 0
42199 0
42218 0
42220 0
42364 0
42466 0
42471 0
42561 0
42640 0
42662 0
42755 0
42758 0
42767 0
42799 0
42800 0
42870 0
42948 0
42961 0
42966 0
43055 0
43068 0
43123 0
43212 0
43262 0
43274 0
43310 0
43381 0
43414 0
43441 0
43492 0
43573 0
43597 0
43610 0
43617 0
43628 0
43674 0
43692 0
43741 0
43793 0
43822 0
43838 0
43992 0
43993 0
44002 0
44031 0
44066 0
44070 0
44087 0
44115 0
44121 0
44163 0
44255 0
44318 0
44346 0
44359 0
44369 0
44425 0
44463 0
44467 0
44548 0
44708 0
44795 0
44813 0
44834 0
44922 0
44949 0
44953 0
44968 0
45045 0
45048 0
45106 0
45137 0
45232 0
45239 0
45297 0
45328 0
45338 0
45363 0
45488 0
45626 0
45676 0
45685 0
45812 0
45898 0
45908 0
45922 0
45947 0
45953 0
45986 0
46017 0
46149 0
46203 0
46237 0
46249 0
46271 0
46534 0
46558 0
46686 0
46789 0
46941 0
46976 0
46993 0
47115 0
47156 0
47176 0
47196 0
47215 0
47245 0
47246 0
47262 0
47270 0
47351 0
47431 0
47494 0
47506 0
47652 0
47658 0
47675 0
47702 0
47713 0
47720 0
47728 0
47742 0
47750 0
47804 0
47815 0
47823 0
47854 0
47857 0
47971 0
47994 0
48154 0
48170 0
48220 0
48242 0
48360 0
48375 0
48400 0
48401 0
48495 0
48498 0
48595 0
48668 0
48703 0
48815 0
48851 0
48902 0
48922 0
49091 0
49119 0
49201 0
49217 0
49250 0
49268 0
49318 0
49338 0
49462 0
49491 0
49578 0
49586 0
49719 0
49746 0
49909 0
50042 0
50081 0
50107 0
50206 0
50373 0
50383 0
50421 0
50444 0
50494 0
50560 0
50639 0
50640 0
50711 0
50769 0
50835 0
50972 0
50991 0
51004 0
51042 0
51146 0
51254 0
51268 0
51330 0
51421 0
51482 0
51609 0
51637 0
51649 0
51794 0
51804 0
51816 0
51880 0
51973 0
52013 0
52026 0
52044 0
52081 0
52150 0
52175 0
52200 0
52221 0
52248 0
52256 0
52512 0
52602 0
52612 0
52642 0
52678 0
52692 0
52784 0
52820 0
52825 0
53058 0
53111 0
53231 0
53271 0
53277 0
53373 0
53533 0
53636 0
53726 0
53739 0
53764 0
53832 0
53835 0
53891 0
54027 0
54054 0
54087 0
54110 0
54152 0
54264 0
54327 0
54374 0
54433 0
54556 0
54588 0
54686 0
54742 0
54849 0
54871 0
54895 0
54991 0
55149 0
55156 0
55234 0
55239 0
55273 0
55402 0
55417 0
55439 0
55493 0
55497 0
55644 0
55682 0
55717 0
55744 0
55774 0
55788 0
55805 0
55832 0
55934 0
56062 0
56091 0
56205 0
56255 0
56411 0
56507 0
56550 0
56552 0
56639 0
56677 0
56730 0
56741 0
56760 0
56765 0
56772 0
56773 0
56867 0
56916 0
56980 0
57073 0
57096 0
57102 0
57103 0
57118 0
57217 0
57261 0
57274 0
57303 0
57314 0
57325 0
57356 0
57385 0
57389 0
57393 0
57466 0
57508 0
57541 0
57754 0
57796 0
57915 0
57929 0
57949 0
58135 0
58155 0
58168 0
58182 0
58199 0
58231 0
58232 0
58307 0
58323 0
58355 0
58360 0
58430 0
58438 0
58462 0
58491 0
58548 0
58586 0
58638 0
58680 0
58700 0
58733 0
58864 0
58866 0
58898 0
58931 0
58938 0
58948 0
59042 0
59050 0
59188 0
59210 0
59214 0
59227 0
59321 0
59342 0
59407 0
59415 0
59508 0
59562 0
59641 0
59712 0
59839 0
59896 0
59915 0
59976 0
60004 0
60058 0
60059 0
60151 0
60153 0
60172 0
60212 0
60259 0
60264 0
60281 0
60315 0
60338 0
60433 0
60479 0
60484 0
60655 0
60670 0
60738 0
60746 0
60794 0
60864 0
61021 0
61113 0
61117 0
61127 0
61179 0
61182 0
61329 0
61333 0
61402 0
61415 0
61515 0
61517 0
61530 0
61571 0
61601 0
61684 0
61690 0
61704 0
61712 0
61717 0
61762 0
61824 0
61955 0
62075 0
62078 0
62088 0
62125 0
62180 0
62230 0
62545 0
62586 0
62688 0
62722 0
62775 0
62813 0
62830 0
62856 0
62866 0
62873 0
62887 0
62896 0
62931 0
62939 0
63065 0
63109 0
63201 0
63263 0
63270 0
63283 0
63342 0
63345 0
63408 0
63429 0
63492 0
63510 0
63538 0
63649 0
63680 0
63690 0
63805 0
63809 0
63818 0
63888 0
63905 0
64137 0
64237 0
64283 0
64364 0
64424 0
64441 0
64470 0
64539 0
64560 0
64636 0
64657 0
64658 0
64663 0
64680 0
64690 0
64699 0
64700 0
64730 0
64753 0
64754 0
64787 0
64818 0
64870 0
64917 0
64941 0
64957 0
64976 0
65026 0
65072 0
65087 0
65090 0
65137 0
65175 0
65223 0
65250 0
65255 0
65256 0
65290 0
65305 0
65343 0
65346 0
65451 0
65464 0
65504 0
65554 0
65623 0
65626 0
65917 0
66009 0
66021 0
66035 0
66163 0
66421 0
66440 0
66473 0
66481 0
66498 0
66577 0
66608 0
66633 0
66673 0
66683 0
66711 0
66768 0
66862 0
66894 0
66909 0
66917 0
66934 0
67015 0
67104 0
67190 0
67213 0
67274 0
67307 0
67367 0
67405 0
67451 0
67482 0
67499 0
67598 0
67673 0
67686 0
67705 0
67754 0
67763 0
67852 0
67856 0
67889 0
67911 0
67934 0
67963 0
67971 0
68019 0
68074 0
68081 0
68116 0
68254 0
68273 0
68347 0
68431 0
68552 0
68618 0
68643 0
68763 0
68771 0
68809 0
68824 0
68874 0
68882 0
68886 0
68946 0
68994 0
69048 0
69067 0
69077 0
69089 0
69137 0
69196 0
69217 0
69219 0
69252 0
69316 0
69352 0
69484 0
69492 0
69512 0
69567 0
69659 0
69818 0
69840 0
69846 0
69877 0
69939 0
70034 0
70073 0
70075 0
70084 0
70094 0
70167 0
70217 0
70279 0
70377 0
70423 0
70462 0
70501 0
70522 0
70579 0
70612 0
70648 0
70664 0
70740 0
70803 0
70812 0
70815 0
70825 0
70860 0
70873 0
71027 0
71053 0
71120 0
71142 0
71193 0
71215 0
71257 0
71261 0
71283 0
71364 0
71375 0
71444 0
71457 0
71525 0
71571 0
71601 0
71620 0
71638 0
71642 0
71736 0
71752 0
71762 0
71794 0
71864 0
71874 0
71917 0
71963 0
71970 0
71982 0
72041 0
72164 0
72183 0
72230 0
72261 0
72288 0
72298 0
72357 0
72373 0
72499 0
72606 0
72742 0
72744 0
72795 0
72808 0
72873 0
72918 0
72983 0
73015 0
73140 0
73204 0
73237 0
73261 0
73283 0
73304 0
73334 0
73353 0
73405 0
73445 0
73476 0
73599 0
73642 0
73679 0
73681 0
73692 0
73811 0
73869 0
73876 0
73924 0
74048 0
74100 0
74122 0
74160 0
74241 0
74245 0
74319 0
74366 0
74372 0
74383 0
74412 0
74496 0
74499 0
74520 0
74646 0
74666 0
74723 0
74786 0
74791 0
74820 0
74917 0
74924 0
74994 0
74995 0
75086 0
75126 0
75203 0
75221 0
75350 0
75488 0
75511 0
75529 0
75539 0
75549 0
75592 0
75651 0
75759 0
75781 0
75788 0
75797 0
75828 0
75840 0
75896 0
75902 0
75911 0
75931 0
75979 0
76006 0
76074 0
76177 0
76216 0
76309 0
76342 0
76360 0
76391 0
76405 0
76490 0
76545 0
76577 0
76599 0
76631 0
76645 0
76657 0
76703 0
76734 0
76764 0
76818 0
76864 0
76882 0
76932 0
76964 0
76991 0
77006 0
77067 0
77094 0
77113 0
77431 0
77457 0
77495 0
77506 0
77554 0
77563 0
77648 0
77665 0
77687 0
77773 0
77790 0
77815 0
77900 0
77912 0
77964 0
78188 0
78345 0
78400 0
78454 0
78472 0
78525 0
78553 0
78558 0
78564 0
78666 0
78713 0
78812 0
78852 0
78856 0
78916 0
78922 0
78969 0
78980 0
79064 0
79223 0
79257 0
79393 0
79450 0
79456 0
79472 0
79557 0
79615 0
79804 0
79867 0
79904 0
79931 0
79988 0
79990 0
80005 0
80007 0
80093 0
80244 0
80268 0
80304 0
80305 0
80329 0
80345 0
80446 0
80529 0
80537 0
80544 0
80593 0
80594 0
80704 0
80785 0
80794 0
80802 0
80808 0
80864 0
80882 0
80952 0
80963 0
80990 0
81012 0
81023 0
81109 0
81160 0
81195 0
81277 0
81362 0
81390 0
81432 0
81477 0
81508 0
81539 0
81580 0
81635 0
81678 0
81698 0
81720 0
81782 0
81873 0
81919 0
81986 0
82042 0
82252 0
82280 0
82288 0
82309 0
82341 0
82348 0
82353 0
82362 0
82433 0
82436 0
82457 0
82594 0
82638 0
82691 0
82713 0
82824 0
83015 0
83072 0
83080 0
83159 0
83174 0
83276 0
83306 0
83392 0
83433 0
83453 0
83473 0
83635 0
83652 0
83670 0
83717 0
83771 0
83856 0
83952 0
83982 0
84019 0
84070 0
84134 0
84173 0
84202 0
84203 0
84208 0
84231 0
84317 0
84400 0
84439 0
84455 0
84586 0
84634 0
84669 0
84705 0
84778 0
84790 0
84854 0
84872 0
84897 0
84919 0
84936 0
84996 0
84998 0
85079 0
85112 0
85123 0
85137 0
85161 0
85242 0
85318 0
85336 0
85382 0
85411 0
85452 0
85464 0
85501 0
85529 0
85541 0
85576 0
85615 0
85644 0
85660 0
85671 0
85814 0
85838 0
85887 0
85891 0
85922 0
85961 0
85975 0
85985 0
85997 0
86060 0
86181 0
86213 0
86258 0
86383 0
86406 0
86604 0
86652 0
86692 0
86724 0
86777 0
86790 0
87011 0
87033 0
87105 0
87182 0
87250 0
87264 0
87302 0
87340 0
87364 0
87461 0
87579 0
87589 0
87686 0
87708 0
87716 0
87789 0
87863 0
87916 0
88000 0
88099 0
88126 0
88135 0
88161 0
88200 0
88214 0
88215 0
88276 0
88509 0
88549 0
88592 0
88748 0
88791 0
88795 0
88825 0
89093 0
89101 0
89156 0
89217 0
89238 0
89333 0
89369 0
89376 0
89490 0
89502 0
89517 0
89538 0
89548 0
89558 0
89589 0
89593 0
89767 0
89769 0
89780 0
89895 0
89908 0
89973 0
89991 0
90051 0
90065 0
90104 0
90172 0
90319 0
90370 0
90463 0
90465 0
90555 0
90646 0
90713 0
90733 0
90755 0
90827 0
90872 0
90894 0
90943 0
90955 0
91028 0
91033 0
91062 0
91098 0
91113 0
91180 0
91192 0
91279 0
91358 0
91367 0
91369 0
91480 0
91512 0
91515 0
91546 0
91578 0
91596 0
91611 0
91852 0
91957 0
92007 0
92013 0
92035 0
92058 0
92060 0
92186 0
92267 0
92275 0
92290 0
92297 0
92298 0
92334 0
92425 0
92430 0
92440 0
92454 0
92464 0
92559 0
92704 0
92739 0
92767 0
92774 0
92874 0
92878 0
92959 0
93198 0
93228 0
93263 0
93339 0
93627 0
93667 0
93723 0
93738 0
93818 0
93897 0
93899 0
93986 0
94027 0
94194 0
94196 0
94251 0
94295 0
94315 0
94339 0
94349 0
94351 0
94356 0
94388 0
94437 0
94458 0
94467 0
94526 0
94592 0
94606 0
94622 0
94797 0
94809 0
94824 0
94825 0
94830 0
94946 0
95009 0
95018 0
95035 0
95037 0
95135 0
95142 0
95156 0
95158 0
95168 0
95234 0
95276 0
95280 0
95286 0
95374 0
95404 0
95517 0
95557 0
95732 0
95748 0
95772 0
95781 0
95786 0
95856 0
95863 0
95864 0
95870 0
95936 0
95970 0
95990 0
96023 0
96041 0
96098 0
96138 0
96189 0
96255 0
96311 0
96391 0
96408 0
96466 0
96467 0
96483 0
96499 0
96611 0
96699 0
96717 0
96856 0
96892 0
96986 0
97048 0
97076 0
97091 0
97105 0
97134 0
97335 0
97391 0
97531 0
97611 0
97619 0
97675 0
97681 0
97743 0
97767 0
97843 0
97941 0
97963 0
97993 0
98038 0
98089 0
98093 0
98198 0
98282 0
98306 0
98350 0
98428 0
98544 0
98574 0
98594 0
98611 0
98652 0
98655 0
98687 0
98841 0
99102 0
99215 0
99234 0
99312 0
99323 0
99346 0
99408 0
99507 0
99616 0
99663 0
99718 0
99738 0
99764 0
99772 0
99849 0
99860 0
99892 0
99905 0
99908 0
99935 0
