c This is a uniform distributed  1-D DIMACS file 
c width height point_number
p 100000 100000 2048
13 0
93 0
135 0
171 0
191 0
248 0
263 0
310 0
544 0
592 0
619 0
705 0
719 0
723 0
851 0
942 0
1015 0
1045 0
1139 0
1142 0
1187 0
1246 0
1274 0
1338 0
1364 0
1457 0
1473 0
1504 0
1510 0
1539 0
1574 0
1622 0
1645 0
1780 0
1890 0
1900 0
1984 0
2146 0
2190 0
2256 0
2257 0
2302 0
2303 0
2323 0
2339 0
2352 0
2367 0
2391 0
2446 0
2460 0
2502 0
2558 0
2607 0
2618 0
2680 0
2683 0
2695 0
2791 0
2882 0
2904 0
2971 0
2980 0
3051 0
3069 0
3112 0
3148 0
3185 0
3207 0
3257 0
3335 0
3361 0
3420 0
3539 0
3542 0
3620 0
3700 0
3703 0
3753 0
3777 0
3782 0
3828 0
3957 0
3997 0
4055 0
4098 0
4102 0
4116 0
4150 0
4344 0
4423 0
4442 0
4486 0
4533 0
4604 0
4701 0
4725 0
4734 0
4775 0
4805 0
4875 0
4903 0
4929 0
4996 0
5012 0
5034 0
5056 0
5059 0
5070 0
5080 0
5106 0
5126 0
5191 0
5209 0
5248 0
5251 0
5331 0
5340 0
5417 0
5430 0
5481 0
5518 0
5612 0
5700 0
5745 0
5752 0
5760 0
5789 0
5797 0
5955 0
5996 0
6001 0
6033 0
6039 0
6144 0
6170 0
6188 0
6319 0
6357 0
6412 0
6503 0
6522 0
6537 0
6545 0
6662 0
6719 0
6777 0
6861 0
6893 0
6894 0
6914 0
6936 0
6958 0
6999 0
7032 0
7079 0
7162 0
7177 0
7210 0
7244 0
7307 0
7345 0
7373 0
7376 0
7394 0
7479 0
7741 0
7836 0
7860 0
7883 0
7921 0
8009 0
8038 0
8092 0
8171 0
8186 0
8239 0
8363 0
8667 0
8706 0
8753 0
8786 0
8803 0
8897 0
8940 0
9005 0
9016 0
9047 0
9120 0
9164 0
9226 0
9240 0
9253 0
9279 0
9334 0
9500 0
9544 0
9643 0
9691 0
9786 0
9850 0
9856 0
10025 0
10032 0
10055 0
10084 0
10106 0
10157 0
10162 0
10322 0
10340 0
10350 0
10415 0
10430 0
10451 0
10452 0
10479 0
10755 0
10786 0
10859 0
10927 0
10992 0
11037 0
11045 0
11072 0
11095 0
11096 0
11116 0
11139 0
11246 0
11257 0
11264 0
11282 0
11308 0
11315 0
11321 0
11324 0
11329 0
11406 0
11504 0
11555 0
11564 0
11657 0
11711 0
11838 0
11922 0
11972 0
11978 0
11998 0
12051 0
12061 0
12092 0
12381 0
12421 0
12423 0
12533 0
12637 0
12685 0
12691 0
12702 0
12850 0
12856 0
12921 0
13014 0
13016 0
13111 0
13154 0
13168 0
13199 0
13213 0
13284 0
13382 0
13459 0
13530 0
13540 0
13626 0
13631 0
13721 0
13758 0
13786 0
13821 0
13846 0
13851 0
13860 0
13877 0
13902 0
13954 0
13970 0
13973 0
14010 0
14074 0
14091 0
14118 0
14120 0
14164 0
14238 0
14253 0
14310 0
14407 0
14444 0
14452 0
14580 0
14585 0
14614 0
14616 0
14638 0
14666 0
14751 0
14777 0
14804 0
14856 0
14870 0
14954 0
14959 0
15058 0
15133 0
15189 0
15236 0
15252 0
15258 0
15360 0
15371 0
15387 0
15487 0
15505 0
15599 0
15639 0
15720 0
15778 0
15844 0
15856 0
15906 0
15913 0
15955 0
16157 0
16271 0
16281 0
16304 0
16332 0
16386 0
16414 0
16416 0
16547 0
16613 0
16640 0
16683 0
16715 0
16773 0
16805 0
16823 0
16825 0
16974 0
16993 0
17013 0
17017 0
17023 0
17038 0
17042 0
17047 0
17072 0
17087 0
17202 0
17254 0
17275 0
17364 0
17442 0
17459 0
17558 0
17563 0
17565 0
17770 0
17793 0
17829 0
17843 0
17865 0
17908 0
17967 0
17983 0
18016 0
18102 0
18109 0
18187 0
18209 0
18241 0
18243 0
18328 0
18413 0
18477 0
18566 0
18581 0
18660 0
18671 0
18677 0
18857 0
18879 0
18946 0
18983 0
19132 0
19197 0
19276 0
19379 0
19461 0
19472 0
19512 0
19592 0
19654 0
19681 0
19695 0
19714 0
19776 0
19803 0
19902 0
19948 0
20009 0
20027 0
20038 0
20143 0
20308 0
20313 0
20328 0
20468 0
20469 0
20473 0
20482 0
20494 0
20512 0
20545 0
20573 0
20601 0
20631 0
20648 0
20733 0
20742 0
20860 0
20877 0
20911 0
20979 0
21014 0
21072 0
21117 0
21137 0
21245 0
21345 0
21413 0
21419 0
21488 0
21513 0
21521 0
21547 0
21579 0
21619 0
21630 0
21705 0
21726 0
21751 0
21760 0
21812 0
21826 0
21831 0
21891 0
21955 0
21996 0
21999 0
22016 0
22028 0
22046 0
22093 0
22123 0
22124 0
22143 0
22319 0
22378 0
22438 0
22466 0
22542 0
22576 0
22582 0
22584 0
22604 0
22629 0
22721 0
22831 0
22926 0
22987 0
23054 0
23077 0
23126 0
23151 0
23185 0
23246 0
23276 0
23281 0
23295 0
23399 0
23433 0
23459 0
23494 0
23503 0
23516 0
23567 0
23632 0
23711 0
23780 0
23885 0
23901 0
23915 0
23932 0
23982 0
23996 0
24070 0
24143 0
24228 0
24261 0
24467 0
24543 0
24619 0
24692 0
24721 0
24739 0
24746 0
24780 0
24831 0
25021 0
25182 0
25245 0
25249 0
25283 0
25366 0
25374 0
25435 0
25516 0
25560 0
25629 0
25671 0
25709 0
25778 0
25820 0
25851 0
25893 0
25918 0
25947 0
25950 0
25954 0
25961 0
26059 0
26108 0
26122 0
26177 0
26203 0
26259 0
26298 0
26399 0
26418 0
26457 0
26487 0
26498 0
26544 0
26574 0
26591 0
26624 0
26669 0
26682 0
26716 0
26803 0
26836 0
26843 0
26950 0
26996 0
27017 0
27048 0
27112 0
27141 0
27168 0
27190 0
27278 0
27289 0
27325 0
27345 0
27384 0
27469 0
27470 0
27492 0
27557 0
27560 0
27612 0
27758 0
27816 0
27852 0
27859 0
27894 0
27924 0
28020 0
28029 0
28142 0
28190 0
28200 0
28211 0
28219 0
28375 0
28411 0
28453 0
28533 0
28543 0
28618 0
28682 0
28725 0
28845 0
28852 0
28859 0
28897 0
28937 0
28977 0
29067 0
29191 0
29209 0
29323 0
29413 0
29433 0
29485 0
29511 0
29581 0
29690 0
29732 0
29737 0
29782 0
30038 0
30070 0
30183 0
30207 0
30243 0
30258 0
30264 0
30274 0
30288 0
30431 0
30442 0
30553 0
30622 0
30662 0
30702 0
30720 0
30755 0
30774 0
30931 0
31020 0
31145 0
31154 0
31187 0
31227 0
31260 0
31280 0
31287 0
31326 0
31355 0
31360 0
31500 0
31509 0
31557 0
31603 0
31640 0
31645 0
31652 0
31653 0
31676 0
31696 0
31743 0
31831 0
31858 0
32032 0
32059 0
32177 0
32378 0
32445 0
32482 0
32546 0
32547 0
32664 0
32705 0
32865 0
32956 0
32992 0
33021 0
33052 0
33068 0
33111 0
33135 0
33159 0
33181 0
33183 0
33202 0
33208 0
33211 0
33248 0
33252 0
33303 0
33330 0
33454 0
33549 0
33569 0
33627 0
33674 0
33734 0
33740 0
33752 0
33855 0
33868 0
34087 0
34129 0
34160 0
34243 0
34298 0
34367 0
34414 0
34442 0
34483 0
34507 0
34530 0
34562 0
34676 0
34844 0
34891 0
35075 0
35206 0
35270 0
35274 0
35287 0
35333 0
35356 0
35389 0
35411 0
35442 0
35450 0
35542 0
35588 0
35600 0
35613 0
35719 0
35724 0
35725 0
35779 0
35789 0
35803 0
35855 0
35875 0
35879 0
35886 0
35924 0
35945 0
36095 0
36153 0
36186 0
36323 0
36326 0
36355 0
36426 0
36569 0
36579 0
36650 0
36813 0
36952 0
36990 0
37018 0
37163 0
37189 0
37591 0
37592 0
37700 0
37761 0
37828 0
37832 0
37900 0
37956 0
38000 0
38090 0
38117 0
38190 0
38199 0
38205 0
38257 0
38294 0
38295 0
38330 0
38398 0
38413 0
38419 0
38431 0
38476 0
38541 0
38596 0
38771 0
38820 0
38888 0
38961 0
39016 0
39064 0
39073 0
39182 0
39198 0
39270 0
39291 0
39335 0
39479 0
39491 0
39503 0
39561 0
39768 0
39773 0
39816 0
39947 0
39956 0
39990 0
39996 0
40015 0
40054 0
40064 0
40113 0
40155 0
40165 0
40240 0
40251 0
40322 0
40365 0
40391 0
40406 0
40410 0
40428 0
40451 0
40497 0
40507 0
40529 0
40554 0
40562 0
40605 0
40626 0
40650 0
40719 0
40810 0
40891 0
40908 0
40909 0
40950 0
41011 0
41028 0
41085 0
41185 0
41374 0
41401 0
41422 0
41515 0
41646 0
41670 0
41675 0
41727 0
41752 0
41778 0
41849 0
41857 0
41867 0
41908 0
41949 0
41962 0
41971 0
42000 0
42064 0
42080 0
42101 0
42288 0
42317 0
42506 0
42548 0
42579 0
42588 0
42995 0
43053 0
43193 0
43216 0
43283 0
43315 0
43326 0
43382 0
43384 0
43389 0
43548 0
43596 0
43703 0
43755 0
43817 0
43877 0
43880 0
43889 0
43920 0
44031 0
44046 0
44067 0
44082 0
44090 0
44119 0
44204 0
44240 0
44289 0
44296 0
44314 0
44318 0
44358 0
44374 0
44408 0
44434 0
44456 0
44502 0
44549 0
44567 0
44602 0
44627 0
44644 0
44669 0
44736 0
44747 0
44785 0
44891 0
45003 0
45092 0
45135 0
45162 0
45177 0
45181 0
45201 0
45210 0
45270 0
45279 0
45350 0
45371 0
45443 0
45452 0
45508 0
45725 0
45857 0
45872 0
45988 0
46004 0
46189 0
46252 0
46284 0
46301 0
46339 0
46356 0
46445 0
46490 0
46591 0
46643 0
46664 0
46678 0
46685 0
46723 0
46870 0
46897 0
46971 0
47010 0
47013 0
47036 0
47110 0
47184 0
47191 0
47249 0
47300 0
47306 0
47317 0
47469 0
47488 0
47489 0
47517 0
47546 0
47580 0
47594 0
47598 0
47688 0
47718 0
47742 0
47867 0
47876 0
47890 0
47946 0
48038 0
48042 0
48054 0
48056 0
48057 0
48103 0
48122 0
48144 0
48159 0
48192 0
48193 0
48364 0
48389 0
48425 0
48465 0
48466 0
48507 0
48562 0
48615 0
48629 0
48739 0
48821 0
48828 0
48842 0
48849 0
48881 0
48945 0
48987 0
49059 0
49250 0
49419 0
49568 0
49701 0
49820 0
49828 0
49868 0
49971 0
50023 0
50065 0
50080 0
50123 0
50152 0
50166 0
50202 0
50316 0
50366 0
50411 0
50464 0
50543 0
50544 0
50567 0
50582 0
50586 0
50740 0
50832 0
50927 0
51027 0
51048 0
51257 0
51301 0
51311 0
51322 0
51327 0
51425 0
51429 0
51458 0
51575 0
51607 0
51647 0
51672 0
51732 0
51784 0
51818 0
51875 0
51880 0
51931 0
51968 0
51981 0
52201 0
52217 0
52274 0
52390 0
52400 0
52801 0
52811 0
52872 0
52893 0
52959 0
52978 0
53016 0
53048 0
53068 0
53143 0
53228 0
53231 0
53245 0
53246 0
53247 0
53375 0
53393 0
53412 0
53463 0
53639 0
53674 0
53711 0
53714 0
53723 0
53818 0
53865 0
53890 0
53919 0
53922 0
53923 0
53925 0
53946 0
53952 0
53999 0
54000 0
54008 0
54032 0
54049 0
54054 0
54187 0
54228 0
54256 0
54268 0
54317 0
54333 0
54428 0
54442 0
54459 0
54550 0
54572 0
54607 0
54640 0
54645 0
54655 0
54697 0
54774 0
54822 0
54847 0
54849 0
54947 0
54984 0
55052 0
55057 0
55070 0
55093 0
55171 0
55196 0
55213 0
55228 0
55248 0
55378 0
55418 0
55449 0
55452 0
55460 0
55488 0
55680 0
55780 0
55811 0
55899 0
55926 0
55934 0
55944 0
55982 0
56002 0
56006 0
56034 0
56059 0
56167 0
56181 0
56407 0
56426 0
56441 0
56448 0
56457 0
56506 0
56515 0
56593 0
56634 0
56644 0
56664 0
56707 0
56713 0
56736 0
56809 0
56829 0
56863 0
56882 0
56889 0
56899 0
56902 0
56925 0
57088 0
57141 0
57169 0
57220 0
57313 0
57419 0
57496 0
57509 0
57532 0
57536 0
57570 0
57578 0
57645 0
57753 0
57782 0
57828 0
57876 0
57934 0
57938 0
57968 0
57999 0
58014 0
58023 0
58027 0
58035 0
58188 0
58195 0
58204 0
58226 0
58245 0
58278 0
58324 0
58455 0
58514 0
58577 0
58590 0
58591 0
58621 0
58627 0
58721 0
58746 0
58777 0
58829 0
58858 0
58997 0
59119 0
59138 0
59203 0
59214 0
59266 0
59276 0
59362 0
59366 0
59369 0
59401 0
59405 0
59422 0
59434 0
59586 0
59610 0
59627 0
59654 0
59662 0
59688 0
59738 0
59938 0
59998 0
60027 0
60076 0
60170 0
60231 0
60246 0
60335 0
60380 0
60408 0
60425 0
60469 0
60549 0
60605 0
60620 0
60662 0
60730 0
60799 0
60807 0
60813 0
60918 0
60953 0
60955 0
60967 0
60987 0
61039 0
61069 0
61076 0
61086 0
61150 0
61162 0
61197 0
61257 0
61265 0
61287 0
61545 0
61585 0
61606 0
61620 0
61632 0
61638 0
61663 0
61715 0
61885 0
62014 0
62043 0
62048 0
62081 0
62111 0
62142 0
62161 0
62234 0
62245 0
62252 0
62285 0
62334 0
62336 0
62343 0
62386 0
62387 0
62406 0
62409 0
62432 0
62457 0
62550 0
62644 0
62655 0
62719 0
62723 0
62902 0
62927 0
62951 0
63006 0
63041 0
63057 0
63064 0
63112 0
63153 0
63189 0
63238 0
63340 0
63508 0
63581 0
63584 0
63595 0
63658 0
63709 0
63731 0
63760 0
63780 0
63781 0
63809 0
63828 0
63894 0
63922 0
64011 0
64022 0
64115 0
64204 0
64234 0
64235 0
64256 0
64271 0
64313 0
64351 0
64364 0
64415 0
64465 0
64490 0
64491 0
64585 0
64715 0
64762 0
64792 0
64835 0
64849 0
64856 0
64882 0
65006 0
65083 0
65184 0
65247 0
65257 0
65307 0
65340 0
65378 0
65391 0
65397 0
65430 0
65487 0
65516 0
65561 0
65593 0
65611 0
65633 0
65714 0
65862 0
65927 0
65990 0
66022 0
66029 0
66071 0
66089 0
66224 0
66329 0
66384 0
66400 0
66520 0
66555 0
66561 0
66612 0
66633 0
66712 0
66728 0
66753 0
66980 0
67302 0
67307 0
67397 0
67454 0
67474 0
67477 0
67490 0
67516 0
67526 0
67623 0
67980 0
67999 0
68060 0
68063 0
68076 0
68177 0
68253 0
68281 0
68402 0
68413 0
68432 0
68522 0
68615 0
68660 0
68667 0
68672 0
68713 0
68748 0
68801 0
68824 0
68834 0
68887 0
68948 0
68950 0
68995 0
69020 0
69032 0
69076 0
69174 0
69211 0
69264 0
69398 0
69431 0
69440 0
69459 0
69496 0
69721 0
69810 0
69922 0
69976 0
69984 0
70006 0
70122 0
70128 0
70168 0
70195 0
70202 0
70336 0
70379 0
70546 0
70569 0
70583 0
70659 0
70665 0
70704 0
70770 0
70824 0
71004 0
71005 0
71007 0
71131 0
71135 0
71167 0
71308 0
71358 0
71363 0
71375 0
71421 0
71422 0
71435 0
71440 0
71587 0
71641 0
71642 0
71704 0
71740 0
71821 0
71834 0
71870 0
71900 0
71918 0
71988 0
72021 0
72055 0
72085 0
72131 0
72174 0
72276 0
72370 0
72398 0
72442 0
72458 0
72499 0
72501 0
72530 0
72573 0
72656 0
72657 0
72666 0
72723 0
72732 0
72790 0
72813 0
72838 0
72883 0
72925 0
72941 0
72956 0
73042 0
73099 0
73139 0
73409 0
73441 0
73479 0
73513 0
73515 0
73543 0
73567 0
73604 0
73633 0
73642 0
73678 0
73711 0
73745 0
73768 0
73823 0
73867 0
73904 0
73980 0
73993 0
74077 0
74154 0
74156 0
74168 0
74295 0
74298 0
74407 0
74605 0
74861 0
74963 0
75014 0
75048 0
75078 0
75084 0
75087 0
75101 0
75119 0
75165 0
75253 0
75307 0
75436 0
75589 0
75612 0
75619 0
75638 0
75653 0
75743 0
75796 0
75817 0
75877 0
75891 0
75907 0
75926 0
75973 0
76004 0
76037 0
76105 0
76125 0
76135 0
76200 0
76297 0
76424 0
76585 0
76672 0
76835 0
76941 0
77113 0
77127 0
77140 0
77145 0
77193 0
77211 0
77323 0
77432 0
77448 0
77468 0
77485 0
77590 0
77724 0
77805 0
77818 0
77847 0
77964 0
77993 0
78015 0
78178 0
78182 0
78184 0
78217 0
78224 0
78247 0
78253 0
78260 0
78322 0
78530 0
78537 0
78566 0
78637 0
78668 0
78706 0
78708 0
78715 0
78741 0
78817 0
78878 0
78925 0
79074 0
79232 0
79237 0
79268 0
79296 0
79503 0
79505 0
79572 0
79614 0
79638 0
79656 0
79669 0
79723 0
79796 0
79821 0
79851 0
79858 0
79912 0
79939 0
80035 0
80074 0
80155 0
80230 0
80233 0
80240 0
80254 0
80294 0
80327 0
80394 0
80477 0
80579 0
80712 0
80781 0
80832 0
80886 0
80924 0
81017 0
81022 0
81024 0
81079 0
81235 0
81249 0
81493 0
81553 0
81587 0
81617 0
81650 0
81717 0
81720 0
81738 0
81784 0
81786 0
81884 0
81908 0
81933 0
81938 0
82026 0
82084 0
82117 0
82144 0
82166 0
82217 0
82252 0
82328 0
82330 0
82368 0
82386 0
82390 0
82433 0
82495 0
82509 0
82530 0
82624 0
82688 0
82762 0
82788 0
82799 0
82827 0
82833 0
82853 0
83011 0
83042 0
83119 0
83146 0
83216 0
83293 0
83370 0
83441 0
83452 0
83680 0
83748 0
83818 0
83826 0
83904 0
83938 0
84164 0
84238 0
84266 0
84290 0
84307 0
84330 0
84377 0
84406 0
84435 0
84466 0
84487 0
84503 0
84506 0
84507 0
84592 0
84598 0
84681 0
84683 0
84771 0
84797 0
84806 0
84814 0
84914 0
84945 0
85253 0
85290 0
85341 0
85353 0
85380 0
85426 0
85483 0
85548 0
85583 0
85592 0
85621 0
85663 0
85664 0
85706 0
85709 0
85723 0
85724 0
85761 0
85834 0
85904 0
85988 0
86076 0
86191 0
86251 0
86262 0
86310 0
86363 0
86397 0
86510 0
86526 0
86619 0
86696 0
86740 0
86748 0
86898 0
86909 0
86915 0
86995 0
87037 0
87209 0
87275 0
87318 0
87352 0
87390 0
87418 0
87427 0
87434 0
87445 0
87495 0
87516 0
87518 0
87539 0
87552 0
87569 0
87625 0
87688 0
87721 0
87738 0
87759 0
87796 0
87884 0
87915 0
87944 0
87960 0
88022 0
88090 0
88137 0
88152 0
88161 0
88197 0
88227 0
88228 0
88387 0
88395 0
88405 0
88778 0
88823 0
88838 0
89060 0
89070 0
89076 0
89257 0
89275 0
89324 0
89359 0
89372 0
89394 0
89464 0
89573 0
89585 0
89606 0
89712 0
89750 0
89757 0
89767 0
89782 0
89811 0
89825 0
89839 0
89930 0
89935 0
89960 0
90016 0
90044 0
90081 0
90132 0
90213 0
90302 0
90415 0
90424 0
90562 0
90622 0
90668 0
90720 0
90766 0
90879 0
90943 0
90992 0
91007 0
91050 0
91052 0
91093 0
91162 0
91260 0
91283 0
91323 0
91327 0
91346 0
91439 0
91453 0
91538 0
91581 0
91604 0
91659 0
91697 0
91700 0
91772 0
91830 0
91834 0
92042 0
92224 0
92292 0
92324 0
92343 0
92386 0
92398 0
92443 0
92460 0
92537 0
92540 0
92558 0
92582 0
92660 0
92685 0
92749 0
92764 0
92817 0
92828 0
92847 0
92903 0
92964 0
92973 0
93020 0
93054 0
93159 0
93163 0
93191 0
93221 0
93237 0
93242 0
93266 0
93267 0
93396 0
93446 0
93467 0
93563 0
93691 0
93713 0
93756 0
93759 0
93869 0
93873 0
93932 0
93942 0
94066 0
94266 0
94298 0
94381 0
94407 0
94458 0
94466 0
94549 0
94559 0
94633 0
94643 0
94658 0
94786 0
94833 0
94835 0
94849 0
94853 0
94870 0
94875 0
94998 0
95000 0
95084 0
95122 0
95249 0
95251 0
95365 0
95377 0
95381 0
95426 0
95587 0
95817 0
95905 0
95910 0
96009 0
96049 0
96078 0
96094 0
96182 0
96259 0
96306 0
96310 0
96355 0
96465 0
96473 0
96509 0
96548 0
96699 0
96874 0
96912 0
96970 0
96974 0
96979 0
97011 0
97012 0
97122 0
97205 0
97239 0
97255 0
97278 0
97293 0
97331 0
97533 0
97560 0
97587 0
97595 0
97619 0
97623 0
97682 0
97683 0
97684 0
97711 0
97764 0
97804 0
97811 0
97854 0
97921 0
97925 0
97926 0
97995 0
98153 0
98159 0
98184 0
98330 0
98378 0
98383 0
98441 0
98452 0
98459 0
98483 0
98540 0
98579 0
98605 0
98619 0
98686 0
98755 0
98795 0
98849 0
98935 0
98998 0
99164 0
99223 0
99246 0
99255 0
99297 0
99360 0
99413 0
99427 0
99493 0
99517 0
99538 0
99539 0
99543 0
99545 0
99548 0
99575 0
99585 0
99621 0
99646 0
99723 0
99746 0
99778 0
99884 0
99901 0
