c This is a uniform distributed  1-D DIMACS file 
c width height point_number
p 100000 100000 2048
30 0
40 0
41 0
49 0
112 0
121 0
175 0
179 0
226 0
234 0
251 0
326 0
398 0
446 0
510 0
527 0
569 0
581 0
629 0
635 0
648 0
652 0
663 0
669 0
673 0
674 0
689 0
737 0
743 0
761 0
797 0
870 0
1000 0
1062 0
1065 0
1068 0
1121 0
1216 0
1231 0
1359 0
1382 0
1533 0
1639 0
1647 0
1725 0
1756 0
1774 0
1855 0
1856 0
1923 0
1930 0
1937 0
2028 0
2094 0
2102 0
2290 0
2315 0
2482 0
2495 0
2503 0
2567 0
2596 0
2692 0
2740 0
2821 0
2854 0
2931 0
2970 0
3025 0
3073 0
3145 0
3177 0
3184 0
3250 0
3272 0
3433 0
3485 0
3587 0
3622 0
3679 0
3695 0
3763 0
3978 0
4002 0
4046 0
4146 0
4163 0
4174 0
4195 0
4199 0
4242 0
4258 0
4259 0
4467 0
4495 0
4504 0
4613 0
4657 0
5017 0
5120 0
5202 0
5235 0
5368 0
5409 0
5425 0
5526 0
5546 0
5581 0
5708 0
5741 0
5796 0
5847 0
5976 0
5986 0
6030 0
6050 0
6117 0
6149 0
6175 0
6215 0
6244 0
6246 0
6269 0
6283 0
6312 0
6328 0
6330 0
6345 0
6400 0
6466 0
6485 0
6486 0
6487 0
6498 0
6597 0
6671 0
6683 0
6689 0
6692 0
6713 0
6729 0
6744 0
6820 0
6836 0
6896 0
7012 0
7018 0
7100 0
7105 0
7127 0
7164 0
7169 0
7335 0
7393 0
7397 0
7432 0
7478 0
7516 0
7654 0
7713 0
7844 0
7853 0
7886 0
7905 0
8016 0
8210 0
8231 0
8283 0
8416 0
8477 0
8589 0
8605 0
8688 0
8706 0
8762 0
8764 0
8785 0
8811 0
8831 0
8895 0
9050 0
9075 0
9078 0
9113 0
9121 0
9137 0
9172 0
9187 0
9243 0
9276 0
9294 0
9355 0
9523 0
9632 0
9649 0
9681 0
9727 0
9795 0
9937 0
9952 0
10040 0
10110 0
10156 0
10380 0
10381 0
10390 0
10436 0
10437 0
10447 0
10496 0
10525 0
10532 0
10559 0
10589 0
10622 0
10663 0
10695 0
10759 0
10802 0
10809 0
10850 0
10879 0
10967 0
11010 0
11025 0
11057 0
11070 0
11090 0
11106 0
11171 0
11183 0
11198 0
11201 0
11279 0
11280 0
11431 0
11454 0
11462 0
11529 0
11578 0
11598 0
11644 0
11654 0
11787 0
11815 0
11849 0
11868 0
11885 0
12207 0
12219 0
12228 0
12306 0
12328 0
12525 0
12582 0
12652 0
12696 0
12699 0
12748 0
12843 0
12909 0
12993 0
13001 0
13067 0
13132 0
13205 0
13249 0
13330 0
13338 0
13380 0
13396 0
13429 0
13442 0
13457 0
13493 0
13533 0
13580 0
13672 0
13681 0
13704 0
13954 0
14052 0
14077 0
14150 0
14155 0
14210 0
14263 0
14324 0
14470 0
14494 0
14506 0
14652 0
14670 0
14730 0
14745 0
14786 0
14916 0
14937 0
14954 0
14994 0
15167 0
15210 0
15254 0
15268 0
15305 0
15361 0
15446 0
15465 0
15497 0
15501 0
15537 0
15540 0
15544 0
15602 0
15669 0
15716 0
15818 0
15829 0
15832 0
15872 0
15985 0
16000 0
16025 0
16108 0
16137 0
16158 0
16159 0
16239 0
16331 0
16388 0
16457 0
16470 0
16539 0
16565 0
16586 0
16619 0
16634 0
16658 0
16683 0
16691 0
16793 0
16794 0
16810 0
16861 0
16867 0
16893 0
16901 0
16914 0
17084 0
17171 0
17225 0
17233 0
17262 0
17331 0
17351 0
17416 0
17473 0
17501 0
17532 0
17599 0
17605 0
17626 0
17639 0
17658 0
17712 0
17729 0
17733 0
17763 0
17865 0
17871 0
17927 0
17950 0
18205 0
18236 0
18239 0
18264 0
18293 0
18305 0
18443 0
18448 0
18453 0
18531 0
18569 0
18620 0
18662 0
18725 0
18818 0
18881 0
18924 0
18936 0
19064 0
19185 0
19194 0
19201 0
19217 0
19254 0
19279 0
19293 0
19328 0
19368 0
19385 0
19457 0
19458 0
19496 0
19531 0
19555 0
19581 0
19617 0
19630 0
19704 0
19742 0
19839 0
19879 0
19929 0
19973 0
19979 0
19993 0
20078 0
20098 0
20131 0
20174 0
20299 0
20367 0
20392 0
20527 0
20546 0
20553 0
20579 0
20685 0
20974 0
20986 0
21017 0
21030 0
21144 0
21270 0
21304 0
21371 0
21406 0
21412 0
21427 0
21496 0
21512 0
21569 0
21593 0
21726 0
21836 0
21840 0
21887 0
21982 0
22006 0
22043 0
22067 0
22089 0
22262 0
22301 0
22326 0
22329 0
22336 0
22385 0
22414 0
22462 0
22473 0
22484 0
22488 0
22572 0
22794 0
22844 0
22895 0
22910 0
22940 0
22956 0
23013 0
23097 0
23198 0
23316 0
23331 0
23354 0
23385 0
23414 0
23470 0
23483 0
23506 0
23585 0
23596 0
23647 0
23696 0
23734 0
23737 0
23771 0
23788 0
23819 0
24015 0
24028 0
24093 0
24116 0
24137 0
24147 0
24152 0
24183 0
24184 0
24284 0
24296 0
24308 0
24314 0
24342 0
24361 0
24381 0
24469 0
24514 0
24519 0
24583 0
24588 0
24707 0
24804 0
24847 0
24902 0
24906 0
24908 0
24994 0
25044 0
25108 0
25137 0
25152 0
25169 0
25211 0
25229 0
25275 0
25355 0
25364 0
25378 0
25385 0
25389 0
25445 0
25448 0
25577 0
25585 0
25609 0
25645 0
25844 0
25853 0
25857 0
25900 0
26013 0
26087 0
26237 0
26243 0
26315 0
26317 0
26353 0
26372 0
26384 0
26516 0
26520 0
26541 0
26573 0
26765 0
26773 0
26857 0
26880 0
26915 0
26923 0
26951 0
26983 0
27056 0
27096 0
27141 0
27182 0
27269 0
27286 0
27298 0
27372 0
27437 0
27453 0
27466 0
27513 0
27611 0
27680 0
27701 0
27735 0
27869 0
27880 0
27946 0
28077 0
28124 0
28162 0
28298 0
28350 0
28450 0
28497 0
28508 0
28534 0
28623 0
28651 0
28671 0
28702 0
28730 0
28732 0
28736 0
28742 0
28761 0
28834 0
28899 0
29148 0
29173 0
29250 0
29261 0
29287 0
29504 0
29566 0
29573 0
29593 0
29604 0
29605 0
29646 0
29678 0
29722 0
29906 0
29941 0
29950 0
29973 0
29988 0
30059 0
30060 0
30096 0
30153 0
30345 0
30476 0
30508 0
30554 0
30574 0
30602 0
30623 0
30647 0
30689 0
30739 0
30924 0
30946 0
31008 0
31113 0
31148 0
31260 0
31262 0
31330 0
31357 0
31368 0
31420 0
31422 0
31428 0
31429 0
31430 0
31459 0
31492 0
31502 0
31548 0
31566 0
31575 0
31662 0
31697 0
31719 0
31742 0
31792 0
31842 0
31848 0
31884 0
31932 0
31936 0
31947 0
31977 0
32006 0
32013 0
32056 0
32123 0
32186 0
32193 0
32208 0
32263 0
32266 0
32365 0
32375 0
32378 0
32409 0
32430 0
32452 0
32670 0
32752 0
32770 0
32781 0
32800 0
32809 0
32816 0
32840 0
33037 0
33043 0
33054 0
33064 0
33070 0
33113 0
33123 0
33145 0
33176 0
33253 0
33255 0
33398 0
33481 0
33495 0
33510 0
33511 0
33528 0
33562 0
33577 0
33660 0
33846 0
33914 0
33930 0
33972 0
34069 0
34078 0
34148 0
34279 0
34526 0
34536 0
34560 0
34636 0
34649 0
34662 0
34673 0
34692 0
34698 0
34779 0
34782 0
34795 0
34798 0
35032 0
35226 0
35314 0
35319 0
35345 0
35379 0
35499 0
35646 0
35710 0
35751 0
35783 0
35813 0
35815 0
35851 0
35915 0
35976 0
35996 0
36061 0
36072 0
36084 0
36106 0
36137 0
36187 0
36203 0
36295 0
36344 0
36381 0
36384 0
36414 0
36440 0
36501 0
36702 0
36710 0
36762 0
36763 0
36816 0
36834 0
36946 0
37061 0
37078 0
37332 0
37342 0
37431 0
37442 0
37464 0
37473 0
37554 0
37571 0
37575 0
37638 0
37673 0
37712 0
37733 0
37758 0
37810 0
37823 0
37841 0
37930 0
37940 0
37953 0
38095 0
38114 0
38251 0
38309 0
38341 0
38359 0
38434 0
38448 0
38480 0
38585 0
38617 0
38635 0
38725 0
38760 0
38870 0
38982 0
38993 0
39002 0
39064 0
39080 0
39166 0
39194 0
39268 0
39337 0
39417 0
39433 0
39471 0
39477 0
39484 0
39527 0
39772 0
39813 0
39829 0
39833 0
39880 0
40033 0
40102 0
40116 0
40163 0
40228 0
40320 0
40371 0
40445 0
40573 0
40640 0
40684 0
40737 0
40779 0
40802 0
40806 0
40815 0
40900 0
40914 0
40918 0
40927 0
41055 0
41097 0
41109 0
41111 0
41115 0
41206 0
41224 0
41232 0
41261 0
41345 0
41357 0
41386 0
41520 0
41549 0
41562 0
41774 0
41843 0
41868 0
41950 0
42051 0
42109 0
42156 0
42191 0
42285 0
42307 0
42366 0
42451 0
42489 0
42522 0
42545 0
42674 0
42755 0
42850 0
42858 0
42896 0
42904 0
42978 0
42999 0
43016 0
43095 0
43171 0
43186 0
43190 0
43222 0
43237 0
43257 0
43320 0
43451 0
43478 0
43504 0
43606 0
43797 0
43905 0
43939 0
44088 0
44092 0
44106 0
44174 0
44294 0
44353 0
44459 0
44488 0
44530 0
44548 0
44557 0
44616 0
44636 0
44689 0
44708 0
44778 0
44852 0
44863 0
44959 0
44962 0
45048 0
45122 0
45142 0
45172 0
45219 0
45323 0
45441 0
45443 0
45508 0
45524 0
45533 0
45536 0
45557 0
45567 0
45603 0
45612 0
45667 0
45691 0
45722 0
45767 0
45870 0
46078 0
46145 0
46248 0
46473 0
46496 0
46519 0
46541 0
46568 0
46591 0
46648 0
46651 0
46700 0
46817 0
46860 0
46924 0
46955 0
47053 0
47109 0
47232 0
47233 0
47279 0
47295 0
47304 0
47385 0
47436 0
47460 0
47489 0
47518 0
47543 0
47605 0
47640 0
47670 0
47672 0
47721 0
47764 0
47995 0
48016 0
48031 0
48033 0
48102 0
48124 0
48142 0
48294 0
48355 0
48363 0
48409 0
48478 0
48505 0
48512 0
48516 0
48517 0
48580 0
48610 0
48611 0
48612 0
48678 0
48750 0
48757 0
48773 0
48776 0
48838 0
48849 0
48901 0
48905 0
48916 0
48928 0
49028 0
49048 0
49073 0
49144 0
49160 0
49209 0
49246 0
49300 0
49360 0
49431 0
49441 0
49621 0
49684 0
49702 0
49717 0
49756 0
49802 0
49805 0
49810 0
49813 0
49868 0
49923 0
49930 0
49953 0
50020 0
50031 0
50057 0
50184 0
50301 0
50527 0
50547 0
50596 0
50597 0
50666 0
50668 0
50686 0
50733 0
50787 0
50901 0
50976 0
51031 0
51086 0
51090 0
51136 0
51207 0
51319 0
51321 0
51332 0
51406 0
51433 0
51467 0
51508 0
51613 0
51627 0
51648 0
51697 0
51717 0
51771 0
51802 0
51861 0
51885 0
52005 0
52014 0
52106 0
52370 0
52579 0
52583 0
52657 0
52698 0
52706 0
52737 0
52784 0
52909 0
52979 0
53058 0
53059 0
53134 0
53171 0
53178 0
53208 0
53276 0
53292 0
53369 0
53401 0
53422 0
53438 0
53471 0
53504 0
53556 0
53567 0
53705 0
53706 0
53769 0
53816 0
53856 0
53943 0
54055 0
54058 0
54082 0
54087 0
54129 0
54319 0
54338 0
54376 0
54410 0
54424 0
54434 0
54446 0
54528 0
54546 0
54564 0
54616 0
54690 0
54725 0
54825 0
54835 0
54864 0
54988 0
55001 0
55013 0
55054 0
55075 0
55077 0
55116 0
55170 0
55202 0
55204 0
55212 0
55350 0
55361 0
55418 0
55503 0
55725 0
55770 0
55775 0
55782 0
55801 0
56180 0
56209 0
56213 0
56350 0
56377 0
56383 0
56385 0
56392 0
56424 0
56445 0
56505 0
56534 0
56536 0
56537 0
56561 0
56579 0
56678 0
56707 0
56736 0
56842 0
56915 0
56918 0
56972 0
57000 0
57042 0
57087 0
57160 0
57186 0
57195 0
57196 0
57244 0
57321 0
57366 0
57392 0
57461 0
57479 0
57491 0
57553 0
57569 0
57592 0
57593 0
57630 0
57767 0
57874 0
57879 0
57961 0
58035 0
58044 0
58050 0
58087 0
58155 0
58245 0
58269 0
58283 0
58304 0
58350 0
58366 0
58374 0
58392 0
58415 0
58498 0
58503 0
58529 0
58563 0
58699 0
58703 0
58707 0
58765 0
58827 0
58892 0
58951 0
59019 0
59022 0
59168 0
59220 0
59223 0
59333 0
59400 0
59444 0
59453 0
59478 0
59545 0
59621 0
59733 0
59741 0
59841 0
59879 0
59887 0
59910 0
59940 0
60008 0
60076 0
60238 0
60344 0
60346 0
60423 0
60466 0
60470 0
60542 0
60644 0
60658 0
60748 0
60792 0
60806 0
60812 0
60868 0
60880 0
60951 0
60964 0
60981 0
61017 0
61067 0
61088 0
61094 0
61174 0
61223 0
61236 0
61352 0
61373 0
61392 0
61409 0
61692 0
61700 0
61741 0
61748 0
61858 0
61903 0
61929 0
61936 0
62026 0
62030 0
62054 0
62061 0
62065 0
62187 0
62292 0
62300 0
62316 0
62420 0
62552 0
62677 0
62687 0
62780 0
62784 0
62827 0
62851 0
62952 0
62993 0
63012 0
63035 0
63036 0
63065 0
63105 0
63226 0
63281 0
63291 0
63332 0
63335 0
63380 0
63395 0
63407 0
63419 0
63427 0
63505 0
63524 0
63638 0
63684 0
63768 0
63770 0
63894 0
64048 0
64081 0
64085 0
64145 0
64280 0
64362 0
64363 0
64400 0
64419 0
64446 0
64469 0
64523 0
64545 0
64623 0
64694 0
64703 0
64739 0
64962 0
64987 0
65002 0
65045 0
65102 0
65207 0
65246 0
65257 0
65260 0
65272 0
65341 0
65398 0
65414 0
65470 0
65522 0
65544 0
65583 0
65644 0
65709 0
65742 0
65791 0
65844 0
65998 0
66026 0
66068 0
66084 0
66091 0
66113 0
66194 0
66298 0
66322 0
66419 0
66471 0
66528 0
66531 0
66564 0
66576 0
66604 0
66645 0
66742 0
66893 0
66928 0
66964 0
67002 0
67056 0
67175 0
67216 0
67263 0
67304 0
67402 0
67433 0
67450 0
67457 0
67491 0
67516 0
67538 0
67551 0
67589 0
67596 0
67653 0
67659 0
67693 0
67705 0
67792 0
67846 0
67859 0
67892 0
67907 0
68004 0
68106 0
68125 0
68224 0
68306 0
68310 0
68373 0
68429 0
68437 0
68459 0
68491 0
68546 0
68552 0
68592 0
68685 0
68756 0
68793 0
68836 0
68857 0
68906 0
68962 0
69036 0
69108 0
69117 0
69184 0
69263 0
69397 0
69533 0
69550 0
69562 0
69610 0
69643 0
69646 0
69658 0
69700 0
69729 0
69808 0
69895 0
69996 0
70066 0
70089 0
70212 0
70249 0
70275 0
70337 0
70355 0
70391 0
70401 0
70503 0
70541 0
70578 0
70598 0
70706 0
70769 0
70896 0
70909 0
70952 0
71057 0
71132 0
71178 0
71230 0
71259 0
71284 0
71412 0
71413 0
71432 0
71449 0
71469 0
71493 0
71803 0
71813 0
71826 0
71829 0
71898 0
71927 0
71936 0
72031 0
72139 0
72150 0
72270 0
72276 0
72296 0
72299 0
72319 0
72378 0
72422 0
72450 0
72456 0
72505 0
72546 0
72580 0
72643 0
72654 0
72676 0
72689 0
72720 0
72815 0
72820 0
72857 0
72917 0
72945 0
72980 0
72991 0
73077 0
73115 0
73182 0
73193 0
73213 0
73275 0
73315 0
73393 0
73395 0
73449 0
73504 0
73547 0
73564 0
73569 0
73622 0
73659 0
73743 0
73904 0
73969 0
74025 0
74068 0
74091 0
74156 0
74208 0
74312 0
74313 0
74383 0
74388 0
74409 0
74463 0
74505 0
74548 0
74577 0
74627 0
74661 0
74763 0
74809 0
74842 0
74869 0
74940 0
75022 0
75057 0
75103 0
75156 0
75190 0
75262 0
75366 0
75370 0
75379 0
75550 0
75566 0
75607 0
75660 0
75697 0
75741 0
75854 0
75878 0
75879 0
75934 0
76085 0
76089 0
76130 0
76164 0
76169 0
76221 0
76249 0
76253 0
76281 0
76323 0
76334 0
76343 0
76344 0
76408 0
76418 0
76466 0
76487 0
76516 0
76517 0
76556 0
76559 0
76634 0
76663 0
76678 0
76744 0
76867 0
76889 0
76896 0
76917 0
76964 0
76972 0
77075 0
77166 0
77319 0
77391 0
77401 0
77408 0
77415 0
77430 0
77524 0
77559 0
77644 0
77671 0
77738 0
77741 0
77821 0
77920 0
77948 0
77949 0
77999 0
78009 0
78019 0
78034 0
78102 0
78104 0
78188 0
78212 0
78221 0
78247 0
78289 0
78303 0
78355 0
78402 0
78585 0
78612 0
78672 0
78701 0
78718 0
78853 0
78929 0
78948 0
78955 0
79003 0
79077 0
79095 0
79410 0
79533 0
79555 0
79560 0
79623 0
79691 0
79694 0
79744 0
79762 0
79884 0
79952 0
79955 0
79969 0
80006 0
80029 0
80111 0
80167 0
80211 0
80230 0
80250 0
80312 0
80315 0
80340 0
80351 0
80386 0
80388 0
80429 0
80503 0
80625 0
80664 0
80787 0
80852 0
80873 0
80960 0
80989 0
81018 0
81043 0
81111 0
81154 0
81379 0
81399 0
81426 0
81444 0
81510 0
81511 0
81517 0
81561 0
81578 0
81590 0
81596 0
81641 0
81675 0
81780 0
81793 0
81938 0
82046 0
82175 0
82176 0
82212 0
82227 0
82288 0
82300 0
82360 0
82362 0
82406 0
82421 0
82622 0
82637 0
82661 0
82687 0
82701 0
82881 0
82898 0
83032 0
83033 0
83058 0
83064 0
83111 0
83112 0
83240 0
83314 0
83376 0
83424 0
83568 0
83611 0
83649 0
83679 0
83791 0
83826 0
83841 0
83861 0
83876 0
84022 0
84068 0
84100 0
84152 0
84190 0
84194 0
84239 0
84243 0
84251 0
84260 0
84322 0
84395 0
84442 0
84524 0
84654 0
84685 0
84698 0
84725 0
84776 0
84828 0
84832 0
84835 0
84884 0
84908 0
84910 0
84944 0
84947 0
85036 0
85096 0
85111 0
85152 0
85214 0
85234 0
85293 0
85369 0
85513 0
85516 0
85547 0
85549 0
85707 0
85824 0
85952 0
86057 0
86184 0
86188 0
86321 0
86423 0
86430 0
86503 0
86518 0
86744 0
86811 0
86814 0
86869 0
86878 0
86960 0
86993 0
87015 0
87018 0
87021 0
87042 0
87104 0
87151 0
87190 0
87192 0
87340 0
87367 0
87373 0
87374 0
87387 0
87396 0
87431 0
87469 0
87560 0
87598 0
87650 0
87653 0
87656 0
87672 0
87727 0
87849 0
87875 0
87902 0
87971 0
88013 0
88025 0
88049 0
88105 0
88140 0
88203 0
88223 0
88231 0
88377 0
88393 0
88412 0
88428 0
88441 0
88525 0
88545 0
88554 0
88581 0
88653 0
88720 0
88722 0
88784 0
88815 0
88958 0
89074 0
89079 0
89122 0
89129 0
89144 0
89151 0
89157 0
89164 0
89201 0
89274 0
89277 0
89349 0
89351 0
89392 0
89435 0
89445 0
89455 0
89569 0
89607 0
89659 0
89684 0
89750 0
89777 0
89784 0
89832 0
89865 0
89955 0
89975 0
90081 0
90139 0
90191 0
90227 0
90284 0
90349 0
90359 0
90420 0
90452 0
90475 0
90499 0
90544 0
90551 0
90733 0
90851 0
90867 0
90903 0
91101 0
91250 0
91336 0
91740 0
91825 0
91828 0
91832 0
91882 0
91960 0
92000 0
92039 0
92196 0
92208 0
92218 0
92233 0
92374 0
92473 0
92599 0
92604 0
92788 0
92807 0
92870 0
92930 0
92931 0
93020 0
93025 0
93040 0
93043 0
93068 0
93193 0
93284 0
93294 0
93304 0
93308 0
93460 0
93468 0
93493 0
93545 0
93562 0
93609 0
93652 0
93668 0
93684 0
93724 0
93734 0
93737 0
93805 0
93823 0
93831 0
93924 0
93930 0
94002 0
94028 0
94132 0
94207 0
94237 0
94258 0
94356 0
94398 0
94427 0
94438 0
94514 0
94524 0
94654 0
94667 0
94673 0
94711 0
94731 0
94763 0
94764 0
94817 0
94911 0
94919 0
95092 0
95095 0
95105 0
95140 0
95210 0
95213 0
95241 0
95310 0
95385 0
95395 0
95451 0
95669 0
95729 0
95755 0
95764 0
95802 0
95803 0
95819 0
95850 0
95870 0
95917 0
95958 0
95962 0
95966 0
95999 0
96084 0
96140 0
96184 0
96307 0
96361 0
96504 0
96566 0
96581 0
96662 0
96704 0
96986 0
97183 0
97195 0
97227 0
97287 0
97310 0
97333 0
97369 0
97413 0
97445 0
97448 0
97495 0
97521 0
97531 0
97558 0
97562 0
97589 0
97603 0
97655 0
97689 0
97726 0
97749 0
97838 0
97855 0
97969 0
97981 0
98048 0
98056 0
98090 0
98192 0
98203 0
98206 0
98347 0
98369 0
98474 0
98523 0
98737 0
98775 0
98808 0
98832 0
98954 0
98978 0
99031 0
99038 0
99041 0
99060 0
99237 0
99304 0
99331 0
99380 0
99483 0
99511 0
99534 0
99567 0
99697 0
99780 0
99866 0
99900 0
99908 0
