c This is a uniform distributed  1-D DIMACS file 
c width height point_number
p 100000 100000 2048
34 0
47 0
93 0
129 0
190 0
248 0
285 0
301 0
317 0
383 0
405 0
443 0
456 0
457 0
467 0
513 0
571 0
685 0
687 0
758 0
784 0
993 0
1162 0
1176 0
1190 0
1213 0
1245 0
1341 0
1409 0
1421 0
1446 0
1489 0
1492 0
1537 0
1541 0
1567 0
1588 0
1603 0
1645 0
1646 0
1647 0
1652 0
1658 0
1741 0
1808 0
1817 0
1847 0
1961 0
2066 0
2140 0
2211 0
2231 0
2273 0
2284 0
2361 0
2366 0
2490 0
2548 0
2549 0
2713 0
2793 0
2833 0
2874 0
2942 0
2985 0
2997 0
3017 0
3090 0
3198 0
3211 0
3280 0
3288 0
3326 0
3365 0
3381 0
3415 0
3424 0
3467 0
3485 0
3529 0
3551 0
3581 0
3849 0
3891 0
3898 0
3979 0
4002 0
4053 0
4310 0
4351 0
4412 0
4453 0
4522 0
4597 0
4721 0
4747 0
4779 0
4796 0
4825 0
4917 0
4963 0
4978 0
5033 0
5082 0
5132 0
5179 0
5229 0
5262 0
5317 0
5332 0
5415 0
5626 0
5703 0
5776 0
5782 0
5828 0
5934 0
5967 0
5985 0
5986 0
6053 0
6073 0
6085 0
6097 0
6136 0
6153 0
6183 0
6225 0
6233 0
6259 0
6359 0
6565 0
6688 0
6692 0
6724 0
7001 0
7016 0
7023 0
7098 0
7236 0
7243 0
7251 0
7253 0
7329 0
7361 0
7368 0
7452 0
7489 0
7563 0
7693 0
7847 0
7906 0
8066 0
8107 0
8152 0
8182 0
8255 0
8258 0
8260 0
8269 0
8309 0
8325 0
8346 0
8377 0
8422 0
8450 0
8484 0
8523 0
8527 0
8591 0
8671 0
8685 0
8789 0
8908 0
8926 0
9203 0
9232 0
9240 0
9260 0
9389 0
9420 0
9428 0
9448 0
9504 0
9614 0
9623 0
9672 0
9696 0
9741 0
9852 0
9861 0
9901 0
9941 0
9977 0
10041 0
10093 0
10137 0
10141 0
10253 0
10286 0
10322 0
10431 0
10453 0
10476 0
10481 0
10500 0
10537 0
10605 0
10638 0
10706 0
10790 0
10829 0
10854 0
10897 0
10898 0
10902 0
10915 0
10933 0
10957 0
11039 0
11085 0
11152 0
11220 0
11248 0
11297 0
11329 0
11342 0
11373 0
11386 0
11430 0
11578 0
11616 0
11909 0
11972 0
11984 0
11997 0
12247 0
12258 0
12328 0
12334 0
12354 0
12374 0
12438 0
12518 0
12557 0
12596 0
12612 0
12628 0
12738 0
12798 0
12872 0
12894 0
12921 0
12952 0
12954 0
12989 0
13006 0
13009 0
13202 0
13240 0
13276 0
13433 0
13464 0
13568 0
13575 0
13603 0
13611 0
13671 0
13681 0
13703 0
13789 0
13848 0
13913 0
13914 0
13967 0
14036 0
14044 0
14046 0
14078 0
14169 0
14186 0
14333 0
14389 0
14402 0
14437 0
14521 0
14554 0
14569 0
14584 0
14585 0
14589 0
14675 0
14678 0
14740 0
14769 0
14925 0
15032 0
15033 0
15114 0
15131 0
15135 0
15182 0
15220 0
15316 0
15319 0
15360 0
15377 0
15379 0
15440 0
15524 0
15545 0
15593 0
15616 0
15645 0
15687 0
15696 0
15726 0
15754 0
15777 0
15800 0
15826 0
15859 0
15893 0
15917 0
16012 0
16141 0
16181 0
16195 0
16273 0
16288 0
16357 0
16386 0
16401 0
16404 0
16450 0
16472 0
16548 0
16549 0
16567 0
16628 0
16711 0
16715 0
16717 0
16753 0
16879 0
16961 0
17004 0
17066 0
17098 0
17452 0
17549 0
17576 0
17584 0
17686 0
17738 0
17739 0
17866 0
17939 0
17994 0
18074 0
18107 0
18109 0
18172 0
18213 0
18307 0
18309 0
18322 0
18337 0
18480 0
18489 0
18501 0
18516 0
18598 0
18623 0
18698 0
18733 0
18774 0
18812 0
18955 0
18960 0
19015 0
19090 0
19123 0
19210 0
19230 0
19243 0
19393 0
19412 0
19503 0
19508 0
19562 0
19595 0
19617 0
19717 0
19721 0
19752 0
19758 0
19776 0
19834 0
19858 0
19932 0
19935 0
19969 0
20094 0
20104 0
20139 0
20425 0
20449 0
20452 0
20462 0
20481 0
20589 0
20651 0
20745 0
20757 0
20926 0
20941 0
20977 0
21027 0
21151 0
21321 0
21337 0
21343 0
21356 0
21449 0
21470 0
21635 0
21638 0
21687 0
21714 0
21863 0
21940 0
21961 0
22019 0
22047 0
22064 0
22230 0
22247 0
22253 0
22288 0
22311 0
22313 0
22336 0
22503 0
22509 0
22564 0
22583 0
22589 0
22652 0
22694 0
22703 0
22772 0
22790 0
22907 0
22910 0
22918 0
22963 0
22981 0
23052 0
23057 0
23085 0
23138 0
23154 0
23223 0
23227 0
23230 0
23296 0
23299 0
23387 0
23432 0
23455 0
23611 0
23718 0
23734 0
23851 0
23858 0
23943 0
24003 0
24125 0
24135 0
24270 0
24289 0
24328 0
24350 0
24399 0
24415 0
24565 0
24618 0
24706 0
24710 0
24733 0
24757 0
24759 0
24811 0
24850 0
25030 0
25179 0
25214 0
25253 0
25311 0
25327 0
25354 0
25399 0
25402 0
25407 0
25417 0
25531 0
25547 0
25717 0
25731 0
25734 0
25827 0
25845 0
25855 0
25860 0
25878 0
25890 0
25934 0
25936 0
25972 0
26179 0
26351 0
26369 0
26375 0
26382 0
26395 0
26422 0
26427 0
26481 0
26490 0
26500 0
26564 0
26694 0
26806 0
26807 0
26991 0
27003 0
27115 0
27161 0
27183 0
27213 0
27226 0
27252 0
27524 0
27534 0
27540 0
27660 0
27745 0
27842 0
27994 0
28003 0
28036 0
28082 0
28141 0
28216 0
28242 0
28423 0
28459 0
28468 0
28510 0
28521 0
28558 0
28593 0
28635 0
28657 0
28675 0
28700 0
28708 0
28764 0
28878 0
28913 0
28963 0
28969 0
29000 0
29016 0
29051 0
29061 0
29140 0
29171 0
29192 0
29205 0
29231 0
29274 0
29416 0
29518 0
29565 0
29585 0
29591 0
29714 0
29873 0
29903 0
29910 0
30148 0
30245 0
30505 0
30653 0
30699 0
30791 0
30835 0
30836 0
30838 0
30846 0
30877 0
30923 0
30986 0
31039 0
31054 0
31080 0
31113 0
31181 0
31248 0
31430 0
31527 0
31626 0
31691 0
31708 0
31737 0
31775 0
31805 0
31877 0
31883 0
31906 0
31908 0
31913 0
31922 0
31963 0
31968 0
32007 0
32039 0
32047 0
32061 0
32065 0
32085 0
32111 0
32112 0
32157 0
32162 0
32207 0
32229 0
32245 0
32256 0
32426 0
32449 0
32457 0
32543 0
32574 0
32578 0
32618 0
32803 0
32852 0
32997 0
33010 0
33028 0
33057 0
33111 0
33113 0
33127 0
33221 0
33301 0
33346 0
33529 0
33534 0
33538 0
33545 0
33582 0
33585 0
33637 0
33640 0
33672 0
33678 0
33771 0
33831 0
33840 0
33973 0
33974 0
34028 0
34037 0
34046 0
34064 0
34074 0
34186 0
34200 0
34339 0
34349 0
34390 0
34470 0
34577 0
34604 0
34627 0
34680 0
34710 0
34732 0
34790 0
34805 0
34912 0
34974 0
35061 0
35258 0
35263 0
35289 0
35308 0
35394 0
35442 0
35459 0
35469 0
35696 0
35731 0
35782 0
35894 0
35917 0
35968 0
35994 0
36045 0
36059 0
36122 0
36139 0
36153 0
36173 0
36179 0
36184 0
36276 0
36316 0
36335 0
36340 0
36368 0
36379 0
36430 0
36488 0
36532 0
36714 0
36748 0
36891 0
36953 0
36970 0
36993 0
37061 0
37094 0
37146 0
37217 0
37226 0
37266 0
37400 0
37427 0
37437 0
37496 0
37563 0
37610 0
37655 0
37692 0
37700 0
37850 0
37925 0
37933 0
37947 0
38032 0
38067 0
38135 0
38168 0
38170 0
38337 0
38379 0
38382 0
38458 0
38679 0
38715 0
38730 0
38775 0
38923 0
38924 0
39009 0
39031 0
39098 0
39102 0
39261 0
39358 0
39390 0
39475 0
39528 0
39548 0
39557 0
39642 0
39708 0
39775 0
39840 0
39910 0
39955 0
40016 0
40086 0
40140 0
40149 0
40156 0
40171 0
40192 0
40286 0
40301 0
40350 0
40419 0
40446 0
40490 0
40554 0
40733 0
40752 0
40767 0
40806 0
40943 0
40951 0
40964 0
40977 0
41123 0
41168 0
41172 0
41321 0
41340 0
41392 0
41411 0
41424 0
41427 0
41477 0
41506 0
41514 0
41572 0
41602 0
41617 0
41749 0
41823 0
41856 0
42113 0
42140 0
42204 0
42237 0
42248 0
42302 0
42312 0
42327 0
42348 0
42481 0
42491 0
42560 0
42582 0
42618 0
42634 0
42655 0
42718 0
42777 0
42824 0
42838 0
42868 0
43007 0
43136 0
43162 0
43172 0
43411 0
43489 0
43582 0
43642 0
43695 0
43878 0
43885 0
43911 0
43973 0
44076 0
44133 0
44163 0
44246 0
44298 0
44316 0
44362 0
44404 0
44504 0
44519 0
44822 0
44907 0
44953 0
45029 0
45048 0
45137 0
45226 0
45234 0
45248 0
45288 0
45298 0
45371 0
45398 0
45468 0
45504 0
45524 0
45561 0
45604 0
45649 0
45653 0
45785 0
45793 0
45840 0
45883 0
45924 0
45972 0
46102 0
46116 0
46173 0
46230 0
46281 0
46327 0
46433 0
46462 0
46476 0
46489 0
46533 0
46565 0
46590 0
46593 0
46595 0
46618 0
46619 0
46670 0
46673 0
46707 0
46756 0
46760 0
46761 0
46940 0
46955 0
47120 0
47193 0
47295 0
47314 0
47324 0
47365 0
47427 0
47455 0
47488 0
47499 0
47512 0
47577 0
47635 0
47636 0
47787 0
47793 0
47798 0
47810 0
47828 0
47877 0
47896 0
47919 0
47975 0
47998 0
48023 0
48095 0
48124 0
48132 0
48138 0
48148 0
48159 0
48213 0
48223 0
48259 0
48325 0
48399 0
48493 0
48511 0
48581 0
48622 0
48668 0
48690 0
48698 0
48703 0
48749 0
48832 0
49028 0
49032 0
49045 0
49117 0
49143 0
49150 0
49198 0
49279 0
49529 0
49559 0
49611 0
49688 0
49724 0
49733 0
49825 0
49861 0
49883 0
49901 0
49913 0
50036 0
50116 0
50145 0
50197 0
50216 0
50439 0
50602 0
50623 0
50740 0
50890 0
50926 0
50949 0
51031 0
51229 0
51281 0
51288 0
51306 0
51378 0
51413 0
51441 0
51536 0
51628 0
51659 0
51688 0
51694 0
51738 0
51739 0
51749 0
51754 0
51761 0
51769 0
51829 0
51888 0
51897 0
51902 0
52004 0
52069 0
52090 0
52119 0
52147 0
52155 0
52195 0
52238 0
52247 0
52253 0
52272 0
52458 0
52515 0
52582 0
52589 0
52661 0
52771 0
52788 0
52814 0
52890 0
52910 0
52938 0
52960 0
52964 0
52991 0
53012 0
53030 0
53040 0
53063 0
53070 0
53071 0
53096 0
53142 0
53223 0
53322 0
53334 0
53336 0
53339 0
53340 0
53370 0
53372 0
53390 0
53507 0
53521 0
53569 0
53703 0
53753 0
53768 0
53774 0
53815 0
53835 0
53838 0
53840 0
53861 0
53878 0
53879 0
53909 0
53919 0
53982 0
54071 0
54142 0
54150 0
54195 0
54208 0
54258 0
54418 0
54451 0
54485 0
54534 0
54691 0
54714 0
54753 0
54769 0
54838 0
54851 0
54866 0
54932 0
54938 0
54990 0
55007 0
55035 0
55057 0
55231 0
55257 0
55280 0
55342 0
55430 0
55447 0
55597 0
55607 0
55624 0
55662 0
55667 0
55709 0
55731 0
55765 0
55772 0
55800 0
55838 0
55947 0
55969 0
56043 0
56102 0
56141 0
56150 0
56169 0
56216 0
56232 0
56264 0
56268 0
56290 0
56352 0
56383 0
56466 0
56496 0
56540 0
56659 0
56691 0
56825 0
56843 0
56868 0
56870 0
56881 0
56900 0
56972 0
56975 0
56990 0
57008 0
57015 0
57059 0
57159 0
57163 0
57241 0
57302 0
57325 0
57330 0
57350 0
57368 0
57384 0
57419 0
57427 0
57600 0
57608 0
57665 0
57670 0
57708 0
57721 0
57834 0
57843 0
57998 0
58108 0
58231 0
58233 0
58240 0
58289 0
58333 0
58381 0
58459 0
58483 0
58491 0
58572 0
58595 0
58648 0
58683 0
58768 0
58861 0
58934 0
58938 0
58955 0
58983 0
58992 0
59054 0
59078 0
59143 0
59146 0
59181 0
59213 0
59253 0
59309 0
59367 0
59371 0
59375 0
59391 0
59538 0
59564 0
59610 0
59636 0
59682 0
59709 0
59713 0
59778 0
59794 0
59811 0
59860 0
59898 0
59979 0
60074 0
60140 0
60192 0
60242 0
60245 0
60397 0
60442 0
60498 0
60529 0
60608 0
60813 0
60901 0
60910 0
60930 0
60963 0
61035 0
61050 0
61124 0
61193 0
61240 0
61296 0
61364 0
61386 0
61394 0
61495 0
61504 0
61526 0
61544 0
61601 0
61679 0
61684 0
61695 0
61716 0
61748 0
61820 0
61865 0
61895 0
61914 0
61915 0
61931 0
61978 0
62106 0
62131 0
62167 0
62214 0
62267 0
62322 0
62324 0
62327 0
62397 0
62442 0
62664 0
62683 0
62689 0
62818 0
62824 0
62844 0
62980 0
63009 0
63072 0
63081 0
63171 0
63252 0
63337 0
63372 0
63377 0
63405 0
63414 0
63416 0
63446 0
63497 0
63592 0
63598 0
63612 0
63635 0
63716 0
63731 0
63781 0
63799 0
63807 0
63867 0
63873 0
63902 0
63921 0
63958 0
64010 0
64029 0
64031 0
64046 0
64119 0
64247 0
64347 0
64379 0
64399 0
64400 0
64714 0
64733 0
64747 0
64756 0
64831 0
64869 0
64872 0
64899 0
64971 0
64977 0
65031 0
65046 0
65057 0
65067 0
65076 0
65314 0
65390 0
65579 0
65658 0
65675 0
65695 0
65771 0
65798 0
65800 0
65845 0
65858 0
65878 0
65905 0
65906 0
65935 0
66017 0
66241 0
66274 0
66304 0
66422 0
66447 0
66506 0
66529 0
66665 0
66731 0
66749 0
66979 0
67106 0
67148 0
67241 0
67277 0
67301 0
67315 0
67475 0
67483 0
67692 0
67831 0
67907 0
67993 0
68087 0
68124 0
68203 0
68231 0
68272 0
68295 0
68352 0
68356 0
68387 0
68422 0
68508 0
68532 0
68538 0
68548 0
68590 0
68664 0
68694 0
68735 0
68835 0
68923 0
68992 0
69005 0
69037 0
69071 0
69121 0
69144 0
69179 0
69293 0
69395 0
69409 0
69444 0
69492 0
69613 0
69634 0
69762 0
69982 0
70030 0
70081 0
70087 0
70135 0
70220 0
70358 0
70364 0
70376 0
70396 0
70420 0
70432 0
70477 0
70536 0
70588 0
70657 0
70669 0
70703 0
70765 0
70772 0
70816 0
70900 0
70931 0
71067 0
71130 0
71171 0
71413 0
71438 0
71441 0
71491 0
71747 0
71816 0
71902 0
71924 0
72028 0
72167 0
72169 0
72267 0
72275 0
72279 0
72308 0
72388 0
72433 0
72478 0
72480 0
72489 0
72494 0
72514 0
72624 0
72630 0
72889 0
72959 0
72961 0
72975 0
72987 0
73026 0
73035 0
73117 0
73214 0
73308 0
73440 0
73471 0
73490 0
73514 0
73627 0
73651 0
73701 0
73730 0
73802 0
73816 0
73934 0
74012 0
74192 0
74195 0
74256 0
74304 0
74321 0
74324 0
74327 0
74358 0
74441 0
74490 0
74492 0
74542 0
74572 0
74612 0
74627 0
74711 0
74827 0
74836 0
74855 0
74964 0
74970 0
74978 0
74997 0
75054 0
75074 0
75091 0
75096 0
75110 0
75111 0
75133 0
75322 0
75426 0
75464 0
75496 0
75525 0
75584 0
75737 0
75780 0
75781 0
75800 0
75808 0
75825 0
75832 0
75842 0
76010 0
76051 0
76068 0
76101 0
76104 0
76123 0
76133 0
76334 0
76341 0
76429 0
76448 0
76543 0
76545 0
76570 0
76594 0
76628 0
76805 0
76808 0
76835 0
76857 0
76971 0
76979 0
76983 0
76989 0
77071 0
77072 0
77079 0
77154 0
77155 0
77181 0
77188 0
77200 0
77233 0
77304 0
77355 0
77418 0
77434 0
77552 0
77563 0
77736 0
77747 0
77769 0
77789 0
77807 0
77817 0
77841 0
77850 0
77860 0
77945 0
78052 0
78089 0
78090 0
78139 0
78192 0
78220 0
78243 0
78297 0
78309 0
78391 0
78424 0
78429 0
78490 0
78530 0
78601 0
78629 0
78775 0
78924 0
78954 0
78992 0
79003 0
79010 0
79027 0
79038 0
79039 0
79050 0
79096 0
79280 0
79313 0
79336 0
79449 0
79475 0
79580 0
79624 0
79723 0
79764 0
79874 0
79887 0
79915 0
79992 0
79998 0
80051 0
80130 0
80183 0
80196 0
80200 0
80225 0
80507 0
80535 0
80547 0
80572 0
80604 0
80621 0
80661 0
80681 0
80710 0
80721 0
80734 0
80776 0
80851 0
80852 0
80932 0
80943 0
80951 0
80963 0
80995 0
81017 0
81034 0
81212 0
81247 0
81270 0
81333 0
81355 0
81467 0
81495 0
81501 0
81524 0
81531 0
81604 0
81626 0
81643 0
81700 0
81710 0
81715 0
81717 0
81786 0
81814 0
81857 0
81865 0
81884 0
81898 0
81979 0
82066 0
82082 0
82159 0
82201 0
82220 0
82659 0
82762 0
82813 0
82819 0
82920 0
82975 0
82984 0
82995 0
83048 0
83069 0
83118 0
83125 0
83369 0
83443 0
83461 0
83570 0
83606 0
83607 0
83608 0
83630 0
83632 0
83696 0
83849 0
83851 0
83877 0
84018 0
84024 0
84075 0
84131 0
84234 0
84314 0
84377 0
84415 0
84449 0
84540 0
84566 0
84575 0
84629 0
84691 0
84705 0
84736 0
84797 0
84850 0
84881 0
84901 0
85065 0
85121 0
85132 0
85299 0
85386 0
85393 0
85440 0
85478 0
85491 0
85532 0
85567 0
85570 0
85585 0
85643 0
85676 0
85691 0
85815 0
85862 0
85866 0
85967 0
86014 0
86032 0
86035 0
86081 0
86105 0
86158 0
86214 0
86221 0
86240 0
86261 0
86289 0
86344 0
86398 0
86532 0
86539 0
86544 0
86554 0
86560 0
86628 0
86800 0
86805 0
86813 0
86823 0
86851 0
86890 0
86895 0
86949 0
87050 0
87073 0
87144 0
87145 0
87213 0
87283 0
87315 0
87407 0
87425 0
87616 0
87649 0
87735 0
87781 0
87830 0
87834 0
87877 0
87908 0
87932 0
87985 0
88027 0
88111 0
88115 0
88135 0
88142 0
88175 0
88209 0
88210 0
88259 0
88260 0
88265 0
88317 0
88329 0
88419 0
88455 0
88458 0
88520 0
88556 0
88570 0
88576 0
88584 0
88701 0
88771 0
88795 0
88832 0
88881 0
88890 0
88893 0
88926 0
89012 0
89039 0
89112 0
89161 0
89163 0
89176 0
89200 0
89285 0
89340 0
89377 0
89390 0
89526 0
89604 0
89622 0
89643 0
89686 0
89749 0
89754 0
89774 0
89783 0
89789 0
89829 0
89868 0
89881 0
89905 0
89920 0
89948 0
89983 0
90030 0
90150 0
90164 0
90183 0
90188 0
90195 0
90247 0
90321 0
90327 0
90344 0
90350 0
90370 0
90518 0
90589 0
90712 0
90786 0
90802 0
90875 0
90913 0
90966 0
90993 0
91027 0
91072 0
91083 0
91160 0
91167 0
91196 0
91197 0
91218 0
91252 0
91357 0
91443 0
91534 0
91700 0
91707 0
91827 0
91961 0
91962 0
92024 0
92028 0
92102 0
92109 0
92122 0
92130 0
92185 0
92189 0
92254 0
92271 0
92299 0
92307 0
92324 0
92368 0
92402 0
92422 0
92434 0
92455 0
92518 0
92637 0
92648 0
92667 0
92738 0
92770 0
92857 0
92858 0
92909 0
92911 0
92940 0
93008 0
93034 0
93155 0
93201 0
93222 0
93315 0
93327 0
93430 0
93442 0
93513 0
93528 0
93605 0
93633 0
93648 0
93704 0
93712 0
93744 0
93785 0
93793 0
93824 0
93835 0
93886 0
93986 0
94034 0
94103 0
94250 0
94308 0
94391 0
94404 0
94559 0
94570 0
94614 0
94753 0
94820 0
94845 0
94916 0
95038 0
95051 0
95064 0
95104 0
95217 0
95313 0
95331 0
95352 0
95376 0
95429 0
95461 0
95576 0
95730 0
95785 0
95870 0
95920 0
95924 0
95983 0
95989 0
96052 0
96083 0
96115 0
96118 0
96162 0
96235 0
96242 0
96398 0
96462 0
96478 0
96479 0
96488 0
96548 0
96590 0
96594 0
96721 0
96755 0
96812 0
96827 0
96868 0
96870 0
96911 0
97057 0
97076 0
97079 0
97131 0
97223 0
97238 0
97283 0
97355 0
97396 0
97419 0
97422 0
97425 0
97497 0
97504 0
97505 0
97602 0
97625 0
97636 0
97673 0
97713 0
97725 0
97752 0
97772 0
98001 0
98016 0
98065 0
98218 0
98284 0
98346 0
98387 0
98426 0
98430 0
98439 0
98533 0
98599 0
98634 0
98658 0
98665 0
98716 0
98807 0
98824 0
98845 0
98938 0
98976 0
99011 0
99012 0
99015 0
99018 0
99021 0
99058 0
99139 0
99159 0
99262 0
99268 0
99276 0
99284 0
99334 0
99419 0
99441 0
99501 0
99550 0
99576 0
99648 0
99660 0
99712 0
99746 0
99760 0
99772 0
99830 0
99854 0
99872 0
99905 0
99991 0
