c This is a uniform distributed  1-D DIMACS file 
c width height point_number
p 100000 100000 2048
5 0
43 0
77 0
91 0
102 0
146 0
148 0
171 0
192 0
376 0
414 0
424 0
448 0
472 0
478 0
479 0
482 0
650 0
691 0
695 0
698 0
796 0
813 0
822 0
825 0
856 0
859 0
880 0
904 0
1190 0
1210 0
1240 0
1302 0
1348 0
1511 0
1568 0
1589 0
1623 0
1649 0
1711 0
1722 0
1725 0
1894 0
1978 0
1990 0
1996 0
2060 0
2145 0
2182 0
2185 0
2204 0
2222 0
2224 0
2264 0
2382 0
2478 0
2516 0
2528 0
2554 0
2591 0
2596 0
2602 0
2639 0
2745 0
2760 0
2882 0
2915 0
2922 0
2943 0
3021 0
3041 0
3072 0
3079 0
3121 0
3194 0
3230 0
3255 0
3583 0
3607 0
3614 0
3636 0
3650 0
3714 0
3837 0
3903 0
3944 0
3989 0
4182 0
4235 0
4291 0
4330 0
4398 0
4452 0
4539 0
4584 0
4714 0
4769 0
4802 0
4832 0
4861 0
4866 0
4902 0
5028 0
5077 0
5083 0
5094 0
5176 0
5229 0
5409 0
5607 0
5708 0
5724 0
5769 0
5831 0
5863 0
5901 0
5947 0
5952 0
5961 0
6004 0
6105 0
6151 0
6231 0
6266 0
6318 0
6419 0
6552 0
6721 0
6752 0
6798 0
6810 0
6838 0
6969 0
7066 0
7224 0
7254 0
7267 0
7318 0
7452 0
7567 0
7584 0
7585 0
7737 0
7780 0
7807 0
7857 0
7875 0
7915 0
8115 0
8147 0
8158 0
8165 0
8179 0
8267 0
8325 0
8448 0
8488 0
8510 0
8653 0
8659 0
8687 0
8688 0
8808 0
8827 0
8849 0
8962 0
9111 0
9119 0
9186 0
9212 0
9272 0
9276 0
9311 0
9431 0
9469 0
9627 0
9723 0
9761 0
9822 0
9825 0
9837 0
9853 0
9948 0
10054 0
10055 0
10063 0
10174 0
10247 0
10284 0
10292 0
10298 0
10303 0
10388 0
10449 0
10459 0
10477 0
10581 0
10586 0
10643 0
10675 0
10826 0
10839 0
10843 0
10854 0
10926 0
11008 0
11013 0
11080 0
11113 0
11133 0
11136 0
11195 0
11239 0
11258 0
11325 0
11336 0
11705 0
11718 0
11736 0
11792 0
11823 0
11857 0
11912 0
11920 0
11982 0
12003 0
12101 0
12161 0
12283 0
12294 0
12310 0
12396 0
12417 0
12479 0
12574 0
12629 0
12672 0
12673 0
12727 0
12797 0
12849 0
12863 0
12920 0
12931 0
12944 0
12983 0
13018 0
13039 0
13094 0
13115 0
13147 0
13154 0
13158 0
13213 0
13227 0
13249 0
13336 0
13495 0
13573 0
13624 0
13641 0
13678 0
13688 0
13729 0
13840 0
13887 0
13969 0
13970 0
14041 0
14137 0
14175 0
14208 0
14314 0
14323 0
14355 0
14413 0
14432 0
14436 0
14564 0
14594 0
14614 0
14639 0
14670 0
14671 0
14704 0
14712 0
14719 0
14734 0
14769 0
14826 0
14889 0
14913 0
14919 0
14956 0
15002 0
15069 0
15148 0
15282 0
15348 0
15371 0
15391 0
15399 0
15504 0
15545 0
15605 0
15639 0
15718 0
15743 0
15763 0
15801 0
15863 0
15918 0
15935 0
15990 0
16094 0
16181 0
16189 0
16201 0
16308 0
16362 0
16371 0
16448 0
16456 0
16531 0
16581 0
16582 0
16588 0
16711 0
16772 0
16779 0
16873 0
16878 0
16919 0
16955 0
16966 0
17092 0
17104 0
17205 0
17229 0
17286 0
17298 0
17328 0
17437 0
17438 0
17519 0
17524 0
17636 0
17707 0
17729 0
17820 0
17841 0
17844 0
17966 0
18014 0
18256 0
18261 0
18342 0
18356 0
18368 0
18385 0
18390 0
18408 0
18470 0
18480 0
18491 0
18575 0
18588 0
18615 0
18686 0
18766 0
18798 0
18829 0
18832 0
18854 0
18891 0
18993 0
19028 0
19097 0
19157 0
19162 0
19163 0
19214 0
19234 0
19317 0
19403 0
19435 0
19472 0
19624 0
19650 0
19754 0
19756 0
19793 0
19814 0
19818 0
19847 0
19942 0
20093 0
20098 0
20128 0
20179 0
20183 0
20269 0
20280 0
20290 0
20303 0
20321 0
20389 0
20395 0
20397 0
20442 0
20481 0
20483 0
20494 0
20525 0
20566 0
20726 0
20732 0
20820 0
20849 0
20902 0
20908 0
21209 0
21226 0
21227 0
21235 0
21298 0
21345 0
21354 0
21386 0
21464 0
21482 0
21550 0
21554 0
21565 0
21574 0
21586 0
21656 0
21696 0
21760 0
21881 0
21957 0
21960 0
22087 0
22098 0
22166 0
22189 0
22274 0
22288 0
22300 0
22321 0
22323 0
22460 0
22462 0
22469 0
22506 0
22589 0
22645 0
22659 0
22685 0
22790 0
22835 0
22854 0
22870 0
22889 0
22892 0
22896 0
22902 0
22978 0
23005 0
23112 0
23113 0
23136 0
23168 0
23215 0
23275 0
23319 0
23442 0
23457 0
23466 0
23502 0
23510 0
23592 0
23608 0
23621 0
23632 0
23652 0
23659 0
23722 0
23800 0
23801 0
23908 0
23984 0
24076 0
24089 0
24107 0
24120 0
24137 0
24195 0
24249 0
24317 0
24335 0
24367 0
24425 0
24434 0
24455 0
24527 0
24610 0
24630 0
24755 0
24835 0
24855 0
24869 0
24872 0
24888 0
24915 0
24961 0
24982 0
24983 0
24987 0
25192 0
25213 0
25232 0
25265 0
25307 0
25324 0
25347 0
25426 0
25435 0
25438 0
25549 0
25608 0
25688 0
25747 0
25757 0
25798 0
25805 0
25950 0
26031 0
26050 0
26131 0
26275 0
26374 0
26387 0
26472 0
26481 0
26487 0
26505 0
26518 0
26551 0
26562 0
26580 0
26583 0
26606 0
26617 0
26633 0
26677 0
26716 0
26737 0
26746 0
26763 0
26859 0
26925 0
26971 0
26986 0
27032 0
27045 0
27154 0
27199 0
27279 0
27316 0
27317 0
27498 0
27609 0
27730 0
27772 0
27808 0
27843 0
27899 0
27979 0
27989 0
28114 0
28156 0
28192 0
28368 0
28443 0
28535 0
28572 0
28588 0
28713 0
28745 0
28777 0
28887 0
28963 0
29027 0
29196 0
29230 0
29280 0
29313 0
29345 0
29348 0
29364 0
29376 0
29455 0
29577 0
29585 0
29680 0
29709 0
29743 0
29750 0
29899 0
29948 0
29968 0
30040 0
30114 0
30154 0
30190 0
30230 0
30300 0
30388 0
30408 0
30462 0
30465 0
30479 0
30528 0
30533 0
30653 0
30682 0
30684 0
30697 0
30744 0
30749 0
30784 0
30791 0
30905 0
31001 0
31024 0
31069 0
31136 0
31171 0
31221 0
31228 0
31230 0
31232 0
31269 0
31290 0
31298 0
31336 0
31360 0
31392 0
31418 0
31438 0
31544 0
31621 0
31639 0
31688 0
31854 0
31864 0
31979 0
32018 0
32075 0
32206 0
32507 0
32535 0
32651 0
32653 0
32708 0
32710 0
32722 0
32812 0
32883 0
32936 0
32986 0
33039 0
33125 0
33165 0
33196 0
33359 0
33381 0
33537 0
33694 0
33712 0
33770 0
33779 0
33874 0
33922 0
33937 0
33983 0
33993 0
34022 0
34038 0
34088 0
34125 0
34131 0
34179 0
34244 0
34258 0
34285 0
34302 0
34310 0
34317 0
34318 0
34389 0
34490 0
34522 0
34572 0
34655 0
34665 0
34684 0
34705 0
34807 0
34813 0
34820 0
34885 0
34963 0
34993 0
35019 0
35022 0
35037 0
35057 0
35104 0
35105 0
35193 0
35254 0
35311 0
35315 0
35525 0
35553 0
35580 0
35587 0
35618 0
35740 0
35755 0
35764 0
35792 0
35848 0
35900 0
35907 0
36086 0
36146 0
36161 0
36182 0
36189 0
36208 0
36325 0
36337 0
36416 0
36455 0
36484 0
36524 0
36593 0
36649 0
36658 0
36671 0
36710 0
36878 0
36944 0
37002 0
37025 0
37030 0
37044 0
37126 0
37142 0
37205 0
37223 0
37248 0
37301 0
37306 0
37314 0
37370 0
37414 0
37430 0
37645 0
37667 0
37707 0
37742 0
37783 0
37788 0
37867 0
37960 0
38015 0
38095 0
38125 0
38206 0
38224 0
38228 0
38305 0
38309 0
38312 0
38333 0
38340 0
38350 0
38362 0
38373 0
38524 0
38613 0
38678 0
38728 0
38733 0
38800 0
38846 0
38986 0
38999 0
39078 0
39102 0
39111 0
39190 0
39193 0
39199 0
39306 0
39348 0
39352 0
39360 0
39361 0
39371 0
39401 0
39516 0
39608 0
39691 0
39703 0
39722 0
39876 0
39884 0
39889 0
39892 0
39906 0
39932 0
39977 0
40023 0
40081 0
40125 0
40213 0
40260 0
40270 0
40352 0
40375 0
40421 0
40470 0
40493 0
40509 0
40513 0
40548 0
40560 0
40569 0
40613 0
40634 0
40646 0
40668 0
40716 0
40755 0
40837 0
40922 0
40965 0
40986 0
41022 0
41082 0
41156 0
41191 0
41437 0
41514 0
41551 0
41563 0
41583 0
41596 0
41597 0
41694 0
41747 0
41748 0
41766 0
41844 0
41929 0
41946 0
41977 0
41998 0
42049 0
42167 0
42236 0
42384 0
42388 0
42441 0
42464 0
42469 0
42523 0
42586 0
42640 0
42644 0
42666 0
42698 0
42749 0
42789 0
42886 0
42893 0
42908 0
42942 0
42960 0
42987 0
43128 0
43240 0
43341 0
43349 0
43355 0
43426 0
43431 0
43433 0
43456 0
43466 0
43481 0
43608 0
43641 0
43758 0
43766 0
43842 0
43900 0
43922 0
44028 0
44090 0
44096 0
44126 0
44150 0
44185 0
44213 0
44239 0
44322 0
44333 0
44449 0
44505 0
44533 0
44550 0
44561 0
44632 0
44655 0
44663 0
44693 0
44709 0
44760 0
44787 0
44907 0
44952 0
45140 0
45147 0
45252 0
45335 0
45343 0
45376 0
45405 0
45446 0
45527 0
45555 0
45636 0
45689 0
45698 0
45791 0
45917 0
46062 0
46129 0
46150 0
46200 0
46216 0
46228 0
46256 0
46303 0
46371 0
46377 0
46445 0
46473 0
46490 0
46525 0
46556 0
46558 0
46610 0
46658 0
46723 0
46763 0
46771 0
46833 0
46878 0
46927 0
47051 0
47092 0
47297 0
47299 0
47341 0
47434 0
47451 0
47534 0
47596 0
47645 0
47676 0
47758 0
47768 0
47846 0
47869 0
47989 0
48051 0
48070 0
48078 0
48108 0
48138 0
48139 0
48231 0
48235 0
48294 0
48386 0
48409 0
48438 0
48461 0
48660 0
48679 0
48849 0
48942 0
48945 0
49005 0
49020 0
49028 0
49060 0
49072 0
49136 0
49147 0
49244 0
49263 0
49265 0
49293 0
49323 0
49366 0
49377 0
49447 0
49620 0
49629 0
49647 0
49715 0
49820 0
49832 0
49862 0
49916 0
49945 0
49959 0
50052 0
50064 0
50070 0
50255 0
50309 0
50343 0
50365 0
50377 0
50400 0
50410 0
50499 0
50536 0
50550 0
50564 0
50621 0
50638 0
50688 0
50800 0
50880 0
50890 0
50928 0
50968 0
50995 0
51041 0
51163 0
51174 0
51210 0
51211 0
51219 0
51335 0
51344 0
51397 0
51437 0
51482 0
51534 0
51586 0
51599 0
51603 0
51632 0
51803 0
51884 0
51924 0
51925 0
51953 0
52049 0
52054 0
52202 0
52225 0
52297 0
52321 0
52334 0
52377 0
52404 0
52467 0
52632 0
52794 0
52869 0
52974 0
53001 0
53071 0
53092 0
53111 0
53149 0
53162 0
53215 0
53233 0
53294 0
53340 0
53344 0
53354 0
53389 0
53390 0
53395 0
53408 0
53429 0
53464 0
53528 0
53529 0
53595 0
53611 0
53612 0
53652 0
53750 0
53889 0
53987 0
54076 0
54109 0
54304 0
54531 0
54605 0
54676 0
54727 0
54973 0
55125 0
55172 0
55244 0
55255 0
55272 0
55322 0
55347 0
55392 0
55410 0
55411 0
55422 0
55427 0
55469 0
55472 0
55499 0
55597 0
55623 0
55731 0
55795 0
55809 0
55831 0
55833 0
55893 0
55919 0
55954 0
56010 0
56043 0
56132 0
56196 0
56202 0
56217 0
56238 0
56293 0
56357 0
56382 0
56393 0
56412 0
56595 0
56686 0
56750 0
56808 0
56850 0
56851 0
56875 0
56939 0
56986 0
57078 0
57176 0
57181 0
57193 0
57205 0
57245 0
57275 0
57308 0
57366 0
57382 0
57385 0
57439 0
57461 0
57485 0
57498 0
57516 0
57533 0
57547 0
57603 0
57643 0
57653 0
57654 0
57662 0
57725 0
57758 0
57771 0
57867 0
58033 0
58098 0
58190 0
58338 0
58460 0
58521 0
58543 0
58556 0
58690 0
58737 0
58739 0
58801 0
58890 0
58941 0
58948 0
59112 0
59122 0
59127 0
59203 0
59204 0
59219 0
59265 0
59275 0
59284 0
59305 0
59318 0
59322 0
59323 0
59358 0
59454 0
59467 0
59484 0
59580 0
59611 0
59618 0
59709 0
59737 0
59755 0
59802 0
59872 0
59923 0
59992 0
60104 0
60127 0
60148 0
60162 0
60173 0
60376 0
60421 0
60473 0
60474 0
60502 0
60544 0
60585 0
60673 0
60689 0
60709 0
60781 0
60795 0
60802 0
60945 0
61078 0
61096 0
61114 0
61144 0
61229 0
61247 0
61395 0
61475 0
61577 0
61629 0
61646 0
61686 0
61736 0
61749 0
61752 0
61824 0
61833 0
61860 0
61880 0
61882 0
61893 0
61894 0
61907 0
61948 0
62008 0
62038 0
62146 0
62158 0
62278 0
62305 0
62309 0
62327 0
62354 0
62404 0
62450 0
62453 0
62524 0
62714 0
62769 0
62797 0
62838 0
62943 0
62947 0
63195 0
63358 0
63371 0
63373 0
63375 0
63439 0
63539 0
63552 0
63667 0
63785 0
63804 0
63845 0
64206 0
64272 0
64325 0
64328 0
64330 0
64352 0
64360 0
64531 0
64597 0
64607 0
64703 0
64708 0
64718 0
64722 0
64751 0
64772 0
64796 0
64898 0
64964 0
65057 0
65068 0
65127 0
65211 0
65256 0
65300 0
65307 0
65512 0
65563 0
65587 0
65677 0
65724 0
65804 0
65861 0
65864 0
65911 0
65950 0
65970 0
66129 0
66160 0
66170 0
66202 0
66226 0
66253 0
66259 0
66400 0
66460 0
66465 0
66473 0
66508 0
66622 0
66638 0
66734 0
66828 0
66878 0
66907 0
67067 0
67098 0
67149 0
67207 0
67451 0
67480 0
67484 0
67492 0
67493 0
67685 0
67853 0
67881 0
67961 0
68012 0
68025 0
68098 0
68138 0
68220 0
68223 0
68312 0
68371 0
68439 0
68461 0
68465 0
68524 0
68563 0
68567 0
68633 0
68701 0
68744 0
68789 0
68798 0
68809 0
68823 0
68867 0
69019 0
69033 0
69051 0
69068 0
69085 0
69223 0
69360 0
69511 0
69512 0
69536 0
69545 0
69573 0
69612 0
69623 0
69652 0
69670 0
69675 0
69690 0
69737 0
69819 0
69822 0
69849 0
69851 0
69858 0
69875 0
69893 0
69910 0
69980 0
70006 0
70039 0
70113 0
70210 0
70303 0
70337 0
70348 0
70359 0
70374 0
70375 0
70397 0
70549 0
70589 0
70595 0
70707 0
70747 0
70833 0
70845 0
70857 0
70883 0
70890 0
70906 0
70969 0
71011 0
71040 0
71065 0
71079 0
71312 0
71333 0
71367 0
71389 0
71438 0
71447 0
71513 0
71516 0
71523 0
71656 0
71799 0
71825 0
71827 0
71938 0
72262 0
72264 0
72402 0
72417 0
72430 0
72581 0
72629 0
72657 0
72696 0
72717 0
72775 0
72790 0
72799 0
72844 0
72875 0
72889 0
72910 0
72933 0
72980 0
73001 0
73064 0
73176 0
73195 0
73292 0
73359 0
73394 0
73447 0
73675 0
73765 0
73779 0
73901 0
73912 0
74089 0
74123 0
74173 0
74176 0
74185 0
74276 0
74320 0
74356 0
74474 0
74522 0
74535 0
74571 0
74605 0
74624 0
74715 0
74726 0
74732 0
74767 0
74778 0
74793 0
74817 0
74842 0
74987 0
75007 0
75029 0
75034 0
75062 0
75096 0
75130 0
75245 0
75270 0
75276 0
75320 0
75415 0
75559 0
75583 0
75629 0
75663 0
75685 0
75827 0
75915 0
75963 0
76039 0
76183 0
76337 0
76456 0
76471 0
76581 0
76618 0
76674 0
76688 0
76743 0
76778 0
76964 0
76979 0
76980 0
76981 0
77015 0
77054 0
77110 0
77243 0
77285 0
77304 0
77316 0
77411 0
77423 0
77424 0
77437 0
77482 0
77529 0
77562 0
77597 0
77628 0
77655 0
77698 0
77749 0
77937 0
77939 0
77968 0
78017 0
78098 0
78110 0
78153 0
78167 0
78203 0
78224 0
78280 0
78285 0
78430 0
78435 0
78524 0
78587 0
78635 0
78724 0
78751 0
78773 0
78860 0
78900 0
78912 0
78966 0
79120 0
79161 0
79195 0
79213 0
79228 0
79285 0
79349 0
79526 0
79533 0
79593 0
79616 0
79627 0
79791 0
79818 0
79856 0
79870 0
79885 0
79984 0
80119 0
80124 0
80169 0
80175 0
80310 0
80332 0
80350 0
80385 0
80433 0
80441 0
80585 0
80633 0
80675 0
80694 0
80702 0
80707 0
80711 0
80726 0
80767 0
80775 0
80821 0
80848 0
80864 0
80921 0
80945 0
81018 0
81033 0
81160 0
81227 0
81229 0
81233 0
81243 0
81272 0
81369 0
81408 0
81409 0
81461 0
81464 0
81504 0
81579 0
81666 0
81685 0
81804 0
81825 0
81834 0
81845 0
81994 0
82005 0
82039 0
82184 0
82195 0
82204 0
82222 0
82247 0
82251 0
82302 0
82371 0
82410 0
82417 0
82441 0
82470 0
82475 0
82517 0
82545 0
82575 0
82651 0
82707 0
82714 0
82716 0
82773 0
82803 0
82883 0
82967 0
82990 0
82995 0
83067 0
83090 0
83101 0
83105 0
83199 0
83269 0
83282 0
83299 0
83323 0
83346 0
83493 0
83538 0
83539 0
83546 0
83653 0
83680 0
83722 0
83802 0
83901 0
83921 0
83988 0
84053 0
84055 0
84073 0
84077 0
84087 0
84111 0
84164 0
84244 0
84350 0
84399 0
84497 0
84693 0
84750 0
84759 0
84792 0
84851 0
84879 0
84931 0
84949 0
84952 0
84993 0
85120 0
85147 0
85229 0
85266 0
85491 0
85649 0
85658 0
85763 0
85776 0
85812 0
85816 0
85830 0
85858 0
85993 0
86012 0
86043 0
86079 0
86097 0
86125 0
86268 0
86278 0
86350 0
86358 0
86394 0
86445 0
86466 0
86510 0
86658 0
86674 0
86818 0
86827 0
86844 0
86898 0
86901 0
86984 0
87019 0
87080 0
87166 0
87184 0
87224 0
87241 0
87317 0
87399 0
87444 0
87446 0
87449 0
87617 0
87700 0
87743 0
87785 0
87786 0
87822 0
87918 0
87985 0
88063 0
88167 0
88209 0
88216 0
88301 0
88334 0
88357 0
88421 0
88478 0
88495 0
88518 0
88519 0
88541 0
88645 0
88861 0
88867 0
88941 0
88982 0
88989 0
88992 0
89012 0
89020 0
89203 0
89204 0
89206 0
89223 0
89233 0
89410 0
89508 0
89556 0
89584 0
89594 0
89607 0
89628 0
89715 0
89755 0
89789 0
89793 0
89847 0
89858 0
89868 0
90055 0
90135 0
90233 0
90240 0
90269 0
90284 0
90331 0
90415 0
90511 0
90513 0
90560 0
90569 0
90588 0
90670 0
90718 0
90729 0
90769 0
90794 0
90795 0
90813 0
90819 0
90930 0
90991 0
90993 0
90996 0
91003 0
91005 0
91016 0
91063 0
91077 0
91097 0
91117 0
91163 0
91183 0
91222 0
91297 0
91337 0
91366 0
91492 0
91501 0
91507 0
91582 0
91584 0
91617 0
91708 0
91730 0
91837 0
91889 0
91933 0
91945 0
91971 0
91988 0
91998 0
92022 0
92023 0
92110 0
92124 0
92150 0
92160 0
92254 0
92346 0
92453 0
92465 0
92486 0
92501 0
92549 0
92573 0
92616 0
92670 0
92692 0
92766 0
92800 0
92925 0
92944 0
92952 0
92957 0
93054 0
93081 0
93102 0
93166 0
93190 0
93362 0
93428 0
93543 0
93614 0
93664 0
93802 0
93817 0
93828 0
93858 0
93957 0
93965 0
94010 0
94052 0
94111 0
94244 0
94279 0
94300 0
94340 0
94348 0
94365 0
94425 0
94473 0
94503 0
94531 0
94575 0
94590 0
94616 0
94665 0
94763 0
94791 0
94792 0
94865 0
94921 0
94983 0
95058 0
95088 0
95223 0
95296 0
95374 0
95454 0
95509 0
95559 0
95570 0
95607 0
95661 0
95724 0
95774 0
95787 0
95819 0
95888 0
96016 0
96020 0
96054 0
96098 0
96134 0
96286 0
96437 0
96443 0
96494 0
96519 0
96574 0
96732 0
96825 0
96872 0
96891 0
96894 0
96946 0
96968 0
96993 0
97052 0
97105 0
97150 0
97157 0
97215 0
97327 0
97347 0
97468 0
97717 0
97758 0
97761 0
97801 0
97814 0
97868 0
97965 0
97975 0
97982 0
98067 0
98078 0
98083 0
98108 0
98156 0
98160 0
98161 0
98197 0
98214 0
98353 0
98388 0
98464 0
98499 0
98515 0
98536 0
98549 0
98570 0
98588 0
98620 0
98844 0
98916 0
98956 0
99058 0
99111 0
99234 0
99238 0
99298 0
99338 0
99382 0
99396 0
99420 0
99440 0
99498 0
99546 0
99579 0
99678 0
99806 0
99821 0
99822 0
99846 0
99948 0
99982 0
99998 0
