c This is a uniform distributed  1-D DIMACS file 
c width height point_number
p 100000 100000 2048
85 0
122 0
133 0
140 0
182 0
197 0
199 0
286 0
298 0
344 0
437 0
467 0
485 0
705 0
809 0
847 0
944 0
949 0
1088 0
1253 0
1278 0
1324 0
1417 0
1515 0
1554 0
1568 0
1573 0
1772 0
1785 0
1835 0
2017 0
2132 0
2236 0
2256 0
2272 0
2276 0
2432 0
2461 0
2463 0
2493 0
2542 0
2652 0
2736 0
2773 0
2794 0
2843 0
2875 0
2946 0
3057 0
3094 0
3116 0
3144 0
3218 0
3246 0
3262 0
3310 0
3316 0
3373 0
3419 0
3478 0
3517 0
3535 0
3585 0
3586 0
3587 0
3622 0
3659 0
3683 0
3692 0
3756 0
3770 0
3824 0
3898 0
3923 0
3924 0
4045 0
4054 0
4107 0
4116 0
4228 0
4266 0
4322 0
4345 0
4388 0
4474 0
4487 0
4525 0
4604 0
4621 0
4773 0
4786 0
4860 0
4925 0
4996 0
5018 0
5083 0
5100 0
5106 0
5107 0
5138 0
5147 0
5192 0
5200 0
5211 0
5235 0
5253 0
5312 0
5340 0
5496 0
5505 0
5566 0
5657 0
5694 0
5720 0
5840 0
5901 0
5907 0
5917 0
5980 0
5982 0
6056 0
6070 0
6088 0
6133 0
6164 0
6189 0
6239 0
6369 0
6425 0
6430 0
6507 0
6518 0
6520 0
6599 0
6665 0
6762 0
6773 0
6797 0
6802 0
6879 0
7029 0
7064 0
7074 0
7153 0
7155 0
7156 0
7196 0
7215 0
7222 0
7252 0
7317 0
7327 0
7337 0
7357 0
7380 0
7413 0
7530 0
7535 0
7657 0
7764 0
7831 0
7850 0
7890 0
7919 0
7969 0
8076 0
8078 0
8080 0
8129 0
8206 0
8247 0
8325 0
8336 0
8338 0
8433 0
8475 0
8519 0
8681 0
8683 0
8699 0
8758 0
8786 0
8797 0
8836 0
8889 0
8919 0
8983 0
9077 0
9125 0
9141 0
9176 0
9183 0
9192 0
9194 0
9242 0
9474 0
9486 0
9491 0
9537 0
9564 0
9637 0
9687 0
9874 0
9921 0
9954 0
9961 0
9970 0
9997 0
10181 0
10222 0
10301 0
10315 0
10317 0
10351 0
10401 0
10447 0
10450 0
10469 0
10533 0
10604 0
10655 0
10680 0
10764 0
10778 0
10817 0
10820 0
10875 0
10930 0
10940 0
10950 0
11001 0
11036 0
11066 0
11126 0
11233 0
11245 0
11270 0
11388 0
11397 0
11423 0
11435 0
11462 0
11498 0
11507 0
11513 0
11573 0
11575 0
11614 0
11618 0
11750 0
11887 0
11914 0
11933 0
12022 0
12066 0
12237 0
12259 0
12340 0
12423 0
12424 0
12465 0
12513 0
12595 0
12612 0
12689 0
12735 0
12783 0
12826 0
12862 0
12864 0
12909 0
12930 0
12945 0
12959 0
12961 0
12969 0
13020 0
13038 0
13050 0
13236 0
13287 0
13288 0
13335 0
13344 0
13379 0
13444 0
13546 0
13676 0
13751 0
13853 0
13861 0
13873 0
13897 0
13967 0
13973 0
13977 0
14046 0
14050 0
14161 0
14171 0
14211 0
14212 0
14271 0
14350 0
14352 0
14404 0
14474 0
14500 0
14608 0
14670 0
14813 0
14871 0
14992 0
15075 0
15127 0
15218 0
15280 0
15288 0
15291 0
15354 0
15374 0
15438 0
15447 0
15503 0
15572 0
15633 0
15678 0
15680 0
15685 0
15700 0
15739 0
15796 0
15818 0
15967 0
15969 0
16035 0
16048 0
16103 0
16107 0
16110 0
16294 0
16361 0
16383 0
16443 0
16518 0
16520 0
16546 0
16553 0
16657 0
16671 0
16717 0
16726 0
16776 0
16781 0
16826 0
16830 0
16843 0
16995 0
17013 0
17132 0
17200 0
17229 0
17240 0
17250 0
17281 0
17333 0
17396 0
17442 0
17527 0
17569 0
17671 0
17673 0
17699 0
17714 0
17715 0
17736 0
17772 0
17791 0
17813 0
17959 0
17972 0
17983 0
18054 0
18072 0
18160 0
18178 0
18212 0
18240 0
18294 0
18321 0
18349 0
18462 0
18490 0
18536 0
18571 0
18685 0
18706 0
18711 0
18751 0
18757 0
18763 0
18830 0
18935 0
19058 0
19088 0
19103 0
19151 0
19166 0
19170 0
19198 0
19277 0
19312 0
19479 0
19487 0
19491 0
19570 0
19624 0
19802 0
19818 0
19897 0
19920 0
19979 0
20043 0
20065 0
20119 0
20131 0
20391 0
20478 0
20540 0
20579 0
20614 0
20670 0
20815 0
20874 0
20876 0
20888 0
20964 0
20984 0
21101 0
21224 0
21242 0
21292 0
21357 0
21419 0
21476 0
21527 0
21535 0
21546 0
21635 0
21678 0
21711 0
21743 0
21831 0
21878 0
21883 0
21884 0
21895 0
21981 0
22188 0
22229 0
22239 0
22242 0
22272 0
22361 0
22413 0
22824 0
22848 0
22884 0
22913 0
23080 0
23144 0
23146 0
23236 0
23240 0
23310 0
23348 0
23387 0
23469 0
23513 0
23536 0
23541 0
23551 0
23613 0
23629 0
23659 0
23751 0
23807 0
23831 0
23880 0
23931 0
23968 0
23989 0
24021 0
24029 0
24038 0
24043 0
24142 0
24250 0
24369 0
24388 0
24410 0
24466 0
24584 0
24595 0
24658 0
24660 0
24676 0
24707 0
24776 0
24804 0
24819 0
24846 0
24945 0
25018 0
25214 0
25248 0
25293 0
25324 0
25380 0
25384 0
25500 0
25504 0
25628 0
25640 0
25661 0
25662 0
25746 0
25787 0
25807 0
25903 0
25917 0
25938 0
26001 0
26182 0
26210 0
26276 0
26369 0
26379 0
26432 0
26573 0
26642 0
26684 0
26756 0
26784 0
26789 0
26873 0
26877 0
26890 0
26981 0
27073 0
27102 0
27148 0
27299 0
27313 0
27321 0
27363 0
27399 0
27440 0
27462 0
27475 0
27532 0
27569 0
27609 0
27622 0
27678 0
27800 0
27839 0
27971 0
27974 0
27975 0
28001 0
28200 0
28286 0
28314 0
28353 0
28358 0
28373 0
28575 0
28644 0
28662 0
28803 0
28869 0
28908 0
28952 0
29014 0
29064 0
29076 0
29190 0
29198 0
29231 0
29292 0
29294 0
29306 0
29315 0
29331 0
29358 0
29413 0
29435 0
29467 0
29508 0
29576 0
29583 0
29588 0
29778 0
29806 0
29900 0
29905 0
29929 0
29949 0
30004 0
30051 0
30054 0
30056 0
30057 0
30072 0
30136 0
30170 0
30367 0
30396 0
30423 0
30509 0
30531 0
30608 0
30615 0
30746 0
30754 0
30820 0
30839 0
30857 0
30910 0
31105 0
31215 0
31219 0
31258 0
31374 0
31457 0
31528 0
31531 0
31535 0
31544 0
31556 0
31683 0
31689 0
31690 0
31711 0
31723 0
31885 0
31948 0
32123 0
32247 0
32297 0
32305 0
32312 0
32364 0
32411 0
32432 0
32441 0
32512 0
32610 0
32686 0
32704 0
32736 0
32752 0
32786 0
32788 0
32838 0
32848 0
32851 0
32867 0
32903 0
33022 0
33108 0
33195 0
33275 0
33424 0
33425 0
33553 0
33572 0
33664 0
33687 0
33720 0
33917 0
33923 0
33970 0
34020 0
34049 0
34099 0
34272 0
34283 0
34341 0
34375 0
34415 0
34449 0
34454 0
34458 0
34533 0
34617 0
34643 0
34647 0
34683 0
34802 0
34804 0
34853 0
34967 0
34976 0
35003 0
35077 0
35102 0
35117 0
35174 0
35198 0
35209 0
35222 0
35224 0
35272 0
35420 0
35480 0
35495 0
35536 0
35556 0
35614 0
35634 0
35655 0
35674 0
35720 0
35873 0
35915 0
35990 0
36117 0
36129 0
36171 0
36248 0
36313 0
36315 0
36322 0
36324 0
36369 0
36377 0
36389 0
36398 0
36429 0
36460 0
36477 0
36588 0
36628 0
36707 0
36723 0
36726 0
36785 0
36822 0
36957 0
36992 0
37031 0
37058 0
37060 0
37176 0
37227 0
37265 0
37278 0
37365 0
37505 0
37591 0
37603 0
37644 0
37665 0
37689 0
37720 0
37761 0
37807 0
37924 0
37960 0
38117 0
38126 0
38141 0
38168 0
38252 0
38254 0
38277 0
38386 0
38395 0
38396 0
38401 0
38426 0
38493 0
38589 0
38636 0
38685 0
38763 0
38820 0
38836 0
38936 0
38953 0
39072 0
39125 0
39136 0
39147 0
39157 0
39172 0
39238 0
39358 0
39373 0
39474 0
39605 0
39644 0
39704 0
39707 0
39800 0
39833 0
39918 0
39931 0
39947 0
40050 0
40053 0
40126 0
40165 0
40240 0
40274 0
40316 0
40334 0
40343 0
40495 0
40499 0
40525 0
40550 0
40561 0
40569 0
40597 0
40669 0
40671 0
40695 0
40715 0
40724 0
40744 0
40766 0
40809 0
40819 0
40829 0
40863 0
40969 0
41003 0
41042 0
41150 0
41161 0
41195 0
41244 0
41286 0
41316 0
41319 0
41370 0
41439 0
41531 0
41650 0
41655 0
41674 0
41729 0
41825 0
41844 0
41857 0
41940 0
41997 0
42029 0
42079 0
42099 0
42149 0
42163 0
42182 0
42260 0
42294 0
42296 0
42332 0
42345 0
42370 0
42408 0
42461 0
42520 0
42534 0
42589 0
42598 0
42648 0
42677 0
42703 0
42748 0
42865 0
42973 0
43054 0
43072 0
43146 0
43269 0
43271 0
43290 0
43314 0
43422 0
43452 0
43468 0
43490 0
43501 0
43608 0
43609 0
43612 0
43735 0
43737 0
43938 0
43942 0
43948 0
43950 0
43994 0
44008 0
44060 0
44137 0
44227 0
44269 0
44358 0
44374 0
44382 0
44387 0
44413 0
44431 0
44529 0
44604 0
44634 0
44736 0
44779 0
44786 0
44794 0
44846 0
44914 0
44923 0
44979 0
44989 0
45160 0
45161 0
45276 0
45278 0
45292 0
45326 0
45364 0
45371 0
45383 0
45419 0
45459 0
45474 0
45495 0
45589 0
45778 0
45843 0
45957 0
45965 0
46034 0
46036 0
46079 0
46101 0
46123 0
46125 0
46172 0
46197 0
46224 0
46238 0
46245 0
46382 0
46409 0
46451 0
46473 0
46493 0
46498 0
46530 0
46534 0
46541 0
46665 0
46677 0
46738 0
46867 0
46978 0
46987 0
47002 0
47011 0
47118 0
47130 0
47159 0
47217 0
47439 0
47527 0
47533 0
47591 0
47640 0
47828 0
47835 0
47850 0
47865 0
47872 0
47895 0
47918 0
47938 0
47977 0
47984 0
48015 0
48133 0
48151 0
48265 0
48297 0
48339 0
48350 0
48362 0
48437 0
48505 0
48632 0
48814 0
48818 0
48830 0
48873 0
48876 0
48889 0
48985 0
49143 0
49221 0
49245 0
49274 0
49311 0
49315 0
49346 0
49470 0
49486 0
49498 0
49702 0
49753 0
49770 0
49814 0
49915 0
49940 0
50048 0
50051 0
50055 0
50152 0
50364 0
50391 0
50477 0
50532 0
50574 0
50688 0
50930 0
50946 0
50955 0
50991 0
51034 0
51050 0
51051 0
51053 0
51175 0
51244 0
51246 0
51250 0
51354 0
51484 0
51540 0
51668 0
51724 0
51778 0
51799 0
51822 0
51850 0
51950 0
51956 0
51958 0
52021 0
52125 0
52138 0
52160 0
52196 0
52299 0
52337 0
52355 0
52359 0
52380 0
52388 0
52465 0
52486 0
52575 0
52606 0
52666 0
52700 0
52733 0
52743 0
52781 0
52876 0
52878 0
52920 0
52933 0
52937 0
53045 0
53052 0
53066 0
53140 0
53162 0
53166 0
53176 0
53270 0
53337 0
53355 0
53356 0
53359 0
53483 0
53673 0
53712 0
53736 0
53792 0
53823 0
53825 0
53827 0
53863 0
53925 0
53941 0
54021 0
54201 0
54237 0
54356 0
54417 0
54540 0
54625 0
54638 0
54676 0
54738 0
54740 0
54745 0
54767 0
54774 0
54790 0
54804 0
54889 0
54894 0
54900 0
54960 0
55024 0
55134 0
55137 0
55155 0
55253 0
55309 0
55314 0
55343 0
55344 0
55400 0
55439 0
55463 0
55477 0
55517 0
55643 0
55658 0
55779 0
55893 0
55909 0
56000 0
56001 0
56128 0
56234 0
56298 0
56380 0
56415 0
56420 0
56520 0
56547 0
56563 0
56700 0
56702 0
56745 0
56849 0
56896 0
56940 0
57047 0
57081 0
57098 0
57159 0
57163 0
57228 0
57241 0
57243 0
57269 0
57548 0
57551 0
57576 0
57666 0
57821 0
57834 0
57846 0
57874 0
57894 0
57958 0
57980 0
58002 0
58039 0
58063 0
58093 0
58150 0
58190 0
58194 0
58208 0
58209 0
58380 0
58402 0
58430 0
58447 0
58531 0
58562 0
58598 0
58624 0
58664 0
58697 0
58716 0
58743 0
58852 0
58853 0
58894 0
58917 0
58965 0
58987 0
59099 0
59218 0
59238 0
59279 0
59313 0
59337 0
59353 0
59392 0
59443 0
59532 0
59539 0
59572 0
59589 0
59631 0
59653 0
59750 0
59774 0
59790 0
59838 0
59842 0
59931 0
59947 0
59965 0
59989 0
59998 0
60058 0
60088 0
60187 0
60209 0
60304 0
60344 0
60354 0
60374 0
60380 0
60420 0
60424 0
60452 0
60466 0
60503 0
60510 0
60527 0
60552 0
60616 0
60687 0
60698 0
60743 0
60754 0
60759 0
60840 0
60866 0
61025 0
61096 0
61130 0
61152 0
61315 0
61326 0
61333 0
61337 0
61384 0
61392 0
61412 0
61452 0
61499 0
61531 0
61537 0
61538 0
61539 0
61586 0
61629 0
61915 0
61918 0
61947 0
61962 0
62012 0
62037 0
62134 0
62195 0
62202 0
62203 0
62214 0
62323 0
62368 0
62411 0
62432 0
62514 0
62621 0
62630 0
62644 0
62657 0
62709 0
62751 0
62827 0
62845 0
62870 0
62899 0
62986 0
63137 0
63179 0
63192 0
63213 0
63242 0
63274 0
63295 0
63358 0
63371 0
63374 0
63387 0
63421 0
63435 0
63511 0
63523 0
63528 0
63537 0
63542 0
63591 0
63694 0
63801 0
63802 0
63872 0
63900 0
63905 0
64024 0
64044 0
64179 0
64197 0
64486 0
64549 0
64772 0
64819 0
64996 0
65004 0
65025 0
65035 0
65055 0
65107 0
65109 0
65110 0
65169 0
65224 0
65228 0
65245 0
65324 0
65332 0
65393 0
65466 0
65518 0
65519 0
65560 0
65563 0
65657 0
65692 0
65739 0
65743 0
65769 0
65969 0
66103 0
66132 0
66225 0
66327 0
66440 0
66461 0
66490 0
66547 0
66550 0
66558 0
66625 0
66665 0
66877 0
67019 0
67024 0
67036 0
67062 0
67064 0
67121 0
67283 0
67334 0
67360 0
67367 0
67423 0
67435 0
67463 0
67502 0
67525 0
67604 0
67758 0
67808 0
67878 0
67892 0
67961 0
67980 0
68057 0
68070 0
68074 0
68096 0
68101 0
68130 0
68135 0
68148 0
68150 0
68223 0
68255 0
68301 0
68392 0
68426 0
68480 0
68566 0
68582 0
68625 0
68717 0
68760 0
68792 0
68820 0
68895 0
68920 0
68954 0
69045 0
69128 0
69146 0
69290 0
69306 0
69335 0
69358 0
69513 0
69519 0
69526 0
69532 0
69637 0
69651 0
69691 0
69720 0
69741 0
69774 0
69801 0
69839 0
69870 0
69886 0
69896 0
69964 0
70011 0
70040 0
70104 0
70139 0
70296 0
70305 0
70358 0
70366 0
70534 0
70555 0
70605 0
70656 0
70796 0
70962 0
70979 0
71034 0
71160 0
71201 0
71315 0
71383 0
71402 0
71438 0
71493 0
71540 0
71587 0
71661 0
71690 0
71734 0
71850 0
71912 0
71950 0
71978 0
71983 0
72102 0
72137 0
72266 0
72286 0
72379 0
72382 0
72484 0
72615 0
72617 0
72697 0
72725 0
72735 0
72808 0
72860 0
72873 0
72935 0
72991 0
73005 0
73040 0
73047 0
73078 0
73104 0
73187 0
73240 0
73248 0
73319 0
73391 0
73450 0
73454 0
73496 0
73505 0
73516 0
73803 0
73850 0
73865 0
73956 0
73984 0
74022 0
74028 0
74054 0
74065 0
74066 0
74269 0
74332 0
74387 0
74469 0
74474 0
74529 0
74609 0
74831 0
74865 0
74892 0
74905 0
74909 0
74919 0
74925 0
74932 0
74984 0
75031 0
75056 0
75078 0
75170 0
75181 0
75223 0
75243 0
75265 0
75321 0
75331 0
75339 0
75392 0
75512 0
75517 0
75546 0
75621 0
75632 0
75697 0
75836 0
75848 0
75879 0
75927 0
75932 0
75952 0
76030 0
76057 0
76192 0
76278 0
76359 0
76478 0
76483 0
76513 0
76579 0
76631 0
76650 0
76731 0
76772 0
76839 0
76866 0
76870 0
76874 0
76878 0
76882 0
76926 0
76968 0
77019 0
77075 0
77077 0
77122 0
77132 0
77141 0
77155 0
77165 0
77166 0
77178 0
77186 0
77229 0
77233 0
77248 0
77308 0
77365 0
77440 0
77602 0
77752 0
77768 0
77813 0
77883 0
77958 0
77985 0
78052 0
78075 0
78088 0
78097 0
78396 0
78428 0
78453 0
78456 0
78466 0
78533 0
78589 0
78690 0
78701 0
78704 0
78713 0
78782 0
78788 0
78791 0
78799 0
78923 0
78943 0
78985 0
79035 0
79102 0
79282 0
79397 0
79402 0
79432 0
79476 0
79498 0
79531 0
79541 0
79585 0
79717 0
79949 0
80009 0
80029 0
80118 0
80122 0
80234 0
80237 0
80253 0
80275 0
80287 0
80347 0
80378 0
80417 0
80426 0
80432 0
80575 0
80608 0
80638 0
80645 0
80650 0
80684 0
80780 0
80879 0
80963 0
81032 0
81048 0
81050 0
81055 0
81113 0
81180 0
81183 0
81211 0
81324 0
81377 0
81426 0
81468 0
81537 0
81573 0
81667 0
81682 0
81692 0
81695 0
81716 0
81723 0
81780 0
81853 0
81873 0
82052 0
82115 0
82132 0
82159 0
82196 0
82210 0
82357 0
82368 0
82400 0
82430 0
82442 0
82446 0
82453 0
82501 0
82511 0
82535 0
82596 0
82611 0
82674 0
82690 0
82726 0
82775 0
82801 0
82849 0
82871 0
82892 0
82913 0
82980 0
83013 0
83103 0
83247 0
83277 0
83287 0
83292 0
83308 0
83367 0
83383 0
83498 0
83515 0
83598 0
83645 0
83702 0
83845 0
83961 0
83970 0
84048 0
84071 0
84153 0
84157 0
84218 0
84219 0
84229 0
84285 0
84287 0
84317 0
84418 0
84425 0
84447 0
84452 0
84522 0
84546 0
84581 0
84644 0
84669 0
84694 0
84721 0
84763 0
84765 0
84941 0
85020 0
85028 0
85037 0
85038 0
85099 0
85115 0
85265 0
85305 0
85307 0
85345 0
85386 0
85400 0
85654 0
85774 0
85931 0
85960 0
85970 0
86060 0
86193 0
86241 0
86474 0
86477 0
86618 0
86653 0
86656 0
86777 0
86790 0
86837 0
86894 0
86900 0
86972 0
87080 0
87087 0
87129 0
87204 0
87306 0
87318 0
87382 0
87407 0
87493 0
87562 0
87576 0
87604 0
87740 0
87782 0
87801 0
87809 0
87871 0
88006 0
88048 0
88214 0
88216 0
88271 0
88324 0
88339 0
88348 0
88357 0
88397 0
88435 0
88508 0
88541 0
88547 0
88586 0
88820 0
88848 0
88855 0
88862 0
88889 0
88986 0
89014 0
89150 0
89168 0
89312 0
89313 0
89342 0
89469 0
89524 0
89543 0
89678 0
89733 0
89775 0
89813 0
89929 0
89947 0
90012 0
90045 0
90137 0
90152 0
90207 0
90277 0
90278 0
90364 0
90492 0
90536 0
90571 0
90574 0
90594 0
90636 0
90760 0
90828 0
90833 0
90843 0
90864 0
90872 0
90899 0
90923 0
90935 0
90960 0
91027 0
91047 0
91147 0
91157 0
91289 0
91298 0
91558 0
91680 0
91777 0
91787 0
91871 0
92003 0
92127 0
92132 0
92191 0
92202 0
92379 0
92431 0
92448 0
92481 0
92485 0
92570 0
92627 0
92780 0
92781 0
92864 0
92893 0
92964 0
93111 0
93130 0
93144 0
93213 0
93275 0
93292 0
93308 0
93407 0
93503 0
93508 0
93520 0
93554 0
93574 0
93579 0
93711 0
93732 0
93752 0
93807 0
93811 0
93919 0
93925 0
94015 0
94095 0
94150 0
94151 0
94329 0
94358 0
94453 0
94468 0
94502 0
94545 0
94590 0
94609 0
94624 0
94625 0
94746 0
94752 0
94806 0
94832 0
94844 0
94884 0
94973 0
95084 0
95094 0
95114 0
95132 0
95167 0
95262 0
95383 0
95468 0
95585 0
95660 0
95718 0
95788 0
95806 0
95862 0
95999 0
96033 0
96103 0
96147 0
96148 0
96171 0
96174 0
96238 0
96258 0
96261 0
96315 0
96346 0
96418 0
96510 0
96527 0
96694 0
96701 0
96712 0
96729 0
96870 0
96884 0
96887 0
96993 0
97179 0
97210 0
97236 0
97339 0
97388 0
97447 0
97455 0
97471 0
97556 0
97573 0
97615 0
97624 0
97650 0
97773 0
97797 0
97810 0
97821 0
97850 0
97886 0
97906 0
97958 0
98044 0
98080 0
98085 0
98094 0
98152 0
98172 0
98232 0
98253 0
98277 0
98279 0
98295 0
98302 0
98405 0
98408 0
98590 0
98592 0
98603 0
98699 0
98702 0
98866 0
98906 0
98945 0
98952 0
98978 0
99021 0
99074 0
99080 0
99081 0
99083 0
99099 0
99132 0
99175 0
99304 0
99327 0
99366 0
99384 0
99483 0
99489 0
99536 0
99570 0
99604 0
99632 0
99647 0
99718 0
99762 0
99767 0
99768 0
99777 0
99812 0
99882 0
99943 0
