c This is a uniform distributed  1-D DIMACS file 
c width height point_number
p 100000 100000 2048
48 0
180 0
202 0
233 0
248 0
258 0
299 0
315 0
443 0
468 0
503 0
588 0
628 0
631 0
858 0
878 0
906 0
967 0
991 0
1024 0
1096 0
1099 0
1258 0
1283 0
1330 0
1332 0
1345 0
1381 0
1403 0
1429 0
1432 0
1491 0
1499 0
1522 0
1524 0
1587 0
1599 0
1606 0
1623 0
1837 0
1869 0
1950 0
1975 0
2124 0
2269 0
2343 0
2382 0
2435 0
2445 0
2510 0
2612 0
2666 0
2678 0
2834 0
2897 0
2911 0
3013 0
3066 0
3092 0
3128 0
3206 0
3331 0
3360 0
3376 0
3384 0
3434 0
3535 0
3618 0
3667 0
3724 0
3771 0
3851 0
3885 0
3910 0
3997 0
4061 0
4076 0
4096 0
4117 0
4138 0
4163 0
4173 0
4176 0
4217 0
4227 0
4260 0
4281 0
4413 0
4496 0
4517 0
4529 0
4564 0
4606 0
4659 0
4840 0
4841 0
4848 0
4872 0
4927 0
4936 0
4973 0
4985 0
5080 0
5109 0
5134 0
5160 0
5165 0
5213 0
5231 0
5264 0
5298 0
5345 0
5396 0
5480 0
5488 0
5627 0
5640 0
5789 0
6023 0
6063 0
6238 0
6257 0
6259 0
6365 0
6379 0
6479 0
6536 0
6555 0
6570 0
6595 0
6642 0
6730 0
6811 0
6823 0
6898 0
6901 0
6944 0
6961 0
7055 0
7091 0
7126 0
7260 0
7309 0
7365 0
7401 0
7415 0
7481 0
7515 0
7721 0
7792 0
7876 0
7884 0
7924 0
7952 0
8048 0
8125 0
8157 0
8160 0
8179 0
8186 0
8193 0
8196 0
8225 0
8345 0
8374 0
8409 0
8431 0
8503 0
8535 0
8583 0
8596 0
8645 0
8650 0
8666 0
8774 0
8846 0
8850 0
9030 0
9043 0
9096 0
9109 0
9127 0
9145 0
9163 0
9171 0
9172 0
9202 0
9214 0
9279 0
9350 0
9359 0
9446 0
9477 0
9501 0
9510 0
9554 0
9612 0
9721 0
9727 0
9738 0
10008 0
10030 0
10163 0
10170 0
10221 0
10229 0
10328 0
10377 0
10442 0
10463 0
10467 0
10677 0
10764 0
10783 0
10803 0
10869 0
10890 0
10921 0
10936 0
10982 0
10989 0
11022 0
11080 0
11137 0
11175 0
11358 0
11423 0
11457 0
11551 0
11585 0
11721 0
11777 0
11817 0
11866 0
11878 0
11965 0
11967 0
11996 0
12038 0
12082 0
12107 0
12187 0
12209 0
12285 0
12295 0
12430 0
12466 0
12648 0
12652 0
12718 0
12765 0
12922 0
12942 0
12945 0
13057 0
13063 0
13129 0
13201 0
13236 0
13301 0
13334 0
13409 0
13473 0
13480 0
13523 0
13562 0
13585 0
13615 0
13635 0
13760 0
13780 0
13826 0
13879 0
13951 0
14024 0
14056 0
14070 0
14155 0
14236 0
14238 0
14314 0
14418 0
14443 0
14479 0
14485 0
14494 0
14558 0
14680 0
14706 0
14750 0
14787 0
14789 0
14862 0
14884 0
14917 0
14992 0
14998 0
15035 0
15061 0
15068 0
15086 0
15117 0
15123 0
15125 0
15134 0
15173 0
15199 0
15213 0
15216 0
15267 0
15350 0
15353 0
15382 0
15424 0
15473 0
15476 0
15501 0
15568 0
15717 0
15732 0
15769 0
15817 0
15873 0
15885 0
15913 0
15934 0
15998 0
15999 0
16027 0
16211 0
16230 0
16361 0
16365 0
16424 0
16436 0
16441 0
16483 0
16509 0
16522 0
16574 0
16579 0
16711 0
16904 0
16935 0
16988 0
17011 0
17022 0
17026 0
17038 0
17091 0
17214 0
17240 0
17361 0
17365 0
17595 0
17809 0
17881 0
17889 0
17905 0
17926 0
17936 0
17978 0
18025 0
18054 0
18102 0
18175 0
18183 0
18187 0
18201 0
18240 0
18313 0
18316 0
18318 0
18386 0
18403 0
18452 0
18535 0
18571 0
18719 0
18807 0
18878 0
18909 0
18910 0
18928 0
18932 0
18948 0
18968 0
18982 0
19017 0
19044 0
19106 0
19159 0
19203 0
19239 0
19298 0
19318 0
19364 0
19368 0
19432 0
19456 0
19567 0
19571 0
19602 0
19625 0
19760 0
19884 0
20048 0
20075 0
20104 0
20107 0
20195 0
20254 0
20476 0
20525 0
20604 0
20671 0
20677 0
20721 0
20757 0
20764 0
20834 0
20897 0
21031 0
21034 0
21036 0
21051 0
21099 0
21121 0
21156 0
21180 0
21219 0
21383 0
21481 0
21536 0
21585 0
21666 0
21786 0
21828 0
21859 0
21863 0
21884 0
21949 0
21950 0
22054 0
22065 0
22125 0
22146 0
22173 0
22209 0
22218 0
22319 0
22353 0
22376 0
22407 0
22408 0
22429 0
22526 0
22550 0
22568 0
22594 0
22628 0
22654 0
22726 0
22734 0
22775 0
22848 0
22861 0
22901 0
22913 0
22951 0
23097 0
23118 0
23143 0
23214 0
23260 0
23292 0
23334 0
23338 0
23356 0
23399 0
23476 0
23508 0
23520 0
23614 0
23628 0
23702 0
23741 0
23801 0
23867 0
23870 0
23910 0
24029 0
24070 0
24120 0
24158 0
24177 0
24225 0
24256 0
24279 0
24332 0
24435 0
24448 0
24510 0
24527 0
24603 0
24676 0
24772 0
24783 0
24904 0
25019 0
25052 0
25075 0
25094 0
25110 0
25121 0
25128 0
25152 0
25227 0
25367 0
25387 0
25425 0
25452 0
25599 0
25736 0
25815 0
25849 0
25885 0
25997 0
26010 0
26012 0
26051 0
26111 0
26150 0
26153 0
26185 0
26214 0
26427 0
26461 0
26462 0
26557 0
26566 0
26574 0
26586 0
26685 0
26738 0
26808 0
26834 0
26926 0
26992 0
27145 0
27229 0
27246 0
27299 0
27391 0
27466 0
27494 0
27605 0
27628 0
27809 0
27825 0
27917 0
27928 0
27946 0
27968 0
27974 0
27984 0
28046 0
28084 0
28098 0
28218 0
28241 0
28344 0
28383 0
28399 0
28462 0
28527 0
28545 0
28549 0
28670 0
28760 0
28769 0
28792 0
28803 0
28806 0
28818 0
29004 0
29036 0
29146 0
29216 0
29230 0
29266 0
29408 0
29435 0
29502 0
29544 0
29608 0
29698 0
29703 0
29732 0
29786 0
29807 0
29862 0
29883 0
29940 0
29948 0
29981 0
29997 0
30050 0
30057 0
30068 0
30094 0
30095 0
30181 0
30209 0
30232 0
30264 0
30277 0
30361 0
30467 0
30528 0
30671 0
30676 0
30694 0
30826 0
30888 0
30977 0
30978 0
30991 0
31028 0
31057 0
31181 0
31191 0
31259 0
31276 0
31289 0
31363 0
31390 0
31481 0
31517 0
31649 0
31768 0
31822 0
31837 0
31903 0
31987 0
32076 0
32083 0
32109 0
32157 0
32260 0
32317 0
32360 0
32503 0
32529 0
32556 0
32594 0
32617 0
32687 0
32716 0
32764 0
32775 0
32900 0
33013 0
33035 0
33068 0
33117 0
33200 0
33223 0
33357 0
33367 0
33427 0
33428 0
33448 0
33451 0
33659 0
33671 0
33774 0
33808 0
33813 0
33930 0
33973 0
34086 0
34124 0
34260 0
34310 0
34428 0
34473 0
34478 0
34504 0
34510 0
34562 0
34620 0
34626 0
34650 0
34728 0
34729 0
34851 0
34879 0
34952 0
34982 0
34990 0
34993 0
35009 0
35120 0
35131 0
35241 0
35249 0
35393 0
35437 0
35495 0
35540 0
35557 0
35574 0
35584 0
35594 0
35807 0
35883 0
36025 0
36058 0
36079 0
36101 0
36176 0
36193 0
36247 0
36250 0
36273 0
36307 0
36352 0
36371 0
36412 0
36417 0
36423 0
36459 0
36474 0
36519 0
36573 0
36627 0
36714 0
36740 0
36797 0
36814 0
36843 0
36845 0
36862 0
36883 0
36960 0
36989 0
37041 0
37127 0
37148 0
37207 0
37269 0
37287 0
37288 0
37297 0
37556 0
37560 0
37565 0
37585 0
37594 0
37644 0
37703 0
37732 0
37780 0
37865 0
37872 0
37907 0
37978 0
38045 0
38082 0
38118 0
38155 0
38215 0
38234 0
38255 0
38310 0
38388 0
38427 0
38473 0
38521 0
38545 0
38607 0
38633 0
38645 0
38839 0
38875 0
38970 0
38979 0
39042 0
39137 0
39178 0
39298 0
39448 0
39476 0
39505 0
39548 0
39579 0
39676 0
39686 0
39747 0
39752 0
39781 0
40030 0
40058 0
40123 0
40166 0
40206 0
40334 0
40341 0
40349 0
40435 0
40509 0
40540 0
40690 0
40720 0
40763 0
40829 0
40886 0
40938 0
41041 0
41047 0
41118 0
41214 0
41216 0
41218 0
41249 0
41388 0
41445 0
41459 0
41466 0
41494 0
41510 0
41588 0
41633 0
41711 0
41754 0
41759 0
41797 0
41897 0
41898 0
41909 0
41948 0
42054 0
42084 0
42136 0
42273 0
42307 0
42359 0
42383 0
42411 0
42514 0
42533 0
42612 0
42714 0
42774 0
42808 0
42962 0
42964 0
42976 0
42985 0
43035 0
43139 0
43176 0
43177 0
43197 0
43268 0
43279 0
43292 0
43301 0
43347 0
43356 0
43487 0
43521 0
43592 0
43620 0
43624 0
43642 0
43842 0
43854 0
43916 0
43938 0
43942 0
43957 0
43974 0
44100 0
44143 0
44162 0
44175 0
44183 0
44305 0
44347 0
44373 0
44408 0
44414 0
44423 0
44484 0
44535 0
44637 0
44674 0
44757 0
44824 0
44825 0
45093 0
45098 0
45107 0
45123 0
45129 0
45134 0
45140 0
45141 0
45143 0
45149 0
45164 0
45187 0
45189 0
45226 0
45243 0
45324 0
45349 0
45357 0
45405 0
45537 0
45586 0
45600 0
45603 0
45611 0
45621 0
45657 0
45662 0
45816 0
45832 0
45886 0
45985 0
46043 0
46090 0
46148 0
46234 0
46248 0
46396 0
46401 0
46422 0
46446 0
46490 0
46506 0
46763 0
46781 0
46819 0
46975 0
47034 0
47051 0
47108 0
47109 0
47133 0
47235 0
47294 0
47333 0
47335 0
47410 0
47421 0
47488 0
47636 0
47687 0
47722 0
47769 0
47786 0
47787 0
47825 0
47875 0
47878 0
48128 0
48201 0
48372 0
48443 0
48501 0
48545 0
48599 0
48619 0
48635 0
48655 0
48669 0
48675 0
48676 0
48696 0
48743 0
48823 0
48878 0
49087 0
49115 0
49189 0
49198 0
49236 0
49273 0
49295 0
49320 0
49419 0
49427 0
49435 0
49439 0
49446 0
49459 0
49570 0
49607 0
49726 0
49783 0
49789 0
49791 0
49853 0
49958 0
50063 0
50105 0
50113 0
50187 0
50279 0
50301 0
50319 0
50360 0
50366 0
50389 0
50459 0
50496 0
50568 0
50599 0
50663 0
50676 0
50694 0
50706 0
50711 0
50740 0
50745 0
50757 0
50816 0
50840 0
50844 0
50979 0
50984 0
50996 0
51053 0
51091 0
51166 0
51183 0
51209 0
51250 0
51280 0
51299 0
51428 0
51473 0
51590 0
51611 0
51620 0
51631 0
51689 0
51703 0
51782 0
51824 0
51835 0
51869 0
51940 0
51942 0
52038 0
52052 0
52128 0
52135 0
52184 0
52192 0
52225 0
52241 0
52334 0
52340 0
52421 0
52426 0
52432 0
52477 0
52539 0
52542 0
52543 0
52603 0
52620 0
52639 0
52682 0
52694 0
52756 0
52759 0
52870 0
52993 0
53050 0
53117 0
53159 0
53177 0
53178 0
53199 0
53207 0
53216 0
53237 0
53244 0
53253 0
53405 0
53409 0
53418 0
53425 0
53479 0
53633 0
53634 0
53681 0
53687 0
53697 0
53766 0
53857 0
53952 0
53966 0
53984 0
54040 0
54180 0
54202 0
54208 0
54305 0
54350 0
54407 0
54448 0
54456 0
54533 0
54665 0
54735 0
54803 0
54856 0
54860 0
54876 0
54879 0
54888 0
54894 0
54905 0
54912 0
54928 0
54993 0
55009 0
55019 0
55039 0
55056 0
55085 0
55094 0
55097 0
55115 0
55157 0
55268 0
55309 0
55313 0
55380 0
55384 0
55397 0
55410 0
55427 0
55434 0
55462 0
55473 0
55600 0
55630 0
55681 0
55719 0
55770 0
55810 0
55886 0
55887 0
55921 0
55974 0
55980 0
56061 0
56240 0
56309 0
56339 0
56488 0
56544 0
56549 0
56552 0
56599 0
56600 0
56678 0
56735 0
56896 0
56916 0
56949 0
56957 0
57010 0
57011 0
57105 0
57109 0
57131 0
57227 0
57343 0
57371 0
57375 0
57376 0
57430 0
57433 0
57437 0
57463 0
57537 0
57549 0
57560 0
57626 0
57705 0
57732 0
57753 0
57764 0
57778 0
57788 0
57847 0
57869 0
57916 0
58076 0
58084 0
58156 0
58228 0
58255 0
58295 0
58359 0
58427 0
58433 0
58436 0
58462 0
58465 0
58526 0
58659 0
58778 0
58790 0
58861 0
58874 0
58885 0
58894 0
58956 0
58970 0
58985 0
59062 0
59066 0
59089 0
59094 0
59188 0
59190 0
59485 0
59511 0
59664 0
59691 0
59697 0
59700 0
59708 0
59724 0
59774 0
59778 0
59811 0
59837 0
59888 0
59963 0
59990 0
60065 0
60128 0
60141 0
60149 0
60212 0
60261 0
60269 0
60325 0
60348 0
60356 0
60459 0
60467 0
60470 0
60558 0
60682 0
60701 0
60727 0
60838 0
60904 0
60964 0
60990 0
61023 0
61083 0
61117 0
61129 0
61191 0
61291 0
61422 0
61489 0
61513 0
61553 0
61604 0
61624 0
61676 0
61730 0
61759 0
61774 0
61829 0
61837 0
61894 0
61910 0
61933 0
61970 0
61973 0
61975 0
62044 0
62119 0
62150 0
62221 0
62241 0
62274 0
62329 0
62336 0
62400 0
62436 0
62449 0
62512 0
62524 0
62588 0
62744 0
62820 0
62858 0
62884 0
62904 0
62916 0
62976 0
63065 0
63092 0
63134 0
63151 0
63166 0
63188 0
63258 0
63279 0
63294 0
63296 0
63344 0
63384 0
63388 0
63497 0
63581 0
63583 0
63657 0
63775 0
63932 0
63938 0
64028 0
64163 0
64260 0
64503 0
64599 0
64601 0
64649 0
64707 0
64769 0
64804 0
64819 0
64837 0
64851 0
64858 0
64875 0
64960 0
64970 0
64998 0
65009 0
65174 0
65179 0
65192 0
65241 0
65258 0
65277 0
65279 0
65334 0
65393 0
65408 0
65412 0
65464 0
65467 0
65484 0
65559 0
65598 0
65643 0
65681 0
65687 0
65692 0
65707 0
65839 0
65856 0
65928 0
65932 0
65974 0
66041 0
66049 0
66205 0
66232 0
66251 0
66414 0
66452 0
66461 0
66486 0
66524 0
66578 0
66625 0
66664 0
66726 0
66925 0
67260 0
67308 0
67345 0
67367 0
67460 0
67556 0
67614 0
67623 0
67683 0
67690 0
67703 0
67713 0
67780 0
67783 0
67838 0
67881 0
67951 0
67981 0
68007 0
68105 0
68239 0
68260 0
68293 0
68308 0
68318 0
68325 0
68492 0
68535 0
68655 0
68705 0
68737 0
68743 0
68919 0
69001 0
69140 0
69162 0
69187 0
69195 0
69204 0
69252 0
69427 0
69457 0
69470 0
69566 0
69609 0
69694 0
69745 0
69776 0
69791 0
69922 0
69945 0
69961 0
69981 0
70034 0
70085 0
70123 0
70219 0
70237 0
70256 0
70288 0
70371 0
70518 0
70657 0
70667 0
70678 0
70742 0
70845 0
70861 0
70896 0
70900 0
70971 0
71019 0
71049 0
71083 0
71170 0
71176 0
71193 0
71223 0
71236 0
71277 0
71282 0
71318 0
71393 0
71485 0
71684 0
71818 0
71856 0
71997 0
71999 0
72016 0
72035 0
72038 0
72173 0
72185 0
72236 0
72271 0
72290 0
72350 0
72471 0
72507 0
72535 0
72583 0
72596 0
72630 0
72641 0
72672 0
72702 0
72817 0
72854 0
72858 0
72860 0
72900 0
72937 0
72946 0
72980 0
73073 0
73085 0
73093 0
73112 0
73229 0
73252 0
73331 0
73362 0
73457 0
73470 0
73506 0
73542 0
73569 0
73582 0
73602 0
73621 0
73682 0
73740 0
73802 0
73876 0
73886 0
73931 0
73989 0
74032 0
74046 0
74048 0
74075 0
74123 0
74185 0
74202 0
74224 0
74245 0
74365 0
74401 0
74449 0
74458 0
74463 0
74578 0
74584 0
74621 0
74724 0
74734 0
74794 0
74844 0
75046 0
75140 0
75227 0
75350 0
75372 0
75376 0
75435 0
75455 0
75480 0
75506 0
75526 0
75559 0
75579 0
75608 0
75670 0
75672 0
75695 0
75703 0
75824 0
75854 0
75903 0
75954 0
75971 0
76031 0
76043 0
76077 0
76395 0
76397 0
76404 0
76572 0
76676 0
76704 0
76752 0
76772 0
76874 0
76989 0
77039 0
77087 0
77171 0
77248 0
77265 0
77311 0
77315 0
77351 0
77399 0
77424 0
77466 0
77490 0
77494 0
77500 0
77505 0
77545 0
77660 0
77829 0
77914 0
77924 0
77940 0
78055 0
78073 0
78074 0
78107 0
78166 0
78262 0
78272 0
78359 0
78426 0
78482 0
78503 0
78520 0
78533 0
78559 0
78568 0
78579 0
78589 0
78637 0
78673 0
78707 0
78791 0
78831 0
78932 0
78982 0
79006 0
79033 0
79068 0
79097 0
79171 0
79184 0
79237 0
79257 0
79376 0
79455 0
79465 0
79521 0
79593 0
79628 0
79629 0
79655 0
79785 0
79844 0
79849 0
79872 0
79880 0
79922 0
80022 0
80169 0
80191 0
80242 0
80282 0
80299 0
80364 0
80383 0
80489 0
80573 0
80616 0
80636 0
80683 0
80716 0
80848 0
80973 0
81029 0
81042 0
81068 0
81139 0
81208 0
81330 0
81429 0
81499 0
81501 0
81504 0
81540 0
81555 0
81592 0
81660 0
81787 0
81816 0
82050 0
82087 0
82166 0
82407 0
82444 0
82449 0
82483 0
82596 0
82664 0
82669 0
82681 0
82734 0
82756 0
82818 0
82950 0
82981 0
83009 0
83013 0
83044 0
83067 0
83094 0
83115 0
83193 0
83291 0
83468 0
83480 0
83536 0
83612 0
83657 0
83663 0
83672 0
83712 0
83720 0
83794 0
83800 0
83935 0
83946 0
83966 0
83973 0
84250 0
84313 0
84344 0
84369 0
84375 0
84460 0
84469 0
84511 0
84595 0
84625 0
84696 0
84762 0
84778 0
84907 0
84968 0
85067 0
85078 0
85096 0
85097 0
85153 0
85164 0
85264 0
85309 0
85353 0
85395 0
85485 0
85507 0
85570 0
85593 0
85594 0
85601 0
85624 0
85665 0
85756 0
85819 0
85882 0
86033 0
86131 0
86134 0
86150 0
86179 0
86218 0
86393 0
86410 0
86448 0
86450 0
86528 0
86569 0
86620 0
86734 0
86748 0
86797 0
86929 0
86951 0
86989 0
87005 0
87048 0
87065 0
87160 0
87190 0
87284 0
87378 0
87429 0
87435 0
87470 0
87510 0
87662 0
87690 0
87709 0
87721 0
87807 0
87874 0
87912 0
87947 0
87999 0
88054 0
88157 0
88230 0
88238 0
88297 0
88346 0
88348 0
88366 0
88370 0
88394 0
88438 0
88472 0
88543 0
88547 0
88557 0
88569 0
88570 0
88579 0
88645 0
88738 0
88788 0
88801 0
88891 0
88893 0
88897 0
88899 0
88986 0
89009 0
89014 0
89024 0
89049 0
89069 0
89102 0
89136 0
89177 0
89182 0
89203 0
89351 0
89364 0
89435 0
89459 0
89468 0
89511 0
89525 0
89552 0
89684 0
89696 0
89741 0
89770 0
89788 0
89809 0
89895 0
89912 0
89915 0
89926 0
89935 0
89969 0
90142 0
90171 0
90207 0
90246 0
90322 0
90398 0
90514 0
90531 0
90637 0
90662 0
90733 0
90893 0
91067 0
91070 0
91087 0
91149 0
91214 0
91317 0
91326 0
91347 0
91406 0
91416 0
91454 0
91456 0
91584 0
91647 0
91660 0
91666 0
91678 0
91751 0
91820 0
91836 0
91872 0
91967 0
91995 0
92043 0
92074 0
92159 0
92220 0
92243 0
92346 0
92348 0
92349 0
92415 0
92433 0
92434 0
92437 0
92468 0
92481 0
92590 0
92638 0
92759 0
92837 0
92870 0
92926 0
92974 0
92984 0
93003 0
93018 0
93055 0
93116 0
93126 0
93129 0
93143 0
93222 0
93234 0
93272 0
93275 0
93290 0
93347 0
93474 0
93522 0
93666 0
93744 0
93777 0
93811 0
93863 0
93941 0
94000 0
94103 0
94336 0
94397 0
94453 0
94510 0
94516 0
94527 0
94559 0
94587 0
94595 0
94628 0
94702 0
94856 0
94897 0
95034 0
95042 0
95119 0
95245 0
95249 0
95275 0
95282 0
95286 0
95360 0
95372 0
95497 0
95508 0
95518 0
95526 0
95533 0
95582 0
95603 0
95634 0
95635 0
95685 0
95791 0
95875 0
95940 0
96057 0
96096 0
96164 0
96212 0
96293 0
96412 0
96447 0
96456 0
96488 0
96526 0
96548 0
96551 0
96625 0
96753 0
96802 0
96823 0
96941 0
96967 0
97006 0
97025 0
97037 0
97070 0
97131 0
97311 0
97339 0
97356 0
97412 0
97424 0
97652 0
97717 0
97727 0
97734 0
97773 0
97808 0
97826 0
97962 0
98015 0
98051 0
98141 0
98175 0
98253 0
98286 0
98309 0
98354 0
98419 0
98717 0
98722 0
98739 0
98746 0
98760 0
98815 0
98912 0
98994 0
99009 0
99099 0
99206 0
99351 0
99362 0
99378 0
99474 0
99494 0
99514 0
99552 0
99578 0
99591 0
99660 0
99671 0
99706 0
99857 0
99919 0
