c This is a uniform distributed  1-D DIMACS file 
c width height point_number
p 100000 100000 2048
248 0
275 0
317 0
358 0
368 0
417 0
426 0
452 0
637 0
665 0
678 0
770 0
850 0
941 0
963 0
1033 0
1120 0
1236 0
1263 0
1283 0
1387 0
1396 0
1409 0
1449 0
1474 0
1484 0
1532 0
1543 0
1555 0
1578 0
1606 0
1693 0
1716 0
1785 0
1804 0
1898 0
1901 0
1904 0
2005 0
2034 0
2037 0
2052 0
2071 0
2093 0
2225 0
2273 0
2304 0
2389 0
2490 0
2531 0
2556 0
2565 0
2586 0
2598 0
2608 0
2634 0
2675 0
2748 0
2767 0
2768 0
2815 0
2837 0
2927 0
2946 0
2993 0
3033 0
3038 0
3043 0
3096 0
3127 0
3139 0
3148 0
3194 0
3308 0
3329 0
3382 0
3402 0
3426 0
3463 0
3466 0
3481 0
3577 0
3600 0
3770 0
3839 0
3855 0
3883 0
3939 0
4047 0
4056 0
4063 0
4129 0
4249 0
4305 0
4475 0
4528 0
4561 0
4608 0
4631 0
4657 0
4660 0
4703 0
4801 0
4806 0
4904 0
4933 0
5029 0
5155 0
5208 0
5274 0
5292 0
5333 0
5390 0
5406 0
5453 0
5508 0
5582 0
5600 0
5603 0
5676 0
5703 0
5756 0
5869 0
5880 0
5891 0
5948 0
6069 0
6122 0
6399 0
6405 0
6514 0
6531 0
6578 0
6665 0
6671 0
6695 0
6739 0
6809 0
6833 0
6858 0
6860 0
6939 0
6960 0
7000 0
7008 0
7083 0
7092 0
7121 0
7144 0
7217 0
7440 0
7510 0
7578 0
7645 0
7678 0
7713 0
7793 0
7831 0
7941 0
7980 0
8113 0
8211 0
8215 0
8248 0
8302 0
8386 0
8395 0
8438 0
8566 0
8647 0
8656 0
8715 0
8730 0
8800 0
8843 0
8855 0
8878 0
8906 0
8932 0
8949 0
8972 0
9123 0
9152 0
9178 0
9189 0
9305 0
9314 0
9339 0
9367 0
9416 0
9424 0
9474 0
9505 0
9509 0
9511 0
9567 0
9569 0
9577 0
9585 0
9601 0
9605 0
9648 0
9799 0
9844 0
9952 0
9989 0
9995 0
10029 0
10108 0
10189 0
10279 0
10298 0
10328 0
10431 0
10434 0
10501 0
10592 0
10702 0
10780 0
10794 0
10799 0
10873 0
10941 0
10968 0
11039 0
11102 0
11115 0
11167 0
11194 0
11291 0
11323 0
11342 0
11481 0
11497 0
11503 0
11520 0
11550 0
11564 0
11578 0
11623 0
11635 0
11648 0
11662 0
11687 0
11697 0
11732 0
11785 0
11814 0
11859 0
11865 0
11994 0
12019 0
12094 0
12128 0
12138 0
12202 0
12230 0
12273 0
12397 0
12531 0
12574 0
12586 0
12618 0
12709 0
12875 0
12939 0
13018 0
13070 0
13188 0
13238 0
13262 0
13271 0
13283 0
13314 0
13334 0
13352 0
13436 0
13442 0
13468 0
13508 0
13576 0
13620 0
13623 0
13780 0
13901 0
13921 0
13954 0
14020 0
14151 0
14154 0
14177 0
14194 0
14329 0
14504 0
14571 0
14632 0
14714 0
14755 0
14779 0
14804 0
14818 0
14918 0
14984 0
15069 0
15076 0
15127 0
15178 0
15337 0
15493 0
15506 0
15520 0
15607 0
15614 0
15649 0
15707 0
15780 0
15801 0
15816 0
15961 0
15968 0
15978 0
16013 0
16041 0
16208 0
16357 0
16372 0
16390 0
16404 0
16449 0
16481 0
16523 0
16688 0
16705 0
16728 0
16786 0
16793 0
16800 0
16803 0
16880 0
16926 0
16980 0
16987 0
17005 0
17049 0
17161 0
17187 0
17234 0
17236 0
17255 0
17271 0
17320 0
17436 0
17541 0
17543 0
17566 0
17589 0
17667 0
17694 0
17736 0
17752 0
17765 0
17826 0
17838 0
17842 0
17880 0
17882 0
17912 0
17917 0
17940 0
17958 0
17997 0
17999 0
18003 0
18050 0
18083 0
18091 0
18145 0
18159 0
18246 0
18298 0
18318 0
18321 0
18374 0
18388 0
18483 0
18517 0
18551 0
18589 0
18613 0
18617 0
18631 0
18705 0
18725 0
18732 0
18783 0
18789 0
18805 0
18815 0
18839 0
18872 0
18923 0
19104 0
19176 0
19216 0
19237 0
19261 0
19267 0
19294 0
19349 0
19508 0
19547 0
19560 0
19586 0
19615 0
19660 0
19727 0
19737 0
19820 0
19824 0
19885 0
19888 0
20018 0
20086 0
20128 0
20140 0
20171 0
20208 0
20244 0
20267 0
20277 0
20308 0
20373 0
20430 0
20452 0
20650 0
20651 0
20681 0
20689 0
20839 0
20898 0
20928 0
21004 0
21107 0
21112 0
21169 0
21198 0
21249 0
21270 0
21351 0
21378 0
21456 0
21460 0
21491 0
21523 0
21545 0
21593 0
21648 0
21659 0
21686 0
21812 0
21860 0
21879 0
21896 0
21934 0
21981 0
22092 0
22150 0
22153 0
22168 0
22215 0
22245 0
22272 0
22342 0
22359 0
22378 0
22519 0
22554 0
22568 0
22647 0
22664 0
22719 0
22749 0
22763 0
22833 0
22842 0
22863 0
22909 0
23068 0
23079 0
23111 0
23119 0
23355 0
23364 0
23373 0
23623 0
23788 0
23861 0
23869 0
23871 0
23878 0
23904 0
23992 0
24021 0
24046 0
24069 0
24164 0
24252 0
24395 0
24432 0
24450 0
24582 0
24767 0
24796 0
24819 0
24864 0
24947 0
25218 0
25265 0
25347 0
25352 0
25376 0
25438 0
25462 0
25525 0
25532 0
25619 0
25650 0
25666 0
25683 0
25700 0
25727 0
25735 0
25739 0
25794 0
25923 0
25929 0
25958 0
26024 0
26039 0
26092 0
26119 0
26159 0
26259 0
26269 0
26331 0
26355 0
26359 0
26365 0
26392 0
26438 0
26657 0
26682 0
26709 0
26725 0
26753 0
26848 0
26954 0
26985 0
27054 0
27063 0
27064 0
27111 0
27272 0
27302 0
27380 0
27419 0
27426 0
27566 0
27715 0
27757 0
27764 0
27785 0
27816 0
27881 0
27886 0
27931 0
27959 0
28069 0
28097 0
28137 0
28172 0
28189 0
28198 0
28220 0
28360 0
28403 0
28411 0
28413 0
28492 0
28565 0
28614 0
28641 0
28705 0
28758 0
28760 0
28825 0
28883 0
28898 0
29081 0
29104 0
29131 0
29143 0
29164 0
29228 0
29236 0
29253 0
29305 0
29438 0
29461 0
29474 0
29490 0
29531 0
29585 0
29636 0
29813 0
29858 0
29870 0
29954 0
29974 0
29990 0
30127 0
30168 0
30195 0
30297 0
30412 0
30621 0
30655 0
30702 0
30741 0
30756 0
30767 0
30813 0
30822 0
30918 0
30932 0
30935 0
30940 0
30974 0
31004 0
31052 0
31057 0
31071 0
31115 0
31125 0
31133 0
31183 0
31212 0
31214 0
31394 0
31409 0
31559 0
31621 0
31700 0
31712 0
31714 0
31736 0
31771 0
31916 0
32083 0
32155 0
32234 0
32312 0
32359 0
32373 0
32422 0
32490 0
32499 0
32568 0
32667 0
32692 0
32710 0
32780 0
32793 0
32827 0
32874 0
32886 0
32924 0
32950 0
32976 0
32982 0
33036 0
33066 0
33081 0
33105 0
33224 0
33232 0
33310 0
33326 0
33333 0
33374 0
33413 0
33437 0
33518 0
33599 0
33641 0
33742 0
33830 0
33863 0
33987 0
34004 0
34079 0
34138 0
34142 0
34154 0
34180 0
34181 0
34242 0
34247 0
34324 0
34346 0
34349 0
34351 0
34448 0
34467 0
34580 0
34660 0
34671 0
34682 0
34721 0
34766 0
34801 0
34809 0
34844 0
34855 0
34864 0
34879 0
34939 0
34951 0
34992 0
35055 0
35099 0
35100 0
35103 0
35106 0
35153 0
35232 0
35243 0
35254 0
35411 0
35444 0
35466 0
35484 0
35546 0
35552 0
35611 0
35637 0
35743 0
35753 0
35809 0
35813 0
35838 0
35908 0
35932 0
36184 0
36336 0
36343 0
36395 0
36453 0
36462 0
36464 0
36465 0
36474 0
36486 0
36499 0
36640 0
36735 0
36761 0
36805 0
36820 0
36868 0
36881 0
36932 0
36940 0
36941 0
36971 0
37031 0
37177 0
37178 0
37200 0
37409 0
37471 0
37526 0
37535 0
37669 0
37724 0
37772 0
37777 0
37814 0
37907 0
37954 0
37986 0
38018 0
38078 0
38106 0
38382 0
38696 0
38761 0
38762 0
38826 0
38898 0
38931 0
38937 0
38962 0
38985 0
39082 0
39099 0
39107 0
39109 0
39137 0
39165 0
39327 0
39363 0
39403 0
39412 0
39437 0
39495 0
39592 0
39688 0
39750 0
39896 0
39919 0
39964 0
40108 0
40273 0
40365 0
40375 0
40410 0
40434 0
40453 0
40499 0
40630 0
40660 0
40661 0
40707 0
40727 0
40804 0
40817 0
40850 0
40855 0
40861 0
40889 0
40929 0
40932 0
40939 0
40956 0
40959 0
41005 0
41044 0
41054 0
41103 0
41133 0
41155 0
41158 0
41159 0
41186 0
41257 0
41320 0
41327 0
41338 0
41363 0
41584 0
41624 0
41697 0
41745 0
41763 0
41834 0
41876 0
41906 0
41945 0
42046 0
42056 0
42104 0
42107 0
42120 0
42178 0
42246 0
42301 0
42307 0
42331 0
42381 0
42481 0
42527 0
42602 0
42634 0
42654 0
42746 0
42750 0
42789 0
43021 0
43089 0
43104 0
43118 0
43233 0
43237 0
43313 0
43328 0
43344 0
43358 0
43403 0
43463 0
43508 0
43530 0
43567 0
43590 0
43600 0
43648 0
43670 0
43678 0
43713 0
43746 0
43765 0
43842 0
43965 0
44174 0
44254 0
44285 0
44317 0
44332 0
44372 0
44398 0
44424 0
44446 0
44452 0
44472 0
44532 0
44560 0
44604 0
44644 0
44652 0
44699 0
44712 0
44789 0
44878 0
44882 0
44939 0
44963 0
45032 0
45100 0
45132 0
45142 0
45143 0
45173 0
45183 0
45387 0
45496 0
45555 0
45695 0
45699 0
45712 0
45713 0
45745 0
45758 0
45797 0
45801 0
45821 0
46015 0
46025 0
46033 0
46039 0
46079 0
46105 0
46120 0
46126 0
46139 0
46168 0
46177 0
46188 0
46241 0
46343 0
46441 0
46541 0
46640 0
46781 0
46793 0
46816 0
46849 0
46862 0
46868 0
47040 0
47047 0
47069 0
47088 0
47306 0
47450 0
47463 0
47536 0
47599 0
47605 0
47774 0
47851 0
47863 0
47917 0
47924 0
47930 0
47935 0
47954 0
48031 0
48133 0
48156 0
48166 0
48167 0
48221 0
48311 0
48457 0
48503 0
48506 0
48547 0
48823 0
48911 0
49005 0
49056 0
49094 0
49131 0
49136 0
49170 0
49280 0
49323 0
49329 0
49331 0
49332 0
49358 0
49463 0
49489 0
49494 0
49515 0
49671 0
49677 0
49678 0
49763 0
49772 0
49780 0
49810 0
49821 0
49856 0
49907 0
50068 0
50070 0
50201 0
50287 0
50466 0
50468 0
50501 0
50528 0
50532 0
50580 0
50581 0
50718 0
50759 0
50869 0
50878 0
50880 0
50997 0
51056 0
51057 0
51060 0
51080 0
51086 0
51098 0
51149 0
51177 0
51197 0
51210 0
51219 0
51244 0
51279 0
51350 0
51399 0
51401 0
51472 0
51536 0
51573 0
51588 0
51596 0
51758 0
51866 0
51985 0
52000 0
52131 0
52146 0
52183 0
52249 0
52337 0
52374 0
52497 0
52540 0
52590 0
52640 0
52670 0
52686 0
52700 0
52776 0
52780 0
52870 0
52949 0
53030 0
53054 0
53066 0
53089 0
53189 0
53252 0
53299 0
53337 0
53351 0
53413 0
53492 0
53553 0
53650 0
53687 0
53794 0
53800 0
53924 0
53978 0
54018 0
54080 0
54089 0
54104 0
54129 0
54136 0
54141 0
54155 0
54191 0
54230 0
54304 0
54329 0
54340 0
54416 0
54417 0
54569 0
54570 0
54592 0
54619 0
54630 0
54770 0
54780 0
54791 0
54816 0
54848 0
54957 0
54995 0
55009 0
55048 0
55112 0
55113 0
55254 0
55306 0
55357 0
55399 0
55489 0
55491 0
55512 0
55519 0
55585 0
55601 0
55642 0
55674 0
55680 0
55700 0
55724 0
55897 0
55965 0
56057 0
56172 0
56189 0
56228 0
56240 0
56331 0
56382 0
56384 0
56392 0
56415 0
56417 0
56450 0
56509 0
56542 0
56563 0
56568 0
56630 0
56640 0
56709 0
56777 0
56795 0
56812 0
56855 0
56893 0
57005 0
57045 0
57100 0
57188 0
57213 0
57244 0
57361 0
57375 0
57412 0
57415 0
57445 0
57508 0
57569 0
57584 0
57633 0
57644 0
57677 0
57734 0
57760 0
57884 0
57897 0
57995 0
58007 0
58081 0
58156 0
58198 0
58285 0
58336 0
58480 0
58720 0
58750 0
58837 0
58883 0
58904 0
58905 0
58939 0
59035 0
59037 0
59108 0
59136 0
59252 0
59270 0
59331 0
59364 0
59366 0
59407 0
59432 0
59547 0
59724 0
59735 0
59754 0
59778 0
59838 0
59858 0
59875 0
59879 0
59889 0
59922 0
59957 0
59993 0
60002 0
60024 0
60117 0
60279 0
60282 0
60302 0
60314 0
60348 0
60415 0
60422 0
60499 0
60640 0
60652 0
60658 0
60711 0
60720 0
60787 0
60808 0
60843 0
60858 0
60875 0
60924 0
60956 0
60998 0
61032 0
61091 0
61215 0
61355 0
61377 0
61487 0
61531 0
61736 0
61740 0
61804 0
61882 0
61922 0
61972 0
61985 0
62018 0
62235 0
62261 0
62269 0
62336 0
62407 0
62546 0
62547 0
62548 0
62593 0
62684 0
62726 0
62743 0
62761 0
62794 0
62811 0
62850 0
62874 0
63057 0
63060 0
63110 0
63135 0
63163 0
63218 0
63235 0
63317 0
63471 0
63476 0
63600 0
63637 0
63657 0
63764 0
63769 0
63877 0
64111 0
64164 0
64256 0
64266 0
64302 0
64353 0
64366 0
64406 0
64443 0
64498 0
64556 0
64673 0
64680 0
64697 0
64702 0
64707 0
64736 0
64739 0
64818 0
64821 0
64930 0
64944 0
65032 0
65107 0
65131 0
65193 0
65413 0
65441 0
65681 0
65791 0
65802 0
65860 0
65905 0
65920 0
65977 0
65995 0
66061 0
66093 0
66095 0
66131 0
66182 0
66202 0
66319 0
66330 0
66470 0
66525 0
66648 0
66654 0
66682 0
66811 0
66972 0
66991 0
67092 0
67114 0
67186 0
67187 0
67198 0
67247 0
67255 0
67315 0
67399 0
67442 0
67447 0
67474 0
67701 0
67746 0
67749 0
67771 0
67865 0
67881 0
67887 0
67889 0
67913 0
67925 0
68024 0
68047 0
68093 0
68098 0
68230 0
68250 0
68286 0
68289 0
68389 0
68454 0
68479 0
68485 0
68501 0
68504 0
68535 0
68558 0
68745 0
68785 0
68809 0
68840 0
68848 0
68924 0
68977 0
69033 0
69037 0
69048 0
69077 0
69093 0
69110 0
69230 0
69282 0
69288 0
69340 0
69351 0
69409 0
69431 0
69452 0
69463 0
69524 0
69654 0
69678 0
69793 0
69856 0
69891 0
69997 0
70017 0
70055 0
70071 0
70154 0
70218 0
70378 0
70449 0
70468 0
70576 0
70671 0
70761 0
70809 0
70817 0
70893 0
70900 0
70928 0
70947 0
71022 0
71028 0
71084 0
71103 0
71170 0
71189 0
71206 0
71231 0
71232 0
71233 0
71464 0
71503 0
71528 0
71573 0
71621 0
71715 0
71751 0
71833 0
71862 0
71889 0
71925 0
71989 0
72014 0
72023 0
72034 0
72124 0
72158 0
72170 0
72219 0
72265 0
72299 0
72317 0
72375 0
72407 0
72453 0
72528 0
72534 0
72549 0
72558 0
72612 0
72630 0
72641 0
72645 0
72650 0
72659 0
72676 0
72721 0
72744 0
72845 0
72904 0
72947 0
72964 0
73272 0
73276 0
73407 0
73423 0
73432 0
73476 0
73486 0
73498 0
73558 0
73597 0
73606 0
73696 0
73699 0
73738 0
73867 0
73960 0
73980 0
73999 0
74016 0
74035 0
74037 0
74046 0
74147 0
74226 0
74255 0
74398 0
74414 0
74454 0
74459 0
74472 0
74485 0
74541 0
74621 0
74705 0
74730 0
74749 0
74799 0
74841 0
74861 0
74918 0
75069 0
75079 0
75216 0
75316 0
75334 0
75336 0
75389 0
75420 0
75459 0
75495 0
75565 0
75623 0
75653 0
75669 0
75683 0
75863 0
75927 0
75982 0
76000 0
76122 0
76248 0
76347 0
76418 0
76443 0
76501 0
76550 0
76570 0
76599 0
76665 0
76711 0
76732 0
76881 0
76894 0
76900 0
76901 0
76912 0
76924 0
76985 0
76993 0
77001 0
77174 0
77196 0
77239 0
77245 0
77253 0
77351 0
77373 0
77381 0
77435 0
77685 0
77785 0
77889 0
77944 0
78077 0
78083 0
78089 0
78119 0
78163 0
78209 0
78368 0
78412 0
78458 0
78481 0
78544 0
78590 0
78601 0
78626 0
78682 0
78692 0
78759 0
78809 0
78866 0
78879 0
78974 0
78982 0
78993 0
79024 0
79080 0
79087 0
79090 0
79096 0
79172 0
79244 0
79281 0
79311 0
79344 0
79347 0
79408 0
79437 0
79526 0
79558 0
79580 0
79666 0
79694 0
79709 0
79812 0
79952 0
79965 0
79986 0
80046 0
80053 0
80092 0
80096 0
80170 0
80178 0
80205 0
80345 0
80352 0
80410 0
80451 0
80539 0
80585 0
80603 0
80647 0
80793 0
80921 0
80936 0
80996 0
81058 0
81062 0
81118 0
81124 0
81160 0
81252 0
81364 0
81399 0
81422 0
81507 0
81541 0
81590 0
81624 0
81625 0
81628 0
81650 0
81762 0
81788 0
81796 0
81808 0
81828 0
81880 0
81971 0
82060 0
82072 0
82078 0
82111 0
82165 0
82187 0
82316 0
82550 0
82632 0
82639 0
82694 0
82751 0
82819 0
82894 0
82900 0
82915 0
82917 0
82931 0
82948 0
82967 0
83019 0
83065 0
83157 0
83199 0
83212 0
83217 0
83242 0
83257 0
83268 0
83307 0
83384 0
83438 0
83522 0
83533 0
83561 0
83576 0
83602 0
83661 0
83700 0
83789 0
83795 0
83804 0
83824 0
83836 0
83868 0
83881 0
83955 0
83984 0
84070 0
84115 0
84117 0
84245 0
84257 0
84278 0
84419 0
84428 0
84458 0
84512 0
84517 0
84545 0
84635 0
84702 0
84824 0
84841 0
84846 0
84920 0
84991 0
84995 0
85058 0
85071 0
85123 0
85152 0
85173 0
85233 0
85298 0
85351 0
85357 0
85419 0
85465 0
85466 0
85508 0
85556 0
85592 0
85611 0
85676 0
85770 0
85850 0
85859 0
85897 0
85913 0
85919 0
85933 0
86265 0
86386 0
86423 0
86557 0
86572 0
86582 0
86627 0
86643 0
86672 0
86702 0
86851 0
86919 0
86969 0
87020 0
87055 0
87210 0
87304 0
87341 0
87489 0
87570 0
87676 0
87716 0
87727 0
87737 0
87769 0
87846 0
87893 0
88052 0
88075 0
88192 0
88369 0
88374 0
88474 0
88505 0
88547 0
88566 0
88585 0
88606 0
88621 0
88718 0
88728 0
88751 0
88779 0
88799 0
88882 0
88907 0
88924 0
89061 0
89096 0
89140 0
89167 0
89194 0
89287 0
89312 0
89362 0
89397 0
89463 0
89518 0
89546 0
89632 0
89638 0
89729 0
89762 0
89800 0
89857 0
89865 0
89867 0
89873 0
89874 0
89911 0
89972 0
90018 0
90049 0
90089 0
90166 0
90195 0
90228 0
90236 0
90260 0
90289 0
90307 0
90417 0
90476 0
90484 0
90601 0
90642 0
90710 0
90713 0
90789 0
90806 0
90809 0
90982 0
91000 0
91007 0
91080 0
91100 0
91139 0
91166 0
91190 0
91214 0
91244 0
91287 0
91315 0
91332 0
91366 0
91430 0
91457 0
91487 0
91622 0
91655 0
91752 0
91753 0
91880 0
91898 0
92019 0
92064 0
92134 0
92145 0
92172 0
92194 0
92338 0
92343 0
92347 0
92409 0
92456 0
92527 0
92530 0
92601 0
92610 0
92666 0
92753 0
92767 0
92790 0
92793 0
92800 0
92814 0
92871 0
92919 0
92928 0
92940 0
93031 0
93048 0
93064 0
93102 0
93319 0
93382 0
93396 0
93475 0
93492 0
93615 0
93653 0
93678 0
93687 0
93764 0
93840 0
93875 0
93879 0
94011 0
94086 0
94106 0
94138 0
94194 0
94271 0
94313 0
94349 0
94406 0
94420 0
94469 0
94514 0
94535 0
94644 0
94845 0
95041 0
95148 0
95299 0
95417 0
95422 0
95431 0
95454 0
95492 0
95493 0
95500 0
95532 0
95556 0
95610 0
95654 0
95705 0
95733 0
95759 0
95781 0
95783 0
95798 0
95987 0
96175 0
96216 0
96220 0
96226 0
96279 0
96468 0
96555 0
96667 0
96672 0
96718 0
96739 0
96921 0
96968 0
97134 0
97140 0
97169 0
97203 0
97284 0
97293 0
97308 0
97358 0
97380 0
97396 0
97435 0
97510 0
97688 0
97751 0
97781 0
97786 0
97849 0
97851 0
97854 0
97855 0
97878 0
97935 0
97977 0
97979 0
98087 0
98174 0
98183 0
98193 0
98197 0
98216 0
98325 0
98342 0
98350 0
98359 0
98491 0
98583 0
98592 0
98698 0
98757 0
98824 0
98851 0
98853 0
98893 0
98934 0
98952 0
98954 0
98955 0
99001 0
99003 0
99040 0
99058 0
99206 0
99211 0
99426 0
99488 0
99585 0
99613 0
99627 0
99725 0
99736 0
99751 0
99783 0
99848 0
99879 0
99932 0
