c This is a uniform distributed  1-D DIMACS file 
c width height point_number
p 100000 100000 2048
169 0
177 0
230 0
358 0
367 0
381 0
418 0
426 0
456 0
568 0
583 0
640 0
680 0
774 0
783 0
801 0
850 0
867 0
878 0
927 0
937 0
949 0
1035 0
1116 0
1188 0
1237 0
1266 0
1441 0
1458 0
1465 0
1496 0
1539 0
1560 0
1566 0
1578 0
1638 0
1669 0
1753 0
1894 0
1914 0
1926 0
2013 0
2033 0
2087 0
2188 0
2413 0
2422 0
2449 0
2474 0
2479 0
2513 0
2514 0
2563 0
2564 0
2582 0
2615 0
2638 0
2665 0
2822 0
2832 0
2909 0
2934 0
2969 0
3097 0
3145 0
3306 0
3311 0
3327 0
3365 0
3396 0
3417 0
3425 0
3465 0
3516 0
3558 0
3569 0
3580 0
3680 0
3690 0
3823 0
3824 0
3845 0
3859 0
3868 0
3890 0
3918 0
3960 0
3983 0
4030 0
4032 0
4078 0
4087 0
4100 0
4142 0
4143 0
4149 0
4162 0
4165 0
4178 0
4208 0
4225 0
4249 0
4257 0
4300 0
4303 0
4307 0
4453 0
4500 0
4506 0
4566 0
4661 0
4669 0
4832 0
4842 0
4861 0
4887 0
4939 0
5172 0
5189 0
5193 0
5223 0
5237 0
5271 0
5450 0
5496 0
5613 0
5636 0
5719 0
5731 0
5774 0
5798 0
5809 0
5875 0
5896 0
5914 0
6314 0
6323 0
6366 0
6404 0
6423 0
6480 0
6522 0
6530 0
6592 0
6596 0
6613 0
6684 0
6685 0
6704 0
6712 0
6738 0
6801 0
6849 0
6973 0
6983 0
7008 0
7023 0
7029 0
7030 0
7033 0
7113 0
7319 0
7362 0
7379 0
7477 0
7506 0
7518 0
7554 0
7634 0
7665 0
7704 0
7745 0
7746 0
7819 0
7926 0
7957 0
7974 0
7993 0
8035 0
8083 0
8231 0
8262 0
8288 0
8323 0
8349 0
8359 0
8383 0
8431 0
8479 0
8513 0
8521 0
8628 0
8636 0
8649 0
8666 0
8724 0
8749 0
8760 0
8842 0
8939 0
9022 0
9069 0
9272 0
9374 0
9404 0
9414 0
9422 0
9434 0
9470 0
9523 0
9623 0
9637 0
9653 0
9664 0
9669 0
9705 0
9724 0
9797 0
9803 0
9809 0
9838 0
9856 0
9900 0
9918 0
9924 0
9952 0
10000 0
10004 0
10043 0
10054 0
10073 0
10183 0
10219 0
10279 0
10351 0
10369 0
10426 0
10585 0
10738 0
10809 0
10850 0
10851 0
10871 0
10994 0
11158 0
11249 0
11290 0
11305 0
11340 0
11481 0
11750 0
11783 0
11816 0
11895 0
12008 0
12089 0
12258 0
12284 0
12327 0
12378 0
12394 0
12421 0
12478 0
12499 0
12528 0
12535 0
12543 0
12569 0
12628 0
12728 0
12732 0
12741 0
12776 0
12827 0
12836 0
12867 0
12939 0
12961 0
12971 0
13003 0
13106 0
13122 0
13163 0
13204 0
13246 0
13338 0
13379 0
13476 0
13561 0
13576 0
13584 0
13716 0
13734 0
13761 0
13809 0
13857 0
13949 0
14003 0
14027 0
14064 0
14069 0
14150 0
14187 0
14212 0
14219 0
14304 0
14381 0
14382 0
14454 0
14467 0
14498 0
14556 0
14643 0
14705 0
14738 0
14767 0
14781 0
14911 0
14966 0
15033 0
15069 0
15129 0
15150 0
15195 0
15273 0
15279 0
15301 0
15416 0
15476 0
15569 0
15678 0
15684 0
15707 0
15738 0
15751 0
15802 0
15829 0
15868 0
15913 0
15916 0
16018 0
16026 0
16087 0
16146 0
16152 0
16172 0
16214 0
16220 0
16228 0
16297 0
16324 0
16342 0
16409 0
16483 0
16586 0
16649 0
16686 0
16799 0
16809 0
16830 0
16871 0
16980 0
16985 0
17071 0
17132 0
17137 0
17147 0
17156 0
17167 0
17249 0
17314 0
17500 0
17539 0
17540 0
17580 0
17597 0
17612 0
17703 0
17761 0
17778 0
17806 0
17919 0
17942 0
17985 0
18037 0
18102 0
18201 0
18230 0
18297 0
18472 0
18512 0
18557 0
18558 0
18596 0
18728 0
18729 0
18776 0
18837 0
18917 0
19092 0
19099 0
19147 0
19159 0
19211 0
19319 0
19381 0
19382 0
19436 0
19444 0
19547 0
19599 0
19604 0
19663 0
19675 0
19689 0
19698 0
19747 0
19807 0
19832 0
19880 0
19995 0
20066 0
20116 0
20162 0
20247 0
20296 0
20488 0
20508 0
20518 0
20554 0
20582 0
20593 0
20644 0
20700 0
20822 0
20849 0
20872 0
20971 0
20974 0
20986 0
20988 0
21029 0
21036 0
21049 0
21127 0
21254 0
21282 0
21286 0
21341 0
21342 0
21380 0
21404 0
21406 0
21505 0
21537 0
21566 0
21586 0
21651 0
21674 0
21693 0
21900 0
22133 0
22183 0
22190 0
22220 0
22256 0
22279 0
22308 0
22328 0
22355 0
22382 0
22435 0
22467 0
22615 0
22686 0
22696 0
22705 0
22714 0
22735 0
22740 0
22772 0
22805 0
22853 0
22860 0
22994 0
23052 0
23125 0
23319 0
23340 0
23380 0
23403 0
23464 0
23492 0
23522 0
23579 0
23608 0
23623 0
23677 0
23904 0
23939 0
23941 0
23998 0
24034 0
24164 0
24198 0
24290 0
24488 0
24516 0
24608 0
24638 0
24652 0
24667 0
24696 0
24742 0
24874 0
24882 0
24978 0
24983 0
25071 0
25113 0
25183 0
25218 0
25284 0
25285 0
25304 0
25446 0
25519 0
25539 0
25609 0
25720 0
25773 0
25858 0
25859 0
25977 0
26045 0
26054 0
26091 0
26285 0
26314 0
26319 0
26381 0
26429 0
26635 0
26647 0
26671 0
26705 0
26759 0
26812 0
26889 0
26912 0
26924 0
26990 0
27192 0
27215 0
27228 0
27306 0
27361 0
27510 0
27581 0
27798 0
27843 0
27850 0
28062 0
28176 0
28216 0
28235 0
28348 0
28422 0
28625 0
28633 0
28641 0
28713 0
28729 0
28745 0
28780 0
28841 0
28868 0
28913 0
28940 0
29043 0
29069 0
29118 0
29126 0
29131 0
29161 0
29184 0
29242 0
29301 0
29371 0
29422 0
29477 0
29484 0
29522 0
29524 0
29659 0
29712 0
29765 0
29768 0
29828 0
29862 0
29910 0
29946 0
30016 0
30134 0
30168 0
30211 0
30231 0
30324 0
30368 0
30436 0
30476 0
30481 0
30514 0
30601 0
30645 0
30648 0
30689 0
30694 0
30750 0
30764 0
30810 0
30852 0
30881 0
30926 0
30943 0
30950 0
30959 0
30962 0
30976 0
31051 0
31190 0
31306 0
31450 0
31550 0
31592 0
31599 0
31779 0
31871 0
31900 0
31912 0
31980 0
32063 0
32072 0
32083 0
32131 0
32180 0
32299 0
32306 0
32310 0
32356 0
32537 0
32556 0
32583 0
32618 0
32665 0
32694 0
32740 0
32814 0
32848 0
32867 0
32880 0
32910 0
32921 0
32932 0
32991 0
33031 0
33035 0
33093 0
33129 0
33183 0
33218 0
33256 0
33505 0
33614 0
33766 0
33786 0
33803 0
33807 0
33894 0
33913 0
33988 0
34063 0
34095 0
34163 0
34229 0
34234 0
34261 0
34408 0
34439 0
34474 0
34479 0
34618 0
34700 0
34791 0
34808 0
34851 0
34859 0
34867 0
34951 0
34963 0
34972 0
34982 0
35019 0
35043 0
35119 0
35154 0
35205 0
35314 0
35382 0
35411 0
35459 0
35603 0
35631 0
35633 0
35637 0
35647 0
35670 0
35690 0
35695 0
35706 0
35736 0
35795 0
35842 0
35859 0
35863 0
35926 0
35955 0
36020 0
36029 0
36160 0
36254 0
36271 0
36284 0
36289 0
36291 0
36331 0
36343 0
36345 0
36433 0
36495 0
36563 0
36601 0
36630 0
36685 0
36710 0
36735 0
36758 0
36775 0
36882 0
36918 0
37004 0
37011 0
37133 0
37241 0
37267 0
37279 0
37349 0
37510 0
37605 0
37772 0
37930 0
38010 0
38212 0
38221 0
38350 0
38352 0
38545 0
38614 0
38637 0
38647 0
38648 0
38765 0
38787 0
38882 0
39016 0
39030 0
39040 0
39216 0
39224 0
39271 0
39329 0
39402 0
39405 0
39512 0
39569 0
39586 0
39589 0
39614 0
39737 0
39835 0
39842 0
39913 0
39926 0
40032 0
40062 0
40178 0
40274 0
40383 0
40462 0
40569 0
40729 0
40732 0
40752 0
40761 0
40913 0
40922 0
40938 0
41061 0
41067 0
41098 0
41156 0
41194 0
41298 0
41340 0
41358 0
41386 0
41436 0
41459 0
41515 0
41570 0
41640 0
41654 0
41690 0
41695 0
41755 0
41813 0
41890 0
41903 0
41910 0
41971 0
41976 0
41997 0
42013 0
42023 0
42158 0
42210 0
42238 0
42247 0
42259 0
42300 0
42355 0
42407 0
42433 0
42445 0
42521 0
42569 0
42633 0
42650 0
42666 0
42738 0
42820 0
42883 0
42903 0
42908 0
43092 0
43107 0
43170 0
43172 0
43183 0
43184 0
43200 0
43241 0
43256 0
43300 0
43309 0
43369 0
43371 0
43382 0
43401 0
43406 0
43422 0
43471 0
43503 0
43571 0
43652 0
43764 0
43773 0
43813 0
43829 0
43840 0
43882 0
43962 0
44040 0
44075 0
44149 0
44310 0
44316 0
44347 0
44350 0
44371 0
44373 0
44390 0
44398 0
44414 0
44456 0
44458 0
44490 0
44499 0
44559 0
44594 0
44633 0
44650 0
44719 0
44768 0
44780 0
44827 0
44856 0
44858 0
44888 0
44920 0
44942 0
44956 0
44964 0
45006 0
45045 0
45157 0
45162 0
45167 0
45190 0
45255 0
45293 0
45312 0
45336 0
45358 0
45406 0
45418 0
45444 0
45490 0
45496 0
45511 0
45536 0
45623 0
45645 0
45709 0
45712 0
45717 0
45739 0
45886 0
45892 0
45923 0
45946 0
45974 0
45979 0
46001 0
46010 0
46085 0
46092 0
46165 0
46230 0
46319 0
46331 0
46385 0
46516 0
46562 0
46619 0
46745 0
46790 0
46850 0
46858 0
46906 0
46909 0
47197 0
47272 0
47289 0
47464 0
47493 0
47502 0
47538 0
47550 0
47568 0
47639 0
47652 0
47695 0
47752 0
47762 0
47874 0
47951 0
48005 0
48058 0
48062 0
48106 0
48153 0
48162 0
48210 0
48218 0
48241 0
48271 0
48341 0
48357 0
48455 0
48580 0
48633 0
48674 0
49011 0
49057 0
49058 0
49088 0
49112 0
49113 0
49167 0
49192 0
49213 0
49272 0
49312 0
49376 0
49390 0
49482 0
49539 0
49673 0
49700 0
49829 0
49868 0
49962 0
49969 0
49988 0
50074 0
50106 0
50143 0
50158 0
50174 0
50216 0
50294 0
50322 0
50340 0
50372 0
50399 0
50453 0
50546 0
50588 0
50655 0
50692 0
50742 0
50762 0
50826 0
50849 0
50865 0
50966 0
51053 0
51058 0
51077 0
51111 0
51262 0
51376 0
51394 0
51418 0
51490 0
51543 0
51609 0
51615 0
51619 0
51708 0
51730 0
51760 0
51961 0
52032 0
52197 0
52266 0
52293 0
52315 0
52334 0
52379 0
52380 0
52391 0
52410 0
52461 0
52464 0
52504 0
52508 0
52584 0
52650 0
52694 0
52749 0
52752 0
52763 0
52841 0
52867 0
52880 0
52894 0
52932 0
52984 0
52995 0
53006 0
53016 0
53059 0
53069 0
53098 0
53162 0
53165 0
53546 0
53581 0
53589 0
53628 0
53673 0
53678 0
53780 0
53838 0
53861 0
53913 0
53915 0
53950 0
53954 0
53980 0
54024 0
54027 0
54061 0
54062 0
54072 0
54166 0
54212 0
54301 0
54420 0
54438 0
54497 0
54521 0
54522 0
54525 0
54538 0
54577 0
54700 0
54705 0
54720 0
54783 0
54881 0
54891 0
54931 0
54964 0
55017 0
55046 0
55053 0
55054 0
55060 0
55071 0
55251 0
55285 0
55329 0
55344 0
55409 0
55454 0
55532 0
55546 0
55570 0
55627 0
55679 0
55735 0
55769 0
55804 0
55822 0
55838 0
55851 0
55904 0
55926 0
55944 0
56046 0
56191 0
56222 0
56257 0
56260 0
56284 0
56297 0
56324 0
56414 0
56450 0
56500 0
56524 0
56549 0
56724 0
56760 0
56779 0
56800 0
56846 0
56914 0
56952 0
56954 0
57070 0
57095 0
57116 0
57155 0
57159 0
57219 0
57285 0
57308 0
57329 0
57388 0
57434 0
57451 0
57467 0
57537 0
57624 0
57688 0
57722 0
57781 0
57846 0
57869 0
57923 0
57942 0
57961 0
57964 0
57973 0
57974 0
57997 0
58007 0
58052 0
58079 0
58156 0
58218 0
58279 0
58314 0
58408 0
58541 0
58544 0
58552 0
58621 0
58644 0
58664 0
58721 0
58823 0
59074 0
59298 0
59311 0
59328 0
59380 0
59387 0
59415 0
59720 0
59850 0
59991 0
60020 0
60029 0
60031 0
60032 0
60133 0
60140 0
60165 0
60200 0
60302 0
60337 0
60353 0
60376 0
60446 0
60472 0
60563 0
60603 0
60719 0
60735 0
60748 0
60755 0
60781 0
60926 0
60963 0
61006 0
61008 0
61015 0
61034 0
61140 0
61168 0
61362 0
61520 0
61527 0
61598 0
61611 0
61623 0
61634 0
61674 0
61745 0
61765 0
61866 0
61868 0
61876 0
61919 0
62018 0
62054 0
62080 0
62094 0
62191 0
62204 0
62214 0
62224 0
62287 0
62301 0
62349 0
62423 0
62504 0
62535 0
62558 0
62683 0
62826 0
62841 0
62882 0
63002 0
63044 0
63047 0
63055 0
63060 0
63068 0
63132 0
63142 0
63210 0
63251 0
63268 0
63274 0
63302 0
63442 0
63446 0
63460 0
63556 0
63574 0
63579 0
63598 0
63616 0
63728 0
63756 0
63817 0
63847 0
64008 0
64132 0
64198 0
64242 0
64314 0
64317 0
64339 0
64353 0
64391 0
64456 0
64518 0
64620 0
64652 0
64793 0
64841 0
64855 0
64883 0
64896 0
64931 0
65068 0
65105 0
65106 0
65134 0
65205 0
65273 0
65319 0
65342 0
65353 0
65365 0
65484 0
65570 0
65576 0
65587 0
65636 0
65701 0
65770 0
65785 0
65834 0
65865 0
65916 0
65983 0
66037 0
66093 0
66155 0
66159 0
66164 0
66305 0
66412 0
66439 0
66460 0
66497 0
66590 0
66682 0
66724 0
66727 0
66829 0
66912 0
66943 0
66977 0
66978 0
67003 0
67074 0
67075 0
67085 0
67152 0
67170 0
67176 0
67199 0
67203 0
67216 0
67234 0
67286 0
67349 0
67378 0
67446 0
67462 0
67507 0
67509 0
67560 0
67652 0
67689 0
67703 0
67758 0
67818 0
67950 0
67998 0
68027 0
68073 0
68092 0
68118 0
68120 0
68142 0
68159 0
68163 0
68255 0
68290 0
68321 0
68422 0
68485 0
68507 0
68571 0
68577 0
68590 0
68624 0
68637 0
68783 0
68809 0
68968 0
69020 0
69029 0
69058 0
69150 0
69239 0
69283 0
69410 0
69491 0
69529 0
69609 0
69677 0
69741 0
69802 0
69849 0
69916 0
69931 0
69950 0
70009 0
70019 0
70096 0
70187 0
70215 0
70405 0
70417 0
70462 0
70631 0
70682 0
70782 0
70812 0
70901 0
70920 0
70941 0
70994 0
71013 0
71037 0
71095 0
71111 0
71165 0
71203 0
71241 0
71284 0
71333 0
71342 0
71367 0
71469 0
71529 0
71591 0
71616 0
71617 0
71885 0
71931 0
71961 0
71964 0
72017 0
72038 0
72129 0
72170 0
72175 0
72181 0
72344 0
72387 0
72452 0
72485 0
72519 0
72564 0
72591 0
72615 0
72619 0
72620 0
72682 0
72697 0
72724 0
72725 0
72732 0
72750 0
72764 0
72798 0
72816 0
72917 0
73006 0
73027 0
73066 0
73068 0
73127 0
73185 0
73190 0
73314 0
73393 0
73427 0
73470 0
73494 0
73520 0
73606 0
73626 0
73629 0
73728 0
73737 0
73742 0
73788 0
73796 0
73809 0
73820 0
73845 0
74014 0
74015 0
74236 0
74246 0
74251 0
74325 0
74508 0
74523 0
74576 0
74617 0
74688 0
74765 0
74972 0
74977 0
75003 0
75025 0
75107 0
75126 0
75175 0
75243 0
75301 0
75314 0
75364 0
75371 0
75399 0
75425 0
75466 0
75524 0
75560 0
75575 0
75702 0
75772 0
75780 0
75787 0
75817 0
75825 0
75861 0
75886 0
75984 0
76034 0
76042 0
76136 0
76159 0
76173 0
76198 0
76259 0
76275 0
76280 0
76292 0
76300 0
76327 0
76342 0
76375 0
76384 0
76425 0
76531 0
76541 0
76561 0
76569 0
76702 0
76770 0
76918 0
76948 0
76958 0
77012 0
77046 0
77068 0
77139 0
77163 0
77212 0
77257 0
77268 0
77277 0
77380 0
77386 0
77409 0
77705 0
77737 0
77783 0
77786 0
77818 0
77823 0
77967 0
77979 0
78063 0
78145 0
78152 0
78156 0
78244 0
78424 0
78477 0
78528 0
78529 0
78629 0
78639 0
78715 0
78804 0
78810 0
78850 0
78864 0
78931 0
79023 0
79078 0
79099 0
79130 0
79186 0
79191 0
79266 0
79279 0
79280 0
79327 0
79361 0
79371 0
79398 0
79406 0
79407 0
79456 0
79527 0
79579 0
79587 0
79590 0
79642 0
79722 0
79731 0
79737 0
79848 0
79855 0
79905 0
79941 0
79961 0
79967 0
80164 0
80212 0
80298 0
80302 0
80311 0
80319 0
80326 0
80379 0
80391 0
80418 0
80470 0
80483 0
80496 0
80545 0
80582 0
80604 0
80665 0
80725 0
80746 0
80783 0
80815 0
80853 0
81007 0
81016 0
81140 0
81149 0
81259 0
81331 0
81432 0
81516 0
81613 0
81689 0
81717 0
81749 0
81766 0
81775 0
82031 0
82061 0
82094 0
82110 0
82182 0
82210 0
82245 0
82264 0
82365 0
82523 0
82586 0
82596 0
82613 0
82643 0
82686 0
82749 0
82768 0
82814 0
82866 0
82894 0
82907 0
82972 0
83013 0
83015 0
83039 0
83061 0
83075 0
83103 0
83133 0
83138 0
83349 0
83371 0
83475 0
83652 0
83707 0
83722 0
83724 0
83753 0
83925 0
84028 0
84065 0
84071 0
84134 0
84174 0
84241 0
84270 0
84283 0
84398 0
84530 0
84640 0
84642 0
84650 0
84798 0
84810 0
84867 0
84881 0
84949 0
85087 0
85096 0
85167 0
85189 0
85197 0
85249 0
85304 0
85310 0
85346 0
85389 0
85428 0
85474 0
85582 0
85602 0
85821 0
85894 0
86086 0
86111 0
86163 0
86214 0
86218 0
86240 0
86252 0
86268 0
86465 0
86476 0
86546 0
86758 0
86759 0
86763 0
86775 0
86867 0
86925 0
87086 0
87188 0
87225 0
87272 0
87313 0
87382 0
87421 0
87440 0
87453 0
87519 0
87626 0
87642 0
87662 0
87676 0
87730 0
87779 0
87819 0
87843 0
88010 0
88012 0
88022 0
88095 0
88127 0
88219 0
88413 0
88472 0
88581 0
88597 0
88698 0
88737 0
88771 0
88839 0
88916 0
88978 0
89114 0
89210 0
89217 0
89307 0
89308 0
89381 0
89396 0
89431 0
89460 0
89491 0
89501 0
89657 0
89753 0
89754 0
89845 0
89849 0
89950 0
89982 0
90062 0
90192 0
90274 0
90371 0
90391 0
90401 0
90414 0
90426 0
90427 0
90503 0
90510 0
90529 0
90676 0
90683 0
90731 0
90733 0
90748 0
90832 0
90856 0
90863 0
90893 0
91046 0
91056 0
91168 0
91179 0
91184 0
91207 0
91208 0
91212 0
91272 0
91333 0
91341 0
91436 0
91472 0
91473 0
91478 0
91522 0
91552 0
91583 0
91603 0
91681 0
91743 0
91752 0
91760 0
91801 0
91836 0
91838 0
91844 0
91940 0
91955 0
91989 0
91994 0
92032 0
92081 0
92113 0
92142 0
92167 0
92302 0
92305 0
92323 0
92343 0
92416 0
92494 0
92512 0
92594 0
92598 0
92633 0
92665 0
92762 0
92787 0
92796 0
92821 0
92908 0
93050 0
93067 0
93249 0
93305 0
93329 0
93446 0
93469 0
93491 0
93502 0
93506 0
93539 0
93619 0
93654 0
93659 0
93715 0
93720 0
93746 0
93755 0
93797 0
93827 0
93834 0
94008 0
94046 0
94207 0
94386 0
94447 0
94513 0
94648 0
94729 0
94730 0
94787 0
94792 0
94836 0
94880 0
94943 0
95083 0
95161 0
95211 0
95300 0
95309 0
95358 0
95383 0
95437 0
95479 0
95541 0
95551 0
95637 0
95683 0
95693 0
95725 0
95771 0
95840 0
95894 0
95919 0
95958 0
96014 0
96020 0
96059 0
96084 0
96179 0
96342 0
96402 0
96436 0
96456 0
96470 0
96573 0
96577 0
96788 0
96804 0
96807 0
96871 0
96879 0
96915 0
96953 0
97003 0
97030 0
97047 0
97105 0
97106 0
97385 0
97424 0
97459 0
97474 0
97532 0
97555 0
97583 0
97641 0
97692 0
97702 0
97757 0
97777 0
97802 0
97849 0
97923 0
97993 0
98060 0
98122 0
98161 0
98177 0
98183 0
98217 0
98246 0
98265 0
98280 0
98314 0
98364 0
98389 0
98405 0
98454 0
98494 0
98495 0
98535 0
98536 0
98604 0
98671 0
98728 0
98759 0
98892 0
98977 0
98980 0
99044 0
99073 0
99127 0
99191 0
99230 0
99261 0
99280 0
99282 0
99289 0
99344 0
99346 0
99421 0
99425 0
99469 0
99481 0
99494 0
99517 0
99736 0
99805 0
99888 0
99907 0
99975 0
