c This is a uniform distributed  1-D DIMACS file 
c width height point_number
p 100000 100000 2048
1 0
9 0
30 0
40 0
64 0
102 0
159 0
366 0
480 0
669 0
764 0
805 0
860 0
907 0
918 0
977 0
992 0
1035 0
1046 0
1048 0
1146 0
1252 0
1264 0
1279 0
1285 0
1307 0
1343 0
1373 0
1402 0
1414 0
1450 0
1461 0
1599 0
1626 0
1684 0
1713 0
1746 0
1832 0
1939 0
1985 0
1991 0
2075 0
2102 0
2110 0
2133 0
2243 0
2259 0
2273 0
2387 0
2493 0
2531 0
2533 0
2549 0
2575 0
2624 0
2706 0
2796 0
2800 0
2940 0
2945 0
2955 0
3027 0
3028 0
3085 0
3099 0
3109 0
3113 0
3184 0
3207 0
3378 0
3424 0
3449 0
3484 0
3522 0
3533 0
3574 0
3611 0
3698 0
3726 0
3753 0
3858 0
4035 0
4040 0
4077 0
4123 0
4129 0
4134 0
4163 0
4179 0
4245 0
4248 0
4265 0
4373 0
4385 0
4487 0
4563 0
4576 0
4627 0
4667 0
4671 0
4675 0
4679 0
4689 0
4805 0
4840 0
4876 0
4880 0
4901 0
4938 0
5021 0
5034 0
5061 0
5217 0
5286 0
5327 0
5408 0
5481 0
5505 0
5581 0
5595 0
5639 0
5640 0
5647 0
5735 0
5780 0
5921 0
5925 0
5947 0
6024 0
6044 0
6045 0
6056 0
6144 0
6226 0
6443 0
6509 0
6599 0
6682 0
6737 0
6806 0
6928 0
7001 0
7016 0
7164 0
7193 0
7194 0
7352 0
7545 0
7546 0
7634 0
7653 0
7662 0
7723 0
7730 0
7769 0
7840 0
7906 0
7993 0
8094 0
8179 0
8186 0
8202 0
8209 0
8346 0
8361 0
8374 0
8439 0
8446 0
8478 0
8509 0
8600 0
8689 0
8691 0
8863 0
8938 0
8973 0
8976 0
9004 0
9079 0
9095 0
9109 0
9117 0
9135 0
9174 0
9232 0
9236 0
9313 0
9407 0
9477 0
9478 0
9490 0
9507 0
9530 0
9546 0
9621 0
9625 0
9650 0
9692 0
9913 0
9925 0
10003 0
10018 0
10029 0
10038 0
10060 0
10092 0
10136 0
10183 0
10236 0
10279 0
10352 0
10387 0
10395 0
10499 0
10517 0
10560 0
10609 0
10640 0
10707 0
10727 0
10755 0
10784 0
10961 0
11003 0
11019 0
11029 0
11059 0
11067 0
11089 0
11149 0
11195 0
11196 0
11224 0
11273 0
11328 0
11335 0
11336 0
11381 0
11499 0
11524 0
11526 0
11612 0
11650 0
11661 0
11697 0
11760 0
11771 0
11799 0
11917 0
11973 0
11983 0
12021 0
12024 0
12044 0
12063 0
12148 0
12201 0
12248 0
12349 0
12364 0
12367 0
12377 0
12384 0
12389 0
12462 0
12509 0
12534 0
12545 0
12550 0
12552 0
12627 0
12814 0
12890 0
12995 0
13025 0
13042 0
13102 0
13107 0
13159 0
13215 0
13360 0
13412 0
13415 0
13488 0
13501 0
13516 0
13571 0
13606 0
13661 0
13669 0
13730 0
13771 0
13900 0
13913 0
14011 0
14043 0
14084 0
14191 0
14233 0
14323 0
14380 0
14447 0
14451 0
14492 0
14638 0
14657 0
14794 0
14843 0
14870 0
14929 0
14939 0
14956 0
15020 0
15022 0
15025 0
15230 0
15376 0
15426 0
15448 0
15456 0
15558 0
15589 0
15634 0
15643 0
15665 0
15678 0
15703 0
15808 0
15886 0
15889 0
15957 0
15964 0
16046 0
16149 0
16173 0
16189 0
16367 0
16454 0
16485 0
16496 0
16599 0
16608 0
16618 0
16623 0
16671 0
16952 0
16957 0
16962 0
17046 0
17309 0
17365 0
17419 0
17640 0
17665 0
17739 0
17753 0
17782 0
17847 0
17860 0
17862 0
17866 0
17884 0
18056 0
18061 0
18100 0
18116 0
18222 0
18227 0
18257 0
18258 0
18388 0
18451 0
18453 0
18577 0
18651 0
18652 0
18779 0
18781 0
18845 0
18895 0
18987 0
19011 0
19012 0
19046 0
19059 0
19080 0
19114 0
19198 0
19201 0
19256 0
19269 0
19311 0
19333 0
19341 0
19397 0
19405 0
19481 0
19519 0
19570 0
19634 0
19690 0
19747 0
19819 0
19863 0
19923 0
19967 0
20038 0
20099 0
20105 0
20159 0
20325 0
20328 0
20335 0
20342 0
20531 0
20621 0
20643 0
20655 0
20723 0
20734 0
21019 0
21024 0
21078 0
21146 0
21198 0
21314 0
21328 0
21354 0
21355 0
21356 0
21396 0
21474 0
21745 0
21755 0
21809 0
21886 0
21980 0
22034 0
22059 0
22063 0
22100 0
22118 0
22127 0
22139 0
22140 0
22145 0
22260 0
22261 0
22271 0
22309 0
22315 0
22321 0
22365 0
22367 0
22413 0
22418 0
22469 0
22478 0
22561 0
22570 0
22580 0
22609 0
22664 0
22680 0
22682 0
22762 0
22788 0
22852 0
23049 0
23076 0
23077 0
23102 0
23176 0
23178 0
23213 0
23219 0
23303 0
23351 0
23365 0
23521 0
23558 0
23581 0
23588 0
23648 0
23719 0
23830 0
23881 0
23951 0
24118 0
24140 0
24205 0
24215 0
24288 0
24307 0
24339 0
24439 0
24512 0
24529 0
24531 0
24637 0
24765 0
24775 0
24820 0
24822 0
24909 0
24963 0
25022 0
25041 0
25152 0
25174 0
25194 0
25330 0
25364 0
25386 0
25585 0
25636 0
25638 0
25672 0
25814 0
25816 0
26074 0
26078 0
26094 0
26098 0
26106 0
26115 0
26182 0
26193 0
26279 0
26286 0
26312 0
26325 0
26359 0
26366 0
26383 0
26399 0
26400 0
26422 0
26432 0
26505 0
26533 0
26554 0
26586 0
26609 0
26651 0
26730 0
26827 0
26850 0
26889 0
26902 0
26955 0
26965 0
27059 0
27133 0
27192 0
27299 0
27463 0
27516 0
27528 0
27564 0
27599 0
27607 0
27748 0
27753 0
27799 0
27840 0
27963 0
28005 0
28070 0
28075 0
28133 0
28168 0
28180 0
28182 0
28224 0
28353 0
28373 0
28379 0
28445 0
28487 0
28526 0
28540 0
28543 0
28589 0
28603 0
28741 0
28756 0
28842 0
28854 0
28861 0
28922 0
28929 0
29004 0
29090 0
29181 0
29235 0
29282 0
29326 0
29353 0
29405 0
29427 0
29580 0
29667 0
29740 0
29751 0
29778 0
29816 0
29977 0
30016 0
30024 0
30096 0
30124 0
30201 0
30234 0
30299 0
30311 0
30351 0
30427 0
30539 0
30569 0
30638 0
30676 0
30680 0
30693 0
30714 0
30723 0
30795 0
31014 0
31150 0
31196 0
31250 0
31369 0
31405 0
31445 0
31452 0
31756 0
31769 0
31774 0
31799 0
31802 0
31811 0
31897 0
31920 0
31972 0
31979 0
32137 0
32144 0
32186 0
32219 0
32234 0
32247 0
32281 0
32382 0
32528 0
32555 0
32633 0
32644 0
32706 0
32710 0
32785 0
32819 0
32820 0
32908 0
32940 0
33190 0
33216 0
33272 0
33291 0
33427 0
33474 0
33490 0
33519 0
33721 0
33776 0
33788 0
33822 0
33862 0
33868 0
33914 0
33939 0
33970 0
33993 0
34002 0
34008 0
34019 0
34086 0
34135 0
34248 0
34252 0
34270 0
34283 0
34308 0
34314 0
34409 0
34539 0
34547 0
34576 0
34638 0
34770 0
34803 0
34811 0
34913 0
34937 0
34979 0
35068 0
35096 0
35135 0
35187 0
35205 0
35251 0
35268 0
35317 0
35320 0
35346 0
35356 0
35376 0
35478 0
35508 0
35523 0
35578 0
35638 0
35645 0
35690 0
35795 0
35836 0
35963 0
36002 0
36085 0
36154 0
36252 0
36349 0
36380 0
36445 0
36463 0
36516 0
36577 0
36730 0
36837 0
36845 0
36936 0
36939 0
36976 0
37034 0
37133 0
37157 0
37179 0
37441 0
37516 0
37570 0
37650 0
37663 0
37676 0
37718 0
37732 0
37748 0
37773 0
37859 0
37921 0
37953 0
38172 0
38179 0
38278 0
38362 0
38415 0
38557 0
38592 0
38619 0
38656 0
38724 0
38765 0
38783 0
38793 0
38845 0
38875 0
38904 0
38954 0
38994 0
39036 0
39070 0
39167 0
39304 0
39351 0
39374 0
39454 0
39596 0
39684 0
39697 0
39706 0
39761 0
39778 0
39779 0
39801 0
39875 0
39891 0
39934 0
40003 0
40148 0
40154 0
40305 0
40338 0
40364 0
40381 0
40392 0
40397 0
40464 0
40557 0
40560 0
40561 0
40585 0
40603 0
40604 0
40624 0
40679 0
40885 0
40960 0
41000 0
41165 0
41201 0
41245 0
41340 0
41358 0
41418 0
41437 0
41527 0
41562 0
41667 0
41704 0
41740 0
41802 0
41948 0
42071 0
42155 0
42160 0
42213 0
42249 0
42336 0
42346 0
42375 0
42407 0
42471 0
42506 0
42539 0
42582 0
42589 0
42639 0
42695 0
42796 0
42817 0
42832 0
42839 0
42908 0
42984 0
42998 0
43017 0
43060 0
43103 0
43108 0
43122 0
43130 0
43149 0
43305 0
43390 0
43403 0
43422 0
43454 0
43491 0
43504 0
43510 0
43562 0
43635 0
43645 0
43667 0
43720 0
43725 0
43726 0
43841 0
43852 0
43876 0
43942 0
43970 0
44138 0
44197 0
44247 0
44268 0
44281 0
44298 0
44373 0
44425 0
44633 0
44661 0
44717 0
44720 0
44750 0
44892 0
44927 0
44940 0
45015 0
45077 0
45160 0
45281 0
45451 0
45546 0
45567 0
45653 0
45704 0
45724 0
45753 0
45758 0
45759 0
45846 0
45900 0
45999 0
46034 0
46086 0
46098 0
46133 0
46193 0
46211 0
46251 0
46252 0
46342 0
46365 0
46424 0
46499 0
46525 0
46532 0
46576 0
46588 0
46590 0
46642 0
46656 0
46665 0
46666 0
46676 0
46723 0
46771 0
46899 0
46901 0
46922 0
46936 0
46964 0
46983 0
47000 0
47025 0
47035 0
47160 0
47179 0
47184 0
47347 0
47371 0
47581 0
47653 0
47810 0
47898 0
47960 0
48102 0
48121 0
48182 0
48209 0
48232 0
48330 0
48336 0
48368 0
48434 0
48492 0
48495 0
48566 0
48593 0
48620 0
48657 0
48671 0
48779 0
48788 0
48826 0
48871 0
48881 0
49086 0
49147 0
49277 0
49315 0
49472 0
49630 0
49685 0
49695 0
49811 0
49952 0
49992 0
50049 0
50071 0
50119 0
50215 0
50292 0
50374 0
50403 0
50417 0
50459 0
50504 0
50540 0
50602 0
50673 0
50835 0
50931 0
50997 0
51006 0
51052 0
51076 0
51091 0
51102 0
51121 0
51124 0
51145 0
51175 0
51245 0
51251 0
51503 0
51540 0
51607 0
51635 0
51685 0
51692 0
51730 0
51755 0
51840 0
51931 0
52017 0
52086 0
52121 0
52133 0
52146 0
52185 0
52360 0
52367 0
52470 0
52564 0
52647 0
52660 0
52662 0
52746 0
52818 0
52823 0
52831 0
52854 0
52873 0
52889 0
53006 0
53155 0
53164 0
53207 0
53243 0
53271 0
53343 0
53385 0
53426 0
53445 0
53449 0
53460 0
53521 0
53529 0
53533 0
53546 0
53683 0
53685 0
53713 0
53757 0
53782 0
53839 0
53885 0
53903 0
54003 0
54028 0
54031 0
54040 0
54069 0
54134 0
54152 0
54296 0
54298 0
54306 0
54343 0
54604 0
54617 0
54727 0
54755 0
54879 0
54888 0
54901 0
54928 0
54999 0
55090 0
55148 0
55169 0
55224 0
55317 0
55354 0
55377 0
55395 0
55463 0
55584 0
55593 0
55595 0
55652 0
55663 0
55681 0
55704 0
55710 0
55874 0
56039 0
56058 0
56062 0
56163 0
56185 0
56213 0
56220 0
56234 0
56244 0
56248 0
56269 0
56340 0
56342 0
56379 0
56407 0
56473 0
56541 0
56662 0
56663 0
56686 0
56705 0
56728 0
56768 0
56776 0
56802 0
56855 0
56868 0
56881 0
56893 0
56898 0
56961 0
57041 0
57117 0
57156 0
57161 0
57213 0
57217 0
57233 0
57340 0
57374 0
57429 0
57452 0
57558 0
57579 0
57593 0
57655 0
57666 0
57696 0
57723 0
57760 0
57848 0
57854 0
57860 0
57931 0
58033 0
58036 0
58079 0
58095 0
58129 0
58149 0
58229 0
58331 0
58339 0
58445 0
58465 0
58487 0
58610 0
58613 0
58683 0
58823 0
58850 0
58973 0
58992 0
59039 0
59077 0
59099 0
59105 0
59191 0
59198 0
59207 0
59213 0
59240 0
59248 0
59283 0
59388 0
59544 0
59619 0
59632 0
59668 0
59740 0
59796 0
59815 0
59849 0
59948 0
59986 0
59987 0
59992 0
60020 0
60102 0
60114 0
60132 0
60238 0
60377 0
60408 0
60409 0
60487 0
60541 0
60709 0
60727 0
60785 0
60854 0
60865 0
60976 0
60977 0
61051 0
61057 0
61095 0
61102 0
61107 0
61133 0
61154 0
61246 0
61247 0
61343 0
61347 0
61356 0
61358 0
61438 0
61487 0
61602 0
61618 0
61702 0
61739 0
61747 0
61756 0
61777 0
61817 0
61822 0
61941 0
61952 0
61994 0
62021 0
62046 0
62099 0
62150 0
62165 0
62175 0
62315 0
62446 0
62633 0
62800 0
62848 0
62851 0
62869 0
62884 0
62980 0
63092 0
63098 0
63111 0
63142 0
63148 0
63187 0
63209 0
63231 0
63260 0
63270 0
63293 0
63349 0
63389 0
63417 0
63425 0
63430 0
63528 0
63635 0
63637 0
63666 0
63730 0
63776 0
63782 0
63793 0
63827 0
63865 0
63881 0
63973 0
64041 0
64046 0
64089 0
64123 0
64233 0
64248 0
64338 0
64421 0
64448 0
64472 0
64507 0
64560 0
64618 0
64694 0
64700 0
64705 0
64791 0
64822 0
64957 0
64996 0
65068 0
65083 0
65086 0
65094 0
65134 0
65267 0
65282 0
65300 0
65320 0
65349 0
65409 0
65429 0
65438 0
65449 0
65473 0
65486 0
65506 0
65543 0
65558 0
65703 0
65752 0
65825 0
65886 0
65892 0
65916 0
65936 0
65964 0
66038 0
66149 0
66181 0
66193 0
66196 0
66253 0
66272 0
66316 0
66452 0
66547 0
66559 0
66624 0
66690 0
66803 0
66837 0
66970 0
66986 0
67052 0
67180 0
67330 0
67353 0
67391 0
67426 0
67437 0
67700 0
67734 0
67778 0
67794 0
67846 0
67909 0
67977 0
68010 0
68013 0
68065 0
68077 0
68103 0
68108 0
68141 0
68236 0
68306 0
68332 0
68358 0
68363 0
68388 0
68420 0
68458 0
68465 0
68486 0
68510 0
68526 0
68557 0
68566 0
68609 0
68614 0
68726 0
68737 0
68788 0
68836 0
68842 0
68854 0
68865 0
68985 0
68989 0
69019 0
69050 0
69069 0
69096 0
69179 0
69200 0
69315 0
69399 0
69453 0
69499 0
69502 0
69522 0
69626 0
69639 0
69653 0
69657 0
69669 0
69688 0
69710 0
69748 0
69782 0
69829 0
69850 0
69997 0
69999 0
70047 0
70065 0
70189 0
70215 0
70277 0
70343 0
70365 0
70456 0
70485 0
70512 0
70534 0
70610 0
70701 0
70735 0
70799 0
70817 0
70821 0
70827 0
70836 0
70884 0
70892 0
70893 0
70933 0
70966 0
70968 0
71008 0
71087 0
71095 0
71120 0
71143 0
71191 0
71212 0
71228 0
71237 0
71279 0
71302 0
71321 0
71331 0
71365 0
71377 0
71548 0
71550 0
71566 0
71627 0
71639 0
71664 0
71846 0
71911 0
71913 0
71919 0
71940 0
71955 0
71984 0
71986 0
72005 0
72014 0
72022 0
72088 0
72115 0
72126 0
72202 0
72239 0
72269 0
72270 0
72355 0
72407 0
72420 0
72469 0
72528 0
72545 0
72622 0
72637 0
72729 0
72803 0
72916 0
72983 0
73006 0
73028 0
73043 0
73116 0
73160 0
73180 0
73240 0
73252 0
73338 0
73351 0
73360 0
73369 0
73410 0
73433 0
73477 0
73588 0
73660 0
73711 0
73735 0
73851 0
73891 0
73938 0
73972 0
73999 0
74077 0
74324 0
74632 0
74663 0
74738 0
74753 0
74763 0
74792 0
74794 0
74845 0
74920 0
75011 0
75122 0
75135 0
75151 0
75178 0
75191 0
75249 0
75279 0
75321 0
75366 0
75410 0
75411 0
75445 0
75480 0
75556 0
75577 0
75583 0
75841 0
75847 0
75897 0
75900 0
75917 0
75951 0
75980 0
76214 0
76291 0
76311 0
76463 0
76535 0
76559 0
76759 0
76762 0
76825 0
76917 0
77000 0
77006 0
77013 0
77015 0
77049 0
77055 0
77198 0
77208 0
77223 0
77239 0
77265 0
77369 0
77417 0
77453 0
77480 0
77551 0
77704 0
77817 0
77830 0
77838 0
77956 0
77960 0
78015 0
78055 0
78097 0
78177 0
78192 0
78259 0
78412 0
78469 0
78523 0
78549 0
78606 0
78742 0
79029 0
79064 0
79079 0
79080 0
79104 0
79109 0
79159 0
79249 0
79352 0
79426 0
79519 0
79565 0
79588 0
79598 0
79688 0
79782 0
79932 0
79946 0
79967 0
80173 0
80349 0
80358 0
80475 0
80482 0
80561 0
80671 0
80695 0
80725 0
80809 0
80982 0
81155 0
81227 0
81264 0
81287 0
81293 0
81298 0
81340 0
81354 0
81532 0
81748 0
81856 0
81910 0
81990 0
82064 0
82100 0
82160 0
82356 0
82425 0
82428 0
82430 0
82441 0
82452 0
82459 0
82460 0
82467 0
82519 0
82534 0
82542 0
82583 0
82651 0
82684 0
82753 0
82763 0
82794 0
82869 0
82935 0
82991 0
83017 0
83027 0
83226 0
83235 0
83268 0
83279 0
83296 0
83312 0
83327 0
83366 0
83435 0
83468 0
83696 0
83791 0
83998 0
84001 0
84066 0
84125 0
84177 0
84257 0
84333 0
84408 0
84431 0
84488 0
84507 0
84623 0
84654 0
84663 0
84691 0
84712 0
84739 0
84741 0
84771 0
84783 0
84807 0
84846 0
84857 0
84918 0
84924 0
84950 0
85061 0
85149 0
85171 0
85206 0
85232 0
85302 0
85362 0
85363 0
85399 0
85557 0
85733 0
85770 0
85790 0
85816 0
85881 0
85906 0
85949 0
85970 0
85980 0
86023 0
86070 0
86089 0
86123 0
86153 0
86270 0
86271 0
86318 0
86348 0
86370 0
86391 0
86403 0
86415 0
86519 0
86549 0
86589 0
86608 0
86628 0
86642 0
86663 0
86700 0
86873 0
86877 0
86878 0
86932 0
87058 0
87157 0
87175 0
87200 0
87203 0
87219 0
87355 0
87413 0
87465 0
87467 0
87541 0
87593 0
87627 0
87757 0
87774 0
87820 0
87960 0
87987 0
88038 0
88100 0
88111 0
88162 0
88180 0
88339 0
88423 0
88457 0
88473 0
88512 0
88515 0
88524 0
88525 0
88526 0
88527 0
88582 0
88584 0
88654 0
88677 0
88830 0
88849 0
88952 0
89020 0
89039 0
89112 0
89126 0
89151 0
89154 0
89160 0
89219 0
89258 0
89269 0
89291 0
89306 0
89369 0
89388 0
89461 0
89463 0
89500 0
89529 0
89539 0
89598 0
89638 0
89639 0
89655 0
89693 0
89757 0
89805 0
89807 0
89854 0
89855 0
89860 0
89936 0
89981 0
89987 0
90059 0
90076 0
90240 0
90253 0
90259 0
90275 0
90329 0
90390 0
90408 0
90424 0
90467 0
90503 0
90563 0
90631 0
90687 0
90723 0
90767 0
90788 0
90794 0
90795 0
90830 0
90913 0
90915 0
91032 0
91034 0
91053 0
91081 0
91098 0
91113 0
91151 0
91152 0
91204 0
91237 0
91293 0
91304 0
91325 0
91329 0
91395 0
91411 0
91440 0
91505 0
91519 0
91534 0
91606 0
91616 0
91631 0
91796 0
91950 0
92196 0
92307 0
92357 0
92381 0
92518 0
92620 0
92677 0
92760 0
92773 0
92830 0
92924 0
93014 0
93025 0
93048 0
93098 0
93138 0
93144 0
93179 0
93236 0
93282 0
93327 0
93333 0
93351 0
93430 0
93434 0
93543 0
93716 0
93741 0
93808 0
93833 0
93870 0
93928 0
93971 0
94153 0
94186 0
94209 0
94222 0
94313 0
94382 0
94383 0
94567 0
94669 0
94794 0
94826 0
94841 0
94842 0
94909 0
94983 0
94998 0
95007 0
95029 0
95063 0
95073 0
95129 0
95154 0
95254 0
95282 0
95286 0
95315 0
95421 0
95445 0
95447 0
95470 0
95478 0
95494 0
95516 0
95518 0
95551 0
95626 0
95646 0
95808 0
95947 0
95969 0
95973 0
96017 0
96102 0
96105 0
96154 0
96197 0
96206 0
96208 0
96219 0
96231 0
96244 0
96262 0
96274 0
96303 0
96309 0
96341 0
96422 0
96432 0
96490 0
96538 0
96565 0
96627 0
96688 0
96715 0
96736 0
96839 0
96850 0
96928 0
96945 0
96988 0
97016 0
97062 0
97130 0
97169 0
97176 0
97297 0
97300 0
97356 0
97446 0
97463 0
97499 0
97514 0
97528 0
97558 0
97629 0
97642 0
97655 0
97704 0
97875 0
97882 0
97940 0
97977 0
98004 0
98053 0
98060 0
98083 0
98102 0
98107 0
98109 0
98281 0
98320 0
98349 0
98359 0
98364 0
98418 0
98437 0
98529 0
98562 0
98641 0
98659 0
98679 0
98690 0
98811 0
98882 0
98899 0
98934 0
99015 0
99044 0
99087 0
99144 0
99162 0
99234 0
99249 0
99286 0
99325 0
99370 0
99418 0
99436 0
99479 0
99480 0
99495 0
99529 0
99580 0
99649 0
99678 0
99752 0
99913 0
99919 0
99945 0
