c This is a uniform distributed  1-D DIMACS file 
c width height point_number
p 100000 100000 2048
2 0
14 0
28 0
88 0
95 0
110 0
148 0
191 0
216 0
260 0
416 0
440 0
443 0
527 0
602 0
652 0
668 0
753 0
763 0
811 0
839 0
853 0
930 0
974 0
1036 0
1110 0
1128 0
1138 0
1253 0
1394 0
1556 0
1565 0
1600 0
1630 0
1661 0
1698 0
1720 0
1731 0
1742 0
1892 0
1911 0
1969 0
2035 0
2040 0
2131 0
2154 0
2300 0
2313 0
2316 0
2346 0
2357 0
2395 0
2433 0
2554 0
2563 0
2641 0
2648 0
2662 0
2713 0
2831 0
2841 0
2894 0
2973 0
3122 0
3172 0
3208 0
3273 0
3295 0
3301 0
3371 0
3471 0
3488 0
3533 0
3597 0
3604 0
3662 0
3670 0
3690 0
3692 0
3694 0
3737 0
3809 0
3859 0
3868 0
3872 0
3878 0
3910 0
3917 0
3979 0
4014 0
4107 0
4135 0
4136 0
4137 0
4154 0
4200 0
4300 0
4321 0
4380 0
4407 0
4532 0
4540 0
4608 0
4616 0
4694 0
4706 0
4716 0
4807 0
4843 0
4865 0
4894 0
4900 0
4916 0
4933 0
5024 0
5046 0
5122 0
5132 0
5191 0
5230 0
5302 0
5323 0
5327 0
5376 0
5510 0
5660 0
5672 0
5748 0
5783 0
5919 0
5975 0
6078 0
6083 0
6166 0
6172 0
6196 0
6206 0
6218 0
6342 0
6356 0
6400 0
6410 0
6451 0
6505 0
6530 0
6699 0
6828 0
6851 0
7007 0
7094 0
7249 0
7257 0
7273 0
7296 0
7346 0
7366 0
7475 0
7479 0
7518 0
7616 0
7673 0
7681 0
7695 0
7754 0
7762 0
7764 0
7793 0
7809 0
7840 0
7939 0
7950 0
7961 0
7989 0
8001 0
8003 0
8038 0
8104 0
8138 0
8143 0
8179 0
8219 0
8322 0
8336 0
8378 0
8391 0
8404 0
8411 0
8548 0
8559 0
8567 0
8722 0
8732 0
8852 0
8868 0
8894 0
9025 0
9070 0
9071 0
9080 0
9297 0
9331 0
9342 0
9389 0
9432 0
9474 0
9515 0
9582 0
9624 0
9682 0
9709 0
9715 0
9907 0
9941 0
10083 0
10214 0
10225 0
10233 0
10315 0
10342 0
10420 0
10505 0
10511 0
10572 0
10714 0
10751 0
10798 0
10826 0
11030 0
11086 0
11210 0
11225 0
11235 0
11288 0
11289 0
11422 0
11443 0
11444 0
11499 0
11522 0
11523 0
11534 0
11558 0
11568 0
11590 0
11592 0
11688 0
11697 0
11716 0
11851 0
11966 0
12042 0
12132 0
12133 0
12138 0
12208 0
12221 0
12260 0
12314 0
12363 0
12383 0
12422 0
12451 0
12540 0
12594 0
12618 0
12619 0
12643 0
12692 0
12729 0
12741 0
12798 0
12812 0
12819 0
12841 0
12862 0
12898 0
12970 0
12989 0
13019 0
13021 0
13038 0
13097 0
13237 0
13252 0
13264 0
13288 0
13324 0
13329 0
13369 0
13396 0
13397 0
13425 0
13445 0
13501 0
13532 0
13674 0
13678 0
13738 0
14046 0
14096 0
14123 0
14137 0
14189 0
14456 0
14545 0
14616 0
14629 0
14900 0
15012 0
15126 0
15128 0
15228 0
15253 0
15352 0
15412 0
15427 0
15451 0
15469 0
15473 0
15535 0
15540 0
15592 0
15714 0
15779 0
15836 0
15848 0
15861 0
15864 0
15876 0
15910 0
15944 0
15964 0
16027 0
16091 0
16109 0
16112 0
16116 0
16195 0
16208 0
16224 0
16258 0
16309 0
16310 0
16322 0
16410 0
16482 0
16581 0
16633 0
16654 0
16658 0
16664 0
16745 0
16764 0
16897 0
17126 0
17263 0
17271 0
17376 0
17399 0
17445 0
17553 0
17572 0
17585 0
17706 0
17731 0
17833 0
17875 0
17887 0
17993 0
18001 0
18070 0
18128 0
18221 0
18252 0
18260 0
18273 0
18282 0
18305 0
18329 0
18349 0
18411 0
18447 0
18509 0
18511 0
18601 0
18607 0
18774 0
18791 0
18893 0
19070 0
19080 0
19150 0
19175 0
19264 0
19361 0
19369 0
19382 0
19460 0
19489 0
19514 0
19553 0
19557 0
19560 0
19595 0
19599 0
19652 0
19727 0
19807 0
19822 0
19836 0
19888 0
19941 0
20000 0
20032 0
20069 0
20166 0
20252 0
20294 0
20302 0
20357 0
20409 0
20534 0
20568 0
20589 0
20611 0
20689 0
20871 0
20928 0
20973 0
21080 0
21203 0
21223 0
21284 0
21295 0
21357 0
21413 0
21451 0
21475 0
21497 0
21559 0
21586 0
21615 0
21628 0
21633 0
21672 0
21715 0
21821 0
21849 0
21963 0
22004 0
22008 0
22132 0
22175 0
22275 0
22303 0
22350 0
22378 0
22477 0
22489 0
22514 0
22515 0
22556 0
22641 0
22693 0
22714 0
22744 0
22791 0
22828 0
22958 0
23065 0
23090 0
23175 0
23209 0
23304 0
23360 0
23370 0
23437 0
23482 0
23485 0
23489 0
23521 0
23549 0
23558 0
23578 0
23590 0
23609 0
23637 0
23755 0
23855 0
23858 0
23903 0
23980 0
23985 0
23995 0
24059 0
24061 0
24092 0
24093 0
24116 0
24219 0
24223 0
24370 0
24395 0
24458 0
24525 0
24599 0
24733 0
24900 0
24920 0
24981 0
25111 0
25146 0
25155 0
25283 0
25371 0
25372 0
25394 0
25476 0
25522 0
25529 0
25561 0
25635 0
25641 0
25745 0
25760 0
25854 0
25856 0
25924 0
25959 0
26055 0
26073 0
26086 0
26097 0
26158 0
26173 0
26180 0
26241 0
26351 0
26360 0
26406 0
26417 0
26422 0
26445 0
26629 0
26630 0
26689 0
27026 0
27106 0
27178 0
27248 0
27330 0
27412 0
27443 0
27542 0
27565 0
27679 0
27711 0
27732 0
27741 0
27767 0
27806 0
27854 0
27876 0
27974 0
28016 0
28029 0
28100 0
28165 0
28184 0
28199 0
28213 0
28279 0
28334 0
28380 0
28405 0
28576 0
28629 0
28655 0
28680 0
28699 0
28720 0
28798 0
28831 0
28890 0
28909 0
29240 0
29260 0
29267 0
29271 0
29272 0
29536 0
29564 0
29586 0
29614 0
29662 0
29703 0
29716 0
29844 0
29890 0
29896 0
30008 0
30058 0
30081 0
30194 0
30208 0
30242 0
30244 0
30249 0
30269 0
30369 0
30447 0
30557 0
30592 0
30650 0
30716 0
30758 0
30765 0
30827 0
30882 0
30994 0
31028 0
31062 0
31093 0
31115 0
31151 0
31412 0
31460 0
31540 0
31584 0
31649 0
31700 0
31798 0
31860 0
31930 0
31935 0
32004 0
32020 0
32076 0
32083 0
32104 0
32123 0
32207 0
32230 0
32256 0
32271 0
32292 0
32357 0
32359 0
32440 0
32455 0
32456 0
32464 0
32468 0
32491 0
32566 0
32573 0
32581 0
32590 0
32601 0
32603 0
32627 0
32645 0
32650 0
32662 0
32723 0
32762 0
32763 0
32767 0
32793 0
32798 0
32876 0
32896 0
32905 0
32922 0
32926 0
32929 0
33099 0
33166 0
33221 0
33299 0
33421 0
33426 0
33451 0
33456 0
33471 0
33498 0
33600 0
33707 0
33744 0
33783 0
33834 0
33852 0
33944 0
33984 0
34020 0
34028 0
34038 0
34143 0
34183 0
34195 0
34303 0
34513 0
34521 0
34562 0
34580 0
34611 0
34691 0
34795 0
34837 0
34869 0
34951 0
34983 0
35073 0
35156 0
35188 0
35226 0
35240 0
35245 0
35344 0
35516 0
35518 0
35534 0
35553 0
35638 0
35665 0
35733 0
35889 0
36078 0
36083 0
36149 0
36160 0
36168 0
36177 0
36242 0
36389 0
36390 0
36428 0
36446 0
36515 0
36565 0
36590 0
36594 0
36615 0
36670 0
36680 0
36696 0
36916 0
36917 0
36919 0
37001 0
37004 0
37026 0
37142 0
37144 0
37239 0
37249 0
37293 0
37356 0
37403 0
37500 0
37547 0
37770 0
37808 0
37822 0
37919 0
37981 0
38031 0
38039 0
38063 0
38088 0
38103 0
38219 0
38220 0
38262 0
38302 0
38328 0
38362 0
38462 0
38490 0
38518 0
38575 0
38579 0
38663 0
38680 0
38764 0
38802 0
38827 0
38928 0
38938 0
38960 0
39112 0
39157 0
39181 0
39196 0
39218 0
39263 0
39465 0
39468 0
39515 0
39526 0
39558 0
39581 0
39698 0
39756 0
39803 0
39807 0
39874 0
39987 0
40035 0
40061 0
40121 0
40157 0
40175 0
40357 0
40359 0
40521 0
40544 0
40617 0
40697 0
40758 0
40771 0
40815 0
40823 0
40824 0
40902 0
40910 0
40945 0
40978 0
41077 0
41130 0
41180 0
41231 0
41281 0
41322 0
41331 0
41354 0
41413 0
41436 0
41442 0
41498 0
41506 0
41510 0
41523 0
41544 0
41583 0
41622 0
41638 0
41676 0
41806 0
41809 0
41854 0
41882 0
41885 0
41894 0
41921 0
42041 0
42044 0
42067 0
42082 0
42280 0
42287 0
42297 0
42312 0
42338 0
42358 0
42390 0
42439 0
42474 0
42509 0
42566 0
42619 0
42645 0
42646 0
42651 0
42659 0
42721 0
42754 0
42784 0
42895 0
42901 0
42965 0
42990 0
43038 0
43177 0
43368 0
43374 0
43402 0
43554 0
43570 0
43576 0
43622 0
43632 0
43688 0
43727 0
43731 0
43758 0
43775 0
43782 0
43788 0
43822 0
43847 0
43888 0
43925 0
43988 0
44017 0
44085 0
44106 0
44119 0
44131 0
44141 0
44151 0
44194 0
44245 0
44267 0
44286 0
44365 0
44374 0
44394 0
44433 0
44453 0
44551 0
44579 0
44600 0
44606 0
44661 0
44696 0
44805 0
44813 0
44903 0
44906 0
44915 0
44945 0
45025 0
45028 0
45177 0
45200 0
45225 0
45228 0
45253 0
45270 0
45289 0
45338 0
45468 0
45763 0
45797 0
45881 0
45882 0
46012 0
46052 0
46059 0
46086 0
46108 0
46120 0
46172 0
46184 0
46210 0
46224 0
46225 0
46284 0
46322 0
46433 0
46473 0
46567 0
46573 0
46590 0
46622 0
46696 0
46739 0
46781 0
46797 0
46915 0
46987 0
46989 0
46998 0
47056 0
47188 0
47221 0
47250 0
47263 0
47280 0
47295 0
47405 0
47426 0
47575 0
47642 0
47649 0
47698 0
47716 0
47746 0
47794 0
47820 0
47854 0
47958 0
47994 0
48005 0
48014 0
48036 0
48124 0
48133 0
48182 0
48183 0
48231 0
48301 0
48346 0
48412 0
48470 0
48537 0
48637 0
48641 0
48642 0
48739 0
48746 0
48781 0
48791 0
48833 0
48841 0
48922 0
48928 0
48974 0
49108 0
49169 0
49180 0
49284 0
49341 0
49545 0
49641 0
49649 0
49702 0
49710 0
49736 0
49814 0
49994 0
50089 0
50215 0
50274 0
50355 0
50404 0
50453 0
50473 0
50563 0
50574 0
50600 0
50661 0
50664 0
50677 0
50699 0
50703 0
50717 0
50732 0
50747 0
50748 0
50799 0
50816 0
50841 0
50852 0
50944 0
51002 0
51020 0
51058 0
51065 0
51086 0
51179 0
51319 0
51335 0
51380 0
51416 0
51430 0
51462 0
51473 0
51506 0
51508 0
51601 0
51646 0
51654 0
51734 0
51774 0
51785 0
51888 0
51933 0
51983 0
52120 0
52135 0
52198 0
52220 0
52278 0
52298 0
52311 0
52338 0
52374 0
52476 0
52516 0
52518 0
52612 0
52772 0
52784 0
53022 0
53035 0
53202 0
53308 0
53334 0
53342 0
53371 0
53440 0
53443 0
53462 0
53481 0
53658 0
53803 0
53921 0
53947 0
54015 0
54066 0
54112 0
54123 0
54171 0
54181 0
54220 0
54304 0
54403 0
54434 0
54445 0
54499 0
54712 0
54736 0
54749 0
54873 0
54874 0
54883 0
54955 0
54995 0
55020 0
55070 0
55127 0
55144 0
55216 0
55246 0
55289 0
55305 0
55325 0
55348 0
55447 0
55466 0
55472 0
55487 0
55496 0
55664 0
55819 0
55848 0
55856 0
55875 0
55918 0
55940 0
55964 0
56049 0
56135 0
56167 0
56269 0
56281 0
56414 0
56469 0
56513 0
56535 0
56623 0
56729 0
56744 0
56748 0
56933 0
56948 0
56973 0
57081 0
57143 0
57173 0
57198 0
57209 0
57337 0
57367 0
57393 0
57398 0
57505 0
57554 0
57576 0
57640 0
57646 0
57660 0
57666 0
57673 0
57689 0
57692 0
57708 0
57721 0
57752 0
57817 0
57881 0
58010 0
58016 0
58019 0
58129 0
58174 0
58184 0
58191 0
58197 0
58258 0
58333 0
58396 0
58481 0
58507 0
58510 0
58514 0
58547 0
58559 0
58564 0
58570 0
58584 0
58639 0
58685 0
58723 0
58788 0
58923 0
58987 0
59095 0
59102 0
59126 0
59151 0
59228 0
59291 0
59329 0
59437 0
59563 0
59599 0
59607 0
59628 0
59717 0
59765 0
59807 0
59823 0
59826 0
59829 0
59847 0
59849 0
59866 0
59871 0
59926 0
60034 0
60053 0
60091 0
60197 0
60200 0
60229 0
60347 0
60376 0
60460 0
60464 0
60531 0
60685 0
60710 0
60730 0
60769 0
60804 0
60966 0
61013 0
61044 0
61142 0
61179 0
61215 0
61235 0
61287 0
61438 0
61492 0
61523 0
61558 0
61674 0
61715 0
61717 0
61750 0
61868 0
61880 0
61915 0
61950 0
61963 0
62020 0
62023 0
62041 0
62046 0
62078 0
62137 0
62206 0
62278 0
62294 0
62345 0
62371 0
62378 0
62424 0
62449 0
62536 0
62543 0
62568 0
62715 0
62726 0
62800 0
62806 0
62826 0
62832 0
62871 0
62882 0
62964 0
63000 0
63021 0
63068 0
63071 0
63213 0
63384 0
63386 0
63483 0
63493 0
63585 0
63586 0
63648 0
63661 0
63673 0
63742 0
63777 0
63784 0
63912 0
63922 0
63955 0
63966 0
63971 0
63979 0
64077 0
64125 0
64150 0
64172 0
64236 0
64257 0
64282 0
64286 0
64370 0
64406 0
64471 0
64494 0
64500 0
64545 0
64730 0
64816 0
64823 0
64901 0
64955 0
64980 0
64997 0
65046 0
65047 0
65074 0
65076 0
65123 0
65146 0
65149 0
65255 0
65288 0
65290 0
65298 0
65335 0
65344 0
65474 0
65636 0
65749 0
65834 0
65842 0
65882 0
65922 0
65927 0
65980 0
66014 0
66106 0
66130 0
66167 0
66196 0
66202 0
66283 0
66396 0
66397 0
66465 0
66510 0
66606 0
66607 0
66641 0
66711 0
66739 0
66785 0
66786 0
66920 0
66948 0
66986 0
66992 0
67005 0
67034 0
67043 0
67094 0
67168 0
67216 0
67236 0
67331 0
67369 0
67389 0
67494 0
67498 0
67531 0
67539 0
67888 0
68016 0
68158 0
68160 0
68216 0
68263 0
68286 0
68294 0
68447 0
68458 0
68606 0
68646 0
69020 0
69109 0
69118 0
69182 0
69197 0
69214 0
69290 0
69388 0
69450 0
69501 0
69515 0
69570 0
69574 0
69634 0
69655 0
69672 0
69675 0
69807 0
69891 0
69918 0
70007 0
70042 0
70100 0
70121 0
70152 0
70201 0
70211 0
70254 0
70336 0
70379 0
70397 0
70401 0
70431 0
70438 0
70479 0
70555 0
70590 0
70720 0
70853 0
70880 0
70942 0
71073 0
71116 0
71143 0
71154 0
71195 0
71309 0
71325 0
71391 0
71550 0
71662 0
71681 0
71704 0
71760 0
71783 0
71945 0
71982 0
72003 0
72061 0
72137 0
72150 0
72194 0
72225 0
72246 0
72318 0
72335 0
72366 0
72493 0
72512 0
72540 0
72559 0
72591 0
72626 0
72647 0
72651 0
72710 0
72726 0
72789 0
72797 0
72821 0
72829 0
72830 0
72887 0
72890 0
72899 0
72994 0
73145 0
73156 0
73177 0
73191 0
73218 0
73318 0
73422 0
73449 0
73450 0
73459 0
73469 0
73510 0
73518 0
73520 0
73601 0
73623 0
73643 0
73695 0
73723 0
73757 0
73779 0
73887 0
73926 0
74066 0
74080 0
74152 0
74329 0
74465 0
74470 0
74560 0
74606 0
74622 0
74672 0
74695 0
74753 0
74885 0
74940 0
75049 0
75070 0
75105 0
75121 0
75143 0
75219 0
75231 0
75232 0
75250 0
75283 0
75290 0
75317 0
75376 0
75398 0
75434 0
75484 0
75574 0
75587 0
75633 0
75654 0
75699 0
75704 0
75713 0
75872 0
75903 0
75968 0
76087 0
76128 0
76150 0
76212 0
76254 0
76256 0
76276 0
76335 0
76544 0
76555 0
76574 0
76603 0
76668 0
76683 0
76729 0
76744 0
76815 0
76829 0
76830 0
76839 0
76900 0
76906 0
76948 0
76949 0
76975 0
77008 0
77060 0
77082 0
77088 0
77150 0
77269 0
77348 0
77434 0
77561 0
77576 0
77706 0
77762 0
77786 0
77810 0
78180 0
78203 0
78342 0
78362 0
78448 0
78467 0
78552 0
78588 0
78635 0
78649 0
78663 0
78713 0
78722 0
78817 0
78838 0
78841 0
78869 0
78885 0
78905 0
78932 0
78952 0
78957 0
79104 0
79187 0
79221 0
79266 0
79300 0
79328 0
79352 0
79450 0
79452 0
79557 0
79573 0
79576 0
79676 0
79682 0
79705 0
79800 0
79813 0
79910 0
79922 0
79929 0
79978 0
80002 0
80009 0
80041 0
80106 0
80136 0
80209 0
80231 0
80261 0
80274 0
80276 0
80277 0
80334 0
80346 0
80360 0
80397 0
80468 0
80516 0
80550 0
80652 0
80766 0
80852 0
80864 0
81022 0
81055 0
81144 0
81214 0
81318 0
81334 0
81355 0
81360 0
81379 0
81405 0
81414 0
81419 0
81465 0
81473 0
81489 0
81688 0
81711 0
81731 0
81765 0
81776 0
81848 0
81866 0
81867 0
81888 0
81951 0
82118 0
82245 0
82264 0
82272 0
82294 0
82334 0
82483 0
82612 0
82630 0
82665 0
82682 0
82854 0
82867 0
82875 0
82882 0
82902 0
82909 0
82938 0
82944 0
82965 0
83019 0
83028 0
83045 0
83053 0
83089 0
83231 0
83338 0
83381 0
83391 0
83520 0
83536 0
83553 0
83557 0
83613 0
83614 0
83638 0
83689 0
83835 0
83860 0
83861 0
84002 0
84025 0
84110 0
84171 0
84416 0
84462 0
84491 0
84586 0
84635 0
84637 0
84804 0
84897 0
84981 0
84990 0
85039 0
85078 0
85260 0
85376 0
85471 0
85494 0
85514 0
85555 0
85599 0
85615 0
85739 0
85760 0
85863 0
85931 0
85976 0
85993 0
86032 0
86076 0
86137 0
86169 0
86178 0
86188 0
86314 0
86320 0
86366 0
86410 0
86435 0
86439 0
86497 0
86513 0
86749 0
86794 0
86896 0
86949 0
87130 0
87141 0
87216 0
87289 0
87308 0
87322 0
87324 0
87338 0
87351 0
87417 0
87508 0
87512 0
87624 0
87655 0
87714 0
87731 0
87854 0
87986 0
88036 0
88054 0
88073 0
88149 0
88172 0
88275 0
88409 0
88425 0
88429 0
88450 0
88541 0
88629 0
88780 0
88802 0
88878 0
88898 0
89110 0
89134 0
89156 0
89166 0
89227 0
89274 0
89364 0
89397 0
89436 0
89550 0
89589 0
89658 0
89688 0
89706 0
89790 0
89871 0
89874 0
89902 0
89908 0
89918 0
89986 0
90007 0
90026 0
90059 0
90067 0
90082 0
90084 0
90090 0
90124 0
90267 0
90368 0
90586 0
90703 0
90744 0
90791 0
90887 0
90977 0
91161 0
91269 0
91281 0
91323 0
91465 0
91479 0
91527 0
91602 0
91623 0
91642 0
91709 0
91799 0
91824 0
91837 0
91850 0
91881 0
91887 0
91898 0
91973 0
92024 0
92052 0
92073 0
92127 0
92139 0
92243 0
92481 0
92512 0
92537 0
92597 0
92619 0
92667 0
92749 0
92773 0
92778 0
92779 0
92824 0
93208 0
93225 0
93229 0
93282 0
93322 0
93467 0
93535 0
93618 0
93657 0
93668 0
93678 0
93773 0
93803 0
93862 0
94044 0
94125 0
94164 0
94190 0
94231 0
94285 0
94317 0
94323 0
94327 0
94354 0
94386 0
94423 0
94453 0
94510 0
94536 0
94632 0
94680 0
94755 0
94769 0
94800 0
94826 0
94829 0
94875 0
94878 0
94882 0
94901 0
94907 0
94908 0
94955 0
94967 0
94985 0
95019 0
95038 0
95148 0
95172 0
95253 0
95269 0
95315 0
95323 0
95341 0
95368 0
95374 0
95422 0
95464 0
95606 0
95684 0
95687 0
95729 0
95832 0
95839 0
95856 0
95857 0
95950 0
96014 0
96135 0
96164 0
96168 0
96212 0
96313 0
96418 0
96419 0
96421 0
96445 0
96486 0
96497 0
96618 0
96645 0
96664 0
96680 0
96700 0
96707 0
96711 0
96716 0
96736 0
96778 0
96784 0
96812 0
96839 0
96858 0
96890 0
96926 0
96979 0
96991 0
97083 0
97090 0
97169 0
97202 0
97248 0
97384 0
97505 0
97529 0
97632 0
97777 0
97806 0
97822 0
97929 0
97943 0
98056 0
98062 0
98068 0
98120 0
98158 0
98255 0
98369 0
98403 0
98472 0
98487 0
98536 0
98544 0
98550 0
98560 0
98588 0
98612 0
98669 0
98674 0
98729 0
98796 0
98804 0
98850 0
98866 0
98921 0
98950 0
98993 0
99017 0
99081 0
99134 0
99233 0
99270 0
99407 0
99417 0
99419 0
99467 0
99517 0
99564 0
99684 0
99690 0
99710 0
99775 0
99781 0
99841 0
99992 0
99993 0
