c This is a uniform distributed  1-D DIMACS file 
c width height point_number
p 100000 100000 128
120 0
1638 0
2186 0
5424 0
6201 0
6464 0
8058 0
13616 0
13620 0
14057 0
16169 0
16257 0
16359 0
16409 0
17484 0
18044 0
18397 0
19374 0
23630 0
24276 0
24501 0
25534 0
27149 0
27942 0
28841 0
29368 0
29591 0
29735 0
29738 0
30015 0
30255 0
30728 0
31640 0
32611 0
33951 0
34535 0
34600 0
35668 0
35681 0
37326 0
37596 0
38511 0
38817 0
39073 0
39088 0
43630 0
43740 0
45060 0
45796 0
46510 0
46647 0
47047 0
47194 0
48798 0
50379 0
53972 0
54070 0
54385 0
54867 0
55047 0
55702 0
58445 0
58471 0
60145 0
60212 0
62616 0
62984 0
63039 0
63076 0
63672 0
64079 0
68260 0
68591 0
68769 0
69189 0
69553 0
70301 0
70480 0
70966 0
70999 0
71213 0
71898 0
73384 0
75714 0
75739 0
75783 0
76346 0
76659 0
77305 0
77419 0
77469 0
80013 0
80368 0
80397 0
82795 0
83237 0
83658 0
84295 0
84717 0
85282 0
85319 0
86418 0
86897 0
86932 0
86955 0
87116 0
87441 0
88464 0
88679 0
88945 0
90497 0
91851 0
92061 0
92454 0
93586 0
93614 0
93804 0
93927 0
94115 0
94173 0
94198 0
94652 0
96089 0
96784 0
96833 0
97036 0
98841 0
99461 0
