c This is a uniform distributed  1-D DIMACS file 
c width height point_number
p 100000 100000 128
9 0
1310 0
1647 0
3311 0
3975 0
4343 0
7885 0
8300 0
8965 0
8973 0
9350 0
9401 0
10242 0
10609 0
11194 0
11835 0
13341 0
13650 0
13767 0
14459 0
15043 0
15614 0
15713 0
16119 0
17029 0
17143 0
17521 0
17636 0
19538 0
20140 0
20255 0
20869 0
25024 0
25063 0
25506 0
26331 0
26750 0
27138 0
29531 0
29917 0
30371 0
31808 0
31825 0
32040 0
32213 0
33346 0
33510 0
34541 0
35455 0
35752 0
37622 0
38175 0
38317 0
39573 0
40246 0
40670 0
41431 0
42105 0
43042 0
43605 0
45667 0
46264 0
46625 0
47450 0
47688 0
47862 0
49274 0
49982 0
50950 0
51508 0
51683 0
51698 0
52547 0
54048 0
56174 0
56269 0
56527 0
56755 0
57185 0
57339 0
58876 0
58882 0
59641 0
60481 0
60747 0
61986 0
62266 0
63004 0
63649 0
63857 0
64242 0
65604 0
66977 0
68095 0
68912 0
69638 0
70864 0
71481 0
71888 0
71952 0
72996 0
73335 0
75495 0
76851 0
77875 0
78815 0
80348 0
80754 0
80842 0
81212 0
81663 0
81741 0
81969 0
83226 0
83914 0
84209 0
86426 0
87202 0
88765 0
89619 0
90162 0
90905 0
91902 0
93048 0
94444 0
96524 0
96768 0
99534 0
