c This is a uniform distributed  1-D DIMACS file 
c width height point_number
p 100000 100000 128
302 0
1726 0
4363 0
4382 0
6549 0
7705 0
7845 0
8580 0
9044 0
10134 0
10144 0
10260 0
10831 0
11460 0
12220 0
12926 0
13710 0
18269 0
19354 0
19437 0
20304 0
20726 0
21602 0
21763 0
23385 0
23444 0
26656 0
26876 0
27142 0
27891 0
28492 0
29271 0
29343 0
29996 0
31276 0
31322 0
32162 0
32458 0
32461 0
32719 0
32829 0
32998 0
34076 0
34251 0
35906 0
37588 0
39049 0
39476 0
39557 0
40089 0
40757 0
41244 0
41543 0
43286 0
45465 0
45666 0
45951 0
46355 0
47230 0
47947 0
48447 0
49124 0
49701 0
50380 0
51432 0
52168 0
53392 0
53690 0
53747 0
55085 0
56048 0
56184 0
56947 0
57922 0
58247 0
58360 0
58982 0
59966 0
62997 0
63374 0
64283 0
64389 0
65693 0
66176 0
69007 0
69571 0
69768 0
69949 0
70582 0
71008 0
71182 0
71926 0
72869 0
74166 0
74476 0
75422 0
76382 0
76508 0
78312 0
79316 0
79704 0
79998 0
80464 0
80971 0
84033 0
86311 0
86517 0
86946 0
87184 0
87437 0
87888 0
88609 0
88888 0
90215 0
90714 0
90919 0
91981 0
92037 0
92350 0
92898 0
95438 0
95844 0
96095 0
96837 0
97549 0
99042 0
99167 0
99247 0
