c This is a uniform distributed  1-D DIMACS file 
c width height point_number
p 100000 100000 128
376 0
1711 0
5028 0
9431 0
9723 0
9761 0
11982 0
12920 0
12931 0
13115 0
13158 0
14175 0
14594 0
17298 0
17519 0
18256 0
18798 0
19756 0
20732 0
21696 0
22645 0
23800 0
24434 0
24872 0
26387 0
26633 0
26763 0
27843 0
29313 0
29750 0
30300 0
30749 0
31298 0
31418 0
34285 0
34684 0
35311 0
35792 0
37002 0
37667 0
37867 0
38733 0
42789 0
44090 0
44213 0
44693 0
44760 0
44787 0
44907 0
46878 0
48108 0
49072 0
49647 0
50343 0
50377 0
50499 0
51211 0
51599 0
51884 0
51925 0
52049 0
53092 0
53111 0
53464 0
53750 0
55919 0
56851 0
57176 0
57308 0
57867 0
58543 0
59467 0
60474 0
62769 0
63667 0
64325 0
64607 0
64964 0
66202 0
66878 0
69573 0
70359 0
70906 0
73779 0
77562 0
78098 0
78153 0
78167 0
78430 0
78435 0
78912 0
81018 0
81227 0
81579 0
82039 0
82575 0
83090 0
84993 0
85229 0
86674 0
86898 0
87080 0
88867 0
89203 0
90269 0
90511 0
90996 0
91016 0
91063 0
91097 0
91501 0
91945 0
91998 0
92160 0
92670 0
92766 0
92957 0
93664 0
94279 0
94365 0
94473 0
94792 0
96519 0
98353 0
98388 0
98464 0
98515 0
99806 0
