c This is a uniform distributed  1-D DIMACS file 
c width height point_number
p 100000 100000 128
1402 0
1461 0
2178 0
2876 0
3447 0
4144 0
5862 0
7240 0
7833 0
8072 0
8675 0
8677 0
10203 0
12421 0
12579 0
13476 0
15320 0
16825 0
17081 0
17738 0
18752 0
19015 0
20789 0
21357 0
21622 0
22354 0
24461 0
25319 0
25504 0
25836 0
26429 0
26503 0
28927 0
29775 0
29795 0
30163 0
31004 0
31079 0
31934 0
32165 0
32936 0
33382 0
34179 0
35896 0
36679 0
36809 0
37601 0
37693 0
37914 0
38085 0
39039 0
39060 0
40244 0
40338 0
40515 0
41133 0
41748 0
41920 0
42166 0
43019 0
43440 0
43485 0
44524 0
44752 0
45080 0
45767 0
45860 0
46039 0
47832 0
48502 0
49564 0
49643 0
50180 0
50815 0
51458 0
51503 0
52411 0
52418 0
53213 0
53455 0
54839 0
56034 0
57160 0
58124 0
58577 0
59240 0
59349 0
59432 0
61013 0
61313 0
63973 0
66179 0
67353 0
68570 0
72378 0
73935 0
74288 0
74336 0
76061 0
77410 0
79221 0
81296 0
82133 0
82166 0
83607 0
83861 0
84180 0
84204 0
86124 0
86126 0
87209 0
88361 0
88619 0
88714 0
88984 0
89397 0
92608 0
92668 0
92826 0
93089 0
93215 0
93644 0
93722 0
93724 0
95033 0
96140 0
96659 0
96997 0
