c This is a uniform distributed  1-D DIMACS file 
c width height point_number
p 100000 100000 128
1656 0
2513 0
2538 0
4181 0
4750 0
5473 0
9861 0
11747 0
11976 0
12314 0
14101 0
14457 0
14772 0
15271 0
16549 0
16715 0
16926 0
16964 0
19399 0
21833 0
24044 0
25774 0
26176 0
28162 0
28253 0
30009 0
31243 0
31955 0
32331 0
32909 0
33230 0
33302 0
34469 0
34493 0
36387 0
37366 0
37724 0
40499 0
41081 0
41155 0
41369 0
42764 0
42899 0
43066 0
43493 0
43621 0
43959 0
44365 0
45466 0
45922 0
47570 0
48280 0
49724 0
50281 0
51646 0
52809 0
52863 0
53124 0
54588 0
55040 0
55171 0
55771 0
56895 0
56956 0
58277 0
58356 0
58546 0
59411 0
60279 0
60626 0
60651 0
61463 0
61995 0
62180 0
63172 0
63311 0
64403 0
64407 0
64762 0
66014 0
68583 0
68587 0
68955 0
69028 0
70661 0
71358 0
73462 0
73830 0
74357 0
74825 0
76197 0
78996 0
79096 0
79361 0
79806 0
80160 0
80634 0
80993 0
81587 0
81838 0
82347 0
82666 0
82959 0
84000 0
84196 0
84274 0
84720 0
85545 0
86501 0
89164 0
89198 0
89438 0
89654 0
90234 0
90486 0
90822 0
90921 0
92003 0
92247 0
92319 0
92794 0
93257 0
93910 0
96297 0
96424 0
97516 0
97566 0
98171 0
