c This is a uniform distributed  1-D DIMACS file 
c width height point_number
p 100000 100000 128
362 0
1019 0
1078 0
1618 0
1924 0
2698 0
4203 0
4303 0
5649 0
6448 0
8088 0
8333 0
9051 0
10099 0
10549 0
12299 0
12758 0
13067 0
13146 0
14306 0
14724 0
14932 0
15592 0
15821 0
17081 0
19732 0
20150 0
20371 0
20463 0
21109 0
22267 0
22425 0
24372 0
24905 0
25285 0
25799 0
29774 0
30395 0
31166 0
31279 0
31407 0
31549 0
31583 0
32238 0
33200 0
35706 0
36146 0
36153 0
37366 0
37984 0
38805 0
39253 0
39666 0
41265 0
41413 0
41694 0
41751 0
42466 0
42504 0
44413 0
44455 0
44510 0
46172 0
46319 0
48755 0
48843 0
48897 0
49678 0
49752 0
50538 0
50821 0
51837 0
52611 0
55464 0
56108 0
56529 0
56670 0
56994 0
57797 0
59181 0
59282 0
60402 0
60740 0
61565 0
62368 0
63569 0
64631 0
65061 0
65224 0
67189 0
67806 0
67919 0
69326 0
72762 0
73273 0
73995 0
74592 0
76303 0
76847 0
77100 0
77518 0
78027 0
81416 0
82893 0
83090 0
83452 0
83534 0
86420 0
86425 0
87658 0
87979 0
88355 0
88978 0
89006 0
89702 0
90274 0
91707 0
93595 0
93778 0
93827 0
93938 0
94852 0
94895 0
95915 0
97030 0
97088 0
97493 0
99652 0
