c This is a uniform distributed  1-D DIMACS file 
c width height point_number
p 100000 100000 128
1090 0
1207 0
3141 0
3348 0
3513 0
3638 0
4547 0
6342 0
6586 0
7159 0
7453 0
8574 0
11128 0
11613 0
11687 0
12131 0
12492 0
14174 0
14846 0
15518 0
16052 0
17014 0
17298 0
18298 0
18573 0
19366 0
19806 0
21905 0
22485 0
22514 0
23577 0
24224 0
24238 0
26794 0
28262 0
31553 0
32981 0
34136 0
35458 0
38412 0
38511 0
39023 0
40296 0
40774 0
41092 0
41768 0
42442 0
43077 0
44043 0
44364 0
45490 0
45863 0
47193 0
47663 0
47762 0
48055 0
49118 0
49254 0
51007 0
51042 0
51706 0
52093 0
54250 0
56930 0
57282 0
57874 0
58668 0
58868 0
59379 0
60425 0
61184 0
63870 0
64066 0
64987 0
67142 0
67782 0
68008 0
68304 0
68486 0
69632 0
69869 0
70572 0
70669 0
70793 0
71412 0
71815 0
72132 0
72150 0
73007 0
74334 0
74817 0
75557 0
76869 0
77938 0
77956 0
78815 0
79775 0
80266 0
80434 0
81906 0
81914 0
82055 0
82180 0
82500 0
83879 0
84847 0
85724 0
87060 0
87409 0
87678 0
88015 0
88553 0
88887 0
88901 0
90684 0
91611 0
91746 0
92937 0
93488 0
94097 0
95471 0
95566 0
96303 0
96466 0
96668 0
96970 0
98413 0
99348 0
