c This is a uniform distributed  1-D DIMACS file 
c width height point_number
p 100000 100000 128
1409 0
2412 0
2769 0
3929 0
4265 0
4472 0
4654 0
5371 0
5700 0
5744 0
5801 0
6001 0
6778 0
7627 0
8277 0
11276 0
12486 0
12608 0
15584 0
17920 0
18493 0
20234 0
20353 0
21922 0
23770 0
27548 0
28161 0
31323 0
34141 0
34475 0
34512 0
35815 0
35913 0
36838 0
36875 0
36940 0
37631 0
38946 0
40903 0
41089 0
41298 0
41662 0
42223 0
42596 0
43060 0
43442 0
43444 0
44543 0
44585 0
45080 0
45249 0
45582 0
45590 0
45992 0
47294 0
47867 0
48544 0
50353 0
50503 0
50591 0
51609 0
52201 0
52668 0
53045 0
54328 0
54740 0
55655 0
55832 0
56030 0
56708 0
57071 0
57204 0
58074 0
58741 0
58752 0
59451 0
59599 0
59671 0
60076 0
61869 0
62547 0
63471 0
63858 0
65649 0
67863 0
68371 0
68522 0
68691 0
69123 0
69358 0
70946 0
71679 0
73664 0
74731 0
75052 0
75110 0
75305 0
76840 0
76987 0
77617 0
77631 0
77811 0
78632 0
79974 0
80240 0
82022 0
83386 0
83961 0
85769 0
86258 0
86282 0
86418 0
86872 0
87371 0
88447 0
89155 0
89697 0
89941 0
90094 0
92336 0
92681 0
94132 0
94473 0
96788 0
97460 0
98481 0
98627 0
98688 0
