c This is a uniform distributed  1-D DIMACS file 
c width height point_number
p 100000 100000 128
654 0
1143 0
1583 0
1590 0
1815 0
4849 0
5140 0
7866 0
7878 0
8545 0
8567 0
9115 0
9501 0
9999 0
10412 0
10597 0
11952 0
12171 0
12293 0
14370 0
14880 0
15356 0
16152 0
18381 0
19246 0
19251 0
20151 0
21994 0
22324 0
23323 0
23577 0
23640 0
24528 0
25216 0
25430 0
25540 0
27311 0
28340 0
28596 0
29808 0
29973 0
31496 0
34347 0
36681 0
37150 0
37256 0
39350 0
39952 0
41085 0
41195 0
41664 0
42001 0
42004 0
42038 0
42673 0
44018 0
45702 0
47073 0
47264 0
47385 0
50154 0
50907 0
51815 0
52568 0
52651 0
52975 0
53055 0
54270 0
55435 0
56145 0
56338 0
56644 0
60498 0
61407 0
63089 0
63175 0
63422 0
63827 0
64416 0
64517 0
65337 0
65726 0
66077 0
67156 0
68384 0
68818 0
68906 0
70169 0
70965 0
71095 0
71464 0
71713 0
72964 0
75544 0
75930 0
76027 0
76629 0
80130 0
80502 0
80673 0
81236 0
81434 0
82577 0
83759 0
84677 0
84851 0
85325 0
87384 0
88641 0
88669 0
89416 0
90972 0
91043 0
91748 0
92364 0
93119 0
93778 0
94500 0
94794 0
95526 0
96086 0
96408 0
96883 0
97282 0
97360 0
97782 0
98147 0
98547 0
