c This is a uniform distributed  1-D DIMACS file 
c width height point_number
p 100000 100000 128
803 0
1572 0
1714 0
1739 0
2205 0
2347 0
2533 0
5075 0
5400 0
5466 0
6062 0
6800 0
7252 0
9021 0
10004 0
11690 0
11768 0
12312 0
12770 0
13101 0
13339 0
15035 0
15309 0
16845 0
16892 0
17504 0
18843 0
18990 0
19502 0
20063 0
21141 0
21559 0
23575 0
23640 0
24554 0
27355 0
27413 0
27484 0
27519 0
27620 0
28604 0
30289 0
30507 0
31706 0
32404 0
32764 0
34093 0
34470 0
35983 0
36444 0
36585 0
37049 0
37124 0
39477 0
40612 0
43016 0
43199 0
43560 0
43881 0
44097 0
45035 0
45502 0
46236 0
46392 0
47455 0
48107 0
48362 0
49513 0
49775 0
50327 0
50809 0
51008 0
51461 0
51958 0
53319 0
54182 0
56763 0
57142 0
57834 0
57943 0
58482 0
58520 0
59231 0
60228 0
63797 0
63899 0
64531 0
64804 0
65346 0
65934 0
66510 0
66728 0
68152 0
70301 0
70679 0
71174 0
72154 0
73236 0
73679 0
73737 0
73887 0
77856 0
78012 0
78155 0
78207 0
78730 0
79286 0
81299 0
81571 0
82165 0
82573 0
82942 0
83035 0
84062 0
85548 0
86838 0
87223 0
90907 0
92881 0
93600 0
93754 0
95451 0
95673 0
95849 0
96869 0
97256 0
98787 0
99164 0
