c This is a uniform distributed  1-D DIMACS file 
c width height point_number
p 100000 100000 128
459 0
736 0
2019 0
3427 0
3719 0
4776 0
4839 0
5481 0
6257 0
6715 0
7625 0
8001 0
10248 0
10377 0
11285 0
11434 0
11795 0
13308 0
14152 0
14190 0
14923 0
14971 0
15049 0
15975 0
17785 0
18418 0
19149 0
22969 0
23231 0
23773 0
24026 0
25528 0
25941 0
26120 0
27284 0
27658 0
28142 0
29095 0
29123 0
30224 0
31685 0
32690 0
33150 0
34187 0
34269 0
35350 0
35644 0
36980 0
37814 0
38156 0
42046 0
43360 0
43427 0
43428 0
43568 0
44156 0
45155 0
45406 0
45480 0
45885 0
45898 0
47072 0
47124 0
48595 0
48677 0
49002 0
49271 0
49359 0
50064 0
50324 0
50570 0
50727 0
51118 0
53008 0
53659 0
53812 0
55723 0
56536 0
56662 0
57920 0
60355 0
61788 0
62202 0
62427 0
63594 0
63972 0
64477 0
65386 0
66325 0
67633 0
68394 0
69902 0
69937 0
70084 0
70467 0
71321 0
72736 0
75494 0
76271 0
76462 0
77504 0
78024 0
78492 0
78581 0
78934 0
79879 0
82412 0
85153 0
85241 0
85374 0
85868 0
86868 0
87185 0
87351 0
87390 0
88208 0
88235 0
91782 0
92007 0
92042 0
92937 0
95235 0
95308 0
97383 0
98161 0
98866 0
99490 0
99555 0
