c This is a uniform distributed  1-D DIMACS file 
c width height point_number
p 100000 100000 128
235 0
319 0
893 0
2617 0
3227 0
4103 0
6666 0
6790 0
8025 0
8091 0
8328 0
8855 0
8925 0
10300 0
10509 0
11451 0
11884 0
11949 0
12376 0
12457 0
13250 0
13269 0
13311 0
15626 0
16227 0
17316 0
17478 0
19633 0
20621 0
21564 0
21587 0
22572 0
23360 0
23894 0
25926 0
26618 0
26704 0
27404 0
28795 0
29499 0
31495 0
33598 0
35065 0
35702 0
37078 0
37365 0
37857 0
38433 0
40152 0
40327 0
41006 0
41169 0
44559 0
44923 0
45011 0
45590 0
46375 0
46414 0
46844 0
47634 0
48418 0
50716 0
51973 0
52328 0
54511 0
55718 0
56858 0
57685 0
58040 0
58142 0
58673 0
59616 0
60518 0
61876 0
62123 0
62248 0
62804 0
63243 0
63574 0
63624 0
65178 0
65378 0
65798 0
65966 0
66518 0
66654 0
66701 0
66780 0
67145 0
67317 0
67876 0
67978 0
68806 0
69239 0
69974 0
70019 0
72206 0
73527 0
74345 0
75025 0
75333 0
76748 0
77324 0
77968 0
78428 0
78561 0
78691 0
81630 0
82409 0
82819 0
83614 0
84020 0
85182 0
86010 0
86250 0
86421 0
87483 0
87936 0
88445 0
89817 0
90416 0
91098 0
91960 0
93400 0
94285 0
94326 0
94802 0
96911 0
