c This is a uniform distributed  1-D DIMACS file 
c width height point_number
p 100000 100000 128
48 0
1099 0
1587 0
2612 0
3128 0
4061 0
4076 0
5298 0
6379 0
8157 0
9510 0
9554 0
10783 0
11777 0
11996 0
12295 0
12718 0
13585 0
14884 0
14998 0
15117 0
15213 0
15873 0
16522 0
17978 0
18025 0
19203 0
19884 0
21481 0
21859 0
22408 0
25075 0
25815 0
27628 0
28046 0
28344 0
29544 0
30095 0
30209 0
30694 0
31276 0
31517 0
32157 0
33117 0
33367 0
36371 0
36412 0
38388 0
39137 0
39579 0
41214 0
43356 0
44535 0
44637 0
45657 0
47875 0
49607 0
49789 0
50279 0
50568 0
51053 0
51250 0
52128 0
52759 0
53697 0
53857 0
54803 0
54928 0
55427 0
55473 0
56552 0
57010 0
57626 0
57732 0
58255 0
58295 0
58659 0
58861 0
58970 0
59066 0
59511 0
60065 0
60727 0
61970 0
62150 0
62820 0
63134 0
65174 0
67614 0
69187 0
69945 0
70678 0
70861 0
71170 0
71236 0
71318 0
73229 0
74075 0
74365 0
75670 0
76395 0
76397 0
76752 0
77171 0
78262 0
78359 0
78482 0
78533 0
79376 0
79465 0
81501 0
83291 0
83966 0
85756 0
86528 0
89009 0
89459 0
89468 0
89915 0
90531 0
92349 0
92433 0
93234 0
93347 0
94336 0
94702 0
95685 0
96823 0
