c This is a uniform distributed  1-D DIMACS file 
c width height point_number
p 100000 100000 128
998 0
1321 0
2064 0
2960 0
3110 0
3299 0
3750 0
4113 0
4760 0
5226 0
6141 0
6148 0
6899 0
8648 0
9788 0
10855 0
12229 0
13045 0
13777 0
16527 0
18607 0
19302 0
19331 0
19645 0
19942 0
20261 0
20272 0
22808 0
24664 0
25044 0
25733 0
25763 0
25909 0
26120 0
26371 0
26501 0
27905 0
28635 0
29489 0
30178 0
32554 0
32655 0
33125 0
33626 0
33759 0
35233 0
37686 0
37697 0
38053 0
39063 0
39575 0
40201 0
40469 0
41772 0
42698 0
43982 0
44238 0
44593 0
44950 0
45838 0
46057 0
46914 0
49223 0
50609 0
51837 0
54204 0
54384 0
54558 0
55457 0
55856 0
58374 0
59226 0
59715 0
59959 0
60143 0
60952 0
60999 0
62399 0
63001 0
65321 0
65506 0
67171 0
67791 0
67797 0
68050 0
68742 0
69104 0
70035 0
71561 0
72234 0
73674 0
73864 0
74266 0
74377 0
74638 0
76018 0
76538 0
76894 0
79141 0
79773 0
80478 0
82192 0
82398 0
82438 0
84182 0
84224 0
87218 0
87516 0
88124 0
89860 0
90960 0
92450 0
92458 0
92552 0
92739 0
93226 0
94566 0
94783 0
95221 0
95567 0
95887 0
96717 0
97092 0
97364 0
97863 0
97952 0
98042 0
99136 0
