c This is a uniform distributed  1-D DIMACS file 
c width height point_number
p 100000 100000 128
380 0
707 0
1406 0
2610 0
4021 0
4977 0
5308 0
5858 0
6644 0
6937 0
7612 0
7988 0
8011 0
8605 0
10481 0
10928 0
11162 0
13318 0
13983 0
14149 0
15828 0
15845 0
15848 0
16142 0
16323 0
16566 0
18337 0
19777 0
20252 0
20678 0
24269 0
24609 0
25420 0
26794 0
27444 0
27478 0
28508 0
29103 0
30653 0
33939 0
35030 0
35072 0
36041 0
38196 0
38303 0
39516 0
39573 0
39977 0
40361 0
40754 0
41233 0
41325 0
41536 0
42867 0
44388 0
44795 0
44918 0
44928 0
45090 0
45108 0
45377 0
45565 0
47408 0
47645 0
48702 0
50262 0
53413 0
53657 0
53852 0
54565 0
56764 0
57429 0
57652 0
57975 0
58223 0
59291 0
60851 0
61293 0
61854 0
62914 0
63081 0
63660 0
64520 0
64612 0
66224 0
66328 0
66647 0
66823 0
68715 0
68990 0
69419 0
69427 0
70462 0
71961 0
72093 0
72207 0
72786 0
73669 0
73864 0
74198 0
74592 0
75335 0
75744 0
77317 0
79813 0
79946 0
80557 0
80559 0
81847 0
82378 0
83985 0
84356 0
85786 0
86513 0
87321 0
87417 0
88537 0
88869 0
90429 0
90770 0
90806 0
90998 0
92442 0
94668 0
95012 0
96561 0
96598 0
98437 0
