c This is a uniform distributed  1-D DIMACS file 
c width height point_number
p 100000 100000 128
84 0
794 0
846 0
1594 0
2666 0
2855 0
3695 0
4008 0
4080 0
4172 0
6495 0
7197 0
7821 0
9436 0
9875 0
11125 0
11181 0
11340 0
11999 0
12117 0
12838 0
14909 0
15221 0
16437 0
16552 0
16870 0
17845 0
18118 0
19957 0
20771 0
21886 0
21946 0
22014 0
22980 0
23462 0
23670 0
24254 0
24530 0
24589 0
25081 0
25332 0
27703 0
31077 0
31249 0
31527 0
32566 0
33347 0
33848 0
34212 0
35524 0
40702 0
40931 0
41695 0
41749 0
41827 0
43261 0
44384 0
44989 0
47445 0
48127 0
48638 0
49048 0
49098 0
50174 0
50632 0
51987 0
52199 0
53223 0
53686 0
53821 0
54043 0
54272 0
55977 0
56134 0
56176 0
56260 0
57226 0
58268 0
60895 0
61177 0
62347 0
63517 0
64295 0
64654 0
65728 0
67297 0
68252 0
68580 0
70070 0
70267 0
70365 0
72302 0
72733 0
72821 0
72949 0
73048 0
73131 0
74938 0
74986 0
78233 0
78577 0
78933 0
79273 0
80290 0
80487 0
81201 0
82165 0
82799 0
83975 0
84440 0
85579 0
85669 0
86452 0
88063 0
88542 0
88752 0
89136 0
89184 0
91806 0
92479 0
94102 0
94487 0
94568 0
96888 0
97368 0
97522 0
98834 0
99332 0
