c This is a uniform distributed  1-D DIMACS file 
c width height point_number
p 100000 100000 128
496 0
717 0
2762 0
4863 0
6423 0
6925 0
7270 0
7541 0
7594 0
9850 0
9890 0
10364 0
10988 0
12026 0
13623 0
13790 0
13843 0
15986 0
16498 0
17028 0
17285 0
17360 0
18364 0
18570 0
20008 0
20331 0
21137 0
21636 0
23271 0
24863 0
24951 0
25182 0
25726 0
27008 0
28699 0
29857 0
30200 0
31834 0
32420 0
34224 0
34342 0
35312 0
35624 0
36005 0
37065 0
37226 0
37501 0
38109 0
38905 0
39344 0
40122 0
43235 0
44556 0
45167 0
46587 0
48188 0
49038 0
49930 0
49999 0
50210 0
50440 0
50910 0
50960 0
52784 0
53479 0
53611 0
54157 0
55347 0
55434 0
56445 0
57664 0
59066 0
63073 0
64293 0
65817 0
65855 0
66508 0
66559 0
66591 0
67438 0
67955 0
68270 0
68754 0
70033 0
70326 0
70676 0
71252 0
71949 0
72215 0
72247 0
73743 0
74188 0
74235 0
74990 0
75808 0
75891 0
76613 0
77101 0
77952 0
78492 0
79533 0
79557 0
79981 0
80611 0
82625 0
83715 0
84231 0
84412 0
84484 0
84889 0
87487 0
88629 0
88957 0
90555 0
92090 0
93066 0
93069 0
93344 0
94062 0
94248 0
94656 0
95427 0
95829 0
96125 0
96219 0
96439 0
97166 0
99237 0
