c This is a uniform distributed  1-D DIMACS file 
c width height point_number
p 100000 100000 128
1363 0
1367 0
3627 0
5192 0
6900 0
7291 0
8282 0
9225 0
9290 0
9373 0
9581 0
10202 0
12302 0
13547 0
13904 0
14809 0
15435 0
16242 0
16429 0
17299 0
17905 0
19030 0
19182 0
20876 0
22544 0
23244 0
24230 0
24562 0
25373 0
25551 0
28065 0
28179 0
28750 0
30092 0
31546 0
31577 0
32290 0
33343 0
35423 0
35462 0
36185 0
36701 0
37598 0
37612 0
38745 0
39537 0
39698 0
39714 0
40721 0
43003 0
43769 0
44497 0
47476 0
47837 0
47888 0
49392 0
49436 0
50256 0
50497 0
50559 0
51565 0
51596 0
51758 0
51856 0
51963 0
52019 0
52222 0
52569 0
53605 0
55553 0
56564 0
57407 0
59799 0
60055 0
61215 0
62665 0
62933 0
66696 0
66807 0
67063 0
67218 0
67365 0
67639 0
68662 0
70113 0
71023 0
72600 0
72887 0
73098 0
73822 0
75571 0
75911 0
76279 0
76852 0
76855 0
78610 0
79517 0
79538 0
80058 0
80408 0
80513 0
81350 0
81588 0
81761 0
82281 0
82330 0
82551 0
82574 0
82842 0
83210 0
83973 0
84766 0
85523 0
86797 0
88378 0
89957 0
91567 0
93554 0
94170 0
94249 0
94736 0
94899 0
95449 0
95857 0
96169 0
96747 0
97621 0
99844 0
