c This is a uniform distributed  1-D DIMACS file 
c width height point_number
p 100000 100000 128
376 0
932 0
2450 0
4923 0
6135 0
6820 0
8160 0
8634 0
8834 0
9206 0
9587 0
9932 0
10099 0
10379 0
12468 0
12765 0
13934 0
14582 0
14922 0
15651 0
16243 0
17430 0
18250 0
19602 0
21637 0
21947 0
23357 0
24206 0
24527 0
25872 0
26242 0
26377 0
27065 0
27733 0
27827 0
28209 0
28421 0
28548 0
28630 0
29838 0
30115 0
31525 0
32505 0
33406 0
33904 0
34113 0
34202 0
34753 0
35933 0
36360 0
36447 0
36704 0
38991 0
39366 0
39769 0
40357 0
40518 0
41083 0
41135 0
41685 0
43112 0
43499 0
43747 0
44038 0
44213 0
44946 0
47583 0
47761 0
47806 0
48598 0
49250 0
50778 0
51303 0
51614 0
51996 0
53492 0
54045 0
54126 0
54206 0
54509 0
55390 0
56677 0
57671 0
57888 0
58019 0
58474 0
59582 0
60427 0
60491 0
60544 0
61043 0
61325 0
61517 0
61604 0
61723 0
63355 0
64343 0
65402 0
66796 0
67783 0
67848 0
68452 0
71113 0
74124 0
76118 0
76604 0
76785 0
77489 0
78003 0
78251 0
78743 0
78997 0
80514 0
81069 0
81362 0
83235 0
83476 0
84927 0
85072 0
85987 0
86094 0
89290 0
90390 0
92165 0
96123 0
97134 0
97328 0
99753 0
