c This is a uniform distributed  1-D DIMACS file 
c width height point_number
p 100000 100000 128
9 0
214 0
1236 0
1987 0
3261 0
5144 0
6275 0
7088 0
7232 0
7353 0
7940 0
8595 0
10998 0
11055 0
11313 0
11585 0
12071 0
12525 0
12680 0
13209 0
13322 0
14391 0
14719 0
15427 0
15892 0
16130 0
17353 0
17485 0
18777 0
18919 0
19027 0
19674 0
21368 0
21959 0
22058 0
22233 0
23263 0
24413 0
25909 0
26546 0
26687 0
26774 0
26842 0
27064 0
27759 0
27899 0
28144 0
28730 0
29652 0
30679 0
31810 0
32398 0
35167 0
35343 0
35632 0
38161 0
39592 0
40243 0
40625 0
40998 0
41176 0
42565 0
43768 0
43786 0
44280 0
44789 0
45978 0
47436 0
48150 0
48678 0
49691 0
50861 0
52962 0
55504 0
55765 0
55856 0
56633 0
57077 0
58058 0
58476 0
60189 0
60836 0
61116 0
61200 0
62689 0
63198 0
63481 0
65156 0
67817 0
67864 0
68718 0
68853 0
68994 0
69261 0
70670 0
70960 0
72816 0
74069 0
74446 0
75831 0
76091 0
77340 0
78533 0
79245 0
79684 0
80606 0
82819 0
83956 0
83986 0
86198 0
86440 0
86634 0
87101 0
88055 0
88966 0
89184 0
89636 0
90083 0
90765 0
91028 0
92373 0
93339 0
93922 0
96417 0
97175 0
98438 0
99219 0
99293 0
