c This is a uniform distributed  1-D DIMACS file 
c width height point_number
p 100000 100000 128
1485 0
1549 0
1775 0
3346 0
5123 0
5936 0
7335 0
8439 0
9066 0
9088 0
10040 0
10200 0
12196 0
12495 0
12666 0
12993 0
14288 0
14964 0
15410 0
16924 0
17007 0
17145 0
17260 0
17435 0
17863 0
17987 0
19001 0
19211 0
19465 0
19634 0
20148 0
20570 0
22270 0
24260 0
25632 0
25999 0
27203 0
27861 0
28037 0
28450 0
29289 0
29683 0
33255 0
34747 0
34849 0
34960 0
35012 0
36671 0
37333 0
40068 0
40078 0
40360 0
40590 0
40726 0
41190 0
41945 0
42298 0
42569 0
43317 0
43627 0
44396 0
44523 0
45202 0
46060 0
46600 0
47509 0
49014 0
49116 0
49588 0
51044 0
53139 0
53289 0
53520 0
53682 0
53731 0
54166 0
54347 0
54564 0
54588 0
54969 0
55360 0
55407 0
56247 0
56326 0
56643 0
57152 0
58163 0
59202 0
59423 0
60658 0
61678 0
62223 0
64409 0
64754 0
67275 0
67301 0
67370 0
68414 0
68630 0
68653 0
68700 0
68853 0
69086 0
69916 0
71300 0
75737 0
76112 0
76400 0
79789 0
81571 0
82666 0
82709 0
84252 0
85884 0
86334 0
86531 0
86714 0
87737 0
89125 0
89466 0
92635 0
94387 0
96574 0
96581 0
97410 0
98586 0
98711 0
99634 0
