c This is a uniform distributed  1-D DIMACS file 
c width height point_number
p 100000 100000 128
60 0
1566 0
2628 0
2865 0
3263 0
4273 0
4448 0
5308 0
5327 0
5906 0
6163 0
6493 0
6541 0
7422 0
8238 0
8574 0
8802 0
8819 0
9365 0
9973 0
10608 0
11236 0
12594 0
12986 0
14604 0
15324 0
16461 0
17285 0
17744 0
20784 0
22629 0
23311 0
24055 0
24252 0
27182 0
27627 0
27718 0
28365 0
29234 0
29471 0
29536 0
31556 0
31803 0
34771 0
34831 0
35345 0
37517 0
37550 0
37964 0
38024 0
38212 0
39106 0
40022 0
40714 0
41814 0
44104 0
44477 0
47541 0
48240 0
49090 0
50836 0
51932 0
52025 0
52183 0
52723 0
53122 0
53404 0
53845 0
55004 0
55617 0
56515 0
56828 0
57080 0
57087 0
57365 0
59374 0
59460 0
59814 0
60215 0
61218 0
62128 0
62195 0
64396 0
64879 0
67393 0
69755 0
70429 0
71675 0
73592 0
74321 0
75126 0
75281 0
75939 0
76513 0
77281 0
77763 0
78597 0
78736 0
78779 0
78907 0
80789 0
81004 0
81741 0
82016 0
83073 0
83514 0
84559 0
84740 0
85482 0
86155 0
86374 0
86921 0
86929 0
87343 0
87897 0
88636 0
90595 0
91539 0
92891 0
93029 0
93151 0
93339 0
94125 0
94251 0
95863 0
95924 0
96596 0
96734 0
