c This is a uniform distributed  1-D DIMACS file 
c width height point_number
p 100000 100000 128
516 0
2542 0
5568 0
8437 0
8965 0
9644 0
10058 0
11715 0
12238 0
13557 0
13569 0
14331 0
15029 0
15616 0
17388 0
17812 0
17913 0
20618 0
22678 0
23547 0
24989 0
25325 0
30404 0
31026 0
32626 0
32844 0
33236 0
33635 0
33782 0
34673 0
36156 0
36331 0
36795 0
37401 0
38027 0
38067 0
38203 0
38698 0
38791 0
39191 0
40265 0
40349 0
41463 0
42980 0
43743 0
44193 0
44836 0
45682 0
46740 0
47281 0
48952 0
49343 0
49480 0
50268 0
50615 0
50714 0
51430 0
51704 0
53115 0
54964 0
55463 0
55935 0
56617 0
57356 0
57535 0
57710 0
58267 0
59331 0
59384 0
60349 0
60756 0
60880 0
61073 0
62585 0
62920 0
63036 0
64431 0
65019 0
65099 0
65690 0
66036 0
66725 0
67824 0
68238 0
69058 0
69277 0
70476 0
70937 0
72878 0
74118 0
74225 0
74517 0
74970 0
77290 0
77616 0
77621 0
78140 0
78254 0
78353 0
79639 0
79784 0
80574 0
80754 0
80805 0
81892 0
83334 0
84231 0
84342 0
85206 0
87797 0
89058 0
89228 0
89253 0
89882 0
90457 0
91218 0
92441 0
92573 0
94259 0
95488 0
96626 0
96666 0
96689 0
97691 0
98379 0
98643 0
99572 0
99638 0
