c This is a uniform distributed  1-D DIMACS file 
c width height point_number
p 100000 100000 128
2128 0
2159 0
2405 0
3407 0
3581 0
5818 0
6238 0
6669 0
6678 0
7041 0
7446 0
9331 0
9420 0
9622 0
9747 0
9810 0
10404 0
10869 0
11118 0
11389 0
11596 0
15385 0
16017 0
16103 0
18772 0
19550 0
19586 0
20831 0
21791 0
23010 0
23275 0
23657 0
23987 0
24021 0
24216 0
24933 0
27157 0
27322 0
27462 0
28555 0
28690 0
28770 0
30289 0
31893 0
32877 0
34644 0
35757 0
35956 0
36108 0
37230 0
37653 0
38158 0
41403 0
42655 0
43445 0
44403 0
44531 0
45381 0
45535 0
47346 0
47375 0
48386 0
48828 0
49129 0
50478 0
51813 0
51966 0
52545 0
53724 0
55256 0
55698 0
55764 0
56483 0
57321 0
58954 0
59235 0
59752 0
60158 0
61156 0
61522 0
62886 0
64131 0
64187 0
64707 0
65419 0
65545 0
66628 0
67050 0
67700 0
68313 0
68752 0
69620 0
69858 0
73443 0
73835 0
74263 0
74313 0
74707 0
74763 0
75040 0
76626 0
76982 0
79870 0
80001 0
81482 0
81838 0
82335 0
85704 0
87003 0
87621 0
89361 0
89388 0
89717 0
90246 0
90469 0
90496 0
90729 0
93264 0
93641 0
94448 0
95268 0
95479 0
96021 0
96195 0
96306 0
97736 0
98354 0
98402 0
