c This is a uniform distributed  1-D DIMACS file 
c width height point_number
p 100000 100000 128
246 0
1934 0
2562 0
2592 0
3503 0
3689 0
3824 0
4481 0
4814 0
5728 0
5750 0
5960 0
7091 0
7569 0
7840 0
9124 0
9786 0
10296 0
10298 0
11533 0
11591 0
11993 0
13923 0
13941 0
15204 0
15468 0
15629 0
15631 0
15797 0
18509 0
19610 0
20564 0
20691 0
21420 0
22589 0
22840 0
23560 0
24271 0
24422 0
28385 0
28410 0
28606 0
30148 0
30728 0
33278 0
33629 0
33912 0
34808 0
35384 0
35796 0
36055 0
36389 0
37438 0
39114 0
39455 0
39516 0
41770 0
42323 0
43741 0
44041 0
44204 0
44339 0
44450 0
45241 0
47315 0
48640 0
49596 0
49728 0
50054 0
50654 0
50924 0
51943 0
53040 0
53042 0
54164 0
54579 0
54616 0
56761 0
58854 0
59062 0
59450 0
60508 0
61951 0
63179 0
65461 0
65497 0
66081 0
66202 0
69140 0
70986 0
72028 0
72981 0
73684 0
74275 0
74555 0
74964 0
75483 0
75857 0
76873 0
77163 0
78072 0
78451 0
78750 0
79462 0
79644 0
79990 0
80038 0
80173 0
81605 0
84374 0
85405 0
85498 0
85550 0
87035 0
87584 0
89878 0
91494 0
92387 0
93177 0
93293 0
94416 0
94907 0
95048 0
96235 0
96971 0
97917 0
99599 0
99720 0
