c This is a uniform distributed  1-D DIMACS file 
c width height point_number
p 100000 100000 128
461 0
1197 0
1463 0
3178 0
3431 0
3630 0
3906 0
4242 0
4270 0
5399 0
6096 0
7642 0
7700 0
7789 0
8155 0
8909 0
9420 0
11554 0
12124 0
13208 0
13701 0
13727 0
13797 0
14602 0
15645 0
15791 0
16548 0
17032 0
21112 0
21399 0
23541 0
23982 0
24117 0
24468 0
24660 0
25043 0
25959 0
26447 0
26523 0
26664 0
26819 0
27867 0
32170 0
32190 0
32831 0
33424 0
33437 0
33811 0
34412 0
35676 0
36490 0
36969 0
37554 0
37627 0
38417 0
38694 0
39267 0
40397 0
40779 0
40942 0
42191 0
42321 0
42508 0
44360 0
44979 0
45383 0
46221 0
48046 0
49416 0
49628 0
49792 0
49917 0
51728 0
52236 0
52508 0
52615 0
52694 0
53150 0
54061 0
54418 0
55214 0
55460 0
55994 0
56209 0
56510 0
56561 0
57768 0
60180 0
60382 0
60908 0
63658 0
64019 0
66013 0
66327 0
66456 0
68813 0
69367 0
69475 0
70054 0
70313 0
70566 0
71480 0
72227 0
73648 0
75194 0
78965 0
81309 0
83768 0
84236 0
85045 0
86096 0
86189 0
86663 0
86828 0
87661 0
87666 0
88436 0
88635 0
90786 0
91166 0
91268 0
96054 0
96831 0
97029 0
98491 0
98805 0
99112 0
99773 0
