c This is a uniform distributed  1-D DIMACS file 
c width height point_number
p 100000 100000 128
1717 0
2567 0
2712 0
3901 0
3916 0
5265 0
5931 0
6035 0
7973 0
8337 0
9401 0
11004 0
12407 0
12583 0
12774 0
14490 0
17744 0
21258 0
21606 0
21974 0
22295 0
23776 0
25982 0
26315 0
28183 0
28186 0
28427 0
28907 0
28946 0
29189 0
29448 0
30157 0
30346 0
31463 0
31963 0
32720 0
33585 0
34577 0
35381 0
36075 0
36583 0
36687 0
36719 0
37136 0
39907 0
40780 0
40835 0
43774 0
44434 0
44807 0
45136 0
45549 0
46522 0
47054 0
47498 0
48040 0
50378 0
50590 0
50825 0
51643 0
52387 0
54528 0
55033 0
55473 0
56105 0
57086 0
57113 0
58613 0
59372 0
59652 0
60535 0
60607 0
60986 0
61394 0
61980 0
62506 0
63364 0
65267 0
65580 0
66517 0
67144 0
67562 0
69452 0
70250 0
70483 0
70909 0
71347 0
71543 0
71869 0
71969 0
72319 0
73331 0
74281 0
75467 0
76001 0
76939 0
77090 0
77263 0
79584 0
80388 0
80651 0
80865 0
82646 0
84386 0
84632 0
84793 0
85071 0
85964 0
87550 0
87622 0
88268 0
88989 0
89038 0
89871 0
89950 0
91931 0
92091 0
92635 0
93614 0
93972 0
94054 0
94876 0
96147 0
96694 0
96956 0
97504 0
98463 0
98779 0
