c This is a uniform distributed  1-D DIMACS file 
c width height point_number
p 100000 100000 128
161 0
504 0
934 0
1159 0
1505 0
2106 0
2384 0
3738 0
3884 0
4031 0
4197 0
4511 0
4747 0
4849 0
5195 0
5541 0
5806 0
5933 0
8652 0
8673 0
9442 0
9508 0
9847 0
11638 0
11898 0
14315 0
15061 0
15161 0
15317 0
16173 0
16871 0
17513 0
18357 0
18865 0
19254 0
19661 0
19710 0
20028 0
20110 0
20402 0
20759 0
20954 0
20972 0
21020 0
22175 0
22506 0
22684 0
22785 0
23578 0
26300 0
26585 0
28819 0
31222 0
33754 0
33869 0
34922 0
35004 0
36483 0
40178 0
40182 0
40265 0
41379 0
43636 0
44152 0
45044 0
45946 0
47637 0
48051 0
48398 0
49211 0
49819 0
49911 0
51614 0
52423 0
55453 0
57434 0
58566 0
59011 0
60600 0
60717 0
61125 0
61796 0
61873 0
62123 0
62192 0
63251 0
63873 0
65685 0
65815 0
66542 0
66560 0
67138 0
69061 0
69149 0
69381 0
70052 0
72251 0
73908 0
74314 0
74553 0
75012 0
75601 0
76617 0
77207 0
77645 0
77764 0
78439 0
78755 0
79526 0
79692 0
81845 0
83057 0
83316 0
84172 0
84995 0
87852 0
89292 0
90052 0
90571 0
90806 0
93494 0
94881 0
95324 0
95724 0
96439 0
98480 0
99142 0
99383 0
