c This is a uniform distributed  1-D DIMACS file 
c width height point_number
p 100000 100000 128
2556 0
2634 0
2768 0
2837 0
3308 0
4475 0
4608 0
5390 0
5891 0
6809 0
9511 0
10702 0
10780 0
10799 0
10968 0
11291 0
11662 0
11697 0
12273 0
13070 0
15178 0
15780 0
15961 0
16449 0
16705 0
16728 0
16800 0
17236 0
17842 0
17882 0
17940 0
17958 0
18589 0
18872 0
19508 0
19888 0
20208 0
20651 0
21981 0
22168 0
23871 0
24582 0
26269 0
28411 0
28492 0
29813 0
29870 0
30621 0
30741 0
31133 0
31916 0
32359 0
32373 0
32976 0
34154 0
34247 0
35411 0
35552 0
35809 0
38078 0
40707 0
41155 0
42602 0
42789 0
43600 0
44332 0
45712 0
46343 0
46640 0
47851 0
49329 0
53252 0
54080 0
54630 0
55601 0
56384 0
56415 0
59108 0
59838 0
59858 0
60279 0
60652 0
61355 0
61740 0
62269 0
66061 0
67771 0
68250 0
69351 0
69891 0
70468 0
70761 0
71621 0
72299 0
72375 0
73407 0
74454 0
74621 0
74749 0
74918 0
75495 0
76993 0
78481 0
80096 0
80178 0
82917 0
82967 0
83019 0
83576 0
83789 0
84117 0
84545 0
85919 0
87210 0
87769 0
89463 0
89865 0
90307 0
92194 0
93064 0
94106 0
94313 0
95299 0
95781 0
97203 0
97977 0
98851 0
98853 0
