c This is a uniform distributed  1-D DIMACS file 
c width height point_number
p 100000 100000 128
16 0
244 0
432 0
1047 0
1845 0
3607 0
5193 0
5272 0
7752 0
8445 0
9553 0
9765 0
10836 0
11275 0
12314 0
13160 0
13682 0
13784 0
16278 0
17138 0
19432 0
19434 0
19947 0
20610 0
20794 0
21441 0
21759 0
22808 0
26104 0
28115 0
29237 0
30870 0
31229 0
31960 0
33230 0
33484 0
33879 0
34381 0
34448 0
35438 0
35731 0
36231 0
36843 0
37184 0
38617 0
39540 0
42760 0
43758 0
44511 0
44811 0
45414 0
45572 0
47691 0
48836 0
49101 0
50058 0
51041 0
51669 0
52097 0
53718 0
54348 0
54526 0
56261 0
56739 0
57246 0
58073 0
59272 0
60798 0
60978 0
61757 0
62979 0
63053 0
63698 0
64338 0
64396 0
65806 0
66604 0
66843 0
68098 0
69422 0
69576 0
69596 0
71758 0
73350 0
74824 0
75041 0
75074 0
75369 0
75598 0
75656 0
76528 0
76569 0
77168 0
77553 0
77709 0
78357 0
78789 0
80083 0
80806 0
81789 0
82017 0
82076 0
82463 0
82569 0
83071 0
85019 0
88328 0
88463 0
89391 0
89631 0
89882 0
90072 0
92741 0
93249 0
93351 0
95092 0
95497 0
95530 0
97562 0
97934 0
98048 0
98449 0
98540 0
99336 0
99519 0
99642 0
99677 0
99783 0
