c This is a uniform distributed  1-D DIMACS file 
c width height point_number
p 100000 100000 128
95 0
1688 0
2210 0
2220 0
2742 0
2777 0
2855 0
4479 0
4518 0
6426 0
7810 0
8038 0
9097 0
11991 0
12336 0
13485 0
13964 0
14483 0
14690 0
15157 0
15352 0
15712 0
15737 0
15817 0
16671 0
17760 0
18168 0
18437 0
18887 0
19065 0
19284 0
19966 0
20238 0
23683 0
24327 0
27648 0
28429 0
28613 0
28752 0
30064 0
30967 0
30998 0
31785 0
32615 0
33708 0
33978 0
35792 0
35846 0
38615 0
39511 0
40029 0
40152 0
41486 0
41950 0
45212 0
45241 0
46651 0
47066 0
47574 0
48449 0
48578 0
50227 0
51193 0
51206 0
51922 0
52037 0
52888 0
54268 0
56022 0
57098 0
57583 0
57820 0
58883 0
59008 0
60124 0
60889 0
61222 0
63645 0
64149 0
65689 0
66064 0
66225 0
66239 0
68663 0
68945 0
70053 0
70746 0
71738 0
71889 0
73109 0
73807 0
73949 0
75724 0
76526 0
77190 0
78747 0
78787 0
79134 0
80385 0
80407 0
80796 0
80823 0
81181 0
81551 0
81854 0
82026 0
83663 0
84856 0
85072 0
86443 0
87687 0
88761 0
88918 0
89193 0
90586 0
91428 0
91570 0
91920 0
92024 0
92235 0
92732 0
92811 0
95331 0
97264 0
97389 0
98621 0
98782 0
99839 0
