c This is a uniform distributed  1-D DIMACS file 
c width height point_number
p 100000 100000 128
215 0
1248 0
1701 0
2955 0
3198 0
3503 0
3558 0
5673 0
7126 0
7306 0
8036 0
8490 0
9491 0
10187 0
10230 0
11071 0
12064 0
12729 0
13148 0
13272 0
14322 0
16036 0
17820 0
17974 0
20193 0
20510 0
21454 0
21596 0
22593 0
22710 0
24060 0
25283 0
25439 0
26404 0
27134 0
27955 0
28376 0
28874 0
30746 0
31640 0
31782 0
36471 0
37920 0
38563 0
41222 0
41460 0
42154 0
42711 0
42967 0
44197 0
44249 0
47800 0
49260 0
49483 0
49657 0
50177 0
51167 0
51361 0
53127 0
53278 0
53668 0
53951 0
54442 0
55830 0
55911 0
56277 0
56875 0
58068 0
59594 0
60149 0
62203 0
63022 0
64449 0
64645 0
64930 0
65012 0
65143 0
66388 0
67321 0
68576 0
69319 0
70239 0
71700 0
71850 0
71998 0
74030 0
74215 0
74415 0
74559 0
75637 0
76326 0
76445 0
76926 0
77680 0
78817 0
79824 0
80630 0
80803 0
81121 0
82171 0
84165 0
84429 0
84977 0
85559 0
86507 0
86908 0
86932 0
87013 0
87606 0
89584 0
91338 0
92104 0
92940 0
93264 0
93299 0
94456 0
94894 0
94901 0
95103 0
95170 0
96572 0
96764 0
97600 0
97618 0
97914 0
98623 0
99376 0
99753 0
