c This is a uniform distributed  1-D DIMACS file 
c width height point_number
p 100000 100000 128
1171 0
2476 0
2748 0
3406 0
3487 0
3697 0
4001 0
4017 0
4527 0
5405 0
6162 0
6395 0
7023 0
7223 0
10816 0
11000 0
11966 0
12053 0
12055 0
12830 0
13018 0
13415 0
15345 0
15758 0
17021 0
18267 0
18534 0
18591 0
20952 0
21048 0
21214 0
21921 0
23814 0
24574 0
27822 0
29920 0
31381 0
31863 0
35477 0
35724 0
36237 0
36729 0
37751 0
39595 0
40185 0
40264 0
40738 0
40840 0
41759 0
42506 0
42653 0
45055 0
45936 0
46912 0
48122 0
48658 0
49616 0
50064 0
50852 0
50975 0
51215 0
51925 0
53178 0
53811 0
56150 0
56846 0
58269 0
58468 0
58930 0
60451 0
60651 0
60698 0
61157 0
62263 0
63204 0
65061 0
66175 0
66364 0
66826 0
66895 0
68047 0
68284 0
68896 0
69440 0
69715 0
69784 0
70063 0
70184 0
71765 0
72471 0
72833 0
72844 0
73664 0
73745 0
73979 0
75882 0
76018 0
76705 0
77106 0
78263 0
78733 0
84689 0
85228 0
85383 0
87552 0
88006 0
88938 0
89078 0
89289 0
89974 0
90267 0
90379 0
91389 0
91750 0
92302 0
93026 0
93348 0
94507 0
94776 0
95434 0
96715 0
97229 0
97346 0
98291 0
98294 0
99287 0
99368 0
99426 0
