c This is a uniform distributed  1-D DIMACS file 
c width height point_number
p 100000 100000 128
116 0
444 0
664 0
842 0
2217 0
3482 0
5799 0
6495 0
7718 0
7921 0
9580 0
10581 0
10744 0
12724 0
13263 0
13518 0
14080 0
14736 0
15828 0
16510 0
18764 0
20861 0
21032 0
22323 0
22490 0
22648 0
22736 0
22878 0
22937 0
22965 0
23632 0
24294 0
24581 0
25234 0
26233 0
26679 0
28235 0
28985 0
29881 0
30092 0
31051 0
31513 0
32048 0
32128 0
33759 0
35079 0
35918 0
36423 0
36854 0
37254 0
37339 0
37446 0
37860 0
39422 0
40466 0
41037 0
41261 0
41393 0
43310 0
43674 0
45898 0
47245 0
47702 0
47823 0
48851 0
49719 0
50991 0
53636 0
53891 0
54433 0
55234 0
55934 0
56773 0
57261 0
57356 0
57508 0
58168 0
58680 0
61684 0
62230 0
65223 0
65451 0
65504 0
65554 0
66683 0
66862 0
67686 0
68254 0
68882 0
69252 0
70217 0
70860 0
71620 0
71642 0
71970 0
72230 0
72261 0
72606 0
72873 0
73140 0
75651 0
75896 0
76577 0
77815 0
78553 0
78558 0
78916 0
80963 0
81160 0
82341 0
83982 0
84778 0
85411 0
85814 0
85975 0
86777 0
87716 0
88791 0
89517 0
90104 0
91480 0
93228 0
93723 0
94339 0
94946 0
95863 0
97941 0
97993 0
