c This is a uniform distributed  1-D DIMACS file 
c width height point_number
p 100000 100000 128
1010 0
2333 0
2500 0
2533 0
3524 0
4172 0
4802 0
5810 0
6814 0
7103 0
7916 0
7968 0
8039 0
11182 0
11519 0
13231 0
13991 0
15006 0
15148 0
15458 0
16332 0
16577 0
17985 0
20372 0
20588 0
20661 0
20780 0
21425 0
21618 0
24245 0
24249 0
26245 0
27228 0
27239 0
27253 0
28188 0
28387 0
30231 0
30780 0
30851 0
31793 0
32206 0
33025 0
33443 0
34981 0
35755 0
36735 0
37090 0
37408 0
38014 0
38240 0
38723 0
39033 0
39623 0
39913 0
39979 0
40466 0
40550 0
41927 0
42129 0
43234 0
43294 0
46193 0
46212 0
46905 0
47495 0
47930 0
48964 0
49954 0
50114 0
50732 0
51174 0
52880 0
52941 0
54066 0
54982 0
56038 0
57931 0
58563 0
59162 0
59464 0
59506 0
59962 0
60286 0
62885 0
65290 0
65778 0
66492 0
66653 0
67077 0
67406 0
67578 0
70717 0
71501 0
71552 0
71674 0
72148 0
72670 0
73760 0
73774 0
74579 0
76045 0
79632 0
82406 0
83493 0
85085 0
86583 0
87301 0
88145 0
88159 0
88406 0
89196 0
90768 0
91093 0
91101 0
93546 0
94324 0
95305 0
96009 0
96024 0
96513 0
96941 0
98082 0
98339 0
98498 0
98928 0
99467 0
99961 0
