c This is a uniform distributed  1-D DIMACS file 
c width height point_number
p 100000 100000 128
1296 0
3000 0
3013 0
4845 0
6292 0
6889 0
7482 0
8172 0
8576 0
8602 0
9848 0
10521 0
11134 0
11912 0
13803 0
15004 0
18681 0
19253 0
20507 0
22811 0
23769 0
24007 0
24390 0
25076 0
25572 0
26144 0
26389 0
26601 0
27817 0
29494 0
30018 0
30814 0
31529 0
33164 0
35490 0
36155 0
37513 0
38081 0
39124 0
39297 0
39650 0
40204 0
40566 0
41667 0
41968 0
42611 0
43507 0
44902 0
45717 0
45860 0
46024 0
46240 0
47754 0
47893 0
48022 0
48433 0
48999 0
52396 0
52498 0
53352 0
53621 0
54128 0
54729 0
56228 0
57157 0
57380 0
57767 0
58025 0
58628 0
59752 0
61484 0
65226 0
67150 0
68085 0
68227 0
68520 0
68679 0
69358 0
69928 0
70001 0
70416 0
72550 0
74239 0
74517 0
75144 0
75280 0
75640 0
76682 0
77271 0
77535 0
77816 0
78508 0
79234 0
79614 0
79918 0
80235 0
80470 0
80698 0
81142 0
81345 0
81599 0
83465 0
84645 0
85437 0
85521 0
86103 0
86205 0
90151 0
92203 0
92405 0
93708 0
93753 0
94635 0
94684 0
95189 0
95965 0
96517 0
96614 0
97005 0
97035 0
97262 0
97644 0
97891 0
98954 0
99075 0
99261 0
99820 0
99867 0
