c This is a uniform distributed  1-D DIMACS file 
c width height point_number
p 100000 100000 128
271 0
2369 0
2707 0
3221 0
3501 0
3869 0
4997 0
5128 0
7227 0
7319 0
7750 0
7965 0
9237 0
9870 0
11629 0
11666 0
11821 0
12479 0
14739 0
15276 0
16263 0
16488 0
17430 0
17655 0
17811 0
17913 0
18778 0
19374 0
19609 0
19773 0
20803 0
21233 0
21614 0
21946 0
23451 0
24952 0
26220 0
26429 0
28465 0
29234 0
29636 0
30704 0
32358 0
33638 0
34574 0
36064 0
39473 0
41066 0
41522 0
41809 0
41962 0
42206 0
42448 0
42572 0
44199 0
45008 0
46709 0
46902 0
47203 0
49896 0
50063 0
50378 0
50866 0
51139 0
51225 0
51264 0
52462 0
52954 0
53376 0
54799 0
54861 0
57001 0
63015 0
63115 0
64174 0
65162 0
65788 0
65842 0
65925 0
65978 0
67429 0
67906 0
68477 0
69224 0
70267 0
70663 0
71202 0
71221 0
71441 0
74136 0
75829 0
77318 0
79035 0
80652 0
81979 0
82170 0
82576 0
82745 0
82801 0
83044 0
83615 0
84923 0
84993 0
86003 0
86616 0
87262 0
87285 0
87333 0
87609 0
87688 0
89355 0
91800 0
92933 0
93114 0
93828 0
93940 0
95506 0
95717 0
96584 0
96707 0
97500 0
97583 0
98033 0
98223 0
98474 0
98811 0
99152 0
99483 0
