c This is a uniform distributed  1-D DIMACS file 
c width height point_number
p 100000 100000 128
2243 0
2484 0
2873 0
4238 0
5404 0
5498 0
5621 0
5747 0
6446 0
6504 0
7377 0
7756 0
7873 0
9619 0
10556 0
11906 0
14354 0
14739 0
18055 0
18094 0
18680 0
18914 0
19476 0
19611 0
19937 0
20585 0
20590 0
20893 0
21221 0
22524 0
22711 0
22736 0
23282 0
23729 0
24684 0
25820 0
26651 0
27019 0
27304 0
27444 0
28035 0
30384 0
30394 0
31415 0
31683 0
34057 0
35399 0
35486 0
36220 0
36700 0
40011 0
40645 0
40994 0
41926 0
41967 0
42829 0
44611 0
44878 0
45563 0
45875 0
48072 0
48297 0
49123 0
49859 0
54054 0
55300 0
55531 0
55535 0
56226 0
56777 0
57228 0
57484 0
57889 0
57984 0
58067 0
59488 0
59696 0
59733 0
60635 0
61189 0
61497 0
61922 0
63669 0
65781 0
67936 0
68007 0
68802 0
70034 0
70287 0
71562 0
71753 0
72352 0
72759 0
74195 0
74232 0
75076 0
75441 0
76229 0
76375 0
77071 0
77091 0
77255 0
77588 0
77774 0
78379 0
80492 0
81833 0
82028 0
82416 0
82464 0
82668 0
82784 0
82914 0
84790 0
86219 0
86774 0
90353 0
91264 0
92077 0
92731 0
94056 0
94131 0
94249 0
95847 0
96047 0
96984 0
98709 0
99633 0
