c This is a uniform distributed  1-D DIMACS file 
c width height point_number
p 100000 100000 128
565 0
1743 0
1947 0
2637 0
3204 0
4864 0
4889 0
5166 0
5268 0
5388 0
6846 0
7226 0
7405 0
10828 0
12305 0
12473 0
13662 0
15005 0
15278 0
15398 0
16069 0
16251 0
16362 0
18874 0
19129 0
19486 0
19706 0
19973 0
20059 0
20269 0
21590 0
21732 0
21912 0
22068 0
22637 0
22748 0
24243 0
24783 0
25052 0
25919 0
26004 0
27606 0
27728 0
28845 0
28872 0
29054 0
31551 0
32629 0
35561 0
35695 0
36069 0
37087 0
38169 0
38436 0
38442 0
40944 0
41491 0
41912 0
42227 0
42395 0
43261 0
45312 0
45435 0
45703 0
45944 0
46237 0
46251 0
46942 0
47277 0
47671 0
48162 0
48764 0
50849 0
50851 0
51832 0
52675 0
54495 0
55216 0
56301 0
57393 0
58590 0
60272 0
60681 0
65503 0
67428 0
67455 0
67537 0
67538 0
68142 0
69516 0
70204 0
70519 0
71370 0
71390 0
72256 0
73390 0
74936 0
75827 0
76495 0
76950 0
77720 0
78278 0
78336 0
78683 0
79500 0
79673 0
80741 0
81083 0
81345 0
81796 0
83476 0
83533 0
84244 0
84928 0
86890 0
87519 0
88933 0
89745 0
91045 0
92159 0
92499 0
93949 0
95687 0
97994 0
98686 0
99007 0
99473 0
99624 0
