c This is a uniform distributed  1-D DIMACS file 
c width height point_number
p 100000 100000 128
94 0
2254 0
4309 0
4321 0
4940 0
5544 0
6544 0
8182 0
8920 0
10496 0
10522 0
10804 0
15320 0
15500 0
15594 0
15934 0
16283 0
16343 0
16488 0
17864 0
19261 0
19575 0
19865 0
20023 0
20359 0
20565 0
20711 0
22299 0
24481 0
24621 0
25152 0
25376 0
26538 0
28419 0
29248 0
29330 0
29412 0
29551 0
30785 0
31779 0
31836 0
36937 0
37488 0
38866 0
39372 0
39984 0
40547 0
40654 0
41224 0
41495 0
42071 0
42371 0
43059 0
43108 0
44313 0
44462 0
46377 0
46688 0
46729 0
47180 0
49116 0
50441 0
50556 0
52491 0
52705 0
53176 0
53698 0
54419 0
55208 0
55213 0
56415 0
58473 0
58791 0
59835 0
61197 0
61239 0
61331 0
62395 0
63209 0
63610 0
64163 0
65168 0
65426 0
65440 0
65491 0
65573 0
65653 0
67021 0
67978 0
68193 0
69731 0
70298 0
70681 0
70774 0
71291 0
71843 0
72291 0
72777 0
73266 0
73455 0
76967 0
79300 0
79452 0
79905 0
79955 0
80271 0
80695 0
80906 0
81219 0
81539 0
81572 0
82774 0
83242 0
84413 0
86486 0
87229 0
87418 0
87531 0
88337 0
88908 0
89095 0
89352 0
91891 0
92061 0
92395 0
92993 0
95005 0
96425 0
