c This is a uniform distributed  1-D DIMACS file 
c width height point_number
p 100000 100000 128
1767 0
2410 0
3265 0
3703 0
3779 0
4152 0
4515 0
4757 0
6944 0
11351 0
11576 0
12543 0
13001 0
14908 0
15892 0
16298 0
18244 0
18455 0
19142 0
19211 0
19468 0
20308 0
21429 0
22900 0
23362 0
25009 0
25836 0
27575 0
27707 0
27915 0
28979 0
29815 0
30873 0
31020 0
31389 0
32487 0
33049 0
33168 0
33458 0
34337 0
34536 0
35101 0
37754 0
37918 0
37921 0
38352 0
39069 0
42107 0
42912 0
42974 0
43234 0
44735 0
44760 0
44779 0
44973 0
46044 0
46448 0
46777 0
46994 0
47792 0
48912 0
49240 0
51854 0
52530 0
53745 0
54037 0
54128 0
54969 0
55225 0
55582 0
56317 0
56480 0
57039 0
57931 0
58036 0
58075 0
58624 0
59244 0
59288 0
59409 0
60158 0
63006 0
63400 0
63503 0
65114 0
65770 0
65787 0
65969 0
67816 0
69989 0
70134 0
70643 0
71761 0
72462 0
76383 0
76546 0
77009 0
77810 0
78479 0
78836 0
78844 0
79909 0
81673 0
82598 0
83169 0
83289 0
83994 0
84847 0
85353 0
85826 0
86016 0
86358 0
86774 0
88145 0
88759 0
89203 0
89229 0
89251 0
89559 0
89932 0
91261 0
95976 0
96544 0
96963 0
97079 0
97172 0
97492 0
99234 0
