c This is a uniform distributed  1-D DIMACS file 
c width height point_number
p 100000 100000 128
47 0
1476 0
1560 0
1727 0
2868 0
2970 0
3036 0
3947 0
4460 0
5788 0
6275 0
6883 0
9324 0
9494 0
11318 0
11528 0
11836 0
11916 0
11952 0
12902 0
13188 0
14765 0
15438 0
16981 0
17778 0
18767 0
18868 0
19306 0
19406 0
20277 0
21004 0
25739 0
27028 0
28644 0
30134 0
31648 0
31990 0
32586 0
33301 0
33380 0
33730 0
35617 0
35654 0
35768 0
36275 0
36445 0
36694 0
36853 0
39379 0
39836 0
40444 0
41354 0
42064 0
42071 0
42087 0
44147 0
44558 0
44735 0
46868 0
46934 0
49034 0
49074 0
49700 0
49740 0
49798 0
54310 0
55579 0
55902 0
55995 0
57111 0
58401 0
58547 0
58769 0
60715 0
61081 0
62231 0
62936 0
63164 0
63943 0
64285 0
64527 0
68812 0
69259 0
69327 0
70274 0
70831 0
70848 0
72180 0
73123 0
73285 0
76213 0
76362 0
76614 0
77080 0
77939 0
78335 0
78672 0
79507 0
80457 0
80894 0
81008 0
81547 0
82762 0
83783 0
84211 0
84344 0
84822 0
88299 0
90217 0
90895 0
90948 0
91257 0
91510 0
93454 0
93905 0
94183 0
94435 0
94484 0
94736 0
95889 0
96000 0
96363 0
96488 0
98405 0
98461 0
99247 0
99256 0
99965 0
