c This is a uniform distributed  1-D DIMACS file 
c width height point_number
p 100000 100000 128
446 0
2482 0
3433 0
4174 0
5546 0
5741 0
6030 0
7164 0
9075 0
9294 0
9649 0
10381 0
11183 0
11462 0
13132 0
14937 0
15985 0
16586 0
16691 0
18239 0
19457 0
19458 0
19581 0
21496 0
22262 0
22910 0
23331 0
24093 0
24908 0
25211 0
26915 0
26951 0
27269 0
27286 0
27735 0
28350 0
28497 0
29950 0
31260 0
31697 0
32208 0
34698 0
34779 0
35226 0
35976 0
36381 0
36414 0
36762 0
36816 0
36946 0
37342 0
37431 0
37571 0
37810 0
38309 0
38359 0
38870 0
39002 0
39166 0
39194 0
39527 0
39813 0
40802 0
41562 0
42545 0
43016 0
45603 0
47304 0
47436 0
47518 0
49160 0
49702 0
52706 0
52784 0
53705 0
54087 0
55204 0
55503 0
55775 0
56213 0
57961 0
58050 0
58269 0
58498 0
59022 0
60466 0
60748 0
61700 0
62054 0
62292 0
62687 0
62952 0
63407 0
63894 0
65998 0
67596 0
67892 0
71813 0
74156 0
74763 0
75057 0
75607 0
76253 0
76466 0
77949 0
78009 0
78955 0
79533 0
80351 0
81043 0
81510 0
81793 0
85214 0
88231 0
88958 0
89079 0
89201 0
90227 0
90475 0
91101 0
92039 0
93068 0
94207 0
94764 0
95803 0
97531 0
97749 0
99908 0
