c This is a uniform distributed  1-D DIMACS file 
c width height point_number
p 100000 100000 128
146 0
259 0
268 0
762 0
3112 0
3271 0
3683 0
6417 0
7009 0
7505 0
9819 0
9956 0
10012 0
10106 0
11826 0
11880 0
12976 0
14511 0
15480 0
15482 0
17358 0
18308 0
18838 0
19000 0
20637 0
21857 0
22725 0
25016 0
25581 0
26292 0
26792 0
27546 0
28533 0
29110 0
29455 0
31348 0
31410 0
31533 0
31737 0
32463 0
33350 0
34139 0
34334 0
34411 0
34419 0
35660 0
36100 0
36308 0
37143 0
38079 0
38193 0
38950 0
39260 0
39596 0
39673 0
39870 0
40333 0
41088 0
45199 0
46722 0
46811 0
47509 0
47831 0
48354 0
48468 0
48769 0
48847 0
50859 0
51283 0
51829 0
54685 0
55155 0
55964 0
57149 0
57327 0
58278 0
58890 0
60408 0
60714 0
61170 0
62314 0
63221 0
64065 0
64264 0
64567 0
64977 0
65276 0
65838 0
67638 0
68999 0
69382 0
69578 0
69746 0
70925 0
71760 0
71896 0
72003 0
73324 0
73564 0
74350 0
74762 0
75658 0
77481 0
77604 0
79033 0
82707 0
84057 0
85835 0
86446 0
86848 0
86954 0
87985 0
89409 0
89775 0
90012 0
90561 0
91240 0
91264 0
91673 0
92134 0
94315 0
94351 0
94556 0
95323 0
96434 0
97391 0
98324 0
99300 0
