c This is a uniform distributed  1-D DIMACS file 
c width height point_number
p 100000 100000 128
420 0
2377 0
2884 0
3040 0
3985 0
6287 0
7557 0
8206 0
8574 0
9818 0
10704 0
10896 0
10992 0
11686 0
12022 0
12261 0
12589 0
13803 0
13861 0
14822 0
18610 0
18623 0
19741 0
21101 0
21796 0
22399 0
23661 0
24204 0
24244 0
24408 0
24584 0
26578 0
28559 0
29510 0
29940 0
30152 0
31095 0
31606 0
31778 0
33220 0
33499 0
33874 0
37101 0
40808 0
41630 0
41811 0
42931 0
43667 0
43958 0
44232 0
44865 0
46683 0
47977 0
49826 0
50016 0
50680 0
50706 0
51108 0
51508 0
52193 0
54575 0
55211 0
55818 0
56617 0
56618 0
57384 0
57971 0
58365 0
59252 0
59742 0
60952 0
61015 0
61159 0
61262 0
61337 0
61711 0
63059 0
63620 0
68014 0
68790 0
68945 0
69325 0
70441 0
71643 0
71789 0
71808 0
73307 0
74323 0
75410 0
76196 0
76761 0
77165 0
78240 0
78345 0
78884 0
79966 0
81470 0
82323 0
82615 0
82724 0
83140 0
84157 0
84468 0
84507 0
86522 0
86869 0
87678 0
87888 0
88937 0
89489 0
89772 0
90218 0
90908 0
91109 0
91609 0
92537 0
92677 0
92938 0
93099 0
93475 0
93552 0
96093 0
96670 0
96971 0
96994 0
97998 0
98295 0
99614 0
