c This is a uniform distributed  1-D DIMACS file 
c width height point_number
p 100000 100000 128
1645 0
1711 0
2668 0
3048 0
4913 0
5055 0
5127 0
5624 0
7212 0
9605 0
10889 0
11684 0
11705 0
11838 0
12172 0
12178 0
12535 0
13375 0
13840 0
14398 0
15913 0
16318 0
17998 0
18291 0
19446 0
19675 0
22179 0
22615 0
22884 0
22906 0
24396 0
24568 0
24867 0
25496 0
26588 0
26988 0
27273 0
27324 0
28203 0
31465 0
31659 0
32469 0
32554 0
33664 0
33729 0
34138 0
34498 0
34935 0
37118 0
38654 0
38676 0
38742 0
38959 0
41294 0
41414 0
41520 0
41819 0
42827 0
43786 0
45120 0
46624 0
48492 0
48917 0
50762 0
51150 0
51271 0
51308 0
51333 0
52995 0
54087 0
54304 0
58070 0
58507 0
58890 0
60631 0
60903 0
61093 0
61434 0
62741 0
66447 0
66761 0
68077 0
68719 0
71314 0
71355 0
72991 0
74028 0
74486 0
75313 0
75468 0
75782 0
76525 0
76997 0
77208 0
77933 0
78407 0
78849 0
79045 0
81325 0
82064 0
82271 0
84043 0
84193 0
84415 0
84788 0
86047 0
86589 0
87292 0
87952 0
89161 0
90826 0
91413 0
93353 0
94140 0
94901 0
95219 0
95585 0
95849 0
96852 0
97107 0
97142 0
97573 0
98399 0
98848 0
98874 0
98912 0
99640 0
99655 0
