c This is a uniform distributed  1-D DIMACS file 
c width height point_number
p 100000 100000 128
45 0
145 0
633 0
836 0
4179 0
5392 0
5521 0
6822 0
8971 0
9246 0
9554 0
9908 0
13059 0
14415 0
15533 0
15637 0
15669 0
16010 0
16426 0
16762 0
17544 0
18639 0
20177 0
20464 0
20495 0
20899 0
22805 0
23397 0
23933 0
24426 0
24552 0
24909 0
25378 0
25563 0
26460 0
27729 0
28574 0
28877 0
29047 0
29424 0
32656 0
33509 0
33801 0
34619 0
34631 0
34751 0
34773 0
35228 0
35684 0
35873 0
37550 0
38812 0
40097 0
40736 0
40938 0
41235 0
41489 0
41935 0
42120 0
42382 0
45151 0
45465 0
46145 0
47315 0
48851 0
49148 0
50566 0
51825 0
52102 0
53126 0
54747 0
55840 0
55881 0
56812 0
57561 0
58205 0
58579 0
59466 0
61416 0
61805 0
62291 0
62322 0
62570 0
62911 0
63516 0
63672 0
65228 0
65492 0
67731 0
68255 0
68530 0
68719 0
69230 0
69435 0
70161 0
70271 0
71850 0
71856 0
72799 0
73164 0
73224 0
73405 0
73934 0
74023 0
75782 0
75808 0
76945 0
78050 0
79828 0
80641 0
81640 0
81712 0
85253 0
85630 0
86408 0
87054 0
90149 0
92960 0
93057 0
94454 0
94473 0
94581 0
95101 0
95670 0
97367 0
97427 0
97501 0
99879 0
