c This is a uniform distributed  1-D DIMACS file 
c width height point_number
p 100000 100000 128
2904 0
3539 0
4701 0
7244 0
7307 0
8171 0
10322 0
10992 0
11045 0
11072 0
11321 0
11324 0
12421 0
14120 0
14310 0
14959 0
15387 0
15844 0
15906 0
16416 0
16640 0
18857 0
18879 0
19695 0
19776 0
20027 0
21419 0
21831 0
22093 0
22378 0
22438 0
23433 0
23516 0
24467 0
26298 0
26843 0
27384 0
29511 0
30258 0
30442 0
30720 0
30755 0
31020 0
31227 0
32032 0
33135 0
33202 0
33211 0
33868 0
34442 0
35542 0
35924 0
36426 0
37189 0
38205 0
39561 0
40322 0
40391 0
41085 0
41422 0
41675 0
43548 0
43596 0
43817 0
43877 0
44296 0
44567 0
45003 0
45857 0
47867 0
47890 0
48122 0
48192 0
48849 0
51880 0
51931 0
51968 0
53228 0
53723 0
53923 0
54847 0
55418 0
56407 0
56644 0
57532 0
60335 0
60662 0
60967 0
62111 0
65006 0
65633 0
66022 0
67302 0
69440 0
70704 0
71131 0
71421 0
72085 0
72174 0
72370 0
73441 0
75638 0
78217 0
79656 0
80233 0
80327 0
81022 0
81720 0
82530 0
84435 0
85621 0
86909 0
87495 0
87539 0
87721 0
88823 0
89076 0
89257 0
90132 0
91439 0
91538 0
92460 0
93396 0
94643 0
95084 0
95381 0
95817 0
99223 0
