c This is a uniform distributed  1-D DIMACS file 
c width height point_number
p 100000 100000 128
1496 0
2413 0
2422 0
2615 0
3417 0
3558 0
3680 0
6613 0
6704 0
7362 0
7665 0
7926 0
7957 0
8431 0
9422 0
9838 0
10850 0
12569 0
12732 0
13576 0
14027 0
15868 0
16220 0
16297 0
16980 0
17597 0
18037 0
18557 0
18728 0
18837 0
19092 0
19211 0
19675 0
21566 0
22133 0
22772 0
22805 0
26091 0
27850 0
28062 0
28729 0
29242 0
29659 0
30601 0
31190 0
31592 0
31871 0
32131 0
33894 0
35119 0
35859 0
36685 0
36735 0
39016 0
39405 0
39835 0
40274 0
40761 0
41194 0
41570 0
41690 0
43107 0
44559 0
44633 0
44780 0
45336 0
45974 0
46562 0
46790 0
47550 0
48218 0
48357 0
48455 0
49272 0
51394 0
53581 0
53950 0
54061 0
54072 0
55904 0
56222 0
57869 0
58052 0
59298 0
60603 0
61008 0
64317 0
65319 0
65484 0
67074 0
68118 0
68485 0
69491 0
69950 0
70096 0
71037 0
71284 0
72750 0
73068 0
73470 0
73737 0
74617 0
75175 0
76425 0
76561 0
77823 0
79398 0
80298 0
81331 0
84810 0
86111 0
88771 0
88839 0
89114 0
89982 0
90062 0
90503 0
90733 0
91955 0
92416 0
93659 0
95383 0
95894 0
96577 0
96915 0
98728 0
99261 0
99346 0
