c This is a uniform distributed  1-D DIMACS file 
c width height point_number
p 100000 100000 128
398 0
1019 0
2482 0
3413 0
3590 0
3633 0
5204 0
5335 0
5647 0
5827 0
6662 0
8472 0
10337 0
12909 0
13204 0
14268 0
14809 0
15441 0
15728 0
16478 0
16838 0
17003 0
17036 0
19157 0
20544 0
20972 0
22198 0
22277 0
22598 0
23561 0
24081 0
24534 0
24933 0
25008 0
27612 0
28094 0
28206 0
28455 0
29347 0
29935 0
30166 0
31116 0
31134 0
31681 0
32001 0
32039 0
32138 0
32953 0
33159 0
33607 0
35007 0
35397 0
35731 0
37021 0
37112 0
40151 0
42746 0
43731 0
44116 0
46023 0
46226 0
46586 0
46958 0
47565 0
47785 0
48589 0
49002 0
49024 0
49139 0
50229 0
50736 0
50881 0
51928 0
52523 0
54498 0
55871 0
56946 0
58109 0
58308 0
58502 0
61264 0
65408 0
66198 0
68212 0
68522 0
69138 0
69922 0
70504 0
73195 0
73589 0
75140 0
75365 0
75477 0
75730 0
76136 0
76454 0
76480 0
76808 0
78287 0
79507 0
79842 0
79852 0
80052 0
80107 0
80414 0
81493 0
81607 0
81819 0
82681 0
82910 0
83015 0
83423 0
88567 0
90390 0
90713 0
90808 0
90842 0
91529 0
92926 0
92948 0
93498 0
95021 0
95066 0
96665 0
97827 0
98626 0
99260 0
99862 0
