c This is a uniform distributed  1-D DIMACS file 
c width height point_number
p 100000 100000 128
266 0
3209 0
4500 0
4674 0
5117 0
6295 0
6696 0
7123 0
8891 0
9257 0
9705 0
11562 0
12223 0
12293 0
14775 0
15417 0
15656 0
16424 0
16434 0
16608 0
16922 0
17027 0
17512 0
18465 0
20059 0
20135 0
21367 0
21922 0
24464 0
24994 0
25430 0
25672 0
27755 0
28109 0
28477 0
30369 0
32451 0
32542 0
34265 0
34674 0
35898 0
36340 0
36603 0
37659 0
38081 0
39169 0
41210 0
41479 0
42254 0
43005 0
43151 0
43692 0
44462 0
44502 0
45072 0
45452 0
45680 0
45891 0
46023 0
46337 0
49846 0
50650 0
51007 0
51388 0
52198 0
53256 0
54864 0
55613 0
55845 0
56353 0
57812 0
58431 0
58660 0
59178 0
59424 0
59782 0
60636 0
60694 0
63206 0
64254 0
65976 0
68807 0
69287 0
69689 0
70156 0
71712 0
72271 0
72711 0
73797 0
73943 0
74591 0
75637 0
75644 0
76727 0
78069 0
80231 0
81359 0
82145 0
82268 0
82281 0
82474 0
83489 0
83717 0
84218 0
84248 0
84395 0
84606 0
85788 0
87340 0
88962 0
89558 0
89569 0
90831 0
91331 0
91809 0
92106 0
92402 0
92465 0
92901 0
93173 0
93734 0
94251 0
94565 0
94742 0
97525 0
97794 0
98604 0
99135 0
