c This is a uniform distributed  1-D DIMACS file 
c width height point_number
p 100000 100000 128
1020 0
1521 0
3611 0
4719 0
4933 0
5526 0
6082 0
6430 0
7392 0
7714 0
8022 0
8128 0
8375 0
8897 0
11262 0
12566 0
14272 0
15199 0
16047 0
16869 0
17139 0
17781 0
19429 0
19961 0
20622 0
20657 0
21106 0
22565 0
22908 0
23040 0
23546 0
23586 0
23726 0
24134 0
24819 0
25366 0
26660 0
27960 0
28252 0
28725 0
29181 0
30306 0
30667 0
31029 0
31737 0
33152 0
34819 0
37875 0
40553 0
40780 0
40829 0
41825 0
42163 0
42750 0
43283 0
43506 0
43884 0
43915 0
43921 0
46416 0
47612 0
48057 0
49837 0
50858 0
50921 0
51459 0
53987 0
54219 0
54813 0
54991 0
57842 0
59012 0
59513 0
59873 0
61028 0
61329 0
61778 0
62169 0
62299 0
62584 0
62740 0
64094 0
64935 0
65013 0
66395 0
66984 0
67225 0
67249 0
67698 0
68029 0
68247 0
68316 0
68821 0
69556 0
71531 0
72079 0
72094 0
72553 0
72725 0
73592 0
74003 0
74024 0
75248 0
76296 0
76802 0
76972 0
77050 0
78466 0
79806 0
81574 0
81644 0
82945 0
83359 0
83769 0
84628 0
85293 0
87607 0
90947 0
91081 0
91146 0
92205 0
93864 0
95947 0
96060 0
96185 0
97433 0
98850 0
99803 0
