c This is a uniform distributed  1-D DIMACS file 
c width height point_number
p 100000 100000 128
900 0
1908 0
3496 0
3517 0
5414 0
6501 0
7564 0
8055 0
8565 0
8779 0
9397 0
9426 0
10896 0
11873 0
12412 0
14341 0
14397 0
14554 0
15400 0
15843 0
15882 0
16087 0
19772 0
21513 0
21634 0
21880 0
22448 0
22455 0
24501 0
24728 0
25585 0
26247 0
26461 0
28324 0
29349 0
31714 0
33273 0
33680 0
33745 0
36167 0
36448 0
36732 0
37188 0
38318 0
38372 0
39147 0
39574 0
40642 0
41101 0
41129 0
41345 0
42239 0
43355 0
44335 0
45040 0
47332 0
47551 0
47885 0
48942 0
49150 0
49189 0
52429 0
53204 0
53532 0
53794 0
54044 0
54158 0
55106 0
55417 0
55495 0
55795 0
57239 0
58245 0
59155 0
59194 0
59428 0
59538 0
59723 0
61355 0
62049 0
62357 0
64354 0
65989 0
66559 0
68124 0
68447 0
68993 0
70884 0
71363 0
71598 0
72912 0
75172 0
77010 0
78215 0
78616 0
78904 0
79099 0
79243 0
79436 0
80065 0
80757 0
80935 0
82262 0
82550 0
84163 0
85394 0
86060 0
88952 0
89139 0
89452 0
90219 0
90389 0
93011 0
93355 0
93425 0
93527 0
93724 0
93863 0
95018 0
95466 0
95957 0
96149 0
96367 0
96898 0
97356 0
99178 0
99193 0
99296 0
