c This is a uniform distributed  1-D DIMACS file 
c width height point_number
p 100000 100000 128
366 0
2387 0
2493 0
2945 0
3522 0
5505 0
7194 0
7662 0
8179 0
9232 0
9478 0
10029 0
11089 0
11381 0
11612 0
14929 0
15025 0
20105 0
21146 0
22118 0
22788 0
23178 0
23219 0
23588 0
24529 0
25816 0
26359 0
26505 0
27192 0
27463 0
27753 0
27799 0
27840 0
28168 0
30201 0
30311 0
31250 0
32633 0
32908 0
33776 0
34539 0
34547 0
34937 0
35205 0
35251 0
36577 0
36837 0
37179 0
39070 0
39779 0
40381 0
40397 0
43390 0
43635 0
44750 0
45281 0
45653 0
46251 0
46525 0
46936 0
47810 0
48121 0
52889 0
53271 0
53546 0
53685 0
54031 0
55395 0
55463 0
55704 0
55710 0
57374 0
58149 0
59039 0
59198 0
59668 0
60487 0
60541 0
61107 0
61602 0
63293 0
63973 0
64123 0
65068 0
65825 0
67700 0
68077 0
68865 0
69626 0
69850 0
70215 0
70701 0
71087 0
71627 0
71984 0
73351 0
75122 0
76559 0
77704 0
79426 0
79519 0
81532 0
81856 0
82459 0
84507 0
84771 0
84783 0
85232 0
86070 0
87627 0
88038 0
88525 0
88526 0
89154 0
89639 0
90329 0
92518 0
93333 0
95073 0
95551 0
95947 0
96017 0
96303 0
97446 0
98083 0
98107 0
99325 0
99580 0
