c This is a uniform distributed  1-D DIMACS file 
c width height point_number
p 100000 100000 128
122 0
320 0
576 0
1655 0
2458 0
3883 0
3995 0
4537 0
4871 0
6168 0
9185 0
9464 0
10358 0
12789 0
13439 0
14592 0
14822 0
15061 0
15153 0
16215 0
16579 0
16591 0
16704 0
17136 0
17833 0
18166 0
18187 0
18207 0
19552 0
20329 0
22147 0
22434 0
23041 0
23390 0
23961 0
24159 0
24536 0
24863 0
25052 0
25594 0
25831 0
28857 0
29911 0
30562 0
31865 0
31949 0
32307 0
32351 0
32833 0
32840 0
35194 0
35495 0
35975 0
37779 0
39760 0
39924 0
40200 0
40681 0
41424 0
42639 0
42974 0
43050 0
43107 0
43394 0
44333 0
44880 0
46054 0
48584 0
50564 0
50569 0
51078 0
51699 0
52015 0
53240 0
55394 0
55634 0
55907 0
57153 0
61811 0
62335 0
62898 0
63286 0
65145 0
65833 0
65978 0
68310 0
68594 0
69585 0
69648 0
70322 0
70804 0
71777 0
72450 0
72751 0
73093 0
73519 0
74069 0
74612 0
74638 0
75435 0
76733 0
76746 0
78225 0
78564 0
79401 0
80613 0
80780 0
80998 0
82422 0
83886 0
84389 0
85320 0
85351 0
85936 0
87226 0
87486 0
87853 0
88654 0
89631 0
90958 0
91516 0
94103 0
94405 0
96103 0
96124 0
97005 0
99771 0
99896 0
