c This is a uniform distributed  1-D DIMACS file 
c width height point_number
p 100000 100000 128
1404 0
1571 0
3474 0
3903 0
3965 0
4220 0
4431 0
6186 0
6607 0
6705 0
8348 0
8568 0
8678 0
8772 0
9276 0
9485 0
9849 0
10234 0
10732 0
11322 0
11438 0
11880 0
12146 0
12546 0
12619 0
13085 0
13361 0
16146 0
16642 0
18252 0
21092 0
22401 0
22734 0
22856 0
23639 0
24166 0
24304 0
25443 0
26165 0
27321 0
29067 0
30025 0
30032 0
32503 0
33000 0
33029 0
33285 0
34512 0
34789 0
34878 0
36362 0
36818 0
37504 0
38281 0
39486 0
40430 0
40587 0
41179 0
42796 0
43039 0
43534 0
44246 0
44595 0
44794 0
45408 0
47209 0
48119 0
49180 0
51302 0
51689 0
54164 0
54247 0
54263 0
55965 0
57277 0
57949 0
59130 0
60161 0
60174 0
61828 0
61911 0
62490 0
62935 0
63133 0
65263 0
66008 0
67724 0
68800 0
68988 0
69956 0
70585 0
70606 0
71323 0
74306 0
74549 0
75763 0
76729 0
77837 0
78404 0
78571 0
79188 0
79193 0
79361 0
80210 0
80230 0
80261 0
80797 0
81104 0
81135 0
81165 0
81750 0
82698 0
83222 0
83626 0
83746 0
86344 0
87864 0
88629 0
89447 0
91156 0
92068 0
92123 0
93344 0
95557 0
95883 0
96960 0
99405 0
99537 0
