c This is a uniform distributed  1-D DIMACS file 
c width height point_number
p 100000 100000 128
552 0
672 0
1023 0
1193 0
1900 0
2630 0
3200 0
3635 0
4003 0
4368 0
5437 0
5527 0
5965 0
6531 0
8945 0
9414 0
9757 0
11040 0
11134 0
11261 0
13086 0
15228 0
15766 0
16037 0
16082 0
19867 0
19896 0
20375 0
22404 0
23136 0
23432 0
23505 0
24847 0
25984 0
27807 0
29008 0
29154 0
29305 0
29559 0
30070 0
30249 0
30618 0
30820 0
32036 0
32364 0
32394 0
34246 0
34591 0
35319 0
35463 0
35714 0
36556 0
36655 0
37505 0
37586 0
39241 0
39386 0
39749 0
40625 0
41220 0
42001 0
43382 0
43934 0
44105 0
45733 0
45880 0
46301 0
46752 0
47192 0
49565 0
49858 0
50440 0
51293 0
51604 0
51612 0
51774 0
52627 0
53562 0
53692 0
56693 0
58529 0
58681 0
59533 0
59650 0
62145 0
62444 0
64024 0
65617 0
65892 0
66800 0
68553 0
68768 0
70854 0
71781 0
72864 0
73745 0
74339 0
74517 0
74519 0
76419 0
79140 0
79611 0
80316 0
80620 0
81086 0
82465 0
82563 0
82579 0
83910 0
84411 0
84534 0
85554 0
85655 0
85827 0
86417 0
87600 0
88886 0
88902 0
90174 0
91032 0
91068 0
92065 0
92224 0
92361 0
92679 0
92787 0
93912 0
94239 0
