c This is a uniform distributed  1-D DIMACS file 
c width height point_number
p 100000 100000 128
811 0
1110 0
1138 0
1630 0
3488 0
5122 0
6851 0
7809 0
8001 0
8548 0
9432 0
10826 0
11444 0
12138 0
12260 0
12594 0
13019 0
14096 0
15128 0
15876 0
18273 0
20534 0
22004 0
23578 0
23855 0
24920 0
25635 0
26351 0
27542 0
27711 0
27732 0
28405 0
28890 0
30716 0
30758 0
30827 0
31540 0
32456 0
32573 0
32590 0
32650 0
33421 0
36680 0
38039 0
39263 0
40359 0
40758 0
40823 0
41231 0
42619 0
42721 0
42784 0
42965 0
43758 0
44286 0
45028 0
46108 0
47221 0
47250 0
48182 0
48346 0
49545 0
50677 0
51002 0
51319 0
51774 0
52772 0
56167 0
56281 0
58010 0
58129 0
58174 0
59866 0
60034 0
61558 0
61674 0
62020 0
62137 0
63386 0
64172 0
65047 0
66130 0
67216 0
69388 0
69574 0
71143 0
72225 0
73459 0
73601 0
73723 0
73757 0
75283 0
75317 0
75654 0
76683 0
77150 0
77561 0
79300 0
79922 0
79978 0
81688 0
84002 0
85494 0
85863 0
86435 0
86794 0
87322 0
88425 0
88898 0
89156 0
89918 0
90059 0
90082 0
92052 0
93668 0
93862 0
94423 0
95323 0
95684 0
95950 0
96418 0
96664 0
96700 0
96716 0
96778 0
97202 0
99564 0
99690 0
