c This is a uniform distributed  1-D DIMACS file 
c width height point_number
p 100000 100000 64
1647 0
3311 0
3975 0
7885 0
8965 0
8973 0
9350 0
9401 0
10609 0
11194 0
13341 0
13767 0
14459 0
15614 0
16119 0
17521 0
20255 0
20869 0
25024 0
25063 0
25506 0
26331 0
29531 0
31808 0
31825 0
32213 0
34541 0
38175 0
38317 0
39573 0
40246 0
42105 0
43605 0
45667 0
49982 0
50950 0
51683 0
56174 0
56269 0
57339 0
59641 0
63649 0
63857 0
64242 0
66977 0
70864 0
71481 0
71952 0
72996 0
73335 0
75495 0
77875 0
80348 0
80842 0
81212 0
81741 0
81969 0
84209 0
86426 0
88765 0
91902 0
93048 0
94444 0
96768 0
