c This is a uniform distributed  1-D DIMACS file 
c width height point_number
p 100000 100000 64
420 0
2884 0
3985 0
6287 0
8206 0
9818 0
10704 0
12589 0
13803 0
13861 0
14822 0
18610 0
18623 0
19741 0
21796 0
22399 0
23661 0
24244 0
24408 0
24584 0
29510 0
29940 0
31606 0
31778 0
33220 0
33874 0
37101 0
41811 0
43958 0
44232 0
50016 0
50680 0
50706 0
54575 0
56617 0
56618 0
57384 0
59252 0
59742 0
60952 0
61262 0
61337 0
63620 0
71643 0
71789 0
71808 0
76196 0
78884 0
82615 0
83140 0
84157 0
86522 0
86869 0
87678 0
88937 0
90218 0
91109 0
91609 0
92677 0
93099 0
96670 0
96971 0
97998 0
99614 0
