c This is a uniform distributed  1-D DIMACS file 
c width height point_number
p 100000 100000 64
1072 0
2018 0
2794 0
3646 0
5403 0
5935 0
6724 0
6998 0
7208 0
13359 0
13986 0
15144 0
15923 0
22345 0
23881 0
24209 0
30487 0
33115 0
34471 0
34588 0
35679 0
36542 0
37264 0
41282 0
42327 0
43456 0
43839 0
46473 0
46726 0
47746 0
49513 0
51567 0
54247 0
54257 0
55145 0
55436 0
55783 0
58496 0
60490 0
64328 0
65016 0
68425 0
69551 0
71947 0
74123 0
76965 0
79614 0
79948 0
81794 0
82277 0
82642 0
83524 0
86060 0
86935 0
87054 0
88109 0
89373 0
90259 0
93045 0
94518 0
95771 0
96613 0
98573 0
99588 0
