c This is a uniform distributed  1-D DIMACS file 
c width height point_number
p 100000 100000 64
4849 0
5140 0
8567 0
9501 0
12171 0
14370 0
14880 0
15356 0
16152 0
18381 0
19251 0
22324 0
23577 0
25216 0
27311 0
28340 0
28596 0
31496 0
36681 0
37150 0
37256 0
39350 0
39952 0
41664 0
42004 0
42038 0
42673 0
45702 0
47073 0
47264 0
50907 0
52651 0
53055 0
54270 0
56338 0
60498 0
63089 0
63422 0
64517 0
65337 0
66077 0
68906 0
70965 0
71095 0
71464 0
72964 0
75544 0
75930 0
76027 0
80130 0
80673 0
81236 0
81434 0
84677 0
88641 0
89416 0
91748 0
93119 0
94794 0
95526 0
96086 0
96408 0
97360 0
98147 0
