c This is a uniform distributed  1-D DIMACS file 
c width height point_number
p 100000 100000 64
2158 0
4699 0
5680 0
6551 0
6619 0
7325 0
7571 0
15449 0
16132 0
16691 0
17876 0
21246 0
24838 0
26034 0
27755 0
29829 0
30852 0
31957 0
32099 0
32783 0
33944 0
34495 0
35703 0
36001 0
39741 0
40196 0
40451 0
41132 0
41461 0
41942 0
44862 0
47783 0
50834 0
53553 0
55042 0
57580 0
58217 0
59315 0
60363 0
60401 0
62957 0
63942 0
64241 0
68512 0
72404 0
78429 0
78677 0
79116 0
82703 0
83802 0
84618 0
85246 0
87455 0
89707 0
90431 0
92304 0
94376 0
94512 0
96216 0
97208 0
97755 0
97931 0
98632 0
99465 0
