c This is a uniform distributed  1-D DIMACS file 
c width height point_number
p 100000 100000 64
143 0
2879 0
3464 0
3582 0
4774 0
5557 0
5923 0
7466 0
8062 0
8879 0
14356 0
17392 0
17442 0
17740 0
18025 0
18452 0
18996 0
20242 0
22719 0
25196 0
28693 0
28789 0
29827 0
30629 0
30655 0
30832 0
33121 0
35428 0
36725 0
40357 0
42121 0
43681 0
46984 0
47130 0
50546 0
55415 0
55620 0
55805 0
56070 0
56727 0
60948 0
60968 0
61169 0
61305 0
64525 0
66463 0
67172 0
68470 0
69986 0
70359 0
70668 0
72471 0
73900 0
74624 0
83004 0
83525 0
84256 0
84615 0
84660 0
88916 0
90012 0
92680 0
98099 0
98143 0
