c This is a uniform distributed  1-D DIMACS file 
c width height point_number
p 100000 100000 64
116 0
664 0
842 0
2217 0
7718 0
7921 0
9580 0
10581 0
10744 0
13518 0
20861 0
21032 0
22323 0
22490 0
22648 0
22736 0
22878 0
22965 0
24294 0
24581 0
26679 0
29881 0
30092 0
31051 0
33759 0
35079 0
36854 0
37446 0
39422 0
41037 0
41393 0
45898 0
47823 0
53891 0
57261 0
57508 0
58168 0
58680 0
61684 0
62230 0
65504 0
65554 0
66683 0
66862 0
68254 0
69252 0
70217 0
70860 0
71970 0
72230 0
72261 0
72873 0
73140 0
75651 0
76577 0
78916 0
80963 0
85814 0
86777 0
89517 0
91480 0
94339 0
94946 0
97941 0
