c This is a uniform distributed  1-D DIMACS file 
c width height point_number
p 100000 100000 64
231 0
244 0
879 0
2201 0
2286 0
3325 0
3805 0
5188 0
5328 0
5641 0
7840 0
7952 0
8600 0
8691 0
8715 0
10291 0
13892 0
16299 0
17584 0
19367 0
22530 0
22899 0
27378 0
27417 0
27432 0
29363 0
31908 0
32646 0
38077 0
39135 0
40821 0
42465 0
47352 0
50450 0
51464 0
52985 0
54342 0
55300 0
58622 0
59858 0
60890 0
62224 0
63601 0
65386 0
65400 0
66292 0
67964 0
68793 0
70916 0
71177 0
73497 0
73798 0
77306 0
80691 0
80877 0
81941 0
86940 0
87503 0
90415 0
92263 0
92536 0
95964 0
98442 0
98971 0
