c This is a uniform distributed  1-D DIMACS file 
c width height point_number
p 100000 100000 64
271 0
2369 0
3221 0
3501 0
3869 0
7227 0
7965 0
9870 0
11821 0
15276 0
16263 0
17655 0
17811 0
20803 0
21614 0
21946 0
23451 0
24952 0
26220 0
26429 0
28465 0
29234 0
29636 0
33638 0
34574 0
41522 0
41962 0
42206 0
44199 0
46709 0
49896 0
50063 0
50378 0
50866 0
51139 0
51225 0
53376 0
54861 0
57001 0
63015 0
63115 0
64174 0
65162 0
67906 0
68477 0
69224 0
70267 0
71441 0
74136 0
77318 0
82745 0
83044 0
83615 0
84923 0
87333 0
91800 0
92933 0
93114 0
93940 0
95506 0
96707 0
97583 0
98474 0
99483 0
