c This is a uniform distributed  1-D DIMACS file 
c width height point_number
p 100000 100000 64
2413 0
2615 0
3558 0
3680 0
6613 0
7957 0
8431 0
9838 0
10850 0
12569 0
13576 0
15868 0
17597 0
18037 0
18557 0
18837 0
19211 0
21566 0
22133 0
26091 0
28729 0
29242 0
29659 0
30601 0
31190 0
31592 0
32131 0
36735 0
39016 0
39835 0
40274 0
41194 0
41570 0
41690 0
44559 0
45336 0
45974 0
46562 0
46790 0
47550 0
48357 0
49272 0
51394 0
53581 0
53950 0
58052 0
59298 0
60603 0
61008 0
68118 0
69491 0
70096 0
71037 0
73470 0
74617 0
75175 0
76425 0
77823 0
81331 0
84810 0
88839 0
90503 0
92416 0
93659 0
