c This is a uniform distributed  1-D DIMACS file 
c width height point_number
p 100000 100000 64
932 0
4923 0
6135 0
6820 0
8160 0
8834 0
9932 0
12468 0
12765 0
13934 0
19602 0
21637 0
21947 0
24206 0
27065 0
27733 0
28421 0
30115 0
34753 0
35933 0
36447 0
36704 0
38991 0
39366 0
39769 0
41083 0
41685 0
43747 0
44038 0
44213 0
47806 0
48598 0
50778 0
51303 0
53492 0
54045 0
54206 0
54509 0
57888 0
58019 0
58474 0
59582 0
60491 0
61043 0
61325 0
61517 0
61604 0
61723 0
63355 0
64343 0
66796 0
67783 0
76604 0
76785 0
78743 0
78997 0
80514 0
81069 0
81362 0
83476 0
85987 0
89290 0
90390 0
97134 0
