c This is a uniform distributed  1-D DIMACS file 
c width height point_number
p 100000 100000 64
1090 0
3638 0
4547 0
6586 0
11613 0
12131 0
14174 0
14846 0
19366 0
19806 0
21905 0
22485 0
23577 0
32981 0
38511 0
39023 0
40296 0
40774 0
41092 0
42442 0
43077 0
44043 0
44364 0
45490 0
47663 0
47762 0
49118 0
49254 0
51007 0
51706 0
52093 0
56930 0
57874 0
58868 0
60425 0
63870 0
64066 0
64987 0
67782 0
69869 0
70572 0
70793 0
71412 0
72132 0
72150 0
73007 0
74334 0
74817 0
75557 0
77938 0
77956 0
79775 0
81906 0
82180 0
87060 0
87678 0
88015 0
88901 0
91611 0
91746 0
94097 0
95471 0
96668 0
98413 0
