c This is a uniform distributed  1-D DIMACS file 
c width height point_number
p 100000 100000 64
60 0
1566 0
4448 0
5308 0
5906 0
6163 0
6493 0
6541 0
8238 0
8574 0
8802 0
8819 0
9365 0
10608 0
12594 0
17285 0
17744 0
27182 0
28365 0
31556 0
31803 0
35345 0
37517 0
37550 0
37964 0
38024 0
38212 0
39106 0
41814 0
44477 0
48240 0
49090 0
51932 0
52025 0
52183 0
53122 0
53404 0
53845 0
57080 0
62195 0
64396 0
64879 0
69755 0
70429 0
71675 0
73592 0
75126 0
75939 0
77281 0
78736 0
78779 0
78907 0
80789 0
81004 0
83073 0
83514 0
84559 0
86155 0
87343 0
93029 0
93151 0
94125 0
94251 0
95924 0
