c This is a uniform distributed  1-D DIMACS file 
c width height point_number
p 100000 100000 64
2185 0
3256 0
4850 0
6459 0
6483 0
6807 0
9945 0
15509 0
16888 0
18619 0
19379 0
20699 0
20915 0
21102 0
22289 0
22737 0
30642 0
31583 0
34580 0
35591 0
36263 0
37998 0
39355 0
41058 0
44652 0
46754 0
48287 0
50500 0
53160 0
55489 0
55625 0
56249 0
61162 0
65762 0
66341 0
67406 0
68372 0
68693 0
70633 0
70947 0
71362 0
72647 0
74352 0
75836 0
77285 0
77816 0
81794 0
82640 0
83088 0
83251 0
83292 0
83536 0
84086 0
85116 0
85992 0
86287 0
87860 0
88318 0
89227 0
92282 0
92339 0
94169 0
95755 0
99686 0
