c This is a uniform distributed  1-D DIMACS file 
c width height point_number
p 100000 100000 64
1409 0
2412 0
2769 0
3929 0
4654 0
5371 0
5801 0
6001 0
11276 0
12486 0
12608 0
15584 0
20234 0
21922 0
28161 0
34512 0
36875 0
37631 0
38946 0
40903 0
41089 0
41298 0
42223 0
42596 0
43060 0
43442 0
43444 0
45582 0
47867 0
48544 0
50353 0
52201 0
52668 0
54328 0
55832 0
57204 0
58741 0
59671 0
60076 0
61869 0
62547 0
68371 0
68691 0
69123 0
69358 0
71679 0
73664 0
74731 0
75305 0
77617 0
77811 0
78632 0
79974 0
80240 0
83386 0
85769 0
87371 0
89697 0
90094 0
92336 0
97460 0
98481 0
98627 0
98688 0
