c This is a uniform distributed  1-D DIMACS file 
c width height point_number
p 100000 100000 64
803 0
1572 0
1739 0
2205 0
2347 0
2533 0
5400 0
6062 0
10004 0
11690 0
13101 0
13339 0
15309 0
16845 0
20063 0
23640 0
24554 0
27484 0
27519 0
27620 0
30289 0
31706 0
34470 0
36444 0
37049 0
39477 0
40612 0
43016 0
43199 0
43560 0
45035 0
46236 0
46392 0
48107 0
49513 0
49775 0
50327 0
51958 0
53319 0
56763 0
57142 0
60228 0
64531 0
64804 0
65346 0
65934 0
66510 0
66728 0
68152 0
70679 0
72154 0
73236 0
78207 0
78730 0
79286 0
81571 0
83035 0
86838 0
87223 0
93600 0
95451 0
95673 0
98787 0
99164 0
