c This is a uniform distributed  1-D DIMACS file 
c width height point_number
p 100000 100000 64
259 0
268 0
3271 0
6417 0
7009 0
7505 0
9819 0
11826 0
12976 0
14511 0
15480 0
15482 0
21857 0
25016 0
26792 0
29110 0
31533 0
32463 0
34411 0
34419 0
35660 0
36100 0
36308 0
37143 0
38079 0
38193 0
39596 0
39673 0
39870 0
41088 0
45199 0
47509 0
47831 0
48354 0
48468 0
48769 0
48847 0
55155 0
58278 0
60408 0
63221 0
64567 0
65276 0
69578 0
69746 0
73564 0
74762 0
77481 0
77604 0
79033 0
82707 0
84057 0
86446 0
86848 0
87985 0
89775 0
90012 0
91673 0
92134 0
94315 0
94351 0
95323 0
96434 0
99300 0
