c This is a uniform distributed  1-D DIMACS file 
c width height point_number
p 100000 100000 64
563 0
2373 0
3186 0
4476 0
6826 0
11390 0
11529 0
11990 0
12180 0
13476 0
14331 0
14410 0
15388 0
23113 0
25268 0
25525 0
26556 0
27116 0
29171 0
29403 0
31042 0
34612 0
35619 0
37613 0
38026 0
38059 0
41244 0
42086 0
42826 0
43569 0
44885 0
47192 0
47761 0
48181 0
48324 0
49095 0
50080 0
51079 0
52315 0
53477 0
55788 0
58120 0
62467 0
63859 0
66205 0
68515 0
69856 0
70383 0
70862 0
71596 0
71702 0
73270 0
77259 0
77280 0
78403 0
78648 0
80593 0
80901 0
81623 0
83536 0
84921 0
91735 0
91882 0
92232 0
