c This is a uniform distributed  1-D DIMACS file 
c width height point_number
p 100000 100000 64
362 0
1019 0
1924 0
4303 0
5649 0
8088 0
8333 0
9051 0
10549 0
12299 0
12758 0
13146 0
14306 0
17081 0
20150 0
20371 0
20463 0
22267 0
24905 0
25285 0
29774 0
31279 0
32238 0
35706 0
36153 0
37366 0
38805 0
39253 0
41265 0
41694 0
42466 0
44413 0
46172 0
46319 0
48755 0
48843 0
49752 0
50538 0
52611 0
56529 0
56994 0
60740 0
61565 0
62368 0
65061 0
67189 0
67806 0
72762 0
74592 0
77100 0
77518 0
83090 0
83452 0
83534 0
86425 0
87979 0
88978 0
89006 0
91707 0
93595 0
93778 0
93938 0
94895 0
97088 0
