c This is a uniform distributed  1-D DIMACS file 
c width height point_number
p 100000 100000 64
998 0
1321 0
3110 0
3299 0
4113 0
5226 0
8648 0
9788 0
10855 0
13045 0
13777 0
16527 0
19302 0
19645 0
20261 0
22808 0
25044 0
25733 0
26120 0
26501 0
27905 0
29489 0
30178 0
32554 0
33125 0
33759 0
35233 0
37686 0
37697 0
39575 0
42698 0
43982 0
44593 0
46057 0
54204 0
54558 0
55457 0
59226 0
59959 0
60952 0
62399 0
67171 0
67791 0
68050 0
69104 0
70035 0
71561 0
73674 0
74266 0
74377 0
74638 0
79141 0
80478 0
82192 0
84182 0
84224 0
89860 0
92739 0
93226 0
94566 0
95567 0
95887 0
97092 0
97863 0
