c This is a uniform distributed  1-D DIMACS file 
c width height point_number
p 100000 100000 64
2243 0
2484 0
2873 0
4238 0
5747 0
7377 0
7756 0
9619 0
11906 0
14739 0
18055 0
18094 0
19937 0
20585 0
20893 0
22524 0
22736 0
24684 0
26651 0
27019 0
27304 0
28035 0
30394 0
35399 0
35486 0
36220 0
36700 0
40011 0
42829 0
44611 0
44878 0
45875 0
48072 0
49859 0
54054 0
55531 0
56226 0
57228 0
57984 0
58067 0
59488 0
61189 0
61497 0
61922 0
65781 0
68007 0
68802 0
71562 0
72352 0
74195 0
75076 0
75441 0
76229 0
77255 0
77588 0
77774 0
78379 0
82028 0
82464 0
82668 0
82914 0
90353 0
92731 0
99633 0
