c This is a uniform distributed  1-D DIMACS file 
c width height point_number
p 100000 100000 64
1177 0
6013 0
6559 0
12089 0
12896 0
15550 0
15741 0
18987 0
20769 0
23227 0
24071 0
26477 0
26832 0
26941 0
27385 0
29795 0
32470 0
32657 0
35050 0
35303 0
35858 0
35999 0
36329 0
36473 0
38899 0
40097 0
41451 0
44177 0
44730 0
46390 0
47424 0
48585 0
48943 0
49037 0
49316 0
49730 0
49909 0
50794 0
51767 0
53897 0
55565 0
56357 0
57541 0
58679 0
59417 0
60961 0
62010 0
62240 0
63108 0
65735 0
65914 0
71730 0
72186 0
72396 0
72886 0
73591 0
81854 0
85905 0
88703 0
88956 0
90878 0
91660 0
92145 0
94807 0
