c This is a uniform distributed  1-D DIMACS file 
c width height point_number
p 100000 100000 64
1485 0
1775 0
3346 0
5123 0
7335 0
10200 0
12666 0
12993 0
14288 0
15410 0
16924 0
17007 0
17435 0
19001 0
19211 0
19465 0
19634 0
25632 0
29683 0
34849 0
34960 0
37333 0
40590 0
41190 0
42298 0
42569 0
46060 0
46600 0
49014 0
49116 0
49588 0
53520 0
53682 0
53731 0
54969 0
55360 0
56247 0
57152 0
58163 0
59423 0
61678 0
64754 0
67275 0
67370 0
68414 0
68653 0
68700 0
69086 0
69916 0
71300 0
75737 0
76400 0
79789 0
82709 0
84252 0
85884 0
86531 0
86714 0
89125 0
89466 0
92635 0
96581 0
98711 0
99634 0
