c This is a uniform distributed  1-D DIMACS file 
c width height point_number
p 100000 100000 64
576 0
1655 0
3995 0
4871 0
6168 0
9464 0
10358 0
14592 0
14822 0
15061 0
16579 0
17136 0
18207 0
19552 0
20329 0
22434 0
23961 0
24159 0
24863 0
25052 0
28857 0
31865 0
32833 0
32840 0
35194 0
35495 0
35975 0
37779 0
40681 0
42974 0
43107 0
44333 0
44880 0
50564 0
50569 0
53240 0
55394 0
62335 0
63286 0
65833 0
68310 0
68594 0
69585 0
69648 0
70804 0
72450 0
72751 0
73093 0
73519 0
74069 0
74612 0
75435 0
76733 0
76746 0
79401 0
80613 0
80998 0
83886 0
85320 0
85351 0
91516 0
94103 0
94405 0
97005 0
