c This is a uniform distributed  1-D DIMACS file 
c width height point_number
p 100000 100000 64
2811 0
5578 0
8437 0
9036 0
9746 0
10593 0
11998 0
12274 0
13372 0
15853 0
16440 0
17011 0
17497 0
19580 0
19842 0
21505 0
21988 0
23588 0
23750 0
26029 0
29314 0
29325 0
29336 0
29912 0
30619 0
31226 0
32002 0
32780 0
35903 0
36009 0
39152 0
45033 0
46241 0
46266 0
46505 0
49212 0
49744 0
49926 0
57043 0
59133 0
60172 0
61610 0
62953 0
63413 0
64230 0
64767 0
67356 0
71388 0
72421 0
73210 0
73905 0
75751 0
78632 0
80974 0
82965 0
84042 0
84836 0
86285 0
87109 0
87262 0
87922 0
88112 0
95530 0
97176 0
