c This is a uniform distributed  1-D DIMACS file 
c width height point_number
p 100000 100000 64
1093 0
3517 0
5438 0
6048 0
6424 0
10743 0
13761 0
15260 0
16216 0
19624 0
20962 0
24036 0
25796 0
25926 0
27355 0
27693 0
28963 0
29617 0
31215 0
39517 0
41733 0
42689 0
43409 0
45240 0
45961 0
47306 0
48318 0
49245 0
49690 0
51557 0
51780 0
53460 0
53594 0
54622 0
56393 0
56719 0
58565 0
60216 0
61616 0
63048 0
64519 0
64887 0
65035 0
66301 0
66456 0
66785 0
68120 0
73221 0
73492 0
74041 0
75414 0
78924 0
79464 0
87060 0
87260 0
89005 0
91274 0
93769 0
96807 0
98132 0
99092 0
99236 0
99481 0
99677 0
