c This is a uniform distributed  1-D DIMACS file 
c width height point_number
p 100000 100000 64
798 0
1872 0
2497 0
3561 0
6922 0
7878 0
11724 0
17090 0
17592 0
18984 0
20007 0
21244 0
24676 0
31922 0
32231 0
37620 0
38805 0
39513 0
41505 0
41994 0
42614 0
43568 0
43891 0
45445 0
45892 0
46523 0
47955 0
48601 0
49812 0
49867 0
52490 0
52621 0
55027 0
58147 0
59301 0
61714 0
67700 0
68269 0
68756 0
70609 0
71558 0
73136 0
80187 0
80472 0
80783 0
80967 0
81858 0
82458 0
83967 0
84213 0
84666 0
86294 0
86905 0
89142 0
89689 0
90536 0
90869 0
92289 0
93006 0
95940 0
96592 0
96767 0
97640 0
99060 0
