c This is a uniform distributed  1-D DIMACS file 
c width height point_number
p 100000 100000 64
770 0
861 0
2748 0
3891 0
5312 0
6266 0
8793 0
10628 0
11395 0
15796 0
16024 0
17160 0
18432 0
19458 0
23484 0
23898 0
25659 0
28694 0
31552 0
35774 0
35921 0
37195 0
41091 0
41607 0
43002 0
44132 0
48556 0
53708 0
54887 0
56887 0
59151 0
59736 0
60264 0
62956 0
64821 0
64926 0
65726 0
66558 0
66804 0
67122 0
67222 0
67436 0
67970 0
68149 0
69093 0
69480 0
71933 0
73970 0
76553 0
76821 0
77190 0
80039 0
80078 0
82387 0
83105 0
84479 0
84655 0
85306 0
87314 0
87499 0
89476 0
92068 0
93017 0
96277 0
