c This is a uniform distributed  1-D DIMACS file 
c width height point_number
p 100000 100000 64
2637 0
3204 0
4864 0
5166 0
6846 0
7226 0
7405 0
12473 0
13662 0
15005 0
15278 0
16069 0
16251 0
16362 0
19129 0
19486 0
19706 0
20269 0
21590 0
21912 0
25052 0
26004 0
28845 0
29054 0
35561 0
41491 0
41912 0
42227 0
42395 0
43261 0
45703 0
46251 0
48162 0
50849 0
50851 0
54495 0
56301 0
60272 0
65503 0
67455 0
67537 0
67538 0
70204 0
71370 0
73390 0
74936 0
76950 0
78278 0
78683 0
79500 0
79673 0
80741 0
81345 0
81796 0
83476 0
83533 0
84244 0
84928 0
87519 0
89745 0
92499 0
93949 0
99007 0
99624 0
