c This is a uniform distributed  1-D DIMACS file 
c width height point_number
p 100000 100000 64
957 0
4112 0
4999 0
6778 0
7685 0
9880 0
10575 0
10750 0
14619 0
16321 0
19260 0
19836 0
20226 0
20272 0
24911 0
25821 0
26904 0
29473 0
30628 0
33089 0
33796 0
35956 0
37581 0
39509 0
40493 0
41623 0
43895 0
44339 0
44463 0
49173 0
49361 0
49394 0
50073 0
50361 0
50705 0
52294 0
52578 0
53785 0
53909 0
59343 0
59459 0
60963 0
65531 0
66572 0
66728 0
69572 0
71123 0
73685 0
74300 0
76138 0
78591 0
80544 0
82400 0
83150 0
84219 0
85660 0
90070 0
91506 0
92354 0
92446 0
96249 0
97652 0
99113 0
99169 0
