c This is a uniform distributed  1-D DIMACS file 
c width height point_number
p 100000 100000 64
427 0
3811 0
4414 0
4490 0
4514 0
5511 0
5725 0
7925 0
8051 0
8480 0
10911 0
11500 0
12595 0
12728 0
14403 0
19639 0
21838 0
22053 0
23360 0
26523 0
27487 0
32440 0
36807 0
37126 0
40127 0
41185 0
41849 0
45704 0
45959 0
52521 0
52624 0
53188 0
53453 0
54958 0
56165 0
56649 0
57222 0
61898 0
66173 0
67643 0
71172 0
71349 0
71866 0
73702 0
73989 0
76092 0
76565 0
76988 0
77904 0
79043 0
80326 0
81398 0
83388 0
83718 0
87524 0
87891 0
88703 0
92357 0
92641 0
93837 0
94633 0
95971 0
97478 0
98222 0
