c This is a uniform distributed  1-D DIMACS file 
c width height point_number
p 100000 100000 64
717 0
2762 0
9850 0
10364 0
12026 0
15986 0
16498 0
17360 0
18570 0
20008 0
20331 0
21636 0
24863 0
24951 0
25182 0
27008 0
29857 0
30200 0
31834 0
32420 0
34224 0
34342 0
35312 0
35624 0
37226 0
40122 0
43235 0
44556 0
49038 0
49930 0
50440 0
50910 0
50960 0
53611 0
56445 0
57664 0
59066 0
63073 0
65817 0
65855 0
66508 0
66559 0
67955 0
68270 0
70033 0
70676 0
71252 0
71949 0
74188 0
75891 0
77101 0
78492 0
79533 0
79557 0
84231 0
84412 0
84889 0
87487 0
88629 0
93069 0
94656 0
96219 0
97166 0
99237 0
