c This is a uniform distributed  1-D DIMACS file 
c width height point_number
p 100000 100000 64
1064 0
2066 0
2381 0
2467 0
6230 0
7625 0
8077 0
8414 0
9702 0
13162 0
15312 0
18333 0
18521 0
20379 0
21408 0
22633 0
25533 0
28775 0
30412 0
35414 0
35484 0
37094 0
37677 0
38454 0
42142 0
42740 0
42790 0
44232 0
45448 0
45591 0
46000 0
46023 0
47345 0
49016 0
49870 0
50200 0
52531 0
52982 0
55124 0
55557 0
57625 0
58729 0
62265 0
62480 0
62840 0
63289 0
63395 0
66286 0
68230 0
70560 0
71777 0
73925 0
75088 0
77064 0
77110 0
77683 0
80228 0
84522 0
86647 0
88233 0
90179 0
90529 0
94210 0
98324 0
