c This is a uniform distributed  1-D DIMACS file 
c width height point_number
p 100000 100000 64
9 0
1987 0
5144 0
6275 0
7940 0
8595 0
10998 0
11055 0
11585 0
12680 0
13209 0
13322 0
14719 0
16130 0
17485 0
19027 0
19674 0
22058 0
22233 0
25909 0
26546 0
26842 0
27064 0
28730 0
30679 0
32398 0
35343 0
35632 0
38161 0
39592 0
44280 0
45978 0
47436 0
48150 0
50861 0
56633 0
61116 0
61200 0
65156 0
67817 0
67864 0
68718 0
68853 0
68994 0
69261 0
70670 0
72816 0
75831 0
77340 0
78533 0
79245 0
79684 0
82819 0
83956 0
83986 0
86440 0
86634 0
87101 0
89636 0
91028 0
92373 0
93339 0
93922 0
98438 0
