c This is a uniform distributed  1-D DIMACS file 
c width height point_number
p 100000 100000 64
459 0
736 0
3427 0
5481 0
8001 0
10377 0
11285 0
11795 0
14152 0
14190 0
15049 0
15975 0
17785 0
18418 0
22969 0
25941 0
27658 0
29095 0
29123 0
31685 0
32690 0
34187 0
34269 0
35350 0
35644 0
36980 0
37814 0
42046 0
43568 0
44156 0
45406 0
45885 0
47072 0
48595 0
48677 0
50727 0
53008 0
53659 0
53812 0
57920 0
61788 0
62427 0
64477 0
65386 0
67633 0
69902 0
70084 0
72736 0
75494 0
76271 0
76462 0
77504 0
78024 0
78492 0
78934 0
82412 0
85374 0
85868 0
87390 0
88208 0
88235 0
92007 0
95235 0
97383 0
