c This is a uniform distributed  1-D DIMACS file 
c width height point_number
p 100000 100000 64
498 0
985 0
3028 0
3983 0
4069 0
5237 0
7052 0
7581 0
7833 0
8427 0
10073 0
10695 0
12093 0
15800 0
16629 0
19085 0
20210 0
20844 0
21814 0
24191 0
28004 0
28425 0
29064 0
29110 0
30972 0
31332 0
31506 0
31791 0
32784 0
34333 0
34704 0
34779 0
36276 0
39432 0
44667 0
45119 0
47899 0
49540 0
49551 0
49936 0
50747 0
53522 0
53566 0
53726 0
54105 0
54475 0
54609 0
55084 0
55332 0
57920 0
59508 0
62294 0
62415 0
66525 0
68036 0
68451 0
69655 0
74573 0
85338 0
85547 0
86861 0
91619 0
96622 0
98294 0
