c This is a uniform distributed  1-D DIMACS file 
c width height point_number
p 100000 100000 64
2955 0
3503 0
3558 0
5673 0
7306 0
8036 0
10230 0
11071 0
12064 0
13148 0
13272 0
16036 0
17820 0
17974 0
20510 0
24060 0
26404 0
27134 0
27955 0
30746 0
31640 0
31782 0
36471 0
37920 0
38563 0
41460 0
42711 0
42967 0
49260 0
49483 0
51167 0
51361 0
53668 0
55830 0
55911 0
56875 0
59594 0
64645 0
65012 0
68576 0
69319 0
70239 0
71850 0
74415 0
74559 0
75637 0
76326 0
76445 0
76926 0
80630 0
80803 0
82171 0
86507 0
86908 0
86932 0
87013 0
89584 0
92104 0
93264 0
94456 0
95103 0
95170 0
96764 0
97618 0
