c This is a uniform distributed  1-D DIMACS file 
c width height point_number
p 100000 100000 64
4345 0
5147 0
5720 0
5901 0
8129 0
13020 0
18490 0
18536 0
19491 0
19979 0
22239 0
23613 0
24021 0
24369 0
24776 0
24945 0
26182 0
27073 0
31258 0
33195 0
33553 0
33720 0
35480 0
38126 0
39931 0
41940 0
42973 0
44989 0
45383 0
48437 0
51354 0
52196 0
52299 0
53863 0
54738 0
54889 0
54900 0
55024 0
56849 0
57666 0
58194 0
58447 0
58624 0
59653 0
59838 0
63872 0
65025 0
66225 0
67367 0
67604 0
68135 0
68480 0
69741 0
76866 0
77166 0
78923 0
80009 0
81324 0
82052 0
94151 0
94329 0
96418 0
97650 0
99777 0
