c This is a uniform distributed  1-D DIMACS file 
c width height point_number
p 100000 100000 64
779 0
982 0
1291 0
2595 0
3650 0
5392 0
7407 0
9701 0
11121 0
14838 0
16167 0
16599 0
18238 0
19987 0
20142 0
21689 0
22454 0
23039 0
23331 0
23672 0
23947 0
26365 0
27047 0
28260 0
29144 0
29736 0
29749 0
31909 0
31920 0
32472 0
36380 0
36707 0
37795 0
38947 0
43132 0
44334 0
44407 0
46751 0
47812 0
49457 0
53175 0
56057 0
56762 0
59246 0
59626 0
61347 0
62928 0
63029 0
64582 0
66587 0
69843 0
70057 0
73938 0
78646 0
80020 0
81005 0
85080 0
88822 0
92971 0
92975 0
93938 0
94096 0
97030 0
97172 0
