c This is a uniform distributed  1-D DIMACS file 
c width height point_number
p 100000 100000 64
637 0
905 0
1573 0
1574 0
4634 0
7201 0
9387 0
11192 0
11777 0
13512 0
14283 0
16751 0
23584 0
24892 0
26927 0
27306 0
30556 0
38476 0
39365 0
40756 0
41970 0
45590 0
46096 0
46115 0
46541 0
49207 0
52850 0
53565 0
55011 0
56337 0
56406 0
57214 0
57314 0
57483 0
59155 0
62123 0
62892 0
63146 0
64277 0
66189 0
66447 0
66679 0
68495 0
69127 0
70878 0
71392 0
71452 0
74761 0
76790 0
78897 0
79148 0
81628 0
82006 0
83879 0
87015 0
88184 0
89005 0
92744 0
93584 0
98558 0
98725 0
98794 0
98910 0
99907 0
