c This is a uniform distributed  1-D DIMACS file 
c width height point_number
p 100000 100000 64
446 0
2482 0
5546 0
5741 0
6030 0
7164 0
9294 0
9649 0
11462 0
13132 0
14937 0
15985 0
16691 0
19457 0
19458 0
19581 0
21496 0
22262 0
23331 0
24908 0
25211 0
26915 0
27286 0
28497 0
29950 0
36381 0
36762 0
36816 0
38870 0
39527 0
39813 0
40802 0
41562 0
45603 0
47518 0
49160 0
49702 0
52706 0
52784 0
54087 0
56213 0
58269 0
59022 0
60748 0
61700 0
62054 0
62687 0
63407 0
63894 0
67892 0
74763 0
75607 0
77949 0
78955 0
80351 0
88231 0
89079 0
89201 0
90475 0
91101 0
93068 0
94207 0
97531 0
99908 0
