c This is a uniform distributed  1-D DIMACS file 
c width height point_number
p 100000 100000 64
1197 0
1463 0
3178 0
3431 0
3906 0
4270 0
5399 0
7700 0
9420 0
12124 0
13208 0
13727 0
13797 0
15791 0
16548 0
21112 0
23541 0
26447 0
26523 0
27867 0
32190 0
32831 0
33437 0
33811 0
35676 0
36490 0
36969 0
37554 0
38694 0
40397 0
40942 0
42191 0
44979 0
46221 0
48046 0
49416 0
51728 0
52508 0
52615 0
54418 0
55214 0
55994 0
56209 0
56561 0
57768 0
60382 0
64019 0
66456 0
70054 0
70313 0
70566 0
73648 0
75194 0
78965 0
84236 0
85045 0
87666 0
90786 0
91268 0
96054 0
96831 0
98491 0
98805 0
99112 0
