c This is a uniform distributed  1-D DIMACS file 
c width height point_number
p 100000 100000 64
4500 0
4674 0
5117 0
6295 0
6696 0
7123 0
8891 0
9257 0
9705 0
11562 0
12223 0
15417 0
16424 0
16434 0
16922 0
17512 0
18465 0
20059 0
21922 0
24464 0
25672 0
28109 0
32451 0
35898 0
38081 0
41479 0
42254 0
43005 0
43151 0
43692 0
44462 0
45891 0
51388 0
52198 0
54864 0
55613 0
55845 0
57812 0
60694 0
65976 0
69287 0
71712 0
72271 0
72711 0
73797 0
73943 0
74591 0
75637 0
75644 0
76727 0
81359 0
82268 0
83489 0
84218 0
84395 0
84606 0
87340 0
88962 0
89569 0
91331 0
92106 0
94742 0
97525 0
99135 0
