c This is a uniform distributed  1-D DIMACS file 
c width height point_number
p 100000 100000 64
2254 0
4309 0
4321 0
6544 0
8182 0
8920 0
10804 0
15320 0
15500 0
16283 0
16343 0
19261 0
19575 0
20565 0
24481 0
24621 0
25152 0
25376 0
29248 0
36937 0
38866 0
39372 0
39984 0
42071 0
43059 0
43108 0
44462 0
46377 0
46688 0
52705 0
53698 0
54419 0
55208 0
61239 0
63209 0
63610 0
64163 0
65168 0
65426 0
65440 0
65491 0
68193 0
69731 0
70681 0
70774 0
71291 0
72777 0
73455 0
76967 0
79300 0
79452 0
79905 0
79955 0
80906 0
81539 0
82774 0
83242 0
87229 0
87531 0
89095 0
89352 0
91891 0
92395 0
96425 0
