c This is a uniform distributed  1-D DIMACS file 
c width height point_number
p 100000 100000 64
267 0
6378 0
6591 0
7538 0
8901 0
10089 0
12490 0
13480 0
14650 0
15278 0
17219 0
17739 0
20260 0
20413 0
22238 0
23799 0
25656 0
26828 0
31777 0
33094 0
33812 0
35634 0
36316 0
37048 0
37853 0
39221 0
43373 0
45219 0
48243 0
48567 0
48912 0
49562 0
53126 0
54738 0
57100 0
57320 0
57398 0
60833 0
61026 0
63831 0
67816 0
68362 0
69585 0
70066 0
71232 0
73172 0
73923 0
74501 0
76399 0
82678 0
82826 0
83157 0
83841 0
84822 0
85800 0
86953 0
87508 0
88845 0
88914 0
93719 0
94400 0
95673 0
95904 0
99683 0
