c This is a uniform distributed  1-D DIMACS file 
c width height point_number
p 100000 100000 64
2634 0
2768 0
2837 0
4608 0
5390 0
5891 0
9511 0
10968 0
11662 0
11697 0
13070 0
15178 0
16705 0
16800 0
17236 0
17940 0
18589 0
20208 0
22168 0
28411 0
28492 0
29813 0
30741 0
31133 0
31916 0
32359 0
32373 0
32976 0
34154 0
34247 0
35411 0
38078 0
40707 0
41155 0
42789 0
43600 0
45712 0
53252 0
54630 0
55601 0
56384 0
59108 0
59858 0
60652 0
69891 0
70468 0
70761 0
72299 0
72375 0
74454 0
74918 0
80096 0
83019 0
83789 0
84117 0
84545 0
87210 0
87769 0
90307 0
94313 0
95781 0
97203 0
98851 0
98853 0
