c This is a uniform distributed  1-D DIMACS file 
c width height point_number
p 100000 100000 64
8171 0
11072 0
12421 0
14120 0
15906 0
16416 0
16640 0
18879 0
19695 0
19776 0
20027 0
21419 0
22378 0
23433 0
26298 0
27384 0
30258 0
30442 0
30720 0
31020 0
31227 0
32032 0
33135 0
33202 0
33868 0
35542 0
35924 0
36426 0
39561 0
40391 0
41085 0
43596 0
44296 0
44567 0
45857 0
51880 0
51931 0
53723 0
53923 0
55418 0
56644 0
60335 0
60967 0
65006 0
65633 0
70704 0
71421 0
72085 0
72174 0
75638 0
78217 0
80233 0
84435 0
85621 0
86909 0
87539 0
89257 0
91439 0
91538 0
93396 0
94643 0
95084 0
95817 0
99223 0
