c This is a uniform distributed  1-D DIMACS file 
c width height point_number
p 100000 100000 256
2236 0
2566 0
2811 0
3141 0
3716 0
4201 0
4211 0
4444 0
5578 0
7545 0
7733 0
8437 0
9036 0
9231 0
9746 0
10336 0
10593 0
10600 0
11463 0
11579 0
11590 0
11998 0
12274 0
12473 0
13238 0
13372 0
13433 0
13509 0
13689 0
13798 0
14321 0
14634 0
14635 0
14761 0
14783 0
15261 0
15362 0
15853 0
16440 0
17005 0
17011 0
17125 0
17497 0
18054 0
19275 0
19580 0
19842 0
19880 0
20327 0
20646 0
20842 0
21241 0
21505 0
21654 0
21988 0
22177 0
22876 0
23194 0
23426 0
23588 0
23750 0
23776 0
23808 0
24130 0
24284 0
25022 0
25518 0
25761 0
25804 0
26029 0
26131 0
26463 0
26542 0
27083 0
27524 0
27934 0
28043 0
29314 0
29325 0
29331 0
29336 0
29912 0
30619 0
30919 0
31226 0
31710 0
32002 0
32270 0
32276 0
32335 0
32780 0
33150 0
33186 0
33213 0
33876 0
34033 0
34635 0
34976 0
35128 0
35156 0
35166 0
35903 0
36009 0
36260 0
36364 0
36963 0
37149 0
37349 0
37604 0
37615 0
37956 0
39035 0
39152 0
39912 0
40070 0
43563 0
43598 0
43931 0
44281 0
45033 0
46239 0
46241 0
46266 0
46505 0
46513 0
46775 0
47000 0
47379 0
48482 0
48663 0
48984 0
49212 0
49548 0
49744 0
49754 0
49926 0
50037 0
50395 0
50431 0
50538 0
50627 0
51309 0
52637 0
52812 0
54213 0
54913 0
55535 0
55842 0
56034 0
56641 0
57043 0
59133 0
60172 0
60334 0
60433 0
60455 0
60511 0
61507 0
61598 0
61610 0
61622 0
62075 0
62598 0
62953 0
63128 0
63413 0
64230 0
64547 0
64767 0
64944 0
65550 0
65780 0
66074 0
66688 0
67356 0
67998 0
68088 0
68333 0
68816 0
70977 0
71388 0
71495 0
72421 0
72610 0
73210 0
73368 0
73905 0
74914 0
75410 0
75751 0
76572 0
76871 0
77231 0
77248 0
77392 0
77456 0
77654 0
77658 0
77663 0
77759 0
77885 0
78632 0
78791 0
78947 0
78963 0
78979 0
80137 0
80604 0
80974 0
81393 0
81431 0
82965 0
83729 0
84014 0
84042 0
84209 0
84221 0
84836 0
84871 0
84943 0
86285 0
87109 0
87262 0
87443 0
87672 0
87779 0
87785 0
87922 0
88112 0
88254 0
89128 0
89718 0
90134 0
90447 0
90603 0
91609 0
92516 0
92682 0
93880 0
95032 0
95530 0
95779 0
95792 0
96015 0
96058 0
96073 0
96278 0
96915 0
97139 0
97176 0
97672 0
98235 0
98271 0
98620 0
98731 0
99238 0
