c This is a uniform distributed  1-D DIMACS file 
c width height point_number
p 100000 100000 256
228 0
461 0
746 0
1055 0
1197 0
1385 0
1463 0
1658 0
2347 0
2832 0
3178 0
3188 0
3431 0
3630 0
3906 0
3907 0
4242 0
4270 0
5092 0
5399 0
6096 0
6833 0
7344 0
7351 0
7642 0
7700 0
7769 0
7789 0
8155 0
8530 0
8909 0
9175 0
9420 0
10488 0
10533 0
10796 0
11554 0
12124 0
12338 0
13208 0
13399 0
13444 0
13701 0
13727 0
13797 0
14602 0
14817 0
15426 0
15645 0
15655 0
15791 0
15996 0
16548 0
16837 0
17032 0
17277 0
18352 0
18713 0
18870 0
21112 0
21399 0
21921 0
22947 0
23150 0
23528 0
23541 0
23982 0
23993 0
24117 0
24468 0
24582 0
24622 0
24660 0
25043 0
25959 0
26447 0
26523 0
26664 0
26819 0
27867 0
27957 0
28677 0
28935 0
29640 0
31458 0
32170 0
32190 0
32831 0
33375 0
33424 0
33437 0
33592 0
33811 0
34096 0
34412 0
35676 0
36490 0
36659 0
36969 0
37088 0
37554 0
37627 0
38159 0
38417 0
38694 0
38942 0
39267 0
39659 0
40397 0
40779 0
40894 0
40942 0
41027 0
41660 0
42191 0
42321 0
42343 0
42508 0
43496 0
43498 0
44360 0
44570 0
44979 0
45315 0
45383 0
46221 0
46368 0
46987 0
47196 0
47593 0
48046 0
49122 0
49416 0
49628 0
49792 0
49917 0
49968 0
51078 0
51085 0
51728 0
52120 0
52236 0
52508 0
52615 0
52694 0
53150 0
53286 0
53322 0
53830 0
54061 0
54418 0
54876 0
55214 0
55442 0
55460 0
55625 0
55900 0
55994 0
56209 0
56510 0
56561 0
57407 0
57768 0
60180 0
60382 0
60403 0
60717 0
60823 0
60908 0
63120 0
63537 0
63658 0
64019 0
64346 0
64476 0
64877 0
66013 0
66305 0
66327 0
66456 0
67125 0
67394 0
67498 0
67946 0
68813 0
69367 0
69445 0
69475 0
70054 0
70313 0
70566 0
70808 0
71480 0
72131 0
72227 0
72230 0
73648 0
74604 0
74772 0
74842 0
75194 0
75284 0
75926 0
77064 0
77478 0
77605 0
77631 0
77964 0
78188 0
78526 0
78965 0
81057 0
81309 0
81432 0
81625 0
81905 0
81970 0
82954 0
83768 0
84236 0
85045 0
85137 0
86096 0
86132 0
86189 0
86663 0
86828 0
87661 0
87666 0
87762 0
88436 0
88459 0
88635 0
88938 0
90195 0
90345 0
90786 0
90931 0
91166 0
91268 0
91821 0
92404 0
94834 0
96054 0
96725 0
96831 0
97029 0
98000 0
98081 0
98222 0
98491 0
98805 0
99112 0
99615 0
99773 0
99978 0
