c This is a uniform distributed  1-D DIMACS file 
c width height point_number
p 100000 100000 256
271 0
2004 0
2369 0
2637 0
2707 0
2779 0
3051 0
3221 0
3399 0
3501 0
3690 0
3869 0
4107 0
4927 0
4997 0
5128 0
6132 0
6531 0
7227 0
7319 0
7657 0
7750 0
7811 0
7916 0
7965 0
8351 0
8451 0
8632 0
8769 0
9204 0
9237 0
9360 0
9870 0
11449 0
11629 0
11666 0
11821 0
12479 0
14061 0
14739 0
15109 0
15276 0
16263 0
16488 0
17430 0
17655 0
17660 0
17811 0
17913 0
18155 0
18778 0
18978 0
19374 0
19609 0
19773 0
20803 0
21233 0
21614 0
21946 0
22017 0
22840 0
23305 0
23451 0
24063 0
24549 0
24952 0
25212 0
25569 0
26220 0
26429 0
27878 0
28465 0
29234 0
29399 0
29450 0
29617 0
29636 0
29733 0
29853 0
30704 0
32356 0
32358 0
32889 0
33498 0
33618 0
33638 0
34574 0
34720 0
35831 0
36064 0
36358 0
37451 0
37589 0
39472 0
39473 0
39942 0
40476 0
41066 0
41522 0
41796 0
41809 0
41869 0
41962 0
42202 0
42206 0
42448 0
42572 0
43202 0
43528 0
44199 0
45008 0
45109 0
45763 0
45883 0
46709 0
46902 0
47203 0
47339 0
48449 0
48970 0
49681 0
49896 0
50063 0
50378 0
50627 0
50786 0
50866 0
51139 0
51225 0
51264 0
52462 0
52509 0
52517 0
52628 0
52954 0
53127 0
53376 0
53655 0
54655 0
54799 0
54861 0
55303 0
56289 0
56294 0
56721 0
57001 0
57275 0
58010 0
58249 0
59119 0
59873 0
61370 0
61459 0
61812 0
62802 0
62828 0
63015 0
63115 0
63615 0
63902 0
63938 0
64141 0
64174 0
65000 0
65049 0
65162 0
65788 0
65842 0
65925 0
65978 0
67429 0
67906 0
68477 0
68755 0
68855 0
69092 0
69224 0
69658 0
69998 0
70267 0
70663 0
71202 0
71221 0
71441 0
73434 0
74015 0
74136 0
74361 0
74670 0
75643 0
75829 0
76054 0
76250 0
76400 0
77017 0
77318 0
77489 0
79012 0
79035 0
79100 0
79167 0
79372 0
79473 0
80652 0
81244 0
81436 0
81522 0
81823 0
81979 0
82170 0
82576 0
82745 0
82801 0
83044 0
83415 0
83570 0
83615 0
84923 0
84993 0
86003 0
86186 0
86551 0
86616 0
86838 0
87262 0
87285 0
87333 0
87513 0
87609 0
87688 0
89355 0
89850 0
89975 0
91800 0
91877 0
92933 0
93114 0
93828 0
93940 0
95506 0
95717 0
95767 0
96584 0
96707 0
97362 0
97500 0
97583 0
98033 0
98223 0
98474 0
98510 0
98811 0
99152 0
99483 0
99550 0
99923 0
