c This is a uniform distributed  1-D DIMACS file 
c width height point_number
p 100000 100000 256
190 0
1343 0
1904 0
1933 0
2126 0
2537 0
3828 0
4226 0
4346 0
4492 0
4691 0
4990 0
5334 0
5554 0
6060 0
6339 0
7946 0
8113 0
8228 0
8663 0
8843 0
9115 0
9149 0
9243 0
9404 0
9476 0
9771 0
9833 0
10741 0
10968 0
11184 0
11826 0
12235 0
12631 0
13660 0
14890 0
15466 0
16688 0
16721 0
17075 0
17564 0
17827 0
18271 0
18662 0
18721 0
19891 0
20415 0
20607 0
20898 0
22067 0
22469 0
22480 0
22879 0
22926 0
23017 0
23501 0
23517 0
24171 0
24465 0
24762 0
24775 0
24829 0
25045 0
25541 0
25767 0
26103 0
26586 0
28751 0
29465 0
29872 0
29880 0
29975 0
30024 0
30348 0
30897 0
30949 0
31634 0
31912 0
31951 0
32048 0
32049 0
32054 0
32608 0
32663 0
32869 0
32960 0
33268 0
33491 0
33881 0
34148 0
34599 0
35640 0
35999 0
36755 0
36850 0
37101 0
37639 0
37669 0
37893 0
38351 0
39468 0
39487 0
39779 0
39932 0
40506 0
40970 0
41424 0
42132 0
42518 0
42594 0
42629 0
43220 0
43253 0
43423 0
43465 0
43723 0
44353 0
44622 0
45371 0
45523 0
46076 0
46465 0
46537 0
46580 0
48114 0
48136 0
48314 0
48677 0
50496 0
50811 0
51299 0
51321 0
51630 0
51774 0
52093 0
52491 0
52519 0
52996 0
53077 0
53424 0
53586 0
53759 0
53967 0
53968 0
54145 0
54867 0
55833 0
55909 0
56805 0
56966 0
57173 0
57438 0
57532 0
58483 0
58731 0
59023 0
59107 0
60285 0
60826 0
62005 0
62337 0
62833 0
63614 0
63775 0
64800 0
65172 0
65478 0
65914 0
66759 0
66879 0
67541 0
67792 0
68005 0
68030 0
68058 0
68599 0
69862 0
70602 0
70726 0
70782 0
70824 0
71279 0
71377 0
71590 0
72162 0
72611 0
73092 0
73217 0
73526 0
73782 0
73790 0
73936 0
75063 0
76354 0
76944 0
76969 0
77004 0
77439 0
77901 0
78246 0
78305 0
78434 0
78475 0
78533 0
78587 0
78999 0
79326 0
79740 0
80809 0
81402 0
81487 0
81795 0
81945 0
82102 0
82484 0
82507 0
82836 0
83271 0
84134 0
84443 0
84458 0
84830 0
85064 0
85359 0
85437 0
85512 0
85535 0
85597 0
85919 0
86274 0
86305 0
86350 0
86403 0
86753 0
86828 0
87177 0
88286 0
89172 0
89740 0
91371 0
91522 0
91579 0
91866 0
92068 0
93002 0
93671 0
94091 0
96263 0
97138 0
97159 0
97639 0
97875 0
98039 0
98369 0
98661 0
99388 0
