c This is a uniform distributed  1-D DIMACS file 
c width height point_number
p 100000 100000 256
478 0
898 0
1177 0
1546 0
2481 0
2604 0
3075 0
3725 0
3889 0
4608 0
4792 0
4795 0
6013 0
6380 0
6422 0
6559 0
6824 0
6953 0
7113 0
7828 0
9921 0
10278 0
10545 0
11197 0
11826 0
11982 0
12089 0
12464 0
12603 0
12866 0
12896 0
13356 0
15442 0
15550 0
15741 0
16352 0
16441 0
17098 0
17173 0
17462 0
18056 0
18871 0
18987 0
19545 0
20559 0
20769 0
22115 0
22512 0
22967 0
23100 0
23227 0
23289 0
23580 0
23683 0
24071 0
24155 0
26477 0
26832 0
26836 0
26941 0
27059 0
27385 0
29216 0
29283 0
29568 0
29795 0
30228 0
30363 0
30424 0
30531 0
31098 0
31779 0
31958 0
32010 0
32220 0
32470 0
32657 0
33220 0
33223 0
33242 0
33370 0
33727 0
33730 0
34432 0
35050 0
35303 0
35858 0
35999 0
36267 0
36329 0
36473 0
37431 0
37699 0
37873 0
38588 0
38668 0
38899 0
39716 0
40097 0
41078 0
41327 0
41451 0
41826 0
41853 0
42077 0
42399 0
43835 0
44177 0
44274 0
44730 0
45256 0
45430 0
45974 0
46390 0
46616 0
47424 0
47445 0
47456 0
47677 0
48367 0
48585 0
48943 0
49037 0
49316 0
49358 0
49398 0
49730 0
49909 0
50127 0
50206 0
50477 0
50794 0
51040 0
51565 0
51767 0
51905 0
52076 0
52103 0
52254 0
52280 0
53235 0
53669 0
53897 0
53979 0
54044 0
54268 0
54370 0
55565 0
56234 0
56357 0
56506 0
56557 0
56682 0
56784 0
57015 0
57325 0
57541 0
58679 0
58932 0
59417 0
60147 0
60388 0
60961 0
61350 0
62010 0
62225 0
62240 0
62470 0
62630 0
62697 0
63108 0
63809 0
63975 0
64827 0
65419 0
65512 0
65735 0
65914 0
67148 0
68640 0
70072 0
71730 0
72146 0
72186 0
72250 0
72396 0
72423 0
72886 0
73591 0
73718 0
73984 0
74108 0
74229 0
75101 0
75704 0
76266 0
77043 0
78070 0
78120 0
78762 0
79085 0
79294 0
79480 0
80636 0
81011 0
81854 0
82189 0
82245 0
82430 0
82585 0
83656 0
83803 0
84710 0
84883 0
85078 0
85323 0
85648 0
85905 0
87135 0
87148 0
88618 0
88703 0
88786 0
88851 0
88956 0
89331 0
89590 0
90748 0
90878 0
90939 0
91660 0
91736 0
92056 0
92145 0
92782 0
92820 0
94513 0
94789 0
94807 0
94906 0
94917 0
94952 0
95411 0
95623 0
95728 0
96504 0
96701 0
96824 0
96850 0
97324 0
97596 0
97724 0
98941 0
99113 0
99599 0
99637 0
