c This is a uniform distributed  1-D DIMACS file 
c width height point_number
p 100000 100000 256
175 0
215 0
938 0
1248 0
1252 0
1701 0
1877 0
2318 0
2955 0
3198 0
3296 0
3503 0
3558 0
3609 0
5263 0
5669 0
5673 0
6600 0
7126 0
7306 0
7417 0
7447 0
8036 0
8169 0
8490 0
8554 0
8802 0
9491 0
10187 0
10230 0
10893 0
11071 0
12064 0
12729 0
13148 0
13272 0
13341 0
14322 0
14759 0
14923 0
15833 0
16036 0
16099 0
17283 0
17404 0
17820 0
17864 0
17974 0
20193 0
20510 0
21083 0
21454 0
21596 0
21966 0
22344 0
22593 0
22710 0
22900 0
23698 0
24060 0
24686 0
24816 0
25283 0
25439 0
25735 0
26166 0
26404 0
26773 0
26837 0
27134 0
27453 0
27633 0
27868 0
27955 0
28041 0
28376 0
28774 0
28874 0
29235 0
29878 0
30746 0
31417 0
31640 0
31782 0
32071 0
33804 0
34146 0
34234 0
34371 0
34620 0
35084 0
35585 0
36471 0
37920 0
38263 0
38563 0
41222 0
41437 0
41460 0
42154 0
42173 0
42711 0
42809 0
42867 0
42967 0
43659 0
44197 0
44249 0
44424 0
44768 0
47056 0
47800 0
48112 0
49260 0
49261 0
49483 0
49657 0
50177 0
50178 0
51044 0
51167 0
51316 0
51361 0
51486 0
51681 0
51797 0
53127 0
53278 0
53668 0
53951 0
54188 0
54437 0
54442 0
54967 0
55830 0
55911 0
56068 0
56190 0
56277 0
56875 0
56904 0
57556 0
57637 0
57704 0
57795 0
58068 0
58242 0
58469 0
59246 0
59594 0
60149 0
60237 0
60544 0
61247 0
61461 0
61532 0
61997 0
62203 0
62495 0
62759 0
63022 0
63095 0
64137 0
64449 0
64645 0
64930 0
65012 0
65143 0
66316 0
66337 0
66388 0
67321 0
68576 0
68894 0
68942 0
69319 0
70239 0
70544 0
71700 0
71850 0
71998 0
72621 0
72715 0
74030 0
74215 0
74415 0
74559 0
74657 0
75637 0
76280 0
76316 0
76326 0
76443 0
76445 0
76926 0
77680 0
78166 0
78817 0
79135 0
79824 0
80630 0
80803 0
80879 0
81121 0
82171 0
82877 0
83186 0
83217 0
84165 0
84429 0
84827 0
84977 0
85207 0
85559 0
85773 0
86507 0
86908 0
86932 0
87013 0
87606 0
88222 0
89296 0
89392 0
89584 0
90943 0
91338 0
91894 0
92104 0
92940 0
92989 0
93264 0
93299 0
94456 0
94691 0
94754 0
94894 0
94901 0
95103 0
95170 0
95445 0
95982 0
96572 0
96764 0
97504 0
97600 0
97618 0
97629 0
97914 0
98623 0
99010 0
99290 0
99331 0
99376 0
99386 0
99753 0
99856 0
