c This is a uniform distributed  1-D DIMACS file 
c width height point_number
p 100000 100000 256
60 0
162 0
831 0
1566 0
1600 0
1628 0
1910 0
2521 0
2626 0
2628 0
2865 0
3127 0
3263 0
4273 0
4415 0
4448 0
4810 0
5101 0
5308 0
5327 0
5771 0
5906 0
6163 0
6493 0
6541 0
7422 0
7643 0
8238 0
8390 0
8574 0
8802 0
8819 0
9265 0
9365 0
9579 0
9973 0
10321 0
10608 0
11236 0
12594 0
12986 0
13836 0
14573 0
14604 0
15152 0
15324 0
15953 0
16461 0
17282 0
17285 0
17404 0
17744 0
18537 0
19818 0
20784 0
21753 0
22067 0
22629 0
23311 0
23547 0
23604 0
23848 0
23965 0
24055 0
24252 0
24647 0
24658 0
25300 0
25770 0
27182 0
27353 0
27627 0
27718 0
28028 0
28266 0
28365 0
28489 0
28712 0
28785 0
29232 0
29234 0
29471 0
29500 0
29536 0
30336 0
30806 0
31110 0
31556 0
31702 0
31803 0
33306 0
33747 0
34055 0
34771 0
34831 0
35345 0
35659 0
37272 0
37343 0
37517 0
37550 0
37964 0
38024 0
38212 0
38872 0
39106 0
39395 0
40022 0
40232 0
40714 0
41228 0
41230 0
41814 0
42896 0
43578 0
44104 0
44421 0
44477 0
46669 0
47541 0
48082 0
48240 0
49090 0
49272 0
50060 0
50836 0
51932 0
52025 0
52183 0
52374 0
52711 0
52723 0
52759 0
52932 0
53122 0
53404 0
53571 0
53845 0
54484 0
55004 0
55617 0
56190 0
56504 0
56515 0
56828 0
56945 0
57080 0
57087 0
57365 0
57716 0
59258 0
59374 0
59384 0
59460 0
59593 0
59814 0
60175 0
60215 0
61169 0
61218 0
61973 0
62128 0
62195 0
62401 0
62510 0
62850 0
63331 0
63485 0
64396 0
64879 0
67289 0
67393 0
67626 0
68396 0
68624 0
68662 0
68741 0
69166 0
69474 0
69755 0
70300 0
70429 0
70722 0
71211 0
71675 0
73592 0
73792 0
74321 0
75126 0
75281 0
75939 0
76465 0
76513 0
77046 0
77281 0
77763 0
78555 0
78597 0
78736 0
78779 0
78907 0
80789 0
81004 0
81741 0
82016 0
82540 0
83073 0
83514 0
84559 0
84681 0
84740 0
85482 0
85784 0
85835 0
85930 0
86155 0
86374 0
86921 0
86929 0
87246 0
87343 0
87897 0
88247 0
88321 0
88322 0
88636 0
90491 0
90595 0
91280 0
91316 0
91366 0
91539 0
92891 0
93029 0
93151 0
93339 0
93689 0
94125 0
94251 0
95238 0
95491 0
95606 0
95863 0
95924 0
96090 0
96596 0
96734 0
96876 0
97122 0
97182 0
98437 0
98642 0
98830 0
98837 0
99396 0
99891 0
