c This is a uniform distributed  1-D DIMACS file 
c width height point_number
p 100000 100000 256
29 0
99 0
263 0
932 0
1296 0
1394 0
1427 0
2764 0
2975 0
3702 0
3797 0
4001 0
4275 0
4904 0
5109 0
5540 0
6291 0
6724 0
6777 0
6853 0
7024 0
7140 0
7994 0
8669 0
8778 0
9670 0
10005 0
10477 0
12036 0
13118 0
13123 0
13440 0
13670 0
13875 0
13882 0
15092 0
17598 0
17690 0
18103 0
18737 0
19247 0
20128 0
20345 0
20672 0
21071 0
21613 0
21719 0
21757 0
21908 0
22194 0
22308 0
22845 0
23196 0
23213 0
23686 0
24367 0
24572 0
25050 0
25184 0
25454 0
26641 0
27019 0
27424 0
27517 0
27519 0
27956 0
28121 0
28136 0
28174 0
28190 0
28382 0
28878 0
29243 0
29854 0
30218 0
30623 0
31627 0
32656 0
32711 0
32884 0
33217 0
33373 0
33730 0
33823 0
34412 0
34508 0
34559 0
35579 0
36278 0
36743 0
37346 0
37986 0
38014 0
38310 0
38319 0
38929 0
39005 0
40303 0
40922 0
41496 0
43167 0
43639 0
44341 0
45220 0
46343 0
46897 0
47110 0
47190 0
47227 0
47341 0
47403 0
47616 0
47775 0
48147 0
48555 0
48893 0
49480 0
49551 0
50646 0
50914 0
50930 0
51284 0
51521 0
52012 0
52580 0
52934 0
52994 0
53570 0
53763 0
53971 0
53982 0
55085 0
55107 0
55263 0
55362 0
55768 0
56242 0
56398 0
56645 0
56660 0
56788 0
58124 0
58149 0
58280 0
58291 0
58647 0
58962 0
59241 0
59957 0
60154 0
60602 0
61057 0
62331 0
62463 0
62512 0
62631 0
62942 0
63257 0
63321 0
63515 0
63582 0
63743 0
64342 0
64492 0
64578 0
64682 0
65105 0
65253 0
65255 0
65875 0
66001 0
66694 0
67176 0
67333 0
68372 0
69263 0
69272 0
69275 0
69556 0
69660 0
70231 0
70789 0
71041 0
71128 0
71155 0
71423 0
71585 0
71704 0
72527 0
73258 0
74352 0
74357 0
74632 0
74900 0
74999 0
76145 0
77301 0
77485 0
77691 0
78230 0
79524 0
80483 0
80821 0
80986 0
81330 0
81475 0
81671 0
81744 0
82280 0
82289 0
82475 0
82601 0
84137 0
84439 0
85044 0
85768 0
86175 0
86279 0
86292 0
86910 0
86978 0
87443 0
87550 0
87672 0
87875 0
87956 0
88025 0
88090 0
88733 0
88830 0
88884 0
89624 0
89688 0
89753 0
90126 0
90844 0
90919 0
91008 0
91047 0
91787 0
92503 0
92515 0
92549 0
92642 0
93196 0
93245 0
94227 0
94871 0
95942 0
96768 0
98236 0
98613 0
99131 0
99133 0
99546 0
99741 0
