c This is a uniform distributed  1-D DIMACS file 
c width height point_number
p 100000 100000 256
152 0
398 0
1019 0
2269 0
2482 0
3413 0
3590 0
3633 0
3880 0
4238 0
5204 0
5335 0
5647 0
5827 0
6662 0
6782 0
8104 0
8472 0
8586 0
9100 0
9131 0
9503 0
9916 0
10337 0
11506 0
12252 0
12909 0
13204 0
14253 0
14268 0
14335 0
14809 0
15441 0
15728 0
15827 0
16478 0
16838 0
17003 0
17036 0
17065 0
17810 0
17859 0
18096 0
18186 0
19157 0
19223 0
19467 0
19714 0
19824 0
20544 0
20972 0
21468 0
21592 0
22081 0
22198 0
22277 0
22598 0
22647 0
23561 0
23740 0
24081 0
24311 0
24443 0
24534 0
24586 0
24933 0
25008 0
25430 0
25663 0
27107 0
27612 0
27790 0
28094 0
28206 0
28455 0
29347 0
29769 0
29935 0
29946 0
30166 0
30720 0
30926 0
31116 0
31134 0
31681 0
32001 0
32039 0
32138 0
32953 0
33128 0
33159 0
33607 0
35007 0
35397 0
35601 0
35616 0
35731 0
37021 0
37112 0
38738 0
38975 0
40151 0
40661 0
41453 0
42467 0
42746 0
43731 0
44116 0
44652 0
44822 0
45997 0
46023 0
46226 0
46586 0
46936 0
46958 0
47149 0
47565 0
47785 0
48589 0
49002 0
49024 0
49139 0
49610 0
50229 0
50736 0
50806 0
50881 0
51354 0
51928 0
52514 0
52523 0
53319 0
54498 0
55871 0
56430 0
56791 0
56887 0
56946 0
57044 0
57309 0
58109 0
58308 0
58502 0
58945 0
60009 0
60200 0
60675 0
60718 0
61264 0
61546 0
61767 0
62334 0
62813 0
62814 0
63172 0
63592 0
65408 0
65523 0
66198 0
66731 0
66842 0
66891 0
66919 0
68090 0
68189 0
68212 0
68522 0
69138 0
69641 0
69922 0
70217 0
70504 0
70550 0
70645 0
70748 0
70909 0
72515 0
73082 0
73195 0
73589 0
73792 0
75140 0
75262 0
75365 0
75477 0
75730 0
76000 0
76136 0
76230 0
76454 0
76480 0
76503 0
76808 0
78287 0
79507 0
79842 0
79852 0
80052 0
80107 0
80414 0
81493 0
81509 0
81607 0
81819 0
82097 0
82647 0
82681 0
82910 0
83015 0
83423 0
83900 0
84556 0
84956 0
84999 0
85002 0
85927 0
86182 0
86866 0
87697 0
88061 0
88297 0
88567 0
88601 0
89012 0
89170 0
90191 0
90390 0
90713 0
90808 0
90842 0
90918 0
91529 0
91606 0
92076 0
92926 0
92948 0
93137 0
93498 0
94247 0
94264 0
95001 0
95021 0
95066 0
95307 0
95857 0
96665 0
97827 0
98066 0
98596 0
98626 0
99260 0
99329 0
99558 0
99814 0
99862 0
