c This is a uniform distributed  1-D DIMACS file 
c width height point_number
p 100000 100000 256
362 0
1019 0
1078 0
1510 0
1618 0
1813 0
1924 0
1941 0
2698 0
3419 0
3460 0
4015 0
4203 0
4303 0
4873 0
5138 0
5649 0
5712 0
6324 0
6448 0
7601 0
8088 0
8333 0
9051 0
10099 0
10413 0
10549 0
11724 0
11761 0
11975 0
12299 0
12441 0
12686 0
12757 0
12758 0
13067 0
13117 0
13146 0
13332 0
14306 0
14724 0
14860 0
14928 0
14932 0
15450 0
15592 0
15821 0
16189 0
17081 0
18443 0
18543 0
18734 0
19732 0
20150 0
20371 0
20463 0
20788 0
21031 0
21109 0
22131 0
22267 0
22338 0
22425 0
22743 0
22817 0
23063 0
24372 0
24905 0
25125 0
25285 0
25799 0
26155 0
28911 0
29774 0
30395 0
31166 0
31279 0
31407 0
31549 0
31583 0
32042 0
32213 0
32238 0
33200 0
33328 0
33401 0
34432 0
34754 0
35706 0
35849 0
35873 0
36146 0
36153 0
36474 0
37366 0
37707 0
37918 0
37984 0
38805 0
38930 0
39253 0
39666 0
40215 0
40635 0
40833 0
40912 0
41265 0
41413 0
41694 0
41751 0
42017 0
42466 0
42504 0
42628 0
42883 0
43713 0
43749 0
43828 0
44413 0
44455 0
44473 0
44510 0
44704 0
44922 0
45092 0
45833 0
46172 0
46319 0
48753 0
48755 0
48843 0
48897 0
49647 0
49678 0
49752 0
49944 0
50538 0
50821 0
51705 0
51837 0
52134 0
52611 0
54274 0
55464 0
56108 0
56529 0
56646 0
56670 0
56774 0
56994 0
57797 0
58465 0
58518 0
59181 0
59220 0
59282 0
60402 0
60486 0
60740 0
60773 0
61565 0
61585 0
61734 0
62184 0
62343 0
62368 0
62762 0
63348 0
63569 0
64074 0
64631 0
65061 0
65224 0
65359 0
65941 0
67189 0
67806 0
67919 0
69072 0
69326 0
69808 0
70121 0
70308 0
71075 0
71260 0
71446 0
71669 0
71757 0
72542 0
72671 0
72762 0
73273 0
73454 0
73995 0
74043 0
74455 0
74592 0
75327 0
75344 0
76303 0
76393 0
76489 0
76835 0
76847 0
77094 0
77100 0
77518 0
78027 0
78136 0
78787 0
79080 0
79867 0
80547 0
80670 0
81416 0
81760 0
82214 0
82893 0
82967 0
83090 0
83382 0
83452 0
83534 0
84305 0
85009 0
86420 0
86425 0
87658 0
87979 0
88003 0
88355 0
88978 0
89006 0
89702 0
90274 0
91707 0
93595 0
93712 0
93778 0
93827 0
93938 0
94455 0
94852 0
94895 0
95214 0
95915 0
97013 0
97030 0
97088 0
97493 0
97494 0
98286 0
98986 0
99561 0
99578 0
99652 0
