c This is a uniform distributed  1-D DIMACS file 
c width height point_number
p 100000 100000 256
267 0
1350 0
1516 0
2293 0
2634 0
2776 0
2807 0
3469 0
3694 0
4372 0
4661 0
4702 0
5583 0
6343 0
6378 0
6509 0
6591 0
6656 0
7387 0
7455 0
7504 0
7538 0
7539 0
8901 0
9133 0
10089 0
10146 0
10194 0
10608 0
10666 0
10905 0
11050 0
11358 0
11791 0
12344 0
12401 0
12490 0
13313 0
13390 0
13480 0
13528 0
13560 0
13590 0
14264 0
14565 0
14650 0
14948 0
15278 0
15354 0
16112 0
16283 0
17219 0
17739 0
17812 0
17967 0
18245 0
18505 0
18542 0
20260 0
20413 0
20446 0
20588 0
20860 0
21422 0
22238 0
22257 0
22573 0
22964 0
23799 0
24808 0
25256 0
25538 0
25656 0
25995 0
26440 0
26750 0
26828 0
27370 0
27930 0
28276 0
28572 0
29055 0
29279 0
29337 0
29445 0
29572 0
29726 0
30090 0
30538 0
30725 0
31209 0
31738 0
31777 0
31989 0
32245 0
33094 0
33804 0
33812 0
34766 0
35149 0
35456 0
35595 0
35634 0
35740 0
35999 0
36016 0
36074 0
36316 0
37048 0
37345 0
37767 0
37841 0
37853 0
37865 0
38882 0
39221 0
39285 0
40480 0
41049 0
43373 0
43469 0
43788 0
43859 0
44360 0
45219 0
45934 0
46028 0
46934 0
47399 0
47424 0
48243 0
48567 0
48904 0
48912 0
49315 0
49562 0
49860 0
50150 0
50466 0
51129 0
51513 0
53126 0
53461 0
53549 0
54353 0
54618 0
54738 0
54895 0
55031 0
55301 0
55894 0
55992 0
56038 0
56237 0
56350 0
57100 0
57320 0
57398 0
59111 0
59326 0
60141 0
60258 0
60833 0
60867 0
60987 0
61026 0
61036 0
61211 0
62291 0
63831 0
64949 0
65189 0
65542 0
65846 0
66778 0
67588 0
67816 0
68362 0
68457 0
69585 0
69994 0
70066 0
71204 0
71232 0
71429 0
71640 0
73172 0
73923 0
73977 0
74255 0
74345 0
74501 0
75707 0
75859 0
76399 0
76411 0
76502 0
77140 0
77531 0
77864 0
78199 0
78387 0
78405 0
79716 0
80551 0
80763 0
81079 0
82608 0
82678 0
82826 0
82851 0
82926 0
83157 0
83196 0
83358 0
83841 0
84316 0
84583 0
84822 0
84905 0
85800 0
86443 0
86953 0
87508 0
87597 0
87867 0
88116 0
88845 0
88914 0
89258 0
89850 0
89984 0
90148 0
90852 0
92125 0
92701 0
93255 0
93719 0
93739 0
94062 0
94400 0
94599 0
94874 0
95087 0
95116 0
95673 0
95740 0
95904 0
96131 0
96854 0
96868 0
97331 0
97984 0
98987 0
99572 0
99683 0
