c This is a uniform distributed  1-D DIMACS file 
c width height point_number
p 100000 100000 256
1020 0
1024 0
1059 0
1521 0
3611 0
4719 0
4885 0
4892 0
4933 0
5036 0
5526 0
5785 0
6082 0
6158 0
6208 0
6365 0
6430 0
7191 0
7392 0
7710 0
7714 0
8022 0
8128 0
8375 0
8628 0
8897 0
9365 0
9379 0
10792 0
11262 0
12566 0
12792 0
13263 0
13373 0
13580 0
14272 0
14544 0
14685 0
15154 0
15199 0
16047 0
16320 0
16869 0
17139 0
17388 0
17781 0
18017 0
18167 0
18493 0
18533 0
18678 0
19429 0
19961 0
20054 0
20622 0
20657 0
21088 0
21106 0
22267 0
22565 0
22908 0
23040 0
23049 0
23546 0
23586 0
23647 0
23726 0
24134 0
24237 0
24280 0
24530 0
24819 0
25366 0
25663 0
25691 0
26380 0
26660 0
27683 0
27960 0
28252 0
28383 0
28725 0
29181 0
29448 0
30306 0
30393 0
30667 0
30870 0
31029 0
31030 0
31737 0
33152 0
34606 0
34819 0
35017 0
35158 0
36511 0
37875 0
38472 0
40317 0
40410 0
40553 0
40780 0
40829 0
41178 0
41444 0
41514 0
41693 0
41825 0
41826 0
42163 0
42750 0
43283 0
43506 0
43884 0
43915 0
43921 0
45833 0
46021 0
46416 0
47612 0
48057 0
49286 0
49579 0
49837 0
49881 0
50858 0
50921 0
51106 0
51459 0
51677 0
52168 0
52251 0
52756 0
53088 0
53527 0
53987 0
54219 0
54813 0
54991 0
57842 0
58590 0
59012 0
59455 0
59513 0
59873 0
60615 0
60648 0
61028 0
61128 0
61329 0
61778 0
62042 0
62169 0
62299 0
62584 0
62740 0
62967 0
63436 0
64094 0
64223 0
64935 0
65013 0
65263 0
65406 0
65569 0
65900 0
66395 0
66984 0
67225 0
67249 0
67698 0
67819 0
68029 0
68247 0
68316 0
68492 0
68821 0
69556 0
69582 0
71531 0
72079 0
72094 0
72225 0
72553 0
72725 0
73293 0
73592 0
73657 0
74003 0
74024 0
74376 0
74386 0
75248 0
75357 0
76296 0
76802 0
76972 0
77050 0
77857 0
78466 0
79141 0
79330 0
79806 0
80085 0
80572 0
81045 0
81234 0
81574 0
81644 0
82410 0
82781 0
82945 0
83359 0
83630 0
83769 0
83821 0
84628 0
84664 0
85293 0
85336 0
86384 0
87607 0
87734 0
88237 0
88893 0
89161 0
89386 0
89814 0
90027 0
90390 0
90589 0
90803 0
90947 0
91081 0
91146 0
91923 0
92205 0
93492 0
93864 0
94010 0
94244 0
94253 0
95947 0
96060 0
96185 0
97181 0
97290 0
97433 0
97701 0
97770 0
98850 0
98960 0
99496 0
99803 0
99839 0
