c This is a uniform distributed  1-D DIMACS file 
c width height point_number
p 100000 100000 256
95 0
525 0
1688 0
2210 0
2220 0
2436 0
2519 0
2667 0
2742 0
2777 0
2855 0
3390 0
4372 0
4479 0
4518 0
6426 0
7365 0
7633 0
7810 0
7940 0
8038 0
8160 0
8290 0
8306 0
8956 0
9097 0
9550 0
10127 0
11967 0
11991 0
12081 0
12336 0
12783 0
12963 0
13017 0
13485 0
13964 0
14483 0
14690 0
15157 0
15352 0
15712 0
15737 0
15817 0
15946 0
16097 0
16671 0
16942 0
17760 0
18168 0
18437 0
18887 0
18975 0
19065 0
19284 0
19518 0
19559 0
19966 0
20068 0
20238 0
20785 0
21404 0
23193 0
23683 0
23969 0
24001 0
24327 0
24412 0
24760 0
26462 0
27648 0
27811 0
28429 0
28613 0
28752 0
29795 0
29911 0
30064 0
30511 0
30556 0
30642 0
30967 0
30998 0
31308 0
31745 0
31785 0
32104 0
32419 0
32615 0
33122 0
33293 0
33708 0
33978 0
34810 0
34998 0
35623 0
35792 0
35846 0
35857 0
36445 0
36726 0
37027 0
37605 0
37907 0
38615 0
38818 0
39143 0
39511 0
40029 0
40152 0
40250 0
40683 0
41486 0
41571 0
41950 0
42300 0
43749 0
44127 0
44157 0
44332 0
44850 0
45202 0
45212 0
45241 0
45771 0
46651 0
46756 0
47066 0
47574 0
48449 0
48578 0
50183 0
50227 0
50913 0
51162 0
51193 0
51206 0
51922 0
52037 0
52469 0
52589 0
52612 0
52888 0
54268 0
55499 0
56022 0
56314 0
57098 0
57583 0
57785 0
57820 0
58883 0
59008 0
59030 0
60124 0
60889 0
61149 0
61222 0
61272 0
61843 0
62054 0
63645 0
64149 0
64773 0
65490 0
65516 0
65689 0
66064 0
66082 0
66225 0
66239 0
66966 0
67103 0
67407 0
67739 0
68249 0
68663 0
68945 0
69448 0
70021 0
70053 0
70746 0
71738 0
71744 0
71863 0
71889 0
72650 0
73109 0
73765 0
73807 0
73836 0
73949 0
74532 0
74815 0
75562 0
75724 0
76308 0
76525 0
76526 0
76591 0
76775 0
77190 0
78747 0
78787 0
79134 0
80385 0
80407 0
80796 0
80823 0
81181 0
81279 0
81551 0
81664 0
81854 0
82026 0
83547 0
83663 0
84210 0
84314 0
84466 0
84856 0
85072 0
85406 0
85738 0
86443 0
87687 0
87767 0
88761 0
88918 0
89065 0
89086 0
89188 0
89193 0
90095 0
90586 0
90880 0
91352 0
91428 0
91570 0
91920 0
92024 0
92235 0
92732 0
92811 0
93897 0
95331 0
96902 0
96994 0
97264 0
97389 0
97480 0
97965 0
98621 0
98782 0
99600 0
99839 0
