c This is a uniform distributed  1-D DIMACS file 
c width height point_number
p 100000 100000 256
554 0
870 0
1531 0
2962 0
3265 0
3404 0
3554 0
3746 0
3990 0
4283 0
4533 0
4792 0
5067 0
5770 0
6019 0
6023 0
6186 0
6855 0
7330 0
7422 0
7449 0
7786 0
8270 0
8849 0
9881 0
11257 0
11396 0
11489 0
12053 0
12261 0
12271 0
12279 0
12491 0
12936 0
14704 0
15408 0
15606 0
15742 0
15760 0
16024 0
16379 0
16443 0
16998 0
17906 0
18104 0
18170 0
18434 0
19724 0
19910 0
20116 0
20526 0
20545 0
20750 0
20872 0
20991 0
20996 0
21249 0
21289 0
21341 0
21703 0
22553 0
23701 0
23869 0
25080 0
25486 0
26201 0
26370 0
26562 0
27089 0
27437 0
27778 0
27892 0
27988 0
28274 0
28767 0
29122 0
29135 0
29534 0
30599 0
30616 0
30952 0
31576 0
31761 0
32398 0
33012 0
33603 0
34088 0
34519 0
35292 0
35737 0
35977 0
36447 0
36777 0
37386 0
37655 0
37829 0
39159 0
39271 0
39379 0
40225 0
40524 0
40972 0
41058 0
41806 0
42143 0
42721 0
42928 0
43156 0
43469 0
43514 0
45026 0
45234 0
45278 0
45300 0
46397 0
46622 0
46653 0
46983 0
47968 0
48213 0
48302 0
48723 0
48832 0
48936 0
49046 0
49448 0
50137 0
50328 0
50862 0
51962 0
52137 0
53615 0
53651 0
53943 0
54143 0
54465 0
54827 0
54828 0
55945 0
56090 0
56309 0
56954 0
57493 0
57638 0
58081 0
58462 0
58643 0
61343 0
61637 0
61833 0
62048 0
62077 0
62612 0
62861 0
63178 0
63425 0
63787 0
63838 0
64116 0
64303 0
64440 0
64538 0
65290 0
65454 0
66301 0
66413 0
66523 0
66640 0
66889 0
66966 0
67445 0
67909 0
68027 0
68187 0
68527 0
68799 0
69242 0
69674 0
69736 0
69963 0
71306 0
71724 0
72071 0
72192 0
72479 0
72654 0
73096 0
73335 0
73664 0
74336 0
74383 0
75126 0
75335 0
75735 0
76295 0
76771 0
77024 0
78190 0
80161 0
80197 0
80466 0
80708 0
81184 0
81535 0
81717 0
81824 0
82069 0
82314 0
83705 0
83826 0
83830 0
85410 0
85926 0
86249 0
86438 0
87111 0
87165 0
87479 0
87708 0
88213 0
88544 0
90026 0
90171 0
90386 0
90518 0
90903 0
91039 0
91387 0
91752 0
91799 0
91813 0
92993 0
92995 0
93203 0
93537 0
94336 0
94854 0
95080 0
95292 0
95431 0
95568 0
95833 0
96025 0
96470 0
98204 0
98293 0
98326 0
98536 0
98915 0
98928 0
99054 0
99067 0
99139 0
99534 0
99845 0
99941 0
