c This is a uniform distributed  1-D DIMACS file 
c width height point_number
p 100000 100000 256
366 0
918 0
1373 0
1832 0
2102 0
2387 0
2493 0
2533 0
2575 0
2945 0
3109 0
3522 0
4129 0
5505 0
7193 0
7194 0
7662 0
8179 0
9232 0
9478 0
10029 0
10640 0
11089 0
11381 0
11612 0
12462 0
13107 0
13215 0
13771 0
14929 0
14939 0
15025 0
15230 0
16189 0
18227 0
18451 0
18781 0
19011 0
19046 0
19114 0
19747 0
20105 0
20328 0
20342 0
20643 0
21146 0
22118 0
22788 0
23178 0
23219 0
23588 0
24529 0
24822 0
25585 0
25636 0
25816 0
26094 0
26359 0
26505 0
26586 0
27059 0
27192 0
27463 0
27753 0
27799 0
27840 0
28005 0
28168 0
28180 0
29427 0
29816 0
30124 0
30201 0
30299 0
30311 0
31250 0
31811 0
32144 0
32633 0
32908 0
33721 0
33776 0
34539 0
34547 0
34937 0
35205 0
35251 0
36002 0
36577 0
36837 0
37034 0
37179 0
37663 0
37676 0
38172 0
39070 0
39706 0
39779 0
40381 0
40397 0
42832 0
43305 0
43390 0
43504 0
43635 0
43970 0
44750 0
45281 0
45653 0
45724 0
46251 0
46525 0
46936 0
47810 0
48121 0
48566 0
49086 0
52889 0
53271 0
53449 0
53546 0
53685 0
54031 0
55395 0
55463 0
55652 0
55704 0
55710 0
56686 0
57340 0
57374 0
57558 0
57760 0
57848 0
58149 0
58465 0
58613 0
59039 0
59105 0
59198 0
59668 0
60487 0
60541 0
60854 0
60977 0
61051 0
61107 0
61602 0
62869 0
63148 0
63270 0
63293 0
63973 0
64123 0
64472 0
64560 0
64618 0
64822 0
65068 0
65825 0
65964 0
66316 0
66559 0
66690 0
66837 0
67700 0
68077 0
68854 0
68865 0
69096 0
69499 0
69626 0
69850 0
70189 0
70215 0
70485 0
70701 0
70884 0
71087 0
71548 0
71627 0
71984 0
73351 0
73711 0
75122 0
75191 0
75556 0
76559 0
77239 0
77704 0
78192 0
78469 0
79426 0
79519 0
79946 0
80695 0
81532 0
81856 0
81990 0
82459 0
82753 0
83027 0
83312 0
83327 0
83791 0
84507 0
84771 0
84783 0
85232 0
85557 0
86070 0
87219 0
87355 0
87627 0
87774 0
87960 0
88038 0
88515 0
88524 0
88525 0
88526 0
88830 0
89154 0
89160 0
89461 0
89500 0
89639 0
89805 0
90329 0
90390 0
90794 0
92518 0
92677 0
93282 0
93333 0
93351 0
94826 0
94842 0
95073 0
95445 0
95516 0
95551 0
95947 0
96017 0
96303 0
96341 0
96422 0
97446 0
97977 0
98083 0
98107 0
98359 0
98641 0
99325 0
99436 0
99580 0
