c This is a uniform distributed  1-D DIMACS file 
c width height point_number
p 100000 100000 256
207 0
770 0
855 0
861 0
1017 0
2569 0
2694 0
2696 0
2748 0
2812 0
2912 0
3562 0
3749 0
3891 0
5259 0
5312 0
5531 0
6266 0
6777 0
6911 0
7393 0
8111 0
8393 0
8572 0
8793 0
9269 0
9475 0
9693 0
10628 0
10966 0
11395 0
11412 0
11535 0
12186 0
12667 0
12689 0
13546 0
13987 0
15708 0
15709 0
15796 0
16024 0
17160 0
18048 0
18142 0
18432 0
19458 0
21835 0
21960 0
21977 0
22300 0
22663 0
22672 0
23248 0
23420 0
23484 0
23665 0
23777 0
23898 0
24301 0
24539 0
25185 0
25343 0
25659 0
25940 0
26106 0
26310 0
26737 0
26855 0
27267 0
28694 0
30081 0
30536 0
31552 0
32607 0
33160 0
33828 0
34699 0
34755 0
34767 0
35223 0
35774 0
35921 0
37066 0
37158 0
37195 0
38045 0
38624 0
38661 0
39100 0
39354 0
39505 0
40398 0
40758 0
40775 0
41091 0
41607 0
42108 0
42558 0
42942 0
43002 0
43586 0
44132 0
44263 0
45759 0
46577 0
46718 0
48191 0
48556 0
48926 0
48985 0
49081 0
49812 0
50016 0
50637 0
50860 0
51006 0
51215 0
51664 0
52084 0
52252 0
52257 0
52663 0
52734 0
52993 0
52996 0
53708 0
54269 0
54385 0
54887 0
55017 0
55592 0
55681 0
55821 0
56045 0
56251 0
56887 0
58054 0
59151 0
59736 0
60264 0
61088 0
61229 0
61374 0
61859 0
62004 0
62593 0
62624 0
62956 0
63336 0
63705 0
63735 0
64045 0
64506 0
64821 0
64926 0
65319 0
65698 0
65726 0
65734 0
66200 0
66558 0
66804 0
66843 0
67122 0
67173 0
67215 0
67222 0
67436 0
67564 0
67864 0
67970 0
68149 0
68841 0
69093 0
69164 0
69480 0
70468 0
70593 0
71212 0
71911 0
71933 0
72083 0
72410 0
73531 0
73970 0
74066 0
75451 0
75767 0
76553 0
76821 0
77190 0
77374 0
78604 0
78954 0
79310 0
79576 0
80039 0
80078 0
80357 0
80624 0
81735 0
82387 0
82799 0
82949 0
83105 0
83212 0
84479 0
84652 0
84655 0
85306 0
85617 0
86203 0
86780 0
86808 0
87055 0
87093 0
87314 0
87456 0
87499 0
87539 0
87898 0
87940 0
89046 0
89136 0
89475 0
89476 0
89790 0
89813 0
90085 0
90983 0
91388 0
91907 0
92068 0
92094 0
92788 0
93017 0
93265 0
93385 0
93427 0
93558 0
94210 0
94664 0
94857 0
95004 0
95260 0
95743 0
95840 0
96277 0
96355 0
97505 0
98019 0
98099 0
98507 0
98807 0
99300 0
