c This is a uniform distributed  1-D DIMACS file 
c width height point_number
p 100000 100000 256
516 0
1683 0
2542 0
3007 0
3248 0
3688 0
3730 0
3991 0
4074 0
5292 0
5568 0
7964 0
7976 0
8105 0
8316 0
8437 0
8965 0
9128 0
9644 0
10058 0
10541 0
10720 0
10768 0
11455 0
11553 0
11715 0
12238 0
12502 0
12701 0
13173 0
13557 0
13569 0
13803 0
14331 0
15029 0
15616 0
17388 0
17812 0
17913 0
18400 0
18617 0
19056 0
19127 0
19146 0
19309 0
19988 0
20262 0
20585 0
20618 0
22678 0
23547 0
24368 0
24989 0
25325 0
25902 0
26236 0
26329 0
29189 0
29998 0
30404 0
31026 0
31574 0
32626 0
32844 0
32892 0
33236 0
33635 0
33782 0
34365 0
34673 0
35186 0
35239 0
35241 0
35337 0
35444 0
35794 0
36156 0
36256 0
36331 0
36537 0
36659 0
36795 0
36912 0
37214 0
37401 0
37867 0
38027 0
38067 0
38203 0
38517 0
38605 0
38698 0
38791 0
39191 0
39267 0
40265 0
40349 0
40394 0
40750 0
40829 0
41412 0
41463 0
41521 0
41904 0
42705 0
42822 0
42848 0
42980 0
43184 0
43337 0
43443 0
43743 0
43879 0
44193 0
44836 0
45146 0
45682 0
46740 0
46841 0
47281 0
48952 0
49343 0
49480 0
49686 0
50268 0
50273 0
50615 0
50714 0
51430 0
51704 0
52875 0
52943 0
53115 0
53949 0
54879 0
54964 0
55463 0
55935 0
56617 0
56733 0
57356 0
57535 0
57548 0
57710 0
58267 0
59331 0
59384 0
59534 0
59787 0
59925 0
60349 0
60756 0
60880 0
61073 0
61280 0
61826 0
62479 0
62514 0
62585 0
62920 0
63036 0
63320 0
63548 0
64431 0
64745 0
65019 0
65099 0
65142 0
65442 0
65690 0
66036 0
66037 0
66633 0
66725 0
67717 0
67824 0
68238 0
69058 0
69277 0
70476 0
70937 0
71122 0
71984 0
72160 0
72878 0
73136 0
74118 0
74225 0
74281 0
74517 0
74735 0
74970 0
76721 0
77290 0
77616 0
77621 0
78140 0
78254 0
78353 0
79231 0
79639 0
79784 0
80145 0
80473 0
80574 0
80754 0
80805 0
81892 0
82455 0
83227 0
83334 0
84231 0
84342 0
84958 0
85206 0
86633 0
87004 0
87294 0
87797 0
88955 0
88997 0
89058 0
89228 0
89253 0
89882 0
90457 0
90511 0
91218 0
91498 0
91879 0
92071 0
92192 0
92441 0
92573 0
93358 0
94259 0
94421 0
95488 0
95683 0
96199 0
96626 0
96666 0
96689 0
97016 0
97027 0
97287 0
97691 0
97849 0
98369 0
98379 0
98643 0
99277 0
99557 0
99572 0
99638 0
99984 0
