c This is a uniform distributed  1-D DIMACS file 
c width height point_number
p 100000 100000 256
455 0
566 0
998 0
1321 0
1481 0
1716 0
1840 0
2064 0
2260 0
2283 0
2388 0
2960 0
3110 0
3299 0
3750 0
4113 0
4392 0
4760 0
4992 0
5226 0
5576 0
5622 0
5861 0
5875 0
5948 0
6141 0
6148 0
6232 0
6899 0
6908 0
7786 0
7960 0
8648 0
9460 0
9788 0
10744 0
10855 0
12229 0
13045 0
13777 0
15494 0
15931 0
16105 0
16193 0
16392 0
16527 0
16603 0
16901 0
16992 0
17256 0
17666 0
18607 0
18900 0
19302 0
19331 0
19645 0
19942 0
20261 0
20272 0
20429 0
21782 0
22654 0
22808 0
23114 0
23937 0
24664 0
25044 0
25733 0
25763 0
25805 0
25909 0
26120 0
26371 0
26501 0
27363 0
27905 0
28378 0
28635 0
29489 0
30178 0
31549 0
32112 0
32554 0
32655 0
33125 0
33626 0
33759 0
33865 0
34149 0
35233 0
35589 0
36522 0
36579 0
37274 0
37686 0
37697 0
38053 0
38885 0
39063 0
39342 0
39575 0
40201 0
40352 0
40469 0
41138 0
41772 0
42698 0
42952 0
43982 0
44238 0
44593 0
44950 0
45766 0
45838 0
45914 0
45927 0
46057 0
46069 0
46098 0
46914 0
47861 0
49024 0
49223 0
49686 0
49852 0
50403 0
50570 0
50609 0
51095 0
51585 0
51837 0
51957 0
53062 0
53097 0
54204 0
54384 0
54513 0
54558 0
55328 0
55457 0
55466 0
55477 0
55856 0
56913 0
57197 0
57462 0
57487 0
58374 0
58926 0
59226 0
59602 0
59715 0
59959 0
60143 0
60301 0
60722 0
60952 0
60964 0
60999 0
61305 0
61635 0
62241 0
62399 0
63001 0
63755 0
64855 0
65321 0
65506 0
65913 0
67037 0
67171 0
67791 0
67797 0
68050 0
68449 0
68742 0
69104 0
69471 0
69643 0
69790 0
70019 0
70035 0
70108 0
70356 0
71561 0
72234 0
73398 0
73674 0
73864 0
74266 0
74377 0
74422 0
74638 0
76018 0
76538 0
76894 0
78503 0
79141 0
79201 0
79773 0
80478 0
81491 0
81626 0
81792 0
82026 0
82192 0
82334 0
82398 0
82438 0
82691 0
83611 0
83677 0
84182 0
84224 0
84285 0
85011 0
85615 0
87218 0
87311 0
87516 0
87532 0
88124 0
89452 0
89860 0
90756 0
90960 0
91300 0
92450 0
92458 0
92552 0
92739 0
93226 0
93230 0
94305 0
94566 0
94700 0
94783 0
95221 0
95567 0
95838 0
95887 0
96118 0
96227 0
96717 0
96784 0
97092 0
97364 0
97863 0
97952 0
98042 0
98289 0
98791 0
98806 0
99136 0
99298 0
99376 0
