c This is a uniform distributed  1-D DIMACS file 
c width height point_number
p 100000 100000 256
389 0
427 0
564 0
928 0
3335 0
3811 0
4367 0
4414 0
4490 0
4514 0
5511 0
5624 0
5725 0
5729 0
6143 0
6207 0
7312 0
7925 0
7947 0
8051 0
8116 0
8480 0
8717 0
9691 0
9712 0
9819 0
10368 0
10911 0
10962 0
11451 0
11500 0
11521 0
11822 0
12089 0
12595 0
12728 0
13405 0
14403 0
14996 0
15147 0
16579 0
18603 0
18866 0
18974 0
19098 0
19639 0
21298 0
21730 0
21838 0
21927 0
21981 0
22053 0
22394 0
22927 0
23309 0
23360 0
23594 0
23741 0
24035 0
24224 0
24452 0
24915 0
26118 0
26341 0
26523 0
27048 0
27487 0
27821 0
28020 0
28609 0
28730 0
29305 0
29836 0
30208 0
30672 0
30696 0
31058 0
31543 0
31901 0
32440 0
33162 0
33231 0
33936 0
33943 0
34292 0
34803 0
35087 0
36491 0
36522 0
36753 0
36807 0
36929 0
36972 0
37126 0
37334 0
37508 0
37707 0
37995 0
38987 0
39073 0
39354 0
39669 0
40127 0
41185 0
41286 0
41849 0
42191 0
42237 0
42419 0
43022 0
44180 0
44840 0
45283 0
45704 0
45959 0
46193 0
47355 0
48157 0
48832 0
49356 0
50249 0
50378 0
50757 0
51164 0
51563 0
51793 0
52387 0
52521 0
52624 0
53188 0
53313 0
53453 0
53809 0
53849 0
54334 0
54376 0
54958 0
55025 0
55126 0
56051 0
56165 0
56558 0
56649 0
56987 0
57222 0
57291 0
57761 0
58143 0
58265 0
58266 0
58459 0
58851 0
58854 0
59124 0
59139 0
60322 0
61268 0
61284 0
61446 0
61451 0
61898 0
62426 0
62588 0
62688 0
62754 0
63765 0
63817 0
64114 0
64282 0
64682 0
64813 0
65639 0
66173 0
66521 0
67168 0
67632 0
67643 0
68441 0
68799 0
70631 0
70635 0
71172 0
71199 0
71349 0
71715 0
71866 0
73363 0
73592 0
73702 0
73989 0
74271 0
74788 0
75932 0
76092 0
76478 0
76565 0
76707 0
76988 0
77904 0
77992 0
78221 0
78325 0
78346 0
78516 0
79043 0
79199 0
79895 0
80076 0
80139 0
80326 0
80610 0
80686 0
81398 0
82569 0
82572 0
83312 0
83388 0
83569 0
83718 0
84808 0
84913 0
85111 0
86431 0
86926 0
87077 0
87524 0
87891 0
88350 0
88422 0
88511 0
88703 0
88925 0
89138 0
89614 0
90300 0
90896 0
91747 0
92357 0
92641 0
93185 0
93837 0
93921 0
94106 0
94497 0
94633 0
95036 0
95773 0
95839 0
95971 0
97478 0
98140 0
98222 0
98305 0
98369 0
98637 0
99260 0
