c This is a uniform distributed  1-D DIMACS file 
c width height point_number
p 100000 100000 256
75 0
536 0
579 0
1570 0
1964 0
3133 0
3219 0
3237 0
4196 0
4227 0
4315 0
4375 0
4695 0
6170 0
6181 0
6233 0
6481 0
6534 0
6600 0
6656 0
6988 0
7420 0
7542 0
7721 0
7752 0
8002 0
8372 0
8727 0
8906 0
9890 0
10274 0
10451 0
12033 0
12693 0
14320 0
15606 0
15828 0
16485 0
16487 0
17005 0
17351 0
17508 0
17619 0
17957 0
18122 0
18198 0
18283 0
18694 0
18924 0
19274 0
19654 0
20935 0
21294 0
21392 0
21997 0
22147 0
22756 0
22904 0
23170 0
23573 0
23725 0
24435 0
24584 0
24632 0
24705 0
25804 0
25818 0
25825 0
26530 0
26705 0
26851 0
26953 0
27204 0
27529 0
27850 0
28834 0
29373 0
29377 0
29729 0
30191 0
30545 0
31053 0
31837 0
32060 0
32294 0
32361 0
32479 0
32488 0
32699 0
33234 0
33614 0
34813 0
34862 0
34878 0
35433 0
36087 0
37840 0
38414 0
38519 0
39706 0
39837 0
40791 0
40971 0
40989 0
41887 0
42118 0
42500 0
42970 0
42976 0
43256 0
44578 0
44922 0
45052 0
45141 0
45181 0
46100 0
46208 0
46287 0
46479 0
47003 0
47382 0
48118 0
48244 0
48651 0
48735 0
49053 0
49416 0
49825 0
50223 0
50345 0
50900 0
51805 0
52725 0
53095 0
53556 0
53618 0
53777 0
53936 0
54188 0
55628 0
55641 0
56279 0
56557 0
56629 0
56995 0
57373 0
57408 0
58192 0
58269 0
58332 0
59446 0
60347 0
60904 0
61017 0
61689 0
61844 0
62513 0
62547 0
62615 0
63220 0
63869 0
64223 0
64238 0
64474 0
65594 0
65780 0
66876 0
67306 0
67976 0
68128 0
68611 0
70107 0
72128 0
72951 0
73455 0
74541 0
74712 0
75584 0
75663 0
75750 0
75790 0
75972 0
76225 0
77135 0
77319 0
77565 0
77776 0
77799 0
78234 0
78376 0
78567 0
78769 0
78889 0
79387 0
80014 0
80154 0
80268 0
80915 0
81010 0
81393 0
81999 0
82186 0
82205 0
82890 0
82996 0
83574 0
84927 0
85730 0
86105 0
86128 0
86219 0
86272 0
86661 0
87138 0
87176 0
87852 0
88108 0
88849 0
89024 0
89548 0
90391 0
90483 0
90674 0
90763 0
90857 0
91132 0
91865 0
91940 0
92105 0
92819 0
93006 0
93192 0
93564 0
94329 0
94571 0
94645 0
95349 0
96280 0
96381 0
96387 0
96465 0
96591 0
96740 0
96776 0
96810 0
97213 0
98365 0
98573 0
98659 0
98704 0
98926 0
99468 0
99606 0
99948 0
99956 0
99972 0
