c This is a uniform distributed  1-D DIMACS file 
c width height point_number
p 100000 100000 256
32 0
632 0
637 0
905 0
1573 0
1574 0
1964 0
2137 0
2409 0
2517 0
2892 0
3506 0
3652 0
3788 0
4029 0
4213 0
4634 0
4862 0
5277 0
5574 0
6445 0
6700 0
7201 0
7877 0
8464 0
8510 0
8941 0
9057 0
9387 0
9399 0
9983 0
10117 0
10730 0
11028 0
11186 0
11192 0
11475 0
11777 0
12585 0
12807 0
12867 0
13247 0
13512 0
13717 0
13733 0
14283 0
14860 0
15383 0
15443 0
15769 0
16224 0
16751 0
17493 0
20221 0
20369 0
20563 0
21458 0
22336 0
23584 0
23846 0
24210 0
24892 0
24902 0
24933 0
25393 0
25424 0
26927 0
27306 0
27673 0
28543 0
28707 0
28941 0
28944 0
29735 0
30556 0
30731 0
30881 0
31579 0
33390 0
34957 0
35360 0
35368 0
36097 0
36226 0
36386 0
37250 0
37446 0
37953 0
38476 0
38821 0
39365 0
40151 0
40297 0
40756 0
40839 0
41101 0
41339 0
41970 0
42021 0
43939 0
44376 0
45510 0
45516 0
45590 0
45768 0
46030 0
46096 0
46115 0
46278 0
46453 0
46486 0
46541 0
47737 0
48106 0
49175 0
49207 0
49325 0
50427 0
50667 0
51108 0
51306 0
51426 0
51486 0
51930 0
51938 0
52070 0
52243 0
52850 0
52929 0
53565 0
53592 0
54197 0
54428 0
54545 0
54605 0
54794 0
55011 0
55360 0
55439 0
55905 0
56142 0
56337 0
56406 0
57193 0
57214 0
57314 0
57483 0
58171 0
58619 0
58948 0
59155 0
59420 0
59640 0
61224 0
61788 0
62123 0
62461 0
62681 0
62693 0
62745 0
62883 0
62892 0
63146 0
63262 0
63490 0
63681 0
64094 0
64277 0
64558 0
64721 0
65825 0
65992 0
66189 0
66447 0
66632 0
66679 0
67655 0
68495 0
69127 0
70878 0
71085 0
71115 0
71392 0
71452 0
71573 0
71727 0
71935 0
72464 0
72556 0
72629 0
73054 0
73156 0
73281 0
74114 0
74761 0
75581 0
76057 0
76241 0
76576 0
76790 0
78252 0
78362 0
78897 0
79148 0
79514 0
80069 0
80845 0
80906 0
81386 0
81628 0
82006 0
82543 0
83590 0
83879 0
84001 0
84189 0
84541 0
85377 0
86527 0
87015 0
87303 0
87411 0
87518 0
88184 0
88971 0
89005 0
89349 0
89580 0
90033 0
90618 0
91413 0
91481 0
92235 0
92744 0
92949 0
93036 0
93584 0
93619 0
93631 0
94125 0
94263 0
94309 0
95781 0
95944 0
96152 0
96704 0
96944 0
97689 0
98422 0
98558 0
98725 0
98769 0
98794 0
98910 0
99347 0
99907 0
