c This is a uniform distributed  1-D DIMACS file 
c width height point_number
p 100000 100000 256
648 0
1093 0
1463 0
1949 0
2050 0
2239 0
2331 0
2570 0
3517 0
3794 0
3948 0
4019 0
4182 0
4253 0
5086 0
5438 0
5595 0
5947 0
6005 0
6048 0
6102 0
6230 0
6424 0
9293 0
10743 0
11232 0
11930 0
12076 0
12153 0
12764 0
12775 0
13199 0
13600 0
13761 0
13951 0
14024 0
14771 0
14925 0
15260 0
15403 0
15702 0
16158 0
16216 0
16269 0
16434 0
16582 0
17111 0
17193 0
17757 0
18049 0
18079 0
18693 0
19492 0
19624 0
19637 0
19870 0
19963 0
20525 0
20962 0
22267 0
23068 0
24036 0
24142 0
24950 0
25224 0
25491 0
25796 0
25926 0
27025 0
27101 0
27237 0
27254 0
27355 0
27472 0
27693 0
27809 0
28963 0
29617 0
30046 0
30605 0
31142 0
31215 0
31240 0
31753 0
32433 0
33002 0
33118 0
33135 0
33328 0
34480 0
34612 0
34762 0
35393 0
38221 0
39341 0
39517 0
39640 0
40884 0
41733 0
42146 0
42689 0
42796 0
42801 0
43409 0
43449 0
44530 0
44588 0
44847 0
44862 0
45240 0
45711 0
45961 0
46211 0
46819 0
46847 0
47126 0
47249 0
47306 0
47308 0
48109 0
48318 0
48395 0
49245 0
49422 0
49443 0
49690 0
50154 0
51001 0
51197 0
51557 0
51780 0
52440 0
52791 0
53460 0
53525 0
53594 0
54622 0
54890 0
55250 0
55346 0
55753 0
55787 0
56393 0
56636 0
56719 0
57066 0
57080 0
57201 0
58565 0
59370 0
59536 0
60216 0
61065 0
61078 0
61616 0
63048 0
63297 0
63524 0
63820 0
64263 0
64519 0
64887 0
65035 0
65706 0
65802 0
65980 0
66301 0
66456 0
66692 0
66785 0
66976 0
67056 0
68021 0
68120 0
68184 0
68295 0
69678 0
70891 0
72142 0
73221 0
73338 0
73402 0
73492 0
73776 0
74041 0
74295 0
75301 0
75414 0
75451 0
75884 0
76624 0
76764 0
77061 0
77380 0
77675 0
77770 0
78819 0
78924 0
78932 0
79276 0
79464 0
79658 0
79785 0
79965 0
80626 0
80941 0
81632 0
84069 0
85870 0
86046 0
86663 0
87060 0
87260 0
87672 0
87965 0
88049 0
88463 0
88755 0
88806 0
88887 0
89005 0
89101 0
89452 0
89711 0
90124 0
90289 0
91274 0
91765 0
91978 0
92067 0
92159 0
92391 0
93769 0
94518 0
94678 0
94704 0
95036 0
95082 0
95669 0
95894 0
96465 0
96754 0
96807 0
97762 0
98132 0
98593 0
98880 0
99089 0
99092 0
99149 0
99155 0
99236 0
99278 0
99311 0
99481 0
99677 0
