c This is a uniform distributed  1-D DIMACS file 
c width height point_number
p 100000 100000 256
900 0
1779 0
1908 0
2373 0
3159 0
3298 0
3496 0
3517 0
3825 0
5094 0
5187 0
5414 0
5988 0
6166 0
6501 0
6560 0
7231 0
7368 0
7564 0
8055 0
8294 0
8565 0
8779 0
9055 0
9397 0
9426 0
9582 0
10568 0
10896 0
10984 0
11873 0
12412 0
13409 0
13604 0
13740 0
14341 0
14397 0
14424 0
14554 0
15372 0
15400 0
15843 0
15882 0
16087 0
17584 0
18424 0
19018 0
19112 0
19772 0
20728 0
21095 0
21513 0
21634 0
21880 0
22448 0
22455 0
23200 0
23480 0
24501 0
24595 0
24728 0
25585 0
26247 0
26461 0
27637 0
28217 0
28324 0
29349 0
30865 0
31080 0
31714 0
32708 0
33273 0
33680 0
33745 0
35070 0
36167 0
36448 0
36732 0
37174 0
37188 0
37974 0
38318 0
38372 0
39147 0
39385 0
39574 0
39831 0
40642 0
40692 0
41101 0
41129 0
41345 0
41484 0
41654 0
41719 0
42239 0
42402 0
42455 0
43047 0
43355 0
44335 0
44412 0
44449 0
45040 0
45581 0
46064 0
46551 0
47313 0
47332 0
47551 0
47602 0
47885 0
48734 0
48942 0
49150 0
49189 0
50402 0
50686 0
51023 0
51447 0
51869 0
52429 0
52812 0
53204 0
53532 0
53568 0
53794 0
54044 0
54158 0
55106 0
55417 0
55495 0
55795 0
57181 0
57239 0
57248 0
57428 0
57569 0
58112 0
58245 0
58593 0
58964 0
59155 0
59194 0
59428 0
59456 0
59538 0
59723 0
60706 0
61355 0
61564 0
61614 0
61623 0
61639 0
62049 0
62357 0
62672 0
62686 0
63581 0
64354 0
64379 0
64541 0
65610 0
65983 0
65989 0
66559 0
68124 0
68447 0
68993 0
69695 0
70121 0
70197 0
70884 0
71046 0
71176 0
71363 0
71598 0
72161 0
72912 0
74661 0
75119 0
75172 0
75364 0
76050 0
76330 0
76675 0
77010 0
77029 0
77095 0
77246 0
78054 0
78143 0
78215 0
78616 0
78904 0
79099 0
79243 0
79436 0
80065 0
80662 0
80757 0
80935 0
81309 0
81450 0
81977 0
81990 0
82262 0
82550 0
83806 0
83970 0
84159 0
84163 0
84721 0
85394 0
85763 0
86060 0
86627 0
87001 0
88812 0
88952 0
89139 0
89452 0
90219 0
90389 0
90438 0
91257 0
91443 0
91902 0
92219 0
92931 0
93011 0
93355 0
93425 0
93527 0
93678 0
93724 0
93863 0
94659 0
94688 0
95018 0
95411 0
95466 0
95953 0
95957 0
96149 0
96367 0
96674 0
96898 0
97015 0
97356 0
98350 0
98594 0
99178 0
99193 0
99296 0
