c This is a uniform distributed  1-D DIMACS file 
c width height point_number
p 100000 100000 256
177 0
358 0
426 0
801 0
1237 0
1496 0
2013 0
2413 0
2422 0
2615 0
3417 0
3558 0
3680 0
3983 0
4453 0
4506 0
5636 0
6404 0
6613 0
6704 0
6849 0
7008 0
7362 0
7665 0
7926 0
7957 0
8349 0
8431 0
8649 0
9422 0
9434 0
9797 0
9838 0
9900 0
10850 0
11158 0
11481 0
12378 0
12569 0
12732 0
12827 0
13576 0
14027 0
14454 0
15033 0
15416 0
15868 0
16220 0
16297 0
16980 0
17314 0
17597 0
17919 0
17942 0
18037 0
18557 0
18728 0
18729 0
18837 0
19092 0
19211 0
19675 0
19832 0
21049 0
21341 0
21342 0
21566 0
21674 0
22133 0
22190 0
22772 0
22805 0
23403 0
23464 0
23492 0
26091 0
26319 0
27850 0
28062 0
28641 0
28729 0
29118 0
29126 0
29242 0
29422 0
29659 0
29765 0
30601 0
30959 0
31190 0
31592 0
31871 0
32131 0
32537 0
33218 0
33894 0
34867 0
35119 0
35859 0
35955 0
36343 0
36433 0
36685 0
36735 0
36882 0
37349 0
38010 0
38637 0
39016 0
39405 0
39512 0
39569 0
39835 0
40274 0
40383 0
40761 0
41067 0
41194 0
41570 0
41690 0
41971 0
43107 0
43200 0
43241 0
44149 0
44458 0
44559 0
44633 0
44780 0
45336 0
45406 0
45418 0
45974 0
46230 0
46562 0
46790 0
47550 0
48005 0
48218 0
48357 0
48455 0
49272 0
50074 0
51394 0
51609 0
52995 0
53581 0
53628 0
53950 0
53980 0
54061 0
54072 0
54301 0
55409 0
55769 0
55904 0
56222 0
56284 0
57116 0
57869 0
58052 0
58552 0
59298 0
59415 0
60446 0
60603 0
61008 0
61634 0
61868 0
62094 0
63068 0
63574 0
64242 0
64317 0
64793 0
65273 0
65319 0
65353 0
65484 0
67074 0
67216 0
68118 0
68255 0
68485 0
68783 0
68809 0
69491 0
69950 0
70096 0
70631 0
71037 0
71203 0
71284 0
72170 0
72181 0
72519 0
72732 0
72750 0
73068 0
73470 0
73520 0
73737 0
74617 0
75175 0
75314 0
76042 0
76198 0
76425 0
76561 0
77212 0
77737 0
77823 0
78477 0
79186 0
79398 0
79961 0
79967 0
80298 0
80582 0
81331 0
81689 0
82245 0
83925 0
84810 0
86111 0
86476 0
88771 0
88839 0
89114 0
89982 0
90062 0
90503 0
90676 0
90733 0
91801 0
91940 0
91955 0
92081 0
92302 0
92416 0
93305 0
93469 0
93659 0
95383 0
95894 0
96577 0
96871 0
96915 0
97555 0
98389 0
98728 0
98892 0
99261 0
99282 0
99346 0
99425 0
