c This is a uniform distributed  1-D DIMACS file 
c width height point_number
p 100000 100000 256
112 0
565 0
1101 0
1185 0
1743 0
1947 0
2102 0
2637 0
2759 0
3046 0
3204 0
3717 0
3931 0
3956 0
4589 0
4864 0
4889 0
4905 0
5166 0
5212 0
5268 0
5388 0
6064 0
6753 0
6846 0
7226 0
7405 0
7810 0
8114 0
10828 0
11696 0
12305 0
12473 0
13517 0
13662 0
15005 0
15278 0
15398 0
15931 0
16069 0
16251 0
16315 0
16362 0
18874 0
18914 0
18979 0
19129 0
19163 0
19415 0
19486 0
19654 0
19706 0
19973 0
20059 0
20269 0
20309 0
21438 0
21590 0
21645 0
21732 0
21912 0
22068 0
22521 0
22637 0
22748 0
23462 0
24217 0
24243 0
24269 0
24783 0
24926 0
25052 0
25393 0
25752 0
25809 0
25919 0
25970 0
26004 0
26293 0
26935 0
27606 0
27728 0
28090 0
28176 0
28517 0
28845 0
28855 0
28872 0
29054 0
29863 0
30589 0
31484 0
31551 0
32629 0
32801 0
33798 0
34347 0
34875 0
35561 0
35566 0
35599 0
35695 0
36069 0
36455 0
36478 0
36768 0
36909 0
37087 0
37108 0
37765 0
38164 0
38169 0
38436 0
38442 0
39478 0
39913 0
40815 0
40944 0
41491 0
41912 0
42227 0
42395 0
42587 0
42649 0
43261 0
43703 0
44660 0
45312 0
45435 0
45703 0
45783 0
45944 0
46237 0
46251 0
46683 0
46942 0
47277 0
47572 0
47671 0
48162 0
48592 0
48764 0
49076 0
49661 0
50612 0
50849 0
50851 0
50927 0
51465 0
51576 0
51832 0
52622 0
52675 0
52999 0
53035 0
54495 0
54798 0
55148 0
55216 0
56224 0
56301 0
56307 0
56598 0
57159 0
57393 0
58590 0
59129 0
60272 0
60681 0
61618 0
61979 0
62674 0
63149 0
63519 0
63743 0
63972 0
64008 0
65503 0
65843 0
67428 0
67455 0
67459 0
67537 0
67538 0
68142 0
69125 0
69516 0
70204 0
70519 0
71370 0
71390 0
72256 0
72943 0
73390 0
74032 0
74936 0
75827 0
76495 0
76761 0
76950 0
77126 0
77358 0
77720 0
78278 0
78336 0
78449 0
78683 0
78942 0
79500 0
79673 0
80741 0
81083 0
81345 0
81796 0
82004 0
83476 0
83533 0
84244 0
84695 0
84928 0
86550 0
86890 0
86894 0
87025 0
87513 0
87519 0
88933 0
89479 0
89745 0
90004 0
90772 0
90784 0
91045 0
92159 0
92499 0
92788 0
93949 0
94434 0
94654 0
95113 0
95326 0
95687 0
96104 0
96508 0
97031 0
97544 0
97622 0
97994 0
98476 0
98493 0
98686 0
99007 0
99473 0
99560 0
99624 0
99729 0
