c This is a uniform distributed  1-D DIMACS file 
c width height point_number
p 100000 100000 256
288 0
1485 0
1575 0
1712 0
2044 0
2214 0
2342 0
2351 0
2414 0
2470 0
3599 0
4144 0
4215 0
4400 0
4523 0
4680 0
5352 0
5435 0
5441 0
5605 0
6543 0
6909 0
7436 0
7508 0
8430 0
8574 0
8825 0
9376 0
9446 0
10121 0
10249 0
10620 0
10705 0
11104 0
12522 0
12526 0
12645 0
12688 0
13134 0
13465 0
13691 0
14066 0
14257 0
14804 0
15197 0
15479 0
15790 0
16088 0
17003 0
17008 0
18101 0
18608 0
18684 0
18819 0
18861 0
18962 0
19025 0
19852 0
20401 0
21308 0
21588 0
22278 0
23958 0
24158 0
24287 0
25289 0
25494 0
25750 0
26423 0
27280 0
27531 0
28650 0
29198 0
30224 0
30470 0
30928 0
31044 0
31128 0
31158 0
31381 0
31638 0
32542 0
32560 0
32627 0
33001 0
33139 0
33454 0
33803 0
33943 0
34152 0
34262 0
34413 0
34602 0
34674 0
36556 0
36614 0
36647 0
36884 0
37163 0
37182 0
37984 0
38158 0
38274 0
38731 0
38808 0
38846 0
38867 0
38945 0
38946 0
39462 0
39973 0
39986 0
40252 0
40776 0
41321 0
41423 0
41735 0
42040 0
42063 0
42392 0
42454 0
42650 0
43112 0
43238 0
43300 0
43356 0
43820 0
43844 0
44421 0
44448 0
44856 0
44937 0
44948 0
45091 0
45472 0
45517 0
45800 0
46035 0
46138 0
46336 0
46845 0
46930 0
47462 0
47762 0
48539 0
48575 0
50329 0
50464 0
51051 0
51058 0
51386 0
52231 0
52753 0
52854 0
53214 0
53718 0
54452 0
54590 0
54646 0
54712 0
55764 0
56819 0
56958 0
57441 0
59043 0
59320 0
60479 0
60596 0
60706 0
60832 0
61391 0
61444 0
61772 0
61866 0
62044 0
62369 0
62648 0
62656 0
63572 0
66165 0
67504 0
67765 0
68179 0
68861 0
69119 0
69739 0
69830 0
69837 0
70562 0
71208 0
72135 0
72172 0
72241 0
72377 0
73086 0
73314 0
73586 0
74746 0
74977 0
76039 0
76062 0
76126 0
76494 0
77309 0
78381 0
78435 0
79128 0
79196 0
79545 0
79615 0
80003 0
80292 0
80537 0
81283 0
81423 0
81795 0
81940 0
82137 0
83476 0
83550 0
84200 0
84782 0
84876 0
85036 0
85233 0
85260 0
85720 0
87131 0
87234 0
88272 0
88294 0
88869 0
89291 0
89847 0
90382 0
90743 0
90762 0
91967 0
92604 0
92609 0
93224 0
93247 0
93769 0
93837 0
94729 0
95107 0
95574 0
95840 0
96084 0
96422 0
97445 0
98125 0
98595 0
99214 0
99222 0
99489 0
