c This is a uniform distributed  1-D DIMACS file 
c width height point_number
p 100000 100000 256
426 0
882 0
925 0
993 0
1078 0
1300 0
1729 0
1803 0
2928 0
4228 0
4405 0
5990 0
6162 0
6971 0
7181 0
7205 0
7247 0
7550 0
7584 0
8017 0
8560 0
9467 0
9579 0
9723 0
10089 0
10126 0
10178 0
10396 0
10745 0
11067 0
11192 0
11213 0
12223 0
13257 0
13409 0
14001 0
14191 0
15069 0
15454 0
16486 0
16596 0
16731 0
18425 0
18459 0
19407 0
19502 0
20099 0
21232 0
21414 0
21499 0
21657 0
22127 0
22638 0
23687 0
24816 0
24919 0
25410 0
25568 0
25628 0
25671 0
26426 0
27461 0
27707 0
27926 0
27983 0
28051 0
28460 0
29825 0
29836 0
31012 0
31280 0
32588 0
32745 0
32829 0
32933 0
33220 0
33430 0
34219 0
34228 0
34680 0
34888 0
35596 0
36245 0
37576 0
38388 0
38484 0
39288 0
39294 0
39503 0
39557 0
39704 0
40054 0
40701 0
40833 0
40949 0
41031 0
41644 0
42651 0
43329 0
44180 0
44219 0
44222 0
44495 0
44714 0
44728 0
45136 0
45734 0
46321 0
47259 0
47406 0
48198 0
48418 0
48491 0
49300 0
49660 0
50052 0
50142 0
50351 0
50410 0
50465 0
50486 0
50629 0
50764 0
51103 0
51326 0
51459 0
51535 0
51905 0
52143 0
52168 0
52399 0
52481 0
53540 0
53601 0
53663 0
53767 0
53813 0
54060 0
54084 0
54591 0
55281 0
55367 0
55392 0
55814 0
55952 0
56226 0
56816 0
57118 0
57155 0
57396 0
57785 0
58030 0
58085 0
58163 0
58866 0
59196 0
59359 0
60122 0
60580 0
60726 0
61241 0
61752 0
62021 0
62868 0
63275 0
63730 0
64526 0
64706 0
65032 0
65486 0
66127 0
66267 0
66286 0
66971 0
67333 0
67335 0
67498 0
67516 0
68260 0
69547 0
70119 0
70565 0
70655 0
70902 0
71196 0
71837 0
72084 0
72504 0
73552 0
73902 0
74533 0
74591 0
75527 0
75839 0
75841 0
75953 0
77097 0
77101 0
77508 0
77649 0
77825 0
78022 0
78236 0
78889 0
79726 0
81159 0
81333 0
81687 0
82309 0
82524 0
82620 0
82622 0
83285 0
83504 0
83900 0
84731 0
85344 0
85424 0
85804 0
86235 0
86633 0
87586 0
87647 0
88046 0
88406 0
88797 0
89260 0
89525 0
90205 0
91576 0
92229 0
92366 0
92600 0
92744 0
93512 0
94116 0
94566 0
94695 0
95545 0
95581 0
95740 0
96114 0
96124 0
96180 0
96283 0
96314 0
96685 0
97055 0
97072 0
97194 0
97559 0
98141 0
98676 0
99223 0
99661 0
99722 0
