c This is a uniform distributed  1-D DIMACS file 
c width height point_number
p 100000 100000 256
246 0
1781 0
1934 0
2254 0
2376 0
2562 0
2592 0
2631 0
2706 0
3503 0
3689 0
3824 0
4481 0
4814 0
5728 0
5750 0
5960 0
6389 0
7091 0
7417 0
7569 0
7761 0
7840 0
8443 0
8894 0
9124 0
9786 0
10156 0
10296 0
10298 0
11533 0
11591 0
11993 0
12153 0
12200 0
13923 0
13941 0
14164 0
14290 0
15204 0
15468 0
15629 0
15631 0
15797 0
16627 0
17081 0
17210 0
17392 0
17846 0
18235 0
18315 0
18509 0
19610 0
20091 0
20564 0
20691 0
20712 0
20828 0
20961 0
21393 0
21420 0
21827 0
22461 0
22589 0
22663 0
22840 0
23560 0
24271 0
24422 0
25589 0
26523 0
26833 0
28055 0
28242 0
28255 0
28385 0
28410 0
28606 0
29268 0
29877 0
30148 0
30398 0
30453 0
30728 0
31577 0
32492 0
33080 0
33278 0
33629 0
33678 0
33912 0
34310 0
34808 0
35384 0
35796 0
36055 0
36389 0
37003 0
37438 0
38152 0
38309 0
39114 0
39455 0
39516 0
39632 0
39882 0
39895 0
40128 0
40288 0
40597 0
41504 0
41770 0
42009 0
42323 0
42929 0
43741 0
44041 0
44204 0
44339 0
44450 0
45241 0
46928 0
47055 0
47315 0
47930 0
48091 0
48640 0
49431 0
49596 0
49728 0
50054 0
50457 0
50617 0
50654 0
50834 0
50924 0
51670 0
51943 0
53040 0
53042 0
53825 0
54164 0
54230 0
54579 0
54616 0
55591 0
56455 0
56761 0
57084 0
57750 0
58854 0
59062 0
59450 0
59955 0
60508 0
61571 0
61665 0
61951 0
62791 0
63179 0
63576 0
63700 0
64505 0
65461 0
65497 0
65597 0
66081 0
66202 0
66320 0
68734 0
69140 0
69582 0
70300 0
70813 0
70986 0
71775 0
72028 0
72645 0
72960 0
72981 0
73002 0
73684 0
73852 0
74220 0
74275 0
74555 0
74791 0
74964 0
75061 0
75483 0
75857 0
76357 0
76718 0
76873 0
77163 0
77503 0
77712 0
78072 0
78451 0
78473 0
78750 0
79462 0
79621 0
79644 0
79990 0
80038 0
80173 0
80549 0
81605 0
81844 0
81982 0
82210 0
83774 0
83850 0
84374 0
84573 0
84908 0
85405 0
85498 0
85550 0
85633 0
86482 0
87035 0
87108 0
87584 0
87816 0
88284 0
88877 0
88915 0
89878 0
91494 0
91524 0
91771 0
92387 0
92849 0
93025 0
93160 0
93177 0
93293 0
93319 0
94062 0
94332 0
94416 0
94907 0
95048 0
96235 0
96362 0
96515 0
96971 0
97786 0
97917 0
98654 0
98880 0
98891 0
99599 0
99720 0
