c This is a uniform distributed  1-D DIMACS file 
c width height point_number
p 100000 100000 256
195 0
229 0
280 0
1113 0
1541 0
2243 0
2484 0
2873 0
3769 0
3804 0
3842 0
3967 0
4238 0
5404 0
5498 0
5621 0
5747 0
5916 0
6341 0
6412 0
6446 0
6504 0
7377 0
7756 0
7873 0
8889 0
9619 0
9663 0
10075 0
10556 0
10833 0
10925 0
11906 0
12574 0
13701 0
14354 0
14739 0
15353 0
15575 0
15613 0
17014 0
17505 0
18055 0
18094 0
18388 0
18612 0
18680 0
18715 0
18914 0
19253 0
19476 0
19611 0
19756 0
19937 0
20067 0
20430 0
20585 0
20590 0
20893 0
21221 0
21298 0
21909 0
22524 0
22711 0
22736 0
23282 0
23377 0
23582 0
23729 0
24684 0
25119 0
25142 0
25820 0
26387 0
26435 0
26651 0
26847 0
26915 0
27019 0
27304 0
27330 0
27444 0
28035 0
28267 0
28357 0
29847 0
30267 0
30384 0
30394 0
31240 0
31255 0
31402 0
31415 0
31683 0
32040 0
32857 0
32907 0
33455 0
33763 0
34057 0
34678 0
35293 0
35322 0
35399 0
35486 0
35622 0
35675 0
36011 0
36220 0
36700 0
37256 0
37360 0
39193 0
39489 0
40011 0
40302 0
40645 0
40994 0
41218 0
41926 0
41967 0
42380 0
42829 0
44102 0
44498 0
44611 0
44878 0
44991 0
45394 0
45563 0
45856 0
45875 0
46452 0
46593 0
48072 0
48297 0
49123 0
49212 0
49290 0
49859 0
52863 0
53435 0
54054 0
54626 0
54943 0
55300 0
55531 0
55535 0
55675 0
56039 0
56226 0
56493 0
56777 0
57228 0
57484 0
57889 0
57984 0
58067 0
59017 0
59218 0
59488 0
59696 0
59733 0
60635 0
61181 0
61189 0
61465 0
61497 0
61634 0
61922 0
62541 0
62779 0
63551 0
63669 0
65781 0
66176 0
66878 0
67936 0
67973 0
68007 0
68802 0
70034 0
70287 0
70483 0
70588 0
71562 0
71753 0
71763 0
71819 0
71930 0
72208 0
72305 0
72352 0
72445 0
72759 0
72902 0
74195 0
74232 0
75076 0
75123 0
75441 0
75838 0
76229 0
76375 0
76937 0
77071 0
77091 0
77255 0
77588 0
77774 0
78379 0
78649 0
78969 0
79984 0
80492 0
81833 0
82028 0
82416 0
82464 0
82668 0
82784 0
82914 0
84300 0
84726 0
84790 0
84791 0
85077 0
86219 0
86339 0
86618 0
86774 0
87560 0
87801 0
89466 0
89510 0
89775 0
90353 0
90442 0
91264 0
91818 0
92077 0
92123 0
92225 0
92731 0
93131 0
93880 0
94056 0
94131 0
94249 0
94394 0
95847 0
96047 0
96984 0
97096 0
98709 0
99633 0
