c This is a uniform distributed  1-D DIMACS file 
c width height point_number
p 100000 100000 256
231 0
244 0
879 0
1127 0
1479 0
2157 0
2201 0
2286 0
2337 0
3127 0
3325 0
3805 0
4181 0
5188 0
5328 0
5641 0
5773 0
5825 0
6261 0
6725 0
7840 0
7952 0
8531 0
8600 0
8674 0
8691 0
8715 0
9280 0
9708 0
9894 0
10099 0
10291 0
11237 0
11426 0
12122 0
12680 0
12927 0
13389 0
13876 0
13892 0
14030 0
14369 0
14774 0
15051 0
16299 0
16411 0
16430 0
17101 0
17584 0
18117 0
18884 0
19273 0
19367 0
20060 0
20071 0
21160 0
21247 0
21489 0
21756 0
21801 0
21860 0
22348 0
22530 0
22540 0
22691 0
22899 0
22906 0
23154 0
23305 0
23506 0
26193 0
26517 0
26844 0
27036 0
27264 0
27378 0
27387 0
27417 0
27432 0
27657 0
28100 0
28259 0
29363 0
29497 0
30375 0
31589 0
31908 0
32342 0
32646 0
33102 0
33268 0
33517 0
35038 0
35051 0
36655 0
37028 0
37137 0
37828 0
38077 0
38116 0
39072 0
39135 0
39375 0
40142 0
40624 0
40654 0
40821 0
41003 0
42096 0
42193 0
42454 0
42465 0
42787 0
43298 0
45713 0
45826 0
46640 0
47352 0
47460 0
48177 0
48956 0
49072 0
49497 0
49564 0
49592 0
50341 0
50450 0
51418 0
51464 0
51976 0
52049 0
52095 0
52350 0
52985 0
53457 0
53621 0
53701 0
54253 0
54342 0
55219 0
55300 0
55464 0
56288 0
56670 0
56964 0
57781 0
57828 0
57973 0
58622 0
59858 0
60426 0
60663 0
60890 0
61364 0
61387 0
61392 0
61492 0
61670 0
62097 0
62224 0
62514 0
62911 0
63372 0
63601 0
63747 0
64252 0
64579 0
65386 0
65400 0
65498 0
65757 0
66228 0
66292 0
67388 0
67964 0
68162 0
68241 0
68581 0
68793 0
69979 0
70916 0
71001 0
71114 0
71177 0
71225 0
71956 0
73402 0
73497 0
73798 0
73973 0
74002 0
74072 0
74762 0
75102 0
75143 0
75370 0
75803 0
76096 0
76263 0
76894 0
76909 0
77278 0
77306 0
77311 0
77615 0
77915 0
78072 0
79925 0
80691 0
80724 0
80754 0
80877 0
81412 0
81941 0
82110 0
82899 0
82902 0
83086 0
83330 0
83558 0
84182 0
84221 0
84423 0
84880 0
85292 0
86940 0
87034 0
87075 0
87503 0
88330 0
88504 0
90220 0
90415 0
91230 0
91606 0
92083 0
92263 0
92536 0
92816 0
93437 0
93615 0
94199 0
95312 0
95964 0
96162 0
96435 0
96802 0
97156 0
97194 0
97314 0
98442 0
98818 0
98971 0
99101 0
99515 0
99656 0
