c This is a uniform distributed  1-D DIMACS file 
c width height point_number
p 100000 100000 256
1645 0
1711 0
2668 0
3048 0
3100 0
3320 0
3362 0
3973 0
4671 0
4838 0
4913 0
5055 0
5127 0
5624 0
6473 0
6674 0
7212 0
7883 0
7969 0
8868 0
9605 0
10773 0
10889 0
11016 0
11684 0
11705 0
11838 0
12172 0
12178 0
12535 0
13275 0
13375 0
13840 0
13858 0
14398 0
14618 0
15913 0
16318 0
16420 0
17634 0
17750 0
17998 0
18171 0
18291 0
19446 0
19675 0
19778 0
20472 0
22179 0
22554 0
22615 0
22734 0
22884 0
22906 0
22924 0
23091 0
23507 0
23731 0
24396 0
24568 0
24867 0
25496 0
25568 0
26588 0
26988 0
27038 0
27157 0
27273 0
27324 0
28203 0
28569 0
28909 0
29350 0
29676 0
29968 0
31465 0
31659 0
31826 0
31893 0
32217 0
32469 0
32554 0
33664 0
33729 0
34138 0
34171 0
34498 0
34935 0
35713 0
36129 0
36225 0
37118 0
37977 0
38654 0
38676 0
38742 0
38935 0
38959 0
39407 0
39930 0
40304 0
41294 0
41414 0
41446 0
41520 0
41819 0
42827 0
42941 0
43458 0
43612 0
43650 0
43786 0
44690 0
44841 0
45120 0
45912 0
46420 0
46624 0
47749 0
48492 0
48765 0
48806 0
48917 0
49358 0
49440 0
49779 0
49970 0
50762 0
50940 0
51150 0
51271 0
51308 0
51333 0
51783 0
52995 0
53612 0
53623 0
53784 0
54087 0
54304 0
57240 0
58070 0
58507 0
58514 0
58890 0
59960 0
60234 0
60252 0
60631 0
60903 0
60907 0
61093 0
61434 0
61482 0
62741 0
63370 0
63877 0
64680 0
65540 0
65975 0
66447 0
66761 0
67537 0
68077 0
68460 0
68719 0
68849 0
68984 0
70482 0
70873 0
71120 0
71314 0
71355 0
71635 0
72422 0
72639 0
72748 0
72861 0
72991 0
73369 0
73597 0
74028 0
74486 0
74618 0
75313 0
75468 0
75782 0
76292 0
76525 0
76997 0
77208 0
77444 0
77747 0
77933 0
78095 0
78407 0
78849 0
79045 0
79142 0
79785 0
79968 0
81315 0
81325 0
82064 0
82114 0
82271 0
83966 0
84043 0
84193 0
84301 0
84415 0
84566 0
84788 0
86005 0
86022 0
86047 0
86092 0
86589 0
86754 0
87292 0
87952 0
87953 0
88087 0
88671 0
89161 0
90684 0
90826 0
91413 0
93227 0
93272 0
93353 0
94140 0
94236 0
94351 0
94412 0
94631 0
94901 0
94914 0
95091 0
95151 0
95219 0
95585 0
95608 0
95849 0
96852 0
97044 0
97107 0
97142 0
97573 0
98399 0
98848 0
98874 0
98912 0
99610 0
99640 0
99655 0
