c This is a uniform distributed  1-D DIMACS file 
c width height point_number
p 100000 100000 256
20 0
397 0
894 0
900 0
1409 0
1534 0
2412 0
2769 0
3207 0
3792 0
3929 0
4265 0
4472 0
4654 0
5371 0
5700 0
5744 0
5801 0
6001 0
6049 0
6566 0
6613 0
6730 0
6778 0
7210 0
7627 0
8277 0
8447 0
8818 0
9505 0
10279 0
11276 0
11921 0
12201 0
12314 0
12486 0
12608 0
13248 0
14444 0
14502 0
14617 0
15216 0
15584 0
16582 0
17920 0
18039 0
18493 0
18992 0
19557 0
19650 0
20105 0
20234 0
20353 0
20607 0
20920 0
21069 0
21922 0
23605 0
23770 0
25196 0
26885 0
26950 0
27436 0
27548 0
27963 0
28161 0
28427 0
28432 0
28592 0
29666 0
29698 0
31323 0
32825 0
33321 0
34141 0
34468 0
34475 0
34512 0
35287 0
35815 0
35913 0
36296 0
36770 0
36838 0
36875 0
36940 0
37544 0
37631 0
37749 0
38487 0
38946 0
38964 0
40714 0
40903 0
41089 0
41298 0
41662 0
42223 0
42596 0
42755 0
43060 0
43442 0
43444 0
43824 0
44543 0
44585 0
45080 0
45249 0
45582 0
45590 0
45992 0
46093 0
46334 0
46388 0
47294 0
47867 0
48544 0
48839 0
49265 0
50353 0
50503 0
50535 0
50591 0
51379 0
51412 0
51609 0
51684 0
52201 0
52668 0
53045 0
54005 0
54328 0
54512 0
54713 0
54740 0
55655 0
55832 0
56030 0
56708 0
57071 0
57204 0
57551 0
57767 0
58074 0
58094 0
58562 0
58741 0
58752 0
59451 0
59599 0
59671 0
60076 0
60927 0
61774 0
61869 0
62547 0
63471 0
63604 0
63858 0
63998 0
64263 0
64669 0
64690 0
65332 0
65649 0
66380 0
67863 0
68371 0
68522 0
68691 0
69123 0
69358 0
69531 0
70056 0
70262 0
70946 0
71239 0
71415 0
71679 0
72304 0
73664 0
73787 0
73882 0
74483 0
74731 0
74864 0
75052 0
75110 0
75305 0
75644 0
75814 0
76412 0
76750 0
76792 0
76840 0
76987 0
77617 0
77631 0
77811 0
78280 0
78632 0
78645 0
78728 0
78906 0
79068 0
79181 0
79974 0
80240 0
80314 0
80513 0
80542 0
80658 0
80716 0
81367 0
81900 0
82022 0
83386 0
83961 0
84523 0
84616 0
85020 0
85769 0
86089 0
86258 0
86282 0
86345 0
86418 0
86872 0
87371 0
87483 0
87893 0
88161 0
88447 0
89155 0
89553 0
89697 0
89795 0
89941 0
90094 0
91577 0
92336 0
92681 0
94004 0
94132 0
94473 0
95378 0
96788 0
97121 0
97430 0
97460 0
97500 0
98443 0
98481 0
98627 0
98688 0
99232 0
