c This is a uniform distributed  1-D DIMACS file 
c width height point_number
p 100000 100000 256
98 0
552 0
672 0
1023 0
1193 0
1900 0
2469 0
2630 0
3200 0
3635 0
3815 0
4003 0
4337 0
4368 0
4519 0
4791 0
5437 0
5475 0
5527 0
5830 0
5965 0
6531 0
6672 0
7085 0
7518 0
8945 0
9414 0
9662 0
9757 0
10527 0
10648 0
11040 0
11070 0
11134 0
11261 0
11479 0
11604 0
11969 0
12778 0
12850 0
13086 0
15049 0
15228 0
15766 0
16037 0
16082 0
18221 0
18596 0
19786 0
19867 0
19896 0
20375 0
20830 0
22092 0
22404 0
22521 0
23136 0
23332 0
23432 0
23505 0
24847 0
25984 0
27012 0
27216 0
27807 0
28150 0
28287 0
28768 0
29001 0
29008 0
29154 0
29305 0
29559 0
29678 0
30070 0
30249 0
30618 0
30820 0
32036 0
32080 0
32364 0
32366 0
32394 0
32859 0
33974 0
34246 0
34404 0
34591 0
34672 0
35319 0
35463 0
35714 0
36556 0
36655 0
37505 0
37586 0
38211 0
38596 0
39241 0
39386 0
39749 0
40175 0
40625 0
40889 0
41220 0
41233 0
42001 0
42305 0
43030 0
43382 0
43934 0
44105 0
44196 0
45670 0
45680 0
45733 0
45880 0
46301 0
46752 0
46887 0
47121 0
47192 0
47805 0
48222 0
48585 0
48897 0
49565 0
49858 0
50323 0
50440 0
51293 0
51604 0
51612 0
51774 0
52044 0
52627 0
53105 0
53243 0
53562 0
53692 0
53939 0
54620 0
56649 0
56693 0
57252 0
57523 0
58143 0
58529 0
58681 0
59211 0
59533 0
59650 0
59955 0
60953 0
61134 0
61373 0
62075 0
62145 0
62369 0
62444 0
63901 0
64024 0
64306 0
64576 0
64898 0
65577 0
65617 0
65892 0
66106 0
66800 0
66818 0
68359 0
68553 0
68768 0
70355 0
70854 0
70986 0
71223 0
71781 0
72341 0
72424 0
72584 0
72864 0
73745 0
74263 0
74339 0
74517 0
74519 0
75091 0
75290 0
76419 0
77073 0
78662 0
78835 0
78990 0
79112 0
79140 0
79611 0
80316 0
80620 0
81086 0
81098 0
81346 0
82393 0
82465 0
82563 0
82579 0
83335 0
83484 0
83910 0
84067 0
84411 0
84499 0
84534 0
84669 0
84878 0
85279 0
85554 0
85655 0
85738 0
85827 0
86225 0
86417 0
86689 0
86822 0
87009 0
87600 0
87714 0
87851 0
88109 0
88886 0
88902 0
88956 0
89039 0
90141 0
90174 0
90503 0
91032 0
91068 0
92065 0
92158 0
92224 0
92361 0
92615 0
92679 0
92787 0
93273 0
93501 0
93912 0
93938 0
94239 0
94335 0
96591 0
98096 0
98346 0
99186 0
