c This is a uniform distributed  1-D DIMACS file 
c width height point_number
p 100000 100000 256
467 0
3478 0
3756 0
3770 0
4107 0
4345 0
4925 0
5147 0
5505 0
5657 0
5720 0
5901 0
6056 0
6879 0
7530 0
8129 0
8836 0
9637 0
10764 0
10817 0
11126 0
11887 0
12259 0
12424 0
12612 0
12689 0
13020 0
14046 0
14171 0
14212 0
14352 0
14670 0
16035 0
17714 0
17772 0
17972 0
18160 0
18490 0
18536 0
18711 0
19103 0
19151 0
19198 0
19491 0
19979 0
21711 0
21878 0
22239 0
23144 0
23613 0
23807 0
24021 0
24142 0
24369 0
24776 0
24804 0
24945 0
25504 0
26182 0
27073 0
27678 0
29435 0
29778 0
30754 0
31258 0
31528 0
31556 0
31690 0
32305 0
32686 0
32736 0
32786 0
32788 0
32903 0
33195 0
33553 0
33720 0
34458 0
34617 0
34802 0
35198 0
35222 0
35480 0
36117 0
36313 0
36315 0
36723 0
37278 0
37644 0
37665 0
38126 0
38252 0
39931 0
40274 0
40669 0
40671 0
40695 0
41244 0
41940 0
42079 0
42345 0
42973 0
43490 0
43612 0
43942 0
44989 0
45371 0
45383 0
46172 0
46197 0
46473 0
47130 0
47217 0
47640 0
47835 0
48437 0
48889 0
49814 0
50391 0
50532 0
51354 0
52196 0
52299 0
52575 0
52733 0
52920 0
53359 0
53863 0
54738 0
54745 0
54790 0
54804 0
54889 0
54900 0
55024 0
55309 0
55400 0
55779 0
56849 0
56896 0
57269 0
57666 0
58039 0
58093 0
58194 0
58447 0
58598 0
58624 0
58743 0
58965 0
59238 0
59443 0
59539 0
59653 0
59838 0
60058 0
60088 0
61152 0
61337 0
61537 0
61538 0
61915 0
62709 0
63242 0
63435 0
63802 0
63872 0
65025 0
65969 0
66132 0
66225 0
66547 0
67024 0
67367 0
67423 0
67604 0
68070 0
68074 0
68101 0
68135 0
68480 0
68792 0
68954 0
69741 0
70656 0
71383 0
71912 0
73187 0
73454 0
76478 0
76579 0
76631 0
76866 0
76926 0
76968 0
77122 0
77141 0
77166 0
77308 0
77958 0
77985 0
78097 0
78396 0
78466 0
78713 0
78923 0
79402 0
80009 0
80780 0
81032 0
81055 0
81180 0
81324 0
82052 0
82159 0
82446 0
82453 0
82511 0
82801 0
82871 0
82980 0
83498 0
84546 0
85654 0
86241 0
86474 0
86972 0
87493 0
87576 0
88271 0
88547 0
89168 0
89929 0
91027 0
91047 0
91871 0
92191 0
92481 0
93574 0
93711 0
93807 0
94151 0
94329 0
94832 0
94844 0
95132 0
95585 0
96418 0
96510 0
97650 0
97886 0
98080 0
98279 0
98408 0
99074 0
99777 0
