c This is a uniform distributed  1-D DIMACS file 
c width height point_number
p 100000 100000 256
147 0
194 0
408 0
749 0
967 0
1312 0
1379 0
1743 0
1788 0
1947 0
2047 0
2129 0
2170 0
2875 0
3056 0
3261 0
3561 0
5465 0
5497 0
5749 0
5859 0
6993 0
7162 0
7356 0
7407 0
7656 0
7842 0
7968 0
7992 0
8292 0
8614 0
8674 0
8890 0
9045 0
9763 0
9938 0
10474 0
10777 0
11676 0
12220 0
12455 0
13012 0
13414 0
14203 0
14232 0
14658 0
14997 0
15080 0
15472 0
16138 0
16292 0
16391 0
16408 0
16749 0
16766 0
16823 0
16911 0
16947 0
17165 0
17820 0
18190 0
18578 0
18779 0
19378 0
19529 0
19833 0
20037 0
20489 0
20661 0
20799 0
20978 0
21086 0
21093 0
21355 0
21626 0
21985 0
22404 0
22589 0
22645 0
22689 0
23171 0
23441 0
24720 0
25233 0
25711 0
27179 0
27210 0
27429 0
27473 0
27910 0
27924 0
28098 0
28259 0
28545 0
29248 0
29737 0
30708 0
31020 0
31071 0
31093 0
31203 0
31790 0
32038 0
32039 0
32484 0
33162 0
33180 0
34924 0
35438 0
36236 0
36289 0
36956 0
37092 0
37317 0
37352 0
38203 0
38691 0
38767 0
39020 0
39453 0
39607 0
40410 0
41088 0
41112 0
42839 0
43411 0
44485 0
44587 0
45260 0
45900 0
46105 0
46441 0
46584 0
46902 0
47310 0
47407 0
47418 0
47520 0
49133 0
49586 0
50028 0
50498 0
51697 0
52195 0
52460 0
53095 0
53103 0
53213 0
53399 0
53454 0
53967 0
54521 0
55725 0
56006 0
56080 0
56465 0
56893 0
57002 0
57946 0
58758 0
59290 0
59415 0
60511 0
60572 0
61087 0
61536 0
61599 0
61674 0
62246 0
62530 0
63014 0
63399 0
63477 0
63747 0
64690 0
65299 0
67028 0
67221 0
67420 0
67624 0
67730 0
68304 0
68670 0
68939 0
69125 0
69881 0
70085 0
70646 0
70771 0
70896 0
71644 0
71780 0
72054 0
72119 0
72312 0
73776 0
74365 0
74518 0
74769 0
75036 0
75486 0
76595 0
76710 0
76963 0
77168 0
77300 0
77610 0
77636 0
78701 0
79014 0
79217 0
79843 0
79896 0
81984 0
82183 0
82302 0
83758 0
84247 0
84735 0
85175 0
85579 0
85703 0
86102 0
86201 0
86289 0
86380 0
87450 0
87869 0
88169 0
88250 0
88535 0
89170 0
89212 0
92113 0
92562 0
92902 0
93129 0
93184 0
93250 0
93408 0
94655 0
94882 0
94914 0
95609 0
95776 0
95810 0
97402 0
98047 0
98134 0
98508 0
98886 0
98940 0
99101 0
99370 0
99411 0
99778 0
