c This is a uniform distributed  1-D DIMACS file 
c width height point_number
p 100000 100000 256
173 0
420 0
1402 0
1816 0
2377 0
2834 0
2884 0
3040 0
3161 0
3985 0
4834 0
6287 0
7548 0
7557 0
7696 0
8206 0
8224 0
8574 0
9004 0
9818 0
9823 0
10423 0
10704 0
10896 0
10992 0
11050 0
11182 0
11685 0
11686 0
12022 0
12261 0
12552 0
12589 0
13665 0
13803 0
13861 0
14341 0
14387 0
14747 0
14822 0
15193 0
16213 0
17143 0
17193 0
17999 0
18312 0
18351 0
18575 0
18610 0
18623 0
19311 0
19741 0
20366 0
20650 0
21101 0
21734 0
21796 0
22387 0
22399 0
23661 0
24204 0
24244 0
24321 0
24408 0
24584 0
24941 0
25030 0
25503 0
26578 0
26596 0
26843 0
27464 0
27717 0
28559 0
29510 0
29940 0
30152 0
30839 0
31095 0
31272 0
31606 0
31778 0
33220 0
33499 0
33874 0
33964 0
34972 0
35967 0
36364 0
36605 0
37101 0
37690 0
38085 0
38383 0
38469 0
39009 0
39891 0
40364 0
40380 0
40600 0
40666 0
40808 0
41630 0
41811 0
42140 0
42914 0
42931 0
43667 0
43926 0
43958 0
44232 0
44865 0
45002 0
45379 0
45637 0
46652 0
46683 0
46944 0
47636 0
47977 0
49826 0
50016 0
50481 0
50680 0
50706 0
51108 0
51281 0
51508 0
52193 0
52275 0
52911 0
54155 0
54217 0
54575 0
55211 0
55384 0
55818 0
55886 0
56373 0
56617 0
56618 0
57384 0
57971 0
58365 0
58811 0
59252 0
59742 0
60248 0
60594 0
60952 0
61010 0
61015 0
61159 0
61262 0
61337 0
61362 0
61711 0
62084 0
62784 0
63059 0
63620 0
65165 0
65433 0
65821 0
66611 0
67320 0
68014 0
68185 0
68790 0
68945 0
69325 0
69560 0
70441 0
71643 0
71789 0
71808 0
73307 0
73443 0
74323 0
74507 0
75410 0
75904 0
75920 0
76196 0
76540 0
76761 0
77165 0
78033 0
78240 0
78345 0
78884 0
79687 0
79966 0
80060 0
80446 0
80896 0
81173 0
81470 0
81928 0
81993 0
82253 0
82323 0
82615 0
82724 0
83140 0
84032 0
84157 0
84468 0
84507 0
85247 0
86014 0
86522 0
86869 0
87247 0
87678 0
87888 0
87900 0
88937 0
89344 0
89489 0
89735 0
89760 0
89772 0
90218 0
90595 0
90794 0
90908 0
91109 0
91357 0
91609 0
91795 0
91862 0
92345 0
92537 0
92677 0
92938 0
93099 0
93475 0
93552 0
94501 0
94709 0
96093 0
96670 0
96799 0
96925 0
96971 0
96994 0
97419 0
97998 0
98038 0
98200 0
98295 0
98548 0
98973 0
99614 0
99841 0
