c This is a uniform distributed  1-D DIMACS file 
c width height point_number
p 100000 100000 256
146 0
259 0
268 0
762 0
791 0
921 0
2226 0
3112 0
3271 0
3683 0
3865 0
4751 0
4947 0
5536 0
5552 0
6417 0
7009 0
7362 0
7505 0
9819 0
9956 0
10012 0
10106 0
10866 0
11826 0
11880 0
12976 0
13018 0
13811 0
14003 0
14200 0
14511 0
14847 0
15219 0
15480 0
15482 0
16493 0
17007 0
17358 0
18308 0
18838 0
19000 0
19102 0
19396 0
19456 0
19830 0
19875 0
20244 0
20380 0
20637 0
20656 0
21857 0
22725 0
22878 0
23375 0
25016 0
25581 0
26230 0
26292 0
26442 0
26792 0
27546 0
28533 0
28652 0
28795 0
29110 0
29198 0
29226 0
29455 0
29457 0
29965 0
30853 0
31089 0
31348 0
31410 0
31533 0
31737 0
32382 0
32463 0
33350 0
33423 0
34139 0
34334 0
34411 0
34419 0
35660 0
36100 0
36308 0
37143 0
37528 0
38079 0
38193 0
38871 0
38950 0
39260 0
39596 0
39610 0
39673 0
39870 0
39873 0
40333 0
40446 0
41088 0
42138 0
42531 0
44202 0
44229 0
44343 0
45199 0
46012 0
46722 0
46811 0
47509 0
47831 0
48354 0
48385 0
48468 0
48769 0
48847 0
48898 0
50362 0
50859 0
50865 0
51283 0
51829 0
52063 0
52383 0
54041 0
54064 0
54574 0
54685 0
55155 0
55964 0
56000 0
56842 0
56873 0
57149 0
57269 0
57327 0
57753 0
58167 0
58278 0
58352 0
58356 0
58890 0
59871 0
60326 0
60408 0
60714 0
60871 0
61031 0
61170 0
62314 0
63103 0
63221 0
63396 0
64023 0
64065 0
64264 0
64468 0
64567 0
64879 0
64977 0
65276 0
65616 0
65838 0
67638 0
67644 0
67869 0
68999 0
69382 0
69498 0
69578 0
69746 0
70101 0
70133 0
70536 0
70925 0
71614 0
71760 0
71896 0
72003 0
72301 0
72483 0
73324 0
73564 0
74350 0
74449 0
74762 0
75009 0
75658 0
75718 0
77077 0
77481 0
77604 0
78033 0
78590 0
78631 0
79033 0
79295 0
80085 0
80428 0
80508 0
80763 0
81577 0
81674 0
82707 0
82940 0
83883 0
84057 0
84701 0
85044 0
85835 0
86446 0
86585 0
86848 0
86850 0
86954 0
87218 0
87561 0
87651 0
87985 0
89409 0
89486 0
89716 0
89775 0
90012 0
90561 0
91240 0
91264 0
91354 0
91372 0
91673 0
92107 0
92134 0
92984 0
93765 0
93846 0
93987 0
94157 0
94315 0
94351 0
94365 0
94497 0
94556 0
95021 0
95323 0
95680 0
95753 0
95958 0
96434 0
97391 0
98324 0
99210 0
99274 0
99300 0
