c This is a uniform distributed  1-D DIMACS file 
c width height point_number
p 100000 100000 256
235 0
775 0
957 0
1506 0
1587 0
2632 0
2967 0
3053 0
3091 0
3343 0
3426 0
4112 0
4222 0
4388 0
4999 0
5128 0
5270 0
5300 0
5355 0
5461 0
5577 0
5994 0
6523 0
6555 0
6778 0
7685 0
8044 0
8171 0
8196 0
8363 0
8424 0
9396 0
9561 0
9828 0
9880 0
10258 0
10394 0
10575 0
10750 0
11278 0
11313 0
11477 0
11633 0
12949 0
13096 0
13550 0
13727 0
13834 0
14619 0
15501 0
15666 0
16072 0
16153 0
16299 0
16321 0
17207 0
17433 0
17752 0
17810 0
18168 0
18409 0
18699 0
18764 0
19260 0
19386 0
19836 0
20064 0
20226 0
20272 0
20344 0
20815 0
21691 0
21993 0
23262 0
23437 0
23792 0
23842 0
24047 0
24852 0
24911 0
24919 0
25821 0
25863 0
26252 0
26629 0
26904 0
27615 0
28765 0
28823 0
29035 0
29473 0
29710 0
30628 0
31149 0
31743 0
32368 0
32531 0
32534 0
32708 0
32728 0
33089 0
33238 0
33703 0
33796 0
33864 0
34767 0
34788 0
34905 0
35252 0
35582 0
35893 0
35956 0
36336 0
37581 0
37711 0
38152 0
38493 0
38994 0
39059 0
39509 0
40029 0
40212 0
40493 0
40500 0
40613 0
41263 0
41623 0
42640 0
43895 0
44339 0
44463 0
44535 0
44699 0
45263 0
45916 0
47387 0
47434 0
47530 0
48908 0
49173 0
49335 0
49361 0
49394 0
49640 0
49835 0
49885 0
49947 0
50073 0
50361 0
50705 0
51284 0
51293 0
52294 0
52578 0
52805 0
53186 0
53191 0
53785 0
53909 0
53938 0
54506 0
55226 0
55641 0
55823 0
57121 0
57823 0
59343 0
59448 0
59459 0
60028 0
60377 0
60516 0
60963 0
60972 0
61546 0
62570 0
64498 0
64513 0
64700 0
65309 0
65531 0
65711 0
66033 0
66572 0
66708 0
66728 0
66781 0
67132 0
67392 0
68012 0
68016 0
68348 0
68996 0
69572 0
69611 0
69651 0
70044 0
70098 0
70375 0
71123 0
71140 0
71403 0
71591 0
72211 0
73685 0
74300 0
75116 0
75130 0
75458 0
75481 0
76138 0
76187 0
76267 0
76714 0
76875 0
77035 0
77151 0
78591 0
79049 0
79522 0
79930 0
80544 0
80582 0
80744 0
81238 0
82239 0
82277 0
82400 0
83150 0
83930 0
84219 0
85598 0
85660 0
86400 0
86540 0
87602 0
88580 0
89302 0
89303 0
90070 0
91506 0
92056 0
92354 0
92446 0
93062 0
95142 0
95676 0
96249 0
96817 0
96997 0
97113 0
97652 0
98371 0
98594 0
99113 0
99169 0
