c This is a uniform distributed  1-D DIMACS file 
c width height point_number
p 100000 100000 256
380 0
707 0
1174 0
1406 0
2610 0
4021 0
4253 0
4977 0
5221 0
5308 0
5580 0
5858 0
6231 0
6360 0
6644 0
6937 0
7612 0
7805 0
7988 0
8011 0
8218 0
8605 0
8724 0
9120 0
9482 0
10481 0
10489 0
10875 0
10928 0
11025 0
11162 0
11416 0
12186 0
12218 0
12529 0
13318 0
13983 0
14149 0
15415 0
15523 0
15828 0
15845 0
15848 0
16142 0
16323 0
16566 0
16637 0
17736 0
18001 0
18337 0
18449 0
18479 0
18749 0
19777 0
19833 0
20247 0
20252 0
20268 0
20358 0
20678 0
20982 0
24269 0
24609 0
25420 0
25479 0
26794 0
27106 0
27444 0
27478 0
27598 0
28083 0
28390 0
28508 0
29103 0
29125 0
30653 0
33388 0
33939 0
34750 0
35030 0
35072 0
35917 0
36041 0
36621 0
36931 0
37119 0
38196 0
38303 0
39516 0
39573 0
39977 0
40305 0
40361 0
40754 0
41233 0
41325 0
41536 0
42066 0
42652 0
42867 0
43271 0
44388 0
44795 0
44918 0
44928 0
45090 0
45108 0
45377 0
45565 0
46744 0
47408 0
47645 0
48029 0
48290 0
48702 0
49190 0
49679 0
50262 0
50651 0
51666 0
52846 0
53413 0
53578 0
53657 0
53852 0
53872 0
54287 0
54565 0
55107 0
55771 0
56194 0
56349 0
56436 0
56543 0
56764 0
57429 0
57652 0
57975 0
57991 0
58211 0
58223 0
58290 0
59291 0
60851 0
61293 0
61642 0
61808 0
61854 0
62141 0
62215 0
62914 0
63081 0
63660 0
64174 0
64474 0
64520 0
64612 0
65647 0
65721 0
66058 0
66128 0
66224 0
66290 0
66328 0
66647 0
66823 0
67184 0
67714 0
67812 0
68375 0
68715 0
68776 0
68852 0
68971 0
68990 0
69419 0
69427 0
69593 0
69791 0
70176 0
70462 0
70680 0
71961 0
72093 0
72207 0
72775 0
72786 0
73669 0
73864 0
73953 0
74198 0
74592 0
74908 0
75173 0
75335 0
75673 0
75744 0
77317 0
77565 0
77989 0
79003 0
79246 0
79702 0
79813 0
79946 0
80480 0
80557 0
80559 0
80950 0
81847 0
82378 0
83105 0
83985 0
84356 0
84881 0
85068 0
85292 0
85410 0
85593 0
85621 0
85786 0
85883 0
86060 0
86513 0
86710 0
87133 0
87321 0
87417 0
87999 0
88365 0
88537 0
88869 0
90429 0
90770 0
90806 0
90998 0
92442 0
93354 0
94011 0
94668 0
95012 0
95573 0
95873 0
96020 0
96337 0
96441 0
96561 0
96598 0
96750 0
97102 0
97261 0
98075 0
98437 0
98970 0
98985 0
99172 0
