c This is a uniform distributed  1-D DIMACS file 
c width height point_number
p 100000 100000 256
638 0
1296 0
1481 0
2101 0
3000 0
3013 0
3221 0
3813 0
4136 0
4264 0
4469 0
4845 0
5252 0
5624 0
6292 0
6889 0
7482 0
7917 0
8082 0
8149 0
8172 0
8347 0
8576 0
8602 0
8728 0
9848 0
10521 0
10695 0
11134 0
11912 0
12479 0
12624 0
13666 0
13803 0
14814 0
15004 0
15186 0
15405 0
15569 0
16600 0
17150 0
17445 0
18270 0
18275 0
18519 0
18681 0
18877 0
19253 0
20102 0
20507 0
21616 0
22111 0
22811 0
23769 0
24007 0
24299 0
24390 0
25076 0
25572 0
26144 0
26389 0
26601 0
26982 0
27077 0
27353 0
27605 0
27817 0
29494 0
29665 0
30018 0
30814 0
31402 0
31529 0
31960 0
33164 0
34268 0
35461 0
35490 0
36155 0
36172 0
37513 0
37554 0
37580 0
37854 0
38081 0
38458 0
39124 0
39297 0
39650 0
40204 0
40209 0
40566 0
40681 0
41667 0
41968 0
41981 0
42066 0
42385 0
42610 0
42611 0
43507 0
44771 0
44902 0
45191 0
45495 0
45651 0
45717 0
45860 0
45946 0
46024 0
46240 0
46629 0
47347 0
47754 0
47893 0
48022 0
48433 0
48717 0
48999 0
49343 0
49970 0
50151 0
50163 0
50511 0
50621 0
51691 0
52396 0
52498 0
53352 0
53570 0
53621 0
54128 0
54729 0
56228 0
56596 0
57157 0
57380 0
57632 0
57660 0
57692 0
57767 0
57997 0
58025 0
58370 0
58628 0
59133 0
59260 0
59428 0
59475 0
59752 0
60380 0
61484 0
62181 0
63357 0
64090 0
65130 0
65226 0
65520 0
66158 0
66325 0
66341 0
66900 0
67150 0
68085 0
68227 0
68520 0
68679 0
69358 0
69538 0
69584 0
69928 0
70001 0
70086 0
70394 0
70416 0
72107 0
72550 0
73409 0
74239 0
74517 0
74956 0
75144 0
75280 0
75640 0
76682 0
77271 0
77535 0
77551 0
77816 0
78036 0
78508 0
79234 0
79552 0
79614 0
79862 0
79918 0
80058 0
80235 0
80470 0
80698 0
81142 0
81311 0
81345 0
81599 0
83277 0
83465 0
84645 0
85403 0
85437 0
85521 0
86103 0
86205 0
86723 0
87445 0
88765 0
88909 0
90151 0
90570 0
90870 0
91383 0
91461 0
91875 0
92203 0
92367 0
92368 0
92403 0
92405 0
93303 0
93661 0
93708 0
93753 0
94635 0
94684 0
95189 0
95965 0
96446 0
96517 0
96551 0
96614 0
96641 0
96690 0
97005 0
97035 0
97262 0
97644 0
97891 0
98381 0
98534 0
98559 0
98954 0
99075 0
99261 0
99570 0
99644 0
99820 0
99867 0
