c This is a uniform distributed  1-D DIMACS file 
c width height point_number
p 100000 100000 256
48 0
1099 0
1429 0
1587 0
1975 0
2124 0
2612 0
2666 0
3128 0
3618 0
4061 0
4076 0
5298 0
5396 0
6365 0
6379 0
7792 0
8157 0
8196 0
9510 0
9554 0
10783 0
11457 0
11777 0
11996 0
12209 0
12295 0
12718 0
13236 0
13585 0
14789 0
14884 0
14998 0
15117 0
15213 0
15873 0
16436 0
16522 0
17978 0
18025 0
18452 0
18878 0
18928 0
19203 0
19884 0
20254 0
21481 0
21859 0
22065 0
22408 0
22654 0
23214 0
23292 0
24070 0
24279 0
25075 0
25815 0
26185 0
26461 0
26462 0
27605 0
27628 0
27825 0
28046 0
28344 0
28792 0
29004 0
29544 0
30050 0
30095 0
30209 0
30694 0
31276 0
31517 0
31987 0
32157 0
33117 0
33367 0
33659 0
33813 0
34260 0
34428 0
34562 0
35594 0
36371 0
36412 0
36423 0
36474 0
36797 0
37644 0
38082 0
38388 0
38633 0
39137 0
39579 0
40349 0
41214 0
41754 0
41759 0
42359 0
42808 0
43292 0
43356 0
44535 0
44637 0
44824 0
45405 0
45657 0
45816 0
47875 0
48599 0
48635 0
48655 0
48743 0
49236 0
49273 0
49439 0
49607 0
49789 0
50279 0
50568 0
50740 0
50984 0
51053 0
51250 0
51782 0
51835 0
51940 0
52128 0
52241 0
52759 0
53697 0
53857 0
54803 0
54928 0
55009 0
55157 0
55309 0
55397 0
55427 0
55473 0
56552 0
56949 0
57010 0
57343 0
57626 0
57732 0
57847 0
57916 0
58076 0
58228 0
58255 0
58295 0
58659 0
58861 0
58885 0
58970 0
59062 0
59066 0
59190 0
59511 0
59664 0
60065 0
60269 0
60727 0
61730 0
61970 0
62150 0
62820 0
62916 0
63134 0
63151 0
64837 0
65174 0
66524 0
67614 0
67780 0
68293 0
69187 0
69776 0
69791 0
69945 0
70237 0
70518 0
70678 0
70861 0
70900 0
71019 0
71170 0
71236 0
71318 0
72016 0
73229 0
73582 0
74075 0
74365 0
74449 0
74621 0
75670 0
75824 0
76395 0
76397 0
76752 0
77171 0
77315 0
78262 0
78359 0
78426 0
78482 0
78533 0
78707 0
79171 0
79376 0
79465 0
81208 0
81501 0
82664 0
82734 0
82818 0
83115 0
83291 0
83966 0
84250 0
84313 0
84369 0
84762 0
84907 0
85395 0
85594 0
85756 0
86528 0
87005 0
87470 0
88230 0
89009 0
89459 0
89468 0
89915 0
90531 0
91836 0
92349 0
92433 0
93234 0
93275 0
93347 0
94103 0
94336 0
94628 0
94702 0
95282 0
95685 0
96293 0
96548 0
96823 0
98286 0
99578 0
