c This is a uniform distributed  1-D DIMACS file 
c width height point_number
p 100000 100000 256
1674 0
2054 0
2608 0
2860 0
3178 0
3307 0
3477 0
5308 0
5729 0
5887 0
6135 0
6217 0
6958 0
7061 0
7293 0
7513 0
7554 0
8027 0
8296 0
8341 0
8375 0
9067 0
9975 0
9977 0
10162 0
10198 0
10416 0
10943 0
10984 0
11009 0
12055 0
12627 0
12641 0
12976 0
14629 0
14949 0
15023 0
15235 0
15298 0
16004 0
16023 0
16451 0
16855 0
17280 0
17482 0
19248 0
19601 0
19603 0
20138 0
20213 0
20590 0
20814 0
20963 0
21050 0
21053 0
21591 0
22652 0
22680 0
22719 0
22918 0
24020 0
24149 0
24423 0
24498 0
24756 0
24970 0
25012 0
25734 0
26973 0
27015 0
27685 0
28097 0
28213 0
28335 0
28863 0
28886 0
30490 0
30938 0
31464 0
31502 0
31575 0
31833 0
31925 0
32654 0
32891 0
33045 0
33091 0
33363 0
34039 0
34072 0
34284 0
34808 0
35438 0
36800 0
36828 0
37115 0
37406 0
37508 0
37542 0
37825 0
37843 0
37854 0
38031 0
38525 0
40215 0
40746 0
41301 0
41473 0
42385 0
42912 0
43158 0
43244 0
43313 0
44085 0
44130 0
44854 0
44894 0
44913 0
44969 0
45237 0
45303 0
45458 0
45580 0
45635 0
45819 0
45979 0
46079 0
46349 0
47854 0
49144 0
49772 0
49845 0
50843 0
50920 0
51051 0
51158 0
51487 0
52509 0
52749 0
52987 0
54304 0
54353 0
54431 0
54893 0
55149 0
56115 0
57026 0
57176 0
57810 0
58191 0
58422 0
58442 0
58687 0
59469 0
60135 0
61344 0
61722 0
62488 0
62938 0
63369 0
63405 0
63803 0
63891 0
64449 0
64571 0
65409 0
65510 0
65926 0
66245 0
66573 0
66727 0
67465 0
67511 0
68045 0
68154 0
68305 0
68394 0
68515 0
68667 0
69016 0
69241 0
69543 0
70440 0
70830 0
71167 0
71359 0
71799 0
72025 0
73235 0
73296 0
73377 0
74089 0
74381 0
75073 0
75094 0
75250 0
75403 0
75976 0
76031 0
77213 0
77245 0
77314 0
77412 0
79031 0
79117 0
79423 0
79456 0
79642 0
79750 0
79777 0
80368 0
80378 0
80536 0
81506 0
81528 0
81607 0
81719 0
81743 0
81944 0
82132 0
82811 0
82832 0
82936 0
82948 0
83303 0
84084 0
84123 0
85677 0
85740 0
86095 0
86336 0
87207 0
88022 0
88131 0
88170 0
88541 0
89215 0
89803 0
91490 0
91725 0
91726 0
91919 0
92863 0
93053 0
93351 0
93619 0
93773 0
94198 0
94457 0
94676 0
94716 0
95600 0
96428 0
96664 0
97075 0
97349 0
