c This is a uniform distributed  1-D DIMACS file 
c width height point_number
p 100000 100000 256
270 0
304 0
388 0
555 0
779 0
982 0
1291 0
1409 0
1427 0
2186 0
2569 0
2595 0
2714 0
3457 0
3650 0
4260 0
4930 0
5042 0
5045 0
5143 0
5330 0
5392 0
5614 0
6435 0
7407 0
7944 0
8921 0
9701 0
9712 0
10169 0
11121 0
11818 0
12252 0
12426 0
12818 0
12892 0
13269 0
13534 0
13998 0
14107 0
14729 0
14838 0
16167 0
16243 0
16599 0
16910 0
17886 0
17940 0
18016 0
18026 0
18238 0
18537 0
19454 0
19825 0
19987 0
20089 0
20142 0
21343 0
21409 0
21689 0
22342 0
22454 0
22572 0
22750 0
23039 0
23331 0
23672 0
23690 0
23809 0
23947 0
24341 0
24702 0
25044 0
25586 0
26365 0
26711 0
27047 0
27360 0
28260 0
28862 0
29144 0
29736 0
29743 0
29749 0
29922 0
30277 0
31581 0
31686 0
31909 0
31920 0
32001 0
32472 0
32597 0
33877 0
33999 0
34168 0
35256 0
35341 0
35482 0
35628 0
36206 0
36380 0
36436 0
36707 0
36950 0
37795 0
38137 0
38182 0
38947 0
39239 0
40014 0
40284 0
41303 0
41983 0
42714 0
43004 0
43132 0
43219 0
44049 0
44222 0
44334 0
44407 0
44612 0
44732 0
44833 0
45157 0
45275 0
45333 0
46255 0
46665 0
46713 0
46751 0
46899 0
47765 0
47812 0
48099 0
48448 0
49436 0
49457 0
49876 0
50882 0
50985 0
51144 0
52538 0
53175 0
55371 0
56016 0
56057 0
56214 0
56762 0
57501 0
57906 0
58015 0
58246 0
59246 0
59344 0
59348 0
59626 0
60074 0
61347 0
61355 0
62928 0
63029 0
63115 0
63599 0
63829 0
63955 0
64000 0
64022 0
64582 0
64931 0
65258 0
65397 0
66039 0
66339 0
66587 0
67193 0
67481 0
67529 0
67801 0
68035 0
68811 0
68995 0
69843 0
70057 0
70894 0
71119 0
72134 0
72967 0
73667 0
73769 0
73938 0
73968 0
74796 0
75117 0
75341 0
75417 0
75761 0
75783 0
76327 0
76370 0
76525 0
77457 0
77984 0
78646 0
79058 0
79376 0
79600 0
80020 0
80579 0
81005 0
81222 0
81495 0
81997 0
83270 0
83880 0
84031 0
84389 0
84687 0
84747 0
85080 0
85186 0
85707 0
86174 0
86878 0
87748 0
88822 0
88867 0
89393 0
89779 0
90369 0
90877 0
90962 0
92971 0
92975 0
93426 0
93829 0
93938 0
94059 0
94096 0
94660 0
94814 0
94897 0
94992 0
95315 0
95364 0
96227 0
96275 0
97030 0
97172 0
97305 0
97457 0
97579 0
98533 0
98615 0
99458 0
