c This is a uniform distributed  1-D DIMACS file 
c width height point_number
p 100000 100000 256
94 0
1155 0
2254 0
2257 0
2980 0
3052 0
3827 0
4139 0
4309 0
4321 0
4940 0
5364 0
5544 0
6544 0
8169 0
8182 0
8920 0
9801 0
10168 0
10496 0
10522 0
10804 0
10916 0
12375 0
13130 0
13457 0
13576 0
14760 0
14919 0
15320 0
15500 0
15594 0
15853 0
15934 0
16283 0
16343 0
16488 0
16520 0
16570 0
17576 0
17864 0
17999 0
18418 0
19261 0
19575 0
19865 0
20023 0
20062 0
20236 0
20359 0
20565 0
20711 0
21685 0
21707 0
22299 0
23016 0
23049 0
24481 0
24621 0
25013 0
25152 0
25376 0
25527 0
26327 0
26538 0
27139 0
28419 0
28584 0
29248 0
29330 0
29412 0
29496 0
29551 0
29714 0
30779 0
30785 0
31111 0
31779 0
31836 0
32920 0
33409 0
35744 0
35808 0
35947 0
36937 0
37143 0
37488 0
37627 0
38498 0
38866 0
39206 0
39285 0
39372 0
39984 0
40164 0
40547 0
40654 0
40696 0
40822 0
41010 0
41022 0
41224 0
41495 0
41594 0
42071 0
42194 0
42371 0
43051 0
43059 0
43108 0
44313 0
44462 0
44990 0
46271 0
46377 0
46381 0
46688 0
46729 0
46999 0
47180 0
47426 0
48053 0
48379 0
49029 0
49116 0
49629 0
50441 0
50556 0
52491 0
52621 0
52705 0
53011 0
53176 0
53276 0
53698 0
54419 0
55082 0
55208 0
55213 0
55948 0
56415 0
57074 0
57168 0
57316 0
58435 0
58473 0
58667 0
58791 0
58913 0
59157 0
59559 0
59660 0
59665 0
59666 0
59835 0
59848 0
60059 0
61197 0
61239 0
61331 0
61535 0
62186 0
62395 0
63209 0
63592 0
63610 0
64163 0
65168 0
65426 0
65440 0
65491 0
65573 0
65653 0
67021 0
67203 0
67969 0
67978 0
68193 0
68499 0
68502 0
69731 0
69930 0
70005 0
70111 0
70298 0
70681 0
70774 0
71291 0
71702 0
71843 0
72291 0
72777 0
73266 0
73455 0
73589 0
74217 0
74356 0
75349 0
76376 0
76394 0
76809 0
76967 0
77538 0
78437 0
79300 0
79452 0
79905 0
79955 0
80271 0
80695 0
80906 0
81219 0
81435 0
81447 0
81539 0
81572 0
81597 0
82774 0
82991 0
83242 0
83564 0
83939 0
84413 0
84649 0
86486 0
87229 0
87418 0
87521 0
87531 0
88337 0
88470 0
88908 0
89095 0
89352 0
89481 0
89703 0
91333 0
91348 0
91891 0
92061 0
92135 0
92395 0
92557 0
92789 0
92993 0
94781 0
95005 0
95216 0
95403 0
95732 0
96314 0
96425 0
97234 0
98275 0
99043 0
99601 0
