c This is a uniform distributed  1-D DIMACS file 
c width height point_number
p 100000 100000 256
1103 0
1415 0
2185 0
2693 0
2805 0
2859 0
3256 0
3879 0
4241 0
4264 0
4745 0
4850 0
5777 0
6459 0
6483 0
6555 0
6658 0
6807 0
6935 0
7338 0
7603 0
7777 0
7787 0
8563 0
8847 0
9746 0
9945 0
10275 0
11542 0
11661 0
12293 0
13339 0
14330 0
14752 0
15363 0
15509 0
15585 0
15606 0
15673 0
15733 0
16319 0
16888 0
17277 0
18324 0
18412 0
18619 0
19379 0
19408 0
20511 0
20624 0
20699 0
20915 0
21102 0
21295 0
21645 0
21649 0
22087 0
22289 0
22737 0
23290 0
23816 0
24618 0
25211 0
25932 0
26388 0
26434 0
27041 0
27778 0
28039 0
28046 0
28959 0
29459 0
30642 0
30956 0
31583 0
31655 0
32622 0
33280 0
34164 0
34428 0
34449 0
34580 0
34752 0
35023 0
35387 0
35431 0
35591 0
36089 0
36263 0
37135 0
37861 0
37998 0
39128 0
39355 0
39841 0
39896 0
39977 0
40011 0
40827 0
41058 0
42735 0
43102 0
43170 0
44541 0
44652 0
45074 0
45962 0
46452 0
46754 0
46757 0
47040 0
47079 0
47448 0
47600 0
47615 0
47648 0
47788 0
48287 0
50500 0
50657 0
51338 0
51370 0
51466 0
51827 0
51864 0
52438 0
52553 0
53140 0
53153 0
53160 0
53305 0
53692 0
53971 0
54052 0
54178 0
54646 0
55489 0
55625 0
56181 0
56249 0
56680 0
56794 0
56957 0
57016 0
57069 0
57201 0
57986 0
59308 0
60262 0
61162 0
62448 0
63166 0
63193 0
63835 0
64360 0
64563 0
65020 0
65169 0
65193 0
65762 0
66341 0
67406 0
67776 0
67956 0
68372 0
68672 0
68693 0
70019 0
70139 0
70228 0
70633 0
70750 0
70947 0
71228 0
71362 0
71381 0
71515 0
72647 0
73139 0
73913 0
73999 0
74020 0
74070 0
74352 0
74396 0
75128 0
75143 0
75836 0
75851 0
76298 0
76532 0
77154 0
77285 0
77424 0
77612 0
77816 0
78262 0
78547 0
79120 0
79440 0
79603 0
79764 0
80886 0
81261 0
81794 0
82273 0
82640 0
82664 0
82795 0
82854 0
83088 0
83251 0
83292 0
83536 0
83901 0
84086 0
84314 0
84315 0
84707 0
85116 0
85992 0
86287 0
86807 0
87063 0
87609 0
87721 0
87860 0
88318 0
88667 0
88689 0
89227 0
89253 0
89962 0
90242 0
91294 0
92282 0
92339 0
92400 0
92552 0
93139 0
93178 0
93292 0
94169 0
94220 0
94396 0
94425 0
95755 0
96067 0
96876 0
96907 0
96981 0
97383 0
97953 0
98112 0
99568 0
99686 0
