c This is a uniform distributed  1-D DIMACS file 
c width height point_number
p 100000 100000 256
647 0
1069 0
1072 0
2018 0
2671 0
2794 0
3646 0
4041 0
4243 0
4660 0
5024 0
5320 0
5403 0
5935 0
6652 0
6724 0
6813 0
6998 0
7208 0
7370 0
8349 0
8424 0
8999 0
9395 0
9530 0
10547 0
11314 0
11506 0
11664 0
11943 0
12063 0
12568 0
13359 0
13986 0
14288 0
14543 0
14650 0
15144 0
15612 0
15653 0
15923 0
19364 0
19580 0
20356 0
22345 0
22598 0
22697 0
22919 0
23037 0
23881 0
24070 0
24209 0
24761 0
25355 0
25709 0
26056 0
26177 0
26347 0
26762 0
27017 0
27925 0
28082 0
28255 0
29552 0
29907 0
30487 0
30547 0
30619 0
31445 0
32431 0
33115 0
33221 0
34078 0
34404 0
34471 0
34588 0
34624 0
35169 0
35679 0
36542 0
36823 0
37264 0
38896 0
39227 0
39419 0
39431 0
39645 0
39695 0
41270 0
41282 0
41520 0
41573 0
42160 0
42327 0
42630 0
43149 0
43191 0
43456 0
43839 0
44605 0
44640 0
45934 0
46379 0
46473 0
46726 0
47320 0
47746 0
48408 0
49513 0
49526 0
49543 0
49761 0
50894 0
51567 0
52218 0
52410 0
52902 0
53692 0
53795 0
53898 0
54247 0
54257 0
54455 0
55085 0
55125 0
55145 0
55436 0
55466 0
55783 0
56552 0
57296 0
58496 0
59063 0
59585 0
60107 0
60251 0
60378 0
60490 0
61324 0
61964 0
62205 0
62459 0
62633 0
63608 0
63614 0
64328 0
64349 0
65016 0
65204 0
65305 0
65703 0
65790 0
66439 0
66561 0
66718 0
66937 0
67714 0
67766 0
68265 0
68425 0
68607 0
69339 0
69551 0
70180 0
70875 0
71208 0
71223 0
71947 0
72279 0
73190 0
73807 0
74123 0
74129 0
74407 0
74965 0
75323 0
75450 0
75704 0
76695 0
76868 0
76965 0
77352 0
77430 0
77432 0
77568 0
77640 0
77657 0
77762 0
79320 0
79614 0
79623 0
79733 0
79948 0
80235 0
80681 0
80994 0
81794 0
82108 0
82277 0
82642 0
82862 0
83442 0
83524 0
83808 0
84992 0
85450 0
85563 0
86060 0
86935 0
87054 0
87191 0
87625 0
88109 0
88332 0
88716 0
88836 0
89343 0
89373 0
89389 0
90061 0
90259 0
90501 0
90588 0
91066 0
91231 0
91460 0
91594 0
91742 0
91762 0
92485 0
93045 0
93063 0
93620 0
93675 0
93832 0
94005 0
94518 0
94535 0
94808 0
95596 0
95771 0
96473 0
96613 0
96718 0
96729 0
96778 0
96931 0
97407 0
97692 0
97706 0
97717 0
98573 0
98853 0
99084 0
99588 0
99738 0
