c This is a uniform distributed  1-D DIMACS file 
c width height point_number
p 100000 100000 256
120 0
203 0
413 0
958 0
1336 0
1638 0
1992 0
2186 0
2701 0
3294 0
3663 0
3791 0
3878 0
4125 0
4410 0
4955 0
5424 0
6201 0
6464 0
6544 0
7163 0
8058 0
9467 0
10841 0
12022 0
12130 0
12372 0
13106 0
13487 0
13596 0
13616 0
13620 0
14057 0
14312 0
15302 0
15695 0
16056 0
16169 0
16257 0
16359 0
16409 0
16641 0
16809 0
16890 0
17159 0
17388 0
17438 0
17484 0
18044 0
18397 0
19114 0
19374 0
19756 0
20489 0
20519 0
22560 0
22781 0
23445 0
23630 0
23933 0
23992 0
24276 0
24501 0
24673 0
25534 0
27149 0
27427 0
27942 0
27997 0
28841 0
29368 0
29591 0
29735 0
29738 0
30015 0
30255 0
30262 0
30547 0
30728 0
30734 0
31047 0
31640 0
32261 0
32611 0
33034 0
33832 0
33951 0
34145 0
34530 0
34535 0
34600 0
35654 0
35668 0
35681 0
35792 0
36222 0
37326 0
37596 0
38267 0
38511 0
38817 0
39073 0
39088 0
39469 0
39508 0
39675 0
42170 0
43178 0
43630 0
43740 0
43981 0
45060 0
45345 0
45369 0
45796 0
46510 0
46647 0
47047 0
47194 0
47277 0
47634 0
48450 0
48798 0
50155 0
50379 0
51103 0
51682 0
51945 0
52883 0
53211 0
53585 0
53892 0
53972 0
54070 0
54385 0
54845 0
54867 0
55047 0
55702 0
58445 0
58471 0
59288 0
59853 0
59896 0
60145 0
60212 0
62309 0
62616 0
62629 0
62984 0
63039 0
63076 0
63672 0
64079 0
64296 0
64938 0
65597 0
67794 0
68260 0
68591 0
68769 0
69189 0
69212 0
69346 0
69553 0
70301 0
70339 0
70480 0
70966 0
70999 0
71213 0
71263 0
71898 0
72376 0
73384 0
73629 0
74738 0
74838 0
75037 0
75714 0
75739 0
75783 0
76346 0
76659 0
76853 0
77005 0
77197 0
77305 0
77419 0
77444 0
77469 0
78339 0
78847 0
78867 0
80013 0
80368 0
80397 0
80917 0
81728 0
82590 0
82795 0
83237 0
83585 0
83658 0
84295 0
84717 0
85282 0
85319 0
86418 0
86897 0
86932 0
86955 0
87116 0
87441 0
87596 0
88065 0
88464 0
88500 0
88531 0
88679 0
88945 0
89166 0
89261 0
89550 0
89687 0
90222 0
90497 0
91831 0
91851 0
91892 0
92061 0
92454 0
92859 0
93586 0
93614 0
93804 0
93927 0
94115 0
94157 0
94173 0
94198 0
94652 0
94774 0
94778 0
95818 0
96089 0
96784 0
96833 0
97036 0
97465 0
98841 0
98850 0
99008 0
99461 0
99506 0
99965 0
