c This is a uniform distributed  1-D DIMACS file 
c width height point_number
p 100000 100000 256
490 0
512 0
603 0
879 0
1223 0
2768 0
2957 0
3546 0
3635 0
4052 0
4092 0
4161 0
4498 0
4693 0
4774 0
5239 0
5333 0
5819 0
5824 0
5933 0
6450 0
6627 0
6720 0
7350 0
7407 0
7518 0
7787 0
8286 0
8343 0
9039 0
9408 0
9728 0
10049 0
10471 0
11072 0
11095 0
11307 0
12495 0
12617 0
12786 0
12961 0
13258 0
14923 0
15242 0
15983 0
16076 0
16556 0
16639 0
17111 0
17421 0
17680 0
17788 0
17816 0
17948 0
18587 0
19429 0
19773 0
20689 0
21458 0
21635 0
21998 0
23034 0
23089 0
23450 0
23656 0
24893 0
24960 0
24981 0
25115 0
25206 0
25830 0
26110 0
26216 0
26302 0
27272 0
27540 0
27557 0
28008 0
28071 0
28413 0
29098 0
29210 0
30123 0
30452 0
30839 0
31399 0
31789 0
32266 0
32468 0
32637 0
32868 0
33363 0
33520 0
34021 0
34226 0
34362 0
35021 0
35405 0
35793 0
36025 0
36394 0
36589 0
37524 0
37967 0
38754 0
38932 0
39064 0
39616 0
39758 0
39773 0
40787 0
40905 0
40979 0
40993 0
41928 0
42249 0
42528 0
42580 0
43402 0
43869 0
44308 0
44517 0
44662 0
44853 0
45235 0
45557 0
45738 0
45953 0
47467 0
47672 0
48319 0
48837 0
48998 0
49056 0
49438 0
49795 0
49979 0
50096 0
50939 0
51012 0
51702 0
51788 0
52133 0
52270 0
52344 0
52367 0
52428 0
52831 0
53326 0
53452 0
54131 0
54703 0
54960 0
55019 0
55200 0
56384 0
56987 0
57112 0
57315 0
57611 0
57788 0
58076 0
58907 0
59037 0
59386 0
60005 0
60169 0
60204 0
60226 0
61140 0
61162 0
61286 0
61988 0
62090 0
62426 0
62903 0
63105 0
63773 0
64069 0
64188 0
64552 0
65676 0
67784 0
67861 0
68160 0
68185 0
69543 0
69734 0
69739 0
70190 0
70467 0
71219 0
71751 0
72175 0
72726 0
73406 0
73642 0
73840 0
75056 0
75064 0
75481 0
75522 0
76013 0
76026 0
76865 0
77031 0
77595 0
78381 0
78777 0
78849 0
79009 0
79821 0
80479 0
81831 0
82416 0
83263 0
83800 0
83961 0
84052 0
84191 0
84269 0
84394 0
84535 0
85383 0
85528 0
85873 0
85933 0
86590 0
87008 0
87539 0
87760 0
87770 0
87912 0
88470 0
88878 0
88967 0
89540 0
89845 0
90326 0
90328 0
92118 0
92134 0
93725 0
94408 0
94525 0
94704 0
94976 0
95002 0
95062 0
96351 0
96613 0
96636 0
96713 0
98711 0
99012 0
99664 0
