c This is a uniform distributed  1-D DIMACS file 
c width height point_number
p 100000 100000 256
61 0
352 0
697 0
770 0
1752 0
1800 0
1959 0
1980 0
3268 0
3365 0
3954 0
4514 0
4614 0
4687 0
4749 0
5425 0
5758 0
5840 0
6717 0
6847 0
7130 0
7201 0
8278 0
9773 0
10465 0
10701 0
10775 0
11015 0
12216 0
12646 0
13253 0
13315 0
13720 0
14420 0
14600 0
16139 0
16472 0
16520 0
16538 0
17381 0
17716 0
18050 0
18124 0
18247 0
18529 0
18584 0
19059 0
19101 0
19224 0
19549 0
19823 0
19898 0
20159 0
20218 0
20282 0
20326 0
21057 0
21457 0
21690 0
21714 0
21848 0
22475 0
22586 0
23004 0
23188 0
24027 0
24236 0
24822 0
24934 0
25757 0
25777 0
26079 0
26214 0
26231 0
26499 0
26512 0
27166 0
27259 0
27423 0
27945 0
28265 0
28596 0
29244 0
29355 0
29527 0
30253 0
30459 0
31209 0
31250 0
31613 0
31868 0
33413 0
33749 0
34450 0
34968 0
35515 0
35787 0
35814 0
37137 0
37301 0
37517 0
37575 0
37852 0
38428 0
39033 0
39199 0
39598 0
39852 0
39893 0
40112 0
40171 0
40196 0
40485 0
40945 0
41521 0
41527 0
41899 0
42242 0
43311 0
43860 0
43965 0
44486 0
45663 0
47854 0
47894 0
48208 0
48462 0
48673 0
48711 0
48908 0
48952 0
49238 0
49677 0
49938 0
50020 0
50534 0
51206 0
51497 0
51783 0
53114 0
53127 0
53305 0
53354 0
53523 0
53852 0
54175 0
54183 0
54737 0
54758 0
54964 0
55572 0
55654 0
55773 0
55902 0
56145 0
56230 0
56978 0
57532 0
58253 0
58439 0
58627 0
59176 0
59469 0
59847 0
62136 0
62229 0
62743 0
62776 0
63181 0
63356 0
64004 0
64685 0
65005 0
66211 0
66245 0
67170 0
67277 0
67880 0
68000 0
68341 0
68715 0
68947 0
69223 0
69626 0
70775 0
71152 0
71841 0
72332 0
72872 0
73383 0
73481 0
73774 0
73931 0
74822 0
75196 0
75302 0
75517 0
75558 0
76865 0
77255 0
77581 0
77868 0
78158 0
78214 0
78694 0
78758 0
78828 0
79491 0
80109 0
80861 0
80902 0
80992 0
81707 0
82030 0
82073 0
82193 0
82410 0
82458 0
82548 0
83156 0
83217 0
83528 0
83610 0
83677 0
83907 0
84516 0
84694 0
85011 0
85253 0
85501 0
87310 0
87758 0
87847 0
87917 0
89174 0
89369 0
90398 0
91654 0
92393 0
92521 0
92659 0
93605 0
93613 0
93907 0
97029 0
97162 0
97461 0
97490 0
97629 0
98514 0
98556 0
98562 0
98690 0
99205 0
99587 0
99736 0
