c This is a uniform distributed  1-D DIMACS file 
c width height point_number
p 100000 100000 256
377 0
1125 0
1286 0
1676 0
1972 0
2383 0
2751 0
3175 0
3483 0
3883 0
4088 0
4108 0
5445 0
5611 0
8021 0
8342 0
8457 0
8621 0
9152 0
9950 0
10091 0
10195 0
10405 0
10605 0
10874 0
11324 0
12617 0
13105 0
14088 0
14793 0
14801 0
15242 0
15400 0
15559 0
15783 0
16150 0
16361 0
17184 0
17378 0
17688 0
17747 0
17950 0
19334 0
20007 0
20159 0
20454 0
20617 0
20772 0
21079 0
21433 0
22378 0
22648 0
22895 0
22982 0
23201 0
23599 0
23770 0
23959 0
24659 0
24815 0
24976 0
25857 0
26866 0
28435 0
28792 0
28911 0
28970 0
29734 0
30054 0
30215 0
30443 0
30456 0
30483 0
32166 0
32171 0
32458 0
33572 0
34119 0
35093 0
37679 0
37947 0
38113 0
38182 0
38436 0
39012 0
39122 0
39599 0
39779 0
40467 0
40468 0
40562 0
41323 0
41326 0
41509 0
42343 0
42698 0
43468 0
43496 0
43499 0
43517 0
44125 0
45223 0
45247 0
45262 0
45270 0
45489 0
45498 0
45671 0
46680 0
46734 0
47331 0
48517 0
50254 0
50284 0
50741 0
51323 0
51460 0
51525 0
51774 0
51819 0
51903 0
52929 0
53537 0
53945 0
55623 0
55682 0
55989 0
56025 0
56277 0
56424 0
56654 0
57983 0
58306 0
58441 0
59088 0
59436 0
59437 0
59754 0
59882 0
60178 0
60470 0
60510 0
61141 0
62026 0
62102 0
62271 0
62335 0
62888 0
62967 0
62990 0
63483 0
64090 0
64427 0
64716 0
65022 0
65041 0
65067 0
65466 0
65650 0
65690 0
65780 0
65895 0
65956 0
66518 0
66889 0
66949 0
67290 0
67547 0
67699 0
67939 0
68073 0
68694 0
68757 0
68815 0
69217 0
69418 0
69499 0
69634 0
69778 0
69786 0
69834 0
69875 0
69937 0
70114 0
70693 0
70843 0
70851 0
71329 0
71407 0
71926 0
72472 0
73113 0
73377 0
74101 0
74102 0
74182 0
74751 0
75342 0
75383 0
75744 0
75862 0
76009 0
76404 0
76682 0
77218 0
77618 0
79171 0
79782 0
80633 0
81365 0
81539 0
82245 0
82724 0
82866 0
83429 0
83723 0
83905 0
84095 0
84439 0
84700 0
85520 0
85999 0
86512 0
86967 0
87041 0
87044 0
88256 0
88366 0
88433 0
88862 0
89089 0
89113 0
89262 0
90562 0
91554 0
93706 0
93751 0
93943 0
94315 0
94488 0
94866 0
95070 0
95257 0
96682 0
96974 0
97777 0
98035 0
98234 0
99107 0
99168 0
99194 0
99428 0
99475 0
99476 0
99495 0
99610 0
