c This is a uniform distributed  1-D DIMACS file 
c width height point_number
p 100000 100000 256
84 0
392 0
794 0
846 0
1107 0
1449 0
1594 0
2666 0
2855 0
3695 0
3807 0
3942 0
4008 0
4080 0
4172 0
5513 0
6069 0
6149 0
6495 0
7197 0
7289 0
7821 0
7977 0
9436 0
9446 0
9875 0
10196 0
11125 0
11181 0
11340 0
11591 0
11999 0
12117 0
12270 0
12480 0
12838 0
13447 0
13689 0
14172 0
14909 0
15221 0
15820 0
16347 0
16437 0
16552 0
16870 0
17471 0
17845 0
18118 0
18863 0
19957 0
20771 0
20988 0
21085 0
21444 0
21485 0
21555 0
21886 0
21946 0
22014 0
22980 0
23462 0
23670 0
24158 0
24254 0
24303 0
24530 0
24589 0
24862 0
25081 0
25307 0
25332 0
26137 0
26481 0
26884 0
27125 0
27422 0
27703 0
30157 0
30342 0
31062 0
31077 0
31249 0
31527 0
32566 0
33347 0
33848 0
34212 0
34304 0
34690 0
34765 0
34916 0
35520 0
35524 0
36781 0
38068 0
39063 0
39457 0
40320 0
40702 0
40931 0
41009 0
41118 0
41695 0
41749 0
41827 0
42809 0
43261 0
43825 0
44384 0
44763 0
44989 0
45947 0
45961 0
46103 0
46841 0
47445 0
48127 0
48398 0
48638 0
49048 0
49098 0
49319 0
49649 0
49804 0
50174 0
50396 0
50555 0
50632 0
51987 0
52199 0
53134 0
53223 0
53686 0
53702 0
53740 0
53821 0
54043 0
54241 0
54272 0
54693 0
55456 0
55977 0
56134 0
56176 0
56260 0
57226 0
57279 0
58078 0
58268 0
58395 0
58599 0
59301 0
59665 0
59873 0
60895 0
61177 0
62207 0
62347 0
62646 0
63517 0
64295 0
64573 0
64654 0
65728 0
65753 0
66388 0
67297 0
68151 0
68231 0
68252 0
68525 0
68580 0
70070 0
70267 0
70365 0
72302 0
72733 0
72821 0
72949 0
73037 0
73048 0
73131 0
73868 0
74298 0
74938 0
74986 0
75043 0
75516 0
75853 0
75931 0
76433 0
77090 0
77650 0
77689 0
77758 0
78233 0
78577 0
78765 0
78933 0
78945 0
79273 0
80290 0
80487 0
81133 0
81201 0
81462 0
82165 0
82180 0
82799 0
83943 0
83975 0
84060 0
84240 0
84440 0
84557 0
84839 0
85169 0
85254 0
85579 0
85669 0
86106 0
86452 0
86653 0
86831 0
87555 0
88063 0
88542 0
88582 0
88752 0
89132 0
89136 0
89184 0
89301 0
89437 0
90879 0
90962 0
91554 0
91666 0
91806 0
92479 0
93595 0
94102 0
94185 0
94487 0
94568 0
95209 0
96211 0
96888 0
97368 0
97522 0
97926 0
98834 0
99059 0
99332 0
99465 0
