c This is a uniform distributed  1-D DIMACS file 
c width height point_number
p 100000 100000 1024
91 0
102 0
146 0
148 0
171 0
192 0
376 0
424 0
448 0
695 0
698 0
904 0
1240 0
1302 0
1511 0
1589 0
1623 0
1711 0
1722 0
1725 0
1978 0
2060 0
2182 0
2185 0
2224 0
2382 0
2478 0
2554 0
2596 0
2639 0
2745 0
2760 0
2922 0
3041 0
3079 0
3583 0
3650 0
3714 0
3903 0
4182 0
4235 0
4398 0
4452 0
4802 0
4832 0
4861 0
4866 0
4902 0
5028 0
5176 0
5229 0
5863 0
5901 0
5961 0
6151 0
6419 0
6552 0
6969 0
7254 0
7318 0
7452 0
7584 0
7585 0
7857 0
8147 0
8165 0
8179 0
8267 0
8448 0
8659 0
8688 0
8808 0
8849 0
9111 0
9119 0
9212 0
9276 0
9431 0
9469 0
9723 0
9761 0
9825 0
9853 0
10174 0
10284 0
10292 0
10388 0
10459 0
10581 0
10586 0
10643 0
10826 0
10843 0
11080 0
11133 0
11195 0
11336 0
11736 0
11982 0
12003 0
12101 0
12283 0
12294 0
12396 0
12417 0
12479 0
12672 0
12727 0
12797 0
12920 0
12931 0
12944 0
12983 0
13018 0
13039 0
13094 0
13115 0
13147 0
13158 0
13336 0
13495 0
13624 0
13641 0
13729 0
13840 0
13887 0
14041 0
14137 0
14175 0
14314 0
14323 0
14436 0
14564 0
14594 0
14639 0
14670 0
14671 0
14719 0
14734 0
14889 0
14913 0
14956 0
15069 0
15282 0
15348 0
15399 0
15545 0
15639 0
15743 0
15863 0
15990 0
16094 0
16181 0
16189 0
16308 0
16362 0
16456 0
16582 0
16711 0
16779 0
16873 0
16878 0
16966 0
17104 0
17205 0
17286 0
17298 0
17328 0
17437 0
17519 0
17636 0
17729 0
17820 0
17841 0
17844 0
18256 0
18261 0
18342 0
18356 0
18368 0
18385 0
18470 0
18491 0
18588 0
18615 0
18798 0
18832 0
18854 0
18993 0
19214 0
19403 0
19754 0
19756 0
19793 0
19818 0
19847 0
20098 0
20128 0
20179 0
20183 0
20303 0
20389 0
20395 0
20397 0
20483 0
20494 0
20525 0
20726 0
20732 0
20902 0
21209 0
21226 0
21235 0
21345 0
21354 0
21482 0
21550 0
21554 0
21565 0
21574 0
21586 0
21696 0
21760 0
21881 0
21957 0
21960 0
22274 0
22300 0
22469 0
22589 0
22645 0
22659 0
22685 0
22790 0
22835 0
22854 0
22902 0
22978 0
23005 0
23113 0
23136 0
23215 0
23275 0
23319 0
23466 0
23510 0
23621 0
23800 0
23984 0
24076 0
24089 0
24107 0
24137 0
24367 0
24425 0
24434 0
24455 0
24835 0
24872 0
24888 0
24915 0
24961 0
24982 0
24983 0
25192 0
25265 0
25307 0
25324 0
25426 0
25435 0
25438 0
25608 0
25747 0
25757 0
25798 0
25805 0
26131 0
26387 0
26472 0
26487 0
26562 0
26580 0
26583 0
26633 0
26763 0
26859 0
26971 0
27045 0
27154 0
27279 0
27317 0
27843 0
27899 0
28192 0
28572 0
28745 0
29196 0
29280 0
29313 0
29585 0
29709 0
29750 0
29899 0
30114 0
30190 0
30230 0
30300 0
30388 0
30462 0
30465 0
30479 0
30528 0
30682 0
30684 0
30744 0
30749 0
30791 0
31024 0
31136 0
31171 0
31230 0
31298 0
31392 0
31418 0
31438 0
31544 0
31639 0
31688 0
31854 0
31864 0
31979 0
32018 0
32075 0
32206 0
32507 0
32651 0
32722 0
32986 0
33039 0
33196 0
33694 0
33922 0
33983 0
34022 0
34258 0
34285 0
34389 0
34572 0
34684 0
34885 0
34963 0
35019 0
35022 0
35057 0
35193 0
35254 0
35311 0
35580 0
35740 0
35755 0
35764 0
35792 0
35907 0
36086 0
36146 0
36455 0
36484 0
36524 0
36649 0
36658 0
36671 0
36944 0
37002 0
37025 0
37205 0
37223 0
37248 0
37306 0
37314 0
37370 0
37414 0
37667 0
37707 0
37742 0
37783 0
37788 0
37867 0
38095 0
38228 0
38312 0
38340 0
38524 0
38678 0
38728 0
38733 0
38846 0
39078 0
39102 0
39190 0
39348 0
39401 0
39703 0
39722 0
39884 0
39889 0
39892 0
39977 0
40023 0
40125 0
40270 0
40421 0
40569 0
40613 0
40634 0
40646 0
40668 0
40716 0
40755 0
40837 0
40965 0
41022 0
41583 0
41596 0
41597 0
41747 0
41748 0
41844 0
41946 0
41998 0
42236 0
42384 0
42441 0
42464 0
42469 0
42586 0
42640 0
42644 0
42789 0
42886 0
42893 0
42942 0
42960 0
43240 0
43341 0
43349 0
43355 0
43426 0
43431 0
43433 0
43456 0
43758 0
43900 0
44090 0
44096 0
44150 0
44213 0
44239 0
44322 0
44333 0
44550 0
44561 0
44655 0
44693 0
44709 0
44760 0
44787 0
44907 0
45140 0
45147 0
45252 0
45335 0
45343 0
45376 0
45405 0
45446 0
45527 0
45555 0
45698 0
46062 0
46129 0
46150 0
46200 0
46216 0
46303 0
46371 0
46377 0
46445 0
46490 0
46525 0
46556 0
46558 0
46833 0
46878 0
47051 0
47092 0
47297 0
47299 0
47341 0
47451 0
47676 0
47758 0
47989 0
48070 0
48108 0
48231 0
48235 0
48294 0
48409 0
48438 0
48660 0
48679 0
48942 0
49005 0
49020 0
49028 0
49072 0
49136 0
49263 0
49265 0
49366 0
49377 0
49620 0
49629 0
49647 0
49820 0
49832 0
49916 0
49945 0
50070 0
50255 0
50343 0
50365 0
50377 0
50499 0
50536 0
50621 0
50688 0
50968 0
50995 0
51041 0
51174 0
51211 0
51219 0
51482 0
51586 0
51599 0
51632 0
51884 0
51925 0
51953 0
52049 0
52202 0
52225 0
52297 0
52321 0
52632 0
52869 0
53001 0
53092 0
53111 0
53162 0
53233 0
53294 0
53344 0
53408 0
53464 0
53528 0
53611 0
53652 0
53750 0
53889 0
53987 0
54109 0
54304 0
54531 0
54605 0
54676 0
54727 0
55272 0
55322 0
55410 0
55422 0
55597 0
55731 0
55809 0
55833 0
55893 0
55919 0
56132 0
56412 0
56595 0
56808 0
56851 0
56939 0
57176 0
57245 0
57308 0
57461 0
57516 0
57533 0
57653 0
57654 0
57662 0
57725 0
57758 0
57867 0
58543 0
58690 0
58737 0
58801 0
58890 0
58941 0
59112 0
59127 0
59204 0
59318 0
59467 0
59580 0
59618 0
59709 0
59737 0
59755 0
59802 0
59872 0
59992 0
60148 0
60173 0
60421 0
60473 0
60474 0
60502 0
60544 0
60689 0
60709 0
60781 0
60802 0
60945 0
61247 0
61475 0
61629 0
61736 0
61752 0
61880 0
61893 0
61948 0
62305 0
62309 0
62327 0
62450 0
62524 0
62769 0
62838 0
62943 0
62947 0
63539 0
63667 0
63845 0
64206 0
64272 0
64325 0
64360 0
64597 0
64607 0
64703 0
64718 0
64722 0
64898 0
64964 0
65127 0
65211 0
65512 0
65563 0
65677 0
65861 0
65911 0
66160 0
66170 0
66202 0
66253 0
66400 0
66460 0
66622 0
66638 0
66734 0
66828 0
66878 0
67149 0
67207 0
67451 0
67484 0
67492 0
67493 0
67853 0
67881 0
68012 0
68025 0
68439 0
68461 0
68524 0
68744 0
68789 0
68809 0
68823 0
68867 0
69360 0
69512 0
69536 0
69573 0
69612 0
69652 0
69690 0
69737 0
69819 0
69822 0
69858 0
69893 0
69980 0
70006 0
70039 0
70113 0
70303 0
70337 0
70359 0
70374 0
70747 0
70845 0
70857 0
70906 0
71065 0
71079 0
71312 0
71367 0
71389 0
71447 0
71523 0
71938 0
72262 0
72696 0
72799 0
72844 0
72889 0
73359 0
73394 0
73447 0
73675 0
73779 0
73912 0
74123 0
74173 0
74176 0
74356 0
74522 0
74535 0
74571 0
74605 0
74726 0
74732 0
74793 0
74817 0
74987 0
75096 0
75245 0
75663 0
75963 0
76337 0
76471 0
76581 0
76674 0
76778 0
76981 0
77054 0
77110 0
77243 0
77316 0
77562 0
77628 0
77698 0
77937 0
77939 0
78098 0
78110 0
78153 0
78167 0
78203 0
78430 0
78435 0
78524 0
78635 0
78773 0
78860 0
78912 0
78966 0
79161 0
79213 0
79285 0
79533 0
79616 0
79627 0
79856 0
80169 0
80175 0
80310 0
80350 0
80385 0
80433 0
80694 0
80702 0
80707 0
80767 0
80821 0
80848 0
80921 0
80945 0
81018 0
81227 0
81233 0
81243 0
81409 0
81504 0
81579 0
81666 0
81804 0
81834 0
81994 0
82005 0
82039 0
82195 0
82204 0
82222 0
82251 0
82302 0
82371 0
82417 0
82470 0
82475 0
82517 0
82545 0
82575 0
82773 0
82803 0
82883 0
82995 0
83090 0
83101 0
83199 0
83299 0
83346 0
83538 0
83653 0
83802 0
83988 0
84053 0
84077 0
84087 0
84111 0
84244 0
84497 0
84693 0
84792 0
84993 0
85120 0
85147 0
85229 0
85649 0
85763 0
85776 0
85858 0
85993 0
86012 0
86079 0
86097 0
86358 0
86674 0
86844 0
86898 0
86984 0
87019 0
87080 0
87166 0
87184 0
87399 0
87444 0
87449 0
87700 0
87743 0
88167 0
88301 0
88334 0
88421 0
88519 0
88645 0
88867 0
88982 0
88992 0
89012 0
89020 0
89203 0
89223 0
89508 0
89584 0
89594 0
89715 0
89847 0
89858 0
90135 0
90269 0
90331 0
90415 0
90511 0
90513 0
90569 0
90588 0
90819 0
90930 0
90991 0
90996 0
91016 0
91063 0
91077 0
91097 0
91163 0
91183 0
91222 0
91366 0
91492 0
91501 0
91582 0
91584 0
91730 0
91889 0
91945 0
91971 0
91988 0
91998 0
92023 0
92124 0
92160 0
92254 0
92346 0
92453 0
92486 0
92501 0
92549 0
92573 0
92670 0
92766 0
92925 0
92952 0
92957 0
93054 0
93102 0
93166 0
93362 0
93543 0
93614 0
93664 0
93802 0
93817 0
93957 0
93965 0
94010 0
94052 0
94279 0
94300 0
94340 0
94365 0
94425 0
94473 0
94575 0
94590 0
94616 0
94763 0
94791 0
94792 0
94865 0
94983 0
95058 0
95223 0
95296 0
95374 0
95509 0
95724 0
96020 0
96054 0
96098 0
96286 0
96443 0
96519 0
96732 0
96891 0
96968 0
97052 0
97105 0
97215 0
97468 0
97717 0
97758 0
97965 0
97975 0
98083 0
98108 0
98156 0
98160 0
98353 0
98388 0
98464 0
98515 0
98549 0
98588 0
98916 0
99111 0
99234 0
99338 0
99382 0
99396 0
99440 0
99498 0
99546 0
99579 0
99806 0
99821 0
99822 0
99982 0
99998 0
