c This is a uniform distributed  1-D DIMACS file 
c width height point_number
p 100000 100000 1024
48 0
115 0
116 0
122 0
136 0
226 0
310 0
407 0
441 0
609 0
903 0
1044 0
1104 0
1128 0
1366 0
1402 0
1461 0
1480 0
1583 0
2070 0
2163 0
2178 0
2187 0
2231 0
2515 0
2562 0
2610 0
2627 0
2692 0
2701 0
2876 0
2928 0
2936 0
2961 0
3010 0
3049 0
3123 0
3180 0
3277 0
3360 0
3429 0
3439 0
3447 0
3481 0
3525 0
3655 0
3673 0
3810 0
3929 0
4119 0
4144 0
4154 0
4189 0
4246 0
4746 0
4751 0
4841 0
4848 0
4855 0
5128 0
5190 0
5327 0
5369 0
5487 0
5594 0
5723 0
5731 0
5759 0
5762 0
5763 0
5854 0
5862 0
5895 0
5920 0
5925 0
6019 0
6064 0
6067 0
6226 0
6273 0
6488 0
6677 0
6833 0
6842 0
6949 0
7240 0
7440 0
7446 0
7459 0
7471 0
7529 0
7538 0
7692 0
7833 0
7839 0
7880 0
8003 0
8072 0
8133 0
8339 0
8374 0
8552 0
8656 0
8675 0
8677 0
8804 0
8806 0
8838 0
9042 0
9124 0
9479 0
9513 0
9614 0
9713 0
9763 0
9831 0
10130 0
10147 0
10203 0
10205 0
10523 0
10619 0
10646 0
10838 0
10854 0
10965 0
11125 0
11307 0
11351 0
11456 0
11490 0
11491 0
11531 0
11659 0
11697 0
11739 0
11787 0
11793 0
11943 0
11969 0
12136 0
12254 0
12421 0
12441 0
12534 0
12579 0
12716 0
12744 0
13221 0
13418 0
13476 0
13850 0
13888 0
13945 0
14035 0
14235 0
14260 0
14264 0
14633 0
14716 0
14792 0
14797 0
14957 0
15011 0
15191 0
15262 0
15314 0
15320 0
15351 0
15418 0
15579 0
15624 0
15669 0
15684 0
15710 0
15857 0
15894 0
16148 0
16246 0
16249 0
16270 0
16407 0
16573 0
16803 0
16825 0
17013 0
17039 0
17081 0
17225 0
17236 0
17257 0
17316 0
17449 0
17555 0
17625 0
17697 0
17738 0
17808 0
17941 0
17998 0
18237 0
18410 0
18622 0
18752 0
19008 0
19009 0
19015 0
19112 0
19259 0
19280 0
19347 0
19354 0
19357 0
19618 0
19819 0
19833 0
19861 0
19891 0
20017 0
20060 0
20091 0
20127 0
20191 0
20236 0
20258 0
20386 0
20594 0
20689 0
20720 0
20737 0
20778 0
20783 0
20789 0
20861 0
20946 0
20980 0
21191 0
21357 0
21445 0
21509 0
21578 0
21622 0
21650 0
21717 0
22093 0
22199 0
22354 0
22470 0
22645 0
22683 0
22731 0
22780 0
22953 0
23116 0
23163 0
23251 0
23348 0
23463 0
23484 0
23529 0
23557 0
23820 0
23830 0
23847 0
23982 0
23995 0
24169 0
24461 0
24466 0
24472 0
24479 0
24684 0
24726 0
24736 0
24901 0
25034 0
25061 0
25080 0
25294 0
25319 0
25479 0
25504 0
25585 0
25807 0
25810 0
25836 0
26131 0
26137 0
26187 0
26274 0
26429 0
26453 0
26503 0
26648 0
26907 0
26988 0
27123 0
27373 0
27378 0
27600 0
27717 0
27876 0
27952 0
28087 0
28176 0
28220 0
28348 0
28368 0
28544 0
28822 0
28855 0
28927 0
28975 0
29455 0
29772 0
29775 0
29795 0
29982 0
30111 0
30163 0
30390 0
30517 0
30571 0
30654 0
30665 0
30813 0
30896 0
30932 0
31004 0
31065 0
31079 0
31457 0
31539 0
31546 0
31590 0
31660 0
31661 0
31717 0
31934 0
32010 0
32114 0
32165 0
32221 0
32243 0
32249 0
32265 0
32390 0
32402 0
32435 0
32542 0
32626 0
32669 0
32676 0
32723 0
32822 0
32936 0
33000 0
33123 0
33164 0
33206 0
33253 0
33382 0
33421 0
33516 0
33606 0
33789 0
33922 0
33945 0
34110 0
34168 0
34179 0
34301 0
34331 0
34361 0
34375 0
34385 0
34724 0
34752 0
35000 0
35009 0
35476 0
35528 0
35553 0
35645 0
35694 0
35791 0
35815 0
35896 0
35909 0
35920 0
35999 0
36154 0
36333 0
36477 0
36537 0
36679 0
36809 0
36855 0
37143 0
37601 0
37693 0
37796 0
37807 0
37885 0
37914 0
38085 0
38390 0
38431 0
38567 0
38643 0
38895 0
38990 0
39039 0
39057 0
39060 0
39146 0
39201 0
39208 0
39380 0
39437 0
39523 0
39695 0
39794 0
39930 0
39949 0
40173 0
40244 0
40252 0
40284 0
40338 0
40385 0
40493 0
40515 0
40575 0
40627 0
40629 0
40829 0
40962 0
40971 0
41133 0
41269 0
41423 0
41482 0
41594 0
41616 0
41670 0
41748 0
41756 0
41780 0
41815 0
41846 0
41920 0
41988 0
42166 0
42182 0
42474 0
42475 0
42903 0
43019 0
43091 0
43133 0
43181 0
43197 0
43419 0
43429 0
43440 0
43485 0
43698 0
43756 0
43805 0
43846 0
43997 0
44083 0
44119 0
44524 0
44752 0
45080 0
45082 0
45132 0
45260 0
45362 0
45501 0
45565 0
45590 0
45656 0
45698 0
45767 0
45819 0
45847 0
45860 0
46039 0
46112 0
46141 0
46151 0
46870 0
47032 0
47042 0
47161 0
47180 0
47366 0
47493 0
47517 0
47537 0
47736 0
47832 0
47888 0
48050 0
48055 0
48058 0
48206 0
48424 0
48465 0
48502 0
48544 0
48780 0
49277 0
49374 0
49395 0
49467 0
49564 0
49643 0
49673 0
49931 0
50016 0
50035 0
50180 0
50306 0
50390 0
50450 0
50595 0
50624 0
50756 0
50758 0
50760 0
50815 0
50820 0
50824 0
51036 0
51265 0
51449 0
51458 0
51503 0
51517 0
51549 0
51616 0
51707 0
51737 0
51784 0
51921 0
51950 0
51982 0
52028 0
52164 0
52411 0
52418 0
52613 0
52836 0
52911 0
53078 0
53213 0
53299 0
53347 0
53381 0
53455 0
53505 0
53621 0
53770 0
54077 0
54083 0
54220 0
54256 0
54462 0
54470 0
54515 0
54822 0
54839 0
55012 0
55236 0
55464 0
55555 0
55685 0
55770 0
55853 0
55862 0
55963 0
56034 0
56101 0
56163 0
56455 0
56610 0
56903 0
56909 0
57106 0
57131 0
57160 0
57184 0
57191 0
57206 0
57223 0
57442 0
57555 0
57635 0
57726 0
57736 0
57783 0
57902 0
58124 0
58243 0
58477 0
58577 0
58591 0
58700 0
58734 0
58740 0
58815 0
58884 0
58923 0
58978 0
59141 0
59191 0
59240 0
59253 0
59349 0
59397 0
59430 0
59432 0
59487 0
59745 0
59788 0
59856 0
59993 0
60086 0
60190 0
60242 0
60343 0
60382 0
60600 0
60692 0
60755 0
61013 0
61058 0
61172 0
61182 0
61192 0
61313 0
61375 0
61380 0
61423 0
61497 0
61690 0
61746 0
61814 0
61822 0
61909 0
62032 0
62080 0
62096 0
62247 0
62290 0
62326 0
62403 0
62568 0
62888 0
62926 0
63342 0
63562 0
63735 0
63789 0
63819 0
63821 0
63973 0
64034 0
64057 0
64070 0
64242 0
64247 0
64312 0
64317 0
64384 0
64454 0
64546 0
64608 0
64688 0
64895 0
65111 0
65274 0
65341 0
65346 0
65378 0
65380 0
65475 0
65589 0
66155 0
66179 0
66180 0
66201 0
66376 0
66445 0
66499 0
66740 0
66761 0
66972 0
67022 0
67122 0
67134 0
67226 0
67247 0
67353 0
67355 0
67399 0
67478 0
67516 0
67577 0
67692 0
67709 0
68056 0
68059 0
68060 0
68231 0
68269 0
68300 0
68343 0
68405 0
68463 0
68570 0
68717 0
68818 0
68898 0
69034 0
69077 0
69256 0
69260 0
69494 0
69508 0
69822 0
69862 0
69875 0
70155 0
70318 0
70361 0
70557 0
70611 0
70878 0
71102 0
71111 0
71119 0
71178 0
71343 0
71369 0
71414 0
71473 0
71480 0
71489 0
71527 0
71574 0
71736 0
72309 0
72358 0
72378 0
72510 0
72726 0
72861 0
72955 0
73000 0
73164 0
73245 0
73382 0
73384 0
73581 0
73836 0
73935 0
73992 0
74015 0
74160 0
74202 0
74288 0
74336 0
74371 0
74465 0
74586 0
74707 0
74767 0
74955 0
75122 0
75160 0
75538 0
75594 0
75660 0
75671 0
75788 0
76061 0
76077 0
76373 0
76439 0
76483 0
76493 0
76512 0
76526 0
76529 0
76744 0
76753 0
77099 0
77257 0
77322 0
77383 0
77410 0
77430 0
77454 0
77582 0
77659 0
77805 0
77826 0
77923 0
78173 0
78182 0
78311 0
78451 0
78516 0
78519 0
78689 0
78794 0
78849 0
78967 0
79099 0
79221 0
79307 0
79368 0
79460 0
79491 0
79498 0
79736 0
79750 0
79870 0
79997 0
80156 0
80161 0
80165 0
80197 0
80217 0
80281 0
80356 0
80443 0
80606 0
80947 0
81015 0
81033 0
81188 0
81213 0
81279 0
81296 0
81400 0
81555 0
81634 0
81780 0
81922 0
81934 0
82096 0
82133 0
82166 0
82361 0
82416 0
82468 0
82491 0
82649 0
82758 0
82841 0
82903 0
82951 0
83048 0
83393 0
83465 0
83578 0
83592 0
83607 0
83791 0
83861 0
83864 0
83872 0
84180 0
84204 0
84210 0
84274 0
84577 0
84754 0
85111 0
85183 0
85231 0
85308 0
85314 0
85597 0
86028 0
86124 0
86126 0
86226 0
86379 0
86454 0
86505 0
86676 0
86846 0
86848 0
86856 0
86959 0
87027 0
87083 0
87115 0
87209 0
87307 0
87707 0
87760 0
87810 0
88034 0
88361 0
88503 0
88522 0
88529 0
88595 0
88604 0
88619 0
88714 0
88749 0
88753 0
88984 0
89070 0
89090 0
89187 0
89203 0
89397 0
89403 0
89633 0
89645 0
89987 0
90017 0
90135 0
90242 0
90296 0
90305 0
90618 0
90691 0
90712 0
90832 0
90922 0
90987 0
91155 0
91275 0
91308 0
91444 0
91452 0
91609 0
91692 0
91824 0
91829 0
91839 0
91946 0
92291 0
92315 0
92325 0
92386 0
92411 0
92538 0
92608 0
92668 0
92817 0
92826 0
92834 0
93089 0
93215 0
93282 0
93422 0
93454 0
93482 0
93644 0
93652 0
93709 0
93722 0
93724 0
93745 0
93759 0
94109 0
94110 0
94141 0
94300 0
94504 0
95033 0
95085 0
95233 0
95379 0
95384 0
95390 0
95547 0
95710 0
95723 0
96010 0
96127 0
96140 0
96407 0
96517 0
96659 0
96705 0
96763 0
96880 0
96997 0
97077 0
97085 0
97607 0
97716 0
97760 0
97781 0
98399 0
98406 0
98450 0
98587 0
98656 0
98701 0
98778 0
98859 0
99129 0
99192 0
99274 0
99343 0
99406 0
99722 0
99723 0
99793 0
99987 0
