c This is a uniform distributed  1-D DIMACS file 
c width height point_number
p 100000 100000 1024
58 0
61 0
198 0
352 0
409 0
437 0
610 0
663 0
697 0
770 0
783 0
804 0
950 0
960 0
1038 0
1072 0
1208 0
1213 0
1451 0
1610 0
1663 0
1737 0
1752 0
1800 0
1857 0
1959 0
1980 0
2074 0
2158 0
2260 0
2262 0
2301 0
2343 0
2807 0
2979 0
2989 0
3268 0
3274 0
3365 0
3387 0
3844 0
3900 0
3954 0
4036 0
4041 0
4303 0
4391 0
4399 0
4463 0
4479 0
4514 0
4614 0
4617 0
4620 0
4687 0
4704 0
4749 0
4909 0
5016 0
5071 0
5128 0
5135 0
5153 0
5274 0
5299 0
5403 0
5425 0
5533 0
5676 0
5689 0
5758 0
5768 0
5840 0
5860 0
5907 0
6096 0
6155 0
6211 0
6348 0
6397 0
6596 0
6636 0
6702 0
6717 0
6725 0
6792 0
6847 0
7102 0
7130 0
7201 0
7314 0
7748 0
7901 0
8066 0
8278 0
8420 0
8487 0
8638 0
8737 0
8762 0
9020 0
9036 0
9181 0
9243 0
9399 0
9573 0
9609 0
9657 0
9664 0
9766 0
9773 0
9797 0
10049 0
10064 0
10243 0
10412 0
10465 0
10639 0
10701 0
10770 0
10775 0
10800 0
10889 0
11015 0
11200 0
11208 0
11260 0
11462 0
11605 0
11733 0
11790 0
11820 0
11902 0
12074 0
12172 0
12211 0
12216 0
12433 0
12445 0
12515 0
12530 0
12595 0
12646 0
12725 0
12941 0
12992 0
13030 0
13064 0
13126 0
13224 0
13253 0
13281 0
13315 0
13421 0
13511 0
13686 0
13701 0
13720 0
13763 0
13919 0
14057 0
14315 0
14420 0
14422 0
14447 0
14472 0
14515 0
14600 0
14628 0
14933 0
15005 0
15118 0
15278 0
15322 0
15561 0
15672 0
15750 0
16139 0
16207 0
16254 0
16304 0
16403 0
16411 0
16472 0
16520 0
16538 0
16660 0
17163 0
17218 0
17381 0
17490 0
17576 0
17667 0
17716 0
17773 0
17943 0
17964 0
18050 0
18124 0
18168 0
18212 0
18247 0
18529 0
18584 0
18605 0
18768 0
19059 0
19101 0
19219 0
19224 0
19314 0
19532 0
19549 0
19823 0
19827 0
19898 0
19930 0
19933 0
20133 0
20158 0
20159 0
20218 0
20282 0
20305 0
20326 0
20690 0
20738 0
20784 0
20852 0
21030 0
21057 0
21163 0
21166 0
21457 0
21690 0
21706 0
21714 0
21744 0
21789 0
21848 0
22089 0
22092 0
22121 0
22165 0
22168 0
22189 0
22367 0
22371 0
22443 0
22475 0
22539 0
22545 0
22586 0
22650 0
22764 0
22951 0
23004 0
23096 0
23188 0
23229 0
23380 0
23542 0
23561 0
23596 0
23615 0
23879 0
23897 0
23988 0
24027 0
24116 0
24236 0
24370 0
24473 0
24532 0
24822 0
24927 0
24934 0
25400 0
25506 0
25510 0
25603 0
25757 0
25777 0
25805 0
25816 0
26079 0
26083 0
26132 0
26214 0
26231 0
26312 0
26338 0
26499 0
26512 0
26920 0
26971 0
27166 0
27242 0
27259 0
27302 0
27321 0
27354 0
27423 0
27645 0
27752 0
27925 0
27945 0
28084 0
28123 0
28129 0
28265 0
28339 0
28341 0
28359 0
28376 0
28596 0
28625 0
28855 0
29217 0
29244 0
29355 0
29475 0
29527 0
29628 0
29707 0
30131 0
30155 0
30253 0
30310 0
30343 0
30352 0
30397 0
30454 0
30459 0
30652 0
30682 0
30794 0
30811 0
30898 0
30996 0
31136 0
31209 0
31243 0
31250 0
31314 0
31330 0
31377 0
31613 0
31691 0
31744 0
31868 0
31896 0
31949 0
32065 0
32238 0
32341 0
32420 0
32511 0
32601 0
32621 0
32721 0
32880 0
33022 0
33040 0
33075 0
33107 0
33151 0
33226 0
33413 0
33458 0
33615 0
33670 0
33679 0
33749 0
33833 0
33843 0
34232 0
34450 0
34583 0
34584 0
34849 0
34968 0
34970 0
35013 0
35231 0
35495 0
35515 0
35527 0
35787 0
35814 0
35865 0
36098 0
36451 0
36497 0
36533 0
36693 0
36695 0
36711 0
36756 0
36873 0
36893 0
37096 0
37137 0
37183 0
37301 0
37479 0
37517 0
37575 0
37692 0
37852 0
38035 0
38037 0
38085 0
38200 0
38361 0
38376 0
38428 0
38800 0
38816 0
38885 0
38982 0
39026 0
39033 0
39101 0
39162 0
39199 0
39495 0
39598 0
39768 0
39852 0
39893 0
40112 0
40171 0
40196 0
40385 0
40430 0
40485 0
40559 0
40936 0
40945 0
41039 0
41272 0
41349 0
41428 0
41460 0
41461 0
41521 0
41525 0
41527 0
41539 0
41542 0
41583 0
41625 0
41899 0
41974 0
42020 0
42077 0
42094 0
42242 0
42438 0
42500 0
42561 0
43059 0
43080 0
43259 0
43311 0
43378 0
43763 0
43842 0
43860 0
43949 0
43965 0
44031 0
44058 0
44112 0
44136 0
44220 0
44486 0
44788 0
44796 0
45066 0
45126 0
45332 0
45467 0
45663 0
45946 0
46163 0
46233 0
46293 0
46349 0
46807 0
46844 0
46918 0
47452 0
47468 0
47675 0
47854 0
47894 0
47900 0
48208 0
48211 0
48230 0
48299 0
48340 0
48462 0
48536 0
48587 0
48673 0
48711 0
48802 0
48908 0
48938 0
48939 0
48952 0
49090 0
49164 0
49238 0
49347 0
49387 0
49502 0
49627 0
49677 0
49789 0
49834 0
49892 0
49938 0
50020 0
50098 0
50271 0
50390 0
50534 0
50764 0
50767 0
50914 0
51164 0
51170 0
51206 0
51497 0
51689 0
51765 0
51783 0
51834 0
51838 0
51916 0
52197 0
52199 0
52259 0
52510 0
52817 0
53051 0
53081 0
53114 0
53127 0
53305 0
53328 0
53354 0
53523 0
53776 0
53851 0
53852 0
53896 0
53969 0
54034 0
54175 0
54183 0
54244 0
54319 0
54437 0
54461 0
54546 0
54602 0
54624 0
54737 0
54758 0
54934 0
54964 0
54973 0
55176 0
55201 0
55274 0
55336 0
55572 0
55578 0
55654 0
55705 0
55771 0
55773 0
55902 0
55978 0
56091 0
56145 0
56159 0
56196 0
56230 0
56307 0
56329 0
56527 0
56535 0
56634 0
56694 0
56978 0
56995 0
57030 0
57164 0
57204 0
57327 0
57532 0
57576 0
57830 0
57882 0
58009 0
58253 0
58310 0
58382 0
58439 0
58479 0
58498 0
58627 0
58744 0
58828 0
58836 0
58920 0
59021 0
59117 0
59144 0
59176 0
59199 0
59262 0
59367 0
59378 0
59469 0
59513 0
59816 0
59847 0
60014 0
60107 0
60265 0
60316 0
60346 0
60580 0
60696 0
61285 0
61358 0
61549 0
61705 0
61829 0
61836 0
61849 0
61947 0
62136 0
62229 0
62361 0
62365 0
62418 0
62440 0
62629 0
62743 0
62776 0
62811 0
62814 0
62912 0
63080 0
63125 0
63181 0
63251 0
63257 0
63356 0
63554 0
63623 0
63626 0
64004 0
64035 0
64044 0
64058 0
64067 0
64179 0
64333 0
64390 0
64419 0
64601 0
64644 0
64680 0
64685 0
64926 0
65005 0
65149 0
65264 0
65444 0
65540 0
65760 0
65922 0
65930 0
66075 0
66164 0
66211 0
66245 0
66368 0
66478 0
66665 0
66725 0
66799 0
66961 0
67003 0
67037 0
67110 0
67115 0
67170 0
67222 0
67277 0
67366 0
67411 0
67416 0
67583 0
67851 0
67880 0
67921 0
67970 0
67971 0
68000 0
68166 0
68213 0
68341 0
68356 0
68715 0
68815 0
68883 0
68931 0
68947 0
69223 0
69248 0
69424 0
69558 0
69612 0
69626 0
69677 0
69697 0
69840 0
70065 0
70218 0
70302 0
70456 0
70743 0
70775 0
70782 0
70985 0
70994 0
70999 0
71152 0
71170 0
71188 0
71234 0
71259 0
71261 0
71343 0
71444 0
71467 0
71685 0
71734 0
71841 0
71902 0
71926 0
72047 0
72273 0
72276 0
72332 0
72445 0
72503 0
72872 0
72975 0
73289 0
73314 0
73383 0
73418 0
73464 0
73481 0
73518 0
73607 0
73689 0
73692 0
73774 0
73825 0
73894 0
73924 0
73931 0
74213 0
74544 0
74822 0
75196 0
75280 0
75302 0
75309 0
75422 0
75517 0
75558 0
75894 0
75938 0
76169 0
76401 0
76512 0
76624 0
76740 0
76865 0
76890 0
77255 0
77363 0
77510 0
77581 0
77868 0
77949 0
78035 0
78158 0
78214 0
78357 0
78377 0
78660 0
78694 0
78758 0
78828 0
78893 0
78996 0
79065 0
79066 0
79130 0
79133 0
79179 0
79222 0
79246 0
79491 0
79729 0
79819 0
80019 0
80109 0
80200 0
80257 0
80326 0
80499 0
80753 0
80852 0
80861 0
80902 0
80992 0
80995 0
81066 0
81148 0
81235 0
81515 0
81623 0
81672 0
81707 0
82030 0
82073 0
82193 0
82208 0
82410 0
82420 0
82458 0
82548 0
82663 0
82817 0
82959 0
83017 0
83120 0
83130 0
83156 0
83199 0
83217 0
83236 0
83312 0
83383 0
83433 0
83528 0
83532 0
83587 0
83610 0
83634 0
83677 0
83760 0
83905 0
83907 0
84330 0
84433 0
84516 0
84678 0
84694 0
84723 0
84903 0
85011 0
85025 0
85253 0
85268 0
85428 0
85440 0
85480 0
85501 0
85525 0
85576 0
85969 0
85981 0
86032 0
86133 0
86313 0
86346 0
86447 0
86616 0
86657 0
86736 0
86806 0
87085 0
87153 0
87157 0
87310 0
87390 0
87508 0
87610 0
87758 0
87847 0
87917 0
87975 0
88018 0
88068 0
88071 0
88134 0
88159 0
88161 0
88442 0
88556 0
88564 0
88566 0
88761 0
88773 0
89027 0
89174 0
89303 0
89369 0
89533 0
89685 0
89702 0
89755 0
89949 0
90046 0
90398 0
90460 0
90519 0
90696 0
90712 0
90795 0
91002 0
91215 0
91306 0
91643 0
91654 0
91658 0
91682 0
92091 0
92393 0
92429 0
92521 0
92659 0
92746 0
93160 0
93378 0
93482 0
93505 0
93605 0
93613 0
93857 0
93907 0
94077 0
94332 0
94385 0
94437 0
94457 0
94984 0
95242 0
95309 0
95407 0
95421 0
95431 0
95849 0
96085 0
96272 0
96351 0
96407 0
96410 0
96443 0
96797 0
96808 0
96812 0
97029 0
97128 0
97146 0
97162 0
97216 0
97277 0
97301 0
97461 0
97490 0
97520 0
97609 0
97629 0
97836 0
97995 0
98252 0
98464 0
98514 0
98530 0
98556 0
98562 0
98690 0
98824 0
98857 0
98982 0
99205 0
99338 0
99376 0
99515 0
99574 0
99587 0
99596 0
99671 0
99675 0
99736 0
99802 0
99909 0
