c This is a uniform distributed  1-D DIMACS file 
c width height point_number
p 100000 100000 1024
20 0
134 0
152 0
197 0
220 0
290 0
397 0
460 0
686 0
894 0
900 0
1198 0
1380 0
1399 0
1409 0
1514 0
1534 0
1562 0
1656 0
1839 0
1900 0
1924 0
1993 0
2381 0
2412 0
2461 0
2624 0
2769 0
3146 0
3207 0
3319 0
3500 0
3555 0
3792 0
3929 0
3966 0
4125 0
4265 0
4326 0
4371 0
4460 0
4472 0
4539 0
4654 0
4712 0
4949 0
5106 0
5313 0
5345 0
5371 0
5391 0
5571 0
5700 0
5744 0
5785 0
5801 0
5967 0
5996 0
6001 0
6021 0
6049 0
6092 0
6115 0
6117 0
6141 0
6171 0
6278 0
6422 0
6481 0
6493 0
6566 0
6596 0
6613 0
6730 0
6778 0
6972 0
7034 0
7065 0
7092 0
7210 0
7231 0
7241 0
7248 0
7267 0
7627 0
7709 0
7859 0
8161 0
8277 0
8447 0
8494 0
8818 0
8875 0
9095 0
9217 0
9269 0
9374 0
9390 0
9436 0
9505 0
9668 0
9710 0
9766 0
9976 0
9986 0
10121 0
10162 0
10182 0
10191 0
10279 0
10490 0
10541 0
10904 0
10915 0
11038 0
11073 0
11276 0
11301 0
11514 0
11662 0
11683 0
11706 0
11725 0
11921 0
12000 0
12064 0
12083 0
12201 0
12251 0
12314 0
12486 0
12608 0
12668 0
12678 0
12768 0
12791 0
12808 0
13187 0
13239 0
13248 0
13327 0
13734 0
13862 0
13949 0
14264 0
14372 0
14444 0
14502 0
14541 0
14617 0
14650 0
14747 0
14760 0
14884 0
15207 0
15216 0
15228 0
15235 0
15448 0
15478 0
15580 0
15584 0
15714 0
15765 0
15855 0
15927 0
15980 0
16053 0
16159 0
16430 0
16470 0
16582 0
16686 0
16723 0
16749 0
16857 0
16863 0
17033 0
17141 0
17172 0
17202 0
17651 0
17712 0
17920 0
17946 0
18026 0
18039 0
18116 0
18150 0
18180 0
18386 0
18493 0
18525 0
18589 0
18631 0
18658 0
18848 0
18946 0
18976 0
18992 0
19068 0
19285 0
19310 0
19365 0
19557 0
19563 0
19584 0
19650 0
19671 0
19836 0
19842 0
20105 0
20224 0
20234 0
20353 0
20607 0
20659 0
20845 0
20920 0
21069 0
21085 0
21210 0
21258 0
21446 0
21464 0
21479 0
21505 0
21510 0
21852 0
21870 0
21922 0
21979 0
21992 0
22088 0
22345 0
22351 0
22565 0
22579 0
23125 0
23142 0
23177 0
23262 0
23455 0
23572 0
23605 0
23770 0
23902 0
24127 0
24291 0
24431 0
24610 0
25196 0
25264 0
25354 0
25363 0
25482 0
25501 0
25650 0
25742 0
25883 0
25909 0
26022 0
26028 0
26090 0
26159 0
26167 0
26196 0
26236 0
26260 0
26581 0
26669 0
26885 0
26950 0
27056 0
27058 0
27158 0
27410 0
27436 0
27473 0
27535 0
27548 0
27567 0
27963 0
28035 0
28161 0
28294 0
28363 0
28427 0
28432 0
28535 0
28592 0
28714 0
28842 0
28899 0
28982 0
29015 0
29072 0
29278 0
29405 0
29550 0
29634 0
29666 0
29669 0
29698 0
29817 0
29824 0
29853 0
30052 0
30176 0
30290 0
30324 0
30459 0
30579 0
30669 0
31028 0
31144 0
31183 0
31198 0
31206 0
31323 0
31356 0
31407 0
31443 0
31471 0
31492 0
31519 0
32070 0
32325 0
32489 0
32580 0
32720 0
32811 0
32825 0
32846 0
33110 0
33277 0
33321 0
33324 0
33329 0
33350 0
33530 0
33600 0
33659 0
33817 0
34141 0
34437 0
34468 0
34475 0
34512 0
34577 0
34610 0
34681 0
34796 0
34819 0
35231 0
35240 0
35278 0
35287 0
35385 0
35399 0
35450 0
35465 0
35815 0
35913 0
36290 0
36296 0
36436 0
36525 0
36729 0
36770 0
36797 0
36838 0
36875 0
36940 0
36967 0
37167 0
37218 0
37290 0
37480 0
37525 0
37541 0
37544 0
37631 0
37653 0
37695 0
37749 0
37761 0
38170 0
38224 0
38286 0
38480 0
38487 0
38673 0
38939 0
38946 0
38964 0
39069 0
39230 0
39331 0
39400 0
39514 0
39578 0
39590 0
39893 0
39931 0
40103 0
40124 0
40270 0
40348 0
40413 0
40426 0
40714 0
40903 0
41089 0
41153 0
41296 0
41298 0
41374 0
41616 0
41623 0
41662 0
41702 0
41754 0
41788 0
41937 0
41940 0
42223 0
42272 0
42596 0
42730 0
42755 0
42836 0
42951 0
43060 0
43097 0
43200 0
43211 0
43442 0
43444 0
43523 0
43565 0
43594 0
43824 0
43907 0
43949 0
44018 0
44120 0
44325 0
44543 0
44585 0
44628 0
44715 0
44792 0
44835 0
44841 0
44978 0
44992 0
45080 0
45098 0
45145 0
45249 0
45302 0
45470 0
45582 0
45590 0
45602 0
45662 0
45773 0
45897 0
45992 0
46058 0
46093 0
46224 0
46334 0
46388 0
46516 0
46720 0
46776 0
47195 0
47292 0
47294 0
47520 0
47700 0
47745 0
47755 0
47776 0
47812 0
47861 0
47867 0
47930 0
48072 0
48280 0
48323 0
48453 0
48463 0
48476 0
48544 0
48648 0
48661 0
48714 0
48839 0
48952 0
49147 0
49194 0
49265 0
49354 0
49369 0
49376 0
49412 0
49547 0
49560 0
49638 0
49805 0
49984 0
50112 0
50123 0
50266 0
50288 0
50353 0
50463 0
50503 0
50529 0
50535 0
50591 0
50831 0
50885 0
50952 0
50984 0
51017 0
51379 0
51412 0
51609 0
51676 0
51684 0
51710 0
51738 0
51762 0
51908 0
52159 0
52201 0
52332 0
52336 0
52667 0
52668 0
52821 0
52999 0
53045 0
53156 0
53423 0
53994 0
54005 0
54053 0
54328 0
54348 0
54437 0
54512 0
54711 0
54713 0
54740 0
54890 0
54900 0
55022 0
55068 0
55215 0
55326 0
55443 0
55461 0
55541 0
55655 0
55690 0
55821 0
55830 0
55832 0
55880 0
55894 0
55924 0
55954 0
56030 0
56173 0
56371 0
56413 0
56496 0
56605 0
56708 0
56738 0
57071 0
57204 0
57534 0
57551 0
57629 0
57767 0
58052 0
58074 0
58094 0
58141 0
58187 0
58402 0
58562 0
58579 0
58583 0
58713 0
58732 0
58741 0
58752 0
58960 0
59013 0
59067 0
59166 0
59451 0
59599 0
59671 0
59753 0
59831 0
59950 0
60076 0
60135 0
60411 0
60454 0
60509 0
60927 0
61047 0
61274 0
61310 0
61354 0
61441 0
61720 0
61774 0
61869 0
61907 0
62263 0
62293 0
62547 0
62636 0
62663 0
62775 0
62829 0
62915 0
63139 0
63170 0
63436 0
63471 0
63604 0
63653 0
63654 0
63703 0
63765 0
63858 0
63998 0
64087 0
64152 0
64164 0
64263 0
64271 0
64437 0
64451 0
64585 0
64586 0
64653 0
64669 0
64690 0
65096 0
65114 0
65176 0
65234 0
65242 0
65332 0
65477 0
65501 0
65524 0
65649 0
66109 0
66380 0
66389 0
66483 0
66591 0
66627 0
66833 0
66910 0
67017 0
67086 0
67113 0
67131 0
67367 0
67428 0
67736 0
67749 0
67863 0
67955 0
68137 0
68371 0
68384 0
68522 0
68664 0
68691 0
68695 0
69108 0
69123 0
69335 0
69344 0
69358 0
69361 0
69531 0
69845 0
70025 0
70056 0
70063 0
70262 0
70286 0
70295 0
70495 0
70567 0
70635 0
70680 0
70838 0
70865 0
70885 0
70946 0
71018 0
71144 0
71199 0
71239 0
71288 0
71318 0
71415 0
71483 0
71659 0
71679 0
71742 0
71824 0
71868 0
71916 0
71937 0
72040 0
72051 0
72131 0
72144 0
72150 0
72164 0
72237 0
72304 0
72657 0
72766 0
72886 0
72939 0
73020 0
73103 0
73151 0
73435 0
73457 0
73575 0
73664 0
73787 0
73882 0
74008 0
74100 0
74304 0
74333 0
74428 0
74432 0
74483 0
74731 0
74864 0
75051 0
75052 0
75110 0
75157 0
75305 0
75416 0
75612 0
75644 0
75704 0
75732 0
75814 0
76025 0
76092 0
76115 0
76175 0
76264 0
76412 0
76530 0
76580 0
76621 0
76750 0
76792 0
76816 0
76840 0
76987 0
77061 0
77066 0
77100 0
77222 0
77318 0
77617 0
77631 0
77725 0
77811 0
77829 0
77930 0
78038 0
78217 0
78220 0
78272 0
78280 0
78541 0
78632 0
78645 0
78654 0
78728 0
78770 0
78813 0
78906 0
79068 0
79117 0
79181 0
79243 0
79718 0
79854 0
79974 0
80124 0
80240 0
80242 0
80275 0
80284 0
80314 0
80353 0
80493 0
80513 0
80542 0
80623 0
80658 0
80716 0
80822 0
80879 0
80911 0
80924 0
80948 0
80953 0
81020 0
81232 0
81363 0
81367 0
81429 0
81620 0
81868 0
81871 0
81900 0
82010 0
82022 0
82028 0
82113 0
82241 0
82264 0
82326 0
82388 0
82450 0
82518 0
82696 0
82827 0
82917 0
82960 0
83007 0
83154 0
83228 0
83352 0
83386 0
83465 0
83515 0
83720 0
83765 0
83782 0
83814 0
83961 0
83975 0
84046 0
84249 0
84442 0
84496 0
84523 0
84616 0
84733 0
84752 0
84795 0
84827 0
84871 0
85020 0
85071 0
85344 0
85769 0
85938 0
85975 0
86058 0
86089 0
86258 0
86282 0
86345 0
86418 0
86872 0
86926 0
87150 0
87232 0
87325 0
87371 0
87483 0
87702 0
87893 0
88027 0
88095 0
88161 0
88181 0
88227 0
88344 0
88360 0
88447 0
88639 0
88706 0
88806 0
89049 0
89155 0
89392 0
89430 0
89462 0
89491 0
89515 0
89553 0
89591 0
89659 0
89695 0
89697 0
89737 0
89795 0
89885 0
89941 0
90094 0
90553 0
90602 0
90634 0
90759 0
90766 0
90796 0
90937 0
91227 0
91389 0
91400 0
91445 0
91451 0
91504 0
91533 0
91555 0
91577 0
91629 0
91800 0
91812 0
91815 0
91940 0
92005 0
92054 0
92082 0
92092 0
92107 0
92336 0
92341 0
92434 0
92681 0
92761 0
92858 0
93019 0
93379 0
93433 0
93466 0
93800 0
93828 0
94004 0
94132 0
94306 0
94434 0
94452 0
94473 0
94504 0
94534 0
94960 0
95065 0
95110 0
95149 0
95320 0
95349 0
95378 0
95835 0
95871 0
95895 0
96178 0
96487 0
96627 0
96788 0
96836 0
97103 0
97121 0
97210 0
97226 0
97430 0
97460 0
97470 0
97479 0
97500 0
97726 0
97880 0
97941 0
97983 0
98241 0
98309 0
98443 0
98453 0
98471 0
98481 0
98627 0
98688 0
98904 0
98910 0
99116 0
99232 0
99264 0
99525 0
99736 0
99759 0
99842 0
