c This is a uniform distributed  1-D DIMACS file 
c width height point_number
p 100000 100000 1024
7 0
94 0
124 0
184 0
648 0
863 0
1155 0
1303 0
1394 0
1744 0
2254 0
2257 0
2537 0
2662 0
2666 0
2673 0
2715 0
2807 0
2828 0
2861 0
2980 0
2981 0
3001 0
3029 0
3052 0
3107 0
3205 0
3471 0
3643 0
3722 0
3768 0
3811 0
3827 0
4139 0
4145 0
4255 0
4261 0
4309 0
4321 0
4645 0
4658 0
4680 0
4752 0
4753 0
4883 0
4886 0
4940 0
5047 0
5165 0
5364 0
5435 0
5455 0
5544 0
5563 0
5803 0
5932 0
6028 0
6118 0
6206 0
6415 0
6456 0
6544 0
6879 0
6991 0
7059 0
7148 0
7186 0
7201 0
7349 0
7417 0
7576 0
7700 0
7772 0
7830 0
7909 0
8169 0
8182 0
8277 0
8364 0
8492 0
8770 0
8853 0
8920 0
8943 0
9102 0
9294 0
9428 0
9786 0
9801 0
9898 0
9985 0
10037 0
10101 0
10168 0
10403 0
10481 0
10496 0
10522 0
10804 0
10805 0
10916 0
10964 0
11598 0
11653 0
11784 0
11790 0
11918 0
11973 0
11986 0
12077 0
12366 0
12375 0
12475 0
12516 0
12552 0
12618 0
12647 0
12650 0
12652 0
12744 0
12818 0
12952 0
13093 0
13103 0
13120 0
13130 0
13265 0
13304 0
13457 0
13576 0
14390 0
14468 0
14528 0
14676 0
14701 0
14760 0
14851 0
14919 0
15068 0
15219 0
15320 0
15387 0
15500 0
15533 0
15567 0
15579 0
15594 0
15686 0
15809 0
15853 0
15934 0
16283 0
16343 0
16488 0
16520 0
16570 0
16622 0
16639 0
16743 0
16912 0
16959 0
16962 0
17068 0
17133 0
17378 0
17414 0
17539 0
17576 0
17625 0
17859 0
17864 0
17877 0
17901 0
17926 0
17999 0
18062 0
18146 0
18253 0
18380 0
18418 0
18791 0
18798 0
19261 0
19293 0
19494 0
19566 0
19575 0
19865 0
19904 0
19910 0
20023 0
20062 0
20136 0
20222 0
20236 0
20359 0
20565 0
20653 0
20711 0
20778 0
20837 0
21068 0
21099 0
21185 0
21399 0
21545 0
21582 0
21685 0
21707 0
21941 0
22030 0
22059 0
22106 0
22150 0
22209 0
22299 0
22492 0
22549 0
22567 0
22608 0
23016 0
23049 0
23060 0
23091 0
23171 0
23532 0
23688 0
23835 0
24075 0
24219 0
24256 0
24266 0
24321 0
24481 0
24563 0
24621 0
24658 0
24675 0
24752 0
24805 0
24973 0
25013 0
25048 0
25138 0
25152 0
25211 0
25298 0
25315 0
25376 0
25396 0
25527 0
25725 0
25767 0
25795 0
25960 0
25972 0
26040 0
26074 0
26327 0
26472 0
26538 0
26708 0
26865 0
26969 0
27032 0
27079 0
27112 0
27139 0
27145 0
27336 0
27643 0
27662 0
27871 0
27911 0
27919 0
27939 0
28044 0
28224 0
28328 0
28378 0
28419 0
28584 0
28643 0
28928 0
29031 0
29085 0
29184 0
29248 0
29330 0
29332 0
29368 0
29400 0
29401 0
29412 0
29436 0
29496 0
29551 0
29651 0
29714 0
29741 0
29898 0
29973 0
30342 0
30538 0
30590 0
30738 0
30779 0
30785 0
30794 0
30798 0
30806 0
30912 0
31025 0
31111 0
31363 0
31442 0
31494 0
31571 0
31779 0
31817 0
31836 0
31972 0
32009 0
32071 0
32176 0
32187 0
32189 0
32285 0
32332 0
32432 0
32513 0
32596 0
32711 0
32833 0
32920 0
33020 0
33155 0
33169 0
33216 0
33320 0
33409 0
33672 0
33687 0
33695 0
33773 0
33843 0
33870 0
34008 0
34079 0
34084 0
34109 0
34159 0
34387 0
34484 0
34491 0
34522 0
34679 0
34851 0
34907 0
35329 0
35552 0
35744 0
35808 0
35845 0
35872 0
35882 0
35947 0
36305 0
36345 0
36807 0
36935 0
36937 0
37034 0
37143 0
37401 0
37437 0
37446 0
37476 0
37488 0
37510 0
37560 0
37627 0
37876 0
37965 0
37986 0
38050 0
38169 0
38338 0
38354 0
38383 0
38498 0
38745 0
38835 0
38859 0
38866 0
39044 0
39099 0
39126 0
39206 0
39218 0
39285 0
39372 0
39533 0
39984 0
40164 0
40237 0
40547 0
40654 0
40696 0
40698 0
40774 0
40822 0
40853 0
41010 0
41022 0
41118 0
41224 0
41298 0
41459 0
41491 0
41495 0
41513 0
41543 0
41544 0
41594 0
41652 0
41798 0
41852 0
41922 0
42019 0
42022 0
42071 0
42194 0
42325 0
42340 0
42371 0
42505 0
42854 0
43051 0
43059 0
43108 0
43172 0
43251 0
43280 0
43634 0
43650 0
43828 0
43999 0
44313 0
44354 0
44462 0
44488 0
44510 0
44698 0
44796 0
44990 0
45011 0
45161 0
45286 0
45304 0
45331 0
45380 0
45485 0
45505 0
45649 0
45691 0
45865 0
45975 0
46023 0
46033 0
46271 0
46372 0
46377 0
46381 0
46417 0
46427 0
46619 0
46688 0
46729 0
46920 0
46999 0
47005 0
47038 0
47131 0
47180 0
47268 0
47281 0
47426 0
47474 0
47594 0
47603 0
47910 0
47985 0
48053 0
48226 0
48342 0
48349 0
48379 0
48456 0
48554 0
48655 0
48679 0
48778 0
49017 0
49029 0
49100 0
49113 0
49116 0
49142 0
49304 0
49409 0
49572 0
49629 0
49967 0
50085 0
50096 0
50106 0
50137 0
50153 0
50335 0
50341 0
50357 0
50358 0
50441 0
50556 0
50687 0
50703 0
50745 0
50784 0
50929 0
51005 0
51321 0
51350 0
51575 0
51658 0
52131 0
52160 0
52491 0
52579 0
52621 0
52705 0
52714 0
52832 0
52975 0
53008 0
53011 0
53176 0
53276 0
53323 0
53358 0
53571 0
53574 0
53679 0
53698 0
53863 0
53953 0
54328 0
54419 0
54438 0
54446 0
54479 0
54607 0
54773 0
55082 0
55147 0
55178 0
55197 0
55208 0
55213 0
55220 0
55334 0
55577 0
55619 0
55868 0
55948 0
56021 0
56205 0
56281 0
56341 0
56377 0
56415 0
56434 0
57012 0
57026 0
57051 0
57074 0
57168 0
57185 0
57316 0
57382 0
57790 0
58378 0
58413 0
58435 0
58473 0
58527 0
58569 0
58667 0
58791 0
58913 0
58927 0
59145 0
59157 0
59235 0
59277 0
59297 0
59302 0
59339 0
59364 0
59431 0
59535 0
59559 0
59610 0
59660 0
59665 0
59666 0
59675 0
59835 0
59848 0
59851 0
60017 0
60059 0
60117 0
60496 0
60572 0
60708 0
60746 0
60758 0
60792 0
60840 0
60985 0
61048 0
61065 0
61087 0
61197 0
61239 0
61280 0
61331 0
61413 0
61534 0
61535 0
61873 0
62040 0
62142 0
62186 0
62395 0
62500 0
62585 0
62767 0
62911 0
63029 0
63209 0
63346 0
63477 0
63592 0
63610 0
63638 0
63801 0
63870 0
63902 0
63928 0
64115 0
64163 0
64203 0
64310 0
64345 0
64354 0
64362 0
64532 0
64638 0
64651 0
64990 0
65006 0
65056 0
65168 0
65307 0
65315 0
65344 0
65426 0
65440 0
65491 0
65513 0
65539 0
65573 0
65653 0
65799 0
65832 0
65857 0
65990 0
66062 0
66222 0
66424 0
66474 0
66495 0
66500 0
66755 0
66977 0
67021 0
67203 0
67263 0
67597 0
67907 0
67969 0
67978 0
68054 0
68126 0
68193 0
68263 0
68318 0
68499 0
68502 0
68556 0
68580 0
68832 0
68849 0
68980 0
69042 0
69301 0
69390 0
69731 0
69765 0
69845 0
69849 0
69930 0
70005 0
70111 0
70275 0
70298 0
70385 0
70422 0
70492 0
70538 0
70597 0
70681 0
70774 0
71015 0
71197 0
71291 0
71419 0
71453 0
71483 0
71594 0
71702 0
71743 0
71801 0
71843 0
71909 0
72010 0
72080 0
72291 0
72328 0
72394 0
72531 0
72538 0
72777 0
72809 0
72848 0
72968 0
73024 0
73196 0
73266 0
73303 0
73411 0
73455 0
73589 0
73715 0
73825 0
73829 0
73930 0
74099 0
74145 0
74217 0
74239 0
74249 0
74326 0
74356 0
74503 0
74645 0
74678 0
74895 0
75146 0
75349 0
75444 0
75485 0
75546 0
75827 0
75833 0
76335 0
76376 0
76394 0
76459 0
76499 0
76509 0
76555 0
76654 0
76731 0
76809 0
76823 0
76844 0
76862 0
76967 0
77172 0
77175 0
77226 0
77371 0
77438 0
77442 0
77538 0
77809 0
77895 0
77915 0
78237 0
78242 0
78331 0
78427 0
78437 0
78555 0
78680 0
78874 0
79014 0
79021 0
79050 0
79098 0
79102 0
79255 0
79300 0
79310 0
79408 0
79430 0
79452 0
79466 0
79522 0
79552 0
79582 0
79637 0
79641 0
79714 0
79784 0
79905 0
79955 0
80026 0
80238 0
80271 0
80324 0
80410 0
80695 0
80697 0
80725 0
80841 0
80906 0
80930 0
81016 0
81053 0
81123 0
81219 0
81269 0
81415 0
81435 0
81447 0
81516 0
81539 0
81572 0
81584 0
81597 0
81673 0
81711 0
81755 0
81858 0
81925 0
82281 0
82454 0
82621 0
82742 0
82774 0
82792 0
82808 0
82968 0
82991 0
83106 0
83120 0
83140 0
83242 0
83272 0
83522 0
83564 0
83637 0
83867 0
83939 0
84006 0
84141 0
84291 0
84404 0
84408 0
84413 0
84518 0
84649 0
85033 0
85055 0
85066 0
85317 0
85347 0
85403 0
85584 0
85811 0
86331 0
86486 0
86874 0
86886 0
86921 0
86928 0
86936 0
86954 0
87104 0
87177 0
87192 0
87229 0
87418 0
87474 0
87521 0
87531 0
87624 0
87721 0
88005 0
88026 0
88116 0
88162 0
88174 0
88202 0
88276 0
88294 0
88337 0
88470 0
88503 0
88551 0
88908 0
88950 0
89095 0
89146 0
89151 0
89352 0
89481 0
89703 0
89734 0
89968 0
90016 0
90257 0
90305 0
90445 0
90492 0
90700 0
90754 0
90771 0
90778 0
91020 0
91322 0
91333 0
91348 0
91422 0
91423 0
91472 0
91488 0
91563 0
91645 0
91664 0
91891 0
91953 0
92061 0
92135 0
92144 0
92174 0
92395 0
92557 0
92789 0
92993 0
93092 0
93170 0
94043 0
94209 0
94478 0
94678 0
94781 0
94829 0
94834 0
95005 0
95216 0
95224 0
95285 0
95403 0
95620 0
95732 0
95888 0
96113 0
96314 0
96335 0
96348 0
96368 0
96413 0
96425 0
96471 0
96529 0
96725 0
96873 0
97181 0
97234 0
97348 0
97461 0
97518 0
97949 0
98141 0
98146 0
98180 0
98275 0
98327 0
98389 0
98462 0
98532 0
98749 0
98911 0
98946 0
99043 0
99330 0
99570 0
99601 0
99612 0
