c This is a uniform distributed  1-D DIMACS file 
c width height point_number
p 100000 100000 1024
16 0
173 0
360 0
420 0
454 0
473 0
692 0
997 0
1063 0
1076 0
1291 0
1402 0
1438 0
1495 0
1598 0
1650 0
1748 0
1760 0
1816 0
1939 0
1995 0
2040 0
2161 0
2185 0
2271 0
2293 0
2331 0
2377 0
2407 0
2589 0
2607 0
2834 0
2884 0
3024 0
3040 0
3161 0
3181 0
3227 0
3239 0
3305 0
3355 0
3456 0
3620 0
3627 0
3871 0
3883 0
3945 0
3975 0
3985 0
4016 0
4020 0
4446 0
4449 0
4834 0
5011 0
5080 0
5226 0
5353 0
5380 0
5435 0
5442 0
5664 0
5757 0
5829 0
5836 0
5898 0
6053 0
6271 0
6287 0
6368 0
6486 0
6527 0
6572 0
7029 0
7516 0
7548 0
7557 0
7580 0
7615 0
7654 0
7696 0
7883 0
7934 0
7986 0
8000 0
8056 0
8122 0
8206 0
8224 0
8267 0
8308 0
8407 0
8424 0
8500 0
8574 0
8633 0
8701 0
8868 0
8882 0
9004 0
9065 0
9080 0
9137 0
9273 0
9650 0
9667 0
9675 0
9785 0
9818 0
9823 0
10423 0
10704 0
10896 0
10992 0
11017 0
11050 0
11078 0
11119 0
11182 0
11248 0
11615 0
11677 0
11685 0
11686 0
11723 0
12022 0
12029 0
12057 0
12220 0
12261 0
12526 0
12552 0
12589 0
12801 0
13143 0
13665 0
13803 0
13861 0
13917 0
14341 0
14387 0
14747 0
14822 0
14843 0
14941 0
14980 0
15004 0
15016 0
15145 0
15193 0
15287 0
15413 0
15637 0
15690 0
15828 0
15853 0
15997 0
16140 0
16213 0
16301 0
16720 0
17126 0
17143 0
17193 0
17390 0
17424 0
17455 0
17598 0
17636 0
17999 0
18057 0
18125 0
18188 0
18278 0
18287 0
18293 0
18312 0
18342 0
18351 0
18530 0
18548 0
18575 0
18610 0
18620 0
18623 0
18878 0
19176 0
19311 0
19713 0
19741 0
19937 0
20028 0
20270 0
20312 0
20366 0
20405 0
20650 0
20976 0
21101 0
21121 0
21171 0
21227 0
21467 0
21489 0
21692 0
21695 0
21706 0
21734 0
21753 0
21769 0
21796 0
21845 0
21909 0
21913 0
21930 0
21983 0
22109 0
22125 0
22387 0
22399 0
22407 0
22558 0
22612 0
22702 0
22751 0
23014 0
23023 0
23484 0
23510 0
23661 0
23717 0
23801 0
23924 0
24135 0
24204 0
24244 0
24321 0
24408 0
24584 0
24721 0
24738 0
24833 0
24837 0
24941 0
25030 0
25357 0
25396 0
25500 0
25503 0
25651 0
25851 0
25882 0
25954 0
25965 0
26090 0
26200 0
26233 0
26381 0
26578 0
26596 0
26843 0
26863 0
26915 0
26940 0
27075 0
27398 0
27447 0
27464 0
27717 0
27761 0
27891 0
28049 0
28098 0
28136 0
28236 0
28277 0
28392 0
28534 0
28559 0
28567 0
28619 0
28724 0
28964 0
28971 0
28986 0
29288 0
29510 0
29513 0
29613 0
29628 0
29631 0
29649 0
29682 0
29769 0
29776 0
29940 0
30017 0
30075 0
30119 0
30152 0
30299 0
30382 0
30459 0
30557 0
30612 0
30621 0
30799 0
30839 0
30927 0
30968 0
30979 0
30998 0
31083 0
31095 0
31153 0
31272 0
31384 0
31480 0
31606 0
31650 0
31778 0
31911 0
32128 0
32250 0
32254 0
32292 0
32301 0
32442 0
32549 0
32603 0
32813 0
32996 0
33147 0
33220 0
33246 0
33260 0
33371 0
33422 0
33499 0
33658 0
33685 0
33713 0
33753 0
33874 0
33912 0
33964 0
34821 0
34972 0
35002 0
35032 0
35040 0
35304 0
35592 0
35666 0
35850 0
35967 0
36179 0
36235 0
36364 0
36545 0
36605 0
36649 0
36650 0
36683 0
36703 0
36834 0
36897 0
37038 0
37101 0
37247 0
37424 0
37668 0
37690 0
37699 0
37985 0
38026 0
38081 0
38085 0
38090 0
38350 0
38383 0
38411 0
38469 0
38672 0
39009 0
39012 0
39134 0
39172 0
39198 0
39280 0
39405 0
39407 0
39495 0
39580 0
39586 0
39768 0
39888 0
39891 0
40091 0
40125 0
40322 0
40364 0
40380 0
40586 0
40600 0
40666 0
40731 0
40747 0
40808 0
40847 0
40881 0
40936 0
41070 0
41087 0
41352 0
41373 0
41535 0
41630 0
41694 0
41716 0
41737 0
41811 0
41813 0
41860 0
41931 0
42074 0
42140 0
42175 0
42317 0
42718 0
42836 0
42914 0
42931 0
43287 0
43393 0
43642 0
43667 0
43763 0
43857 0
43926 0
43958 0
44076 0
44232 0
44385 0
44391 0
44424 0
44865 0
45002 0
45076 0
45314 0
45317 0
45379 0
45520 0
45598 0
45605 0
45637 0
45710 0
45712 0
45819 0
45914 0
45989 0
45996 0
46024 0
46078 0
46548 0
46578 0
46616 0
46645 0
46652 0
46683 0
46696 0
46843 0
46944 0
46952 0
47020 0
47027 0
47038 0
47053 0
47180 0
47294 0
47329 0
47354 0
47368 0
47437 0
47623 0
47636 0
47681 0
47685 0
47701 0
47749 0
47858 0
47902 0
47977 0
48184 0
48262 0
48307 0
48312 0
48365 0
48393 0
48843 0
48955 0
49239 0
49270 0
49294 0
49323 0
49335 0
49463 0
49505 0
49625 0
49703 0
49826 0
50016 0
50045 0
50090 0
50118 0
50135 0
50154 0
50168 0
50198 0
50438 0
50481 0
50680 0
50701 0
50706 0
51108 0
51141 0
51143 0
51208 0
51265 0
51281 0
51385 0
51479 0
51508 0
51993 0
52116 0
52161 0
52193 0
52275 0
52294 0
52453 0
52489 0
52600 0
52681 0
52760 0
52777 0
52911 0
52970 0
52976 0
53125 0
53603 0
53626 0
53731 0
53830 0
54155 0
54217 0
54264 0
54340 0
54399 0
54405 0
54489 0
54575 0
54593 0
54699 0
54781 0
54824 0
54926 0
55029 0
55037 0
55211 0
55384 0
55818 0
55886 0
55897 0
55973 0
55995 0
56149 0
56373 0
56555 0
56617 0
56618 0
56804 0
57230 0
57300 0
57329 0
57341 0
57384 0
57595 0
57628 0
57725 0
57809 0
57941 0
57971 0
58157 0
58185 0
58283 0
58365 0
58586 0
58623 0
58811 0
58910 0
59201 0
59252 0
59275 0
59421 0
59464 0
59546 0
59742 0
59825 0
60117 0
60248 0
60372 0
60594 0
60813 0
60835 0
60837 0
60910 0
60952 0
61010 0
61015 0
61159 0
61204 0
61248 0
61262 0
61337 0
61338 0
61362 0
61536 0
61617 0
61711 0
61937 0
62084 0
62199 0
62309 0
62318 0
62319 0
62479 0
62500 0
62775 0
62784 0
62802 0
62820 0
62863 0
63059 0
63186 0
63253 0
63326 0
63381 0
63391 0
63620 0
63622 0
63660 0
63874 0
63947 0
63993 0
64195 0
64209 0
64340 0
64489 0
64574 0
64691 0
64750 0
64855 0
64994 0
65016 0
65065 0
65129 0
65165 0
65241 0
65281 0
65304 0
65318 0
65334 0
65336 0
65433 0
65580 0
65607 0
65788 0
65821 0
66187 0
66312 0
66382 0
66466 0
66555 0
66599 0
66611 0
66722 0
66950 0
66960 0
67004 0
67027 0
67047 0
67125 0
67320 0
67396 0
67562 0
67728 0
67798 0
67878 0
67981 0
68014 0
68075 0
68185 0
68286 0
68530 0
68675 0
68790 0
68945 0
69083 0
69325 0
69552 0
69560 0
69575 0
69743 0
69808 0
70367 0
70423 0
70441 0
70468 0
70556 0
70841 0
70891 0
71091 0
71316 0
71371 0
71528 0
71643 0
71674 0
71758 0
71789 0
71808 0
71984 0
72018 0
72048 0
72081 0
72165 0
72289 0
72340 0
72380 0
72437 0
72493 0
72882 0
73000 0
73002 0
73122 0
73162 0
73307 0
73323 0
73352 0
73355 0
73378 0
73443 0
73458 0
73488 0
73500 0
73898 0
73905 0
74028 0
74066 0
74135 0
74295 0
74323 0
74389 0
74507 0
74649 0
74892 0
75083 0
75410 0
75506 0
75554 0
75597 0
75617 0
75832 0
75904 0
75920 0
75934 0
75951 0
75988 0
76093 0
76131 0
76175 0
76196 0
76364 0
76498 0
76540 0
76679 0
76761 0
76769 0
76804 0
76942 0
77067 0
77150 0
77165 0
77367 0
77797 0
77920 0
78018 0
78033 0
78124 0
78240 0
78316 0
78345 0
78396 0
78434 0
78511 0
78531 0
78842 0
78877 0
78884 0
78935 0
79135 0
79539 0
79687 0
79705 0
79729 0
79901 0
79966 0
80060 0
80245 0
80413 0
80446 0
80461 0
80521 0
80580 0
80730 0
80745 0
80896 0
80992 0
81005 0
81173 0
81360 0
81418 0
81470 0
81494 0
81501 0
81630 0
81687 0
81758 0
81876 0
81928 0
81993 0
82036 0
82253 0
82263 0
82323 0
82398 0
82432 0
82615 0
82625 0
82724 0
82817 0
82883 0
83066 0
83140 0
83294 0
83356 0
83801 0
83864 0
84002 0
84032 0
84135 0
84157 0
84210 0
84343 0
84448 0
84456 0
84468 0
84507 0
84663 0
84912 0
85232 0
85247 0
85781 0
85819 0
85827 0
86014 0
86146 0
86241 0
86321 0
86359 0
86426 0
86522 0
86564 0
86684 0
86869 0
86885 0
86909 0
87091 0
87247 0
87273 0
87299 0
87393 0
87646 0
87678 0
87888 0
87900 0
87956 0
88045 0
88082 0
88392 0
88553 0
88937 0
88944 0
88983 0
89079 0
89164 0
89337 0
89344 0
89398 0
89427 0
89436 0
89489 0
89496 0
89735 0
89760 0
89772 0
89787 0
89870 0
90100 0
90145 0
90218 0
90399 0
90568 0
90595 0
90794 0
90838 0
90908 0
90954 0
91109 0
91357 0
91448 0
91609 0
91794 0
91795 0
91838 0
91862 0
92316 0
92345 0
92488 0
92496 0
92537 0
92621 0
92677 0
92765 0
92938 0
93077 0
93099 0
93128 0
93131 0
93392 0
93475 0
93524 0
93552 0
93723 0
93795 0
94093 0
94106 0
94194 0
94318 0
94501 0
94514 0
94561 0
94708 0
94709 0
94829 0
94851 0
94876 0
95063 0
95118 0
95280 0
95322 0
95351 0
95611 0
95671 0
95762 0
95821 0
95873 0
95900 0
95940 0
96087 0
96093 0
96118 0
96201 0
96391 0
96541 0
96670 0
96765 0
96793 0
96799 0
96901 0
96925 0
96971 0
96994 0
97167 0
97184 0
97230 0
97255 0
97264 0
97419 0
97800 0
97877 0
97998 0
98027 0
98038 0
98200 0
98275 0
98295 0
98390 0
98395 0
98495 0
98548 0
98637 0
98651 0
98668 0
98770 0
98973 0
99108 0
99376 0
99447 0
99520 0
99526 0
99614 0
99650 0
99841 0
99907 0
