c This is a uniform distributed  1-D DIMACS file 
c width height point_number
p 100000 100000 1024
105 0
108 0
112 0
196 0
204 0
342 0
522 0
565 0
817 0
896 0
1101 0
1106 0
1160 0
1185 0
1209 0
1326 0
1389 0
1435 0
1507 0
1553 0
1612 0
1695 0
1705 0
1728 0
1743 0
1750 0
1804 0
1848 0
1857 0
1882 0
1947 0
1975 0
2102 0
2300 0
2323 0
2579 0
2637 0
2673 0
2759 0
2817 0
2856 0
2957 0
3045 0
3046 0
3126 0
3161 0
3204 0
3320 0
3349 0
3559 0
3717 0
3883 0
3931 0
3956 0
4000 0
4005 0
4096 0
4530 0
4589 0
4864 0
4889 0
4905 0
4957 0
5166 0
5212 0
5268 0
5388 0
5426 0
5464 0
5699 0
6064 0
6228 0
6338 0
6393 0
6522 0
6541 0
6611 0
6737 0
6740 0
6753 0
6839 0
6845 0
6846 0
6906 0
7071 0
7120 0
7148 0
7226 0
7405 0
7420 0
7539 0
7553 0
7566 0
7810 0
7977 0
7999 0
8067 0
8114 0
8122 0
8270 0
8468 0
9036 0
9193 0
9194 0
9298 0
9372 0
9774 0
9985 0
10005 0
10019 0
10207 0
10253 0
10426 0
10646 0
10693 0
10828 0
10845 0
11112 0
11177 0
11413 0
11512 0
11558 0
11691 0
11696 0
11801 0
12087 0
12180 0
12305 0
12368 0
12398 0
12426 0
12456 0
12473 0
12609 0
12804 0
12826 0
12857 0
13049 0
13478 0
13490 0
13494 0
13511 0
13517 0
13547 0
13603 0
13662 0
13709 0
13808 0
13847 0
13895 0
13920 0
14280 0
14788 0
14799 0
14831 0
15005 0
15053 0
15107 0
15278 0
15398 0
15435 0
15446 0
15552 0
15611 0
15766 0
15931 0
15941 0
15960 0
16069 0
16251 0
16315 0
16362 0
16464 0
16508 0
16657 0
16844 0
17276 0
17456 0
17715 0
17729 0
17806 0
17891 0
17954 0
17959 0
18091 0
18199 0
18400 0
18669 0
18785 0
18874 0
18914 0
18942 0
18979 0
18985 0
18991 0
19129 0
19163 0
19379 0
19415 0
19486 0
19519 0
19525 0
19630 0
19654 0
19667 0
19688 0
19706 0
19722 0
19805 0
19872 0
19938 0
19973 0
20059 0
20219 0
20269 0
20309 0
20394 0
20455 0
20610 0
21079 0
21136 0
21168 0
21180 0
21438 0
21507 0
21513 0
21590 0
21645 0
21732 0
21873 0
21912 0
21957 0
22068 0
22142 0
22243 0
22515 0
22521 0
22637 0
22748 0
22895 0
22976 0
23059 0
23402 0
23462 0
23531 0
23716 0
23747 0
23900 0
23995 0
24019 0
24217 0
24243 0
24269 0
24318 0
24488 0
24709 0
24783 0
24853 0
24898 0
24926 0
24977 0
25010 0
25052 0
25252 0
25393 0
25698 0
25752 0
25809 0
25919 0
25970 0
26004 0
26044 0
26137 0
26293 0
26358 0
26403 0
26639 0
26716 0
26745 0
26765 0
26931 0
26935 0
26939 0
27080 0
27231 0
27266 0
27288 0
27339 0
27357 0
27472 0
27480 0
27606 0
27728 0
27992 0
28088 0
28090 0
28172 0
28176 0
28236 0
28517 0
28613 0
28845 0
28855 0
28872 0
28909 0
28964 0
29014 0
29054 0
29450 0
29505 0
29581 0
29635 0
29713 0
29863 0
29884 0
30005 0
30306 0
30403 0
30589 0
30590 0
30719 0
30811 0
30814 0
30900 0
31022 0
31049 0
31159 0
31167 0
31344 0
31412 0
31480 0
31484 0
31491 0
31551 0
31567 0
31736 0
31803 0
31871 0
31921 0
32055 0
32266 0
32322 0
32417 0
32427 0
32629 0
32801 0
32947 0
33018 0
33034 0
33099 0
33183 0
33197 0
33240 0
33473 0
33535 0
33547 0
33798 0
33813 0
33961 0
34013 0
34093 0
34347 0
34396 0
34455 0
34542 0
34601 0
34817 0
34875 0
35119 0
35202 0
35386 0
35532 0
35561 0
35566 0
35586 0
35599 0
35693 0
35695 0
35943 0
35949 0
36069 0
36144 0
36420 0
36455 0
36478 0
36538 0
36558 0
36576 0
36768 0
36909 0
37087 0
37108 0
37140 0
37765 0
37836 0
37971 0
37997 0
38134 0
38164 0
38169 0
38351 0
38403 0
38436 0
38440 0
38442 0
38493 0
38554 0
38715 0
38724 0
38873 0
38915 0
39064 0
39084 0
39163 0
39245 0
39298 0
39405 0
39420 0
39478 0
39709 0
39731 0
39913 0
39941 0
39985 0
40031 0
40091 0
40170 0
40257 0
40308 0
40336 0
40770 0
40815 0
40944 0
41057 0
41086 0
41134 0
41451 0
41489 0
41491 0
41800 0
41872 0
41912 0
41981 0
42227 0
42245 0
42284 0
42373 0
42395 0
42424 0
42470 0
42475 0
42587 0
42599 0
42634 0
42649 0
42672 0
43020 0
43094 0
43186 0
43237 0
43261 0
43703 0
43849 0
43939 0
44048 0
44115 0
44589 0
44598 0
44604 0
44660 0
44837 0
44856 0
44875 0
44882 0
45056 0
45264 0
45312 0
45340 0
45360 0
45409 0
45435 0
45494 0
45495 0
45508 0
45703 0
45783 0
45869 0
45877 0
45908 0
45944 0
46026 0
46178 0
46237 0
46251 0
46304 0
46580 0
46683 0
46804 0
46855 0
46942 0
47112 0
47277 0
47306 0
47407 0
47572 0
47628 0
47630 0
47671 0
47752 0
47905 0
48040 0
48162 0
48244 0
48592 0
48633 0
48664 0
48722 0
48763 0
48764 0
48780 0
49006 0
49076 0
49343 0
49555 0
49640 0
49652 0
49661 0
49763 0
49776 0
49853 0
49921 0
49955 0
49991 0
50368 0
50434 0
50476 0
50519 0
50566 0
50612 0
50808 0
50813 0
50849 0
50851 0
50890 0
50927 0
50953 0
51111 0
51144 0
51210 0
51465 0
51467 0
51540 0
51576 0
51604 0
51832 0
51950 0
51975 0
51983 0
52048 0
52081 0
52289 0
52420 0
52622 0
52675 0
52853 0
52889 0
52977 0
52999 0
53035 0
53333 0
53752 0
53822 0
54253 0
54412 0
54421 0
54495 0
54600 0
54630 0
54654 0
54662 0
54728 0
54790 0
54798 0
54828 0
54920 0
55148 0
55170 0
55175 0
55216 0
55350 0
55424 0
55827 0
55841 0
55936 0
56029 0
56108 0
56174 0
56224 0
56253 0
56301 0
56307 0
56346 0
56457 0
56507 0
56598 0
56623 0
57095 0
57142 0
57159 0
57393 0
57440 0
57628 0
57632 0
57758 0
58020 0
58030 0
58285 0
58590 0
58658 0
58889 0
58895 0
58946 0
59008 0
59079 0
59129 0
59376 0
59400 0
59657 0
59684 0
59694 0
59819 0
59975 0
60005 0
60132 0
60272 0
60285 0
60334 0
60672 0
60681 0
60871 0
61123 0
61177 0
61397 0
61618 0
61653 0
61678 0
61681 0
61815 0
61834 0
61865 0
61870 0
61979 0
62057 0
62190 0
62228 0
62261 0
62560 0
62569 0
62674 0
62754 0
62799 0
63017 0
63137 0
63149 0
63162 0
63424 0
63467 0
63519 0
63584 0
63743 0
63972 0
64008 0
64013 0
64114 0
64126 0
64270 0
64286 0
64287 0
64758 0
64842 0
64899 0
64989 0
65346 0
65469 0
65470 0
65476 0
65503 0
65553 0
65625 0
65660 0
65681 0
65807 0
65828 0
65831 0
65843 0
66100 0
66647 0
66737 0
66748 0
66889 0
66910 0
67039 0
67117 0
67176 0
67198 0
67316 0
67428 0
67455 0
67459 0
67537 0
67538 0
67730 0
67814 0
67894 0
68142 0
68241 0
68279 0
68350 0
68604 0
68764 0
69051 0
69125 0
69291 0
69337 0
69464 0
69507 0
69516 0
69661 0
69699 0
69858 0
69896 0
70182 0
70204 0
70436 0
70519 0
70794 0
71045 0
71207 0
71370 0
71390 0
71401 0
71509 0
71534 0
71559 0
71789 0
71989 0
72127 0
72201 0
72244 0
72256 0
72269 0
72357 0
72823 0
72943 0
73377 0
73390 0
73832 0
73925 0
74032 0
74148 0
74567 0
74660 0
74734 0
74749 0
74784 0
74936 0
75096 0
75245 0
75339 0
75498 0
75539 0
75616 0
75642 0
75674 0
75729 0
75788 0
75827 0
75936 0
76495 0
76643 0
76718 0
76761 0
76950 0
76963 0
77036 0
77080 0
77126 0
77218 0
77358 0
77379 0
77449 0
77541 0
77623 0
77720 0
77747 0
77777 0
77882 0
78016 0
78026 0
78200 0
78248 0
78278 0
78336 0
78449 0
78455 0
78578 0
78683 0
78690 0
78790 0
78940 0
78942 0
78948 0
79095 0
79110 0
79209 0
79293 0
79332 0
79369 0
79500 0
79555 0
79673 0
79711 0
79725 0
80065 0
80084 0
80143 0
80144 0
80213 0
80236 0
80741 0
80782 0
80875 0
81083 0
81091 0
81106 0
81184 0
81327 0
81345 0
81661 0
81791 0
81796 0
81831 0
81845 0
81924 0
81992 0
82004 0
82023 0
82091 0
82404 0
82612 0
82890 0
82905 0
82972 0
82993 0
83009 0
83035 0
83152 0
83202 0
83370 0
83476 0
83533 0
83600 0
83939 0
84040 0
84244 0
84633 0
84695 0
84856 0
84928 0
84987 0
85196 0
85358 0
85413 0
85494 0
85593 0
85608 0
85620 0
85843 0
86288 0
86398 0
86419 0
86550 0
86690 0
86826 0
86890 0
86894 0
86995 0
87025 0
87051 0
87513 0
87519 0
87605 0
87661 0
87700 0
87937 0
87953 0
88124 0
88277 0
88403 0
88703 0
88731 0
88789 0
88933 0
89031 0
89072 0
89075 0
89078 0
89117 0
89185 0
89403 0
89479 0
89692 0
89706 0
89745 0
90004 0
90074 0
90125 0
90154 0
90177 0
90249 0
90495 0
90690 0
90772 0
90784 0
91045 0
91054 0
91178 0
91411 0
91449 0
91454 0
91466 0
91497 0
91727 0
91740 0
91827 0
91886 0
91933 0
92010 0
92055 0
92146 0
92159 0
92259 0
92267 0
92296 0
92343 0
92468 0
92499 0
92673 0
92764 0
92788 0
92852 0
93136 0
93140 0
93162 0
93176 0
93190 0
93398 0
93506 0
93773 0
93800 0
93949 0
94390 0
94419 0
94434 0
94562 0
94654 0
94847 0
94928 0
94985 0
95113 0
95173 0
95296 0
95304 0
95326 0
95405 0
95687 0
95744 0
95968 0
96104 0
96122 0
96172 0
96208 0
96312 0
96368 0
96438 0
96508 0
96931 0
96949 0
96998 0
97031 0
97072 0
97132 0
97166 0
97167 0
97327 0
97350 0
97485 0
97544 0
97622 0
97710 0
97785 0
97994 0
98054 0
98074 0
98117 0
98218 0
98240 0
98408 0
98476 0
98493 0
98513 0
98686 0
98882 0
99007 0
99113 0
99128 0
99134 0
99473 0
99474 0
99560 0
99624 0
99729 0
99845 0
99940 0
