c This is a uniform distributed  1-D DIMACS file 
c width height point_number
p 100000 100000 1024
128 0
209 0
424 0
603 0
684 0
766 0
1005 0
1143 0
1204 0
1225 0
1645 0
1711 0
1822 0
1948 0
1984 0
2231 0
2368 0
2374 0
2518 0
2668 0
2684 0
2710 0
2766 0
2832 0
3003 0
3048 0
3100 0
3103 0
3172 0
3320 0
3362 0
3385 0
3429 0
3482 0
3591 0
3727 0
3933 0
3973 0
4008 0
4122 0
4164 0
4202 0
4367 0
4568 0
4571 0
4633 0
4671 0
4838 0
4913 0
4959 0
5055 0
5127 0
5152 0
5278 0
5311 0
5400 0
5517 0
5605 0
5607 0
5624 0
5845 0
6140 0
6310 0
6321 0
6460 0
6473 0
6514 0
6528 0
6552 0
6674 0
6712 0
6752 0
6881 0
7093 0
7099 0
7185 0
7212 0
7264 0
7365 0
7866 0
7883 0
7935 0
7969 0
8007 0
8189 0
8214 0
8233 0
8460 0
8846 0
8868 0
9334 0
9339 0
9478 0
9605 0
9646 0
9917 0
9950 0
10030 0
10102 0
10282 0
10436 0
10476 0
10601 0
10656 0
10704 0
10735 0
10773 0
10873 0
10879 0
10889 0
10900 0
11016 0
11116 0
11213 0
11453 0
11588 0
11675 0
11684 0
11705 0
11775 0
11777 0
11838 0
11860 0
11917 0
12073 0
12172 0
12178 0
12474 0
12535 0
12577 0
12583 0
12611 0
12626 0
12778 0
12807 0
12882 0
12929 0
13072 0
13082 0
13275 0
13375 0
13412 0
13454 0
13614 0
13641 0
13643 0
13644 0
13676 0
13758 0
13797 0
13840 0
13858 0
13927 0
13983 0
14203 0
14398 0
14416 0
14586 0
14618 0
14684 0
14701 0
14878 0
15419 0
15490 0
15492 0
15530 0
15594 0
15613 0
15625 0
15698 0
15757 0
15912 0
15913 0
16266 0
16318 0
16363 0
16420 0
16504 0
16928 0
17027 0
17078 0
17121 0
17143 0
17144 0
17260 0
17272 0
17457 0
17634 0
17750 0
17885 0
17998 0
18012 0
18047 0
18148 0
18171 0
18291 0
18393 0
18496 0
18996 0
19135 0
19210 0
19283 0
19379 0
19446 0
19647 0
19654 0
19675 0
19778 0
19783 0
19833 0
19889 0
19991 0
20086 0
20325 0
20328 0
20472 0
20628 0
20714 0
20810 0
21016 0
21045 0
21172 0
21260 0
21301 0
21320 0
21411 0
21457 0
21676 0
21920 0
22020 0
22119 0
22160 0
22179 0
22262 0
22485 0
22554 0
22615 0
22653 0
22734 0
22810 0
22861 0
22868 0
22884 0
22906 0
22924 0
23057 0
23091 0
23232 0
23333 0
23353 0
23476 0
23507 0
23544 0
23731 0
23818 0
23851 0
23896 0
23952 0
24146 0
24396 0
24556 0
24568 0
24723 0
24734 0
24867 0
25094 0
25266 0
25291 0
25384 0
25496 0
25568 0
25593 0
25700 0
25809 0
25916 0
26145 0
26373 0
26498 0
26588 0
26593 0
26953 0
26954 0
26988 0
27038 0
27092 0
27157 0
27164 0
27273 0
27294 0
27318 0
27324 0
27801 0
28043 0
28061 0
28203 0
28210 0
28373 0
28462 0
28496 0
28542 0
28569 0
28709 0
28715 0
28723 0
28745 0
28748 0
28909 0
29110 0
29224 0
29350 0
29435 0
29676 0
29748 0
29784 0
29869 0
29968 0
30138 0
30187 0
30278 0
30293 0
30317 0
30367 0
30499 0
30986 0
31092 0
31263 0
31465 0
31659 0
31709 0
31826 0
31893 0
32072 0
32163 0
32164 0
32175 0
32217 0
32350 0
32469 0
32554 0
32612 0
32738 0
32887 0
33004 0
33172 0
33226 0
33295 0
33491 0
33664 0
33689 0
33729 0
33741 0
34065 0
34138 0
34171 0
34188 0
34451 0
34498 0
34557 0
34560 0
34587 0
34849 0
34869 0
34935 0
35296 0
35309 0
35414 0
35713 0
36114 0
36129 0
36134 0
36169 0
36225 0
36247 0
36251 0
36375 0
36609 0
36675 0
36702 0
36796 0
37033 0
37118 0
37164 0
37354 0
37444 0
37685 0
37742 0
37826 0
37977 0
38079 0
38420 0
38573 0
38654 0
38676 0
38742 0
38873 0
38881 0
38935 0
38959 0
39127 0
39179 0
39230 0
39264 0
39407 0
39409 0
39485 0
39598 0
39743 0
39812 0
39930 0
40006 0
40147 0
40177 0
40210 0
40304 0
40341 0
40546 0
40584 0
40777 0
40843 0
40853 0
40928 0
40953 0
40982 0
41246 0
41248 0
41294 0
41336 0
41349 0
41400 0
41414 0
41446 0
41486 0
41520 0
41646 0
41660 0
41819 0
42047 0
42281 0
42603 0
42673 0
42807 0
42809 0
42827 0
42844 0
42855 0
42873 0
42941 0
42993 0
43091 0
43329 0
43410 0
43458 0
43491 0
43592 0
43612 0
43650 0
43786 0
43943 0
44072 0
44090 0
44211 0
44252 0
44262 0
44459 0
44490 0
44497 0
44622 0
44690 0
44734 0
44763 0
44841 0
44851 0
45029 0
45120 0
45295 0
45372 0
45495 0
45747 0
45772 0
45912 0
46005 0
46126 0
46388 0
46420 0
46436 0
46624 0
46705 0
46731 0
46869 0
46988 0
47036 0
47155 0
47202 0
47343 0
47411 0
47486 0
47542 0
47554 0
47749 0
47761 0
47905 0
48102 0
48452 0
48492 0
48765 0
48806 0
48826 0
48872 0
48917 0
48958 0
49129 0
49249 0
49283 0
49358 0
49374 0
49440 0
49506 0
49513 0
49761 0
49779 0
49970 0
50074 0
50089 0
50607 0
50736 0
50762 0
50807 0
50812 0
50826 0
50852 0
50940 0
51126 0
51150 0
51219 0
51258 0
51271 0
51308 0
51333 0
51440 0
51602 0
51783 0
51866 0
51944 0
52474 0
52486 0
52495 0
52895 0
52995 0
53141 0
53248 0
53413 0
53415 0
53612 0
53623 0
53624 0
53663 0
53784 0
53796 0
53874 0
54087 0
54304 0
54336 0
54364 0
54440 0
54961 0
55059 0
55226 0
55409 0
55527 0
55551 0
55616 0
55623 0
56118 0
56149 0
56434 0
56474 0
56540 0
56730 0
56739 0
57003 0
57240 0
57671 0
57830 0
57873 0
57904 0
58070 0
58122 0
58364 0
58389 0
58433 0
58469 0
58507 0
58510 0
58514 0
58691 0
58846 0
58890 0
58956 0
59273 0
59285 0
59302 0
59431 0
59468 0
59599 0
59960 0
59997 0
60036 0
60076 0
60085 0
60234 0
60252 0
60255 0
60271 0
60322 0
60359 0
60406 0
60577 0
60631 0
60835 0
60903 0
60907 0
60982 0
61005 0
61038 0
61093 0
61191 0
61434 0
61482 0
61533 0
61585 0
61701 0
61952 0
62149 0
62279 0
62467 0
62741 0
63019 0
63247 0
63370 0
63430 0
63442 0
63640 0
63877 0
63879 0
63921 0
63967 0
64275 0
64594 0
64628 0
64667 0
64680 0
64713 0
64801 0
65082 0
65083 0
65138 0
65252 0
65295 0
65344 0
65469 0
65540 0
65554 0
65599 0
65783 0
65893 0
65975 0
66068 0
66247 0
66447 0
66736 0
66761 0
66798 0
66802 0
66843 0
66982 0
67460 0
67537 0
67588 0
67966 0
67991 0
67994 0
68077 0
68197 0
68304 0
68306 0
68460 0
68467 0
68493 0
68501 0
68513 0
68718 0
68719 0
68849 0
68984 0
69248 0
69342 0
69561 0
69675 0
69700 0
69863 0
69967 0
70149 0
70202 0
70443 0
70454 0
70482 0
70493 0
70535 0
70540 0
70617 0
70620 0
70800 0
70873 0
71010 0
71058 0
71120 0
71190 0
71211 0
71228 0
71314 0
71355 0
71511 0
71619 0
71635 0
71647 0
71882 0
71902 0
72186 0
72315 0
72422 0
72556 0
72577 0
72637 0
72639 0
72748 0
72861 0
72902 0
72991 0
73003 0
73023 0
73284 0
73369 0
73375 0
73597 0
73746 0
73955 0
74028 0
74071 0
74221 0
74240 0
74478 0
74486 0
74497 0
74618 0
74633 0
74813 0
74847 0
74943 0
75115 0
75216 0
75313 0
75468 0
75700 0
75714 0
75780 0
75782 0
75868 0
75904 0
75963 0
76157 0
76164 0
76208 0
76254 0
76292 0
76342 0
76382 0
76437 0
76503 0
76525 0
76578 0
76775 0
76777 0
76789 0
76923 0
76947 0
76997 0
77081 0
77143 0
77208 0
77337 0
77444 0
77671 0
77705 0
77747 0
77819 0
77839 0
77933 0
78004 0
78053 0
78095 0
78398 0
78407 0
78498 0
78512 0
78554 0
78712 0
78849 0
78970 0
79045 0
79047 0
79072 0
79142 0
79369 0
79385 0
79402 0
79577 0
79718 0
79785 0
79968 0
80189 0
80460 0
80714 0
80721 0
80854 0
81030 0
81161 0
81225 0
81301 0
81315 0
81325 0
81445 0
81486 0
81594 0
81601 0
81630 0
81746 0
81844 0
81866 0
81901 0
81987 0
82027 0
82064 0
82114 0
82271 0
82314 0
82322 0
82480 0
82497 0
82964 0
82999 0
83149 0
83199 0
83287 0
83355 0
83375 0
83678 0
83966 0
84016 0
84043 0
84096 0
84193 0
84265 0
84301 0
84308 0
84392 0
84399 0
84415 0
84566 0
84664 0
84684 0
84788 0
84866 0
84870 0
84966 0
85213 0
85521 0
85592 0
85804 0
85831 0
85868 0
85920 0
86005 0
86022 0
86047 0
86078 0
86092 0
86103 0
86105 0
86217 0
86243 0
86589 0
86602 0
86682 0
86687 0
86754 0
86944 0
87132 0
87239 0
87272 0
87292 0
87331 0
87449 0
87477 0
87952 0
87953 0
87958 0
88033 0
88087 0
88152 0
88363 0
88489 0
88671 0
88693 0
88958 0
89038 0
89161 0
89220 0
89348 0
89867 0
90227 0
90277 0
90413 0
90534 0
90605 0
90624 0
90631 0
90684 0
90753 0
90826 0
90852 0
90861 0
90964 0
91076 0
91097 0
91277 0
91413 0
91431 0
91444 0
92509 0
92520 0
92533 0
92546 0
92720 0
92753 0
93224 0
93227 0
93272 0
93353 0
93634 0
93721 0
93736 0
93754 0
93827 0
94140 0
94236 0
94307 0
94351 0
94360 0
94412 0
94631 0
94729 0
94843 0
94901 0
94909 0
94914 0
94970 0
94999 0
95081 0
95091 0
95151 0
95166 0
95203 0
95219 0
95329 0
95449 0
95479 0
95585 0
95608 0
95746 0
95849 0
95951 0
96300 0
96338 0
96568 0
96745 0
96758 0
96852 0
96980 0
97044 0
97059 0
97071 0
97076 0
97107 0
97142 0
97486 0
97561 0
97573 0
97623 0
97782 0
97828 0
98102 0
98257 0
98399 0
98603 0
98656 0
98707 0
98848 0
98867 0
98874 0
98912 0
98941 0
99126 0
99155 0
99319 0
99322 0
99500 0
99504 0
99601 0
99610 0
99640 0
99655 0
99805 0
99890 0
99952 0
