c This is a uniform distributed  1-D DIMACS file 
c width height point_number
p 100000 100000 1024
45 0
145 0
228 0
231 0
246 0
292 0
422 0
446 0
461 0
558 0
584 0
596 0
634 0
746 0
907 0
954 0
983 0
998 0
1054 0
1055 0
1057 0
1129 0
1197 0
1272 0
1287 0
1385 0
1392 0
1463 0
1622 0
1658 0
1688 0
1705 0
1980 0
2075 0
2347 0
2744 0
2781 0
2797 0
2832 0
2936 0
3170 0
3178 0
3188 0
3259 0
3431 0
3580 0
3630 0
3756 0
3906 0
3907 0
4050 0
4242 0
4270 0
4339 0
4373 0
4392 0
4444 0
4620 0
4666 0
4870 0
4879 0
4898 0
4904 0
4909 0
5010 0
5092 0
5244 0
5399 0
5948 0
6090 0
6096 0
6102 0
6318 0
6598 0
6711 0
6763 0
6833 0
6949 0
7144 0
7273 0
7279 0
7344 0
7351 0
7394 0
7484 0
7509 0
7603 0
7642 0
7700 0
7704 0
7769 0
7789 0
7827 0
8010 0
8155 0
8228 0
8304 0
8376 0
8530 0
8625 0
8909 0
8920 0
8977 0
9124 0
9175 0
9420 0
9632 0
9835 0
10103 0
10310 0
10311 0
10488 0
10510 0
10523 0
10533 0
10770 0
10796 0
11007 0
11165 0
11554 0
11562 0
11601 0
11630 0
11767 0
11810 0
12094 0
12124 0
12199 0
12338 0
12476 0
12608 0
12651 0
12681 0
12845 0
13030 0
13072 0
13096 0
13208 0
13399 0
13444 0
13459 0
13648 0
13663 0
13701 0
13719 0
13727 0
13797 0
13943 0
14062 0
14104 0
14237 0
14299 0
14400 0
14445 0
14564 0
14602 0
14676 0
14703 0
14753 0
14817 0
14835 0
14966 0
15034 0
15368 0
15426 0
15564 0
15580 0
15645 0
15655 0
15719 0
15791 0
15864 0
15872 0
15890 0
15996 0
16024 0
16082 0
16281 0
16321 0
16383 0
16548 0
16560 0
16709 0
16737 0
16769 0
16837 0
16853 0
17021 0
17032 0
17181 0
17183 0
17277 0
17406 0
17515 0
17742 0
17893 0
18240 0
18352 0
18410 0
18497 0
18575 0
18713 0
18739 0
18831 0
18870 0
18982 0
19260 0
19350 0
19405 0
19429 0
19759 0
20098 0
20166 0
20228 0
20265 0
20482 0
20860 0
21008 0
21037 0
21057 0
21078 0
21112 0
21299 0
21348 0
21399 0
21573 0
21732 0
21865 0
21921 0
22204 0
22374 0
22853 0
22947 0
23144 0
23150 0
23230 0
23236 0
23309 0
23324 0
23528 0
23541 0
23613 0
23673 0
23892 0
23982 0
23993 0
23996 0
24117 0
24130 0
24169 0
24343 0
24468 0
24582 0
24619 0
24622 0
24645 0
24660 0
24810 0
24851 0
24979 0
24981 0
25043 0
25203 0
25526 0
25718 0
25854 0
25959 0
26433 0
26447 0
26523 0
26664 0
26797 0
26819 0
27138 0
27413 0
27464 0
27533 0
27628 0
27867 0
27911 0
27916 0
27957 0
28042 0
28048 0
28121 0
28141 0
28382 0
28426 0
28485 0
28677 0
28681 0
28697 0
28719 0
28721 0
28935 0
29216 0
29219 0
29336 0
29429 0
29473 0
29640 0
29676 0
29698 0
29865 0
30062 0
30083 0
30595 0
30835 0
30969 0
30995 0
31071 0
31104 0
31130 0
31226 0
31287 0
31458 0
31564 0
31566 0
31715 0
31785 0
31926 0
32170 0
32190 0
32246 0
32405 0
32529 0
32541 0
32831 0
32845 0
33030 0
33374 0
33375 0
33424 0
33437 0
33499 0
33551 0
33592 0
33811 0
34096 0
34197 0
34202 0
34412 0
34462 0
34489 0
34554 0
34627 0
34699 0
34776 0
34947 0
34983 0
35024 0
35196 0
35262 0
35359 0
35425 0
35471 0
35554 0
35666 0
35676 0
35971 0
36043 0
36252 0
36490 0
36519 0
36530 0
36659 0
36717 0
36788 0
36925 0
36969 0
37028 0
37088 0
37269 0
37339 0
37343 0
37490 0
37554 0
37596 0
37627 0
37662 0
37843 0
37923 0
37987 0
38097 0
38139 0
38159 0
38186 0
38271 0
38417 0
38653 0
38694 0
38790 0
38820 0
38830 0
38942 0
39127 0
39175 0
39218 0
39267 0
39321 0
39419 0
39447 0
39659 0
39672 0
39722 0
40071 0
40073 0
40166 0
40223 0
40252 0
40397 0
40512 0
40572 0
40603 0
40684 0
40704 0
40720 0
40779 0
40863 0
40884 0
40894 0
40942 0
41027 0
41103 0
41138 0
41307 0
41372 0
41411 0
41572 0
41660 0
41723 0
41804 0
41874 0
41996 0
42125 0
42191 0
42279 0
42294 0
42321 0
42343 0
42344 0
42368 0
42376 0
42503 0
42507 0
42508 0
42892 0
42941 0
42992 0
43289 0
43404 0
43419 0
43431 0
43453 0
43496 0
43498 0
43576 0
43633 0
43647 0
43944 0
43950 0
44032 0
44049 0
44050 0
44189 0
44326 0
44360 0
44370 0
44505 0
44548 0
44570 0
44741 0
44791 0
44979 0
45072 0
45217 0
45315 0
45383 0
45780 0
45794 0
45886 0
46120 0
46154 0
46221 0
46225 0
46315 0
46368 0
46827 0
46903 0
46932 0
46987 0
47052 0
47191 0
47196 0
47271 0
47333 0
47401 0
47593 0
47656 0
47788 0
47848 0
47981 0
48022 0
48046 0
48117 0
48154 0
48282 0
48555 0
48652 0
48893 0
48971 0
49017 0
49122 0
49131 0
49155 0
49178 0
49416 0
49516 0
49608 0
49617 0
49628 0
49669 0
49764 0
49789 0
49792 0
49917 0
49968 0
50138 0
50204 0
50369 0
50690 0
50809 0
50830 0
50912 0
51078 0
51085 0
51096 0
51117 0
51350 0
51524 0
51544 0
51581 0
51728 0
51741 0
51743 0
51826 0
51827 0
52063 0
52120 0
52210 0
52236 0
52508 0
52527 0
52597 0
52615 0
52694 0
52881 0
52899 0
53090 0
53150 0
53161 0
53286 0
53322 0
53733 0
53803 0
53817 0
53830 0
53844 0
54061 0
54141 0
54418 0
54439 0
54557 0
54606 0
54876 0
55172 0
55189 0
55214 0
55241 0
55314 0
55316 0
55423 0
55442 0
55460 0
55625 0
55651 0
55900 0
55994 0
56160 0
56209 0
56497 0
56510 0
56561 0
56578 0
56780 0
56851 0
56944 0
57040 0
57318 0
57407 0
57538 0
57768 0
57951 0
58027 0
58047 0
58235 0
58441 0
58452 0
58554 0
58676 0
58702 0
58847 0
58850 0
59397 0
59417 0
59440 0
59452 0
59660 0
59975 0
60066 0
60098 0
60180 0
60382 0
60403 0
60583 0
60717 0
60729 0
60739 0
60823 0
60908 0
60956 0
61006 0
61029 0
61031 0
61085 0
61117 0
61241 0
61664 0
61797 0
61970 0
62211 0
62266 0
62310 0
62343 0
62484 0
62687 0
63120 0
63268 0
63424 0
63537 0
63581 0
63585 0
63658 0
63774 0
63984 0
64019 0
64256 0
64311 0
64346 0
64386 0
64400 0
64476 0
64505 0
64561 0
64574 0
64829 0
64877 0
65027 0
65085 0
65133 0
65171 0
65193 0
65222 0
65253 0
65302 0
65321 0
65336 0
65357 0
65535 0
65653 0
65876 0
65903 0
65972 0
66013 0
66170 0
66209 0
66223 0
66230 0
66305 0
66319 0
66327 0
66405 0
66456 0
66524 0
66736 0
67092 0
67102 0
67125 0
67193 0
67248 0
67394 0
67498 0
67508 0
67527 0
67556 0
67791 0
67885 0
67946 0
67968 0
68592 0
68747 0
68802 0
68813 0
69094 0
69332 0
69367 0
69445 0
69475 0
69642 0
69823 0
70054 0
70089 0
70164 0
70215 0
70313 0
70349 0
70427 0
70465 0
70566 0
70633 0
70808 0
70953 0
70978 0
71278 0
71317 0
71456 0
71480 0
71488 0
71500 0
71732 0
71998 0
72043 0
72056 0
72112 0
72131 0
72227 0
72230 0
72312 0
72344 0
72414 0
72593 0
72606 0
72829 0
73201 0
73391 0
73586 0
73648 0
73791 0
73794 0
73968 0
74028 0
74162 0
74170 0
74177 0
74508 0
74604 0
74695 0
74729 0
74772 0
74842 0
74921 0
74927 0
74982 0
75067 0
75194 0
75257 0
75284 0
75456 0
75467 0
75475 0
75506 0
75700 0
75828 0
75926 0
76095 0
76135 0
76148 0
76162 0
76441 0
76631 0
76741 0
76855 0
76896 0
77042 0
77052 0
77064 0
77379 0
77416 0
77428 0
77478 0
77605 0
77631 0
77680 0
77906 0
77964 0
77992 0
78188 0
78264 0
78373 0
78498 0
78501 0
78502 0
78526 0
78561 0
78877 0
78965 0
79166 0
79355 0
79854 0
80106 0
80379 0
80539 0
80819 0
80998 0
81057 0
81113 0
81118 0
81239 0
81309 0
81432 0
81625 0
81807 0
81828 0
81905 0
81970 0
81985 0
82056 0
82200 0
82239 0
82404 0
82487 0
82596 0
82602 0
82609 0
82688 0
82706 0
82714 0
82727 0
82800 0
82954 0
83009 0
83305 0
83380 0
83436 0
83768 0
83852 0
83858 0
84005 0
84084 0
84230 0
84236 0
84308 0
84361 0
84473 0
84524 0
84602 0
85016 0
85045 0
85137 0
85255 0
85356 0
85715 0
85798 0
85867 0
86096 0
86132 0
86181 0
86189 0
86230 0
86345 0
86353 0
86604 0
86631 0
86663 0
86730 0
86743 0
86828 0
86894 0
87223 0
87251 0
87311 0
87566 0
87643 0
87661 0
87666 0
87669 0
87675 0
87762 0
87851 0
87886 0
88079 0
88106 0
88436 0
88459 0
88542 0
88635 0
88722 0
88783 0
88817 0
88938 0
89109 0
89153 0
89211 0
89668 0
89718 0
89871 0
89905 0
90195 0
90345 0
90472 0
90545 0
90615 0
90618 0
90679 0
90786 0
90911 0
90931 0
90979 0
91083 0
91166 0
91256 0
91268 0
91315 0
91488 0
91536 0
91540 0
91614 0
91623 0
91639 0
91644 0
91739 0
91787 0
91792 0
91821 0
91888 0
92281 0
92287 0
92353 0
92404 0
92511 0
92550 0
92568 0
92610 0
92647 0
92697 0
92791 0
92825 0
93193 0
93296 0
93380 0
93444 0
93680 0
93757 0
94054 0
94097 0
94564 0
94656 0
94834 0
94906 0
95017 0
95297 0
95503 0
95710 0
95798 0
95998 0
96015 0
96054 0
96270 0
96519 0
96659 0
96725 0
96734 0
96821 0
96831 0
97029 0
97141 0
97177 0
97195 0
97223 0
97380 0
97445 0
97493 0
97562 0
97568 0
97646 0
97672 0
97736 0
97739 0
97857 0
97859 0
97936 0
97965 0
98000 0
98003 0
98081 0
98189 0
98222 0
98455 0
98458 0
98491 0
98551 0
98591 0
98649 0
98805 0
99112 0
99137 0
99297 0
99506 0
99615 0
99773 0
99781 0
99891 0
99903 0
99978 0
