c This is a uniform distributed  1-D DIMACS file 
c width height point_number
p 100000 100000 1024
47 0
129 0
190 0
248 0
301 0
405 0
456 0
457 0
513 0
687 0
993 0
1162 0
1176 0
1190 0
1213 0
1245 0
1341 0
1409 0
1489 0
1537 0
1567 0
1588 0
1603 0
1645 0
1646 0
1817 0
2066 0
2231 0
2361 0
2490 0
2793 0
2874 0
2997 0
3090 0
3280 0
3381 0
3467 0
3485 0
3529 0
3551 0
3891 0
3898 0
4053 0
4351 0
4412 0
4796 0
5033 0
5082 0
5132 0
5179 0
5317 0
5415 0
5703 0
5828 0
5934 0
5967 0
5985 0
6085 0
6153 0
6259 0
6359 0
6688 0
6692 0
6724 0
7001 0
7023 0
7236 0
7243 0
7253 0
7329 0
7361 0
7368 0
7452 0
7489 0
7847 0
7906 0
8066 0
8107 0
8152 0
8258 0
8422 0
8450 0
8527 0
8591 0
8685 0
8908 0
9232 0
9260 0
9389 0
9448 0
9504 0
9623 0
9741 0
9861 0
9941 0
10322 0
10431 0
10476 0
10481 0
10605 0
10854 0
10897 0
10933 0
11297 0
11329 0
11342 0
11373 0
11578 0
11616 0
11984 0
12328 0
12334 0
12374 0
12518 0
12596 0
12628 0
12872 0
12952 0
12989 0
13006 0
13202 0
13240 0
13464 0
13568 0
13611 0
13681 0
13913 0
13914 0
13967 0
14044 0
14046 0
14078 0
14169 0
14333 0
14402 0
14554 0
14584 0
14589 0
14678 0
14740 0
15114 0
15135 0
15182 0
15319 0
15377 0
15524 0
15616 0
15645 0
15726 0
15754 0
15859 0
16181 0
16288 0
16386 0
16401 0
16404 0
16450 0
16549 0
16567 0
16711 0
16879 0
17098 0
17549 0
17576 0
17739 0
17994 0
18074 0
18337 0
18489 0
18501 0
18774 0
18812 0
18960 0
19015 0
19090 0
19230 0
19562 0
19617 0
19721 0
19752 0
19834 0
19935 0
19969 0
20104 0
20452 0
20481 0
20589 0
20745 0
20941 0
20977 0
21151 0
21321 0
21356 0
21470 0
21863 0
21940 0
22047 0
22313 0
22336 0
22564 0
22583 0
22694 0
22790 0
22963 0
23057 0
23085 0
23227 0
23230 0
23296 0
23299 0
23387 0
23432 0
23611 0
23718 0
23734 0
23851 0
24125 0
24135 0
24270 0
24289 0
24328 0
24399 0
24565 0
24618 0
24706 0
24710 0
24759 0
25179 0
25214 0
25253 0
25327 0
25354 0
25417 0
25547 0
25717 0
25731 0
25734 0
25827 0
25972 0
26369 0
26375 0
26395 0
26427 0
26481 0
26490 0
26694 0
26806 0
26991 0
27003 0
27115 0
27161 0
27226 0
27842 0
27994 0
28036 0
28082 0
28216 0
28242 0
28423 0
28521 0
28593 0
28708 0
28764 0
28913 0
28963 0
28969 0
29000 0
29051 0
29061 0
29140 0
29192 0
29205 0
29231 0
29274 0
29518 0
29714 0
29903 0
30148 0
30245 0
30791 0
30838 0
30846 0
30877 0
30986 0
31181 0
31248 0
31430 0
31527 0
31691 0
31737 0
31775 0
31883 0
31922 0
31963 0
31968 0
32047 0
32085 0
32112 0
32157 0
32162 0
32256 0
32426 0
32543 0
32574 0
32803 0
32997 0
33010 0
33057 0
33221 0
33301 0
33529 0
33538 0
33585 0
33637 0
33678 0
33771 0
33831 0
33974 0
34028 0
34064 0
34074 0
34200 0
34339 0
34349 0
34470 0
34577 0
34627 0
34680 0
34710 0
34805 0
34912 0
34974 0
35061 0
35289 0
35308 0
35442 0
35459 0
35731 0
35782 0
35894 0
35917 0
36045 0
36059 0
36139 0
36153 0
36173 0
36276 0
36316 0
36335 0
36379 0
36430 0
36488 0
36748 0
36953 0
36970 0
36993 0
37094 0
37217 0
37427 0
37496 0
37563 0
37610 0
37700 0
37933 0
38032 0
38067 0
38168 0
38170 0
38337 0
38679 0
38715 0
38730 0
38775 0
38924 0
39031 0
39098 0
39102 0
39261 0
39475 0
39528 0
39548 0
39708 0
39955 0
40016 0
40086 0
40149 0
40156 0
40171 0
40192 0
40301 0
40446 0
40490 0
40733 0
40806 0
40943 0
40951 0
40964 0
40977 0
41123 0
41168 0
41321 0
41424 0
41506 0
41514 0
41602 0
41856 0
42113 0
42248 0
42302 0
42312 0
42327 0
42348 0
42481 0
42491 0
42560 0
42582 0
42618 0
42655 0
42718 0
43162 0
43489 0
43695 0
43878 0
44163 0
44362 0
44504 0
45137 0
45468 0
45504 0
45524 0
45653 0
45785 0
45793 0
45972 0
46102 0
46116 0
46173 0
46281 0
46327 0
46462 0
46489 0
46590 0
46595 0
46619 0
46670 0
46707 0
47193 0
47365 0
47455 0
47488 0
47512 0
47635 0
47636 0
47787 0
47793 0
47919 0
47975 0
47998 0
48023 0
48132 0
48148 0
48223 0
48399 0
48581 0
48690 0
48832 0
49028 0
49032 0
49117 0
49529 0
49688 0
49825 0
49901 0
49913 0
50116 0
50145 0
50197 0
50602 0
50623 0
50740 0
50926 0
51031 0
51229 0
51288 0
51378 0
51659 0
51738 0
51739 0
51754 0
51769 0
51829 0
51888 0
51902 0
52004 0
52090 0
52119 0
52195 0
52238 0
52247 0
52272 0
52458 0
52515 0
52582 0
52589 0
52661 0
52771 0
52814 0
52890 0
52910 0
52938 0
52964 0
53012 0
53030 0
53096 0
53223 0
53336 0
53340 0
53372 0
53521 0
53569 0
53703 0
53768 0
53774 0
53838 0
53861 0
53878 0
53909 0
53982 0
54071 0
54142 0
54208 0
54485 0
54534 0
54691 0
54714 0
54838 0
54866 0
55007 0
55035 0
55057 0
55257 0
55280 0
55342 0
55430 0
55447 0
55597 0
55607 0
55624 0
55667 0
55731 0
55765 0
55772 0
55800 0
55838 0
55969 0
56102 0
56232 0
56264 0
56290 0
56352 0
56383 0
56540 0
56659 0
56691 0
56843 0
56868 0
56870 0
56900 0
56972 0
56975 0
57059 0
57163 0
57241 0
57325 0
57330 0
57350 0
57419 0
57427 0
57600 0
57721 0
57843 0
57998 0
58231 0
58233 0
58289 0
58333 0
58381 0
58491 0
58572 0
58683 0
58934 0
58938 0
58992 0
59054 0
59143 0
59146 0
59213 0
59253 0
59367 0
59391 0
59538 0
59564 0
59610 0
59636 0
59682 0
59778 0
59811 0
59979 0
60140 0
60242 0
60397 0
60498 0
60529 0
60608 0
60910 0
61050 0
61124 0
61193 0
61296 0
61504 0
61526 0
61820 0
61914 0
61931 0
62167 0
62324 0
62327 0
62442 0
62689 0
62818 0
62980 0
63072 0
63252 0
63372 0
63405 0
63414 0
63446 0
63497 0
63592 0
63635 0
63716 0
63731 0
63807 0
63867 0
64029 0
64046 0
64119 0
64347 0
64379 0
64400 0
64733 0
64747 0
64756 0
65031 0
65067 0
65076 0
65314 0
65858 0
65878 0
65905 0
65906 0
66241 0
66304 0
66422 0
66447 0
66506 0
66529 0
67106 0
67241 0
67483 0
67692 0
67831 0
67907 0
67993 0
68124 0
68231 0
68272 0
68295 0
68356 0
68387 0
68422 0
68532 0
68538 0
68590 0
68664 0
68735 0
68835 0
68923 0
68992 0
69005 0
69037 0
69071 0
69144 0
69179 0
69409 0
69444 0
69613 0
69634 0
70030 0
70358 0
70364 0
70376 0
70669 0
70703 0
70772 0
70816 0
70900 0
70931 0
71171 0
71413 0
71816 0
71902 0
72167 0
72308 0
72480 0
72494 0
72624 0
72959 0
72975 0
72987 0
73026 0
73035 0
73214 0
73471 0
73490 0
73651 0
73730 0
73934 0
74192 0
74256 0
74324 0
74327 0
74490 0
74492 0
74612 0
74627 0
74711 0
74855 0
74970 0
74978 0
75074 0
75091 0
75096 0
75426 0
75464 0
75737 0
75780 0
75808 0
75842 0
76104 0
76133 0
76429 0
76448 0
76545 0
76570 0
76628 0
76805 0
76808 0
76835 0
76971 0
76983 0
77071 0
77072 0
77154 0
77155 0
77181 0
77200 0
77233 0
77355 0
77552 0
77563 0
77736 0
77747 0
77769 0
77789 0
77807 0
77817 0
77850 0
78220 0
78243 0
78297 0
78309 0
78530 0
78629 0
78775 0
78924 0
78992 0
79003 0
79010 0
79050 0
79096 0
79280 0
79313 0
79723 0
79764 0
79874 0
79887 0
79915 0
79998 0
80051 0
80196 0
80535 0
80604 0
80681 0
80710 0
80721 0
80734 0
80776 0
80852 0
80963 0
81017 0
81355 0
81467 0
81495 0
81604 0
81626 0
81643 0
81715 0
81717 0
81814 0
81857 0
81884 0
82659 0
82762 0
82920 0
82995 0
83048 0
83069 0
83125 0
83369 0
83461 0
83570 0
83630 0
83632 0
83849 0
83851 0
84018 0
84024 0
84131 0
84415 0
84449 0
84540 0
84629 0
84691 0
84705 0
84850 0
85065 0
85121 0
85386 0
85393 0
85440 0
85478 0
85532 0
85567 0
85643 0
85691 0
85815 0
85862 0
85866 0
86032 0
86081 0
86158 0
86221 0
86240 0
86344 0
86398 0
86532 0
86554 0
86823 0
86895 0
87073 0
87144 0
87145 0
87283 0
87315 0
87425 0
87616 0
87834 0
87908 0
87985 0
88027 0
88115 0
88135 0
88142 0
88175 0
88259 0
88265 0
88317 0
88329 0
88455 0
88458 0
88520 0
88556 0
88570 0
88584 0
88701 0
88795 0
88832 0
88881 0
88893 0
88926 0
89112 0
89161 0
89285 0
89340 0
89390 0
89526 0
89686 0
89749 0
89754 0
89783 0
89789 0
89920 0
89983 0
90030 0
90150 0
90164 0
90188 0
90195 0
90247 0
90327 0
90370 0
90712 0
90786 0
90802 0
90913 0
90966 0
91027 0
91160 0
91196 0
91252 0
91700 0
91707 0
91962 0
92024 0
92102 0
92122 0
92185 0
92254 0
92307 0
92324 0
92368 0
92402 0
92434 0
92455 0
92637 0
92648 0
92738 0
92858 0
92911 0
92940 0
93008 0
93201 0
93430 0
93513 0
93528 0
93744 0
93793 0
93886 0
94034 0
94103 0
94391 0
94404 0
94559 0
94570 0
94753 0
94845 0
94916 0
95051 0
95064 0
95104 0
95331 0
95352 0
95376 0
95429 0
95576 0
95920 0
95989 0
96083 0
96115 0
96162 0
96235 0
96242 0
96398 0
96462 0
96488 0
96548 0
96590 0
96870 0
97223 0
97283 0
97396 0
97504 0
97725 0
97772 0
98065 0
98284 0
98439 0
98658 0
98665 0
98807 0
98824 0
98938 0
98976 0
99012 0
99015 0
99021 0
99139 0
99159 0
99262 0
99276 0
99334 0
99441 0
99501 0
99550 0
99576 0
99648 0
99660 0
99712 0
99746 0
99760 0
99854 0
99905 0
99991 0
