c This is a uniform distributed  1-D DIMACS file 
c width height point_number
p 100000 100000 1024
171 0
267 0
458 0
993 0
1133 0
1297 0
1350 0
1391 0
1419 0
1516 0
1529 0
1710 0
1731 0
1851 0
1900 0
2187 0
2249 0
2293 0
2522 0
2556 0
2634 0
2737 0
2776 0
2807 0
3013 0
3058 0
3087 0
3206 0
3273 0
3294 0
3310 0
3469 0
3516 0
3694 0
3801 0
3954 0
3959 0
3971 0
4372 0
4380 0
4410 0
4580 0
4633 0
4661 0
4702 0
4937 0
5127 0
5215 0
5239 0
5419 0
5420 0
5450 0
5472 0
5512 0
5583 0
5937 0
6013 0
6070 0
6343 0
6361 0
6378 0
6509 0
6521 0
6591 0
6656 0
6752 0
6856 0
7184 0
7334 0
7387 0
7455 0
7504 0
7538 0
7539 0
8019 0
8037 0
8099 0
8146 0
8301 0
8673 0
8849 0
8892 0
8901 0
8925 0
8994 0
9133 0
9241 0
9286 0
9516 0
10029 0
10089 0
10146 0
10194 0
10473 0
10608 0
10666 0
10668 0
10749 0
10865 0
10905 0
11050 0
11139 0
11270 0
11294 0
11333 0
11351 0
11358 0
11688 0
11790 0
11791 0
11805 0
11812 0
12173 0
12182 0
12334 0
12344 0
12401 0
12490 0
12531 0
12664 0
12753 0
12774 0
12800 0
12910 0
13152 0
13244 0
13312 0
13313 0
13369 0
13390 0
13453 0
13480 0
13528 0
13560 0
13590 0
13824 0
14036 0
14101 0
14264 0
14349 0
14368 0
14565 0
14640 0
14650 0
14817 0
14833 0
14897 0
14948 0
14975 0
15209 0
15229 0
15274 0
15278 0
15305 0
15354 0
15394 0
15408 0
15417 0
15895 0
15966 0
16049 0
16112 0
16178 0
16235 0
16283 0
16406 0
16443 0
16603 0
16705 0
16731 0
16872 0
16883 0
16980 0
17188 0
17200 0
17202 0
17219 0
17294 0
17368 0
17436 0
17569 0
17580 0
17662 0
17739 0
17812 0
17856 0
17967 0
18245 0
18311 0
18330 0
18505 0
18542 0
19080 0
19087 0
19221 0
19224 0
19694 0
19707 0
19827 0
19906 0
19919 0
20091 0
20130 0
20260 0
20261 0
20413 0
20446 0
20563 0
20565 0
20588 0
20674 0
20705 0
20763 0
20860 0
21388 0
21422 0
21560 0
21704 0
21705 0
21818 0
21853 0
21860 0
21884 0
22175 0
22184 0
22211 0
22238 0
22257 0
22505 0
22535 0
22573 0
22908 0
22964 0
22997 0
23166 0
23501 0
23585 0
23631 0
23657 0
23799 0
23819 0
23945 0
23954 0
24097 0
24112 0
24121 0
24126 0
24249 0
24364 0
24453 0
24548 0
24803 0
24808 0
24945 0
24956 0
25166 0
25256 0
25312 0
25445 0
25452 0
25488 0
25513 0
25538 0
25656 0
25786 0
25851 0
25995 0
26004 0
26028 0
26055 0
26057 0
26156 0
26248 0
26250 0
26252 0
26439 0
26440 0
26750 0
26804 0
26828 0
26844 0
26880 0
26893 0
26921 0
26947 0
27041 0
27103 0
27155 0
27158 0
27246 0
27370 0
27415 0
27479 0
27705 0
27846 0
27914 0
27930 0
28112 0
28200 0
28276 0
28313 0
28387 0
28572 0
28804 0
29055 0
29279 0
29296 0
29308 0
29337 0
29445 0
29572 0
29726 0
29740 0
29783 0
29789 0
29878 0
30017 0
30061 0
30090 0
30143 0
30334 0
30538 0
30603 0
30611 0
30725 0
30754 0
30880 0
30938 0
31031 0
31209 0
31228 0
31361 0
31409 0
31427 0
31645 0
31738 0
31777 0
31808 0
31837 0
31894 0
31926 0
31981 0
31982 0
31989 0
32017 0
32030 0
32073 0
32162 0
32167 0
32245 0
32388 0
32543 0
32577 0
32789 0
32804 0
32831 0
33054 0
33094 0
33137 0
33145 0
33201 0
33207 0
33219 0
33274 0
33589 0
33762 0
33763 0
33804 0
33812 0
33881 0
33963 0
34182 0
34226 0
34485 0
34550 0
34675 0
34766 0
34770 0
35149 0
35161 0
35388 0
35444 0
35456 0
35595 0
35634 0
35740 0
35999 0
36016 0
36043 0
36048 0
36074 0
36248 0
36316 0
36393 0
36530 0
36648 0
36890 0
37048 0
37116 0
37343 0
37345 0
37541 0
37688 0
37758 0
37767 0
37779 0
37841 0
37853 0
37865 0
37923 0
38190 0
38770 0
38882 0
38976 0
39122 0
39126 0
39221 0
39284 0
39285 0
39297 0
39413 0
39453 0
39671 0
39897 0
39905 0
40074 0
40422 0
40458 0
40480 0
40557 0
40655 0
40693 0
40799 0
40806 0
41049 0
41173 0
41245 0
41250 0
41289 0
41293 0
41296 0
41318 0
41388 0
41513 0
41600 0
41782 0
41876 0
42080 0
42515 0
42592 0
42625 0
42669 0
42711 0
42885 0
42892 0
42925 0
43006 0
43128 0
43151 0
43231 0
43373 0
43445 0
43469 0
43518 0
43788 0
43859 0
44055 0
44124 0
44325 0
44360 0
44361 0
44407 0
44475 0
44504 0
44989 0
45084 0
45219 0
45351 0
45641 0
45655 0
45755 0
45925 0
45934 0
46028 0
46073 0
46257 0
46422 0
46531 0
46727 0
46806 0
46888 0
46930 0
46934 0
47235 0
47253 0
47254 0
47335 0
47363 0
47399 0
47424 0
47448 0
47476 0
47545 0
47592 0
47639 0
47726 0
47794 0
47835 0
47873 0
47882 0
47907 0
47930 0
48150 0
48243 0
48373 0
48425 0
48567 0
48606 0
48699 0
48703 0
48881 0
48900 0
48904 0
48912 0
49121 0
49315 0
49503 0
49562 0
49860 0
50150 0
50214 0
50349 0
50466 0
50543 0
50678 0
50922 0
51129 0
51337 0
51481 0
51513 0
51531 0
51533 0
51557 0
51653 0
51665 0
51686 0
51694 0
51800 0
51934 0
51982 0
52011 0
52084 0
52131 0
52322 0
52371 0
52449 0
52755 0
52825 0
52841 0
52855 0
52998 0
53111 0
53126 0
53293 0
53320 0
53461 0
53549 0
53653 0
53790 0
53850 0
53853 0
53930 0
53931 0
53998 0
54098 0
54127 0
54182 0
54353 0
54379 0
54401 0
54618 0
54715 0
54738 0
54783 0
54895 0
55005 0
55031 0
55099 0
55301 0
55340 0
55636 0
55862 0
55894 0
55968 0
55992 0
56038 0
56050 0
56237 0
56253 0
56331 0
56350 0
56402 0
56423 0
56432 0
56489 0
56572 0
56612 0
56799 0
56863 0
56889 0
56971 0
57100 0
57158 0
57320 0
57358 0
57398 0
57534 0
57830 0
57853 0
57905 0
58063 0
58077 0
58105 0
58182 0
58328 0
58739 0
58997 0
59006 0
59044 0
59049 0
59108 0
59111 0
59228 0
59238 0
59326 0
59365 0
59394 0
59435 0
59494 0
59990 0
60082 0
60141 0
60258 0
60417 0
60756 0
60833 0
60867 0
60933 0
60987 0
61026 0
61036 0
61073 0
61211 0
61315 0
61322 0
61383 0
61424 0
61519 0
61729 0
61777 0
61796 0
62291 0
62412 0
62423 0
62472 0
62482 0
62550 0
62574 0
62603 0
62835 0
62885 0
62948 0
62963 0
63100 0
63155 0
63162 0
63197 0
63668 0
63831 0
64015 0
64186 0
64247 0
64409 0
64486 0
64537 0
64592 0
64652 0
64794 0
64862 0
64949 0
65123 0
65164 0
65189 0
65215 0
65241 0
65542 0
65605 0
65679 0
65843 0
65846 0
65852 0
65985 0
66130 0
66165 0
66172 0
66337 0
66403 0
66778 0
66872 0
67037 0
67246 0
67354 0
67505 0
67529 0
67588 0
67664 0
67816 0
67828 0
68196 0
68277 0
68291 0
68362 0
68457 0
68512 0
68520 0
68544 0
68611 0
68672 0
69245 0
69416 0
69435 0
69535 0
69585 0
69597 0
69845 0
69918 0
69994 0
70066 0
70378 0
70444 0
70477 0
70610 0
70685 0
70856 0
70915 0
71204 0
71232 0
71391 0
71429 0
71441 0
71640 0
71905 0
72104 0
72242 0
72296 0
72332 0
72488 0
72685 0
72712 0
72751 0
72759 0
72760 0
72929 0
73172 0
73202 0
73206 0
73352 0
73703 0
73711 0
73769 0
73772 0
73891 0
73917 0
73923 0
73977 0
73982 0
74059 0
74156 0
74255 0
74345 0
74495 0
74501 0
74669 0
74929 0
74935 0
75000 0
75010 0
75240 0
75262 0
75354 0
75707 0
75859 0
76234 0
76310 0
76376 0
76399 0
76411 0
76502 0
76556 0
76856 0
76880 0
77013 0
77026 0
77036 0
77131 0
77140 0
77229 0
77253 0
77472 0
77531 0
77561 0
77680 0
77693 0
77738 0
77840 0
77864 0
78199 0
78301 0
78387 0
78391 0
78405 0
78871 0
79177 0
79346 0
79458 0
79649 0
79716 0
79825 0
80312 0
80394 0
80395 0
80504 0
80548 0
80551 0
80597 0
80602 0
80670 0
80691 0
80731 0
80763 0
81079 0
81155 0
81308 0
81600 0
81673 0
81695 0
81790 0
81795 0
81901 0
82043 0
82180 0
82540 0
82608 0
82631 0
82678 0
82826 0
82851 0
82917 0
82926 0
82945 0
83071 0
83083 0
83155 0
83157 0
83196 0
83358 0
83460 0
83465 0
83536 0
83553 0
83793 0
83841 0
83866 0
84045 0
84098 0
84196 0
84316 0
84356 0
84546 0
84583 0
84592 0
84822 0
84905 0
84954 0
85270 0
85275 0
85331 0
85491 0
85660 0
85743 0
85800 0
85911 0
86220 0
86443 0
86576 0
86817 0
86898 0
86940 0
86953 0
87358 0
87386 0
87481 0
87508 0
87597 0
87700 0
87864 0
87867 0
87882 0
87926 0
88057 0
88116 0
88540 0
88845 0
88914 0
89040 0
89180 0
89258 0
89363 0
89648 0
89850 0
89984 0
90148 0
90322 0
90517 0
90626 0
90852 0
90887 0
90911 0
90936 0
90963 0
90974 0
91093 0
91236 0
91296 0
91635 0
91668 0
91674 0
91682 0
92007 0
92109 0
92125 0
92153 0
92236 0
92667 0
92701 0
92845 0
92932 0
92962 0
93198 0
93226 0
93235 0
93255 0
93360 0
93553 0
93586 0
93719 0
93739 0
94060 0
94062 0
94097 0
94109 0
94128 0
94245 0
94400 0
94432 0
94599 0
94801 0
94874 0
95019 0
95029 0
95087 0
95116 0
95147 0
95155 0
95673 0
95732 0
95738 0
95740 0
95812 0
95884 0
95904 0
95994 0
96131 0
96197 0
96199 0
96266 0
96384 0
96394 0
96399 0
96408 0
96413 0
96492 0
96569 0
96713 0
96715 0
96853 0
96854 0
96868 0
96914 0
96946 0
97331 0
97337 0
97460 0
97572 0
97636 0
97654 0
97766 0
97896 0
97984 0
97989 0
98123 0
98273 0
98278 0
98459 0
98471 0
98535 0
98672 0
98935 0
98987 0
99113 0
99242 0
99572 0
99683 0
99692 0
