c This is a uniform distributed  1-D DIMACS file 
c width height point_number
p 100000 100000 1024
97 0
246 0
640 0
751 0
806 0
896 0
1340 0
1416 0
1428 0
1430 0
1477 0
1513 0
1554 0
1615 0
1719 0
1781 0
1934 0
2054 0
2162 0
2173 0
2175 0
2179 0
2254 0
2277 0
2348 0
2376 0
2562 0
2592 0
2631 0
2706 0
3045 0
3090 0
3465 0
3503 0
3517 0
3545 0
3638 0
3644 0
3689 0
3800 0
3824 0
3854 0
3937 0
4272 0
4274 0
4304 0
4427 0
4481 0
4592 0
4597 0
4738 0
4769 0
4814 0
4822 0
4976 0
5027 0
5293 0
5352 0
5638 0
5728 0
5735 0
5750 0
5848 0
5960 0
6089 0
6142 0
6316 0
6389 0
6500 0
6684 0
6877 0
7059 0
7091 0
7272 0
7388 0
7417 0
7550 0
7569 0
7599 0
7653 0
7748 0
7761 0
7792 0
7803 0
7840 0
7954 0
7997 0
8023 0
8075 0
8404 0
8434 0
8443 0
8499 0
8617 0
8894 0
9037 0
9057 0
9123 0
9124 0
9630 0
9651 0
9768 0
9786 0
9842 0
9922 0
10108 0
10156 0
10179 0
10296 0
10298 0
10432 0
10688 0
10720 0
10740 0
10770 0
11076 0
11155 0
11379 0
11413 0
11442 0
11533 0
11591 0
11616 0
11624 0
11934 0
11939 0
11993 0
12017 0
12153 0
12200 0
12276 0
12601 0
12855 0
12947 0
13006 0
13304 0
13350 0
13391 0
13543 0
13708 0
13923 0
13941 0
14134 0
14164 0
14241 0
14290 0
14396 0
14402 0
14658 0
14879 0
15140 0
15204 0
15462 0
15468 0
15479 0
15486 0
15593 0
15629 0
15631 0
15797 0
15838 0
15936 0
15972 0
16036 0
16134 0
16145 0
16281 0
16409 0
16454 0
16572 0
16627 0
16805 0
16933 0
17081 0
17177 0
17210 0
17223 0
17275 0
17392 0
17438 0
17556 0
17558 0
17637 0
17702 0
17742 0
17807 0
17846 0
17904 0
18090 0
18101 0
18235 0
18296 0
18315 0
18380 0
18456 0
18481 0
18509 0
18693 0
18755 0
18788 0
19251 0
19290 0
19299 0
19446 0
19514 0
19577 0
19610 0
19631 0
19692 0
20019 0
20091 0
20202 0
20318 0
20407 0
20527 0
20540 0
20556 0
20564 0
20691 0
20712 0
20828 0
20883 0
20961 0
21188 0
21314 0
21393 0
21420 0
21644 0
21743 0
21759 0
21795 0
21827 0
21835 0
21918 0
21939 0
22047 0
22139 0
22289 0
22461 0
22521 0
22561 0
22589 0
22663 0
22739 0
22840 0
22878 0
23221 0
23413 0
23462 0
23541 0
23543 0
23560 0
23585 0
23701 0
24058 0
24271 0
24346 0
24422 0
24424 0
24479 0
24514 0
24664 0
24738 0
25054 0
25340 0
25589 0
26007 0
26268 0
26315 0
26523 0
26592 0
26606 0
26629 0
26767 0
26831 0
26833 0
27085 0
27209 0
27267 0
27270 0
27320 0
27342 0
27463 0
27492 0
27717 0
27800 0
28055 0
28078 0
28180 0
28242 0
28255 0
28385 0
28410 0
28451 0
28573 0
28606 0
28826 0
28978 0
29129 0
29268 0
29273 0
29416 0
29566 0
29877 0
29954 0
30148 0
30192 0
30238 0
30381 0
30388 0
30398 0
30453 0
30479 0
30480 0
30631 0
30678 0
30692 0
30711 0
30728 0
30748 0
30911 0
31019 0
31038 0
31074 0
31139 0
31162 0
31169 0
31194 0
31333 0
31362 0
31444 0
31528 0
31577 0
31591 0
31625 0
31741 0
31786 0
31870 0
31895 0
32225 0
32296 0
32353 0
32355 0
32360 0
32492 0
32503 0
32505 0
32895 0
33024 0
33080 0
33118 0
33156 0
33213 0
33278 0
33283 0
33341 0
33524 0
33560 0
33629 0
33671 0
33678 0
33803 0
33912 0
33923 0
33998 0
34022 0
34046 0
34058 0
34127 0
34166 0
34310 0
34584 0
34679 0
34725 0
34737 0
34808 0
34857 0
35137 0
35181 0
35230 0
35274 0
35362 0
35384 0
35529 0
35796 0
35812 0
35998 0
36046 0
36055 0
36075 0
36196 0
36272 0
36389 0
36732 0
37003 0
37286 0
37418 0
37426 0
37438 0
37531 0
37589 0
37661 0
37755 0
37837 0
37864 0
38002 0
38146 0
38152 0
38280 0
38309 0
38414 0
38619 0
38693 0
38937 0
39114 0
39392 0
39455 0
39501 0
39516 0
39567 0
39632 0
39667 0
39882 0
39885 0
39895 0
39996 0
40005 0
40061 0
40110 0
40128 0
40288 0
40459 0
40597 0
40797 0
40826 0
40916 0
41256 0
41323 0
41504 0
41555 0
41594 0
41634 0
41770 0
41783 0
41855 0
41859 0
41890 0
41927 0
41974 0
42009 0
42037 0
42050 0
42086 0
42092 0
42131 0
42168 0
42323 0
42491 0
42631 0
42730 0
42770 0
42843 0
42863 0
42902 0
42929 0
43140 0
43438 0
43439 0
43536 0
43548 0
43738 0
43741 0
43813 0
43873 0
43901 0
43962 0
43996 0
44041 0
44204 0
44339 0
44357 0
44379 0
44411 0
44450 0
44514 0
44845 0
45101 0
45151 0
45241 0
45290 0
45470 0
45490 0
45651 0
45789 0
45830 0
45839 0
45854 0
45903 0
46010 0
46149 0
46214 0
46248 0
46503 0
46520 0
46623 0
46663 0
46819 0
46832 0
46901 0
46928 0
46936 0
47055 0
47315 0
47325 0
47330 0
47815 0
47912 0
47930 0
48032 0
48091 0
48140 0
48195 0
48278 0
48431 0
48640 0
48665 0
48772 0
49014 0
49068 0
49353 0
49394 0
49431 0
49596 0
49728 0
49914 0
49928 0
50054 0
50193 0
50457 0
50617 0
50654 0
50834 0
50880 0
50914 0
50924 0
51305 0
51670 0
51750 0
51943 0
51975 0
52041 0
52087 0
52097 0
52306 0
52454 0
52792 0
52803 0
52816 0
52866 0
53017 0
53040 0
53042 0
53230 0
53274 0
53346 0
53469 0
53491 0
53516 0
53634 0
53825 0
53847 0
53906 0
54104 0
54164 0
54230 0
54419 0
54579 0
54597 0
54616 0
54783 0
54802 0
54846 0
54847 0
55009 0
55029 0
55073 0
55142 0
55158 0
55318 0
55511 0
55591 0
55597 0
55867 0
55895 0
55910 0
55962 0
56002 0
56007 0
56238 0
56455 0
56678 0
56725 0
56761 0
56796 0
57084 0
57118 0
57173 0
57301 0
57413 0
57469 0
57474 0
57734 0
57750 0
57996 0
58159 0
58293 0
58307 0
58677 0
58690 0
58852 0
58854 0
58893 0
58925 0
58962 0
59045 0
59048 0
59062 0
59078 0
59113 0
59450 0
59451 0
59573 0
59765 0
59768 0
59892 0
59908 0
59955 0
60159 0
60197 0
60216 0
60308 0
60336 0
60350 0
60371 0
60472 0
60508 0
60727 0
60879 0
61131 0
61395 0
61432 0
61517 0
61571 0
61665 0
61948 0
61951 0
61963 0
62003 0
62319 0
62525 0
62528 0
62537 0
62654 0
62692 0
62747 0
62791 0
62860 0
63141 0
63179 0
63206 0
63301 0
63329 0
63529 0
63576 0
63654 0
63700 0
63738 0
63894 0
64067 0
64505 0
64763 0
64772 0
65078 0
65090 0
65106 0
65461 0
65497 0
65597 0
65696 0
65753 0
65854 0
66081 0
66147 0
66202 0
66265 0
66320 0
66389 0
66437 0
66474 0
66521 0
66608 0
66651 0
66847 0
67098 0
67101 0
67173 0
67398 0
67858 0
68076 0
68175 0
68363 0
68438 0
68496 0
68591 0
68734 0
68787 0
69076 0
69140 0
69193 0
69223 0
69582 0
69594 0
69863 0
69921 0
69961 0
70096 0
70128 0
70166 0
70199 0
70276 0
70300 0
70324 0
70371 0
70542 0
70813 0
70846 0
70986 0
71013 0
71180 0
71231 0
71339 0
71546 0
71775 0
72028 0
72472 0
72480 0
72645 0
72700 0
72786 0
72960 0
72981 0
73002 0
73302 0
73306 0
73532 0
73618 0
73639 0
73684 0
73852 0
73869 0
74106 0
74163 0
74190 0
74220 0
74275 0
74327 0
74379 0
74449 0
74555 0
74597 0
74791 0
74804 0
74928 0
74964 0
75010 0
75061 0
75312 0
75414 0
75476 0
75483 0
75505 0
75650 0
75701 0
75774 0
75857 0
76357 0
76436 0
76541 0
76565 0
76718 0
76740 0
76873 0
77163 0
77231 0
77324 0
77503 0
77515 0
77553 0
77620 0
77712 0
77792 0
77809 0
77901 0
78072 0
78080 0
78451 0
78473 0
78533 0
78638 0
78747 0
78750 0
79005 0
79359 0
79447 0
79462 0
79501 0
79598 0
79621 0
79644 0
79687 0
79814 0
79918 0
79980 0
79990 0
80038 0
80173 0
80419 0
80445 0
80549 0
80636 0
80784 0
80831 0
80881 0
81002 0
81070 0
81072 0
81196 0
81605 0
81776 0
81814 0
81844 0
81982 0
82210 0
82216 0
82554 0
82924 0
83125 0
83180 0
83316 0
83329 0
83434 0
83557 0
83618 0
83708 0
83732 0
83741 0
83774 0
83850 0
83862 0
83988 0
84125 0
84175 0
84181 0
84187 0
84227 0
84247 0
84366 0
84369 0
84374 0
84537 0
84573 0
84705 0
84835 0
84908 0
85037 0
85038 0
85152 0
85168 0
85405 0
85425 0
85498 0
85545 0
85550 0
85575 0
85602 0
85633 0
85636 0
85690 0
85748 0
86105 0
86351 0
86416 0
86482 0
86792 0
86887 0
87035 0
87108 0
87165 0
87248 0
87360 0
87385 0
87408 0
87448 0
87494 0
87516 0
87584 0
87590 0
87632 0
87653 0
87816 0
87937 0
88025 0
88157 0
88250 0
88284 0
88316 0
88850 0
88851 0
88854 0
88877 0
88915 0
89104 0
89244 0
89275 0
89471 0
89642 0
89861 0
89878 0
89915 0
89932 0
89973 0
90166 0
90196 0
90234 0
90236 0
90386 0
90404 0
90446 0
90564 0
90571 0
90596 0
90756 0
90929 0
91494 0
91524 0
91546 0
91584 0
91607 0
91676 0
91771 0
92132 0
92174 0
92183 0
92250 0
92356 0
92387 0
92418 0
92651 0
92674 0
92682 0
92697 0
92753 0
92849 0
93025 0
93064 0
93160 0
93177 0
93250 0
93262 0
93293 0
93319 0
93633 0
93642 0
93927 0
94039 0
94062 0
94106 0
94332 0
94416 0
94489 0
94553 0
94717 0
94748 0
94788 0
94907 0
95048 0
95155 0
95664 0
95698 0
95854 0
95930 0
95931 0
96235 0
96362 0
96515 0
96697 0
96736 0
96790 0
96971 0
97045 0
97160 0
97460 0
97654 0
97786 0
97873 0
97889 0
97917 0
98047 0
98088 0
98316 0
98326 0
98573 0
98654 0
98823 0
98880 0
98891 0
98986 0
99084 0
99273 0
99403 0
99557 0
99599 0
99720 0
99805 0
