c This is a uniform distributed  1-D DIMACS file 
c width height point_number
p 100000 100000 1024
29 0
68 0
107 0
120 0
206 0
217 0
401 0
511 0
557 0
559 0
978 0
983 0
1087 0
1115 0
1118 0
1122 0
1132 0
1700 0
1724 0
1879 0
1936 0
2116 0
2213 0
2291 0
2396 0
2446 0
2489 0
2642 0
2930 0
3055 0
3136 0
3269 0
3336 0
3393 0
3538 0
3559 0
3618 0
3679 0
3737 0
3775 0
3864 0
4572 0
4654 0
4668 0
4730 0
4794 0
4813 0
4926 0
5115 0
5309 0
5314 0
5420 0
5713 0
5768 0
5875 0
5879 0
5920 0
5971 0
6217 0
6248 0
6336 0
6382 0
6630 0
6644 0
6769 0
6813 0
6877 0
6991 0
7079 0
7113 0
7157 0
7158 0
7255 0
7334 0
7526 0
7538 0
7545 0
7561 0
7591 0
7710 0
7773 0
7915 0
8184 0
8224 0
8278 0
8344 0
8369 0
8589 0
8626 0
8640 0
9007 0
9052 0
9161 0
9208 0
9537 0
9588 0
9601 0
9625 0
9663 0
9668 0
9782 0
9787 0
9872 0
9886 0
9977 0
10004 0
10104 0
10179 0
10364 0
10396 0
10404 0
10416 0
10462 0
10484 0
10492 0
10783 0
11025 0
11190 0
11196 0
11234 0
11275 0
11329 0
11371 0
11648 0
11755 0
11815 0
11837 0
11946 0
12161 0
12176 0
12240 0
12509 0
12522 0
12546 0
12593 0
12868 0
13037 0
13098 0
13225 0
13291 0
13292 0
13761 0
13785 0
14091 0
14237 0
14500 0
14620 0
14686 0
14731 0
14783 0
14816 0
14836 0
14873 0
15005 0
15040 0
15062 0
15144 0
15146 0
15246 0
15477 0
15509 0
15590 0
15656 0
15875 0
15953 0
16158 0
16249 0
16252 0
16631 0
16692 0
16806 0
16989 0
17119 0
17124 0
17188 0
17283 0
17477 0
17609 0
17615 0
17740 0
17928 0
17949 0
18079 0
18081 0
18253 0
18287 0
18291 0
18362 0
18387 0
18800 0
18870 0
18879 0
19040 0
19106 0
19155 0
19224 0
19476 0
19589 0
19697 0
19708 0
19728 0
19838 0
19868 0
19899 0
19943 0
20072 0
20098 0
20272 0
20325 0
20474 0
20499 0
20732 0
20770 0
20797 0
20905 0
20926 0
20957 0
21007 0
21150 0
21261 0
21335 0
21546 0
21562 0
21564 0
21704 0
21740 0
21815 0
21844 0
21884 0
21904 0
21911 0
22030 0
22033 0
22102 0
22250 0
22375 0
22477 0
22602 0
22656 0
22736 0
22749 0
22754 0
22850 0
22858 0
22910 0
22984 0
23166 0
23242 0
23322 0
23546 0
23566 0
23595 0
23605 0
23728 0
23962 0
24063 0
24132 0
24194 0
24264 0
24358 0
24515 0
24527 0
24542 0
24611 0
24687 0
24863 0
24878 0
24984 0
25703 0
25718 0
25789 0
26011 0
26234 0
26278 0
26311 0
26366 0
26479 0
26512 0
26683 0
26705 0
26719 0
26845 0
26882 0
26897 0
26998 0
27005 0
27280 0
27307 0
27414 0
27448 0
27497 0
28488 0
28553 0
28601 0
28696 0
28720 0
28722 0
28748 0
28849 0
28854 0
28915 0
29024 0
29235 0
29523 0
29600 0
29684 0
29843 0
29876 0
30032 0
30417 0
30422 0
30711 0
30855 0
30881 0
30926 0
31021 0
31035 0
31068 0
31082 0
31104 0
31154 0
31173 0
31229 0
31333 0
31436 0
31479 0
31515 0
31588 0
31773 0
31878 0
32007 0
32094 0
32116 0
32230 0
32304 0
32355 0
32382 0
32505 0
32786 0
32920 0
33050 0
33078 0
33152 0
33194 0
33283 0
33675 0
33755 0
34030 0
34071 0
34266 0
34294 0
34338 0
34488 0
34599 0
34640 0
34917 0
34923 0
34934 0
34950 0
35142 0
35551 0
35560 0
35573 0
35606 0
35810 0
35918 0
36121 0
36167 0
36336 0
36368 0
36438 0
36499 0
36520 0
36526 0
36613 0
36641 0
36674 0
36824 0
36828 0
36856 0
36919 0
37036 0
37201 0
37268 0
37292 0
37318 0
37373 0
37416 0
37469 0
37563 0
37603 0
37662 0
37669 0
37781 0
37853 0
37865 0
38001 0
38267 0
38407 0
38416 0
38458 0
38539 0
38552 0
38554 0
38584 0
38611 0
38633 0
38789 0
38810 0
39186 0
39563 0
39677 0
39707 0
40056 0
40093 0
40136 0
40260 0
40317 0
40329 0
40419 0
40526 0
40530 0
40567 0
40802 0
40820 0
40877 0
40915 0
41132 0
41274 0
41483 0
41568 0
41598 0
41617 0
41729 0
42209 0
42355 0
42410 0
42421 0
42593 0
42654 0
42813 0
43025 0
43030 0
43053 0
43090 0
43157 0
43216 0
43334 0
43436 0
43474 0
43574 0
43780 0
43909 0
43929 0
43956 0
44093 0
44171 0
44211 0
44274 0
44276 0
44298 0
44338 0
44341 0
44679 0
44702 0
44842 0
44935 0
45028 0
45180 0
45236 0
45249 0
45261 0
45649 0
45721 0
45724 0
45922 0
45984 0
46264 0
46433 0
46663 0
46678 0
46680 0
46682 0
46766 0
46883 0
47090 0
47193 0
47365 0
47421 0
47674 0
47805 0
47948 0
47976 0
48078 0
48095 0
48119 0
48468 0
48471 0
48708 0
48925 0
48981 0
49386 0
49394 0
49451 0
49460 0
49503 0
49527 0
49537 0
49570 0
49605 0
49778 0
50148 0
50162 0
50326 0
50498 0
50633 0
50646 0
50665 0
50709 0
50736 0
50741 0
50750 0
50874 0
50916 0
50981 0
51479 0
51540 0
51640 0
51877 0
51895 0
52031 0
52078 0
52100 0
52188 0
52332 0
52411 0
52443 0
52483 0
52499 0
52509 0
52613 0
52617 0
52622 0
52643 0
52941 0
52956 0
53184 0
53342 0
53349 0
53477 0
53542 0
53973 0
53975 0
54022 0
54102 0
54629 0
54700 0
54709 0
54728 0
54766 0
54775 0
54840 0
54989 0
55076 0
55157 0
55188 0
55455 0
55559 0
55593 0
55831 0
55849 0
55857 0
55898 0
56038 0
56043 0
56073 0
56145 0
56534 0
56547 0
56590 0
56693 0
56774 0
56777 0
56804 0
56827 0
57085 0
57099 0
57272 0
57444 0
57631 0
57657 0
57699 0
57746 0
57761 0
57879 0
57955 0
57960 0
58127 0
58213 0
58214 0
58299 0
58379 0
58429 0
58476 0
58621 0
58671 0
58704 0
58736 0
58759 0
58801 0
58827 0
58945 0
59022 0
59283 0
59341 0
59342 0
59360 0
59422 0
59426 0
59439 0
59487 0
59498 0
59516 0
59607 0
59905 0
59944 0
60056 0
60110 0
60134 0
60240 0
60283 0
60393 0
60750 0
61073 0
61119 0
61266 0
61311 0
61468 0
61537 0
61574 0
61724 0
61975 0
61980 0
62339 0
62368 0
62465 0
62580 0
62614 0
62774 0
63001 0
63026 0
63069 0
63074 0
63086 0
63148 0
63307 0
63784 0
63812 0
63906 0
63924 0
63999 0
64054 0
64190 0
64191 0
64380 0
64403 0
64554 0
64555 0
64640 0
64716 0
64801 0
64983 0
64985 0
65046 0
65134 0
65244 0
65305 0
65481 0
65614 0
65619 0
65874 0
66021 0
66252 0
66253 0
66305 0
66320 0
66334 0
66361 0
66380 0
66399 0
66497 0
66587 0
66591 0
66596 0
66732 0
66800 0
66839 0
66861 0
67002 0
67097 0
67150 0
67288 0
67327 0
67336 0
67394 0
67538 0
67688 0
67857 0
67891 0
68158 0
68162 0
68283 0
68378 0
68736 0
68773 0
68862 0
69003 0
69051 0
69065 0
69114 0
69116 0
69117 0
69236 0
69366 0
69580 0
69606 0
69665 0
69701 0
69765 0
69842 0
69858 0
69915 0
69986 0
70273 0
70357 0
70401 0
70637 0
70686 0
70756 0
70834 0
70919 0
70933 0
70950 0
70955 0
71064 0
71194 0
71204 0
71252 0
71262 0
71265 0
71440 0
71565 0
71612 0
71813 0
72439 0
72470 0
72639 0
72657 0
72667 0
72689 0
72740 0
72798 0
72886 0
72962 0
73013 0
73234 0
73308 0
73541 0
73560 0
73723 0
73810 0
73899 0
73962 0
73972 0
73992 0
74016 0
74142 0
74177 0
74327 0
74477 0
74712 0
74728 0
74741 0
74771 0
75040 0
75093 0
75267 0
75313 0
75356 0
75462 0
75475 0
75722 0
75750 0
75770 0
75815 0
75931 0
76100 0
76151 0
76242 0
76454 0
76666 0
76758 0
76770 0
76782 0
76939 0
77037 0
77133 0
77144 0
77146 0
77156 0
77197 0
77211 0
77368 0
77371 0
77502 0
77547 0
77564 0
77906 0
78019 0
78052 0
78058 0
78454 0
78470 0
78479 0
78552 0
78758 0
78816 0
79132 0
79149 0
79330 0
79351 0
79364 0
79369 0
79386 0
79615 0
79649 0
79824 0
79883 0
79956 0
79988 0
80017 0
80113 0
80190 0
80217 0
80228 0
80296 0
80316 0
80394 0
80810 0
80821 0
80867 0
80947 0
81121 0
81364 0
81645 0
81663 0
81799 0
81853 0
82103 0
82302 0
82307 0
82442 0
82449 0
82504 0
82649 0
82698 0
82722 0
82743 0
82748 0
82757 0
82770 0
82783 0
83217 0
83432 0
83676 0
83723 0
84017 0
84028 0
84045 0
84284 0
84445 0
84525 0
84542 0
84680 0
84697 0
84713 0
84951 0
85095 0
85159 0
85417 0
85566 0
85598 0
85613 0
85618 0
85923 0
85988 0
86108 0
86221 0
86274 0
86639 0
86856 0
86911 0
86996 0
87015 0
87112 0
87170 0
87201 0
87318 0
87573 0
87578 0
87723 0
87831 0
87922 0
88371 0
88488 0
88729 0
88895 0
89045 0
89330 0
89344 0
89399 0
89418 0
89455 0
89553 0
89605 0
89640 0
89769 0
89788 0
89806 0
89807 0
89844 0
89852 0
89879 0
90055 0
90278 0
90281 0
90327 0
90547 0
90574 0
90655 0
90707 0
90855 0
90922 0
91028 0
91161 0
91445 0
91691 0
91746 0
91778 0
91799 0
91880 0
91921 0
92257 0
92976 0
93055 0
93094 0
93209 0
93266 0
93292 0
93379 0
93716 0
93778 0
93889 0
93905 0
93965 0
93969 0
94036 0
94343 0
94404 0
94457 0
94528 0
94622 0
94641 0
94696 0
94794 0
94927 0
95000 0
95075 0
95286 0
95450 0
95574 0
95774 0
95796 0
95809 0
95884 0
95902 0
95921 0
95981 0
96183 0
96434 0
96448 0
96502 0
96662 0
96753 0
96782 0
96988 0
96993 0
97041 0
97109 0
97261 0
97264 0
97320 0
97586 0
98006 0
98101 0
98455 0
98505 0
98551 0
98758 0
99085 0
99154 0
99304 0
99417 0
99566 0
99593 0
99598 0
99616 0
99747 0
99807 0
99823 0
99841 0
99907 0
99909 0
99977 0
