c This is a uniform distributed  1-D DIMACS file 
c width height point_number
p 100000 100000 1024
85 0
122 0
133 0
140 0
182 0
344 0
467 0
847 0
1417 0
1573 0
2432 0
2461 0
2542 0
2736 0
2875 0
2946 0
3057 0
3116 0
3218 0
3246 0
3478 0
3517 0
3587 0
3622 0
3683 0
3756 0
3770 0
4054 0
4107 0
4228 0
4266 0
4322 0
4345 0
4487 0
4621 0
4925 0
4996 0
5083 0
5107 0
5138 0
5147 0
5192 0
5211 0
5253 0
5312 0
5505 0
5566 0
5657 0
5720 0
5840 0
5901 0
5980 0
6056 0
6070 0
6133 0
6239 0
6369 0
6518 0
6599 0
6797 0
6802 0
6879 0
7155 0
7222 0
7357 0
7413 0
7530 0
7657 0
7831 0
7850 0
7969 0
8078 0
8129 0
8247 0
8325 0
8475 0
8681 0
8758 0
8797 0
8836 0
8889 0
8919 0
8983 0
9077 0
9176 0
9183 0
9192 0
9194 0
9474 0
9491 0
9564 0
9637 0
9921 0
9954 0
9961 0
10181 0
10222 0
10317 0
10351 0
10450 0
10533 0
10604 0
10680 0
10764 0
10778 0
10817 0
10820 0
10950 0
11001 0
11126 0
11245 0
11270 0
11423 0
11435 0
11462 0
11498 0
11750 0
11887 0
11933 0
12066 0
12259 0
12340 0
12424 0
12513 0
12612 0
12689 0
12783 0
12862 0
12909 0
12930 0
12959 0
13020 0
13050 0
13287 0
13379 0
13546 0
13751 0
13967 0
13977 0
14046 0
14161 0
14171 0
14212 0
14350 0
14352 0
14404 0
14670 0
14813 0
14871 0
14992 0
15291 0
15374 0
15438 0
15447 0
15503 0
15633 0
15680 0
16035 0
16048 0
16103 0
16110 0
16361 0
16383 0
16546 0
16553 0
16726 0
16776 0
16781 0
16826 0
17013 0
17200 0
17229 0
17527 0
17569 0
17673 0
17699 0
17714 0
17772 0
17972 0
17983 0
18160 0
18178 0
18212 0
18490 0
18536 0
18685 0
18706 0
18711 0
19088 0
19103 0
19151 0
19198 0
19277 0
19491 0
19897 0
19920 0
19979 0
20065 0
20119 0
20478 0
20579 0
20614 0
20670 0
20874 0
20876 0
20888 0
20964 0
20984 0
21292 0
21546 0
21711 0
21831 0
21878 0
21883 0
22229 0
22239 0
22242 0
22413 0
22824 0
23144 0
23348 0
23469 0
23551 0
23613 0
23659 0
23751 0
23807 0
23831 0
23880 0
23989 0
24021 0
24043 0
24142 0
24250 0
24369 0
24466 0
24584 0
24660 0
24676 0
24707 0
24776 0
24804 0
24945 0
25248 0
25293 0
25324 0
25380 0
25500 0
25504 0
25628 0
25662 0
25787 0
25807 0
25903 0
25938 0
26182 0
26210 0
26369 0
26379 0
26873 0
27073 0
27148 0
27363 0
27440 0
27462 0
27475 0
27569 0
27678 0
27800 0
27974 0
28200 0
28286 0
28314 0
28869 0
28908 0
29014 0
29076 0
29190 0
29231 0
29292 0
29315 0
29331 0
29413 0
29435 0
29576 0
29583 0
29588 0
29778 0
29806 0
29929 0
30054 0
30056 0
30072 0
30136 0
30170 0
30367 0
30396 0
30423 0
30509 0
30531 0
30754 0
30839 0
31105 0
31219 0
31258 0
31374 0
31528 0
31535 0
31556 0
31690 0
31711 0
31723 0
31885 0
32123 0
32297 0
32305 0
32364 0
32411 0
32432 0
32512 0
32686 0
32704 0
32736 0
32752 0
32786 0
32788 0
32848 0
32851 0
32903 0
33022 0
33108 0
33195 0
33275 0
33553 0
33687 0
33720 0
33923 0
34020 0
34454 0
34458 0
34617 0
34643 0
34683 0
34802 0
34853 0
34967 0
35003 0
35077 0
35174 0
35198 0
35222 0
35420 0
35480 0
35536 0
35614 0
35873 0
35990 0
36117 0
36313 0
36315 0
36389 0
36398 0
36429 0
36588 0
36628 0
36707 0
36723 0
36785 0
36992 0
37031 0
37060 0
37176 0
37278 0
37644 0
37665 0
37689 0
37761 0
37960 0
38117 0
38126 0
38141 0
38168 0
38252 0
38395 0
38396 0
38401 0
38426 0
38493 0
38636 0
38820 0
38936 0
38953 0
39072 0
39238 0
39358 0
39373 0
39605 0
39707 0
39800 0
39931 0
40274 0
40334 0
40343 0
40495 0
40669 0
40671 0
40695 0
40715 0
40809 0
40819 0
40829 0
40969 0
41003 0
41244 0
41319 0
41370 0
41825 0
41844 0
41857 0
41940 0
42029 0
42079 0
42099 0
42149 0
42163 0
42182 0
42294 0
42345 0
42461 0
42520 0
42589 0
42598 0
42648 0
42677 0
42748 0
42865 0
42973 0
43271 0
43290 0
43314 0
43422 0
43452 0
43468 0
43490 0
43501 0
43609 0
43612 0
43942 0
43950 0
44269 0
44374 0
44382 0
44529 0
44604 0
44736 0
44779 0
44786 0
44846 0
44914 0
44979 0
44989 0
45276 0
45292 0
45371 0
45383 0
45459 0
45474 0
46125 0
46172 0
46197 0
46224 0
46409 0
46451 0
46473 0
46498 0
46541 0
46867 0
46978 0
46987 0
47002 0
47011 0
47130 0
47217 0
47439 0
47527 0
47533 0
47640 0
47828 0
47835 0
47895 0
47984 0
48015 0
48350 0
48362 0
48437 0
48505 0
48632 0
48814 0
48889 0
49274 0
49486 0
49814 0
49915 0
49940 0
50391 0
50532 0
50955 0
51034 0
51050 0
51051 0
51175 0
51246 0
51354 0
51484 0
51799 0
51958 0
52021 0
52160 0
52196 0
52299 0
52337 0
52355 0
52380 0
52465 0
52486 0
52575 0
52606 0
52666 0
52733 0
52876 0
52920 0
52933 0
53066 0
53140 0
53166 0
53359 0
53483 0
53673 0
53712 0
53863 0
54417 0
54738 0
54745 0
54767 0
54790 0
54804 0
54889 0
54900 0
55024 0
55137 0
55253 0
55309 0
55314 0
55400 0
55463 0
55477 0
55779 0
55909 0
56380 0
56520 0
56547 0
56563 0
56700 0
56702 0
56745 0
56849 0
56896 0
56940 0
57047 0
57241 0
57243 0
57269 0
57548 0
57551 0
57576 0
57666 0
57834 0
57846 0
57874 0
58002 0
58039 0
58093 0
58190 0
58194 0
58209 0
58402 0
58447 0
58598 0
58624 0
58664 0
58697 0
58716 0
58743 0
58894 0
58965 0
58987 0
59099 0
59218 0
59238 0
59279 0
59353 0
59443 0
59532 0
59539 0
59589 0
59631 0
59653 0
59838 0
59965 0
59998 0
60058 0
60088 0
60187 0
60304 0
60374 0
60420 0
60424 0
60503 0
60510 0
60759 0
60866 0
61152 0
61326 0
61337 0
61452 0
61499 0
61531 0
61537 0
61538 0
61539 0
61586 0
61629 0
61915 0
61947 0
61962 0
62012 0
62037 0
62203 0
62323 0
62514 0
62621 0
62630 0
62709 0
62845 0
62986 0
63213 0
63242 0
63295 0
63358 0
63435 0
63511 0
63694 0
63801 0
63802 0
63872 0
64024 0
64044 0
64996 0
65004 0
65025 0
65055 0
65110 0
65169 0
65228 0
65245 0
65324 0
65332 0
65657 0
65743 0
65769 0
65969 0
66132 0
66225 0
66327 0
66547 0
66550 0
66665 0
66877 0
67019 0
67024 0
67121 0
67334 0
67360 0
67367 0
67423 0
67463 0
67525 0
67604 0
67878 0
67892 0
67961 0
68070 0
68074 0
68096 0
68101 0
68130 0
68135 0
68150 0
68255 0
68426 0
68480 0
68582 0
68760 0
68792 0
68895 0
68954 0
69045 0
69146 0
69290 0
69335 0
69358 0
69526 0
69637 0
69720 0
69741 0
69774 0
69839 0
69870 0
69896 0
70104 0
70139 0
70296 0
70605 0
70656 0
71160 0
71383 0
71402 0
71493 0
71690 0
71850 0
71912 0
71950 0
71978 0
72286 0
72615 0
72725 0
72735 0
72808 0
72860 0
72935 0
72991 0
73040 0
73078 0
73104 0
73187 0
73248 0
73319 0
73450 0
73454 0
73505 0
73516 0
73956 0
74022 0
74028 0
74065 0
74269 0
74332 0
74469 0
74529 0
74609 0
74831 0
74905 0
74919 0
74925 0
75031 0
75170 0
75223 0
75243 0
75512 0
75517 0
75632 0
75836 0
75879 0
75927 0
75932 0
76278 0
76478 0
76483 0
76513 0
76579 0
76631 0
76866 0
76874 0
76878 0
76926 0
76968 0
77122 0
77141 0
77166 0
77229 0
77308 0
77440 0
77602 0
77768 0
77883 0
77958 0
77985 0
78088 0
78097 0
78396 0
78466 0
78589 0
78713 0
78782 0
78923 0
78985 0
79397 0
79402 0
79432 0
79531 0
79541 0
79717 0
80009 0
80029 0
80234 0
80253 0
80287 0
80378 0
80426 0
80432 0
80645 0
80684 0
80780 0
80963 0
81032 0
81055 0
81180 0
81183 0
81324 0
81573 0
81667 0
81695 0
81716 0
81723 0
81873 0
82052 0
82132 0
82159 0
82368 0
82430 0
82446 0
82453 0
82501 0
82511 0
82611 0
82674 0
82775 0
82801 0
82849 0
82871 0
82980 0
83013 0
83277 0
83292 0
83308 0
83367 0
83498 0
83970 0
84071 0
84287 0
84317 0
84418 0
84425 0
84546 0
84721 0
85020 0
85028 0
85038 0
85099 0
85305 0
85307 0
85345 0
85654 0
85774 0
86193 0
86241 0
86474 0
86777 0
86790 0
86837 0
86900 0
86972 0
87087 0
87129 0
87204 0
87318 0
87382 0
87493 0
87562 0
87576 0
87604 0
87782 0
87809 0
87871 0
88006 0
88214 0
88216 0
88271 0
88324 0
88348 0
88508 0
88547 0
88862 0
88889 0
88986 0
89150 0
89168 0
89313 0
89342 0
89524 0
89543 0
89678 0
89733 0
89775 0
89813 0
89929 0
89947 0
90012 0
90045 0
90207 0
90492 0
90574 0
90594 0
90833 0
90843 0
90923 0
90960 0
91027 0
91047 0
91147 0
91157 0
91289 0
91558 0
91680 0
91777 0
91871 0
92127 0
92132 0
92191 0
92481 0
92627 0
92781 0
92893 0
92964 0
93130 0
93144 0
93213 0
93308 0
93508 0
93554 0
93574 0
93711 0
93752 0
93807 0
93811 0
94095 0
94151 0
94329 0
94453 0
94468 0
94502 0
94545 0
94609 0
94625 0
94752 0
94832 0
94844 0
95132 0
95167 0
95262 0
95383 0
95468 0
95585 0
95718 0
95806 0
95999 0
96033 0
96103 0
96147 0
96148 0
96171 0
96238 0
96258 0
96418 0
96510 0
96712 0
96870 0
96993 0
97210 0
97388 0
97447 0
97455 0
97471 0
97556 0
97573 0
97624 0
97650 0
97821 0
97886 0
97906 0
98080 0
98085 0
98094 0
98253 0
98279 0
98295 0
98408 0
98603 0
98866 0
98945 0
99021 0
99074 0
99080 0
99083 0
99099 0
99304 0
99489 0
99762 0
99767 0
99768 0
99777 0
99812 0
99882 0
99943 0
