c This is a uniform distributed  1-D DIMACS file 
c width height point_number
p 100000 100000 1024
153 0
271 0
638 0
664 0
702 0
806 0
872 0
919 0
1457 0
1731 0
1836 0
2004 0
2100 0
2247 0
2369 0
2608 0
2637 0
2688 0
2707 0
2714 0
2770 0
2779 0
2862 0
2909 0
3006 0
3051 0
3221 0
3303 0
3399 0
3432 0
3501 0
3690 0
3744 0
3759 0
3807 0
3822 0
3869 0
3912 0
4107 0
4272 0
4691 0
4789 0
4830 0
4865 0
4927 0
4997 0
5013 0
5069 0
5083 0
5128 0
5316 0
5360 0
5399 0
5500 0
5617 0
5652 0
5693 0
5850 0
6107 0
6132 0
6328 0
6385 0
6448 0
6456 0
6531 0
6596 0
6612 0
6699 0
6799 0
6878 0
6885 0
6888 0
6895 0
6967 0
7154 0
7227 0
7263 0
7319 0
7419 0
7657 0
7750 0
7767 0
7811 0
7893 0
7911 0
7916 0
7955 0
7965 0
8037 0
8351 0
8451 0
8632 0
8751 0
8769 0
8890 0
8893 0
9077 0
9204 0
9237 0
9262 0
9360 0
9704 0
9870 0
9958 0
9962 0
10097 0
10345 0
10639 0
11038 0
11097 0
11186 0
11381 0
11423 0
11449 0
11629 0
11666 0
11754 0
11794 0
11821 0
11845 0
11934 0
11994 0
12072 0
12182 0
12201 0
12479 0
12749 0
12802 0
13108 0
13232 0
13260 0
13262 0
13316 0
13424 0
13753 0
13768 0
13783 0
14061 0
14065 0
14093 0
14295 0
14378 0
14414 0
14699 0
14739 0
14985 0
15109 0
15125 0
15252 0
15276 0
15439 0
15479 0
15642 0
15749 0
15757 0
15767 0
15931 0
16099 0
16263 0
16290 0
16317 0
16348 0
16488 0
16629 0
16783 0
16813 0
16848 0
16899 0
17006 0
17132 0
17143 0
17179 0
17215 0
17291 0
17379 0
17430 0
17446 0
17566 0
17606 0
17655 0
17660 0
17796 0
17811 0
17866 0
17912 0
17913 0
17975 0
18155 0
18162 0
18264 0
18305 0
18340 0
18371 0
18390 0
18742 0
18778 0
18843 0
18909 0
18952 0
18978 0
19187 0
19254 0
19374 0
19407 0
19478 0
19597 0
19609 0
19657 0
19767 0
19773 0
19788 0
19829 0
20017 0
20088 0
20404 0
20424 0
20494 0
20653 0
20803 0
20915 0
21124 0
21233 0
21244 0
21282 0
21296 0
21343 0
21597 0
21614 0
21812 0
21833 0
21944 0
21946 0
22017 0
22044 0
22126 0
22166 0
22222 0
22373 0
22424 0
22539 0
22612 0
22828 0
22840 0
22864 0
22876 0
22923 0
23050 0
23155 0
23274 0
23304 0
23305 0
23451 0
23540 0
23593 0
23741 0
24063 0
24128 0
24144 0
24337 0
24512 0
24549 0
24575 0
24790 0
24952 0
24964 0
24976 0
25081 0
25212 0
25280 0
25352 0
25391 0
25428 0
25516 0
25569 0
26220 0
26323 0
26429 0
26569 0
26659 0
26963 0
27044 0
27149 0
27167 0
27192 0
27326 0
27475 0
27633 0
27636 0
27648 0
27815 0
27872 0
27878 0
28088 0
28128 0
28465 0
29234 0
29289 0
29295 0
29399 0
29450 0
29617 0
29636 0
29708 0
29733 0
29853 0
29864 0
29883 0
30108 0
30203 0
30289 0
30359 0
30647 0
30661 0
30692 0
30704 0
30757 0
30928 0
31032 0
31060 0
31529 0
31539 0
31672 0
31715 0
31746 0
31828 0
31906 0
32128 0
32158 0
32307 0
32356 0
32358 0
32541 0
32603 0
32655 0
32889 0
32930 0
33272 0
33273 0
33369 0
33477 0
33498 0
33616 0
33618 0
33638 0
33858 0
34343 0
34574 0
34720 0
34732 0
34763 0
34816 0
35124 0
35454 0
35605 0
35746 0
35831 0
36064 0
36250 0
36317 0
36358 0
36377 0
36578 0
36677 0
36860 0
36989 0
37025 0
37394 0
37451 0
37589 0
37628 0
37778 0
37993 0
38099 0
38151 0
38529 0
38564 0
38753 0
38793 0
39002 0
39158 0
39194 0
39270 0
39303 0
39472 0
39473 0
39519 0
39537 0
39906 0
39925 0
39942 0
40050 0
40221 0
40229 0
40476 0
40569 0
40572 0
40806 0
40866 0
40867 0
40933 0
40935 0
40952 0
40958 0
41046 0
41066 0
41075 0
41182 0
41522 0
41613 0
41796 0
41809 0
41845 0
41869 0
41962 0
42202 0
42206 0
42225 0
42322 0
42408 0
42448 0
42547 0
42572 0
42917 0
43006 0
43066 0
43095 0
43202 0
43251 0
43330 0
43443 0
43528 0
43568 0
43608 0
43938 0
44016 0
44199 0
44209 0
44293 0
44317 0
44323 0
44362 0
44503 0
44644 0
44798 0
44898 0
44900 0
44972 0
45008 0
45109 0
45305 0
45483 0
45696 0
45763 0
45844 0
45883 0
46098 0
46456 0
46486 0
46546 0
46709 0
46775 0
46807 0
46835 0
46902 0
46936 0
46986 0
47030 0
47136 0
47203 0
47339 0
47456 0
47571 0
48030 0
48049 0
48146 0
48214 0
48435 0
48436 0
48449 0
48462 0
48525 0
48693 0
48704 0
48759 0
48815 0
48827 0
48883 0
48936 0
48968 0
48970 0
49018 0
49120 0
49247 0
49346 0
49462 0
49472 0
49681 0
49896 0
49902 0
50015 0
50058 0
50063 0
50112 0
50378 0
50418 0
50456 0
50627 0
50661 0
50786 0
50827 0
50866 0
51033 0
51139 0
51168 0
51225 0
51264 0
51397 0
51871 0
52390 0
52462 0
52509 0
52517 0
52526 0
52625 0
52628 0
52817 0
52900 0
52954 0
53127 0
53128 0
53176 0
53319 0
53364 0
53376 0
53655 0
53677 0
53764 0
53784 0
54355 0
54371 0
54466 0
54539 0
54559 0
54575 0
54602 0
54623 0
54655 0
54694 0
54753 0
54793 0
54799 0
54817 0
54861 0
55081 0
55142 0
55147 0
55245 0
55303 0
55388 0
55650 0
55878 0
55896 0
55905 0
56020 0
56055 0
56183 0
56289 0
56294 0
56587 0
56653 0
56672 0
56718 0
56721 0
56728 0
57001 0
57275 0
57305 0
57680 0
57684 0
57767 0
57813 0
58010 0
58105 0
58182 0
58231 0
58244 0
58249 0
58327 0
58393 0
58541 0
58844 0
58957 0
59115 0
59119 0
59408 0
59492 0
59614 0
59872 0
59873 0
59928 0
60024 0
60123 0
60129 0
60139 0
60261 0
60396 0
60613 0
60669 0
60809 0
61142 0
61197 0
61333 0
61370 0
61398 0
61459 0
61812 0
61852 0
61901 0
61982 0
62141 0
62191 0
62315 0
62420 0
62543 0
62550 0
62802 0
62828 0
62887 0
62901 0
62998 0
63015 0
63115 0
63289 0
63297 0
63406 0
63432 0
63482 0
63506 0
63615 0
63698 0
63902 0
63938 0
64141 0
64174 0
64223 0
64444 0
64761 0
64879 0
65000 0
65001 0
65049 0
65119 0
65162 0
65207 0
65350 0
65442 0
65447 0
65551 0
65746 0
65788 0
65803 0
65833 0
65842 0
65925 0
65978 0
66006 0
66013 0
66222 0
66286 0
66439 0
66493 0
66522 0
66626 0
66655 0
66695 0
67044 0
67171 0
67249 0
67429 0
67819 0
67906 0
67971 0
68096 0
68391 0
68477 0
68577 0
68669 0
68718 0
68755 0
68855 0
68931 0
69092 0
69113 0
69186 0
69224 0
69319 0
69448 0
69658 0
69767 0
69874 0
69998 0
70267 0
70555 0
70663 0
70800 0
70930 0
71077 0
71202 0
71221 0
71285 0
71338 0
71357 0
71441 0
71611 0
71713 0
71874 0
71997 0
72331 0
72910 0
72914 0
73052 0
73134 0
73185 0
73377 0
73419 0
73434 0
73686 0
73704 0
73803 0
73902 0
74015 0
74136 0
74361 0
74657 0
74670 0
74693 0
74703 0
74764 0
74789 0
74846 0
74994 0
75074 0
75157 0
75173 0
75302 0
75375 0
75643 0
75793 0
75817 0
75823 0
75829 0
75909 0
75921 0
75946 0
75986 0
76054 0
76198 0
76250 0
76299 0
76332 0
76400 0
76544 0
76574 0
76641 0
76661 0
76716 0
76804 0
76923 0
76944 0
77017 0
77085 0
77133 0
77228 0
77295 0
77318 0
77458 0
77489 0
77711 0
77736 0
77816 0
77821 0
77923 0
78274 0
78344 0
78367 0
78414 0
78800 0
78900 0
78976 0
79012 0
79035 0
79100 0
79105 0
79167 0
79372 0
79473 0
79515 0
79638 0
79658 0
79713 0
79815 0
80062 0
80100 0
80119 0
80211 0
80386 0
80399 0
80497 0
80550 0
80560 0
80652 0
80681 0
80831 0
80841 0
80878 0
80959 0
80962 0
80998 0
81010 0
81244 0
81289 0
81343 0
81347 0
81392 0
81422 0
81436 0
81470 0
81503 0
81522 0
81535 0
81573 0
81600 0
81619 0
81681 0
81783 0
81823 0
81979 0
82164 0
82170 0
82171 0
82179 0
82351 0
82471 0
82576 0
82740 0
82745 0
82801 0
83044 0
83064 0
83252 0
83415 0
83570 0
83615 0
83728 0
83816 0
84055 0
84669 0
84741 0
84890 0
84923 0
84924 0
84993 0
85019 0
85364 0
85388 0
85424 0
85516 0
85670 0
85729 0
85771 0
85922 0
85927 0
86003 0
86070 0
86106 0
86167 0
86186 0
86250 0
86272 0
86336 0
86432 0
86551 0
86597 0
86616 0
86838 0
87153 0
87262 0
87285 0
87333 0
87358 0
87513 0
87540 0
87568 0
87609 0
87635 0
87688 0
87935 0
87966 0
87977 0
88047 0
88111 0
88113 0
88139 0
88258 0
88313 0
88318 0
88530 0
88555 0
88612 0
88756 0
88779 0
88847 0
88888 0
88920 0
89021 0
89157 0
89171 0
89184 0
89290 0
89355 0
89379 0
89537 0
89708 0
89760 0
89850 0
89856 0
89975 0
90023 0
90101 0
90329 0
90635 0
90656 0
90682 0
90696 0
90829 0
90978 0
91233 0
91395 0
91510 0
91579 0
91584 0
91605 0
91625 0
91686 0
91800 0
91847 0
91877 0
92165 0
92688 0
92703 0
92831 0
92850 0
92933 0
92937 0
93114 0
93297 0
93342 0
93345 0
93396 0
93426 0
93516 0
93677 0
93698 0
93794 0
93828 0
93940 0
94530 0
94592 0
94874 0
94885 0
95000 0
95074 0
95089 0
95360 0
95506 0
95581 0
95622 0
95717 0
95767 0
95776 0
95897 0
96329 0
96330 0
96584 0
96634 0
96707 0
97103 0
97143 0
97219 0
97362 0
97397 0
97407 0
97450 0
97486 0
97500 0
97583 0
97638 0
97734 0
98005 0
98033 0
98193 0
98223 0
98432 0
98451 0
98474 0
98510 0
98628 0
98811 0
98860 0
99137 0
99152 0
99270 0
99341 0
99483 0
99550 0
99647 0
99714 0
99720 0
99784 0
99810 0
99815 0
99854 0
99923 0
99963 0
