c This is a uniform distributed  1-D DIMACS file 
c width height point_number
p 100000 100000 1024
84 0
392 0
566 0
580 0
587 0
771 0
794 0
846 0
878 0
892 0
953 0
999 0
1107 0
1126 0
1433 0
1449 0
1517 0
1594 0
1599 0
1721 0
1970 0
2004 0
2201 0
2252 0
2302 0
2666 0
2855 0
2991 0
3059 0
3183 0
3394 0
3407 0
3681 0
3695 0
3736 0
3807 0
3942 0
3958 0
3972 0
4008 0
4024 0
4080 0
4092 0
4093 0
4172 0
4313 0
4316 0
4355 0
4573 0
4576 0
4704 0
4736 0
4834 0
4932 0
5006 0
5140 0
5163 0
5262 0
5338 0
5513 0
5850 0
5916 0
5922 0
6069 0
6149 0
6200 0
6247 0
6312 0
6352 0
6495 0
6532 0
7197 0
7211 0
7289 0
7337 0
7376 0
7427 0
7488 0
7500 0
7527 0
7668 0
7680 0
7821 0
7870 0
7893 0
7932 0
7977 0
8121 0
8206 0
8399 0
8440 0
8483 0
8794 0
8914 0
8949 0
9072 0
9201 0
9257 0
9436 0
9446 0
9507 0
9564 0
9836 0
9875 0
10141 0
10196 0
10331 0
10545 0
10581 0
10609 0
10775 0
11029 0
11125 0
11181 0
11340 0
11591 0
11673 0
11684 0
11933 0
11999 0
12006 0
12117 0
12130 0
12270 0
12368 0
12465 0
12466 0
12480 0
12555 0
12791 0
12838 0
12919 0
13079 0
13112 0
13125 0
13185 0
13197 0
13423 0
13447 0
13641 0
13689 0
13759 0
13870 0
13992 0
14135 0
14172 0
14435 0
14496 0
14590 0
14597 0
14631 0
14676 0
14743 0
14781 0
14786 0
14909 0
14979 0
15132 0
15153 0
15221 0
15255 0
15403 0
15411 0
15593 0
15698 0
15820 0
16071 0
16347 0
16392 0
16437 0
16520 0
16552 0
16870 0
16947 0
17200 0
17280 0
17296 0
17352 0
17369 0
17471 0
17563 0
17584 0
17755 0
17818 0
17827 0
17845 0
18034 0
18118 0
18120 0
18139 0
18176 0
18203 0
18250 0
18387 0
18410 0
18804 0
18863 0
19180 0
19390 0
19460 0
19789 0
19802 0
19936 0
19957 0
20180 0
20336 0
20382 0
20523 0
20551 0
20598 0
20700 0
20740 0
20771 0
20863 0
20906 0
20988 0
21031 0
21085 0
21135 0
21444 0
21485 0
21555 0
21604 0
21875 0
21878 0
21886 0
21908 0
21946 0
22011 0
22014 0
22119 0
22180 0
22194 0
22301 0
22378 0
22463 0
22676 0
22966 0
22980 0
23462 0
23600 0
23650 0
23662 0
23670 0
23673 0
24012 0
24158 0
24254 0
24303 0
24522 0
24530 0
24542 0
24589 0
24610 0
24862 0
24897 0
25024 0
25081 0
25307 0
25332 0
25524 0
25693 0
26046 0
26137 0
26175 0
26294 0
26481 0
26514 0
26681 0
26773 0
26884 0
26930 0
26949 0
27023 0
27056 0
27125 0
27240 0
27365 0
27422 0
27456 0
27703 0
28018 0
28042 0
28314 0
28672 0
28724 0
28759 0
28894 0
29391 0
29998 0
30032 0
30107 0
30157 0
30180 0
30209 0
30325 0
30342 0
30659 0
31051 0
31062 0
31077 0
31249 0
31356 0
31466 0
31527 0
31555 0
31761 0
31903 0
31980 0
32195 0
32235 0
32539 0
32564 0
32566 0
32770 0
32866 0
32955 0
32994 0
33133 0
33212 0
33307 0
33347 0
33420 0
33598 0
33600 0
33672 0
33733 0
33848 0
34030 0
34114 0
34212 0
34254 0
34287 0
34304 0
34338 0
34495 0
34634 0
34652 0
34668 0
34690 0
34765 0
34779 0
34874 0
34916 0
35460 0
35520 0
35524 0
35631 0
35673 0
35729 0
35741 0
35761 0
35806 0
35854 0
35883 0
35950 0
36243 0
36441 0
36516 0
36546 0
36580 0
36781 0
36851 0
36961 0
36968 0
37097 0
37099 0
37242 0
37339 0
37833 0
38014 0
38068 0
38091 0
38190 0
38272 0
38553 0
38573 0
38589 0
38749 0
38973 0
39063 0
39150 0
39216 0
39362 0
39457 0
39621 0
39623 0
39643 0
39725 0
40076 0
40079 0
40108 0
40320 0
40528 0
40702 0
40787 0
40804 0
40931 0
40952 0
41009 0
41118 0
41123 0
41340 0
41637 0
41667 0
41670 0
41695 0
41703 0
41749 0
41801 0
41827 0
41890 0
41891 0
42056 0
42172 0
42471 0
42534 0
42656 0
42758 0
42809 0
42875 0
43170 0
43186 0
43261 0
43389 0
43562 0
43578 0
43631 0
43731 0
43825 0
43853 0
44060 0
44302 0
44384 0
44604 0
44638 0
44723 0
44763 0
44909 0
44989 0
44992 0
45095 0
45098 0
45140 0
45252 0
45525 0
45566 0
45749 0
45787 0
45863 0
45917 0
45947 0
45961 0
46060 0
46103 0
46187 0
46205 0
46396 0
46420 0
46441 0
46841 0
46918 0
47445 0
47795 0
47938 0
48127 0
48398 0
48618 0
48638 0
48757 0
49048 0
49086 0
49098 0
49217 0
49319 0
49363 0
49398 0
49432 0
49649 0
49760 0
49804 0
49811 0
49910 0
49998 0
50035 0
50174 0
50228 0
50396 0
50555 0
50581 0
50632 0
50714 0
50797 0
50946 0
51019 0
51309 0
51333 0
51458 0
51489 0
51562 0
51711 0
51811 0
51866 0
51939 0
51960 0
51987 0
52067 0
52083 0
52199 0
52418 0
52557 0
52645 0
52731 0
52770 0
52812 0
52817 0
52919 0
53099 0
53134 0
53223 0
53340 0
53454 0
53544 0
53686 0
53702 0
53740 0
53821 0
53844 0
53915 0
54043 0
54241 0
54272 0
54322 0
54338 0
54360 0
54553 0
54608 0
54693 0
54731 0
54852 0
54865 0
55017 0
55057 0
55097 0
55456 0
55502 0
55632 0
55753 0
55977 0
56021 0
56134 0
56136 0
56160 0
56176 0
56260 0
56283 0
56320 0
56368 0
56372 0
56442 0
57010 0
57118 0
57217 0
57226 0
57279 0
57354 0
57385 0
57574 0
57738 0
57905 0
58078 0
58268 0
58395 0
58479 0
58559 0
58599 0
58775 0
58881 0
58894 0
58933 0
59024 0
59129 0
59301 0
59577 0
59665 0
59711 0
59853 0
59873 0
60055 0
60142 0
60258 0
60346 0
60423 0
60451 0
60584 0
60727 0
60740 0
60751 0
60847 0
60860 0
60895 0
60969 0
61060 0
61177 0
61201 0
61240 0
61273 0
61277 0
61319 0
61720 0
61725 0
62005 0
62041 0
62056 0
62207 0
62347 0
62448 0
62644 0
62646 0
62823 0
62883 0
62976 0
63291 0
63462 0
63498 0
63517 0
63697 0
63961 0
64082 0
64295 0
64446 0
64472 0
64573 0
64654 0
64726 0
64866 0
64871 0
65166 0
65728 0
65753 0
65809 0
65940 0
66033 0
66084 0
66128 0
66192 0
66388 0
66763 0
66831 0
66863 0
66975 0
67027 0
67170 0
67196 0
67297 0
67433 0
67470 0
67658 0
67734 0
67801 0
67931 0
67979 0
68001 0
68151 0
68198 0
68231 0
68252 0
68424 0
68472 0
68525 0
68573 0
68580 0
68683 0
68706 0
69072 0
69089 0
69116 0
69367 0
69457 0
69618 0
69903 0
70070 0
70267 0
70365 0
70774 0
70824 0
70971 0
70973 0
71008 0
71249 0
71548 0
71607 0
71689 0
72055 0
72158 0
72231 0
72302 0
72347 0
72370 0
72608 0
72664 0
72733 0
72816 0
72821 0
72949 0
73037 0
73039 0
73048 0
73131 0
73249 0
73306 0
73453 0
73468 0
73506 0
73656 0
73678 0
73742 0
73868 0
73883 0
74170 0
74298 0
74788 0
74809 0
74938 0
74946 0
74972 0
74986 0
74990 0
75011 0
75043 0
75174 0
75194 0
75516 0
75678 0
75777 0
75853 0
75931 0
75982 0
76018 0
76174 0
76260 0
76291 0
76327 0
76433 0
76523 0
76583 0
76638 0
76644 0
76648 0
77049 0
77090 0
77203 0
77214 0
77224 0
77355 0
77486 0
77583 0
77650 0
77689 0
77758 0
77813 0
77907 0
77914 0
78058 0
78118 0
78171 0
78233 0
78266 0
78577 0
78685 0
78765 0
78820 0
78850 0
78864 0
78898 0
78933 0
78945 0
78980 0
79020 0
79081 0
79273 0
79275 0
79278 0
79296 0
79317 0
79443 0
79617 0
79624 0
79865 0
79974 0
80090 0
80290 0
80359 0
80487 0
80591 0
80824 0
80981 0
81028 0
81133 0
81192 0
81201 0
81209 0
81258 0
81325 0
81360 0
81462 0
81578 0
81787 0
81812 0
81933 0
82113 0
82165 0
82180 0
82373 0
82417 0
82436 0
82563 0
82610 0
82695 0
82799 0
82912 0
83034 0
83042 0
83196 0
83319 0
83340 0
83417 0
83487 0
83488 0
83611 0
83623 0
83639 0
83917 0
83943 0
83975 0
84045 0
84060 0
84210 0
84240 0
84367 0
84440 0
84557 0
84672 0
84725 0
84735 0
84839 0
85169 0
85215 0
85254 0
85257 0
85310 0
85389 0
85483 0
85579 0
85669 0
85681 0
85710 0
85757 0
85771 0
85875 0
86019 0
86061 0
86106 0
86338 0
86396 0
86452 0
86611 0
86653 0
86707 0
86728 0
86831 0
86875 0
87067 0
87073 0
87160 0
87258 0
87314 0
87337 0
87341 0
87385 0
87516 0
87555 0
87672 0
87754 0
87755 0
88028 0
88063 0
88177 0
88213 0
88352 0
88542 0
88582 0
88613 0
88640 0
88703 0
88752 0
88789 0
89132 0
89136 0
89139 0
89152 0
89184 0
89246 0
89301 0
89374 0
89419 0
89437 0
89475 0
89531 0
89807 0
89853 0
89889 0
90046 0
90054 0
90292 0
90324 0
90358 0
90388 0
90470 0
90594 0
90670 0
90749 0
90776 0
90808 0
90839 0
90879 0
90898 0
90962 0
90997 0
91089 0
91554 0
91666 0
91756 0
91778 0
91806 0
92036 0
92065 0
92072 0
92331 0
92471 0
92474 0
92479 0
92493 0
92709 0
92965 0
93170 0
93285 0
93595 0
93603 0
93657 0
93823 0
94102 0
94185 0
94220 0
94367 0
94487 0
94568 0
94569 0
94615 0
94639 0
94740 0
94741 0
94901 0
94992 0
95074 0
95152 0
95209 0
95286 0
95523 0
95551 0
95601 0
95645 0
95849 0
95975 0
96010 0
96211 0
96234 0
96266 0
96403 0
96411 0
96412 0
96449 0
96511 0
96544 0
96838 0
96888 0
96960 0
97116 0
97143 0
97257 0
97284 0
97368 0
97387 0
97522 0
97555 0
97926 0
98003 0
98148 0
98185 0
98198 0
98331 0
98367 0
98435 0
98719 0
98771 0
98834 0
98845 0
99019 0
99059 0
99088 0
99198 0
99223 0
99246 0
99332 0
99398 0
99417 0
99428 0
99442 0
99465 0
99757 0
99859 0
99902 0
99962 0
99977 0
