c This is a uniform distributed  1-D DIMACS file 
c width height point_number
p 100000 100000 1024
47 0
113 0
223 0
316 0
415 0
426 0
568 0
615 0
630 0
737 0
745 0
778 0
814 0
826 0
929 0
1043 0
1055 0
1101 0
1166 0
1323 0
1413 0
1432 0
1476 0
1497 0
1519 0
1560 0
1578 0
1639 0
1645 0
1722 0
1727 0
1851 0
1930 0
2050 0
2405 0
2579 0
2764 0
2868 0
2911 0
2944 0
2951 0
2970 0
3017 0
3036 0
3071 0
3395 0
3403 0
3447 0
3473 0
3488 0
3744 0
3786 0
3947 0
3960 0
4235 0
4262 0
4382 0
4460 0
4576 0
5345 0
5385 0
5567 0
5606 0
5692 0
5788 0
5963 0
6081 0
6212 0
6275 0
6337 0
6488 0
6519 0
6555 0
6818 0
6830 0
6841 0
6877 0
6883 0
6886 0
6912 0
6946 0
7007 0
7087 0
7287 0
7306 0
7408 0
7456 0
7495 0
7578 0
7667 0
7670 0
7796 0
8008 0
8042 0
8101 0
8124 0
8398 0
9204 0
9324 0
9494 0
9606 0
9746 0
9797 0
9952 0
9997 0
10077 0
10301 0
10344 0
10353 0
10478 0
10518 0
10545 0
10568 0
10644 0
10766 0
10835 0
10881 0
11070 0
11077 0
11121 0
11258 0
11318 0
11456 0
11528 0
11836 0
11916 0
11945 0
11952 0
12145 0
12261 0
12268 0
12410 0
12572 0
12578 0
12902 0
12993 0
12995 0
13145 0
13188 0
13230 0
13392 0
13398 0
13455 0
13651 0
13817 0
13893 0
14061 0
14154 0
14415 0
14524 0
14742 0
14765 0
15062 0
15163 0
15245 0
15286 0
15393 0
15438 0
15564 0
15872 0
16040 0
16120 0
16229 0
16276 0
16609 0
16811 0
16847 0
16878 0
16910 0
16981 0
17011 0
17127 0
17249 0
17284 0
17433 0
17474 0
17500 0
17629 0
17682 0
17727 0
17741 0
17778 0
17783 0
17791 0
17810 0
17828 0
18020 0
18104 0
18156 0
18408 0
18556 0
18743 0
18767 0
18795 0
18868 0
19006 0
19036 0
19040 0
19298 0
19306 0
19406 0
19543 0
19706 0
19745 0
19775 0
19782 0
19800 0
19902 0
19938 0
20101 0
20277 0
20373 0
20467 0
20580 0
20722 0
20780 0
20792 0
20853 0
20854 0
21002 0
21004 0
21298 0
21462 0
21840 0
21879 0
21940 0
22209 0
22268 0
22385 0
22415 0
22535 0
22632 0
22752 0
22777 0
22961 0
22998 0
23063 0
23183 0
23207 0
23322 0
23400 0
23467 0
23538 0
23564 0
24056 0
24126 0
24265 0
24274 0
24307 0
24545 0
24783 0
24923 0
24934 0
25071 0
25096 0
25113 0
25270 0
25306 0
25337 0
25403 0
25473 0
25493 0
25654 0
25739 0
25850 0
25904 0
26082 0
26111 0
26192 0
26692 0
27028 0
27090 0
27130 0
27216 0
27233 0
27275 0
27331 0
27495 0
27645 0
27726 0
27738 0
27801 0
27810 0
28087 0
28131 0
28308 0
28402 0
28415 0
28425 0
28470 0
28535 0
28597 0
28644 0
28754 0
28882 0
28901 0
29197 0
29602 0
29702 0
29763 0
29781 0
30006 0
30065 0
30112 0
30134 0
30319 0
30676 0
30931 0
31034 0
31084 0
31241 0
31366 0
31392 0
31407 0
31418 0
31449 0
31481 0
31614 0
31648 0
31701 0
31712 0
31822 0
31885 0
31913 0
31990 0
32045 0
32134 0
32183 0
32294 0
32347 0
32465 0
32556 0
32586 0
32826 0
32942 0
32954 0
33089 0
33109 0
33197 0
33301 0
33380 0
33716 0
33730 0
34111 0
34506 0
34544 0
34553 0
34570 0
34592 0
34612 0
34749 0
34838 0
34839 0
35027 0
35072 0
35078 0
35140 0
35302 0
35452 0
35545 0
35617 0
35654 0
35663 0
35768 0
35965 0
35999 0
36191 0
36275 0
36445 0
36625 0
36668 0
36681 0
36694 0
36695 0
36750 0
36853 0
36918 0
36958 0
36992 0
37103 0
37215 0
37264 0
37285 0
37640 0
37792 0
37885 0
37918 0
38072 0
38157 0
38264 0
38307 0
38324 0
38346 0
38387 0
38514 0
38549 0
38606 0
38896 0
38959 0
39166 0
39196 0
39219 0
39379 0
39501 0
39527 0
39593 0
39647 0
39826 0
39836 0
40134 0
40145 0
40360 0
40444 0
40616 0
40650 0
40725 0
40911 0
40950 0
40955 0
41038 0
41354 0
41386 0
41450 0
41611 0
41631 0
41646 0
41727 0
41783 0
41794 0
41796 0
41851 0
42011 0
42064 0
42071 0
42087 0
42189 0
42311 0
42485 0
42553 0
42723 0
42892 0
42966 0
43082 0
43102 0
43384 0
43403 0
43526 0
43553 0
43636 0
43697 0
43727 0
43747 0
44064 0
44147 0
44400 0
44514 0
44558 0
44652 0
44735 0
44747 0
44999 0
45096 0
45107 0
45206 0
45273 0
45462 0
45592 0
45649 0
45881 0
46162 0
46241 0
46310 0
46433 0
46786 0
46823 0
46868 0
46934 0
46939 0
47164 0
47211 0
47236 0
47440 0
47624 0
47721 0
47899 0
47948 0
47949 0
47994 0
48068 0
48080 0
48157 0
48361 0
48447 0
48614 0
48675 0
48984 0
49034 0
49074 0
49372 0
49387 0
49700 0
49740 0
49766 0
49798 0
49944 0
49977 0
50126 0
50140 0
50182 0
50184 0
50284 0
50355 0
50529 0
50626 0
50952 0
51015 0
51019 0
51049 0
51096 0
51410 0
51452 0
51545 0
52035 0
52043 0
52088 0
52307 0
52432 0
52451 0
52468 0
52572 0
52608 0
53026 0
53037 0
53087 0
53135 0
53142 0
53167 0
53374 0
53422 0
53542 0
53580 0
53670 0
53796 0
53899 0
54052 0
54109 0
54269 0
54310 0
54394 0
54595 0
54689 0
54707 0
54786 0
54952 0
55164 0
55301 0
55579 0
55580 0
55705 0
55745 0
55796 0
55840 0
55845 0
55902 0
55995 0
56000 0
56018 0
56259 0
56358 0
56616 0
56826 0
56840 0
56974 0
57008 0
57075 0
57082 0
57091 0
57097 0
57111 0
57350 0
57555 0
57663 0
57940 0
58185 0
58401 0
58462 0
58469 0
58547 0
58676 0
58769 0
58783 0
58911 0
58974 0
59042 0
59148 0
59440 0
59465 0
59496 0
59691 0
59863 0
59864 0
59891 0
60040 0
60217 0
60227 0
60238 0
60271 0
60275 0
60332 0
60375 0
60445 0
60459 0
60507 0
60706 0
60715 0
60853 0
60911 0
61081 0
61221 0
61338 0
61371 0
61400 0
61661 0
61718 0
61810 0
62129 0
62151 0
62231 0
62337 0
62344 0
62499 0
62775 0
62936 0
63038 0
63083 0
63131 0
63164 0
63319 0
63522 0
63875 0
63884 0
63943 0
64135 0
64192 0
64285 0
64457 0
64527 0
64687 0
64700 0
64887 0
64958 0
64960 0
64991 0
65014 0
65042 0
65078 0
65144 0
65256 0
65265 0
65398 0
65515 0
65578 0
65581 0
65679 0
65827 0
65876 0
65924 0
65979 0
66117 0
66139 0
66169 0
66204 0
66283 0
66291 0
66348 0
66519 0
66576 0
66726 0
66734 0
66909 0
66946 0
66994 0
67031 0
67247 0
67438 0
67443 0
67517 0
67734 0
67736 0
67768 0
67882 0
67885 0
68032 0
68228 0
68245 0
68401 0
68675 0
68723 0
68760 0
68812 0
68912 0
69120 0
69157 0
69259 0
69269 0
69327 0
69619 0
70075 0
70249 0
70266 0
70274 0
70402 0
70699 0
70757 0
70831 0
70848 0
70992 0
71253 0
71257 0
71309 0
71340 0
71360 0
71428 0
71470 0
71543 0
71606 0
71665 0
71729 0
71903 0
71978 0
72059 0
72180 0
72197 0
72357 0
72543 0
72565 0
72570 0
72694 0
72984 0
73115 0
73123 0
73183 0
73184 0
73285 0
73494 0
73586 0
73692 0
73701 0
73884 0
74317 0
74351 0
74385 0
74562 0
74652 0
74752 0
74848 0
74890 0
74933 0
74940 0
75130 0
75227 0
75263 0
75289 0
75385 0
75787 0
75994 0
76001 0
76048 0
76195 0
76213 0
76308 0
76362 0
76366 0
76591 0
76614 0
76620 0
76640 0
76646 0
76759 0
76849 0
76853 0
76926 0
77022 0
77080 0
77134 0
77161 0
77301 0
77354 0
77413 0
77415 0
77502 0
77596 0
77763 0
77774 0
77939 0
77970 0
78177 0
78237 0
78335 0
78517 0
78610 0
78672 0
78747 0
78830 0
79065 0
79067 0
79230 0
79239 0
79503 0
79507 0
79585 0
79611 0
79629 0
79782 0
79812 0
79994 0
80074 0
80113 0
80144 0
80252 0
80276 0
80457 0
80467 0
80470 0
80602 0
80695 0
80805 0
80839 0
80894 0
80964 0
80969 0
81008 0
81147 0
81164 0
81251 0
81504 0
81547 0
81616 0
82136 0
82289 0
82341 0
82395 0
82436 0
82473 0
82500 0
82578 0
82645 0
82725 0
82762 0
83182 0
83214 0
83627 0
83783 0
83792 0
83906 0
84052 0
84059 0
84211 0
84247 0
84344 0
84549 0
84652 0
84788 0
84798 0
84806 0
84822 0
84869 0
84932 0
84986 0
85102 0
85169 0
85253 0
85393 0
85533 0
85694 0
86070 0
86083 0
86125 0
86143 0
86301 0
86447 0
86640 0
86782 0
86790 0
86909 0
86955 0
87019 0
87075 0
87196 0
87245 0
87410 0
87427 0
87440 0
87636 0
87673 0
87744 0
87749 0
87941 0
87999 0
88045 0
88048 0
88075 0
88107 0
88299 0
88369 0
88552 0
88937 0
89092 0
89195 0
89262 0
89294 0
89417 0
89676 0
89945 0
89953 0
90000 0
90217 0
90220 0
90221 0
90306 0
90323 0
90349 0
90461 0
90521 0
90642 0
90715 0
90752 0
90895 0
90948 0
91107 0
91199 0
91257 0
91280 0
91492 0
91510 0
91740 0
92064 0
92360 0
92661 0
92828 0
92882 0
92899 0
92931 0
92999 0
93010 0
93222 0
93441 0
93454 0
93580 0
93599 0
93606 0
93647 0
93743 0
93827 0
93905 0
93911 0
94183 0
94222 0
94384 0
94435 0
94458 0
94484 0
94533 0
94658 0
94704 0
94735 0
94736 0
94988 0
94999 0
95202 0
95253 0
95275 0
95475 0
95639 0
95853 0
95889 0
96000 0
96031 0
96203 0
96274 0
96342 0
96363 0
96372 0
96437 0
96476 0
96484 0
96488 0
96491 0
96733 0
96818 0
96832 0
96912 0
97009 0
97027 0
97101 0
97345 0
97397 0
97398 0
97405 0
97492 0
97595 0
97650 0
97654 0
97980 0
98068 0
98107 0
98204 0
98354 0
98405 0
98461 0
98519 0
98525 0
98563 0
98606 0
98872 0
99087 0
99247 0
99256 0
99289 0
99486 0
99693 0
99735 0
99785 0
99965 0
