c This is a uniform distributed  1-D DIMACS file 
c width height point_number
p 100000 100000 1024
32 0
113 0
175 0
215 0
455 0
577 0
856 0
861 0
938 0
1071 0
1171 0
1230 0
1248 0
1252 0
1569 0
1688 0
1692 0
1701 0
1755 0
1877 0
1999 0
2041 0
2187 0
2318 0
2592 0
2608 0
2915 0
2955 0
3120 0
3157 0
3198 0
3296 0
3443 0
3503 0
3558 0
3609 0
3627 0
3888 0
3987 0
4312 0
4644 0
4832 0
4877 0
4950 0
5077 0
5106 0
5235 0
5263 0
5286 0
5349 0
5491 0
5640 0
5669 0
5673 0
5787 0
5937 0
6177 0
6476 0
6491 0
6600 0
6623 0
6667 0
6958 0
7122 0
7126 0
7243 0
7297 0
7306 0
7310 0
7417 0
7447 0
7449 0
7452 0
7486 0
7501 0
7727 0
7872 0
7969 0
8036 0
8164 0
8169 0
8289 0
8383 0
8387 0
8490 0
8554 0
8802 0
8847 0
9059 0
9220 0
9491 0
9829 0
9882 0
9887 0
9927 0
10028 0
10187 0
10230 0
10386 0
10650 0
10830 0
10893 0
11071 0
11307 0
11680 0
11803 0
11809 0
11832 0
11891 0
12003 0
12058 0
12064 0
12263 0
12325 0
12377 0
12714 0
12729 0
12911 0
13148 0
13272 0
13341 0
13445 0
13464 0
13495 0
14322 0
14336 0
14441 0
14447 0
14569 0
14690 0
14759 0
14882 0
14923 0
14951 0
15283 0
15562 0
15580 0
15646 0
15833 0
16036 0
16066 0
16099 0
16128 0
16247 0
16392 0
16541 0
16637 0
16662 0
16846 0
16896 0
16938 0
17016 0
17283 0
17293 0
17314 0
17394 0
17404 0
17664 0
17749 0
17818 0
17820 0
17864 0
17974 0
18018 0
18247 0
19163 0
19283 0
19289 0
19340 0
19474 0
19758 0
19809 0
19873 0
20076 0
20193 0
20199 0
20228 0
20279 0
20465 0
20503 0
20510 0
20536 0
20733 0
21083 0
21454 0
21501 0
21596 0
21624 0
21626 0
21786 0
21823 0
21935 0
21966 0
22142 0
22334 0
22344 0
22467 0
22550 0
22592 0
22593 0
22608 0
22673 0
22710 0
22837 0
22893 0
22900 0
22952 0
23092 0
23698 0
23840 0
23944 0
23975 0
24060 0
24342 0
24390 0
24445 0
24668 0
24686 0
24816 0
24934 0
25048 0
25099 0
25191 0
25245 0
25283 0
25296 0
25380 0
25439 0
25447 0
25497 0
25735 0
25780 0
25832 0
25909 0
26002 0
26100 0
26166 0
26193 0
26219 0
26386 0
26404 0
26527 0
26580 0
26615 0
26773 0
26837 0
26875 0
26945 0
27080 0
27085 0
27134 0
27358 0
27399 0
27453 0
27505 0
27506 0
27566 0
27633 0
27667 0
27726 0
27868 0
27955 0
28041 0
28271 0
28303 0
28376 0
28391 0
28551 0
28774 0
28874 0
28879 0
28916 0
28959 0
29175 0
29235 0
29248 0
29407 0
29415 0
29616 0
29824 0
29878 0
29988 0
30005 0
30088 0
30113 0
30190 0
30237 0
30385 0
30554 0
30639 0
30721 0
30746 0
30775 0
30929 0
31084 0
31240 0
31318 0
31383 0
31417 0
31491 0
31492 0
31504 0
31591 0
31640 0
31771 0
31782 0
31804 0
31870 0
32026 0
32071 0
32334 0
32568 0
32790 0
32829 0
33063 0
33306 0
33400 0
33547 0
33676 0
33804 0
34047 0
34146 0
34234 0
34235 0
34371 0
34451 0
34620 0
34638 0
34657 0
34670 0
34886 0
35024 0
35027 0
35084 0
35213 0
35357 0
35425 0
35585 0
35638 0
35741 0
35851 0
36009 0
36037 0
36288 0
36401 0
36457 0
36471 0
36579 0
36588 0
36865 0
36920 0
36947 0
37176 0
37270 0
37557 0
37827 0
37863 0
37903 0
37920 0
38066 0
38107 0
38186 0
38263 0
38290 0
38394 0
38549 0
38563 0
38693 0
38819 0
39015 0
39032 0
39046 0
39081 0
39129 0
39146 0
39229 0
39287 0
39336 0
39349 0
39385 0
39466 0
39773 0
40090 0
40139 0
40328 0
40394 0
40418 0
40737 0
40812 0
41130 0
41222 0
41302 0
41437 0
41460 0
41475 0
41476 0
41573 0
41675 0
41713 0
41954 0
42083 0
42154 0
42173 0
42234 0
42239 0
42242 0
42250 0
42269 0
42315 0
42678 0
42711 0
42780 0
42809 0
42850 0
42867 0
42915 0
42967 0
43161 0
43212 0
43360 0
43539 0
43603 0
43659 0
43664 0
43763 0
43901 0
44037 0
44172 0
44197 0
44249 0
44292 0
44338 0
44374 0
44376 0
44406 0
44424 0
44431 0
44444 0
44451 0
44485 0
44599 0
44637 0
44695 0
44719 0
44768 0
44786 0
44795 0
44866 0
44939 0
45014 0
45064 0
45154 0
45230 0
45269 0
45337 0
45442 0
45498 0
45512 0
45940 0
46003 0
46268 0
46515 0
46612 0
46719 0
46799 0
46889 0
47056 0
47213 0
47269 0
47526 0
47611 0
47800 0
48112 0
48125 0
48176 0
48361 0
48405 0
48498 0
48676 0
48715 0
48739 0
48808 0
49122 0
49235 0
49260 0
49261 0
49283 0
49483 0
49657 0
50177 0
50178 0
50337 0
50340 0
50834 0
50952 0
50953 0
51044 0
51099 0
51167 0
51204 0
51256 0
51316 0
51325 0
51361 0
51432 0
51486 0
51578 0
51653 0
51672 0
51681 0
51771 0
51777 0
51797 0
51850 0
51857 0
52344 0
52469 0
52535 0
52663 0
52667 0
52752 0
52924 0
53015 0
53127 0
53278 0
53305 0
53365 0
53506 0
53579 0
53595 0
53668 0
53684 0
53861 0
53951 0
53957 0
54157 0
54188 0
54253 0
54263 0
54265 0
54437 0
54442 0
54504 0
54531 0
54826 0
54926 0
54967 0
55208 0
55241 0
55269 0
55270 0
55290 0
55336 0
55515 0
55621 0
55703 0
55830 0
55878 0
55911 0
56068 0
56147 0
56190 0
56277 0
56592 0
56615 0
56739 0
56866 0
56875 0
56898 0
56904 0
56907 0
57145 0
57378 0
57493 0
57556 0
57637 0
57704 0
57783 0
57795 0
58068 0
58242 0
58314 0
58469 0
58724 0
58761 0
58764 0
59246 0
59300 0
59301 0
59303 0
59558 0
59594 0
59710 0
60029 0
60149 0
60237 0
60489 0
60497 0
60515 0
60544 0
61150 0
61247 0
61426 0
61461 0
61507 0
61532 0
61554 0
61967 0
61997 0
62010 0
62030 0
62123 0
62203 0
62214 0
62288 0
62302 0
62377 0
62401 0
62495 0
62564 0
62589 0
62620 0
62641 0
62665 0
62759 0
62864 0
63022 0
63095 0
63373 0
63604 0
63665 0
63737 0
63948 0
64044 0
64064 0
64137 0
64347 0
64449 0
64483 0
64645 0
64654 0
64930 0
65012 0
65143 0
65416 0
65502 0
65517 0
65730 0
65757 0
66080 0
66176 0
66296 0
66316 0
66337 0
66388 0
66655 0
66694 0
66699 0
66754 0
66871 0
66945 0
67313 0
67321 0
67451 0
67464 0
67632 0
67729 0
67805 0
67962 0
68022 0
68064 0
68268 0
68291 0
68576 0
68699 0
68739 0
68842 0
68849 0
68862 0
68876 0
68894 0
68942 0
68945 0
69193 0
69221 0
69297 0
69319 0
69422 0
69476 0
69486 0
69498 0
69635 0
69690 0
69697 0
69741 0
69924 0
70041 0
70097 0
70233 0
70239 0
70357 0
70470 0
70544 0
70714 0
70771 0
70908 0
71013 0
71049 0
71081 0
71151 0
71179 0
71244 0
71294 0
71297 0
71310 0
71334 0
71488 0
71524 0
71700 0
71806 0
71850 0
71857 0
71998 0
72026 0
72377 0
72391 0
72523 0
72621 0
72715 0
73401 0
73426 0
73428 0
73456 0
73469 0
73479 0
73522 0
73531 0
73650 0
73857 0
74030 0
74215 0
74372 0
74402 0
74415 0
74491 0
74559 0
74657 0
74750 0
74752 0
75132 0
75276 0
75415 0
75637 0
75672 0
75735 0
75946 0
76120 0
76201 0
76220 0
76249 0
76280 0
76307 0
76316 0
76326 0
76392 0
76428 0
76443 0
76445 0
76460 0
76485 0
76571 0
76575 0
76588 0
76653 0
76709 0
76722 0
76926 0
76943 0
76952 0
76955 0
76971 0
77036 0
77087 0
77395 0
77511 0
77623 0
77680 0
77738 0
77739 0
77851 0
78166 0
78250 0
78330 0
78407 0
78456 0
78632 0
78789 0
78817 0
79042 0
79135 0
79295 0
79481 0
79824 0
79982 0
80016 0
80097 0
80168 0
80217 0
80442 0
80570 0
80630 0
80647 0
80649 0
80803 0
80879 0
80935 0
81023 0
81121 0
81617 0
81655 0
81889 0
81929 0
81953 0
81973 0
82026 0
82102 0
82171 0
82227 0
82258 0
82600 0
82715 0
82877 0
82896 0
82936 0
82948 0
83002 0
83106 0
83186 0
83203 0
83217 0
83450 0
83552 0
83649 0
83745 0
84086 0
84105 0
84158 0
84165 0
84168 0
84180 0
84248 0
84363 0
84396 0
84413 0
84422 0
84429 0
84466 0
84827 0
84896 0
84921 0
84977 0
85009 0
85120 0
85133 0
85138 0
85207 0
85319 0
85559 0
85761 0
85773 0
85846 0
85987 0
85988 0
86098 0
86181 0
86223 0
86395 0
86507 0
86533 0
86570 0
86740 0
86908 0
86932 0
87013 0
87059 0
87247 0
87343 0
87517 0
87606 0
87653 0
88021 0
88222 0
88226 0
88274 0
88283 0
88451 0
88527 0
88538 0
88632 0
88713 0
88736 0
88761 0
88834 0
88893 0
88980 0
89055 0
89191 0
89221 0
89296 0
89392 0
89584 0
89668 0
89699 0
89761 0
89763 0
89769 0
90069 0
90113 0
90208 0
90332 0
90343 0
90532 0
90673 0
90700 0
90773 0
90927 0
90943 0
91173 0
91334 0
91338 0
91503 0
91674 0
91762 0
91797 0
91889 0
91894 0
91949 0
92104 0
92571 0
92762 0
92818 0
92932 0
92940 0
92989 0
93165 0
93204 0
93219 0
93264 0
93299 0
93323 0
93449 0
93485 0
93523 0
93685 0
93714 0
93789 0
93840 0
93979 0
93984 0
94140 0
94392 0
94456 0
94471 0
94553 0
94610 0
94691 0
94754 0
94804 0
94894 0
94901 0
95103 0
95144 0
95170 0
95408 0
95445 0
95768 0
95839 0
95982 0
96062 0
96362 0
96485 0
96572 0
96638 0
96764 0
96809 0
96913 0
97113 0
97255 0
97419 0
97504 0
97600 0
97618 0
97629 0
97764 0
97914 0
97968 0
98077 0
98082 0
98191 0
98322 0
98342 0
98440 0
98485 0
98562 0
98623 0
98646 0
98786 0
98889 0
98924 0
98960 0
99010 0
99290 0
99331 0
99338 0
99376 0
99386 0
99510 0
99565 0
99631 0
99643 0
99753 0
99759 0
99821 0
99856 0
