c This is a uniform distributed  1-D DIMACS file 
c width height point_number
p 100000 100000 1024
399 0
417 0
443 0
498 0
569 0
616 0
882 0
936 0
985 0
1152 0
1209 0
1295 0
1303 0
1324 0
1376 0
1382 0
1395 0
1460 0
1498 0
1571 0
1575 0
1966 0
2175 0
2331 0
2478 0
2510 0
2558 0
2967 0
3028 0
3056 0
3156 0
3178 0
3223 0
3257 0
3496 0
3597 0
3677 0
3744 0
3891 0
3983 0
4007 0
4069 0
4070 0
4082 0
4215 0
4311 0
4404 0
4559 0
4638 0
4656 0
4903 0
4952 0
5032 0
5148 0
5237 0
5719 0
5822 0
5971 0
5986 0
6086 0
6164 0
6258 0
6445 0
6469 0
6516 0
6547 0
7052 0
7178 0
7194 0
7281 0
7361 0
7434 0
7456 0
7470 0
7571 0
7581 0
7626 0
7679 0
7833 0
8035 0
8122 0
8158 0
8170 0
8422 0
8427 0
8447 0
8596 0
8621 0
8676 0
8729 0
8756 0
8766 0
8795 0
8845 0
8864 0
8979 0
9035 0
9037 0
9163 0
9231 0
9292 0
9440 0
9537 0
9694 0
9849 0
9901 0
10037 0
10073 0
10100 0
10120 0
10201 0
10321 0
10552 0
10669 0
10695 0
11078 0
11083 0
11288 0
11352 0
11778 0
11812 0
11821 0
11830 0
11847 0
11911 0
12093 0
12263 0
12272 0
12298 0
12336 0
12535 0
12629 0
12750 0
12807 0
12867 0
12917 0
12946 0
12966 0
13045 0
13069 0
13146 0
13203 0
13397 0
13399 0
13553 0
13568 0
13690 0
13714 0
13864 0
13881 0
14294 0
14363 0
14422 0
14483 0
14497 0
14501 0
14651 0
14768 0
14856 0
14902 0
14923 0
14924 0
14937 0
14955 0
14965 0
15085 0
15089 0
15131 0
15223 0
15474 0
15563 0
15591 0
15724 0
15779 0
15791 0
15800 0
15852 0
16005 0
16120 0
16282 0
16380 0
16580 0
16615 0
16629 0
16655 0
16764 0
17068 0
17189 0
17240 0
17579 0
17605 0
17659 0
17721 0
17895 0
17973 0
18014 0
18319 0
18374 0
18392 0
18481 0
18692 0
18756 0
18831 0
18856 0
19085 0
19213 0
19221 0
19318 0
19343 0
19381 0
19382 0
19410 0
19492 0
19528 0
19592 0
19624 0
19824 0
19886 0
20097 0
20144 0
20210 0
20396 0
20432 0
20469 0
20477 0
20515 0
20563 0
20567 0
20652 0
20677 0
20826 0
20844 0
20854 0
21064 0
21128 0
21142 0
21194 0
21502 0
21564 0
21637 0
21701 0
21790 0
21814 0
22028 0
22227 0
22264 0
22318 0
22453 0
22508 0
22559 0
22609 0
22770 0
22783 0
22863 0
23084 0
23369 0
23477 0
23525 0
23796 0
23804 0
23891 0
24008 0
24191 0
24483 0
24685 0
25148 0
25261 0
25581 0
25623 0
25656 0
25785 0
25818 0
25840 0
25904 0
25952 0
25990 0
26029 0
26062 0
26185 0
26328 0
26502 0
26558 0
26715 0
26857 0
26861 0
26864 0
26884 0
26918 0
27261 0
27318 0
27344 0
27477 0
27860 0
27922 0
27988 0
28004 0
28005 0
28091 0
28327 0
28406 0
28425 0
28470 0
28473 0
28502 0
28561 0
28693 0
28774 0
28831 0
28890 0
28942 0
29014 0
29063 0
29064 0
29107 0
29110 0
29134 0
29147 0
29393 0
29471 0
29505 0
29517 0
29582 0
29759 0
29842 0
29856 0
29879 0
29986 0
30486 0
30521 0
30553 0
30773 0
30823 0
30870 0
30972 0
31146 0
31325 0
31332 0
31446 0
31506 0
31791 0
31809 0
32141 0
32290 0
32784 0
33168 0
33431 0
33471 0
33578 0
33759 0
33832 0
33840 0
33899 0
34012 0
34065 0
34071 0
34333 0
34659 0
34704 0
34779 0
34840 0
34900 0
34952 0
34962 0
35016 0
35030 0
35090 0
35278 0
35337 0
35410 0
35443 0
35691 0
35708 0
35881 0
36017 0
36276 0
36330 0
36331 0
36387 0
36478 0
36680 0
36811 0
36839 0
36909 0
36992 0
37054 0
37121 0
37150 0
37190 0
37280 0
37336 0
37676 0
38075 0
38234 0
38492 0
38590 0
38594 0
38799 0
38838 0
39023 0
39169 0
39399 0
39408 0
39432 0
39481 0
39545 0
39592 0
39765 0
40006 0
40162 0
40202 0
40282 0
40360 0
40590 0
40598 0
40629 0
40664 0
40705 0
40802 0
40831 0
40847 0
40899 0
41023 0
41062 0
41126 0
41188 0
41266 0
41316 0
41339 0
41371 0
41419 0
41689 0
41696 0
41970 0
42108 0
42283 0
42332 0
42379 0
42669 0
42736 0
42795 0
42819 0
42922 0
43116 0
43261 0
43313 0
43443 0
43509 0
43655 0
43695 0
43702 0
43850 0
43974 0
44066 0
44300 0
44330 0
44464 0
44536 0
44551 0
44667 0
44676 0
44989 0
45003 0
45119 0
45138 0
45332 0
45352 0
45354 0
45398 0
45412 0
45530 0
45646 0
45662 0
45695 0
45702 0
45837 0
45917 0
45919 0
45969 0
46022 0
46038 0
46145 0
46169 0
46397 0
46452 0
46491 0
46573 0
46712 0
46854 0
46870 0
46882 0
46954 0
46960 0
47327 0
47448 0
47500 0
47530 0
47645 0
47700 0
47852 0
47891 0
47899 0
47935 0
48029 0
48049 0
48079 0
48104 0
48183 0
48228 0
48357 0
48430 0
48491 0
48571 0
48935 0
48989 0
49252 0
49262 0
49540 0
49551 0
49597 0
49650 0
49693 0
49740 0
49936 0
49975 0
50039 0
50103 0
50131 0
50231 0
50346 0
50627 0
50651 0
50686 0
50688 0
50747 0
50859 0
50911 0
51008 0
51096 0
51213 0
51575 0
51638 0
51661 0
51893 0
52028 0
52258 0
52329 0
52339 0
53044 0
53097 0
53112 0
53121 0
53142 0
53143 0
53201 0
53348 0
53354 0
53457 0
53522 0
53566 0
53726 0
54105 0
54187 0
54237 0
54261 0
54315 0
54428 0
54475 0
54609 0
54707 0
54748 0
54816 0
54836 0
54851 0
54856 0
54883 0
55077 0
55084 0
55091 0
55115 0
55136 0
55166 0
55332 0
55365 0
55513 0
55683 0
55869 0
55952 0
56030 0
56217 0
56315 0
56589 0
56754 0
56800 0
56838 0
56942 0
56963 0
56967 0
57000 0
57025 0
57032 0
57080 0
57229 0
57317 0
57472 0
57519 0
57580 0
57645 0
57661 0
57712 0
57761 0
57920 0
57930 0
58058 0
58146 0
58226 0
58257 0
58362 0
58614 0
58654 0
58779 0
58794 0
58812 0
58908 0
58936 0
58944 0
59008 0
59087 0
59189 0
59387 0
59508 0
59583 0
59608 0
59673 0
59863 0
59871 0
60015 0
60018 0
60104 0
60458 0
60488 0
60541 0
60704 0
60810 0
60820 0
60850 0
60866 0
60945 0
60974 0
61044 0
61139 0
61171 0
61256 0
61284 0
61522 0
61608 0
61812 0
61992 0
62003 0
62093 0
62108 0
62172 0
62188 0
62274 0
62294 0
62307 0
62323 0
62415 0
62436 0
62490 0
62509 0
62642 0
62647 0
62679 0
62840 0
62921 0
62970 0
63135 0
63221 0
63231 0
63318 0
63387 0
63467 0
63517 0
63633 0
63675 0
63784 0
63961 0
64021 0
64081 0
64314 0
64391 0
64399 0
64583 0
64584 0
64669 0
64756 0
65220 0
65338 0
65356 0
65543 0
65672 0
65902 0
65965 0
66078 0
66116 0
66132 0
66231 0
66381 0
66525 0
66570 0
66672 0
66849 0
66923 0
66989 0
67005 0
67013 0
67093 0
67151 0
67153 0
67224 0
67279 0
67297 0
67389 0
67445 0
67525 0
67684 0
67813 0
67822 0
67869 0
67959 0
68036 0
68071 0
68090 0
68234 0
68260 0
68321 0
68344 0
68451 0
68700 0
68717 0
68805 0
68806 0
68971 0
69199 0
69208 0
69395 0
69436 0
69557 0
69655 0
69679 0
69684 0
69761 0
69774 0
69778 0
69885 0
69920 0
70065 0
70081 0
70083 0
70220 0
70254 0
70333 0
70366 0
70562 0
70700 0
71169 0
71258 0
71494 0
71546 0
71554 0
71722 0
71731 0
71739 0
71776 0
71806 0
71828 0
72042 0
72100 0
72116 0
72208 0
72356 0
72726 0
72836 0
72897 0
72983 0
73014 0
73119 0
73163 0
73204 0
73366 0
73372 0
73395 0
73414 0
73475 0
73563 0
73576 0
74010 0
74096 0
74142 0
74152 0
74370 0
74489 0
74550 0
74573 0
74642 0
74670 0
74895 0
74937 0
75024 0
75197 0
75224 0
75272 0
75317 0
75624 0
75676 0
75773 0
75923 0
76137 0
76161 0
76399 0
76459 0
76516 0
76517 0
76541 0
76629 0
76694 0
76697 0
76765 0
76985 0
77058 0
77134 0
77234 0
77367 0
77737 0
77923 0
77934 0
78158 0
78403 0
78516 0
78631 0
79000 0
79166 0
79251 0
79300 0
79357 0
79543 0
79739 0
79852 0
79923 0
80010 0
80227 0
80263 0
80300 0
80404 0
80491 0
80532 0
80630 0
80742 0
80794 0
80883 0
81711 0
82012 0
82175 0
82544 0
82970 0
83018 0
83149 0
83278 0
83281 0
83404 0
83446 0
83645 0
83662 0
83712 0
83784 0
84093 0
84139 0
84260 0
84321 0
84617 0
84753 0
84890 0
84899 0
84956 0
84983 0
85008 0
85212 0
85338 0
85466 0
85541 0
85547 0
85636 0
85731 0
85828 0
86092 0
86096 0
86352 0
86394 0
86456 0
86583 0
86683 0
86861 0
86923 0
86925 0
86949 0
86961 0
87050 0
87054 0
87285 0
87584 0
87617 0
87697 0
87810 0
88074 0
88204 0
88216 0
88311 0
88341 0
88346 0
88381 0
88564 0
88815 0
88838 0
88956 0
89081 0
89156 0
89238 0
89307 0
89395 0
89415 0
89506 0
89558 0
89675 0
89766 0
89865 0
89887 0
89979 0
89990 0
90018 0
90048 0
90208 0
90445 0
90471 0
90493 0
90526 0
90648 0
90677 0
90743 0
90752 0
90792 0
91010 0
91315 0
91439 0
91478 0
91592 0
91619 0
91776 0
91843 0
91964 0
91984 0
92022 0
92165 0
92173 0
92727 0
92807 0
92849 0
92877 0
93317 0
93456 0
93535 0
93672 0
93700 0
93851 0
93894 0
93962 0
93979 0
94011 0
94054 0
94240 0
94266 0
94365 0
94434 0
94468 0
94724 0
94731 0
94738 0
94807 0
94965 0
95102 0
95465 0
95648 0
96217 0
96232 0
96274 0
96346 0
96394 0
96477 0
96622 0
96731 0
96876 0
97008 0
97012 0
97288 0
97398 0
97418 0
97752 0
97979 0
98160 0
98253 0
98294 0
98360 0
98475 0
98494 0
98503 0
98555 0
98601 0
98638 0
98690 0
98769 0
99057 0
99159 0
99196 0
99408 0
99681 0
