c This is a uniform distributed  1-D DIMACS file 
c width height point_number
p 100000 100000 1024
124 0
127 0
289 0
330 0
380 0
459 0
529 0
681 0
707 0
723 0
765 0
810 0
1032 0
1174 0
1282 0
1307 0
1343 0
1406 0
1630 0
1644 0
1835 0
1862 0
2231 0
2567 0
2610 0
2620 0
2840 0
2896 0
3141 0
3371 0
3398 0
3439 0
3450 0
3576 0
3770 0
3800 0
3841 0
3875 0
3933 0
4021 0
4028 0
4057 0
4121 0
4159 0
4253 0
4289 0
4376 0
4400 0
4419 0
4517 0
4648 0
4653 0
4759 0
4818 0
4908 0
4977 0
5041 0
5141 0
5151 0
5221 0
5241 0
5306 0
5308 0
5316 0
5565 0
5580 0
5626 0
5845 0
5858 0
6083 0
6219 0
6231 0
6282 0
6304 0
6360 0
6531 0
6547 0
6644 0
6932 0
6937 0
7204 0
7241 0
7443 0
7612 0
7668 0
7754 0
7805 0
7988 0
8011 0
8218 0
8268 0
8605 0
8724 0
8733 0
8747 0
8783 0
8801 0
8850 0
8950 0
9120 0
9182 0
9482 0
10018 0
10168 0
10394 0
10481 0
10489 0
10640 0
10819 0
10875 0
10928 0
10979 0
11025 0
11162 0
11261 0
11283 0
11305 0
11389 0
11416 0
11536 0
11554 0
11639 0
11849 0
11870 0
11960 0
12186 0
12191 0
12198 0
12218 0
12263 0
12529 0
12545 0
12604 0
12636 0
12934 0
13284 0
13314 0
13318 0
13319 0
13466 0
13521 0
13635 0
13645 0
13823 0
13852 0
13861 0
13983 0
14067 0
14138 0
14149 0
14395 0
14494 0
14554 0
15034 0
15170 0
15238 0
15415 0
15523 0
15796 0
15828 0
15845 0
15848 0
15916 0
15944 0
16071 0
16085 0
16142 0
16323 0
16485 0
16566 0
16577 0
16637 0
16685 0
16861 0
16964 0
16985 0
17032 0
17097 0
17321 0
17372 0
17489 0
17502 0
17736 0
17781 0
17829 0
17895 0
17993 0
18001 0
18035 0
18178 0
18331 0
18337 0
18449 0
18466 0
18479 0
18733 0
18748 0
18749 0
18754 0
18791 0
18835 0
18876 0
19777 0
19833 0
19844 0
19865 0
20045 0
20234 0
20247 0
20252 0
20258 0
20268 0
20358 0
20506 0
20678 0
20982 0
21044 0
21180 0
21468 0
21525 0
21666 0
22043 0
22354 0
22702 0
22738 0
22748 0
22823 0
23177 0
23318 0
23401 0
23502 0
23716 0
23769 0
24084 0
24269 0
24422 0
24581 0
24609 0
24643 0
24661 0
24703 0
24771 0
24829 0
24936 0
24963 0
25185 0
25209 0
25227 0
25420 0
25479 0
25511 0
25698 0
25910 0
26220 0
26287 0
26303 0
26565 0
26572 0
26705 0
26794 0
26866 0
26870 0
26888 0
27046 0
27086 0
27106 0
27124 0
27194 0
27224 0
27441 0
27444 0
27478 0
27598 0
27728 0
27796 0
27801 0
27874 0
28014 0
28034 0
28083 0
28390 0
28485 0
28508 0
28560 0
28652 0
28704 0
28845 0
29067 0
29103 0
29110 0
29125 0
29420 0
29667 0
29715 0
29740 0
29748 0
29892 0
30235 0
30240 0
30338 0
30383 0
30575 0
30653 0
30705 0
30725 0
30856 0
31039 0
31083 0
31155 0
31259 0
31414 0
31473 0
31535 0
31599 0
32120 0
32305 0
32381 0
32417 0
32426 0
32428 0
32577 0
32799 0
33248 0
33388 0
33508 0
33549 0
33616 0
33675 0
33700 0
33701 0
33939 0
34071 0
34075 0
34082 0
34126 0
34224 0
34464 0
34500 0
34701 0
34750 0
34773 0
34838 0
34864 0
35030 0
35072 0
35275 0
35298 0
35403 0
35601 0
35723 0
35917 0
35966 0
36041 0
36207 0
36229 0
36304 0
36352 0
36409 0
36468 0
36621 0
36778 0
36818 0
36931 0
37048 0
37078 0
37119 0
37494 0
37623 0
37928 0
37954 0
38055 0
38098 0
38156 0
38196 0
38242 0
38303 0
38321 0
38468 0
38632 0
38743 0
39138 0
39179 0
39242 0
39480 0
39487 0
39516 0
39573 0
39582 0
39684 0
39951 0
39977 0
39996 0
40092 0
40265 0
40305 0
40361 0
40526 0
40596 0
40691 0
40754 0
40767 0
41094 0
41171 0
41233 0
41325 0
41536 0
41654 0
41673 0
41689 0
41716 0
41719 0
41784 0
41805 0
41839 0
41998 0
42016 0
42046 0
42066 0
42099 0
42179 0
42249 0
42382 0
42392 0
42443 0
42490 0
42551 0
42557 0
42601 0
42652 0
42867 0
42984 0
43139 0
43178 0
43213 0
43221 0
43271 0
43389 0
43410 0
43622 0
43799 0
43806 0
43848 0
44248 0
44252 0
44388 0
44467 0
44472 0
44484 0
44693 0
44749 0
44774 0
44795 0
44918 0
44928 0
44990 0
45000 0
45090 0
45108 0
45233 0
45258 0
45349 0
45377 0
45387 0
45565 0
45594 0
45756 0
45965 0
46140 0
46428 0
46685 0
46744 0
46790 0
46825 0
47353 0
47408 0
47441 0
47593 0
47603 0
47645 0
47712 0
47757 0
47809 0
48029 0
48117 0
48278 0
48290 0
48409 0
48565 0
48621 0
48702 0
49159 0
49190 0
49216 0
49322 0
49679 0
49796 0
50130 0
50189 0
50262 0
50472 0
50613 0
50651 0
50721 0
50731 0
50770 0
50970 0
51059 0
51065 0
51296 0
51412 0
51540 0
51552 0
51641 0
51666 0
51694 0
51732 0
51783 0
51817 0
51978 0
52030 0
52230 0
52253 0
52290 0
52690 0
52758 0
52846 0
52943 0
53413 0
53471 0
53499 0
53578 0
53614 0
53657 0
53705 0
53852 0
53872 0
53921 0
53957 0
54228 0
54287 0
54387 0
54474 0
54565 0
54906 0
54943 0
55014 0
55027 0
55077 0
55095 0
55107 0
55197 0
55393 0
55415 0
55632 0
55644 0
55708 0
55742 0
55771 0
55946 0
56001 0
56041 0
56047 0
56056 0
56194 0
56349 0
56436 0
56543 0
56570 0
56669 0
56697 0
56730 0
56764 0
56969 0
57139 0
57205 0
57429 0
57463 0
57551 0
57652 0
57975 0
57991 0
58135 0
58137 0
58211 0
58223 0
58290 0
58410 0
58481 0
58535 0
58667 0
59030 0
59133 0
59141 0
59187 0
59227 0
59282 0
59291 0
59318 0
59331 0
59666 0
59680 0
59914 0
60042 0
60401 0
60671 0
60837 0
60851 0
60857 0
60929 0
61173 0
61240 0
61242 0
61291 0
61293 0
61296 0
61324 0
61347 0
61433 0
61480 0
61642 0
61737 0
61808 0
61813 0
61854 0
62013 0
62050 0
62054 0
62066 0
62141 0
62215 0
62273 0
62358 0
62372 0
62462 0
62548 0
62702 0
62816 0
62902 0
62914 0
63081 0
63159 0
63371 0
63396 0
63401 0
63579 0
63660 0
63863 0
63960 0
63972 0
64174 0
64474 0
64520 0
64611 0
64612 0
64716 0
64720 0
64726 0
64759 0
64906 0
65484 0
65518 0
65615 0
65647 0
65692 0
65721 0
66058 0
66091 0
66128 0
66210 0
66224 0
66290 0
66328 0
66340 0
66413 0
66566 0
66583 0
66647 0
66785 0
66807 0
66823 0
67001 0
67184 0
67323 0
67330 0
67390 0
67573 0
67596 0
67598 0
67630 0
67702 0
67714 0
67726 0
67812 0
67922 0
68067 0
68075 0
68138 0
68322 0
68375 0
68503 0
68587 0
68689 0
68715 0
68776 0
68852 0
68856 0
68971 0
68990 0
69028 0
69037 0
69155 0
69159 0
69344 0
69370 0
69419 0
69427 0
69458 0
69593 0
69709 0
69791 0
69887 0
70176 0
70462 0
70635 0
70666 0
70680 0
71026 0
71037 0
71082 0
71374 0
71379 0
71473 0
71627 0
71762 0
71784 0
71880 0
71961 0
71989 0
72040 0
72043 0
72093 0
72184 0
72207 0
72239 0
72602 0
72765 0
72775 0
72786 0
72855 0
72906 0
72969 0
73081 0
73139 0
73416 0
73419 0
73669 0
73779 0
73784 0
73864 0
73904 0
73945 0
73953 0
74063 0
74198 0
74481 0
74592 0
74705 0
74724 0
74753 0
74805 0
74809 0
74842 0
74908 0
75173 0
75335 0
75354 0
75578 0
75673 0
75744 0
75817 0
75934 0
75998 0
76182 0
76223 0
76235 0
76287 0
76562 0
76591 0
76614 0
76934 0
76943 0
77125 0
77172 0
77317 0
77438 0
77565 0
77631 0
77793 0
77885 0
77989 0
78033 0
78335 0
78558 0
79001 0
79003 0
79054 0
79216 0
79246 0
79364 0
79515 0
79558 0
79563 0
79644 0
79702 0
79726 0
79766 0
79813 0
79946 0
80097 0
80168 0
80218 0
80262 0
80295 0
80431 0
80480 0
80557 0
80559 0
80584 0
80597 0
80684 0
80896 0
80950 0
81028 0
81264 0
81441 0
81492 0
81640 0
81847 0
82217 0
82242 0
82316 0
82353 0
82378 0
82433 0
82593 0
82605 0
82778 0
83037 0
83105 0
83117 0
83184 0
83334 0
83441 0
83478 0
83570 0
83648 0
83922 0
83985 0
84039 0
84050 0
84203 0
84356 0
84397 0
84524 0
84635 0
84868 0
84873 0
84881 0
84900 0
84956 0
85052 0
85068 0
85160 0
85253 0
85288 0
85292 0
85308 0
85309 0
85378 0
85409 0
85410 0
85501 0
85583 0
85593 0
85621 0
85768 0
85786 0
85876 0
85883 0
86016 0
86060 0
86201 0
86495 0
86509 0
86513 0
86527 0
86574 0
86612 0
86710 0
87106 0
87133 0
87288 0
87294 0
87301 0
87303 0
87321 0
87417 0
87463 0
87514 0
87644 0
87939 0
87999 0
88047 0
88114 0
88365 0
88393 0
88537 0
88557 0
88725 0
88869 0
88928 0
88958 0
89153 0
89205 0
89222 0
89843 0
90283 0
90366 0
90409 0
90425 0
90429 0
90607 0
90653 0
90688 0
90770 0
90776 0
90806 0
90873 0
90998 0
91334 0
91943 0
92024 0
92173 0
92226 0
92442 0
92452 0
92731 0
92980 0
93034 0
93207 0
93218 0
93253 0
93354 0
93421 0
93482 0
93658 0
93675 0
93731 0
93950 0
94011 0
94058 0
94212 0
94377 0
94396 0
94466 0
94483 0
94668 0
95012 0
95025 0
95050 0
95161 0
95207 0
95451 0
95573 0
95583 0
95685 0
95825 0
95873 0
95936 0
95954 0
96020 0
96154 0
96174 0
96195 0
96206 0
96337 0
96358 0
96394 0
96441 0
96463 0
96561 0
96598 0
96607 0
96667 0
96750 0
96818 0
96887 0
96948 0
97102 0
97261 0
97266 0
97376 0
97835 0
98075 0
98147 0
98272 0
98383 0
98394 0
98437 0
98534 0
98632 0
98714 0
98894 0
98950 0
98970 0
98985 0
99079 0
99135 0
99143 0
99172 0
99176 0
99203 0
99889 0
99890 0
