c This is a uniform distributed  1-D DIMACS file 
c width height point_number
p 100000 100000 1024
35 0
78 0
209 0
341 0
362 0
499 0
652 0
661 0
1012 0
1032 0
1036 0
1083 0
1318 0
1427 0
1558 0
1585 0
1686 0
1690 0
1787 0
1854 0
1897 0
1915 0
1954 0
1978 0
2156 0
2273 0
2291 0
2328 0
2356 0
2410 0
2602 0
2782 0
2907 0
2951 0
3042 0
3076 0
3201 0
3327 0
3330 0
3413 0
3427 0
3484 0
3519 0
3554 0
3638 0
3683 0
3722 0
3752 0
3817 0
3820 0
3835 0
3899 0
3932 0
3983 0
4012 0
4164 0
4449 0
4497 0
4552 0
4562 0
4718 0
4749 0
4866 0
4882 0
5266 0
5458 0
5773 0
5823 0
5875 0
5927 0
6069 0
6374 0
6450 0
6467 0
6633 0
6674 0
6695 0
6882 0
7067 0
7122 0
7155 0
7156 0
7252 0
7342 0
7356 0
7393 0
7559 0
7673 0
7817 0
7833 0
8213 0
8298 0
8350 0
8358 0
8394 0
8406 0
8612 0
8714 0
8770 0
8908 0
9602 0
9804 0
9985 0
10125 0
10213 0
10360 0
10560 0
11201 0
11238 0
11290 0
11421 0
11614 0
11639 0
11681 0
11711 0
11768 0
11826 0
11846 0
11868 0
11869 0
12057 0
12078 0
12150 0
12152 0
12258 0
12310 0
12418 0
12656 0
12662 0
12762 0
12880 0
12917 0
12920 0
12972 0
13174 0
13279 0
13438 0
13488 0
13493 0
13667 0
13860 0
13920 0
13952 0
13975 0
14160 0
14167 0
14187 0
14202 0
14220 0
14283 0
14288 0
14396 0
14416 0
14422 0
14567 0
14626 0
14681 0
14725 0
14778 0
14795 0
14806 0
14820 0
14939 0
14968 0
14980 0
15119 0
15138 0
15184 0
15456 0
15479 0
15558 0
15675 0
15706 0
16008 0
16200 0
16282 0
16457 0
16535 0
16666 0
16884 0
16921 0
17243 0
17254 0
17255 0
17467 0
17471 0
17842 0
17993 0
18093 0
18097 0
18163 0
18301 0
18431 0
18524 0
18643 0
18667 0
18797 0
19057 0
19088 0
19197 0
19381 0
19426 0
19519 0
19591 0
19643 0
19676 0
19833 0
19991 0
20017 0
20303 0
20365 0
20401 0
20520 0
20575 0
20635 0
20676 0
20811 0
21059 0
21078 0
21107 0
21114 0
21227 0
21239 0
21364 0
21365 0
21518 0
21564 0
21785 0
22114 0
22210 0
22261 0
22282 0
22330 0
22354 0
22454 0
22589 0
22704 0
22848 0
22855 0
22890 0
22971 0
23094 0
23132 0
23327 0
23335 0
23353 0
23385 0
23430 0
23668 0
23707 0
23789 0
23832 0
23888 0
24209 0
24271 0
24316 0
24322 0
24340 0
24464 0
24737 0
24848 0
24883 0
24896 0
24968 0
25015 0
25031 0
25068 0
25190 0
25199 0
25381 0
25385 0
25391 0
25514 0
25560 0
25691 0
25815 0
25846 0
25913 0
25917 0
25950 0
26131 0
26145 0
26168 0
26195 0
26277 0
26427 0
26548 0
26550 0
26689 0
26703 0
26704 0
26763 0
26870 0
26955 0
27214 0
27277 0
27526 0
27587 0
27722 0
27989 0
28267 0
28283 0
28297 0
28929 0
28940 0
28946 0
29067 0
29220 0
29304 0
29306 0
29393 0
29407 0
29410 0
29457 0
29542 0
29560 0
29621 0
29634 0
29827 0
29927 0
30032 0
30307 0
30336 0
30399 0
30400 0
30582 0
30598 0
30713 0
30913 0
30984 0
31197 0
31276 0
31317 0
31388 0
31457 0
31487 0
31643 0
31698 0
31858 0
31870 0
32024 0
32036 0
32105 0
32153 0
32389 0
32444 0
32555 0
32561 0
32607 0
32622 0
32862 0
32951 0
33031 0
33094 0
33200 0
33241 0
33358 0
33521 0
33621 0
33944 0
33985 0
34109 0
34136 0
34212 0
34263 0
34299 0
34422 0
34515 0
34526 0
34793 0
34882 0
34891 0
34951 0
34953 0
35036 0
35044 0
35063 0
35070 0
35164 0
35179 0
35412 0
35420 0
35495 0
35570 0
35591 0
35827 0
35858 0
35904 0
35920 0
36099 0
36132 0
36170 0
36374 0
36508 0
36643 0
37075 0
37122 0
37353 0
37422 0
37591 0
37628 0
37648 0
37663 0
37666 0
37767 0
37874 0
37891 0
37975 0
38120 0
38123 0
38158 0
38159 0
38170 0
38248 0
38296 0
38833 0
38915 0
39300 0
39377 0
39457 0
39650 0
39720 0
39794 0
39815 0
39835 0
39991 0
40156 0
40223 0
40370 0
40628 0
40715 0
40730 0
40846 0
40882 0
40913 0
40922 0
41017 0
41060 0
41364 0
41379 0
41558 0
41692 0
41756 0
41936 0
41967 0
42002 0
42008 0
42035 0
42089 0
42123 0
42222 0
42281 0
42391 0
42543 0
42813 0
42839 0
42917 0
42921 0
42943 0
43182 0
43208 0
43347 0
43518 0
43651 0
43760 0
43818 0
43856 0
43864 0
43977 0
44229 0
44359 0
44566 0
44633 0
44726 0
44899 0
45025 0
45111 0
45227 0
45232 0
45297 0
45351 0
45446 0
45486 0
45493 0
45647 0
45650 0
45914 0
46029 0
46046 0
46080 0
46133 0
46165 0
46218 0
46456 0
46490 0
46500 0
46608 0
46620 0
46725 0
46831 0
46985 0
47039 0
47166 0
47246 0
47354 0
47373 0
47426 0
47527 0
47561 0
47602 0
47685 0
47734 0
47781 0
47923 0
47937 0
48048 0
48544 0
48758 0
48902 0
48922 0
48980 0
49055 0
49066 0
49073 0
49074 0
49470 0
49512 0
49619 0
49659 0
49667 0
49785 0
49794 0
49943 0
49956 0
50066 0
50124 0
50157 0
50165 0
50242 0
50254 0
50273 0
50304 0
50691 0
50792 0
50863 0
50913 0
50953 0
50960 0
51060 0
51061 0
51149 0
51420 0
51632 0
51781 0
52037 0
52116 0
52138 0
52253 0
52353 0
52367 0
52488 0
52504 0
52527 0
52572 0
52614 0
52648 0
52713 0
52773 0
52866 0
52879 0
52984 0
53126 0
53151 0
53326 0
53347 0
53435 0
53639 0
53740 0
54164 0
54238 0
54288 0
54502 0
54704 0
54725 0
54839 0
54878 0
54893 0
55345 0
55370 0
55459 0
55632 0
55731 0
55769 0
56027 0
56278 0
56491 0
56616 0
56722 0
56725 0
56797 0
56811 0
56909 0
56912 0
57000 0
57364 0
57499 0
57642 0
57982 0
58108 0
58109 0
58189 0
58230 0
58239 0
58264 0
58419 0
58466 0
58603 0
58709 0
58959 0
59020 0
59068 0
59199 0
59296 0
59326 0
59347 0
59503 0
59538 0
59554 0
59560 0
59580 0
59733 0
59847 0
59910 0
59926 0
59986 0
60070 0
60156 0
60265 0
60311 0
60330 0
60343 0
60416 0
60489 0
60912 0
61067 0
61147 0
61354 0
61365 0
61408 0
61451 0
61455 0
61664 0
61844 0
61852 0
61853 0
61878 0
62030 0
62094 0
62100 0
62335 0
62350 0
62834 0
62987 0
62999 0
63159 0
63359 0
63584 0
63728 0
63782 0
63905 0
63951 0
63999 0
64008 0
64310 0
64444 0
64711 0
64716 0
64771 0
64846 0
64856 0
64918 0
65042 0
65143 0
65289 0
65419 0
65445 0
65816 0
65885 0
66115 0
66187 0
66718 0
66985 0
67113 0
67117 0
67121 0
67129 0
67273 0
67448 0
67493 0
67507 0
67590 0
67760 0
67811 0
67870 0
67962 0
67999 0
68507 0
68528 0
68714 0
68793 0
68903 0
68942 0
69227 0
69520 0
69700 0
69733 0
69942 0
70481 0
70562 0
70596 0
70697 0
70755 0
70756 0
70998 0
71034 0
71083 0
71149 0
71291 0
71298 0
71302 0
71359 0
71486 0
71534 0
71552 0
71694 0
71874 0
71879 0
71918 0
72080 0
72170 0
72246 0
72271 0
72300 0
72319 0
72534 0
72638 0
72649 0
72908 0
73152 0
73415 0
73573 0
73687 0
73804 0
73818 0
73985 0
74041 0
74163 0
74204 0
74391 0
74410 0
74454 0
74852 0
74908 0
74986 0
75199 0
75207 0
75230 0
75235 0
75319 0
75476 0
75556 0
75629 0
75675 0
75743 0
75777 0
76149 0
76195 0
76255 0
76382 0
76393 0
76409 0
76760 0
76793 0
76875 0
76926 0
76934 0
76977 0
77015 0
77238 0
77248 0
77317 0
77399 0
77609 0
77621 0
77759 0
77901 0
78021 0
78126 0
78539 0
78602 0
78621 0
79302 0
79348 0
79379 0
79391 0
79413 0
79454 0
79528 0
79555 0
79586 0
79658 0
79691 0
79739 0
79759 0
79843 0
79928 0
79943 0
80001 0
80095 0
80157 0
80266 0
80363 0
80624 0
80696 0
80769 0
80881 0
80948 0
81066 0
81081 0
81188 0
81229 0
81271 0
81346 0
81469 0
81550 0
81640 0
81667 0
81749 0
81756 0
82028 0
82126 0
82644 0
82923 0
83006 0
83153 0
83173 0
83199 0
83365 0
83510 0
83530 0
83539 0
83557 0
83684 0
83794 0
83938 0
83990 0
84046 0
84125 0
84336 0
84377 0
84391 0
84445 0
84584 0
84648 0
84653 0
84654 0
84661 0
84767 0
84858 0
84944 0
85193 0
85297 0
85377 0
85432 0
85832 0
85863 0
85915 0
86080 0
86092 0
86147 0
86358 0
86534 0
86593 0
86679 0
86851 0
86906 0
86982 0
87020 0
87047 0
87066 0
87101 0
87112 0
87134 0
87155 0
87296 0
87413 0
87433 0
87450 0
87474 0
87496 0
87640 0
87641 0
87681 0
87845 0
88000 0
88336 0
88351 0
88401 0
88489 0
88536 0
88674 0
88688 0
88880 0
88915 0
88943 0
88956 0
89192 0
89198 0
89423 0
89550 0
89644 0
89665 0
89673 0
89801 0
90086 0
90269 0
90311 0
90392 0
90633 0
90658 0
90669 0
90805 0
90938 0
91016 0
91037 0
91148 0
91149 0
91386 0
91395 0
91479 0
91582 0
91602 0
91698 0
91758 0
91798 0
91911 0
92282 0
92290 0
92542 0
92550 0
92655 0
92686 0
92921 0
93091 0
93122 0
93307 0
93438 0
94217 0
94227 0
94249 0
94250 0
94415 0
94539 0
94599 0
94802 0
94803 0
94923 0
94974 0
95008 0
95150 0
95153 0
95278 0
95388 0
95443 0
95483 0
95573 0
95596 0
95609 0
95620 0
95650 0
95726 0
95812 0
95890 0
95950 0
95963 0
96212 0
96262 0
96324 0
96368 0
96527 0
96542 0
96646 0
96667 0
96772 0
96783 0
96797 0
96837 0
97318 0
97526 0
97555 0
97592 0
97724 0
97798 0
97923 0
98072 0
98109 0
98226 0
98390 0
98578 0
98724 0
98892 0
99041 0
99441 0
99481 0
99616 0
99763 0
99795 0
99805 0
99815 0
99824 0
99828 0
99926 0
99951 0
99998 0
