c This is a uniform distributed  1-D DIMACS file 
c width height point_number
p 100000 100000 1024
87 0
136 0
488 0
504 0
528 0
645 0
1318 0
1327 0
1363 0
1367 0
1459 0
1474 0
1538 0
1722 0
1869 0
2016 0
2043 0
2107 0
2204 0
2208 0
2339 0
2355 0
2357 0
2534 0
2610 0
2842 0
2855 0
2902 0
3057 0
3070 0
3389 0
3415 0
3508 0
3533 0
3551 0
3627 0
3861 0
4185 0
4197 0
4214 0
4312 0
4444 0
4519 0
4813 0
4974 0
5015 0
5016 0
5142 0
5192 0
5403 0
5731 0
5736 0
5760 0
5826 0
5899 0
5992 0
6063 0
6097 0
6117 0
6138 0
6164 0
6303 0
6398 0
6426 0
6430 0
6605 0
6872 0
6881 0
6898 0
6900 0
7057 0
7089 0
7291 0
7405 0
7431 0
7821 0
7914 0
7932 0
7956 0
7993 0
8007 0
8037 0
8071 0
8282 0
8486 0
8490 0
8582 0
8595 0
8734 0
8844 0
9081 0
9220 0
9225 0
9290 0
9331 0
9373 0
9432 0
9525 0
9581 0
9814 0
9944 0
10137 0
10202 0
10249 0
10262 0
10306 0
10501 0
10887 0
11038 0
11055 0
11078 0
11400 0
11465 0
11491 0
11555 0
11641 0
11755 0
11831 0
11845 0
11907 0
11923 0
11934 0
12115 0
12143 0
12223 0
12302 0
12335 0
12635 0
12804 0
12875 0
12889 0
13071 0
13200 0
13355 0
13436 0
13547 0
13548 0
13564 0
13851 0
13904 0
14244 0
14564 0
14599 0
14603 0
14656 0
14661 0
14785 0
14802 0
14809 0
14810 0
15199 0
15284 0
15348 0
15407 0
15435 0
15812 0
15840 0
15942 0
16219 0
16242 0
16429 0
16434 0
16443 0
16539 0
16636 0
16674 0
16677 0
16725 0
16784 0
16785 0
16797 0
16838 0
17007 0
17234 0
17299 0
17468 0
17488 0
17491 0
17520 0
17607 0
17865 0
17890 0
17905 0
17969 0
17981 0
18057 0
18129 0
18219 0
18232 0
18491 0
18690 0
18905 0
18949 0
18993 0
19030 0
19182 0
19258 0
19259 0
19546 0
19644 0
19671 0
19695 0
19749 0
19769 0
19787 0
19889 0
20350 0
20390 0
20415 0
20592 0
20598 0
20622 0
20857 0
20876 0
20990 0
21157 0
21398 0
21518 0
21552 0
21674 0
21718 0
21887 0
21893 0
21989 0
22001 0
22017 0
22065 0
22254 0
22338 0
22438 0
22502 0
22544 0
22595 0
22613 0
22688 0
22840 0
22860 0
22922 0
23009 0
23177 0
23244 0
23266 0
23466 0
23541 0
23562 0
23844 0
23890 0
23924 0
24085 0
24230 0
24278 0
24562 0
25197 0
25207 0
25236 0
25279 0
25303 0
25373 0
25504 0
25551 0
25552 0
25555 0
25629 0
25673 0
25787 0
25838 0
25974 0
26099 0
26264 0
26561 0
26706 0
26913 0
26927 0
27269 0
27368 0
27382 0
27410 0
27450 0
27583 0
27664 0
27903 0
27964 0
27986 0
28065 0
28119 0
28179 0
28396 0
28592 0
28610 0
28750 0
29050 0
29078 0
29241 0
29248 0
29359 0
29383 0
29616 0
29955 0
30000 0
30007 0
30092 0
30138 0
30151 0
30279 0
30335 0
30393 0
30562 0
30625 0
30706 0
30778 0
30811 0
30877 0
30996 0
31068 0
31076 0
31328 0
31448 0
31546 0
31577 0
31599 0
31757 0
31822 0
32041 0
32262 0
32275 0
32290 0
32481 0
32611 0
32762 0
32795 0
32929 0
33201 0
33257 0
33343 0
33344 0
33425 0
33451 0
33644 0
33838 0
34036 0
34040 0
34105 0
34155 0
34251 0
34296 0
34356 0
34372 0
34664 0
35075 0
35199 0
35423 0
35447 0
35462 0
35530 0
35583 0
35664 0
35709 0
35796 0
35862 0
35985 0
36173 0
36185 0
36198 0
36262 0
36612 0
36701 0
36724 0
36767 0
37066 0
37255 0
37353 0
37579 0
37598 0
37612 0
37622 0
37642 0
37775 0
37840 0
38156 0
38206 0
38324 0
38445 0
38600 0
38745 0
38857 0
39020 0
39154 0
39206 0
39335 0
39455 0
39466 0
39494 0
39505 0
39518 0
39537 0
39545 0
39547 0
39698 0
39714 0
39747 0
39896 0
40132 0
40146 0
40153 0
40334 0
40370 0
40405 0
40479 0
40721 0
40869 0
40919 0
41117 0
41127 0
41352 0
41391 0
41429 0
41512 0
41863 0
41976 0
41993 0
42082 0
42223 0
42421 0
42451 0
42485 0
42594 0
42661 0
42794 0
42803 0
42816 0
42825 0
42919 0
43003 0
43023 0
43258 0
43301 0
43403 0
43485 0
43637 0
43703 0
43737 0
43766 0
43769 0
43998 0
44047 0
44139 0
44431 0
44497 0
44502 0
44612 0
44715 0
44805 0
44812 0
44867 0
44930 0
44968 0
45110 0
45162 0
45184 0
45316 0
45340 0
45345 0
45445 0
45659 0
45709 0
45721 0
46130 0
46197 0
46424 0
46425 0
46429 0
46430 0
46490 0
46540 0
46945 0
47114 0
47123 0
47233 0
47241 0
47351 0
47402 0
47443 0
47457 0
47476 0
47509 0
47520 0
47786 0
47837 0
47888 0
48093 0
48129 0
48246 0
48251 0
48285 0
48305 0
48315 0
48360 0
48599 0
48737 0
48763 0
48788 0
48816 0
48870 0
48954 0
49113 0
49297 0
49361 0
49392 0
49436 0
49659 0
49797 0
50159 0
50176 0
50253 0
50256 0
50497 0
50556 0
50559 0
50568 0
50766 0
50871 0
51079 0
51186 0
51243 0
51511 0
51554 0
51565 0
51596 0
51608 0
51720 0
51758 0
51811 0
51856 0
51963 0
51988 0
52019 0
52115 0
52222 0
52341 0
52408 0
52441 0
52569 0
52605 0
52758 0
52791 0
52906 0
52983 0
53083 0
53251 0
53352 0
53362 0
53499 0
53605 0
53635 0
53681 0
53929 0
54220 0
54292 0
54356 0
54417 0
54548 0
54762 0
55178 0
55322 0
55528 0
55529 0
55553 0
55721 0
55773 0
55865 0
55894 0
55956 0
56122 0
56295 0
56340 0
56416 0
56420 0
56548 0
56556 0
56564 0
56614 0
56703 0
56759 0
56866 0
56932 0
57083 0
57345 0
57407 0
57512 0
57591 0
57823 0
57868 0
57998 0
58057 0
58104 0
58171 0
58213 0
58270 0
58276 0
58555 0
58655 0
58719 0
58784 0
58857 0
58859 0
59066 0
59264 0
59378 0
59755 0
59799 0
60055 0
60107 0
60184 0
60219 0
60322 0
60336 0
60343 0
60367 0
60399 0
60410 0
60552 0
60629 0
60674 0
60839 0
61077 0
61215 0
61415 0
61650 0
61706 0
61709 0
62038 0
62071 0
62096 0
62154 0
62326 0
62362 0
62665 0
62777 0
62933 0
62939 0
63016 0
63107 0
63264 0
63267 0
63316 0
63429 0
63448 0
63608 0
63659 0
63754 0
63832 0
63933 0
64011 0
64040 0
64088 0
64198 0
64255 0
64415 0
64423 0
64654 0
64671 0
64778 0
64978 0
65240 0
65293 0
65323 0
65427 0
65476 0
66046 0
66084 0
66327 0
66475 0
66623 0
66664 0
66696 0
66807 0
66816 0
66830 0
67063 0
67197 0
67218 0
67231 0
67365 0
67530 0
67590 0
67639 0
67677 0
67722 0
67739 0
67880 0
68084 0
68102 0
68179 0
68302 0
68397 0
68493 0
68554 0
68662 0
68695 0
68956 0
69115 0
69217 0
69276 0
69287 0
69345 0
69498 0
69771 0
69822 0
69983 0
69988 0
70038 0
70069 0
70113 0
70141 0
70142 0
70534 0
70554 0
70589 0
70722 0
70904 0
71023 0
71047 0
71096 0
71135 0
71188 0
71334 0
71415 0
71482 0
71522 0
71533 0
71646 0
71669 0
71764 0
71879 0
71887 0
71913 0
71944 0
72014 0
72137 0
72138 0
72221 0
72222 0
72230 0
72322 0
72600 0
72653 0
72817 0
72887 0
72947 0
72996 0
73032 0
73041 0
73057 0
73098 0
73459 0
73822 0
73857 0
73936 0
74130 0
74289 0
74356 0
74607 0
74776 0
74807 0
74863 0
75009 0
75362 0
75571 0
75757 0
75763 0
75773 0
75815 0
75911 0
75917 0
75987 0
76279 0
76333 0
76452 0
76460 0
76518 0
76682 0
76790 0
76798 0
76852 0
76855 0
77021 0
77049 0
77186 0
77263 0
77351 0
77364 0
77441 0
77466 0
77478 0
77484 0
77593 0
77630 0
77703 0
77729 0
77772 0
77823 0
77840 0
78379 0
78451 0
78470 0
78498 0
78596 0
78610 0
78792 0
79046 0
79212 0
79375 0
79517 0
79538 0
79555 0
79648 0
79833 0
79972 0
80058 0
80403 0
80408 0
80513 0
80633 0
80911 0
80939 0
80970 0
80991 0
81060 0
81121 0
81137 0
81174 0
81350 0
81446 0
81588 0
81761 0
81980 0
82190 0
82281 0
82330 0
82364 0
82372 0
82443 0
82504 0
82551 0
82574 0
82770 0
82805 0
82842 0
82906 0
83125 0
83210 0
83419 0
83576 0
83818 0
83829 0
83843 0
83889 0
83944 0
83973 0
83981 0
84106 0
84183 0
84190 0
84312 0
84320 0
84766 0
84773 0
84903 0
85269 0
85375 0
85487 0
85523 0
85549 0
85567 0
85905 0
85931 0
85979 0
86472 0
86552 0
86601 0
86627 0
86640 0
86797 0
87051 0
87130 0
87152 0
87398 0
87499 0
87635 0
87981 0
88048 0
88114 0
88230 0
88243 0
88322 0
88351 0
88378 0
88411 0
88475 0
88477 0
88558 0
88601 0
88776 0
88810 0
88929 0
89042 0
89075 0
89224 0
89594 0
89652 0
89710 0
89712 0
89849 0
89957 0
89973 0
90073 0
90168 0
90211 0
90319 0
90427 0
90566 0
90653 0
90700 0
90790 0
90826 0
90853 0
90883 0
91046 0
91200 0
91341 0
91412 0
91448 0
91504 0
91567 0
91736 0
91790 0
91802 0
91872 0
91878 0
92199 0
92471 0
92556 0
92768 0
92788 0
92897 0
93171 0
93293 0
93355 0
93447 0
93554 0
93644 0
93727 0
93881 0
93939 0
93952 0
94100 0
94170 0
94176 0
94249 0
94259 0
94401 0
94409 0
94577 0
94617 0
94655 0
94681 0
94735 0
94736 0
94761 0
94836 0
94865 0
94883 0
94885 0
94899 0
95043 0
95060 0
95061 0
95334 0
95393 0
95449 0
95593 0
95655 0
95844 0
95857 0
96080 0
96124 0
96169 0
96441 0
96450 0
96541 0
96543 0
96747 0
96772 0
96805 0
96806 0
96899 0
96981 0
97184 0
97224 0
97286 0
97512 0
97539 0
97621 0
97666 0
97708 0
97755 0
97761 0
97796 0
97855 0
97895 0
98130 0
98152 0
98275 0
98762 0
98764 0
98771 0
98827 0
98839 0
99070 0
99194 0
99332 0
99474 0
99645 0
99844 0
