c This is a uniform distributed  1-D DIMACS file 
c width height point_number
p 100000 100000 1024
182 0
368 0
384 0
440 0
467 0
472 0
573 0
716 0
818 0
1204 0
1271 0
1376 0
1417 0
1571 0
1826 0
1918 0
2024 0
2143 0
2243 0
2317 0
2359 0
2628 0
2703 0
2759 0
3078 0
3091 0
3215 0
3407 0
3454 0
3533 0
3564 0
3797 0
3900 0
3988 0
4051 0
4147 0
4265 0
4292 0
4332 0
4803 0
4808 0
4860 0
4898 0
4900 0
4991 0
5069 0
5382 0
5616 0
5635 0
5637 0
5661 0
5683 0
5868 0
6008 0
6017 0
6042 0
6414 0
6659 0
6737 0
6744 0
6923 0
6965 0
7010 0
7026 0
7055 0
7158 0
7213 0
7401 0
7409 0
7617 0
7782 0
8012 0
8049 0
8139 0
8316 0
8377 0
8427 0
8480 0
8614 0
8644 0
8736 0
8892 0
8906 0
8989 0
8994 0
9013 0
9171 0
9189 0
9218 0
9328 0
9453 0
9532 0
9548 0
9604 0
9610 0
9720 0
10002 0
10027 0
10112 0
10888 0
11183 0
11301 0
11383 0
11447 0
11587 0
11634 0
11655 0
11665 0
11864 0
11934 0
12067 0
12270 0
12314 0
12408 0
12460 0
12476 0
12548 0
12561 0
12667 0
12773 0
12795 0
12878 0
12892 0
12977 0
13336 0
13339 0
13445 0
13481 0
13505 0
13594 0
13636 0
14007 0
14207 0
14254 0
14485 0
14737 0
14749 0
14865 0
14867 0
15193 0
15390 0
15519 0
15617 0
15752 0
16331 0
16506 0
16597 0
16656 0
16843 0
17082 0
17140 0
17166 0
17462 0
17465 0
17520 0
17535 0
17559 0
17583 0
17701 0
17722 0
17770 0
17773 0
17837 0
17951 0
18047 0
18166 0
18196 0
18346 0
18409 0
18493 0
18575 0
18604 0
18610 0
18665 0
18717 0
18777 0
19072 0
19121 0
19124 0
19192 0
19346 0
19400 0
19544 0
19582 0
19629 0
19663 0
19691 0
19824 0
20063 0
20436 0
20513 0
20621 0
20701 0
20777 0
20864 0
20952 0
21006 0
21061 0
21072 0
21128 0
21278 0
21365 0
21401 0
21476 0
21515 0
21534 0
21723 0
21856 0
21860 0
21866 0
21919 0
21991 0
22051 0
22144 0
22288 0
22289 0
22305 0
22581 0
22779 0
22970 0
23226 0
23249 0
23347 0
23390 0
23453 0
23576 0
23631 0
23636 0
23647 0
23699 0
23900 0
23922 0
24045 0
24047 0
24058 0
24223 0
24235 0
24396 0
24491 0
24639 0
24782 0
25065 0
25099 0
25129 0
25215 0
25230 0
25428 0
25601 0
25732 0
25875 0
25979 0
26036 0
26289 0
26320 0
26365 0
26417 0
26529 0
26554 0
26564 0
26611 0
26614 0
26741 0
26860 0
26897 0
27014 0
27135 0
27178 0
27296 0
27298 0
27305 0
27402 0
27560 0
27587 0
27607 0
27655 0
27767 0
27871 0
27933 0
28163 0
28176 0
28383 0
28548 0
28552 0
28592 0
28755 0
28779 0
28858 0
29033 0
29202 0
29213 0
29353 0
29375 0
29556 0
29627 0
30034 0
30064 0
30206 0
30266 0
30433 0
30471 0
30484 0
30544 0
30603 0
30647 0
30818 0
30822 0
31105 0
31147 0
31322 0
31420 0
31499 0
31790 0
31926 0
32129 0
32163 0
32167 0
32230 0
32260 0
32278 0
32382 0
32419 0
32461 0
32472 0
32602 0
32617 0
32820 0
32949 0
33018 0
33112 0
33129 0
33222 0
33229 0
33263 0
33651 0
33707 0
33793 0
33842 0
34292 0
34325 0
34360 0
34390 0
34536 0
34544 0
34554 0
34574 0
34610 0
34844 0
34903 0
34911 0
34977 0
35731 0
35915 0
35937 0
35946 0
36042 0
36197 0
36233 0
36257 0
36293 0
36389 0
36485 0
36684 0
36733 0
36818 0
37252 0
37291 0
37343 0
37413 0
37478 0
37594 0
37629 0
37631 0
37798 0
37869 0
37895 0
38170 0
38198 0
38289 0
38335 0
38357 0
38440 0
38461 0
38694 0
38777 0
38891 0
38994 0
39382 0
39445 0
39600 0
39634 0
39944 0
40021 0
40060 0
40081 0
40212 0
40260 0
40329 0
40354 0
40438 0
40753 0
40776 0
40970 0
40983 0
41009 0
41281 0
41404 0
41660 0
41707 0
41815 0
42178 0
42373 0
42387 0
42438 0
42539 0
42582 0
42645 0
42692 0
42728 0
42756 0
42873 0
42878 0
42904 0
43131 0
43207 0
43217 0
43275 0
43432 0
43635 0
43852 0
43856 0
43960 0
44026 0
44055 0
44123 0
44154 0
44200 0
44253 0
44350 0
44396 0
44517 0
44627 0
44837 0
44906 0
45130 0
45165 0
45200 0
45230 0
45264 0
45312 0
45453 0
45617 0
45618 0
45676 0
45736 0
45922 0
46160 0
46271 0
46394 0
46433 0
46664 0
46748 0
46799 0
46812 0
47157 0
47205 0
47464 0
47539 0
47574 0
47819 0
47991 0
48064 0
48120 0
48148 0
48387 0
48470 0
48497 0
48616 0
48682 0
48738 0
48771 0
48793 0
48946 0
49185 0
49239 0
49293 0
49330 0
49338 0
49351 0
49471 0
49531 0
50110 0
50127 0
50179 0
50236 0
50245 0
50359 0
50434 0
50489 0
50509 0
50694 0
50917 0
50924 0
50999 0
51005 0
51166 0
51224 0
51296 0
51386 0
51411 0
51633 0
51701 0
51734 0
51827 0
51849 0
51882 0
52021 0
52038 0
52074 0
52090 0
52100 0
52116 0
52356 0
52362 0
52390 0
52468 0
52503 0
52507 0
52552 0
52593 0
52595 0
52616 0
52758 0
52786 0
52915 0
53091 0
53250 0
53400 0
53451 0
53573 0
53779 0
53789 0
53812 0
53949 0
54044 0
54300 0
54414 0
54486 0
54530 0
54569 0
54758 0
54864 0
54883 0
54979 0
55062 0
55143 0
55162 0
55418 0
55769 0
55892 0
55984 0
56042 0
56256 0
56326 0
56331 0
56362 0
56375 0
56390 0
56525 0
56968 0
57057 0
57242 0
57487 0
57494 0
57656 0
57811 0
57820 0
58037 0
58276 0
58285 0
58295 0
58306 0
58495 0
58593 0
58611 0
58823 0
58916 0
58974 0
59062 0
59178 0
59214 0
59470 0
59489 0
59815 0
59847 0
59903 0
59908 0
60009 0
60135 0
60140 0
60156 0
60244 0
60287 0
60307 0
60401 0
60415 0
60477 0
60545 0
60562 0
60586 0
60810 0
60859 0
60874 0
60889 0
60899 0
60977 0
60998 0
61122 0
61310 0
61555 0
61606 0
61712 0
61748 0
61768 0
61837 0
61963 0
61974 0
62493 0
62545 0
62579 0
62794 0
62840 0
62910 0
63063 0
63118 0
63347 0
63475 0
63595 0
63996 0
64297 0
64310 0
64330 0
64386 0
64388 0
64392 0
64416 0
64499 0
64809 0
64962 0
65023 0
65047 0
65081 0
65212 0
65277 0
65451 0
65479 0
65530 0
65659 0
65800 0
65833 0
65896 0
65932 0
66099 0
66162 0
66354 0
66360 0
66603 0
66615 0
66641 0
66720 0
66788 0
66846 0
66920 0
66927 0
66956 0
67014 0
67032 0
67125 0
67148 0
67166 0
67171 0
67235 0
67269 0
67358 0
67402 0
67471 0
67585 0
67628 0
67680 0
67736 0
67782 0
67925 0
68017 0
68116 0
68176 0
68242 0
68461 0
68539 0
68626 0
68630 0
68746 0
68838 0
68873 0
69241 0
69326 0
69533 0
69628 0
69642 0
69663 0
69782 0
69873 0
69902 0
70103 0
70254 0
70268 0
70387 0
70409 0
70865 0
70887 0
71090 0
71196 0
71203 0
71262 0
71344 0
71369 0
71384 0
71532 0
71596 0
71609 0
71884 0
72020 0
72042 0
72129 0
72155 0
72295 0
72302 0
72304 0
72449 0
72456 0
72673 0
72692 0
72709 0
72899 0
73154 0
73157 0
73332 0
73334 0
73576 0
73702 0
73707 0
73724 0
73729 0
73745 0
73756 0
73903 0
73905 0
73931 0
74031 0
74290 0
74357 0
74409 0
74594 0
75130 0
75151 0
75156 0
75336 0
75350 0
75352 0
75356 0
75423 0
75477 0
75695 0
75724 0
75775 0
75880 0
75891 0
75980 0
76061 0
76318 0
76367 0
76379 0
76410 0
76789 0
76861 0
76900 0
77117 0
77125 0
77141 0
77223 0
77292 0
77357 0
77384 0
77403 0
77410 0
77600 0
77681 0
77942 0
77998 0
78021 0
78025 0
78089 0
78454 0
78574 0
78728 0
78833 0
78918 0
78954 0
79113 0
79198 0
79222 0
79305 0
79565 0
79764 0
79887 0
79897 0
79927 0
79982 0
80054 0
80055 0
80181 0
80187 0
80364 0
80367 0
80413 0
80663 0
80777 0
80820 0
80825 0
80875 0
80970 0
81020 0
81176 0
81188 0
81263 0
81390 0
81545 0
81559 0
81717 0
81864 0
81891 0
81927 0
82094 0
82122 0
82140 0
82385 0
83023 0
83067 0
83134 0
83149 0
83161 0
83179 0
83438 0
83468 0
83623 0
83668 0
83676 0
83722 0
83871 0
83926 0
83997 0
84006 0
84183 0
84232 0
84247 0
84390 0
84435 0
84454 0
84474 0
84552 0
84620 0
84655 0
84692 0
84750 0
84776 0
85089 0
85192 0
85198 0
85452 0
85513 0
85632 0
85641 0
85648 0
85757 0
85908 0
85930 0
86146 0
86623 0
86664 0
86809 0
86863 0
86929 0
86944 0
87114 0
87481 0
87518 0
87913 0
87999 0
88195 0
88216 0
88403 0
88408 0
88555 0
88598 0
88766 0
88834 0
88878 0
88907 0
89184 0
89220 0
89304 0
89573 0
89603 0
89662 0
89712 0
89730 0
89846 0
90107 0
90193 0
90234 0
90434 0
90463 0
90464 0
90531 0
90675 0
90884 0
90896 0
90924 0
91054 0
91224 0
91575 0
91620 0
92048 0
92078 0
92093 0
92164 0
92262 0
92295 0
92492 0
92521 0
92600 0
92605 0
92649 0
92660 0
92689 0
92850 0
92894 0
92923 0
92925 0
92958 0
92999 0
93053 0
93131 0
93207 0
93296 0
93344 0
93393 0
93592 0
93602 0
93680 0
93957 0
94078 0
94191 0
94255 0
94426 0
94459 0
94476 0
94548 0
94580 0
94595 0
94597 0
94602 0
94691 0
94938 0
94958 0
95160 0
95218 0
95279 0
95462 0
95593 0
95604 0
95721 0
95750 0
95952 0
96042 0
96073 0
96083 0
96220 0
96592 0
96664 0
96808 0
96821 0
97041 0
97319 0
97510 0
97538 0
97575 0
97616 0
97724 0
97778 0
97818 0
97847 0
98023 0
98086 0
98101 0
98114 0
98128 0
98192 0
98242 0
98274 0
98389 0
98560 0
98825 0
98932 0
99016 0
99053 0
99111 0
99156 0
99169 0
99215 0
99264 0
99343 0
99408 0
99581 0
99820 0
99833 0
