c This is a uniform distributed  1-D DIMACS file 
c width height point_number
p 100000 100000 1024
14 0
151 0
190 0
459 0
682 0
732 0
736 0
844 0
945 0
1054 0
1195 0
1231 0
1310 0
1421 0
1426 0
1539 0
1612 0
1838 0
1856 0
1949 0
1999 0
2019 0
2205 0
2234 0
2516 0
2519 0
2648 0
2733 0
2739 0
2759 0
2791 0
3185 0
3293 0
3427 0
3631 0
3719 0
3757 0
3847 0
3854 0
4034 0
4373 0
4475 0
4519 0
4705 0
4722 0
4731 0
4762 0
4776 0
4795 0
4839 0
4847 0
4855 0
4913 0
4985 0
5048 0
5287 0
5390 0
5415 0
5475 0
5481 0
5745 0
5749 0
5786 0
5797 0
5876 0
5908 0
6031 0
6039 0
6069 0
6092 0
6156 0
6257 0
6313 0
6379 0
6391 0
6413 0
6443 0
6520 0
6552 0
6626 0
6632 0
6700 0
6715 0
6727 0
6743 0
6802 0
6835 0
7012 0
7158 0
7170 0
7256 0
7353 0
7429 0
7625 0
7716 0
7901 0
7956 0
8001 0
8030 0
8224 0
8420 0
8449 0
8516 0
8576 0
8663 0
8703 0
8806 0
8835 0
8841 0
8871 0
8985 0
9134 0
9181 0
9238 0
9405 0
9413 0
9416 0
9538 0
9706 0
9836 0
9965 0
10035 0
10184 0
10201 0
10248 0
10377 0
10433 0
10509 0
10624 0
10887 0
11037 0
11285 0
11384 0
11387 0
11434 0
11578 0
11594 0
11684 0
11747 0
11795 0
11859 0
11870 0
11880 0
11957 0
12576 0
12610 0
12684 0
12725 0
12747 0
12939 0
12990 0
13106 0
13203 0
13308 0
13328 0
13693 0
13726 0
13873 0
14061 0
14152 0
14190 0
14404 0
14477 0
14489 0
14584 0
14691 0
14748 0
14811 0
14841 0
14923 0
14930 0
14971 0
14999 0
15049 0
15071 0
15098 0
15218 0
15331 0
15343 0
15559 0
15569 0
15719 0
15731 0
15735 0
15766 0
15806 0
15936 0
15975 0
15991 0
16032 0
16066 0
16084 0
16203 0
16306 0
16313 0
16364 0
16373 0
16601 0
16613 0
17152 0
17153 0
17210 0
17251 0
17256 0
17552 0
17569 0
17583 0
17624 0
17640 0
17757 0
17785 0
17807 0
17825 0
17973 0
17990 0
18259 0
18296 0
18320 0
18418 0
18466 0
18749 0
18850 0
18853 0
18963 0
18965 0
19140 0
19149 0
19272 0
19398 0
19416 0
19815 0
19856 0
19976 0
19999 0
20028 0
20087 0
20103 0
20117 0
20119 0
20141 0
20366 0
20374 0
20508 0
21014 0
21033 0
21225 0
21231 0
21235 0
21269 0
21281 0
21473 0
21541 0
21665 0
21774 0
21818 0
21881 0
21882 0
21963 0
22082 0
22274 0
22306 0
22528 0
22563 0
22690 0
22750 0
22844 0
22952 0
22969 0
22980 0
23167 0
23231 0
23301 0
23374 0
23535 0
23582 0
23628 0
23773 0
23863 0
23923 0
24026 0
24088 0
24104 0
24122 0
24141 0
24192 0
24383 0
24398 0
24520 0
24534 0
24767 0
24845 0
24847 0
24852 0
24931 0
25072 0
25149 0
25153 0
25528 0
25531 0
25639 0
25941 0
26120 0
26344 0
26494 0
26556 0
26582 0
26750 0
27284 0
27360 0
27658 0
27920 0
27946 0
27950 0
27987 0
28054 0
28138 0
28142 0
28146 0
28407 0
28575 0
28788 0
28845 0
28874 0
28910 0
28915 0
29029 0
29090 0
29095 0
29123 0
29237 0
29410 0
29509 0
29597 0
29600 0
29659 0
29772 0
30002 0
30067 0
30213 0
30224 0
30280 0
30314 0
30315 0
30517 0
30609 0
30790 0
30816 0
30871 0
30905 0
30966 0
30980 0
31226 0
31255 0
31329 0
31412 0
31481 0
31584 0
31655 0
31685 0
31759 0
31982 0
32640 0
32690 0
32972 0
32988 0
33035 0
33136 0
33150 0
33269 0
33490 0
33633 0
33660 0
33717 0
33881 0
34007 0
34135 0
34187 0
34257 0
34269 0
34331 0
34342 0
34389 0
34421 0
34424 0
34496 0
34675 0
34703 0
34822 0
34995 0
35037 0
35050 0
35284 0
35327 0
35350 0
35425 0
35470 0
35528 0
35565 0
35625 0
35644 0
35669 0
35687 0
35746 0
35839 0
36264 0
36491 0
36498 0
36795 0
36826 0
36866 0
36911 0
36980 0
37066 0
37074 0
37175 0
37179 0
37200 0
37213 0
37332 0
37398 0
37465 0
37537 0
37563 0
37572 0
37814 0
37836 0
37874 0
37931 0
38156 0
38466 0
38534 0
38583 0
38623 0
38754 0
38856 0
38975 0
39148 0
39507 0
39893 0
39947 0
40050 0
40073 0
40131 0
40347 0
40385 0
40480 0
40498 0
40534 0
40676 0
40830 0
40885 0
40917 0
40925 0
40985 0
41385 0
41487 0
41568 0
41580 0
41622 0
41857 0
41858 0
41863 0
42046 0
42214 0
42309 0
42519 0
42571 0
42645 0
42751 0
42788 0
43061 0
43163 0
43177 0
43360 0
43427 0
43428 0
43469 0
43474 0
43568 0
43875 0
43883 0
43939 0
43941 0
44028 0
44056 0
44121 0
44156 0
44516 0
44605 0
44737 0
44787 0
44841 0
44978 0
45059 0
45060 0
45155 0
45161 0
45268 0
45308 0
45406 0
45480 0
45511 0
45659 0
45885 0
45898 0
45927 0
45963 0
46073 0
46124 0
46128 0
46158 0
46196 0
46653 0
46810 0
46842 0
46984 0
47072 0
47101 0
47124 0
47233 0
47272 0
47483 0
47586 0
47761 0
47795 0
47868 0
48108 0
48252 0
48595 0
48677 0
48701 0
48791 0
48910 0
48985 0
49002 0
49075 0
49271 0
49276 0
49331 0
49340 0
49359 0
49664 0
49802 0
50026 0
50064 0
50130 0
50161 0
50260 0
50291 0
50324 0
50338 0
50445 0
50562 0
50570 0
50727 0
50778 0
50822 0
51033 0
51118 0
51146 0
51211 0
51237 0
51247 0
51283 0
51339 0
51378 0
51582 0
51603 0
51731 0
51873 0
52173 0
52218 0
52255 0
52358 0
52496 0
52567 0
52674 0
52692 0
52756 0
52807 0
52909 0
52924 0
52940 0
53008 0
53019 0
53074 0
53346 0
53414 0
53527 0
53537 0
53659 0
53666 0
53698 0
53812 0
54044 0
54357 0
54689 0
54759 0
54795 0
54921 0
55114 0
55184 0
55255 0
55263 0
55291 0
55292 0
55461 0
55659 0
55723 0
56139 0
56162 0
56303 0
56355 0
56536 0
56616 0
56662 0
56721 0
56822 0
56825 0
57054 0
57058 0
57180 0
57607 0
57621 0
57623 0
57745 0
57920 0
57936 0
58003 0
58275 0
58276 0
58376 0
58547 0
58584 0
58600 0
58638 0
58757 0
58768 0
58890 0
58989 0
59017 0
59133 0
59235 0
59422 0
59551 0
59585 0
59605 0
59684 0
59699 0
59857 0
59895 0
59929 0
60029 0
60121 0
60137 0
60355 0
60373 0
60485 0
60567 0
60674 0
60716 0
60737 0
60778 0
60822 0
60978 0
61053 0
61146 0
61182 0
61428 0
61528 0
61584 0
61731 0
61788 0
61949 0
62050 0
62202 0
62353 0
62427 0
62432 0
62579 0
63073 0
63441 0
63442 0
63483 0
63536 0
63588 0
63594 0
63798 0
63866 0
63972 0
64165 0
64179 0
64274 0
64397 0
64416 0
64477 0
64544 0
64623 0
64842 0
64893 0
64919 0
64938 0
65048 0
65197 0
65200 0
65231 0
65338 0
65386 0
65542 0
65596 0
65605 0
65777 0
65828 0
65876 0
66246 0
66251 0
66258 0
66325 0
66400 0
66501 0
66841 0
66908 0
67194 0
67320 0
67408 0
67592 0
67633 0
67667 0
67673 0
68183 0
68232 0
68257 0
68394 0
68602 0
68914 0
69003 0
69091 0
69250 0
69330 0
69380 0
69559 0
69575 0
69675 0
69775 0
69880 0
69902 0
69928 0
69937 0
70084 0
70132 0
70243 0
70309 0
70414 0
70467 0
70554 0
70608 0
70796 0
70839 0
71046 0
71153 0
71240 0
71321 0
71325 0
71326 0
71382 0
71585 0
71619 0
71646 0
71660 0
71723 0
72006 0
72042 0
72128 0
72130 0
72241 0
72247 0
72278 0
72383 0
72644 0
72736 0
72948 0
73499 0
73764 0
73801 0
73885 0
73932 0
73955 0
74045 0
74199 0
74417 0
74437 0
74504 0
74700 0
74959 0
74970 0
74980 0
75054 0
75076 0
75241 0
75316 0
75366 0
75491 0
75494 0
75615 0
75815 0
76094 0
76144 0
76173 0
76229 0
76262 0
76271 0
76338 0
76462 0
76528 0
76529 0
76558 0
76585 0
76606 0
76826 0
76863 0
76980 0
77021 0
77187 0
77337 0
77342 0
77428 0
77499 0
77504 0
77694 0
78024 0
78030 0
78257 0
78339 0
78409 0
78451 0
78492 0
78526 0
78581 0
78594 0
78934 0
79061 0
79088 0
79119 0
79227 0
79431 0
79505 0
79617 0
79720 0
79832 0
79879 0
80230 0
80308 0
80395 0
80427 0
80617 0
80644 0
80706 0
80745 0
80843 0
80844 0
80951 0
80981 0
80991 0
81371 0
81589 0
81883 0
81915 0
82130 0
82181 0
82242 0
82412 0
82692 0
82834 0
82843 0
82872 0
82925 0
82965 0
83068 0
83170 0
83184 0
83308 0
83531 0
83796 0
83828 0
83862 0
83939 0
83951 0
84312 0
84320 0
84530 0
84547 0
84619 0
84711 0
84788 0
84792 0
84799 0
84814 0
85043 0
85153 0
85241 0
85319 0
85343 0
85374 0
85405 0
85529 0
85646 0
85868 0
85958 0
86230 0
86235 0
86294 0
86468 0
86820 0
86868 0
87040 0
87185 0
87351 0
87379 0
87390 0
87447 0
87498 0
87939 0
87947 0
87972 0
88049 0
88169 0
88208 0
88235 0
88630 0
88679 0
89074 0
89110 0
89184 0
89438 0
89462 0
89542 0
89614 0
89639 0
89670 0
89720 0
89838 0
89847 0
90134 0
90287 0
90477 0
90633 0
90639 0
90704 0
90724 0
90780 0
90874 0
90927 0
90942 0
91111 0
91630 0
91767 0
91782 0
92007 0
92024 0
92042 0
92167 0
92215 0
92247 0
92732 0
92758 0
92811 0
92834 0
92874 0
92888 0
92902 0
92937 0
93025 0
93053 0
93254 0
93274 0
93464 0
93521 0
93660 0
93770 0
94211 0
94612 0
94753 0
94816 0
94908 0
94961 0
95038 0
95052 0
95157 0
95184 0
95235 0
95259 0
95308 0
95346 0
95365 0
95368 0
95592 0
95593 0
95653 0
96003 0
96187 0
96280 0
96674 0
97008 0
97172 0
97363 0
97383 0
97542 0
97970 0
98111 0
98161 0
98186 0
98223 0
98676 0
98722 0
98866 0
98993 0
99327 0
99450 0
99467 0
99489 0
99490 0
99555 0
99911 0
99965 0
