c This is a uniform distributed  1-D DIMACS file 
c width height point_number
p 100000 100000 1024
9 0
248 0
473 0
497 0
605 0
614 0
870 0
981 0
1049 0
1054 0
1107 0
1130 0
1310 0
1373 0
1438 0
1594 0
1647 0
1869 0
1895 0
2002 0
2081 0
2170 0
2199 0
2210 0
2299 0
2308 0
2560 0
2754 0
2972 0
3156 0
3261 0
3311 0
3409 0
3481 0
3749 0
3768 0
3789 0
3909 0
3919 0
3975 0
4051 0
4205 0
4212 0
4283 0
4343 0
4385 0
4578 0
4641 0
4660 0
4742 0
4787 0
4830 0
4893 0
4947 0
5033 0
5241 0
5272 0
5412 0
5517 0
5555 0
5622 0
5676 0
5917 0
5976 0
6025 0
6106 0
6109 0
6149 0
6329 0
6353 0
6731 0
6864 0
6886 0
6927 0
6967 0
7000 0
7126 0
7232 0
7366 0
7428 0
7485 0
7556 0
7574 0
7612 0
7663 0
7838 0
7885 0
8252 0
8257 0
8300 0
8334 0
8474 0
8547 0
8570 0
8638 0
8729 0
8771 0
8779 0
8883 0
8965 0
8973 0
9292 0
9350 0
9401 0
9545 0
9567 0
9613 0
9732 0
9775 0
9783 0
9838 0
9844 0
9885 0
9887 0
9992 0
10051 0
10107 0
10242 0
10379 0
10407 0
10477 0
10567 0
10593 0
10609 0
10733 0
10869 0
11034 0
11058 0
11149 0
11194 0
11217 0
11269 0
11275 0
11348 0
11605 0
11835 0
11942 0
12096 0
12163 0
12345 0
12443 0
12497 0
12603 0
12618 0
12832 0
12862 0
12869 0
13341 0
13430 0
13533 0
13534 0
13578 0
13650 0
13767 0
13827 0
13911 0
14249 0
14372 0
14445 0
14459 0
14671 0
14795 0
14883 0
14925 0
15030 0
15043 0
15124 0
15189 0
15247 0
15372 0
15413 0
15468 0
15482 0
15614 0
15619 0
15713 0
15750 0
15803 0
15880 0
15967 0
16119 0
16126 0
16409 0
16529 0
16793 0
16930 0
17029 0
17143 0
17149 0
17170 0
17325 0
17420 0
17430 0
17521 0
17531 0
17636 0
17703 0
17800 0
18153 0
18160 0
18300 0
18338 0
18576 0
18638 0
18880 0
19333 0
19538 0
19540 0
19713 0
19977 0
19982 0
20087 0
20119 0
20140 0
20255 0
20265 0
20459 0
20592 0
20783 0
20869 0
20987 0
20995 0
21228 0
21453 0
21517 0
21810 0
21876 0
22265 0
22333 0
22352 0
22373 0
22439 0
22577 0
22748 0
22943 0
23008 0
23056 0
23176 0
23348 0
23352 0
23385 0
23453 0
23482 0
23829 0
23976 0
24005 0
24075 0
24162 0
24282 0
24646 0
24720 0
24745 0
24779 0
25024 0
25063 0
25101 0
25312 0
25472 0
25506 0
25623 0
25632 0
26014 0
26084 0
26128 0
26131 0
26254 0
26331 0
26471 0
26482 0
26510 0
26711 0
26737 0
26739 0
26750 0
26815 0
26912 0
26978 0
27053 0
27138 0
27481 0
27520 0
27729 0
27870 0
27960 0
28109 0
28171 0
28440 0
28704 0
28753 0
28811 0
28865 0
28898 0
28901 0
28993 0
29012 0
29028 0
29236 0
29262 0
29309 0
29356 0
29531 0
29795 0
29817 0
29832 0
29840 0
29917 0
30031 0
30180 0
30249 0
30371 0
30446 0
30494 0
30643 0
30659 0
30704 0
30755 0
30872 0
31015 0
31018 0
31131 0
31216 0
31278 0
31499 0
31690 0
31765 0
31808 0
31825 0
31962 0
31976 0
32004 0
32040 0
32191 0
32200 0
32213 0
32242 0
32474 0
32582 0
32606 0
32690 0
32876 0
33068 0
33108 0
33243 0
33271 0
33346 0
33395 0
33399 0
33510 0
33720 0
33773 0
33793 0
33795 0
33855 0
33879 0
33911 0
34163 0
34194 0
34342 0
34443 0
34468 0
34513 0
34541 0
34621 0
34845 0
34875 0
35027 0
35078 0
35079 0
35156 0
35455 0
35489 0
35514 0
35566 0
35591 0
35634 0
35716 0
35752 0
35767 0
35921 0
36000 0
36055 0
36084 0
36117 0
36282 0
36456 0
37042 0
37154 0
37164 0
37242 0
37342 0
37379 0
37474 0
37622 0
37737 0
37768 0
38134 0
38151 0
38175 0
38317 0
38386 0
38441 0
38461 0
38620 0
38727 0
38826 0
39326 0
39360 0
39386 0
39406 0
39443 0
39573 0
39643 0
39831 0
39844 0
39862 0
39868 0
39900 0
40010 0
40026 0
40071 0
40126 0
40246 0
40253 0
40670 0
40884 0
40933 0
40978 0
41044 0
41058 0
41309 0
41395 0
41431 0
41487 0
41504 0
41595 0
41639 0
41698 0
41746 0
41774 0
41781 0
42105 0
42266 0
42678 0
42737 0
42867 0
42874 0
42925 0
42988 0
43042 0
43147 0
43230 0
43304 0
43348 0
43477 0
43605 0
43643 0
44012 0
44195 0
44239 0
44269 0
44713 0
44966 0
45215 0
45506 0
45533 0
45667 0
45744 0
45809 0
45890 0
45962 0
46264 0
46344 0
46410 0
46512 0
46560 0
46625 0
46733 0
46757 0
46776 0
46871 0
46999 0
47107 0
47439 0
47450 0
47581 0
47673 0
47688 0
47862 0
47970 0
48027 0
48196 0
48322 0
48470 0
48494 0
48540 0
48609 0
48695 0
49092 0
49173 0
49248 0
49274 0
49316 0
49332 0
49379 0
49410 0
49484 0
49534 0
49582 0
49805 0
49967 0
49982 0
50072 0
50114 0
50271 0
50301 0
50666 0
50773 0
50820 0
50852 0
50950 0
51005 0
51020 0
51030 0
51080 0
51306 0
51386 0
51508 0
51646 0
51683 0
51698 0
51764 0
52086 0
52340 0
52345 0
52417 0
52462 0
52547 0
52670 0
52682 0
52851 0
53354 0
53693 0
53698 0
53710 0
53766 0
53868 0
53899 0
53903 0
54048 0
54680 0
54704 0
54840 0
55080 0
55081 0
55179 0
55225 0
55275 0
55397 0
55738 0
55745 0
55875 0
55967 0
56120 0
56174 0
56192 0
56269 0
56519 0
56527 0
56590 0
56699 0
56736 0
56753 0
56755 0
56971 0
57120 0
57185 0
57339 0
57497 0
57598 0
57766 0
57938 0
58086 0
58122 0
58150 0
58318 0
58344 0
58377 0
58379 0
58450 0
58469 0
58626 0
58760 0
58876 0
58882 0
59020 0
59125 0
59276 0
59425 0
59454 0
59641 0
60353 0
60481 0
60501 0
60508 0
60645 0
60747 0
60775 0
60970 0
61083 0
61174 0
61187 0
61271 0
61352 0
61595 0
61618 0
61626 0
61630 0
61690 0
61703 0
61767 0
61986 0
62231 0
62266 0
62730 0
62963 0
63004 0
63021 0
63036 0
63266 0
63394 0
63422 0
63440 0
63567 0
63649 0
63656 0
63857 0
63904 0
64000 0
64095 0
64242 0
64308 0
64320 0
64403 0
64414 0
64433 0
64469 0
64738 0
64901 0
64941 0
64945 0
65068 0
65310 0
65454 0
65567 0
65604 0
65707 0
65728 0
65743 0
65763 0
65788 0
65864 0
65875 0
66020 0
66128 0
66284 0
66389 0
66415 0
66472 0
66620 0
66878 0
66909 0
66977 0
67014 0
67025 0
67043 0
67120 0
67130 0
67309 0
67450 0
67720 0
67806 0
67924 0
67952 0
67979 0
68095 0
68185 0
68285 0
68429 0
68473 0
68559 0
68650 0
68671 0
68809 0
68873 0
68912 0
69008 0
69033 0
69066 0
69180 0
69238 0
69354 0
69610 0
69638 0
69731 0
70247 0
70272 0
70361 0
70362 0
70366 0
70397 0
70409 0
70519 0
70529 0
70660 0
70695 0
70841 0
70864 0
70965 0
71092 0
71148 0
71375 0
71380 0
71391 0
71481 0
71526 0
71533 0
71598 0
71772 0
71838 0
71888 0
71952 0
71989 0
72327 0
72446 0
72464 0
72477 0
72517 0
72534 0
72650 0
72795 0
72834 0
72850 0
72900 0
72962 0
72994 0
72996 0
73174 0
73189 0
73323 0
73335 0
73380 0
73596 0
73625 0
73647 0
73776 0
73870 0
73907 0
73986 0
74109 0
74169 0
74637 0
74670 0
74683 0
74710 0
74953 0
74979 0
75082 0
75103 0
75240 0
75254 0
75275 0
75416 0
75495 0
75497 0
75584 0
75649 0
75674 0
75947 0
76020 0
76022 0
76025 0
76076 0
76278 0
76287 0
76368 0
76369 0
76703 0
76713 0
76796 0
76851 0
76877 0
76897 0
77126 0
77185 0
77196 0
77270 0
77274 0
77563 0
77793 0
77818 0
77842 0
77875 0
77957 0
77986 0
78000 0
78039 0
78356 0
78498 0
78615 0
78811 0
78815 0
78881 0
78898 0
79193 0
79467 0
79502 0
79537 0
79610 0
79725 0
79769 0
79784 0
79832 0
80177 0
80297 0
80305 0
80348 0
80375 0
80404 0
80453 0
80586 0
80591 0
80633 0
80754 0
80842 0
80885 0
80931 0
80970 0
81019 0
81034 0
81060 0
81083 0
81087 0
81176 0
81197 0
81212 0
81289 0
81411 0
81509 0
81547 0
81663 0
81694 0
81741 0
81793 0
81969 0
82124 0
82210 0
82270 0
82588 0
82637 0
82644 0
82665 0
82684 0
82727 0
82843 0
82981 0
83006 0
83226 0
83251 0
83401 0
83431 0
83677 0
83822 0
83914 0
83918 0
84017 0
84043 0
84108 0
84209 0
84323 0
84368 0
84460 0
84665 0
84742 0
85014 0
85152 0
85168 0
85251 0
85715 0
85719 0
85827 0
85837 0
85866 0
85907 0
85968 0
86070 0
86117 0
86222 0
86237 0
86252 0
86253 0
86360 0
86426 0
86491 0
86589 0
86629 0
86697 0
86924 0
86936 0
86992 0
87067 0
87196 0
87202 0
87295 0
87349 0
87415 0
87605 0
87671 0
87705 0
87912 0
87938 0
88010 0
88105 0
88394 0
88404 0
88450 0
88765 0
88984 0
89180 0
89387 0
89581 0
89619 0
89629 0
89812 0
89836 0
89887 0
90000 0
90097 0
90105 0
90162 0
90172 0
90214 0
90477 0
90527 0
90530 0
90752 0
90878 0
90905 0
90913 0
91015 0
91222 0
91291 0
91401 0
91724 0
91893 0
91902 0
92278 0
92386 0
92526 0
92558 0
92598 0
92773 0
93048 0
93053 0
93284 0
93404 0
93465 0
93640 0
93747 0
94198 0
94209 0
94236 0
94390 0
94406 0
94444 0
94812 0
94889 0
95138 0
95239 0
95307 0
95326 0
95572 0
95596 0
95664 0
95784 0
95830 0
95846 0
95878 0
96087 0
96115 0
96474 0
96483 0
96524 0
96560 0
96650 0
96671 0
96768 0
96810 0
96877 0
96913 0
97024 0
97385 0
97593 0
97616 0
97806 0
97841 0
97941 0
98041 0
98102 0
98263 0
98388 0
98540 0
98543 0
98544 0
98677 0
98824 0
99098 0
99330 0
99428 0
99485 0
99534 0
99738 0
99780 0
99830 0
99924 0
