c This is a uniform distributed  1-D DIMACS file 
c width height point_number
p 100000 100000 1024
3 0
76 0
186 0
282 0
347 0
355 0
430 0
556 0
583 0
733 0
782 0
1046 0
1289 0
1497 0
1506 0
1541 0
1643 0
1653 0
1767 0
1842 0
2007 0
2111 0
2410 0
2419 0
2714 0
2739 0
2741 0
2862 0
2968 0
3018 0
3036 0
3152 0
3261 0
3265 0
3321 0
3444 0
3489 0
3549 0
3554 0
3703 0
3722 0
3779 0
3830 0
3947 0
3956 0
3987 0
4096 0
4152 0
4515 0
4529 0
4757 0
4788 0
4835 0
4920 0
4944 0
5004 0
5088 0
5112 0
5177 0
5317 0
5371 0
5447 0
5784 0
5909 0
6204 0
6234 0
6292 0
6311 0
6467 0
6622 0
6913 0
6944 0
7161 0
7239 0
7428 0
7446 0
7647 0
7855 0
7916 0
7951 0
8085 0
8111 0
8119 0
8169 0
8256 0
8301 0
8354 0
8554 0
8569 0
8846 0
8880 0
8935 0
9193 0
9446 0
9508 0
9994 0
10025 0
10440 0
10442 0
10527 0
10812 0
10909 0
10977 0
10983 0
11351 0
11449 0
11466 0
11576 0
11849 0
12006 0
12026 0
12123 0
12482 0
12543 0
12947 0
13001 0
13208 0
13393 0
13536 0
13736 0
13979 0
14015 0
14215 0
14250 0
14280 0
14336 0
14338 0
14376 0
14460 0
14520 0
14531 0
14545 0
14859 0
14908 0
15047 0
15096 0
15167 0
15231 0
15248 0
15361 0
15393 0
15465 0
15486 0
15699 0
15804 0
15892 0
15965 0
16032 0
16111 0
16298 0
16320 0
16335 0
16363 0
16398 0
16439 0
16864 0
16895 0
17172 0
17260 0
17290 0
17300 0
17653 0
17660 0
18089 0
18244 0
18248 0
18303 0
18455 0
18645 0
18752 0
18870 0
18881 0
18890 0
18917 0
19011 0
19083 0
19142 0
19211 0
19355 0
19468 0
19585 0
19778 0
19896 0
19923 0
20175 0
20258 0
20261 0
20308 0
20398 0
20444 0
20693 0
20771 0
20837 0
20998 0
21111 0
21160 0
21187 0
21315 0
21327 0
21372 0
21379 0
21411 0
21429 0
21903 0
21907 0
21914 0
21947 0
21955 0
21970 0
22185 0
22224 0
22388 0
22440 0
22716 0
22719 0
22824 0
22900 0
23010 0
23042 0
23114 0
23362 0
23373 0
23409 0
23737 0
23807 0
23944 0
24199 0
24464 0
24476 0
24505 0
24581 0
24731 0
24747 0
24766 0
25000 0
25009 0
25055 0
25146 0
25192 0
25316 0
25381 0
25438 0
25459 0
25516 0
25779 0
25836 0
25934 0
26001 0
26612 0
26636 0
26671 0
26836 0
26906 0
27019 0
27025 0
27168 0
27198 0
27321 0
27417 0
27575 0
27598 0
27618 0
27637 0
27707 0
27727 0
27797 0
27806 0
27915 0
27988 0
28238 0
28322 0
28383 0
28405 0
28591 0
28849 0
28979 0
29151 0
29354 0
29700 0
29761 0
29793 0
29815 0
29846 0
29895 0
30255 0
30265 0
30276 0
30314 0
30329 0
30334 0
30402 0
30517 0
30555 0
30654 0
30696 0
30771 0
30873 0
30953 0
30997 0
31020 0
31095 0
31251 0
31389 0
31625 0
31704 0
31926 0
32088 0
32288 0
32487 0
32511 0
32634 0
32636 0
32755 0
32866 0
33034 0
33049 0
33168 0
33177 0
33199 0
33217 0
33458 0
33507 0
33566 0
33670 0
33688 0
33745 0
33797 0
33832 0
33860 0
33954 0
34198 0
34238 0
34259 0
34337 0
34536 0
34680 0
34802 0
34977 0
35028 0
35101 0
35143 0
35215 0
35289 0
35512 0
35701 0
35704 0
35837 0
35842 0
35865 0
35929 0
35968 0
36147 0
36151 0
36160 0
36389 0
36513 0
36639 0
37040 0
37127 0
37239 0
37458 0
37653 0
37657 0
37669 0
37697 0
37754 0
37911 0
37918 0
37921 0
38352 0
38357 0
38393 0
38495 0
38500 0
38616 0
38826 0
38889 0
38970 0
38985 0
39022 0
39069 0
39098 0
39163 0
39488 0
39629 0
39653 0
39701 0
39862 0
39912 0
40005 0
40273 0
40330 0
40348 0
40542 0
40573 0
40626 0
40648 0
41004 0
41014 0
41440 0
41708 0
42002 0
42107 0
42117 0
42118 0
42251 0
42316 0
42616 0
42842 0
42895 0
42912 0
42974 0
43058 0
43234 0
43267 0
43281 0
43285 0
43317 0
43366 0
43518 0
43543 0
43641 0
43654 0
43658 0
43786 0
43860 0
43879 0
43915 0
44045 0
44067 0
44137 0
44203 0
44287 0
44344 0
44390 0
44516 0
44607 0
44609 0
44693 0
44735 0
44739 0
44747 0
44760 0
44779 0
44867 0
44973 0
44990 0
45027 0
45328 0
45343 0
45519 0
45678 0
46044 0
46346 0
46395 0
46448 0
46676 0
46777 0
46862 0
46994 0
47079 0
47313 0
47328 0
47415 0
47497 0
47503 0
47768 0
47792 0
47918 0
47996 0
48250 0
48261 0
48518 0
48523 0
48596 0
48716 0
48778 0
48798 0
48834 0
48888 0
48912 0
49120 0
49140 0
49240 0
49364 0
49477 0
49502 0
49608 0
49705 0
49728 0
49813 0
49837 0
49876 0
50291 0
50295 0
50434 0
50446 0
50720 0
50740 0
50769 0
51307 0
51389 0
51451 0
51643 0
51838 0
51854 0
51899 0
52294 0
52407 0
52530 0
52767 0
52821 0
52851 0
53010 0
53172 0
53195 0
53268 0
53272 0
53348 0
53498 0
53657 0
53716 0
53722 0
53733 0
53745 0
53899 0
53928 0
54037 0
54121 0
54128 0
54189 0
54227 0
54611 0
54951 0
54969 0
55018 0
55115 0
55133 0
55225 0
55360 0
55371 0
55445 0
55446 0
55479 0
55487 0
55582 0
55623 0
55680 0
55706 0
55753 0
55970 0
56020 0
56037 0
56074 0
56095 0
56120 0
56191 0
56317 0
56342 0
56361 0
56374 0
56447 0
56480 0
56511 0
56580 0
56723 0
56742 0
56784 0
56805 0
56810 0
56817 0
56821 0
56857 0
56971 0
57039 0
57045 0
57076 0
57115 0
57159 0
57180 0
57251 0
57406 0
57754 0
57931 0
57957 0
58036 0
58063 0
58075 0
58162 0
58172 0
58205 0
58396 0
58430 0
58584 0
58624 0
58797 0
58799 0
58826 0
59021 0
59041 0
59085 0
59087 0
59109 0
59244 0
59285 0
59288 0
59365 0
59409 0
59524 0
59785 0
60009 0
60018 0
60056 0
60118 0
60129 0
60158 0
60237 0
60338 0
60477 0
60513 0
60527 0
60558 0
60619 0
60623 0
60716 0
60849 0
61173 0
61217 0
61376 0
61526 0
61545 0
61861 0
61926 0
62175 0
62431 0
62444 0
62723 0
62859 0
62992 0
63006 0
63147 0
63165 0
63274 0
63400 0
63473 0
63503 0
63608 0
63777 0
63844 0
63995 0
64058 0
64076 0
64115 0
64136 0
64150 0
64247 0
64401 0
64450 0
64644 0
64686 0
64912 0
64966 0
65004 0
65114 0
65122 0
65281 0
65347 0
65384 0
65429 0
65562 0
65628 0
65679 0
65699 0
65713 0
65731 0
65770 0
65787 0
65908 0
65909 0
65928 0
65964 0
65969 0
66115 0
66146 0
66220 0
66254 0
66376 0
66426 0
66504 0
66576 0
66701 0
66746 0
66751 0
66863 0
66977 0
66986 0
66988 0
67019 0
67042 0
67455 0
67624 0
67800 0
67816 0
67850 0
67864 0
67872 0
67937 0
68010 0
68098 0
68256 0
68270 0
68309 0
68388 0
68495 0
68624 0
68664 0
68685 0
68803 0
68809 0
68839 0
68928 0
68950 0
69007 0
69227 0
69259 0
69440 0
69515 0
69537 0
69547 0
69648 0
69694 0
69775 0
69965 0
69989 0
70049 0
70096 0
70134 0
70387 0
70413 0
70446 0
70643 0
70766 0
70779 0
70834 0
70926 0
71022 0
71049 0
71083 0
71114 0
71163 0
71301 0
71308 0
71501 0
71713 0
71761 0
71977 0
71978 0
72061 0
72109 0
72200 0
72462 0
72737 0
72852 0
72890 0
73102 0
73130 0
73441 0
73463 0
73464 0
73496 0
73655 0
73746 0
73817 0
74287 0
74395 0
74738 0
74800 0
74820 0
74906 0
74917 0
75557 0
75600 0
75651 0
75866 0
76022 0
76036 0
76046 0
76161 0
76188 0
76238 0
76358 0
76373 0
76383 0
76426 0
76433 0
76546 0
76646 0
76767 0
76803 0
76875 0
76885 0
77000 0
77009 0
77236 0
77357 0
77488 0
77654 0
77697 0
77735 0
77810 0
77833 0
77954 0
78104 0
78249 0
78261 0
78317 0
78343 0
78479 0
78621 0
78647 0
78703 0
78836 0
78844 0
78868 0
78955 0
79029 0
79048 0
79155 0
79224 0
79314 0
79512 0
79611 0
79650 0
79695 0
79847 0
79909 0
80222 0
80253 0
80423 0
80586 0
80686 0
80710 0
80777 0
81025 0
81047 0
81179 0
81199 0
81252 0
81400 0
81510 0
81558 0
81673 0
81721 0
81841 0
81942 0
82072 0
82175 0
82309 0
82351 0
82425 0
82513 0
82533 0
82598 0
82728 0
82842 0
83167 0
83169 0
83257 0
83289 0
83520 0
83625 0
83945 0
83994 0
84108 0
84210 0
84391 0
84680 0
84847 0
84875 0
85228 0
85353 0
85417 0
85594 0
85738 0
85762 0
85826 0
86016 0
86264 0
86358 0
86400 0
86419 0
86539 0
86728 0
86774 0
86958 0
86989 0
87121 0
87218 0
87464 0
87538 0
87605 0
87732 0
87890 0
88023 0
88145 0
88234 0
88269 0
88415 0
88468 0
88653 0
88667 0
88740 0
88759 0
88859 0
88897 0
89062 0
89203 0
89229 0
89251 0
89253 0
89441 0
89559 0
89582 0
89675 0
89932 0
90163 0
90165 0
90248 0
90346 0
90583 0
90828 0
90840 0
91052 0
91055 0
91156 0
91261 0
91291 0
91312 0
91421 0
91840 0
91877 0
91903 0
91952 0
92125 0
92134 0
92183 0
92642 0
92850 0
92936 0
93020 0
93041 0
93049 0
93061 0
93643 0
93688 0
93840 0
93895 0
94055 0
94234 0
94327 0
94495 0
94513 0
94816 0
94935 0
95013 0
95031 0
95041 0
95195 0
95283 0
95614 0
95706 0
95770 0
95889 0
95900 0
95908 0
95976 0
96016 0
96154 0
96216 0
96276 0
96365 0
96544 0
96715 0
96765 0
96963 0
97015 0
97022 0
97048 0
97079 0
97172 0
97212 0
97290 0
97459 0
97492 0
97533 0
97681 0
97734 0
98258 0
98385 0
98459 0
98488 0
98500 0
98532 0
98536 0
98681 0
98698 0
98802 0
99028 0
99153 0
99181 0
99199 0
99234 0
99262 0
99317 0
99396 0
99464 0
99549 0
99612 0
99622 0
99646 0
99657 0
99671 0
99733 0
99860 0
