c This is a uniform distributed  1-D DIMACS file 
c width height point_number
p 100000 100000 1024
36 0
196 0
259 0
334 0
480 0
648 0
682 0
730 0
737 0
810 0
938 0
951 0
962 0
1067 0
1171 0
1617 0
1622 0
1653 0
1763 0
1941 0
1984 0
1993 0
2013 0
2087 0
2358 0
2409 0
2476 0
2481 0
2593 0
2597 0
2615 0
2642 0
2748 0
2807 0
2851 0
2920 0
2966 0
3127 0
3406 0
3487 0
3697 0
3926 0
4001 0
4017 0
4039 0
4041 0
4083 0
4093 0
4128 0
4462 0
4527 0
4619 0
4676 0
5066 0
5112 0
5155 0
5405 0
5552 0
5590 0
5698 0
5705 0
5707 0
5723 0
5793 0
5841 0
5962 0
6011 0
6058 0
6094 0
6097 0
6162 0
6173 0
6395 0
6414 0
6610 0
7023 0
7062 0
7094 0
7134 0
7223 0
7251 0
7380 0
7707 0
7721 0
7855 0
7858 0
7972 0
8057 0
8185 0
8277 0
8430 0
8449 0
8469 0
8669 0
8931 0
9121 0
9276 0
9335 0
9558 0
9962 0
10329 0
10504 0
10645 0
10812 0
10816 0
10905 0
10992 0
11000 0
11146 0
11186 0
11218 0
11328 0
11577 0
11681 0
11815 0
11966 0
12053 0
12055 0
12270 0
12623 0
12757 0
12830 0
12852 0
12855 0
12925 0
13018 0
13415 0
13524 0
13778 0
13920 0
14002 0
14199 0
14331 0
14425 0
14471 0
14759 0
14799 0
14901 0
15129 0
15249 0
15263 0
15264 0
15345 0
15454 0
15486 0
15647 0
15694 0
15758 0
15838 0
15946 0
16087 0
16088 0
16104 0
16215 0
16224 0
16280 0
16339 0
16447 0
16548 0
16730 0
17001 0
17004 0
17021 0
17090 0
17153 0
17172 0
17358 0
17499 0
17551 0
17855 0
18001 0
18208 0
18267 0
18284 0
18373 0
18404 0
18504 0
18534 0
18560 0
18591 0
18623 0
18673 0
18877 0
18961 0
18989 0
19159 0
19739 0
19778 0
19798 0
19854 0
19979 0
20076 0
20165 0
20400 0
20663 0
20808 0
20856 0
20865 0
20874 0
20952 0
21048 0
21148 0
21214 0
21300 0
21394 0
21566 0
21584 0
21640 0
21665 0
21754 0
21777 0
21901 0
21921 0
21979 0
21998 0
22097 0
22128 0
22552 0
22755 0
22800 0
22880 0
22893 0
22929 0
23120 0
23132 0
23173 0
23422 0
23555 0
23581 0
23739 0
23772 0
23814 0
23848 0
24051 0
24158 0
24245 0
24271 0
24356 0
24374 0
24508 0
24574 0
24679 0
24914 0
25055 0
25114 0
25146 0
25183 0
25186 0
25221 0
25409 0
25432 0
25485 0
25672 0
25722 0
25757 0
25760 0
25918 0
26038 0
26223 0
26556 0
26683 0
26756 0
26787 0
26808 0
26811 0
26866 0
26907 0
26920 0
26969 0
26976 0
26992 0
27096 0
27158 0
27187 0
27244 0
27318 0
27345 0
27517 0
27575 0
27730 0
27822 0
27826 0
27898 0
27927 0
28003 0
28029 0
28200 0
28209 0
28272 0
28363 0
28398 0
28624 0
28718 0
28861 0
28865 0
28900 0
29009 0
29096 0
29131 0
29177 0
29345 0
29398 0
29658 0
29794 0
29813 0
29920 0
30072 0
30143 0
30185 0
30193 0
30286 0
30369 0
30394 0
30524 0
30557 0
30591 0
30610 0
30668 0
30762 0
30860 0
30863 0
30967 0
31021 0
31191 0
31271 0
31381 0
31495 0
31545 0
31546 0
31783 0
31795 0
31863 0
31901 0
31972 0
31998 0
32507 0
32754 0
32945 0
32970 0
33013 0
33068 0
33177 0
33369 0
33507 0
33678 0
33807 0
33836 0
33842 0
33858 0
33869 0
33911 0
33998 0
34007 0
34010 0
34144 0
34161 0
34294 0
34348 0
34432 0
34955 0
35148 0
35386 0
35405 0
35409 0
35412 0
35477 0
35524 0
35660 0
35724 0
35839 0
36064 0
36170 0
36237 0
36657 0
36729 0
36740 0
36948 0
36953 0
36965 0
37030 0
37145 0
37239 0
37266 0
37325 0
37392 0
37446 0
37488 0
37525 0
37713 0
37751 0
37763 0
38224 0
38246 0
38322 0
38346 0
38392 0
38430 0
38470 0
38555 0
38847 0
39031 0
39083 0
39140 0
39270 0
39291 0
39333 0
39513 0
39578 0
39595 0
39734 0
39961 0
40041 0
40150 0
40185 0
40186 0
40264 0
40387 0
40462 0
40603 0
40729 0
40738 0
40774 0
40780 0
40839 0
40840 0
40886 0
40900 0
41084 0
41147 0
41349 0
41578 0
41703 0
41759 0
42097 0
42347 0
42388 0
42402 0
42505 0
42506 0
42553 0
42600 0
42653 0
42801 0
42993 0
43008 0
43032 0
43082 0
43424 0
43530 0
43709 0
44055 0
44171 0
44329 0
44390 0
44395 0
44423 0
44619 0
44804 0
44862 0
45055 0
45111 0
45159 0
45235 0
45636 0
45755 0
45778 0
45861 0
45916 0
45936 0
46090 0
46143 0
46275 0
46540 0
46559 0
46698 0
46737 0
46912 0
47037 0
47082 0
47087 0
47120 0
47236 0
47268 0
47274 0
47331 0
47440 0
47478 0
47609 0
47617 0
47636 0
47815 0
47861 0
47867 0
48122 0
48290 0
48357 0
48602 0
48658 0
48664 0
48951 0
49068 0
49148 0
49494 0
49524 0
49597 0
49616 0
49664 0
49850 0
49856 0
49977 0
50064 0
50123 0
50149 0
50284 0
50317 0
50342 0
50584 0
50642 0
50712 0
50747 0
50782 0
50852 0
50878 0
50916 0
50949 0
50975 0
51018 0
51154 0
51215 0
51288 0
51333 0
51379 0
51481 0
51491 0
51524 0
51925 0
52128 0
52182 0
52194 0
52296 0
52346 0
52762 0
52766 0
52780 0
52801 0
53096 0
53161 0
53178 0
53244 0
53298 0
53397 0
53482 0
53575 0
53640 0
53666 0
53798 0
53811 0
54123 0
54238 0
54396 0
54443 0
54497 0
54594 0
54615 0
54697 0
54990 0
55140 0
55333 0
55448 0
55509 0
55623 0
55886 0
56075 0
56150 0
56257 0
56357 0
56376 0
56846 0
57180 0
57350 0
57679 0
57719 0
57783 0
57823 0
58000 0
58269 0
58468 0
58594 0
58815 0
58928 0
58930 0
59124 0
59272 0
59282 0
59594 0
59612 0
59647 0
59906 0
59927 0
60011 0
60058 0
60405 0
60415 0
60451 0
60498 0
60528 0
60651 0
60680 0
60698 0
60782 0
61137 0
61157 0
61237 0
61366 0
61389 0
61395 0
61411 0
61515 0
61613 0
61792 0
61908 0
62263 0
62274 0
62283 0
62528 0
62757 0
62860 0
62875 0
62933 0
63145 0
63204 0
63216 0
63275 0
63298 0
63345 0
63491 0
63515 0
63537 0
63710 0
63782 0
63790 0
63815 0
63832 0
63844 0
63958 0
63994 0
64271 0
64331 0
64346 0
64411 0
64837 0
65005 0
65061 0
65085 0
65288 0
65301 0
65320 0
65448 0
65519 0
65597 0
65655 0
65945 0
65948 0
66127 0
66175 0
66191 0
66223 0
66268 0
66279 0
66364 0
66612 0
66701 0
66736 0
66826 0
66895 0
67016 0
67202 0
67203 0
67289 0
67309 0
67505 0
67574 0
67649 0
67791 0
67933 0
67981 0
68014 0
68047 0
68061 0
68073 0
68284 0
68541 0
68599 0
68644 0
68717 0
68758 0
68860 0
68883 0
68884 0
68896 0
69000 0
69028 0
69234 0
69276 0
69370 0
69440 0
69510 0
69616 0
69715 0
69773 0
69784 0
69801 0
69827 0
70014 0
70063 0
70184 0
70281 0
70369 0
70564 0
70607 0
70778 0
70862 0
70865 0
70963 0
70976 0
71091 0
71139 0
71144 0
71240 0
71282 0
71316 0
71488 0
71613 0
71628 0
71765 0
72048 0
72069 0
72081 0
72250 0
72363 0
72462 0
72471 0
72534 0
72561 0
72750 0
72806 0
72833 0
72844 0
73012 0
73016 0
73053 0
73101 0
73278 0
73293 0
73483 0
73627 0
73664 0
73730 0
73738 0
73745 0
73979 0
74038 0
74160 0
74437 0
74630 0
74668 0
74779 0
74869 0
75045 0
75047 0
75190 0
75277 0
75371 0
75613 0
75618 0
75763 0
75858 0
75882 0
76006 0
76018 0
76346 0
76502 0
76563 0
76582 0
76594 0
76705 0
76814 0
76833 0
76858 0
76957 0
76984 0
77023 0
77106 0
77222 0
77231 0
77269 0
77312 0
77491 0
77525 0
77837 0
77925 0
77930 0
77935 0
78263 0
78272 0
78350 0
78490 0
78589 0
78637 0
78662 0
78733 0
78775 0
78924 0
79120 0
79187 0
79195 0
79467 0
79657 0
79867 0
80172 0
80200 0
80205 0
80290 0
80326 0
80631 0
80867 0
81057 0
81319 0
81492 0
82052 0
82066 0
82134 0
82669 0
82737 0
82792 0
82887 0
82899 0
82922 0
82990 0
83247 0
83266 0
83349 0
83380 0
83382 0
83478 0
83529 0
83569 0
83600 0
83636 0
83798 0
84218 0
84308 0
84368 0
84627 0
84689 0
84737 0
84794 0
84806 0
84870 0
84945 0
85033 0
85228 0
85343 0
85383 0
85410 0
85699 0
85942 0
86038 0
86099 0
86102 0
86317 0
86493 0
86534 0
86623 0
86814 0
86882 0
87062 0
87110 0
87408 0
87552 0
87728 0
87974 0
88006 0
88317 0
88342 0
88374 0
88466 0
88488 0
88522 0
88528 0
88698 0
88724 0
88750 0
88901 0
88938 0
89023 0
89034 0
89074 0
89078 0
89081 0
89105 0
89240 0
89289 0
89369 0
89435 0
89464 0
89472 0
89530 0
89618 0
89904 0
89930 0
89974 0
90002 0
90206 0
90267 0
90379 0
90818 0
90827 0
90922 0
91020 0
91060 0
91234 0
91267 0
91379 0
91389 0
91446 0
91529 0
91685 0
91750 0
91807 0
91913 0
91951 0
92082 0
92127 0
92233 0
92236 0
92242 0
92282 0
92302 0
92400 0
92428 0
92490 0
92976 0
92997 0
93026 0
93188 0
93348 0
93461 0
93525 0
93582 0
93647 0
93789 0
93792 0
93871 0
93922 0
93940 0
94020 0
94070 0
94072 0
94084 0
94121 0
94173 0
94327 0
94346 0
94380 0
94384 0
94443 0
94495 0
94507 0
94508 0
94509 0
94556 0
94587 0
94627 0
94668 0
94722 0
94739 0
94774 0
94776 0
94948 0
95085 0
95129 0
95157 0
95177 0
95434 0
95504 0
95654 0
95658 0
95900 0
95992 0
96252 0
96415 0
96452 0
96697 0
96715 0
96834 0
96847 0
97081 0
97229 0
97346 0
97348 0
97534 0
97545 0
97626 0
98017 0
98082 0
98201 0
98291 0
98294 0
98303 0
98346 0
98434 0
98754 0
98817 0
98887 0
99023 0
99239 0
99241 0
99287 0
99368 0
99426 0
99521 0
99754 0
99997 0
