c This is a uniform distributed  1-D DIMACS file 
c width height point_number
p 100000 100000 1024
144 0
190 0
343 0
387 0
402 0
554 0
569 0
605 0
618 0
778 0
870 0
957 0
960 0
1000 0
1072 0
1171 0
1360 0
1531 0
1751 0
1886 0
2082 0
2159 0
2222 0
2288 0
2303 0
2411 0
2546 0
2557 0
2659 0
2701 0
2920 0
2962 0
2990 0
3254 0
3265 0
3404 0
3554 0
3627 0
3746 0
3798 0
3838 0
3984 0
3990 0
4283 0
4489 0
4533 0
4583 0
4657 0
4702 0
4738 0
4792 0
4925 0
5067 0
5169 0
5453 0
5495 0
5539 0
5567 0
5755 0
5766 0
5770 0
5832 0
5913 0
5957 0
6019 0
6023 0
6044 0
6186 0
6252 0
6298 0
6855 0
7149 0
7285 0
7330 0
7422 0
7445 0
7449 0
7499 0
7510 0
7786 0
7992 0
8012 0
8022 0
8046 0
8065 0
8120 0
8188 0
8270 0
8277 0
8317 0
8320 0
8849 0
8869 0
9199 0
9333 0
9569 0
9881 0
10184 0
10284 0
10552 0
10720 0
10748 0
10843 0
11167 0
11257 0
11396 0
11465 0
11489 0
11510 0
11755 0
11841 0
11890 0
12053 0
12065 0
12108 0
12261 0
12271 0
12279 0
12366 0
12413 0
12491 0
12590 0
12726 0
12812 0
12856 0
12936 0
12956 0
12976 0
13030 0
13041 0
13136 0
13192 0
13205 0
13311 0
13532 0
13882 0
13920 0
14160 0
14349 0
14406 0
14704 0
14727 0
14792 0
14796 0
15031 0
15097 0
15158 0
15210 0
15240 0
15289 0
15408 0
15575 0
15606 0
15630 0
15742 0
15760 0
15870 0
16024 0
16175 0
16253 0
16350 0
16379 0
16413 0
16443 0
16600 0
16636 0
16645 0
16998 0
17090 0
17278 0
17386 0
17418 0
17439 0
17533 0
17603 0
17655 0
17906 0
17949 0
17964 0
18023 0
18042 0
18104 0
18111 0
18164 0
18170 0
18434 0
18524 0
18701 0
18764 0
18785 0
19065 0
19558 0
19679 0
19724 0
19910 0
19974 0
20026 0
20109 0
20116 0
20235 0
20332 0
20526 0
20545 0
20677 0
20705 0
20728 0
20750 0
20779 0
20839 0
20872 0
20991 0
20996 0
21249 0
21289 0
21341 0
21703 0
22123 0
22130 0
22186 0
22274 0
22340 0
22460 0
22553 0
22718 0
22949 0
22998 0
23035 0
23186 0
23525 0
23701 0
23708 0
23869 0
24164 0
24224 0
24240 0
24375 0
24535 0
24553 0
24618 0
24906 0
24937 0
25080 0
25355 0
25447 0
25486 0
25651 0
25780 0
25798 0
25858 0
25913 0
26201 0
26230 0
26362 0
26370 0
26402 0
26515 0
26562 0
26762 0
27089 0
27186 0
27364 0
27380 0
27437 0
27674 0
27778 0
27852 0
27892 0
27979 0
27988 0
28274 0
28542 0
28752 0
28767 0
28854 0
28868 0
28918 0
29000 0
29028 0
29122 0
29135 0
29176 0
29282 0
29534 0
29600 0
29614 0
29749 0
29799 0
29916 0
30011 0
30094 0
30272 0
30402 0
30413 0
30509 0
30590 0
30599 0
30606 0
30616 0
30695 0
30873 0
30952 0
31048 0
31076 0
31157 0
31162 0
31199 0
31420 0
31576 0
31580 0
31761 0
31859 0
31959 0
31969 0
32195 0
32398 0
32434 0
32477 0
32514 0
32544 0
32919 0
32936 0
33011 0
33012 0
33075 0
33137 0
33199 0
33298 0
33373 0
33442 0
33538 0
33568 0
33603 0
33713 0
33848 0
33961 0
34088 0
34116 0
34119 0
34145 0
34370 0
34385 0
34499 0
34519 0
34716 0
34801 0
34823 0
34957 0
35202 0
35292 0
35720 0
35727 0
35737 0
35860 0
35977 0
36196 0
36323 0
36358 0
36447 0
36468 0
36555 0
36777 0
36936 0
36950 0
36959 0
37356 0
37363 0
37386 0
37511 0
37542 0
37557 0
37655 0
37703 0
37829 0
38006 0
38222 0
38659 0
38852 0
38905 0
38953 0
39159 0
39271 0
39379 0
39514 0
39599 0
39664 0
39681 0
39838 0
39862 0
39970 0
40222 0
40225 0
40251 0
40398 0
40524 0
40587 0
40766 0
40910 0
40913 0
40972 0
40987 0
41058 0
41343 0
41418 0
41612 0
41806 0
41811 0
42079 0
42123 0
42143 0
42285 0
42325 0
42328 0
42421 0
42471 0
42541 0
42721 0
42839 0
42928 0
42960 0
42987 0
43147 0
43156 0
43422 0
43469 0
43506 0
43514 0
43700 0
44012 0
44025 0
44055 0
44058 0
44390 0
44495 0
44565 0
44614 0
44736 0
44839 0
44859 0
45026 0
45054 0
45169 0
45234 0
45247 0
45273 0
45278 0
45300 0
45414 0
45752 0
45955 0
46092 0
46362 0
46397 0
46469 0
46574 0
46622 0
46644 0
46646 0
46653 0
46725 0
46904 0
46983 0
47022 0
47028 0
47077 0
47139 0
47475 0
47499 0
47546 0
47584 0
47623 0
47968 0
47983 0
48099 0
48122 0
48125 0
48198 0
48213 0
48253 0
48302 0
48306 0
48612 0
48676 0
48723 0
48832 0
48936 0
48994 0
49046 0
49052 0
49198 0
49381 0
49448 0
49481 0
49636 0
49954 0
49973 0
49979 0
50024 0
50137 0
50241 0
50328 0
50803 0
50862 0
50985 0
51236 0
51248 0
51337 0
51359 0
51396 0
51601 0
51633 0
51779 0
51947 0
51962 0
52053 0
52137 0
52336 0
52492 0
52508 0
52563 0
53219 0
53296 0
53430 0
53615 0
53651 0
53689 0
53849 0
53883 0
53943 0
54124 0
54143 0
54154 0
54337 0
54338 0
54364 0
54371 0
54391 0
54465 0
54491 0
54502 0
54554 0
54631 0
54719 0
54774 0
54823 0
54827 0
54828 0
54938 0
55174 0
55369 0
55404 0
55469 0
55766 0
55883 0
55945 0
56009 0
56090 0
56290 0
56309 0
56394 0
56397 0
56498 0
56579 0
56638 0
56679 0
56865 0
56950 0
56954 0
57016 0
57031 0
57316 0
57493 0
57544 0
57592 0
57638 0
57924 0
58081 0
58120 0
58285 0
58311 0
58413 0
58462 0
58612 0
58637 0
58643 0
58910 0
58987 0
59029 0
59042 0
59353 0
59486 0
59636 0
59676 0
59867 0
59877 0
59909 0
60029 0
60190 0
60312 0
60374 0
60400 0
60668 0
60701 0
60930 0
60985 0
61067 0
61268 0
61343 0
61397 0
61421 0
61509 0
61512 0
61542 0
61571 0
61637 0
61820 0
61833 0
62048 0
62077 0
62193 0
62194 0
62400 0
62451 0
62612 0
62750 0
62861 0
63074 0
63084 0
63178 0
63194 0
63206 0
63252 0
63384 0
63425 0
63432 0
63498 0
63562 0
63603 0
63704 0
63787 0
63836 0
63838 0
63851 0
63852 0
64007 0
64116 0
64158 0
64226 0
64303 0
64376 0
64440 0
64479 0
64483 0
64519 0
64538 0
64625 0
64689 0
64757 0
64827 0
64830 0
64841 0
65020 0
65022 0
65024 0
65111 0
65147 0
65214 0
65290 0
65378 0
65437 0
65454 0
65544 0
65647 0
65677 0
65781 0
65804 0
65817 0
65837 0
65886 0
66104 0
66294 0
66301 0
66331 0
66382 0
66413 0
66481 0
66521 0
66523 0
66629 0
66640 0
66787 0
66889 0
66965 0
66966 0
66974 0
67140 0
67216 0
67233 0
67252 0
67255 0
67295 0
67313 0
67445 0
67487 0
67585 0
67663 0
67745 0
67748 0
67909 0
68000 0
68016 0
68027 0
68187 0
68237 0
68282 0
68310 0
68413 0
68527 0
68614 0
68649 0
68695 0
68799 0
68823 0
68952 0
69242 0
69356 0
69414 0
69562 0
69603 0
69661 0
69674 0
69736 0
69833 0
69849 0
69963 0
70190 0
70242 0
70353 0
70450 0
70607 0
70729 0
71155 0
71203 0
71306 0
71318 0
71724 0
71746 0
72071 0
72192 0
72479 0
72523 0
72654 0
72693 0
72829 0
72842 0
72863 0
73022 0
73030 0
73096 0
73335 0
73363 0
73372 0
73518 0
73542 0
73664 0
73742 0
73803 0
73813 0
73928 0
74045 0
74226 0
74336 0
74383 0
74394 0
74475 0
74945 0
74983 0
75126 0
75335 0
75465 0
75735 0
75756 0
75856 0
75875 0
76002 0
76118 0
76136 0
76250 0
76295 0
76434 0
76477 0
76570 0
76593 0
76771 0
77024 0
77077 0
77135 0
77149 0
77178 0
77221 0
77261 0
77406 0
77462 0
77605 0
77672 0
77761 0
77948 0
78190 0
78346 0
78435 0
78452 0
78603 0
78673 0
78789 0
78860 0
78945 0
79030 0
79140 0
79394 0
79411 0
79586 0
80102 0
80129 0
80161 0
80197 0
80340 0
80466 0
80491 0
80517 0
80626 0
80708 0
80752 0
80940 0
80960 0
81018 0
81149 0
81184 0
81200 0
81312 0
81362 0
81429 0
81442 0
81535 0
81618 0
81629 0
81682 0
81696 0
81717 0
81824 0
82069 0
82314 0
82405 0
82472 0
82587 0
82855 0
82863 0
83125 0
83250 0
83270 0
83303 0
83326 0
83364 0
83705 0
83826 0
83830 0
84284 0
84471 0
84574 0
84736 0
84990 0
85109 0
85323 0
85369 0
85402 0
85410 0
85485 0
85500 0
85679 0
85843 0
85861 0
85926 0
86135 0
86151 0
86174 0
86220 0
86249 0
86385 0
86434 0
86438 0
86543 0
86869 0
87111 0
87165 0
87255 0
87275 0
87479 0
87543 0
87708 0
87936 0
88010 0
88108 0
88213 0
88400 0
88470 0
88544 0
88582 0
88583 0
88602 0
88956 0
89065 0
89106 0
89391 0
89644 0
89665 0
89752 0
89897 0
89915 0
90026 0
90167 0
90171 0
90224 0
90386 0
90506 0
90518 0
90896 0
90903 0
91039 0
91154 0
91166 0
91363 0
91387 0
91631 0
91651 0
91752 0
91799 0
91813 0
91919 0
92270 0
92301 0
92364 0
92583 0
92618 0
92704 0
92958 0
92993 0
92995 0
93203 0
93372 0
93401 0
93515 0
93529 0
93537 0
93686 0
93714 0
93835 0
93893 0
93911 0
94209 0
94266 0
94311 0
94336 0
94427 0
94471 0
94617 0
94650 0
94854 0
94889 0
95036 0
95080 0
95159 0
95236 0
95292 0
95387 0
95431 0
95551 0
95560 0
95568 0
95833 0
95967 0
96025 0
96244 0
96470 0
96504 0
96513 0
97001 0
97091 0
97109 0
97393 0
97464 0
97519 0
97573 0
97612 0
97711 0
97782 0
97892 0
98107 0
98130 0
98197 0
98204 0
98209 0
98251 0
98269 0
98293 0
98326 0
98536 0
98660 0
98687 0
98735 0
98822 0
98915 0
98928 0
99054 0
99067 0
99139 0
99157 0
99233 0
99284 0
99382 0
99415 0
99534 0
99662 0
99752 0
99832 0
99845 0
99941 0
