c This is a uniform distributed  1-D DIMACS file 
c width height point_number
p 100000 100000 1024
45 0
123 0
145 0
368 0
633 0
726 0
739 0
769 0
836 0
855 0
906 0
915 0
1020 0
1254 0
1300 0
1312 0
1362 0
1376 0
1480 0
1798 0
1864 0
1917 0
1929 0
2212 0
2219 0
2222 0
2286 0
2320 0
2378 0
2390 0
2399 0
2508 0
3064 0
3321 0
3339 0
3377 0
3433 0
3488 0
3984 0
4113 0
4179 0
4454 0
4461 0
4532 0
4596 0
4779 0
4823 0
5116 0
5197 0
5339 0
5392 0
5521 0
5726 0
6040 0
6081 0
6126 0
6154 0
6245 0
6282 0
6396 0
6459 0
6793 0
6822 0
6831 0
6894 0
6903 0
6954 0
7003 0
7052 0
7128 0
7352 0
7375 0
7433 0
7514 0
7540 0
7641 0
7646 0
7894 0
7949 0
8445 0
8469 0
8500 0
8580 0
8586 0
8622 0
8840 0
8935 0
8971 0
8997 0
9037 0
9088 0
9126 0
9160 0
9236 0
9246 0
9403 0
9515 0
9554 0
9698 0
9758 0
9908 0
9999 0
10121 0
10337 0
10555 0
10610 0
10643 0
10801 0
11031 0
11266 0
11433 0
11456 0
11719 0
11959 0
12041 0
12372 0
12503 0
12565 0
12780 0
12894 0
13059 0
13075 0
13449 0
13457 0
13562 0
13576 0
13842 0
13979 0
14011 0
14029 0
14091 0
14177 0
14256 0
14288 0
14415 0
14657 0
14662 0
14666 0
14704 0
14766 0
14949 0
15002 0
15226 0
15441 0
15474 0
15533 0
15559 0
15637 0
15640 0
15669 0
15684 0
15867 0
15946 0
15983 0
16010 0
16320 0
16373 0
16426 0
16596 0
16762 0
17028 0
17282 0
17423 0
17448 0
17507 0
17522 0
17544 0
17567 0
17634 0
17724 0
17759 0
17794 0
17865 0
17912 0
17974 0
17989 0
18079 0
18168 0
18202 0
18240 0
18245 0
18374 0
18512 0
18639 0
18695 0
18898 0
18906 0
18923 0
18953 0
19092 0
19158 0
19187 0
19196 0
19375 0
19503 0
19510 0
19635 0
19683 0
19855 0
19980 0
19985 0
20103 0
20163 0
20165 0
20177 0
20464 0
20495 0
20710 0
20813 0
20899 0
20946 0
20974 0
21016 0
21206 0
21395 0
21408 0
21423 0
21441 0
21522 0
21845 0
22103 0
22126 0
22335 0
22493 0
22545 0
22553 0
22596 0
22629 0
22648 0
22750 0
22805 0
22809 0
22810 0
22849 0
23037 0
23233 0
23397 0
23578 0
23641 0
23671 0
23711 0
23850 0
23933 0
24021 0
24031 0
24056 0
24108 0
24113 0
24170 0
24200 0
24213 0
24246 0
24412 0
24418 0
24426 0
24502 0
24552 0
24573 0
24679 0
24702 0
24788 0
24791 0
24806 0
24909 0
24966 0
24974 0
25119 0
25327 0
25378 0
25445 0
25475 0
25527 0
25548 0
25563 0
25807 0
25833 0
25878 0
26144 0
26171 0
26217 0
26273 0
26460 0
26565 0
26699 0
26903 0
27067 0
27346 0
27433 0
27468 0
27503 0
27512 0
27729 0
27750 0
28027 0
28078 0
28269 0
28383 0
28420 0
28453 0
28482 0
28563 0
28574 0
28631 0
28666 0
28740 0
28877 0
28924 0
28945 0
29047 0
29296 0
29373 0
29424 0
29491 0
29594 0
29619 0
29634 0
29654 0
29728 0
29812 0
29817 0
29824 0
29899 0
29986 0
30150 0
30308 0
30322 0
30407 0
30449 0
30708 0
30719 0
30863 0
30909 0
31032 0
31038 0
31100 0
31123 0
31318 0
31334 0
31426 0
31492 0
31806 0
31966 0
32248 0
32416 0
32453 0
32488 0
32656 0
32690 0
32923 0
32957 0
32961 0
33025 0
33037 0
33184 0
33204 0
33357 0
33399 0
33509 0
33689 0
33801 0
33823 0
33855 0
34010 0
34135 0
34138 0
34275 0
34420 0
34461 0
34539 0
34619 0
34631 0
34751 0
34773 0
34839 0
34931 0
35048 0
35217 0
35228 0
35301 0
35459 0
35495 0
35684 0
35768 0
35776 0
35873 0
36271 0
36683 0
36762 0
36797 0
36870 0
37032 0
37080 0
37125 0
37128 0
37161 0
37174 0
37240 0
37245 0
37381 0
37550 0
37805 0
37958 0
37977 0
38146 0
38342 0
38389 0
38416 0
38435 0
38447 0
38562 0
38718 0
38812 0
39161 0
39217 0
39238 0
39288 0
39309 0
39460 0
39476 0
39548 0
39732 0
39899 0
39950 0
40090 0
40097 0
40178 0
40222 0
40301 0
40308 0
40553 0
40561 0
40736 0
40824 0
40938 0
40953 0
41066 0
41135 0
41235 0
41368 0
41412 0
41420 0
41489 0
41543 0
41735 0
41769 0
41935 0
42055 0
42072 0
42109 0
42120 0
42182 0
42382 0
42401 0
42612 0
42640 0
42704 0
42736 0
42771 0
42900 0
42908 0
43003 0
43466 0
43494 0
43525 0
43878 0
43899 0
43904 0
44012 0
44069 0
44142 0
44155 0
44299 0
44481 0
44612 0
44615 0
44983 0
45075 0
45110 0
45151 0
45185 0
45186 0
45296 0
45465 0
45942 0
45954 0
45971 0
46067 0
46102 0
46145 0
46183 0
46196 0
46337 0
46368 0
46808 0
46951 0
47002 0
47262 0
47315 0
47498 0
47518 0
47656 0
47775 0
47779 0
47897 0
47944 0
47978 0
48037 0
48374 0
48549 0
48836 0
48851 0
48868 0
48987 0
49135 0
49148 0
49357 0
49386 0
49533 0
49655 0
49751 0
49866 0
50066 0
50317 0
50347 0
50358 0
50364 0
50386 0
50438 0
50566 0
50569 0
50884 0
51023 0
51119 0
51191 0
51240 0
51263 0
51297 0
51355 0
51424 0
51464 0
51492 0
51825 0
51917 0
52051 0
52102 0
52360 0
52375 0
52388 0
52463 0
52489 0
52719 0
52743 0
52907 0
52915 0
53116 0
53126 0
53156 0
53192 0
53266 0
53608 0
53664 0
53669 0
53746 0
53804 0
53820 0
53989 0
54179 0
54297 0
54348 0
54497 0
54555 0
54558 0
54747 0
54753 0
54911 0
55123 0
55222 0
55317 0
55455 0
55537 0
55668 0
55699 0
55794 0
55840 0
55881 0
55919 0
55937 0
56042 0
56107 0
56507 0
56510 0
56755 0
56812 0
56923 0
56928 0
56931 0
56989 0
57010 0
57159 0
57183 0
57326 0
57427 0
57561 0
57584 0
57651 0
57664 0
57852 0
57882 0
57883 0
57911 0
58205 0
58364 0
58566 0
58571 0
58579 0
58804 0
58872 0
58900 0
59055 0
59184 0
59272 0
59435 0
59466 0
59474 0
59603 0
59694 0
59806 0
59978 0
59998 0
60064 0
60108 0
60119 0
60181 0
60311 0
60600 0
60951 0
60966 0
61035 0
61050 0
61416 0
61774 0
61791 0
61805 0
61838 0
62049 0
62088 0
62185 0
62291 0
62322 0
62570 0
62688 0
62833 0
62894 0
62911 0
63050 0
63229 0
63330 0
63359 0
63397 0
63516 0
63544 0
63588 0
63603 0
63663 0
63672 0
63793 0
63817 0
63867 0
64140 0
64230 0
64316 0
64512 0
64556 0
64604 0
64802 0
64882 0
64984 0
65033 0
65043 0
65061 0
65119 0
65192 0
65225 0
65228 0
65362 0
65491 0
65492 0
65493 0
65737 0
65794 0
65857 0
65910 0
65934 0
65971 0
66022 0
66095 0
66383 0
66792 0
66868 0
66884 0
66917 0
67038 0
67292 0
67386 0
67487 0
67601 0
67649 0
67662 0
67731 0
67789 0
67853 0
68000 0
68110 0
68255 0
68400 0
68530 0
68578 0
68603 0
68719 0
68773 0
69019 0
69198 0
69230 0
69435 0
69436 0
69519 0
69825 0
69839 0
69943 0
69951 0
70055 0
70068 0
70161 0
70174 0
70271 0
70397 0
70515 0
70532 0
70631 0
70673 0
70842 0
70992 0
71022 0
71087 0
71180 0
71413 0
71678 0
71697 0
71710 0
71724 0
71850 0
71856 0
71946 0
72044 0
72046 0
72138 0
72153 0
72564 0
72579 0
72799 0
72889 0
73122 0
73164 0
73224 0
73364 0
73405 0
73590 0
73652 0
73803 0
73934 0
73984 0
74023 0
74282 0
74334 0
74408 0
74441 0
74459 0
74558 0
74782 0
74908 0
75195 0
75249 0
75322 0
75455 0
75508 0
75584 0
75777 0
75782 0
75808 0
75845 0
75945 0
76409 0
76414 0
76428 0
76612 0
76653 0
76718 0
76789 0
76831 0
76859 0
76945 0
76952 0
77085 0
77102 0
77103 0
77204 0
77309 0
77311 0
77331 0
77476 0
77497 0
77505 0
77559 0
78050 0
78116 0
78264 0
79024 0
79041 0
79361 0
79614 0
79633 0
79685 0
79828 0
79838 0
79909 0
79965 0
80037 0
80079 0
80369 0
80391 0
80443 0
80455 0
80641 0
80649 0
80693 0
80795 0
80821 0
81279 0
81311 0
81380 0
81387 0
81457 0
81582 0
81640 0
81712 0
81776 0
81790 0
82381 0
82566 0
82579 0
82615 0
82734 0
82846 0
82893 0
82947 0
83015 0
83032 0
83258 0
83461 0
83979 0
84021 0
84059 0
84082 0
84207 0
84278 0
84409 0
84524 0
84609 0
84705 0
84795 0
84938 0
85011 0
85046 0
85100 0
85120 0
85130 0
85157 0
85253 0
85480 0
85581 0
85630 0
86031 0
86066 0
86408 0
86462 0
86472 0
86525 0
86664 0
86777 0
86968 0
87054 0
87102 0
87499 0
87507 0
87569 0
87607 0
87682 0
87796 0
87886 0
87943 0
88022 0
88121 0
88141 0
88532 0
88732 0
88777 0
89005 0
89044 0
89075 0
89120 0
89243 0
89244 0
89341 0
89550 0
89600 0
89642 0
89728 0
90000 0
90079 0
90102 0
90106 0
90149 0
90168 0
90204 0
90247 0
90253 0
90625 0
90685 0
90706 0
90745 0
90799 0
90986 0
90989 0
91374 0
91490 0
91542 0
91690 0
91981 0
92139 0
92228 0
92562 0
92614 0
92691 0
92755 0
92811 0
92863 0
92960 0
93057 0
93143 0
93201 0
93458 0
93588 0
93663 0
93704 0
93764 0
93830 0
93858 0
93916 0
93919 0
94111 0
94171 0
94318 0
94366 0
94402 0
94454 0
94473 0
94581 0
95017 0
95074 0
95093 0
95101 0
95328 0
95331 0
95344 0
95411 0
95501 0
95517 0
95670 0
95787 0
95809 0
95838 0
96139 0
96369 0
96439 0
96499 0
96823 0
96949 0
96971 0
97264 0
97285 0
97286 0
97318 0
97329 0
97367 0
97423 0
97427 0
97501 0
97594 0
97693 0
97731 0
97871 0
97898 0
97966 0
97984 0
98024 0
98184 0
98186 0
98371 0
98490 0
98493 0
98687 0
98805 0
98827 0
98902 0
99046 0
99441 0
99474 0
99566 0
99712 0
99820 0
99879 0
99899 0
99969 0
99974 0
