c This is a uniform distributed  1-D DIMACS file 
c width height point_number
p 100000 100000 1024
348 0
394 0
496 0
520 0
629 0
717 0
839 0
871 0
1168 0
1256 0
1268 0
1276 0
1640 0
1766 0
1776 0
1803 0
1864 0
1992 0
2136 0
2189 0
2349 0
2353 0
2359 0
2425 0
2599 0
2607 0
2762 0
2878 0
2929 0
2946 0
3012 0
3121 0
3160 0
3163 0
3304 0
3381 0
3539 0
3703 0
3879 0
3959 0
4008 0
4064 0
4157 0
4227 0
4264 0
4282 0
4334 0
4670 0
4770 0
4854 0
4863 0
5109 0
5210 0
5314 0
5464 0
5688 0
6028 0
6256 0
6423 0
6474 0
6496 0
6702 0
6918 0
6925 0
6969 0
7085 0
7136 0
7225 0
7270 0
7450 0
7541 0
7586 0
7594 0
7782 0
7850 0
7952 0
7973 0
7984 0
8064 0
8069 0
8270 0
8440 0
8443 0
8546 0
9177 0
9474 0
9489 0
9521 0
9805 0
9850 0
9868 0
9890 0
9929 0
10153 0
10173 0
10197 0
10364 0
10532 0
10774 0
10788 0
10842 0
10914 0
10988 0
11153 0
11234 0
11472 0
11559 0
11585 0
11630 0
11638 0
11697 0
11793 0
11842 0
11881 0
11992 0
12020 0
12026 0
12031 0
12185 0
12270 0
12278 0
12455 0
12479 0
12480 0
12571 0
12647 0
12724 0
12827 0
12868 0
13070 0
13142 0
13171 0
13180 0
13371 0
13443 0
13623 0
13661 0
13790 0
13843 0
13966 0
14019 0
14214 0
14244 0
14418 0
14425 0
14580 0
14608 0
14719 0
14728 0
14895 0
15021 0
15060 0
15069 0
15214 0
15387 0
15448 0
15726 0
15810 0
15848 0
15974 0
15986 0
15994 0
16005 0
16111 0
16205 0
16322 0
16361 0
16469 0
16498 0
16525 0
16598 0
16747 0
16783 0
16978 0
16988 0
17028 0
17060 0
17063 0
17285 0
17317 0
17360 0
17477 0
17789 0
17810 0
17943 0
18046 0
18086 0
18267 0
18273 0
18310 0
18312 0
18364 0
18401 0
18570 0
18798 0
18835 0
18872 0
18877 0
19108 0
19173 0
19453 0
19569 0
19634 0
19673 0
19940 0
20008 0
20028 0
20140 0
20143 0
20331 0
20421 0
20521 0
20546 0
21137 0
21169 0
21602 0
21636 0
21638 0
21650 0
21870 0
22034 0
22039 0
22132 0
22140 0
22496 0
22539 0
22543 0
22698 0
22702 0
22822 0
22872 0
23173 0
23228 0
23271 0
23406 0
23547 0
23580 0
23697 0
23757 0
23776 0
23808 0
23919 0
23930 0
24140 0
24244 0
24265 0
24365 0
24407 0
24413 0
24418 0
24422 0
24544 0
24630 0
24863 0
24951 0
25182 0
25263 0
25278 0
25380 0
25550 0
25560 0
25683 0
25726 0
25742 0
25780 0
25811 0
25988 0
26061 0
26115 0
26161 0
26361 0
26376 0
26546 0
26694 0
26784 0
26820 0
26926 0
26978 0
27008 0
27139 0
27166 0
27264 0
27298 0
27849 0
27905 0
28147 0
28207 0
28232 0
28531 0
28643 0
28699 0
28759 0
29098 0
29109 0
29184 0
29228 0
29429 0
29431 0
29591 0
29616 0
29738 0
29816 0
29857 0
29873 0
30000 0
30173 0
30200 0
30472 0
30575 0
30621 0
30632 0
30767 0
31078 0
31184 0
31229 0
31250 0
31291 0
31389 0
31417 0
31834 0
32033 0
32240 0
32420 0
32453 0
32771 0
32837 0
32861 0
32969 0
33355 0
33492 0
33598 0
33691 0
33714 0
33750 0
33852 0
33860 0
33880 0
33900 0
33927 0
33944 0
34031 0
34218 0
34224 0
34342 0
34395 0
34414 0
34708 0
34735 0
34896 0
34961 0
35045 0
35059 0
35074 0
35110 0
35181 0
35241 0
35312 0
35350 0
35417 0
35508 0
35624 0
35747 0
35753 0
35832 0
35844 0
35967 0
35971 0
36005 0
36072 0
36186 0
36379 0
36641 0
36649 0
36837 0
37020 0
37065 0
37226 0
37268 0
37501 0
37614 0
37696 0
37702 0
37851 0
37854 0
37872 0
37928 0
37986 0
38013 0
38044 0
38053 0
38109 0
38180 0
38243 0
38267 0
38356 0
38530 0
38775 0
38783 0
38905 0
39008 0
39044 0
39096 0
39129 0
39204 0
39344 0
39375 0
39377 0
39457 0
39625 0
39746 0
39759 0
39769 0
39953 0
40017 0
40122 0
40126 0
40169 0
40189 0
40941 0
41519 0
41548 0
41555 0
41622 0
41797 0
41832 0
41861 0
42377 0
42463 0
42545 0
42552 0
42685 0
42912 0
43079 0
43161 0
43192 0
43235 0
43374 0
43484 0
43511 0
43532 0
43800 0
43924 0
43962 0
44101 0
44442 0
44531 0
44556 0
44625 0
44668 0
44995 0
45167 0
45211 0
45462 0
45778 0
45899 0
45955 0
46066 0
46137 0
46204 0
46249 0
46250 0
46263 0
46587 0
46670 0
46803 0
46884 0
46928 0
47026 0
47174 0
47187 0
47453 0
47541 0
47634 0
47696 0
47814 0
47892 0
47988 0
48188 0
48347 0
48567 0
48675 0
48972 0
49038 0
49113 0
49168 0
49177 0
49179 0
49243 0
49307 0
49348 0
49494 0
49532 0
49546 0
49597 0
49658 0
49729 0
49919 0
49930 0
49999 0
50051 0
50124 0
50165 0
50210 0
50370 0
50440 0
50448 0
50796 0
50855 0
50910 0
50945 0
50960 0
51231 0
51235 0
51320 0
51494 0
51665 0
51688 0
51711 0
51752 0
51856 0
51993 0
52002 0
52027 0
52184 0
52203 0
52739 0
52747 0
52784 0
52881 0
52926 0
52969 0
53105 0
53172 0
53258 0
53319 0
53478 0
53479 0
53611 0
53672 0
53790 0
53924 0
54039 0
54157 0
54603 0
54780 0
54835 0
54864 0
54994 0
54999 0
55031 0
55034 0
55080 0
55099 0
55142 0
55149 0
55262 0
55347 0
55379 0
55434 0
55444 0
55472 0
55514 0
55542 0
55689 0
55837 0
55907 0
56179 0
56272 0
56417 0
56419 0
56445 0
56621 0
56668 0
56697 0
56713 0
56762 0
56864 0
56939 0
57228 0
57309 0
57323 0
57577 0
57644 0
57657 0
57664 0
57707 0
57810 0
57821 0
57863 0
57934 0
58094 0
58189 0
58217 0
58254 0
58283 0
58625 0
58654 0
58725 0
58762 0
58879 0
58937 0
58939 0
59066 0
59300 0
59318 0
59385 0
59404 0
59405 0
59560 0
59661 0
59762 0
59826 0
60212 0
60358 0
60364 0
60383 0
60423 0
60460 0
60506 0
60543 0
60644 0
60660 0
60710 0
61266 0
61406 0
61708 0
61933 0
61954 0
62202 0
62333 0
62521 0
62552 0
62662 0
62747 0
62787 0
63073 0
63115 0
63515 0
63676 0
63741 0
63799 0
63812 0
63842 0
63935 0
63990 0
64017 0
64238 0
64270 0
64293 0
64316 0
64380 0
64497 0
64609 0
64821 0
64841 0
65011 0
65015 0
65186 0
65267 0
65332 0
65384 0
65658 0
65817 0
65821 0
65855 0
65894 0
66002 0
66088 0
66488 0
66508 0
66559 0
66591 0
66648 0
66651 0
66754 0
66831 0
66943 0
67369 0
67438 0
67536 0
67554 0
67558 0
67568 0
67955 0
68041 0
68064 0
68085 0
68102 0
68154 0
68270 0
68354 0
68418 0
68496 0
68599 0
68751 0
68754 0
69035 0
69080 0
69145 0
69159 0
69293 0
69296 0
69493 0
69517 0
69581 0
69631 0
69733 0
69742 0
69837 0
69905 0
69929 0
69960 0
69986 0
69996 0
70028 0
70033 0
70326 0
70447 0
70460 0
70493 0
70528 0
70610 0
70676 0
70709 0
70710 0
70915 0
70993 0
71086 0
71126 0
71236 0
71244 0
71252 0
71381 0
71420 0
71434 0
71485 0
71574 0
71912 0
71949 0
72032 0
72063 0
72138 0
72201 0
72215 0
72247 0
72474 0
72581 0
72982 0
73007 0
73177 0
73509 0
73718 0
73743 0
73883 0
74016 0
74188 0
74235 0
74341 0
74355 0
74511 0
74594 0
74650 0
74711 0
74824 0
74990 0
75005 0
75458 0
75605 0
75696 0
75808 0
75843 0
75891 0
75954 0
75989 0
76125 0
76613 0
76860 0
77101 0
77158 0
77332 0
77346 0
77412 0
77640 0
77782 0
77889 0
77907 0
77909 0
77952 0
77996 0
78094 0
78271 0
78276 0
78396 0
78492 0
78533 0
78569 0
78617 0
78630 0
78653 0
78741 0
78902 0
78976 0
79000 0
79011 0
79123 0
79207 0
79363 0
79431 0
79462 0
79533 0
79557 0
79708 0
79814 0
79850 0
79981 0
80085 0
80128 0
80213 0
80287 0
80288 0
80333 0
80344 0
80358 0
80402 0
80611 0
80727 0
80765 0
80885 0
80951 0
80998 0
81095 0
81191 0
81203 0
81220 0
81242 0
81282 0
81403 0
81412 0
81558 0
81673 0
81765 0
81793 0
81829 0
82001 0
82050 0
82212 0
82376 0
82426 0
82625 0
82773 0
82803 0
82833 0
83452 0
83581 0
83599 0
83692 0
83715 0
83798 0
83807 0
83859 0
83986 0
84004 0
84154 0
84231 0
84297 0
84336 0
84412 0
84484 0
84498 0
84517 0
84689 0
84699 0
84708 0
84851 0
84889 0
85032 0
85300 0
85519 0
85527 0
85536 0
85607 0
85635 0
85832 0
85910 0
86113 0
86337 0
86344 0
86413 0
86442 0
86476 0
86766 0
86847 0
86966 0
87135 0
87487 0
87586 0
87866 0
88136 0
88184 0
88269 0
88274 0
88402 0
88522 0
88539 0
88569 0
88629 0
88728 0
88758 0
88799 0
88957 0
88958 0
88960 0
89100 0
89118 0
89588 0
89615 0
89726 0
89859 0
89989 0
90038 0
90121 0
90312 0
90449 0
90511 0
90555 0
90734 0
90796 0
90826 0
90861 0
91295 0
91321 0
91352 0
91422 0
91428 0
91497 0
91555 0
92041 0
92083 0
92090 0
92103 0
92390 0
92468 0
92872 0
92903 0
92904 0
92960 0
92969 0
93066 0
93069 0
93100 0
93250 0
93344 0
93372 0
93536 0
93727 0
93737 0
93868 0
93984 0
94015 0
94062 0
94218 0
94248 0
94271 0
94308 0
94390 0
94589 0
94656 0
94681 0
94785 0
94797 0
94833 0
94914 0
95117 0
95187 0
95265 0
95377 0
95427 0
95770 0
95811 0
95829 0
96054 0
96075 0
96125 0
96176 0
96219 0
96343 0
96439 0
96542 0
96559 0
96995 0
97087 0
97166 0
97182 0
97185 0
97271 0
97294 0
97369 0
97649 0
97695 0
97701 0
97709 0
97754 0
97803 0
97996 0
98093 0
98107 0
98111 0
98130 0
98131 0
98176 0
98349 0
98474 0
98527 0
98796 0
98894 0
99209 0
99237 0
99262 0
99460 0
99486 0
99506 0
99741 0
99788 0
99969 0
