c This is a uniform distributed  1-D DIMACS file 
c width height point_number
p 100000 100000 1024
7 0
22 0
92 0
122 0
152 0
398 0
635 0
685 0
741 0
1019 0
1207 0
1230 0
1305 0
1456 0
1672 0
1867 0
2269 0
2315 0
2344 0
2373 0
2482 0
2526 0
2604 0
2617 0
2618 0
2674 0
2733 0
2822 0
2924 0
2972 0
3096 0
3300 0
3343 0
3413 0
3427 0
3483 0
3510 0
3544 0
3590 0
3633 0
3642 0
3880 0
3958 0
4117 0
4238 0
4263 0
4333 0
4548 0
4571 0
4627 0
4925 0
4983 0
5027 0
5096 0
5189 0
5204 0
5227 0
5258 0
5335 0
5417 0
5419 0
5531 0
5647 0
5827 0
5871 0
5878 0
6023 0
6193 0
6235 0
6248 0
6662 0
6782 0
6820 0
6846 0
7039 0
7087 0
7108 0
7429 0
7643 0
7915 0
8032 0
8104 0
8340 0
8344 0
8472 0
8483 0
8509 0
8586 0
8665 0
8711 0
8713 0
8758 0
8836 0
8964 0
9021 0
9100 0
9131 0
9503 0
9710 0
9720 0
9728 0
9916 0
9957 0
9960 0
10003 0
10159 0
10337 0
10576 0
10606 0
10677 0
10835 0
11041 0
11236 0
11329 0
11344 0
11380 0
11444 0
11506 0
11516 0
11540 0
11700 0
11829 0
11839 0
11879 0
12097 0
12252 0
12284 0
12363 0
12503 0
12613 0
12830 0
12909 0
13110 0
13204 0
13596 0
13724 0
13932 0
14154 0
14196 0
14250 0
14253 0
14268 0
14294 0
14335 0
14416 0
14484 0
14775 0
14809 0
14920 0
14922 0
15159 0
15406 0
15441 0
15477 0
15691 0
15728 0
15827 0
15919 0
16219 0
16469 0
16478 0
16838 0
16941 0
17003 0
17007 0
17029 0
17036 0
17065 0
17166 0
17266 0
17421 0
17441 0
17478 0
17810 0
17837 0
17846 0
17859 0
17877 0
17992 0
17997 0
18027 0
18093 0
18096 0
18186 0
18469 0
18684 0
18699 0
18860 0
18881 0
18913 0
18981 0
19157 0
19191 0
19208 0
19223 0
19467 0
19571 0
19714 0
19824 0
19893 0
20018 0
20131 0
20544 0
20763 0
20972 0
20978 0
21117 0
21438 0
21468 0
21560 0
21592 0
21615 0
21959 0
22062 0
22081 0
22185 0
22191 0
22198 0
22277 0
22478 0
22598 0
22647 0
22804 0
23225 0
23274 0
23295 0
23561 0
23573 0
23634 0
23740 0
23768 0
23829 0
23839 0
23856 0
23859 0
24020 0
24052 0
24081 0
24311 0
24432 0
24439 0
24443 0
24534 0
24586 0
24606 0
24631 0
24933 0
24960 0
25008 0
25060 0
25173 0
25209 0
25430 0
25454 0
25476 0
25663 0
25705 0
25861 0
26100 0
26197 0
26252 0
26279 0
26504 0
26535 0
26771 0
26847 0
26972 0
27006 0
27107 0
27187 0
27312 0
27365 0
27612 0
27629 0
27738 0
27790 0
28094 0
28206 0
28455 0
28765 0
28910 0
28971 0
29035 0
29066 0
29202 0
29246 0
29323 0
29347 0
29368 0
29410 0
29464 0
29575 0
29623 0
29676 0
29769 0
29892 0
29935 0
29946 0
30052 0
30166 0
30232 0
30338 0
30580 0
30720 0
30757 0
30765 0
30926 0
31033 0
31116 0
31134 0
31302 0
31306 0
31396 0
31451 0
31463 0
31504 0
31679 0
31681 0
31861 0
31936 0
31948 0
32001 0
32039 0
32112 0
32138 0
32190 0
32283 0
32447 0
32619 0
32819 0
32898 0
32953 0
33085 0
33128 0
33159 0
33354 0
33375 0
33417 0
33555 0
33607 0
33697 0
33737 0
34011 0
34493 0
34508 0
34562 0
34660 0
34725 0
34739 0
34938 0
35007 0
35116 0
35397 0
35509 0
35554 0
35601 0
35616 0
35731 0
35851 0
36023 0
36105 0
36111 0
36123 0
36221 0
36513 0
36646 0
37021 0
37112 0
37275 0
37354 0
37414 0
37673 0
37693 0
37780 0
37874 0
37926 0
38052 0
38138 0
38166 0
38264 0
38738 0
38751 0
38927 0
38975 0
38976 0
39005 0
39086 0
39102 0
39286 0
39517 0
39582 0
39607 0
39765 0
39955 0
39982 0
40025 0
40107 0
40110 0
40151 0
40290 0
40324 0
40364 0
40407 0
40660 0
40661 0
40764 0
40841 0
40861 0
40909 0
41030 0
41093 0
41101 0
41385 0
41411 0
41453 0
41676 0
41865 0
42078 0
42127 0
42128 0
42169 0
42356 0
42437 0
42467 0
42558 0
42597 0
42657 0
42662 0
42746 0
42832 0
42854 0
42892 0
43094 0
43197 0
43448 0
43517 0
43731 0
43882 0
43893 0
43950 0
44116 0
44120 0
44232 0
44382 0
44504 0
44652 0
44822 0
44880 0
44889 0
45014 0
45160 0
45289 0
45295 0
45360 0
45376 0
45538 0
45725 0
45862 0
45939 0
45997 0
46007 0
46023 0
46226 0
46354 0
46386 0
46511 0
46586 0
46694 0
46753 0
46911 0
46936 0
46958 0
46988 0
47092 0
47149 0
47257 0
47327 0
47402 0
47421 0
47534 0
47565 0
47723 0
47785 0
47943 0
48037 0
48137 0
48224 0
48227 0
48255 0
48455 0
48486 0
48491 0
48589 0
48790 0
48973 0
49002 0
49019 0
49024 0
49094 0
49139 0
49331 0
49610 0
49630 0
49676 0
49704 0
49874 0
50116 0
50208 0
50229 0
50428 0
50509 0
50573 0
50600 0
50630 0
50703 0
50736 0
50806 0
50845 0
50881 0
50969 0
51134 0
51213 0
51354 0
51398 0
51434 0
51640 0
51889 0
51924 0
51928 0
52056 0
52215 0
52469 0
52514 0
52523 0
52543 0
52570 0
52609 0
52721 0
52927 0
53083 0
53226 0
53319 0
53438 0
53579 0
53613 0
53920 0
53922 0
53943 0
54042 0
54050 0
54138 0
54226 0
54356 0
54383 0
54498 0
54579 0
54686 0
54720 0
54773 0
54814 0
55032 0
55321 0
55564 0
55734 0
55871 0
55898 0
55953 0
56006 0
56032 0
56225 0
56351 0
56430 0
56464 0
56596 0
56748 0
56791 0
56887 0
56946 0
57044 0
57084 0
57191 0
57262 0
57309 0
57639 0
57908 0
57910 0
57973 0
58057 0
58109 0
58157 0
58212 0
58308 0
58429 0
58502 0
58506 0
58600 0
58690 0
58729 0
58945 0
58960 0
59086 0
59342 0
59408 0
59425 0
59479 0
59532 0
59768 0
59805 0
59874 0
59947 0
60009 0
60040 0
60185 0
60200 0
60231 0
60333 0
60393 0
60549 0
60569 0
60583 0
60675 0
60718 0
60723 0
60746 0
60747 0
60813 0
60821 0
61122 0
61213 0
61264 0
61423 0
61434 0
61546 0
61630 0
61686 0
61723 0
61767 0
61842 0
61972 0
62102 0
62105 0
62133 0
62209 0
62321 0
62334 0
62420 0
62502 0
62637 0
62681 0
62813 0
62814 0
62903 0
63172 0
63179 0
63192 0
63478 0
63514 0
63592 0
63720 0
63777 0
63981 0
64028 0
64192 0
64314 0
64526 0
64620 0
64750 0
64773 0
64820 0
64828 0
64939 0
65408 0
65523 0
65936 0
66017 0
66198 0
66272 0
66528 0
66605 0
66731 0
66842 0
66891 0
66907 0
66919 0
66948 0
66972 0
66983 0
67259 0
67340 0
67346 0
67471 0
67486 0
67877 0
67934 0
67970 0
68082 0
68088 0
68090 0
68189 0
68212 0
68522 0
68540 0
68564 0
68779 0
68909 0
69138 0
69192 0
69200 0
69219 0
69641 0
69890 0
69922 0
70088 0
70217 0
70357 0
70504 0
70550 0
70645 0
70715 0
70748 0
70849 0
70909 0
71062 0
71088 0
71295 0
71485 0
71578 0
71912 0
71955 0
72167 0
72177 0
72457 0
72515 0
72628 0
72701 0
72760 0
72812 0
72816 0
73082 0
73195 0
73214 0
73230 0
73250 0
73505 0
73570 0
73589 0
73596 0
73792 0
73915 0
74124 0
74130 0
74250 0
74372 0
74572 0
74623 0
74757 0
74958 0
75140 0
75262 0
75365 0
75442 0
75477 0
75510 0
75702 0
75730 0
75816 0
76000 0
76090 0
76099 0
76102 0
76136 0
76230 0
76385 0
76454 0
76480 0
76503 0
76523 0
76632 0
76808 0
76824 0
76836 0
77044 0
77069 0
77084 0
77226 0
77345 0
77564 0
77624 0
77831 0
77883 0
78044 0
78110 0
78138 0
78287 0
78367 0
78466 0
78506 0
78773 0
78921 0
79089 0
79507 0
79557 0
79616 0
79842 0
79852 0
79902 0
80017 0
80052 0
80107 0
80190 0
80287 0
80381 0
80414 0
80556 0
80703 0
80883 0
81013 0
81097 0
81184 0
81249 0
81493 0
81509 0
81568 0
81607 0
81819 0
81993 0
82086 0
82097 0
82110 0
82191 0
82625 0
82647 0
82681 0
82738 0
82876 0
82910 0
82945 0
83015 0
83051 0
83423 0
83530 0
83536 0
83561 0
83637 0
83656 0
83788 0
83863 0
83878 0
83894 0
83900 0
84203 0
84268 0
84272 0
84290 0
84366 0
84399 0
84409 0
84556 0
84631 0
84849 0
84954 0
84956 0
84967 0
84999 0
85002 0
85092 0
85152 0
85511 0
85544 0
85586 0
85630 0
85647 0
85788 0
85927 0
86182 0
86391 0
86531 0
86866 0
86991 0
87024 0
87048 0
87057 0
87085 0
87099 0
87290 0
87307 0
87697 0
88061 0
88186 0
88216 0
88297 0
88399 0
88408 0
88562 0
88567 0
88601 0
88747 0
88787 0
89012 0
89029 0
89060 0
89070 0
89123 0
89170 0
89291 0
89295 0
89362 0
89474 0
89710 0
89779 0
89955 0
90101 0
90191 0
90229 0
90244 0
90313 0
90341 0
90375 0
90390 0
90430 0
90483 0
90608 0
90705 0
90713 0
90808 0
90842 0
90918 0
90948 0
91053 0
91163 0
91326 0
91338 0
91432 0
91436 0
91529 0
91606 0
91754 0
91859 0
91935 0
92031 0
92076 0
92093 0
92105 0
92406 0
92484 0
92511 0
92823 0
92906 0
92926 0
92948 0
93137 0
93301 0
93412 0
93498 0
93529 0
93620 0
94067 0
94068 0
94247 0
94264 0
94450 0
95001 0
95021 0
95066 0
95103 0
95209 0
95214 0
95258 0
95262 0
95307 0
95326 0
95373 0
95377 0
95474 0
95563 0
95666 0
95679 0
95713 0
95857 0
96054 0
96058 0
96254 0
96298 0
96570 0
96665 0
96708 0
96829 0
96850 0
96887 0
96977 0
97174 0
97201 0
97371 0
97509 0
97524 0
97620 0
97625 0
97680 0
97819 0
97827 0
97868 0
97940 0
98066 0
98150 0
98232 0
98320 0
98352 0
98356 0
98513 0
98517 0
98587 0
98596 0
98626 0
98630 0
98777 0
98885 0
99113 0
99260 0
99329 0
99497 0
99558 0
99814 0
99862 0
99885 0
