c This is a uniform distributed  1-D DIMACS file 
c width height point_number
p 100000 100000 1024
131 0
146 0
259 0
268 0
290 0
476 0
619 0
650 0
750 0
759 0
762 0
791 0
840 0
921 0
1074 0
1490 0
1530 0
1571 0
1837 0
1850 0
1954 0
1987 0
2044 0
2093 0
2166 0
2226 0
2243 0
2311 0
2444 0
2460 0
2912 0
2929 0
2939 0
3112 0
3271 0
3387 0
3388 0
3453 0
3490 0
3683 0
3809 0
3865 0
3866 0
3985 0
4066 0
4160 0
4548 0
4564 0
4580 0
4581 0
4751 0
4941 0
4947 0
5094 0
5135 0
5248 0
5355 0
5371 0
5396 0
5536 0
5551 0
5552 0
5664 0
5815 0
6015 0
6034 0
6417 0
6649 0
6790 0
6902 0
7009 0
7094 0
7362 0
7505 0
7521 0
7802 0
7972 0
8016 0
8157 0
8201 0
8260 0
8391 0
8447 0
8590 0
8758 0
8760 0
9132 0
9165 0
9249 0
9702 0
9819 0
9918 0
9953 0
9956 0
9960 0
10012 0
10106 0
10140 0
10281 0
10419 0
10498 0
10503 0
10652 0
10866 0
10908 0
11267 0
11419 0
11452 0
11553 0
11826 0
11833 0
11880 0
11986 0
12060 0
12156 0
12163 0
12187 0
12204 0
12501 0
12701 0
12919 0
12976 0
13018 0
13303 0
13423 0
13429 0
13498 0
13678 0
13765 0
13811 0
13824 0
14003 0
14038 0
14069 0
14200 0
14289 0
14511 0
14530 0
14847 0
14856 0
15064 0
15219 0
15322 0
15324 0
15402 0
15432 0
15450 0
15480 0
15482 0
15633 0
15750 0
15854 0
15911 0
16048 0
16119 0
16173 0
16341 0
16387 0
16493 0
16640 0
16660 0
16811 0
16821 0
16902 0
17007 0
17318 0
17358 0
17501 0
17672 0
17717 0
17842 0
17951 0
18307 0
18308 0
18714 0
18838 0
18986 0
19000 0
19102 0
19143 0
19196 0
19356 0
19396 0
19416 0
19436 0
19456 0
19495 0
19525 0
19695 0
19830 0
19875 0
19985 0
20021 0
20106 0
20244 0
20365 0
20380 0
20391 0
20604 0
20637 0
20649 0
20656 0
20873 0
21150 0
21184 0
21234 0
21417 0
21568 0
21857 0
21924 0
22034 0
22180 0
22355 0
22401 0
22425 0
22476 0
22487 0
22593 0
22725 0
22878 0
23151 0
23375 0
23387 0
23951 0
23959 0
24131 0
24287 0
24300 0
24763 0
24858 0
24990 0
25016 0
25461 0
25581 0
25675 0
25697 0
25736 0
25901 0
25939 0
26145 0
26208 0
26230 0
26292 0
26313 0
26397 0
26420 0
26442 0
26562 0
26759 0
26792 0
26874 0
26904 0
26918 0
27096 0
27099 0
27245 0
27327 0
27374 0
27546 0
27577 0
27580 0
27621 0
27682 0
27706 0
27738 0
27841 0
28023 0
28226 0
28238 0
28243 0
28325 0
28487 0
28525 0
28533 0
28573 0
28651 0
28652 0
28795 0
28918 0
28983 0
29110 0
29198 0
29226 0
29271 0
29418 0
29455 0
29457 0
29487 0
29578 0
29587 0
29965 0
30029 0
30034 0
30132 0
30135 0
30217 0
30573 0
30798 0
30853 0
30862 0
31089 0
31115 0
31348 0
31410 0
31459 0
31530 0
31533 0
31536 0
31570 0
31609 0
31737 0
32213 0
32282 0
32382 0
32463 0
32472 0
32655 0
32898 0
32943 0
33009 0
33125 0
33350 0
33403 0
33408 0
33423 0
33435 0
33603 0
33619 0
33767 0
34139 0
34228 0
34334 0
34411 0
34419 0
34522 0
34664 0
34766 0
34833 0
34857 0
34930 0
35149 0
35334 0
35373 0
35580 0
35660 0
35805 0
36100 0
36132 0
36191 0
36194 0
36266 0
36308 0
36622 0
36651 0
36690 0
36877 0
36991 0
37143 0
37162 0
37217 0
37335 0
37528 0
37573 0
37656 0
37703 0
37777 0
37962 0
38079 0
38193 0
38263 0
38284 0
38401 0
38403 0
38446 0
38483 0
38662 0
38710 0
38718 0
38768 0
38871 0
38934 0
38950 0
38994 0
39030 0
39058 0
39152 0
39260 0
39290 0
39326 0
39424 0
39596 0
39610 0
39673 0
39784 0
39801 0
39870 0
39873 0
39893 0
40044 0
40151 0
40333 0
40446 0
40493 0
40871 0
40902 0
40999 0
41084 0
41088 0
41253 0
41309 0
41338 0
41401 0
41772 0
41819 0
42020 0
42138 0
42331 0
42458 0
42531 0
42564 0
42616 0
42618 0
42901 0
42978 0
43031 0
43082 0
43224 0
43338 0
43427 0
43700 0
43769 0
43837 0
44202 0
44229 0
44343 0
44463 0
44559 0
44682 0
44749 0
44961 0
45070 0
45079 0
45098 0
45199 0
45334 0
45360 0
45481 0
45698 0
45741 0
45859 0
45953 0
45985 0
46012 0
46334 0
46383 0
46722 0
46748 0
46793 0
46811 0
46982 0
47074 0
47242 0
47509 0
47646 0
47802 0
47831 0
48036 0
48061 0
48145 0
48186 0
48308 0
48354 0
48358 0
48385 0
48468 0
48596 0
48769 0
48847 0
48898 0
48913 0
49011 0
49238 0
49400 0
49452 0
49617 0
49641 0
49681 0
49915 0
50016 0
50102 0
50169 0
50189 0
50257 0
50362 0
50401 0
50472 0
50761 0
50859 0
50865 0
51249 0
51283 0
51316 0
51321 0
51498 0
51665 0
51686 0
51717 0
51726 0
51829 0
52063 0
52196 0
52383 0
52433 0
52435 0
52468 0
52534 0
52695 0
52697 0
52718 0
52804 0
52946 0
52973 0
53020 0
53048 0
53082 0
53086 0
53134 0
53135 0
53478 0
53910 0
54003 0
54015 0
54041 0
54064 0
54138 0
54142 0
54147 0
54160 0
54294 0
54574 0
54591 0
54626 0
54666 0
54685 0
54814 0
54865 0
54894 0
54978 0
55075 0
55155 0
55235 0
55412 0
55700 0
55945 0
55964 0
56000 0
56025 0
56100 0
56314 0
56369 0
56395 0
56398 0
56535 0
56685 0
56792 0
56842 0
56873 0
56999 0
57067 0
57144 0
57149 0
57152 0
57269 0
57324 0
57327 0
57343 0
57552 0
57582 0
57753 0
57899 0
57965 0
57985 0
58052 0
58109 0
58167 0
58247 0
58252 0
58278 0
58284 0
58301 0
58352 0
58356 0
58659 0
58722 0
58783 0
58890 0
58933 0
58973 0
59207 0
59333 0
59497 0
59532 0
59663 0
59781 0
59871 0
59922 0
60067 0
60233 0
60326 0
60334 0
60408 0
60439 0
60604 0
60714 0
60841 0
60871 0
60879 0
60886 0
60894 0
60922 0
60935 0
60975 0
61031 0
61037 0
61090 0
61170 0
61261 0
61293 0
61349 0
61351 0
61370 0
61400 0
61453 0
61556 0
61567 0
61570 0
61656 0
61671 0
61679 0
61811 0
61816 0
61965 0
61972 0
62176 0
62314 0
62336 0
62511 0
62604 0
62614 0
62692 0
62781 0
62787 0
62946 0
62961 0
63103 0
63175 0
63206 0
63221 0
63325 0
63396 0
63512 0
63525 0
63858 0
63871 0
64023 0
64065 0
64106 0
64238 0
64264 0
64294 0
64468 0
64567 0
64696 0
64879 0
64892 0
64919 0
64948 0
64977 0
65090 0
65276 0
65314 0
65347 0
65616 0
65732 0
65737 0
65770 0
65838 0
65935 0
66115 0
66224 0
66357 0
66539 0
66571 0
66783 0
66881 0
66933 0
66986 0
67018 0
67405 0
67478 0
67481 0
67638 0
67644 0
67869 0
68137 0
68401 0
68571 0
68655 0
68857 0
68898 0
68910 0
68916 0
68999 0
69076 0
69092 0
69146 0
69382 0
69498 0
69570 0
69578 0
69746 0
69782 0
69783 0
69830 0
70044 0
70101 0
70133 0
70536 0
70572 0
70581 0
70662 0
70668 0
70925 0
71235 0
71259 0
71339 0
71614 0
71709 0
71760 0
71896 0
71988 0
72003 0
72203 0
72301 0
72483 0
72505 0
72594 0
72608 0
72812 0
72890 0
72953 0
73054 0
73137 0
73167 0
73284 0
73324 0
73360 0
73495 0
73564 0
74350 0
74449 0
74473 0
74762 0
74815 0
74918 0
74929 0
75009 0
75061 0
75261 0
75581 0
75658 0
75681 0
75718 0
75741 0
75861 0
75968 0
76022 0
76726 0
76862 0
77022 0
77040 0
77077 0
77132 0
77181 0
77196 0
77260 0
77275 0
77397 0
77481 0
77604 0
78033 0
78035 0
78191 0
78222 0
78247 0
78358 0
78395 0
78502 0
78590 0
78631 0
78632 0
78650 0
79033 0
79295 0
79435 0
79525 0
79533 0
79635 0
79824 0
79874 0
79894 0
79933 0
80085 0
80107 0
80158 0
80238 0
80333 0
80428 0
80508 0
80567 0
80634 0
80640 0
80763 0
81049 0
81155 0
81350 0
81535 0
81577 0
81648 0
81650 0
81651 0
81663 0
81664 0
81674 0
81903 0
81928 0
81995 0
82291 0
82353 0
82392 0
82439 0
82637 0
82707 0
82940 0
83033 0
83300 0
83319 0
83493 0
83793 0
83847 0
83883 0
84057 0
84260 0
84521 0
84555 0
84610 0
84648 0
84701 0
84717 0
84723 0
85037 0
85044 0
85339 0
85347 0
85396 0
85557 0
85762 0
85835 0
85890 0
85972 0
86171 0
86446 0
86585 0
86764 0
86783 0
86848 0
86850 0
86949 0
86954 0
87027 0
87134 0
87218 0
87291 0
87488 0
87492 0
87561 0
87651 0
87963 0
87985 0
88448 0
88574 0
88756 0
88764 0
88770 0
88930 0
89017 0
89062 0
89207 0
89223 0
89265 0
89359 0
89409 0
89427 0
89431 0
89486 0
89545 0
89607 0
89716 0
89775 0
89944 0
90012 0
90045 0
90174 0
90218 0
90240 0
90342 0
90561 0
90649 0
90657 0
90664 0
90802 0
90868 0
90936 0
91050 0
91113 0
91240 0
91264 0
91354 0
91369 0
91372 0
91587 0
91604 0
91673 0
91738 0
91937 0
92002 0
92010 0
92050 0
92075 0
92103 0
92107 0
92129 0
92134 0
92250 0
92253 0
92323 0
92389 0
92469 0
92485 0
92648 0
92655 0
92977 0
92984 0
93014 0
93182 0
93525 0
93621 0
93765 0
93846 0
93881 0
93987 0
94157 0
94238 0
94315 0
94351 0
94356 0
94365 0
94455 0
94497 0
94556 0
94636 0
94842 0
94875 0
94913 0
95021 0
95090 0
95199 0
95323 0
95326 0
95434 0
95640 0
95664 0
95680 0
95753 0
95764 0
95786 0
95841 0
95883 0
95958 0
96044 0
96118 0
96358 0
96434 0
96531 0
96668 0
96856 0
97368 0
97391 0
97451 0
97470 0
97556 0
97900 0
97990 0
98121 0
98122 0
98143 0
98276 0
98287 0
98324 0
98495 0
98559 0
98572 0
98636 0
98788 0
98864 0
99106 0
99182 0
99185 0
99210 0
99274 0
99300 0
99387 0
99616 0
99666 0
