c This is a uniform distributed  1-D DIMACS file 
c width height point_number
p 100000 100000 1024
113 0
166 0
521 0
639 0
699 0
817 0
1090 0
1182 0
1192 0
1428 0
1505 0
1630 0
1667 0
1700 0
1718 0
1764 0
1789 0
1793 0
1984 0
2035 0
2083 0
2104 0
2422 0
2444 0
2539 0
2591 0
2624 0
2892 0
3043 0
3086 0
3251 0
3546 0
3550 0
3715 0
3759 0
3796 0
4051 0
4147 0
4228 0
4275 0
4324 0
4400 0
4480 0
4489 0
4671 0
4683 0
4745 0
4765 0
4878 0
4980 0
5208 0
5232 0
5252 0
5359 0
5394 0
5481 0
5849 0
5984 0
6074 0
6180 0
6203 0
6221 0
6265 0
6290 0
6358 0
6649 0
6690 0
6731 0
6811 0
6857 0
7033 0
7054 0
7093 0
7182 0
7241 0
7331 0
7345 0
7398 0
7464 0
7481 0
7508 0
7722 0
7838 0
7863 0
7991 0
8104 0
8147 0
8333 0
8516 0
8543 0
8605 0
8700 0
8817 0
9139 0
9250 0
9275 0
9291 0
9553 0
9679 0
9807 0
9996 0
9997 0
10097 0
10110 0
10138 0
10251 0
10288 0
10344 0
10349 0
10423 0
10445 0
10598 0
10599 0
10645 0
10706 0
10834 0
10860 0
10938 0
10946 0
10982 0
11052 0
11094 0
11109 0
11144 0
11175 0
11373 0
11451 0
11616 0
11649 0
11774 0
11969 0
11981 0
11994 0
12113 0
12138 0
12150 0
12173 0
12353 0
12656 0
12739 0
12772 0
13042 0
13168 0
13725 0
13737 0
13817 0
13936 0
13955 0
14189 0
14493 0
14627 0
14649 0
14658 0
14675 0
14753 0
14861 0
15141 0
15184 0
15282 0
15366 0
15385 0
15391 0
15464 0
15747 0
15777 0
15993 0
16028 0
16106 0
16163 0
16253 0
16287 0
16385 0
16389 0
16615 0
16623 0
16878 0
17071 0
17102 0
17172 0
17260 0
17480 0
17525 0
17577 0
17584 0
17647 0
17670 0
17692 0
17830 0
17901 0
17913 0
17953 0
18053 0
18070 0
18330 0
18351 0
18390 0
18443 0
18518 0
18580 0
18709 0
18774 0
18783 0
18822 0
19229 0
19299 0
19469 0
19473 0
19718 0
19823 0
19956 0
19964 0
20094 0
20123 0
20249 0
20273 0
20304 0
20540 0
20640 0
20641 0
20699 0
20762 0
21069 0
21111 0
21289 0
21294 0
21383 0
21397 0
21528 0
21539 0
21570 0
21585 0
21624 0
21750 0
21918 0
22252 0
22351 0
22607 0
22767 0
22777 0
22851 0
22867 0
22912 0
23118 0
23129 0
23367 0
23408 0
23483 0
23495 0
23543 0
23573 0
23665 0
23776 0
23941 0
23959 0
24039 0
24109 0
24241 0
24323 0
24326 0
24406 0
24487 0
24561 0
24804 0
24810 0
24841 0
24843 0
24876 0
24878 0
24880 0
24882 0
24992 0
25051 0
25175 0
25265 0
25280 0
25292 0
25382 0
25386 0
25416 0
25545 0
25614 0
25845 0
25884 0
26019 0
26029 0
26120 0
26174 0
26402 0
26552 0
26642 0
27129 0
27262 0
27441 0
27495 0
27519 0
27573 0
27679 0
27727 0
27977 0
28143 0
28182 0
28327 0
28348 0
28395 0
28638 0
28764 0
28877 0
28897 0
28907 0
29355 0
29394 0
29521 0
29560 0
29739 0
29810 0
29862 0
29887 0
29922 0
30045 0
30155 0
30198 0
30370 0
30411 0
30550 0
30789 0
30920 0
30929 0
31150 0
31249 0
31255 0
31288 0
31359 0
31374 0
31676 0
31703 0
31870 0
32138 0
32188 0
32210 0
32294 0
32324 0
32353 0
32427 0
32485 0
32503 0
32612 0
32820 0
33042 0
33107 0
33154 0
33412 0
33453 0
33704 0
33759 0
33773 0
33926 0
33993 0
34054 0
34363 0
34402 0
34610 0
34642 0
34644 0
34702 0
34732 0
34778 0
34796 0
34974 0
35068 0
35124 0
35160 0
35263 0
35711 0
35770 0
35809 0
36138 0
36163 0
36208 0
36263 0
36544 0
36560 0
36654 0
36687 0
36713 0
36868 0
37098 0
37175 0
37324 0
37522 0
37877 0
38018 0
38031 0
38057 0
38123 0
38268 0
38306 0
38349 0
38430 0
38453 0
38493 0
38502 0
38517 0
38542 0
38659 0
38682 0
38931 0
39027 0
39045 0
39384 0
39488 0
39536 0
39675 0
39759 0
39961 0
40039 0
40317 0
40566 0
40583 0
40702 0
40754 0
40841 0
40854 0
40925 0
41296 0
41397 0
41801 0
41810 0
41900 0
42076 0
42085 0
42319 0
42545 0
42574 0
42605 0
42664 0
42734 0
42785 0
42829 0
42839 0
42856 0
42869 0
43012 0
43119 0
43123 0
43146 0
43156 0
43202 0
43258 0
43400 0
43533 0
43564 0
43605 0
43628 0
43693 0
43806 0
43862 0
43867 0
43883 0
43899 0
44061 0
44233 0
44278 0
44281 0
44578 0
44676 0
44815 0
44913 0
45032 0
45156 0
45175 0
45195 0
45502 0
45519 0
45532 0
45738 0
45795 0
45804 0
46002 0
46144 0
46265 0
46329 0
46426 0
46546 0
46582 0
46652 0
46779 0
46787 0
46943 0
46988 0
47153 0
47271 0
47345 0
47418 0
47648 0
47699 0
47729 0
47772 0
47810 0
47883 0
47937 0
47953 0
48171 0
48375 0
48392 0
48441 0
48569 0
48600 0
48918 0
48990 0
48999 0
49267 0
49275 0
49333 0
49438 0
49500 0
49533 0
49596 0
49621 0
49663 0
49736 0
49990 0
50214 0
50275 0
50333 0
50511 0
50636 0
50954 0
50985 0
51163 0
51202 0
51246 0
51414 0
51453 0
51507 0
51524 0
51722 0
51746 0
51851 0
51881 0
51941 0
52043 0
52140 0
52182 0
52262 0
52314 0
52357 0
52538 0
52546 0
52732 0
52926 0
53004 0
53098 0
53107 0
53228 0
53246 0
53264 0
53296 0
54052 0
54240 0
54440 0
54449 0
54498 0
54586 0
54614 0
54716 0
54820 0
54903 0
55327 0
55696 0
55717 0
55725 0
55736 0
55762 0
55890 0
55919 0
55925 0
55996 0
56024 0
56341 0
56433 0
56445 0
56478 0
56533 0
56886 0
56996 0
57011 0
57039 0
57067 0
57179 0
57249 0
57677 0
57785 0
57841 0
57872 0
58106 0
58272 0
58276 0
58291 0
58364 0
58475 0
58554 0
58597 0
58605 0
58701 0
58850 0
59074 0
59094 0
59133 0
59199 0
59211 0
59263 0
59626 0
59783 0
59856 0
59934 0
60045 0
60127 0
60307 0
60379 0
60496 0
60641 0
60725 0
60736 0
60785 0
60877 0
60932 0
61061 0
61065 0
61162 0
61393 0
61416 0
61439 0
61500 0
61650 0
61672 0
61683 0
62026 0
62133 0
62186 0
62291 0
62341 0
62401 0
62428 0
62433 0
62478 0
62495 0
62540 0
62660 0
62709 0
62819 0
62959 0
63131 0
63158 0
63204 0
63244 0
63446 0
63503 0
63600 0
63630 0
63638 0
63647 0
63715 0
64413 0
64571 0
64684 0
64890 0
65012 0
65164 0
65172 0
65266 0
65410 0
65528 0
65544 0
65547 0
65556 0
65589 0
65746 0
65778 0
65794 0
65821 0
65954 0
66015 0
66464 0
66471 0
66599 0
66610 0
66632 0
66888 0
66961 0
66990 0
67092 0
67131 0
67260 0
67308 0
67309 0
67314 0
67326 0
67771 0
67848 0
67865 0
68230 0
68384 0
68444 0
68601 0
68770 0
69019 0
69055 0
69173 0
69206 0
69241 0
69251 0
69270 0
69315 0
69406 0
69440 0
69641 0
69650 0
69782 0
69856 0
70068 0
70150 0
70192 0
70220 0
70284 0
70402 0
70432 0
70486 0
70588 0
70700 0
70879 0
70943 0
70947 0
71065 0
71177 0
71257 0
71267 0
71448 0
71682 0
71842 0
72227 0
72556 0
72567 0
72693 0
72760 0
72763 0
72796 0
72806 0
73065 0
73080 0
73094 0
73173 0
73527 0
73681 0
73701 0
73791 0
73879 0
74088 0
74096 0
74121 0
74150 0
74167 0
74215 0
74249 0
74294 0
74422 0
74461 0
74618 0
74656 0
74707 0
74742 0
74749 0
75098 0
75174 0
75279 0
75300 0
75311 0
75488 0
75753 0
75756 0
75822 0
75886 0
75985 0
76060 0
76090 0
76098 0
76332 0
76545 0
76648 0
76660 0
76734 0
76836 0
77016 0
77167 0
77183 0
77303 0
77356 0
77361 0
77600 0
77940 0
78038 0
78168 0
78204 0
78206 0
78231 0
78334 0
78359 0
78453 0
78464 0
78493 0
78505 0
78670 0
78854 0
78907 0
79001 0
79011 0
79094 0
79521 0
79651 0
79879 0
79880 0
80088 0
80127 0
80265 0
80305 0
80321 0
80600 0
80800 0
80905 0
80934 0
80937 0
80942 0
81675 0
81736 0
81740 0
81774 0
81930 0
82117 0
82259 0
82288 0
82308 0
82335 0
82745 0
82850 0
82852 0
82872 0
82957 0
83045 0
83137 0
83176 0
83186 0
83214 0
83280 0
83662 0
83705 0
83802 0
83836 0
83966 0
84006 0
84044 0
84058 0
84063 0
84460 0
84675 0
84778 0
84828 0
84844 0
85074 0
85135 0
85152 0
85199 0
85209 0
85212 0
85222 0
85433 0
85539 0
85576 0
85588 0
85601 0
85633 0
85678 0
85704 0
85745 0
85792 0
85879 0
85916 0
85923 0
86024 0
86049 0
86065 0
86085 0
86118 0
86335 0
86354 0
86398 0
86453 0
86912 0
86973 0
87208 0
87507 0
87681 0
87715 0
87835 0
87943 0
87945 0
87989 0
88232 0
88280 0
88517 0
88714 0
88783 0
88798 0
88969 0
88982 0
89035 0
89179 0
89314 0
89581 0
89635 0
89669 0
89757 0
89880 0
90295 0
90318 0
90498 0
90512 0
90554 0
90557 0
90619 0
90658 0
90762 0
90981 0
91104 0
91127 0
91293 0
91400 0
91472 0
91812 0
91955 0
92412 0
92614 0
92647 0
92659 0
92795 0
92851 0
93016 0
93243 0
93269 0
93281 0
93323 0
93337 0
93467 0
93486 0
93653 0
93654 0
93727 0
93770 0
93844 0
93854 0
94059 0
94070 0
94077 0
94114 0
94273 0
94293 0
94453 0
94465 0
94647 0
94787 0
94853 0
94865 0
94892 0
95094 0
95113 0
95170 0
95260 0
95408 0
95436 0
95540 0
95692 0
95856 0
95980 0
96098 0
96208 0
96400 0
96465 0
96527 0
96565 0
96637 0
96980 0
97023 0
97146 0
97215 0
97248 0
97353 0
97403 0
97478 0
97532 0
97541 0
97572 0
97583 0
97593 0
97618 0
97673 0
97801 0
98118 0
98134 0
98424 0
98458 0
98516 0
98619 0
98667 0
98717 0
98723 0
98800 0
98886 0
98887 0
99123 0
99339 0
99341 0
99388 0
99491 0
99655 0
99737 0
99960 0
