c This is a uniform distributed  1-D DIMACS file 
c width height point_number
p 100000 100000 1024
11 0
60 0
162 0
282 0
416 0
639 0
774 0
803 0
831 0
882 0
908 0
977 0
1317 0
1460 0
1470 0
1520 0
1554 0
1566 0
1600 0
1628 0
1688 0
1910 0
2163 0
2253 0
2306 0
2521 0
2626 0
2628 0
2761 0
2865 0
2983 0
3020 0
3127 0
3263 0
3410 0
3893 0
4005 0
4006 0
4092 0
4093 0
4269 0
4273 0
4415 0
4448 0
4486 0
4580 0
4648 0
4810 0
4822 0
4970 0
5101 0
5255 0
5308 0
5326 0
5327 0
5423 0
5577 0
5771 0
5906 0
5924 0
5995 0
6163 0
6493 0
6541 0
6837 0
7017 0
7044 0
7088 0
7159 0
7231 0
7312 0
7422 0
7492 0
7643 0
7672 0
8085 0
8238 0
8339 0
8390 0
8494 0
8574 0
8618 0
8708 0
8717 0
8762 0
8802 0
8819 0
8962 0
9016 0
9048 0
9265 0
9365 0
9378 0
9396 0
9442 0
9470 0
9531 0
9579 0
9610 0
9619 0
9664 0
9715 0
9904 0
9950 0
9973 0
10009 0
10031 0
10321 0
10383 0
10395 0
10498 0
10608 0
10832 0
11236 0
11314 0
11582 0
11722 0
11795 0
11823 0
12211 0
12263 0
12373 0
12571 0
12594 0
12741 0
12862 0
12934 0
12977 0
12986 0
12987 0
13115 0
13188 0
13339 0
13505 0
13646 0
13760 0
13836 0
13838 0
13943 0
13973 0
14208 0
14337 0
14408 0
14492 0
14573 0
14604 0
14677 0
14706 0
14789 0
14812 0
14822 0
15021 0
15083 0
15092 0
15152 0
15324 0
15359 0
15361 0
15364 0
15393 0
15478 0
15595 0
15656 0
15681 0
15760 0
15953 0
15955 0
16094 0
16461 0
16481 0
16504 0
16648 0
16808 0
17016 0
17208 0
17215 0
17234 0
17252 0
17282 0
17285 0
17325 0
17404 0
17447 0
17470 0
17570 0
17744 0
18320 0
18412 0
18416 0
18537 0
18578 0
18582 0
18806 0
18834 0
19035 0
19279 0
19329 0
19397 0
19466 0
19724 0
19818 0
19950 0
19975 0
19987 0
20310 0
20330 0
20392 0
20409 0
20475 0
20629 0
20686 0
20710 0
20775 0
20784 0
20825 0
21300 0
21385 0
21425 0
21516 0
21692 0
21753 0
21803 0
21870 0
22067 0
22083 0
22207 0
22279 0
22281 0
22308 0
22309 0
22443 0
22474 0
22615 0
22629 0
23057 0
23119 0
23149 0
23311 0
23503 0
23547 0
23604 0
23848 0
23913 0
23965 0
23999 0
24055 0
24252 0
24296 0
24412 0
24505 0
24595 0
24626 0
24647 0
24658 0
24687 0
25050 0
25060 0
25243 0
25300 0
25567 0
25658 0
25674 0
25770 0
25837 0
25910 0
26375 0
26391 0
26424 0
26597 0
26809 0
26860 0
26994 0
27017 0
27021 0
27127 0
27182 0
27280 0
27313 0
27353 0
27397 0
27570 0
27627 0
27691 0
27718 0
28009 0
28018 0
28020 0
28028 0
28161 0
28240 0
28266 0
28287 0
28365 0
28408 0
28489 0
28503 0
28617 0
28656 0
28687 0
28712 0
28777 0
28785 0
28861 0
28904 0
29044 0
29069 0
29228 0
29232 0
29234 0
29413 0
29452 0
29471 0
29500 0
29536 0
29765 0
29845 0
29936 0
29953 0
30162 0
30336 0
30511 0
30545 0
30608 0
30689 0
30806 0
30988 0
31047 0
31064 0
31110 0
31135 0
31142 0
31265 0
31458 0
31463 0
31480 0
31556 0
31702 0
31715 0
31719 0
31739 0
31775 0
31803 0
31867 0
31906 0
31935 0
32204 0
33038 0
33164 0
33292 0
33305 0
33306 0
33421 0
33486 0
33509 0
33655 0
33747 0
33786 0
33792 0
33889 0
33905 0
33919 0
34055 0
34215 0
34232 0
34236 0
34329 0
34504 0
34616 0
34620 0
34635 0
34676 0
34736 0
34771 0
34831 0
35224 0
35248 0
35262 0
35278 0
35345 0
35522 0
35529 0
35531 0
35625 0
35659 0
35727 0
36017 0
36036 0
36307 0
36423 0
36479 0
36514 0
36855 0
36878 0
37272 0
37343 0
37443 0
37517 0
37550 0
37563 0
37586 0
37649 0
37669 0
37895 0
37964 0
38024 0
38147 0
38212 0
38424 0
38552 0
38872 0
38891 0
39106 0
39217 0
39349 0
39395 0
39440 0
39455 0
39489 0
39595 0
39749 0
40022 0
40087 0
40232 0
40498 0
40533 0
40633 0
40714 0
40899 0
40933 0
41010 0
41196 0
41228 0
41230 0
41234 0
41431 0
41567 0
41657 0
41736 0
41768 0
41801 0
41814 0
41839 0
41879 0
41960 0
42339 0
42343 0
42676 0
42739 0
42757 0
42795 0
42827 0
42896 0
43020 0
43246 0
43371 0
43453 0
43458 0
43475 0
43563 0
43578 0
43621 0
43682 0
43777 0
43913 0
43926 0
43940 0
44104 0
44299 0
44368 0
44421 0
44477 0
44539 0
44660 0
44859 0
45110 0
45223 0
45623 0
45660 0
45663 0
45966 0
46033 0
46468 0
46478 0
46505 0
46588 0
46669 0
46741 0
46754 0
46806 0
46822 0
47153 0
47469 0
47541 0
47606 0
47653 0
47847 0
47853 0
47913 0
48033 0
48082 0
48240 0
48355 0
49064 0
49090 0
49272 0
49294 0
49300 0
49348 0
49404 0
49449 0
49561 0
49579 0
49631 0
49864 0
49895 0
50060 0
50166 0
50337 0
50450 0
50471 0
50483 0
50539 0
50544 0
50683 0
50687 0
50758 0
50836 0
51013 0
51014 0
51053 0
51254 0
51362 0
51844 0
51905 0
51932 0
52025 0
52055 0
52113 0
52183 0
52233 0
52256 0
52374 0
52404 0
52630 0
52647 0
52711 0
52723 0
52759 0
52932 0
52978 0
53056 0
53122 0
53249 0
53404 0
53525 0
53571 0
53589 0
53734 0
53845 0
54063 0
54182 0
54185 0
54284 0
54292 0
54484 0
54516 0
54574 0
54794 0
54848 0
54857 0
54899 0
54911 0
54997 0
55004 0
55032 0
55152 0
55258 0
55277 0
55354 0
55575 0
55617 0
55642 0
55647 0
55732 0
55989 0
56173 0
56190 0
56207 0
56319 0
56364 0
56422 0
56504 0
56515 0
56543 0
56567 0
56599 0
56635 0
56690 0
56828 0
56945 0
57036 0
57080 0
57087 0
57258 0
57365 0
57406 0
57410 0
57569 0
57575 0
57656 0
57716 0
57913 0
57962 0
58146 0
58618 0
58626 0
58819 0
58874 0
59047 0
59139 0
59254 0
59258 0
59374 0
59384 0
59460 0
59557 0
59593 0
59814 0
59843 0
59849 0
60038 0
60175 0
60215 0
60387 0
60487 0
60666 0
60708 0
60879 0
61169 0
61218 0
61267 0
61317 0
61555 0
61635 0
61680 0
61967 0
61973 0
62128 0
62195 0
62230 0
62380 0
62401 0
62510 0
62850 0
63049 0
63331 0
63409 0
63485 0
63606 0
63812 0
64004 0
64014 0
64035 0
64067 0
64154 0
64272 0
64396 0
64398 0
64429 0
64500 0
64539 0
64630 0
64848 0
64879 0
64920 0
64979 0
65144 0
65370 0
65401 0
65716 0
65825 0
66070 0
66103 0
66193 0
66301 0
66531 0
66638 0
66799 0
67018 0
67031 0
67212 0
67289 0
67357 0
67393 0
67495 0
67572 0
67626 0
67664 0
67682 0
68391 0
68396 0
68429 0
68505 0
68624 0
68656 0
68662 0
68734 0
68741 0
68792 0
68848 0
68929 0
69166 0
69450 0
69474 0
69564 0
69706 0
69755 0
69775 0
70035 0
70189 0
70235 0
70300 0
70424 0
70429 0
70474 0
70506 0
70507 0
70613 0
70704 0
70721 0
70722 0
71211 0
71223 0
71376 0
71421 0
71546 0
71675 0
71705 0
71829 0
71849 0
72007 0
72022 0
72028 0
72179 0
72396 0
72463 0
72592 0
73038 0
73409 0
73474 0
73592 0
73766 0
73773 0
73778 0
73792 0
73871 0
74034 0
74107 0
74177 0
74183 0
74321 0
74421 0
74433 0
74532 0
74542 0
74560 0
74566 0
74691 0
74872 0
74960 0
75048 0
75126 0
75281 0
75477 0
75939 0
75953 0
75996 0
76171 0
76192 0
76465 0
76513 0
76515 0
76518 0
76552 0
76645 0
76691 0
76709 0
76720 0
76789 0
76971 0
77040 0
77046 0
77281 0
77360 0
77603 0
77726 0
77763 0
77973 0
78002 0
78555 0
78597 0
78736 0
78779 0
78825 0
78907 0
79408 0
79490 0
79663 0
79925 0
80131 0
80150 0
80260 0
80394 0
80497 0
80527 0
80759 0
80760 0
80789 0
80926 0
80972 0
81004 0
81012 0
81104 0
81133 0
81233 0
81409 0
81445 0
81538 0
81546 0
81648 0
81741 0
81807 0
82016 0
82039 0
82191 0
82205 0
82440 0
82540 0
82646 0
82730 0
82853 0
82918 0
82948 0
83054 0
83073 0
83236 0
83311 0
83322 0
83358 0
83398 0
83490 0
83514 0
83983 0
84089 0
84305 0
84320 0
84403 0
84559 0
84566 0
84638 0
84681 0
84740 0
84845 0
84915 0
84924 0
84925 0
85233 0
85264 0
85341 0
85441 0
85450 0
85475 0
85482 0
85690 0
85700 0
85784 0
85835 0
85930 0
86014 0
86077 0
86155 0
86231 0
86289 0
86290 0
86374 0
86618 0
86723 0
86750 0
86921 0
86929 0
87246 0
87343 0
87383 0
87421 0
87563 0
87719 0
87835 0
87897 0
87928 0
88153 0
88202 0
88247 0
88258 0
88321 0
88322 0
88340 0
88388 0
88636 0
88782 0
89082 0
89232 0
89355 0
89593 0
89607 0
89610 0
89629 0
89760 0
89780 0
90040 0
90228 0
90491 0
90555 0
90595 0
90658 0
91222 0
91280 0
91316 0
91366 0
91539 0
91552 0
91822 0
91980 0
92375 0
92618 0
92626 0
92716 0
92891 0
92926 0
93029 0
93151 0
93339 0
93355 0
93424 0
93499 0
93594 0
93631 0
93689 0
93754 0
93787 0
93831 0
93905 0
93954 0
94015 0
94125 0
94251 0
94648 0
94774 0
94840 0
94893 0
94909 0
95238 0
95408 0
95446 0
95481 0
95484 0
95487 0
95491 0
95606 0
95792 0
95804 0
95863 0
95924 0
96090 0
96131 0
96164 0
96385 0
96425 0
96596 0
96609 0
96632 0
96665 0
96678 0
96734 0
96778 0
96805 0
96876 0
96935 0
96997 0
97082 0
97122 0
97137 0
97182 0
97298 0
97348 0
97369 0
97535 0
97555 0
97575 0
97628 0
97669 0
98134 0
98233 0
98237 0
98365 0
98421 0
98437 0
98642 0
98737 0
98761 0
98786 0
98826 0
98830 0
98837 0
99327 0
99390 0
99396 0
99398 0
99600 0
99651 0
99700 0
99704 0
99758 0
99769 0
99891 0
