c This is a uniform distributed  1-D DIMACS file 
c width height point_number
p 100000 100000 1024
118 0
850 0
892 0
1115 0
1188 0
1558 0
1674 0
1679 0
1693 0
1782 0
1797 0
1961 0
1966 0
1977 0
2029 0
2048 0
2054 0
2083 0
2278 0
2331 0
2386 0
2445 0
2608 0
2646 0
2667 0
2860 0
3178 0
3194 0
3307 0
3421 0
3477 0
3566 0
3772 0
3796 0
3847 0
3860 0
4100 0
4483 0
4597 0
4910 0
4965 0
5138 0
5256 0
5289 0
5291 0
5308 0
5524 0
5619 0
5638 0
5654 0
5729 0
5887 0
5953 0
6042 0
6126 0
6135 0
6215 0
6217 0
6321 0
6377 0
6536 0
6552 0
6674 0
6953 0
6958 0
7041 0
7061 0
7085 0
7282 0
7284 0
7293 0
7436 0
7451 0
7513 0
7554 0
7914 0
7965 0
8013 0
8027 0
8059 0
8155 0
8194 0
8206 0
8296 0
8325 0
8341 0
8363 0
8375 0
8481 0
8508 0
8537 0
8616 0
8629 0
8913 0
8942 0
9067 0
9286 0
9385 0
9608 0
9658 0
9680 0
9762 0
9975 0
9977 0
9997 0
10162 0
10198 0
10416 0
10472 0
10575 0
10767 0
10776 0
10875 0
10931 0
10943 0
10984 0
10987 0
11009 0
11146 0
11217 0
11655 0
11690 0
11793 0
11883 0
11917 0
12055 0
12488 0
12542 0
12627 0
12641 0
12900 0
12910 0
12945 0
12976 0
12992 0
13085 0
13167 0
13185 0
13237 0
13318 0
13337 0
13398 0
13577 0
13808 0
13876 0
13961 0
14055 0
14169 0
14466 0
14629 0
14731 0
14859 0
14865 0
14874 0
14943 0
14949 0
14989 0
15023 0
15040 0
15235 0
15241 0
15298 0
15402 0
15536 0
15560 0
15562 0
15585 0
15770 0
15861 0
15881 0
15920 0
15939 0
15949 0
16004 0
16023 0
16111 0
16201 0
16382 0
16418 0
16451 0
16509 0
16537 0
16608 0
16710 0
16764 0
16855 0
16885 0
16896 0
17059 0
17198 0
17211 0
17280 0
17482 0
17490 0
17668 0
17672 0
17680 0
17741 0
17750 0
17924 0
18013 0
18015 0
18312 0
18398 0
18461 0
18759 0
18919 0
19029 0
19233 0
19248 0
19254 0
19300 0
19601 0
19603 0
19734 0
19746 0
19753 0
19971 0
19983 0
20138 0
20180 0
20213 0
20275 0
20590 0
20681 0
20814 0
20918 0
20945 0
20963 0
21050 0
21053 0
21112 0
21149 0
21183 0
21347 0
21412 0
21591 0
21615 0
21656 0
21663 0
21751 0
21787 0
21911 0
22048 0
22160 0
22207 0
22257 0
22435 0
22486 0
22516 0
22652 0
22680 0
22719 0
22778 0
22910 0
22918 0
23190 0
23247 0
23360 0
23872 0
23907 0
24020 0
24149 0
24423 0
24446 0
24498 0
24740 0
24756 0
24953 0
24955 0
24970 0
25012 0
25161 0
25223 0
25302 0
25356 0
25467 0
25485 0
25544 0
25557 0
25563 0
25734 0
26109 0
26639 0
26780 0
26804 0
26973 0
27015 0
27240 0
27362 0
27524 0
27540 0
27641 0
27673 0
27683 0
27685 0
27939 0
27967 0
28097 0
28101 0
28211 0
28213 0
28295 0
28335 0
28492 0
28665 0
28863 0
28886 0
28956 0
29319 0
29440 0
29706 0
29712 0
29858 0
30304 0
30358 0
30397 0
30489 0
30490 0
30627 0
30759 0
30848 0
30938 0
30965 0
31166 0
31193 0
31299 0
31338 0
31459 0
31463 0
31464 0
31502 0
31517 0
31575 0
31675 0
31691 0
31731 0
31742 0
31776 0
31833 0
31925 0
31973 0
32093 0
32121 0
32156 0
32219 0
32651 0
32654 0
32891 0
33045 0
33085 0
33091 0
33248 0
33356 0
33363 0
33553 0
33585 0
33667 0
33689 0
33727 0
34039 0
34072 0
34105 0
34127 0
34278 0
34284 0
34450 0
34632 0
34688 0
34808 0
35293 0
35438 0
35533 0
35744 0
35881 0
35930 0
36034 0
36094 0
36307 0
36400 0
36484 0
36800 0
36828 0
37115 0
37125 0
37220 0
37236 0
37269 0
37299 0
37371 0
37401 0
37406 0
37412 0
37464 0
37508 0
37542 0
37552 0
37691 0
37825 0
37843 0
37854 0
37886 0
37897 0
37918 0
38012 0
38031 0
38372 0
38395 0
38441 0
38525 0
38833 0
39026 0
39082 0
39224 0
39422 0
39471 0
39584 0
39612 0
39623 0
39825 0
39905 0
40006 0
40215 0
40474 0
40746 0
41026 0
41301 0
41360 0
41473 0
41536 0
41630 0
41729 0
41935 0
42066 0
42219 0
42370 0
42385 0
42388 0
42501 0
42507 0
42549 0
42629 0
42702 0
42782 0
42792 0
42812 0
42912 0
42950 0
43051 0
43082 0
43137 0
43158 0
43213 0
43244 0
43313 0
43462 0
43634 0
43666 0
43831 0
43929 0
44008 0
44045 0
44067 0
44085 0
44130 0
44188 0
44385 0
44431 0
44563 0
44567 0
44854 0
44894 0
44913 0
44969 0
45223 0
45237 0
45303 0
45379 0
45458 0
45580 0
45635 0
45819 0
45979 0
46079 0
46349 0
46389 0
46400 0
46487 0
46504 0
46557 0
46806 0
46917 0
46934 0
47150 0
47699 0
47854 0
47955 0
48002 0
48010 0
48201 0
48341 0
48487 0
48874 0
49004 0
49072 0
49085 0
49144 0
49161 0
49438 0
49607 0
49772 0
49845 0
49908 0
49930 0
50037 0
50156 0
50207 0
50312 0
50556 0
50580 0
50680 0
50750 0
50776 0
50843 0
50920 0
50959 0
51041 0
51051 0
51107 0
51158 0
51212 0
51471 0
51487 0
51523 0
51543 0
51678 0
52227 0
52350 0
52416 0
52509 0
52749 0
52927 0
52959 0
52987 0
53042 0
53071 0
53189 0
53249 0
53263 0
53633 0
53637 0
53764 0
53917 0
53961 0
53993 0
54259 0
54304 0
54309 0
54341 0
54353 0
54428 0
54431 0
54491 0
54514 0
54611 0
54893 0
55069 0
55102 0
55149 0
55374 0
55552 0
55579 0
55881 0
55972 0
56102 0
56112 0
56115 0
56365 0
56377 0
56462 0
56618 0
56808 0
57016 0
57026 0
57038 0
57176 0
57289 0
57361 0
57471 0
57524 0
57555 0
57590 0
57810 0
58005 0
58191 0
58361 0
58422 0
58442 0
58687 0
58829 0
58940 0
59133 0
59179 0
59250 0
59469 0
59609 0
59841 0
59875 0
59916 0
60135 0
60140 0
60234 0
60235 0
60295 0
60492 0
60533 0
60783 0
60913 0
61344 0
61368 0
61576 0
61629 0
61722 0
61729 0
61916 0
61991 0
62087 0
62207 0
62314 0
62423 0
62488 0
62654 0
62765 0
62827 0
62879 0
62900 0
62938 0
62940 0
63068 0
63136 0
63369 0
63405 0
63425 0
63426 0
63499 0
63671 0
63706 0
63752 0
63772 0
63803 0
63854 0
63874 0
63882 0
63891 0
63925 0
63967 0
64109 0
64335 0
64410 0
64449 0
64571 0
64772 0
65225 0
65323 0
65409 0
65500 0
65510 0
65702 0
65802 0
65827 0
65926 0
65996 0
66042 0
66071 0
66245 0
66284 0
66573 0
66727 0
66778 0
66921 0
66980 0
67034 0
67152 0
67180 0
67237 0
67256 0
67313 0
67326 0
67365 0
67465 0
67467 0
67492 0
67511 0
67675 0
67764 0
67807 0
68045 0
68054 0
68139 0
68146 0
68154 0
68158 0
68173 0
68218 0
68305 0
68316 0
68394 0
68410 0
68515 0
68653 0
68667 0
69016 0
69025 0
69241 0
69543 0
69778 0
69782 0
69943 0
70192 0
70287 0
70369 0
70425 0
70440 0
70516 0
70694 0
70830 0
70991 0
71167 0
71275 0
71318 0
71355 0
71356 0
71359 0
71401 0
71738 0
71799 0
72025 0
72157 0
72223 0
72550 0
72640 0
72681 0
72720 0
72783 0
72930 0
73054 0
73149 0
73235 0
73296 0
73377 0
73415 0
73468 0
73486 0
73493 0
73682 0
74031 0
74089 0
74269 0
74336 0
74381 0
74482 0
74601 0
74613 0
74696 0
74996 0
75073 0
75094 0
75106 0
75234 0
75250 0
75254 0
75362 0
75384 0
75403 0
75499 0
75554 0
75680 0
75710 0
75976 0
76031 0
76336 0
76342 0
76543 0
76599 0
76601 0
76673 0
76836 0
76923 0
77042 0
77115 0
77126 0
77213 0
77245 0
77314 0
77412 0
77620 0
77682 0
77686 0
77875 0
78106 0
78238 0
78417 0
78679 0
78800 0
79031 0
79061 0
79117 0
79305 0
79308 0
79369 0
79423 0
79426 0
79434 0
79456 0
79458 0
79636 0
79642 0
79750 0
79754 0
79777 0
80368 0
80378 0
80536 0
80799 0
80825 0
80885 0
81053 0
81332 0
81498 0
81506 0
81528 0
81607 0
81719 0
81726 0
81743 0
81747 0
81753 0
81810 0
81944 0
81952 0
82040 0
82132 0
82137 0
82298 0
82532 0
82547 0
82588 0
82597 0
82648 0
82651 0
82662 0
82811 0
82832 0
82842 0
82913 0
82936 0
82948 0
83202 0
83303 0
83438 0
83531 0
83705 0
83743 0
83906 0
83937 0
83943 0
83957 0
83972 0
83982 0
83986 0
83999 0
84084 0
84113 0
84123 0
84447 0
84608 0
84612 0
84692 0
84790 0
84836 0
84922 0
84939 0
85241 0
85430 0
85484 0
85506 0
85546 0
85677 0
85740 0
85881 0
86095 0
86116 0
86336 0
86367 0
86845 0
87062 0
87068 0
87207 0
87286 0
87985 0
88022 0
88032 0
88048 0
88131 0
88170 0
88258 0
88281 0
88370 0
88541 0
88556 0
88576 0
88678 0
88864 0
89021 0
89054 0
89060 0
89215 0
89309 0
89363 0
89382 0
89803 0
89972 0
90078 0
90144 0
90168 0
90231 0
90416 0
90564 0
90874 0
91094 0
91176 0
91222 0
91315 0
91433 0
91490 0
91510 0
91571 0
91725 0
91726 0
91767 0
91831 0
91919 0
91952 0
91955 0
92062 0
92064 0
92085 0
92122 0
92175 0
92494 0
92528 0
92623 0
92654 0
92863 0
93053 0
93131 0
93165 0
93219 0
93251 0
93263 0
93325 0
93351 0
93462 0
93491 0
93545 0
93554 0
93566 0
93619 0
93773 0
93835 0
94025 0
94124 0
94198 0
94252 0
94409 0
94457 0
94562 0
94676 0
94677 0
94716 0
94737 0
94741 0
94802 0
95176 0
95246 0
95359 0
95441 0
95600 0
95619 0
95655 0
95748 0
95786 0
95956 0
96065 0
96352 0
96428 0
96581 0
96661 0
96664 0
96890 0
96981 0
97075 0
97135 0
97349 0
97364 0
97399 0
97417 0
97788 0
97832 0
98024 0
98115 0
98212 0
98232 0
98261 0
98440 0
98551 0
98858 0
98914 0
99016 0
99068 0
99260 0
99420 0
99542 0
99849 0
