c This is a uniform distributed  1-D DIMACS file 
c width height point_number
p 100000 100000 1024
92 0
165 0
246 0
496 0
722 0
724 0
874 0
1058 0
1175 0
1328 0
1336 0
1518 0
2041 0
2065 0
2082 0
2180 0
2294 0
2314 0
2558 0
2727 0
2779 0
2847 0
2943 0
2967 0
2992 0
3032 0
3058 0
3132 0
3155 0
3216 0
3347 0
3372 0
3528 0
3781 0
3901 0
3927 0
4031 0
4243 0
4342 0
4530 0
4620 0
4645 0
4717 0
4832 0
5066 0
5137 0
5206 0
5226 0
5333 0
5492 0
5514 0
5579 0
5581 0
5685 0
5842 0
5844 0
5893 0
6000 0
6084 0
6102 0
6181 0
6305 0
6432 0
6439 0
6537 0
6614 0
6708 0
6711 0
6743 0
6757 0
6769 0
6778 0
6817 0
6931 0
6972 0
7016 0
7108 0
7157 0
7361 0
7646 0
7680 0
7689 0
8021 0
8027 0
8124 0
8268 0
8546 0
8590 0
8624 0
8627 0
8731 0
8896 0
8924 0
9008 0
9060 0
9166 0
9203 0
9337 0
9542 0
9669 0
9682 0
9743 0
10146 0
10179 0
10309 0
10671 0
10721 0
10819 0
10837 0
10896 0
11059 0
11248 0
11260 0
11320 0
11429 0
11594 0
11626 0
11710 0
11764 0
11828 0
12021 0
12129 0
12273 0
12430 0
12554 0
12651 0
12664 0
12743 0
12913 0
13002 0
13098 0
13348 0
13380 0
13397 0
13522 0
13670 0
13759 0
13841 0
13870 0
13925 0
13940 0
13977 0
14046 0
14072 0
14079 0
14147 0
14206 0
14207 0
14394 0
14415 0
14449 0
14496 0
14512 0
14549 0
14766 0
14771 0
14786 0
14810 0
14864 0
15042 0
15185 0
15354 0
15453 0
15523 0
15563 0
15600 0
15776 0
15804 0
15884 0
16038 0
16180 0
16206 0
16244 0
16257 0
16268 0
16617 0
17037 0
17041 0
17044 0
17048 0
17090 0
17335 0
17462 0
17522 0
17603 0
17649 0
17789 0
17913 0
17989 0
18049 0
18190 0
18256 0
18820 0
18843 0
18844 0
19211 0
19260 0
19486 0
19537 0
19725 0
19907 0
19964 0
19965 0
20128 0
20185 0
20233 0
20529 0
20649 0
20715 0
20719 0
20740 0
20897 0
20935 0
21019 0
21148 0
21295 0
21306 0
21394 0
21456 0
21560 0
21690 0
21771 0
21881 0
22021 0
22212 0
22357 0
22476 0
22483 0
22569 0
22596 0
22686 0
22696 0
22703 0
22740 0
22779 0
22784 0
22806 0
22847 0
22870 0
22948 0
22986 0
22997 0
23120 0
23298 0
23324 0
23376 0
23473 0
23484 0
23680 0
23715 0
23833 0
23910 0
23934 0
24093 0
24173 0
24353 0
24425 0
24661 0
24702 0
24727 0
24896 0
24901 0
25014 0
25048 0
25374 0
25384 0
25449 0
25535 0
25559 0
25627 0
25777 0
25787 0
25847 0
25849 0
25968 0
25990 0
26221 0
26361 0
26444 0
26566 0
26701 0
26791 0
26913 0
26968 0
27068 0
27090 0
27112 0
27148 0
27177 0
27217 0
27302 0
27311 0
27513 0
27686 0
27726 0
27876 0
28033 0
28101 0
28146 0
28234 0
28391 0
28428 0
28485 0
28554 0
28563 0
28573 0
28659 0
28727 0
28731 0
28754 0
28773 0
28776 0
28926 0
29090 0
29114 0
29142 0
29299 0
29302 0
29331 0
29497 0
29501 0
29635 0
29681 0
29738 0
29839 0
29950 0
29977 0
30040 0
30190 0
30207 0
30283 0
30421 0
30457 0
30736 0
30973 0
30978 0
31009 0
31105 0
31150 0
31205 0
31303 0
31451 0
31472 0
31510 0
31627 0
31645 0
31663 0
31667 0
31937 0
31953 0
31961 0
32131 0
32220 0
32246 0
32279 0
32415 0
32484 0
33018 0
33317 0
33410 0
33605 0
33620 0
33857 0
33900 0
34001 0
34014 0
34279 0
34280 0
34387 0
34833 0
34879 0
34881 0
34991 0
35091 0
35103 0
35364 0
35519 0
35569 0
35630 0
35784 0
35796 0
35874 0
35946 0
35964 0
36121 0
36294 0
36335 0
36378 0
36409 0
36592 0
36655 0
36662 0
36771 0
36772 0
36812 0
37057 0
37226 0
37330 0
37453 0
37479 0
37544 0
37688 0
37736 0
37816 0
37962 0
37970 0
37991 0
38014 0
38155 0
38282 0
38339 0
38376 0
38499 0
39139 0
39218 0
39225 0
39332 0
39673 0
39740 0
39923 0
40136 0
40201 0
40233 0
40270 0
40281 0
40302 0
40594 0
40618 0
40700 0
40723 0
40880 0
41040 0
41052 0
41072 0
41160 0
41315 0
41404 0
41427 0
41443 0
41560 0
41619 0
41732 0
41742 0
42001 0
42019 0
42104 0
42105 0
42280 0
42386 0
42422 0
42464 0
42478 0
42574 0
42654 0
42990 0
43054 0
43075 0
43236 0
43246 0
43309 0
43337 0
43340 0
43588 0
43776 0
43807 0
43903 0
44019 0
44040 0
44217 0
44220 0
44321 0
44326 0
44327 0
44347 0
44349 0
44546 0
44717 0
44718 0
44744 0
44878 0
44961 0
45131 0
45218 0
45245 0
45247 0
45377 0
45448 0
45599 0
45689 0
45732 0
45745 0
45826 0
45834 0
45971 0
45984 0
45989 0
46034 0
46044 0
46064 0
46129 0
46151 0
46252 0
46407 0
46573 0
46614 0
46671 0
46850 0
47028 0
47135 0
47197 0
47252 0
47311 0
47443 0
47650 0
47680 0
47770 0
47832 0
48078 0
48114 0
48200 0
48275 0
48384 0
48533 0
48678 0
48746 0
48791 0
48793 0
49128 0
49150 0
49153 0
49249 0
49368 0
49425 0
49533 0
49790 0
49888 0
50019 0
50032 0
50064 0
50076 0
50122 0
50132 0
50267 0
50311 0
50346 0
50478 0
50525 0
50532 0
50704 0
50811 0
50938 0
50955 0
51157 0
51184 0
51205 0
51275 0
51340 0
51437 0
51626 0
51666 0
51880 0
51886 0
51929 0
52132 0
52182 0
52198 0
52365 0
52370 0
52565 0
52595 0
52657 0
52712 0
52781 0
52891 0
53006 0
53036 0
53089 0
53192 0
53232 0
53448 0
53504 0
53516 0
53542 0
53552 0
53730 0
53804 0
53902 0
54137 0
54374 0
54495 0
54532 0
54592 0
54599 0
54616 0
54735 0
54846 0
54936 0
55051 0
55170 0
55388 0
55429 0
55550 0
55608 0
55613 0
55707 0
55921 0
56027 0
56122 0
56146 0
56224 0
56346 0
56352 0
56385 0
56419 0
56917 0
57058 0
57097 0
57203 0
57249 0
57250 0
57317 0
57368 0
57447 0
57522 0
57539 0
57545 0
57579 0
57701 0
58003 0
58038 0
58043 0
58089 0
58197 0
58505 0
58512 0
58578 0
58686 0
58741 0
58757 0
58994 0
59005 0
59070 0
59236 0
59260 0
59615 0
59715 0
59726 0
59929 0
59999 0
60051 0
60338 0
60382 0
60405 0
60470 0
60518 0
60599 0
60655 0
60658 0
60789 0
60810 0
60859 0
60977 0
61045 0
61254 0
61274 0
61375 0
61490 0
61576 0
61610 0
61960 0
62116 0
62533 0
62553 0
62705 0
62714 0
62889 0
62923 0
63027 0
63311 0
63390 0
63566 0
63611 0
63654 0
63713 0
63777 0
63937 0
64047 0
64221 0
64228 0
64255 0
64465 0
64538 0
64690 0
64785 0
64854 0
65035 0
65359 0
65630 0
65638 0
65757 0
66001 0
66115 0
66155 0
66169 0
66425 0
66523 0
66790 0
66901 0
67068 0
67090 0
67101 0
67154 0
67163 0
67243 0
67357 0
67479 0
67480 0
67494 0
67500 0
67531 0
67547 0
67558 0
67832 0
67840 0
68419 0
68502 0
68848 0
69056 0
69101 0
69116 0
69291 0
69320 0
69326 0
69770 0
69920 0
70031 0
70210 0
70229 0
70472 0
70648 0
70656 0
70824 0
70849 0
71076 0
71125 0
71182 0
71276 0
71303 0
71548 0
72307 0
72527 0
72637 0
72647 0
72746 0
72791 0
72821 0
72846 0
72903 0
72921 0
72952 0
72979 0
73138 0
73181 0
73184 0
73318 0
73527 0
73776 0
73834 0
74024 0
74070 0
74071 0
74096 0
74270 0
74367 0
74504 0
74553 0
74635 0
74651 0
74676 0
74749 0
74791 0
74808 0
74906 0
75050 0
75242 0
75263 0
75284 0
75302 0
75310 0
75390 0
75636 0
75697 0
75892 0
75936 0
76063 0
76341 0
76474 0
76485 0
76495 0
76806 0
77395 0
77423 0
77680 0
77758 0
77852 0
77897 0
78007 0
78187 0
78404 0
78640 0
78765 0
78825 0
78841 0
79085 0
79216 0
79343 0
79407 0
79451 0
79454 0
79552 0
79643 0
79824 0
79873 0
79900 0
80240 0
80329 0
80354 0
80419 0
80473 0
80561 0
80572 0
80679 0
80693 0
80995 0
81224 0
81243 0
81451 0
81697 0
81785 0
81824 0
81839 0
82028 0
82086 0
82108 0
82124 0
82192 0
82389 0
82401 0
82514 0
82763 0
82778 0
82799 0
82814 0
82828 0
82882 0
82992 0
82998 0
83167 0
83288 0
83410 0
83645 0
83707 0
83866 0
83891 0
83907 0
84220 0
84248 0
84278 0
84300 0
84307 0
84381 0
84783 0
84835 0
85087 0
85107 0
85306 0
85349 0
85841 0
86053 0
86081 0
86318 0
86474 0
86486 0
86599 0
86713 0
86789 0
87003 0
87121 0
87267 0
87356 0
87399 0
87458 0
87519 0
87597 0
87683 0
87767 0
87774 0
87857 0
87876 0
88044 0
88075 0
88144 0
88173 0
88404 0
88429 0
88482 0
88538 0
88729 0
88803 0
88831 0
88961 0
88986 0
89051 0
89098 0
89117 0
89224 0
89297 0
89316 0
89576 0
89782 0
90218 0
90235 0
90354 0
90501 0
90615 0
90701 0
90813 0
90961 0
91035 0
91057 0
91199 0
91278 0
91332 0
91539 0
91754 0
91858 0
92040 0
92101 0
92427 0
92579 0
92596 0
92633 0
92692 0
93185 0
93241 0
93269 0
93280 0
93305 0
93326 0
93415 0
93419 0
93430 0
93505 0
93771 0
93812 0
93894 0
93925 0
94008 0
94066 0
94134 0
94243 0
94348 0
94389 0
94542 0
94649 0
94693 0
94731 0
94751 0
94781 0
94874 0
94924 0
94948 0
95069 0
95206 0
95254 0
95390 0
95421 0
95614 0
95705 0
96016 0
96075 0
96081 0
96247 0
96269 0
96452 0
96549 0
96575 0
96640 0
96668 0
96675 0
96718 0
96729 0
96732 0
96791 0
96975 0
96995 0
97001 0
97136 0
97309 0
97395 0
97431 0
97612 0
97891 0
97948 0
97973 0
98073 0
98180 0
98243 0
98258 0
98382 0
98509 0
98529 0
98611 0
98781 0
99003 0
99106 0
99427 0
99571 0
99628 0
99715 0
99762 0
99828 0
99842 0
99960 0
