c This is a uniform distributed  1-D DIMACS file 
c width height point_number
p 100000 100000 1024
148 0
186 0
245 0
555 0
574 0
735 0
747 0
760 0
832 0
931 0
1025 0
1130 0
1157 0
1221 0
1234 0
1301 0
1465 0
1525 0
1666 0
1822 0
1845 0
1956 0
2499 0
2546 0
2562 0
2604 0
2696 0
2700 0
2778 0
2851 0
2866 0
2932 0
3036 0
3265 0
3321 0
3351 0
3472 0
3542 0
3643 0
3720 0
3795 0
3910 0
3912 0
3918 0
3940 0
4002 0
4276 0
4383 0
4476 0
4510 0
4516 0
4576 0
4690 0
4803 0
4813 0
4915 0
5125 0
5177 0
5200 0
5386 0
5403 0
5508 0
5544 0
5618 0
5659 0
5772 0
5925 0
6030 0
6087 0
6118 0
6149 0
6179 0
6218 0
6257 0
6276 0
6278 0
6306 0
6521 0
6759 0
6841 0
6915 0
7016 0
7066 0
7234 0
7343 0
7427 0
7446 0
7451 0
7516 0
7535 0
7806 0
7927 0
8013 0
8058 0
8158 0
8244 0
8288 0
8312 0
8401 0
8413 0
8644 0
8763 0
8824 0
8880 0
9023 0
9066 0
9103 0
9166 0
9275 0
9339 0
9466 0
9634 0
9873 0
9945 0
10167 0
10176 0
10223 0
10329 0
10662 0
10667 0
10748 0
10762 0
10832 0
10840 0
10858 0
10917 0
10924 0
11092 0
11343 0
11418 0
11481 0
11530 0
11609 0
11632 0
11633 0
11704 0
11735 0
11829 0
11878 0
11946 0
11963 0
11990 0
12067 0
12145 0
12265 0
12375 0
12729 0
12836 0
12928 0
12965 0
13334 0
13352 0
14143 0
14307 0
14527 0
14577 0
14901 0
14915 0
15028 0
15044 0
15269 0
15342 0
15445 0
15611 0
15614 0
15618 0
15842 0
15952 0
16021 0
16034 0
16116 0
16190 0
16351 0
16380 0
16397 0
16467 0
16493 0
16645 0
16686 0
16787 0
16813 0
16836 0
16982 0
17031 0
17110 0
17151 0
17207 0
17513 0
17619 0
17626 0
17636 0
17640 0
17898 0
17970 0
18002 0
18247 0
18288 0
18322 0
18379 0
18427 0
18581 0
18602 0
18643 0
18647 0
18914 0
18950 0
19057 0
19063 0
19110 0
19111 0
19295 0
19314 0
19383 0
19462 0
19550 0
19737 0
19825 0
19930 0
20024 0
20089 0
20344 0
20363 0
20378 0
20943 0
21038 0
21058 0
21083 0
21129 0
21517 0
21771 0
21900 0
22044 0
22090 0
22177 0
22188 0
22428 0
22433 0
22459 0
22692 0
22734 0
22863 0
22918 0
22979 0
22989 0
23155 0
23669 0
23762 0
23777 0
23782 0
23797 0
23806 0
23845 0
23910 0
23985 0
24119 0
24356 0
24499 0
24597 0
24671 0
24676 0
24725 0
24728 0
24884 0
25009 0
25103 0
25105 0
25487 0
25537 0
25561 0
25657 0
25754 0
25810 0
25946 0
26207 0
26271 0
26331 0
26494 0
26532 0
26574 0
26667 0
26726 0
26760 0
26919 0
26940 0
26995 0
27084 0
27115 0
27169 0
27198 0
27244 0
27296 0
27352 0
27434 0
27464 0
27483 0
27603 0
27736 0
27793 0
27899 0
28063 0
28184 0
28270 0
28286 0
28366 0
28488 0
28613 0
28663 0
28665 0
28713 0
28719 0
28900 0
29016 0
29231 0
29242 0
29315 0
29335 0
29624 0
29712 0
29878 0
29998 0
30188 0
30217 0
30307 0
30593 0
30845 0
30952 0
30980 0
31173 0
31416 0
31612 0
31952 0
32069 0
32231 0
32288 0
32289 0
32485 0
32637 0
32679 0
32811 0
32832 0
32923 0
33125 0
33134 0
33138 0
33308 0
33336 0
33440 0
33453 0
33463 0
33590 0
33615 0
33623 0
33706 0
33827 0
33860 0
33874 0
33916 0
34000 0
34073 0
34088 0
34215 0
34278 0
34305 0
34348 0
34553 0
34624 0
34668 0
34770 0
34902 0
34945 0
35116 0
35240 0
35258 0
35298 0
35326 0
35392 0
35538 0
35618 0
35622 0
35687 0
35882 0
35971 0
36318 0
36445 0
36527 0
36635 0
36651 0
36701 0
36761 0
37016 0
37081 0
37146 0
37334 0
37448 0
37593 0
37663 0
37690 0
37724 0
37785 0
37808 0
37983 0
38102 0
38257 0
38313 0
38604 0
38627 0
38707 0
38761 0
39071 0
39337 0
39384 0
39406 0
39499 0
39823 0
39826 0
39988 0
40099 0
40285 0
40364 0
40436 0
40470 0
40604 0
40648 0
40937 0
41067 0
41334 0
41388 0
41401 0
41545 0
41558 0
41619 0
41675 0
41706 0
41835 0
41881 0
41976 0
42075 0
42122 0
42138 0
42228 0
42568 0
42607 0
42668 0
42737 0
42783 0
42855 0
43092 0
43120 0
43272 0
43306 0
43318 0
43364 0
43437 0
43552 0
43591 0
43794 0
43809 0
43832 0
43958 0
44145 0
44170 0
44278 0
44404 0
44423 0
44631 0
44666 0
44870 0
44937 0
45040 0
45084 0
45170 0
45488 0
45495 0
45532 0
45608 0
45741 0
45748 0
45800 0
45905 0
45937 0
46115 0
46128 0
46235 0
46258 0
46373 0
46497 0
46527 0
46543 0
46624 0
46770 0
46831 0
46970 0
47028 0
47118 0
47156 0
47325 0
47395 0
47477 0
47543 0
47548 0
47759 0
48033 0
48274 0
48288 0
48351 0
48363 0
48377 0
48457 0
48483 0
48489 0
48601 0
48677 0
48721 0
48730 0
48745 0
49064 0
49147 0
49237 0
49285 0
49290 0
49390 0
49436 0
49443 0
49488 0
49528 0
49856 0
49952 0
49982 0
49990 0
50006 0
50146 0
50306 0
50338 0
50463 0
50759 0
50764 0
50799 0
50842 0
50862 0
50894 0
51018 0
51079 0
51185 0
51191 0
51360 0
51396 0
51425 0
51671 0
51900 0
52080 0
52245 0
52539 0
52696 0
52934 0
53001 0
53052 0
53101 0
53137 0
53215 0
53503 0
53537 0
53676 0
53692 0
53867 0
54012 0
54019 0
54284 0
54291 0
54668 0
54760 0
54854 0
55131 0
55176 0
55275 0
55356 0
55439 0
55531 0
55697 0
55807 0
55897 0
56007 0
56018 0
56102 0
56225 0
56236 0
56262 0
56305 0
56311 0
56677 0
56728 0
56757 0
56772 0
56811 0
57047 0
57138 0
57222 0
57291 0
57499 0
57598 0
57727 0
57757 0
57776 0
57813 0
57902 0
57993 0
58175 0
58253 0
58297 0
58402 0
58412 0
58427 0
58462 0
58472 0
58488 0
58618 0
58636 0
58771 0
58793 0
58854 0
58978 0
59040 0
59083 0
59247 0
59253 0
59274 0
59382 0
59519 0
59574 0
59689 0
59787 0
60224 0
60392 0
60428 0
60529 0
60716 0
60732 0
60761 0
60798 0
60872 0
60902 0
61108 0
61411 0
61464 0
61673 0
61694 0
61888 0
61912 0
61960 0
62041 0
62220 0
62485 0
62584 0
62587 0
62616 0
62627 0
62839 0
62947 0
63121 0
63289 0
63321 0
63463 0
63596 0
63600 0
63617 0
63719 0
63809 0
63932 0
64009 0
64187 0
64189 0
64264 0
64273 0
64332 0
64371 0
64620 0
64904 0
65019 0
65061 0
65149 0
65209 0
65261 0
65757 0
66006 0
66121 0
66223 0
66268 0
66497 0
66557 0
66586 0
66612 0
66729 0
66747 0
66772 0
66939 0
66978 0
67044 0
67090 0
67206 0
67221 0
67292 0
67370 0
67481 0
67606 0
67673 0
67752 0
67853 0
68016 0
68143 0
68166 0
68413 0
68630 0
68772 0
68877 0
69215 0
69266 0
69300 0
69308 0
69324 0
69377 0
69421 0
69437 0
69554 0
69585 0
69649 0
69703 0
69799 0
69890 0
69951 0
70329 0
70510 0
70519 0
70767 0
70925 0
70964 0
71083 0
71234 0
71261 0
71609 0
71623 0
71687 0
71872 0
72266 0
72304 0
72307 0
72486 0
72517 0
72670 0
72915 0
73122 0
73184 0
73221 0
73296 0
73313 0
73323 0
73416 0
73430 0
73452 0
73492 0
73523 0
73544 0
73657 0
73710 0
73855 0
73943 0
74025 0
74077 0
74105 0
74177 0
74561 0
74726 0
74735 0
74889 0
74965 0
75032 0
75087 0
75682 0
75688 0
75718 0
75902 0
76041 0
76083 0
76261 0
76291 0
76464 0
76639 0
76673 0
76717 0
76722 0
76947 0
76949 0
76983 0
77003 0
77014 0
77133 0
77141 0
77142 0
77351 0
77681 0
77692 0
77874 0
78023 0
78068 0
78069 0
78173 0
78289 0
78348 0
78357 0
78391 0
78432 0
78521 0
78559 0
78669 0
78696 0
78780 0
78938 0
78999 0
79077 0
79361 0
79379 0
79412 0
79418 0
79581 0
79584 0
79765 0
79794 0
79921 0
80071 0
80075 0
80167 0
80266 0
80450 0
80466 0
80488 0
80490 0
80524 0
80557 0
80615 0
80645 0
80817 0
80966 0
81026 0
81102 0
81255 0
81298 0
81403 0
81686 0
81798 0
81817 0
81854 0
82106 0
82201 0
82356 0
82488 0
82586 0
82701 0
82809 0
82818 0
82897 0
83042 0
83045 0
83049 0
83117 0
83134 0
83262 0
83271 0
83305 0
83419 0
83508 0
83569 0
83693 0
83804 0
84113 0
84305 0
84450 0
84558 0
84677 0
84877 0
85022 0
85252 0
85266 0
85555 0
85608 0
85628 0
86070 0
86291 0
86350 0
86359 0
86404 0
86604 0
86711 0
86731 0
86907 0
86991 0
86992 0
87138 0
87301 0
87305 0
87323 0
87465 0
87522 0
87531 0
87535 0
87607 0
87657 0
87717 0
87750 0
87882 0
88021 0
88143 0
88284 0
88491 0
88536 0
88609 0
88662 0
88835 0
89014 0
89128 0
89173 0
89573 0
89645 0
89652 0
89664 0
89759 0
89909 0
89924 0
89937 0
89986 0
90120 0
90186 0
90205 0
90551 0
90604 0
90614 0
90786 0
90863 0
90941 0
91032 0
91129 0
91138 0
91157 0
91176 0
91233 0
91320 0
91367 0
91373 0
91407 0
91749 0
91884 0
91901 0
91920 0
91924 0
91936 0
92049 0
92222 0
92377 0
92427 0
92637 0
92650 0
92814 0
92900 0
93022 0
93174 0
93189 0
93250 0
93347 0
93504 0
93631 0
93699 0
93737 0
93796 0
94012 0
94051 0
94198 0
94313 0
94619 0
94801 0
94808 0
94888 0
94940 0
95075 0
95185 0
95237 0
95343 0
95436 0
95461 0
95667 0
95689 0
95818 0
95823 0
95838 0
96031 0
96239 0
96420 0
96479 0
96510 0
96512 0
96642 0
96918 0
96951 0
96985 0
97013 0
97283 0
97289 0
97295 0
97351 0
97391 0
97429 0
97538 0
97618 0
97737 0
97770 0
97940 0
98024 0
98356 0
98402 0
98547 0
98645 0
98698 0
99127 0
99213 0
99370 0
99373 0
99912 0
99926 0
