c This is a uniform distributed  1-D DIMACS file 
c width height point_number
p 100000 100000 1024
75 0
181 0
423 0
475 0
536 0
579 0
702 0
711 0
715 0
847 0
985 0
986 0
1224 0
1292 0
1450 0
1493 0
1570 0
1664 0
1906 0
1964 0
2106 0
2585 0
2614 0
2661 0
2861 0
3133 0
3219 0
3237 0
3312 0
3396 0
3592 0
3792 0
3921 0
3933 0
3967 0
4021 0
4048 0
4196 0
4227 0
4315 0
4375 0
4423 0
4501 0
4552 0
4561 0
4565 0
4583 0
4695 0
4827 0
4830 0
4921 0
5181 0
5273 0
5294 0
5422 0
5437 0
5510 0
5568 0
5792 0
5826 0
5914 0
6170 0
6181 0
6233 0
6436 0
6481 0
6534 0
6600 0
6656 0
6719 0
6988 0
7038 0
7175 0
7271 0
7360 0
7420 0
7542 0
7629 0
7699 0
7721 0
7752 0
7784 0
7815 0
8002 0
8372 0
8405 0
8471 0
8727 0
8745 0
8771 0
8844 0
8873 0
8896 0
8906 0
8943 0
9016 0
9030 0
9078 0
9164 0
9169 0
9234 0
9471 0
9546 0
9569 0
9651 0
9755 0
9890 0
9949 0
10274 0
10427 0
10429 0
10451 0
10463 0
10505 0
11059 0
11205 0
11262 0
11346 0
11478 0
11788 0
12033 0
12049 0
12051 0
12070 0
12106 0
12194 0
12278 0
12304 0
12357 0
12482 0
12555 0
12687 0
12693 0
12783 0
12967 0
12974 0
13025 0
13151 0
13155 0
13192 0
13215 0
13425 0
13948 0
14107 0
14239 0
14320 0
14374 0
14511 0
15006 0
15027 0
15061 0
15175 0
15570 0
15606 0
15620 0
15645 0
15667 0
15717 0
15722 0
15828 0
16298 0
16385 0
16388 0
16391 0
16485 0
16487 0
16522 0
16790 0
16902 0
16910 0
17005 0
17055 0
17233 0
17246 0
17351 0
17392 0
17419 0
17486 0
17508 0
17535 0
17619 0
17637 0
17801 0
17807 0
17874 0
17912 0
17957 0
17990 0
18122 0
18198 0
18247 0
18283 0
18316 0
18331 0
18397 0
18399 0
18486 0
18621 0
18694 0
18924 0
18927 0
19060 0
19187 0
19206 0
19274 0
19654 0
19719 0
19867 0
19926 0
19943 0
20081 0
20205 0
20219 0
20447 0
20824 0
20935 0
21058 0
21294 0
21300 0
21392 0
21422 0
21440 0
21868 0
21950 0
21997 0
22125 0
22147 0
22167 0
22410 0
22568 0
22740 0
22756 0
22787 0
22904 0
23167 0
23170 0
23183 0
23262 0
23497 0
23536 0
23573 0
23651 0
23725 0
23759 0
23787 0
23867 0
23886 0
24067 0
24137 0
24142 0
24170 0
24227 0
24232 0
24234 0
24435 0
24584 0
24590 0
24632 0
24705 0
24890 0
25049 0
25086 0
25165 0
25266 0
25358 0
25444 0
25620 0
25804 0
25814 0
25818 0
25825 0
25856 0
25977 0
26103 0
26135 0
26137 0
26158 0
26401 0
26410 0
26446 0
26530 0
26705 0
26843 0
26851 0
26953 0
26987 0
27031 0
27109 0
27204 0
27206 0
27260 0
27501 0
27529 0
27546 0
27850 0
28024 0
28230 0
28270 0
28391 0
28625 0
28640 0
28642 0
28655 0
28746 0
28827 0
28834 0
28854 0
29007 0
29144 0
29234 0
29373 0
29377 0
29416 0
29646 0
29702 0
29725 0
29729 0
29790 0
30098 0
30099 0
30191 0
30287 0
30499 0
30545 0
30764 0
30773 0
30796 0
30936 0
31053 0
31156 0
31184 0
31396 0
31417 0
31753 0
31837 0
31862 0
32043 0
32060 0
32068 0
32140 0
32294 0
32361 0
32427 0
32479 0
32488 0
32695 0
32699 0
32824 0
32896 0
32927 0
32994 0
33078 0
33234 0
33376 0
33572 0
33614 0
33622 0
33752 0
33843 0
33886 0
33901 0
33966 0
34216 0
34453 0
34706 0
34813 0
34862 0
34865 0
34878 0
35116 0
35146 0
35359 0
35433 0
35718 0
36087 0
36327 0
36406 0
36410 0
36413 0
36563 0
36567 0
36645 0
36646 0
36775 0
36889 0
37050 0
37335 0
37423 0
37434 0
37528 0
37715 0
37840 0
38026 0
38083 0
38298 0
38368 0
38414 0
38519 0
38615 0
38740 0
38813 0
38824 0
38869 0
39216 0
39361 0
39604 0
39641 0
39677 0
39706 0
39837 0
39995 0
40050 0
40117 0
40209 0
40241 0
40252 0
40305 0
40355 0
40397 0
40694 0
40717 0
40739 0
40791 0
40807 0
40817 0
40861 0
40877 0
40910 0
40930 0
40956 0
40971 0
40989 0
41770 0
41863 0
41877 0
41887 0
41957 0
41976 0
42003 0
42111 0
42118 0
42440 0
42500 0
42595 0
42617 0
42740 0
42970 0
42976 0
42991 0
43129 0
43169 0
43256 0
43469 0
43920 0
44076 0
44578 0
44693 0
44751 0
44922 0
44946 0
45005 0
45016 0
45052 0
45141 0
45174 0
45181 0
45245 0
45349 0
45470 0
45473 0
45571 0
45587 0
45623 0
45724 0
45803 0
45927 0
46055 0
46100 0
46119 0
46208 0
46287 0
46479 0
46500 0
46563 0
46569 0
46578 0
46706 0
46743 0
46869 0
46891 0
46945 0
46968 0
47003 0
47045 0
47058 0
47074 0
47101 0
47163 0
47244 0
47291 0
47295 0
47382 0
47686 0
47724 0
47736 0
48090 0
48118 0
48127 0
48177 0
48216 0
48244 0
48249 0
48450 0
48651 0
48666 0
48735 0
48793 0
48827 0
49053 0
49097 0
49140 0
49154 0
49250 0
49275 0
49321 0
49388 0
49403 0
49416 0
49646 0
49670 0
49778 0
49825 0
49988 0
50223 0
50282 0
50345 0
50440 0
50511 0
50512 0
50623 0
50712 0
50900 0
51006 0
51020 0
51539 0
51805 0
51849 0
51921 0
52041 0
52071 0
52294 0
52338 0
52553 0
52725 0
52910 0
52999 0
53001 0
53095 0
53207 0
53556 0
53618 0
53777 0
53874 0
53936 0
54025 0
54188 0
54201 0
54356 0
54389 0
54546 0
54585 0
54602 0
54750 0
54968 0
55168 0
55171 0
55201 0
55437 0
55628 0
55641 0
55764 0
56064 0
56227 0
56279 0
56348 0
56433 0
56464 0
56557 0
56629 0
56840 0
56891 0
56995 0
57167 0
57254 0
57303 0
57373 0
57383 0
57394 0
57408 0
57420 0
57426 0
57429 0
57447 0
57553 0
57617 0
57757 0
58174 0
58192 0
58269 0
58323 0
58332 0
58378 0
58398 0
58408 0
58507 0
58509 0
58562 0
58646 0
58667 0
58674 0
58869 0
59046 0
59446 0
59655 0
59665 0
59738 0
59774 0
59813 0
60298 0
60347 0
60362 0
60545 0
60574 0
60657 0
60768 0
60846 0
60904 0
60917 0
60937 0
61017 0
61070 0
61073 0
61138 0
61443 0
61522 0
61662 0
61679 0
61689 0
61844 0
61994 0
62096 0
62195 0
62285 0
62303 0
62394 0
62471 0
62513 0
62547 0
62615 0
62666 0
62809 0
63059 0
63157 0
63200 0
63220 0
63404 0
63454 0
63507 0
63568 0
63729 0
63869 0
64003 0
64099 0
64223 0
64238 0
64427 0
64459 0
64474 0
64683 0
64842 0
64937 0
65061 0
65100 0
65116 0
65369 0
65399 0
65401 0
65419 0
65502 0
65591 0
65594 0
65780 0
65781 0
65880 0
66166 0
66343 0
66418 0
66476 0
66590 0
66672 0
66674 0
66697 0
66862 0
66876 0
67202 0
67306 0
67460 0
67462 0
67525 0
67835 0
67843 0
67863 0
67976 0
68014 0
68128 0
68445 0
68611 0
68628 0
68679 0
68762 0
69068 0
69195 0
69380 0
69599 0
69640 0
69778 0
69794 0
69946 0
69967 0
70099 0
70107 0
70117 0
70158 0
70189 0
70363 0
70501 0
70569 0
70786 0
71116 0
71133 0
71367 0
71383 0
71408 0
71432 0
71604 0
71741 0
71803 0
71991 0
72128 0
72203 0
72239 0
72255 0
72405 0
72526 0
72577 0
72938 0
72951 0
73033 0
73297 0
73455 0
73499 0
73703 0
74181 0
74187 0
74541 0
74598 0
74712 0
75068 0
75276 0
75299 0
75378 0
75502 0
75584 0
75602 0
75638 0
75663 0
75698 0
75720 0
75748 0
75750 0
75775 0
75790 0
75841 0
75891 0
75935 0
75972 0
76007 0
76062 0
76140 0
76225 0
76467 0
76679 0
76698 0
76732 0
76898 0
76986 0
77073 0
77135 0
77217 0
77319 0
77539 0
77565 0
77776 0
77799 0
77832 0
77989 0
78168 0
78233 0
78234 0
78266 0
78376 0
78567 0
78769 0
78797 0
78889 0
79038 0
79063 0
79076 0
79207 0
79238 0
79249 0
79273 0
79279 0
79364 0
79378 0
79387 0
79733 0
80014 0
80128 0
80154 0
80168 0
80268 0
80647 0
80837 0
80915 0
80953 0
81010 0
81058 0
81106 0
81341 0
81375 0
81393 0
81579 0
81809 0
81980 0
81998 0
81999 0
82143 0
82186 0
82205 0
82228 0
82296 0
82435 0
82448 0
82798 0
82813 0
82890 0
82994 0
82996 0
83335 0
83454 0
83574 0
83597 0
83603 0
83649 0
83907 0
83924 0
84443 0
84457 0
84648 0
84833 0
84927 0
84934 0
84988 0
85063 0
85107 0
85336 0
85452 0
85454 0
85456 0
85710 0
85730 0
85856 0
85957 0
86036 0
86064 0
86105 0
86128 0
86183 0
86210 0
86219 0
86259 0
86272 0
86297 0
86427 0
86520 0
86661 0
86765 0
86895 0
86952 0
87136 0
87138 0
87176 0
87446 0
87852 0
87928 0
87943 0
88108 0
88133 0
88300 0
88849 0
89024 0
89030 0
89053 0
89215 0
89219 0
89282 0
89466 0
89548 0
89660 0
89796 0
89874 0
90391 0
90453 0
90483 0
90665 0
90674 0
90763 0
90833 0
90857 0
90981 0
91082 0
91085 0
91132 0
91335 0
91430 0
91480 0
91568 0
91734 0
91853 0
91865 0
91874 0
91940 0
92105 0
92228 0
92269 0
92333 0
92411 0
92580 0
92819 0
92881 0
92899 0
92920 0
93006 0
93192 0
93420 0
93534 0
93564 0
93665 0
93813 0
93911 0
94284 0
94329 0
94424 0
94453 0
94529 0
94571 0
94576 0
94645 0
94647 0
94693 0
94804 0
94885 0
94906 0
95026 0
95131 0
95349 0
95780 0
95853 0
96280 0
96381 0
96387 0
96407 0
96465 0
96591 0
96740 0
96776 0
96810 0
97213 0
97329 0
97594 0
97745 0
97829 0
97962 0
98365 0
98376 0
98573 0
98589 0
98610 0
98659 0
98662 0
98704 0
98851 0
98868 0
98926 0
98953 0
98999 0
99028 0
99045 0
99047 0
99419 0
99468 0
99487 0
99538 0
99606 0
99714 0
99732 0
99826 0
99841 0
99870 0
99948 0
99956 0
99972 0
99977 0
