c This is a uniform distributed  1-D DIMACS file 
c width height point_number
p 100000 100000 1024
54 0
130 0
162 0
220 0
252 0
278 0
1004 0
1020 0
1023 0
1024 0
1059 0
1299 0
1340 0
1343 0
1427 0
1521 0
1566 0
1698 0
1824 0
1907 0
1930 0
1961 0
1998 0
2027 0
2061 0
2330 0
2413 0
2482 0
2530 0
2692 0
2901 0
3162 0
3236 0
3465 0
3604 0
3611 0
3663 0
3702 0
3731 0
3766 0
3809 0
4046 0
4072 0
4242 0
4466 0
4494 0
4577 0
4592 0
4622 0
4642 0
4673 0
4686 0
4719 0
4885 0
4892 0
4933 0
5036 0
5526 0
5614 0
5638 0
5785 0
5846 0
6003 0
6082 0
6121 0
6158 0
6208 0
6365 0
6420 0
6430 0
6581 0
6582 0
6658 0
6772 0
6877 0
7191 0
7371 0
7392 0
7502 0
7514 0
7609 0
7636 0
7688 0
7710 0
7714 0
7767 0
7778 0
7927 0
7935 0
7946 0
7990 0
8022 0
8035 0
8093 0
8128 0
8248 0
8261 0
8297 0
8375 0
8484 0
8628 0
8773 0
8866 0
8897 0
9129 0
9162 0
9222 0
9232 0
9238 0
9342 0
9365 0
9379 0
9398 0
9559 0
9753 0
9911 0
10219 0
10359 0
10459 0
10566 0
10581 0
10792 0
10824 0
10846 0
10904 0
11163 0
11185 0
11262 0
11965 0
12181 0
12258 0
12360 0
12530 0
12546 0
12566 0
12618 0
12721 0
12772 0
12780 0
12792 0
13006 0
13028 0
13115 0
13121 0
13153 0
13263 0
13283 0
13351 0
13353 0
13373 0
13479 0
13543 0
13558 0
13580 0
13608 0
13737 0
13759 0
13889 0
14145 0
14221 0
14272 0
14315 0
14544 0
14610 0
14685 0
14721 0
14728 0
14838 0
14888 0
14999 0
15001 0
15048 0
15154 0
15199 0
15204 0
15259 0
15387 0
15471 0
15592 0
15614 0
15886 0
15938 0
16047 0
16060 0
16271 0
16320 0
16469 0
16483 0
16610 0
16690 0
16869 0
17050 0
17139 0
17182 0
17381 0
17388 0
17533 0
17684 0
17781 0
17998 0
18017 0
18167 0
18233 0
18274 0
18334 0
18369 0
18493 0
18533 0
18656 0
18673 0
18678 0
18687 0
19067 0
19084 0
19181 0
19320 0
19393 0
19429 0
19493 0
19702 0
19767 0
19877 0
19919 0
19961 0
20054 0
20139 0
20172 0
20398 0
20444 0
20622 0
20657 0
20704 0
20740 0
20919 0
20961 0
21088 0
21106 0
21654 0
21722 0
21786 0
21837 0
22205 0
22267 0
22407 0
22544 0
22565 0
22790 0
22815 0
22908 0
22912 0
22921 0
22975 0
22996 0
23040 0
23049 0
23074 0
23101 0
23229 0
23495 0
23546 0
23586 0
23647 0
23726 0
23772 0
23909 0
23932 0
24076 0
24125 0
24134 0
24137 0
24185 0
24237 0
24280 0
24481 0
24493 0
24530 0
24644 0
24667 0
24707 0
24819 0
24883 0
25060 0
25089 0
25199 0
25319 0
25366 0
25455 0
25459 0
25565 0
25663 0
25691 0
25782 0
25842 0
26063 0
26253 0
26261 0
26336 0
26342 0
26380 0
26433 0
26540 0
26660 0
26878 0
26967 0
27143 0
27171 0
27366 0
27683 0
27715 0
27960 0
28153 0
28213 0
28252 0
28273 0
28383 0
28480 0
28725 0
28750 0
28850 0
28864 0
29004 0
29107 0
29181 0
29349 0
29448 0
29808 0
29988 0
30070 0
30203 0
30306 0
30337 0
30393 0
30435 0
30439 0
30527 0
30556 0
30667 0
30870 0
30916 0
31029 0
31030 0
31065 0
31127 0
31251 0
31490 0
31523 0
31524 0
31565 0
31737 0
31795 0
31811 0
31886 0
31964 0
32175 0
32567 0
32617 0
33045 0
33063 0
33076 0
33152 0
33294 0
33428 0
33490 0
33695 0
33716 0
34005 0
34017 0
34360 0
34365 0
34584 0
34606 0
34702 0
34719 0
34794 0
34819 0
34873 0
35000 0
35017 0
35158 0
35469 0
36244 0
36341 0
36349 0
36504 0
36511 0
36613 0
36791 0
36820 0
37016 0
37164 0
37219 0
37303 0
37663 0
37697 0
37875 0
38023 0
38256 0
38344 0
38472 0
38957 0
39211 0
39541 0
39593 0
39678 0
39723 0
39740 0
39853 0
40163 0
40207 0
40317 0
40362 0
40410 0
40423 0
40488 0
40525 0
40553 0
40588 0
40651 0
40776 0
40780 0
40829 0
40874 0
41050 0
41063 0
41074 0
41178 0
41191 0
41281 0
41444 0
41514 0
41693 0
41825 0
41826 0
41848 0
42023 0
42099 0
42163 0
42193 0
42486 0
42542 0
42593 0
42602 0
42749 0
42750 0
42841 0
43097 0
43283 0
43322 0
43506 0
43532 0
43884 0
43915 0
43921 0
44016 0
44134 0
44373 0
44412 0
45150 0
45334 0
45508 0
45518 0
45581 0
45595 0
45617 0
45833 0
45892 0
46021 0
46133 0
46246 0
46356 0
46397 0
46416 0
46523 0
46541 0
46686 0
46861 0
46975 0
47022 0
47254 0
47361 0
47568 0
47574 0
47612 0
47685 0
47876 0
47891 0
47908 0
48057 0
48503 0
48541 0
48565 0
48831 0
48919 0
48979 0
49037 0
49286 0
49294 0
49579 0
49605 0
49798 0
49837 0
49881 0
50025 0
50088 0
50457 0
50583 0
50858 0
50921 0
51049 0
51106 0
51201 0
51459 0
51589 0
51604 0
51677 0
51845 0
51867 0
51963 0
52015 0
52038 0
52168 0
52251 0
52267 0
52433 0
52473 0
52596 0
52634 0
52684 0
52687 0
52717 0
52756 0
52852 0
52887 0
53011 0
53088 0
53164 0
53258 0
53263 0
53374 0
53466 0
53527 0
53575 0
53704 0
53715 0
53975 0
53987 0
54083 0
54219 0
54415 0
54517 0
54634 0
54773 0
54813 0
54818 0
54898 0
54969 0
54991 0
55236 0
55271 0
55458 0
55622 0
55666 0
55855 0
55991 0
56076 0
56086 0
56099 0
56165 0
56214 0
56258 0
56327 0
56338 0
56396 0
56593 0
56600 0
56655 0
56812 0
57019 0
57037 0
57220 0
57263 0
57519 0
57605 0
57789 0
57825 0
57842 0
58295 0
58504 0
58590 0
58791 0
59012 0
59339 0
59455 0
59513 0
59873 0
59903 0
59997 0
59998 0
60054 0
60480 0
60492 0
60550 0
60615 0
60648 0
60682 0
60759 0
61028 0
61101 0
61103 0
61111 0
61128 0
61182 0
61218 0
61329 0
61694 0
61778 0
61786 0
61914 0
62042 0
62060 0
62122 0
62155 0
62169 0
62299 0
62416 0
62544 0
62570 0
62584 0
62626 0
62656 0
62702 0
62727 0
62740 0
62959 0
62967 0
62999 0
63055 0
63370 0
63436 0
63681 0
63796 0
63952 0
64071 0
64094 0
64110 0
64118 0
64157 0
64223 0
64302 0
64538 0
64548 0
64565 0
64674 0
64736 0
64749 0
64819 0
64935 0
64957 0
64993 0
65013 0
65188 0
65263 0
65295 0
65359 0
65406 0
65419 0
65438 0
65479 0
65505 0
65569 0
65581 0
65603 0
65770 0
65900 0
65927 0
66304 0
66364 0
66384 0
66395 0
66535 0
66728 0
66887 0
66945 0
66984 0
67225 0
67249 0
67424 0
67510 0
67683 0
67698 0
67741 0
67819 0
67931 0
68029 0
68052 0
68117 0
68247 0
68316 0
68394 0
68492 0
68513 0
68540 0
68629 0
68821 0
68880 0
69188 0
69220 0
69426 0
69525 0
69556 0
69559 0
69582 0
69680 0
69710 0
69729 0
69915 0
69998 0
70254 0
70331 0
70356 0
70619 0
70903 0
70935 0
70941 0
70957 0
70979 0
71008 0
71216 0
71391 0
71427 0
71514 0
71531 0
71628 0
71661 0
71962 0
72001 0
72018 0
72079 0
72094 0
72225 0
72361 0
72405 0
72553 0
72593 0
72683 0
72725 0
72997 0
73049 0
73072 0
73201 0
73293 0
73377 0
73472 0
73592 0
73657 0
73768 0
73948 0
74003 0
74024 0
74080 0
74113 0
74208 0
74225 0
74311 0
74376 0
74386 0
74391 0
74647 0
74975 0
75148 0
75214 0
75248 0
75295 0
75357 0
75395 0
75637 0
75803 0
75883 0
76176 0
76296 0
76411 0
76512 0
76782 0
76802 0
76911 0
76954 0
76972 0
77016 0
77050 0
77700 0
77705 0
77751 0
77765 0
77857 0
78010 0
78117 0
78319 0
78359 0
78381 0
78466 0
78475 0
78491 0
78597 0
78605 0
78703 0
78883 0
78903 0
78933 0
78959 0
79099 0
79141 0
79330 0
79366 0
79394 0
79451 0
79478 0
79545 0
79650 0
79724 0
79806 0
79813 0
79902 0
79922 0
79952 0
80085 0
80114 0
80277 0
80362 0
80437 0
80572 0
80793 0
81045 0
81197 0
81234 0
81574 0
81644 0
81764 0
81816 0
81935 0
82092 0
82410 0
82462 0
82593 0
82781 0
82830 0
82945 0
83160 0
83359 0
83458 0
83623 0
83630 0
83748 0
83767 0
83769 0
83821 0
83980 0
84010 0
84043 0
84268 0
84274 0
84628 0
84664 0
84665 0
84913 0
85042 0
85048 0
85151 0
85180 0
85247 0
85276 0
85293 0
85318 0
85336 0
85398 0
85539 0
85584 0
85597 0
85686 0
85897 0
85955 0
86251 0
86381 0
86383 0
86384 0
86414 0
86483 0
86572 0
86586 0
86589 0
86676 0
86700 0
86877 0
86890 0
87009 0
87306 0
87577 0
87607 0
87636 0
87695 0
87732 0
87734 0
87839 0
88075 0
88083 0
88085 0
88237 0
88282 0
88380 0
88701 0
88766 0
88850 0
88893 0
88983 0
89046 0
89161 0
89227 0
89357 0
89386 0
89471 0
89594 0
89814 0
90027 0
90047 0
90249 0
90309 0
90390 0
90418 0
90508 0
90589 0
90737 0
90803 0
90870 0
90947 0
90995 0
91081 0
91100 0
91146 0
91259 0
91426 0
91543 0
91551 0
91670 0
91713 0
91872 0
91923 0
92008 0
92205 0
92243 0
92297 0
92417 0
92544 0
92559 0
92647 0
92708 0
92819 0
92882 0
93039 0
93041 0
93492 0
93504 0
93530 0
93864 0
93955 0
93956 0
94008 0
94010 0
94066 0
94208 0
94238 0
94244 0
94253 0
94344 0
94409 0
95138 0
95310 0
95634 0
95690 0
95748 0
95890 0
95947 0
96019 0
96060 0
96144 0
96185 0
96250 0
96377 0
96792 0
96816 0
96904 0
97181 0
97189 0
97250 0
97290 0
97306 0
97373 0
97381 0
97433 0
97546 0
97567 0
97701 0
97770 0
97963 0
98037 0
98170 0
98273 0
98289 0
98582 0
98722 0
98850 0
98904 0
98944 0
98960 0
98970 0
99010 0
99099 0
99385 0
99411 0
99496 0
99664 0
99772 0
99783 0
99803 0
99839 0
99997 0
