c This is a uniform distributed  1-D DIMACS file 
c width height point_number
p 100000 100000 1024
177 0
358 0
381 0
418 0
426 0
583 0
640 0
680 0
801 0
927 0
1035 0
1188 0
1237 0
1441 0
1458 0
1465 0
1496 0
1566 0
1578 0
1894 0
1914 0
2013 0
2413 0
2422 0
2479 0
2513 0
2564 0
2582 0
2615 0
2638 0
2665 0
2822 0
2832 0
2909 0
3145 0
3311 0
3417 0
3425 0
3516 0
3558 0
3680 0
3823 0
3824 0
3845 0
3960 0
3983 0
4030 0
4087 0
4165 0
4178 0
4208 0
4225 0
4249 0
4257 0
4300 0
4307 0
4453 0
4500 0
4506 0
4566 0
4661 0
4887 0
4939 0
5189 0
5237 0
5450 0
5613 0
5636 0
5731 0
5774 0
5809 0
5875 0
5914 0
6323 0
6366 0
6404 0
6522 0
6613 0
6684 0
6704 0
6712 0
6738 0
6801 0
6849 0
6973 0
7008 0
7113 0
7362 0
7506 0
7554 0
7665 0
7704 0
7746 0
7926 0
7957 0
7974 0
8035 0
8323 0
8349 0
8383 0
8431 0
8479 0
8513 0
8649 0
8760 0
8842 0
9069 0
9272 0
9374 0
9404 0
9414 0
9422 0
9434 0
9470 0
9523 0
9637 0
9669 0
9797 0
9838 0
9900 0
9918 0
9952 0
10000 0
10004 0
10043 0
10054 0
10073 0
10426 0
10585 0
10850 0
10851 0
10871 0
11158 0
11481 0
11783 0
12284 0
12327 0
12378 0
12394 0
12499 0
12535 0
12543 0
12569 0
12732 0
12827 0
12867 0
12971 0
13003 0
13122 0
13204 0
13379 0
13561 0
13576 0
13716 0
13761 0
13809 0
14003 0
14027 0
14064 0
14069 0
14150 0
14187 0
14212 0
14304 0
14381 0
14382 0
14454 0
14498 0
14738 0
14767 0
14911 0
14966 0
15033 0
15069 0
15150 0
15279 0
15416 0
15569 0
15678 0
15802 0
15868 0
16026 0
16087 0
16214 0
16220 0
16228 0
16297 0
16342 0
16409 0
16586 0
16799 0
16980 0
17132 0
17156 0
17249 0
17314 0
17539 0
17540 0
17597 0
17778 0
17919 0
17942 0
18037 0
18230 0
18472 0
18557 0
18728 0
18729 0
18837 0
18917 0
19092 0
19099 0
19211 0
19319 0
19382 0
19436 0
19444 0
19599 0
19604 0
19675 0
19689 0
19698 0
19832 0
20554 0
20593 0
21029 0
21036 0
21049 0
21282 0
21341 0
21342 0
21566 0
21651 0
21674 0
21693 0
21900 0
22133 0
22190 0
22279 0
22355 0
22382 0
22696 0
22705 0
22740 0
22772 0
22805 0
22853 0
23052 0
23403 0
23464 0
23492 0
23677 0
23904 0
23939 0
24034 0
24198 0
24608 0
24667 0
24696 0
24742 0
24882 0
25113 0
25284 0
25539 0
25609 0
25720 0
25773 0
25858 0
26045 0
26054 0
26091 0
26319 0
26381 0
26429 0
26671 0
26812 0
27192 0
27228 0
27850 0
28062 0
28235 0
28641 0
28713 0
28729 0
28841 0
28913 0
29118 0
29126 0
29131 0
29184 0
29242 0
29301 0
29422 0
29477 0
29484 0
29659 0
29712 0
29765 0
29828 0
29910 0
30016 0
30168 0
30211 0
30231 0
30514 0
30601 0
30645 0
30648 0
30689 0
30810 0
30926 0
30959 0
31051 0
31190 0
31592 0
31871 0
31900 0
31912 0
32083 0
32131 0
32180 0
32299 0
32306 0
32356 0
32537 0
32867 0
32880 0
32932 0
33031 0
33035 0
33093 0
33218 0
33256 0
33766 0
33807 0
33894 0
33913 0
34063 0
34229 0
34408 0
34439 0
34618 0
34700 0
34808 0
34859 0
34867 0
34972 0
35043 0
35119 0
35205 0
35314 0
35603 0
35633 0
35647 0
35690 0
35736 0
35795 0
35859 0
35926 0
35955 0
36254 0
36271 0
36331 0
36343 0
36433 0
36685 0
36735 0
36775 0
36882 0
37241 0
37267 0
37349 0
37510 0
37930 0
38010 0
38221 0
38350 0
38545 0
38637 0
38647 0
38787 0
38882 0
39016 0
39030 0
39040 0
39216 0
39405 0
39512 0
39569 0
39586 0
39589 0
39614 0
39835 0
39842 0
39913 0
40178 0
40274 0
40383 0
40462 0
40569 0
40729 0
40732 0
40761 0
41067 0
41098 0
41194 0
41298 0
41436 0
41570 0
41640 0
41690 0
41695 0
41903 0
41971 0
42013 0
42158 0
42247 0
42355 0
42407 0
42521 0
42569 0
42666 0
42820 0
42883 0
42903 0
43092 0
43107 0
43170 0
43184 0
43200 0
43241 0
43300 0
43369 0
43382 0
43422 0
43471 0
43503 0
43571 0
43652 0
43764 0
43829 0
43840 0
43962 0
44149 0
44350 0
44371 0
44373 0
44390 0
44456 0
44458 0
44499 0
44559 0
44594 0
44633 0
44650 0
44780 0
44888 0
44920 0
44956 0
45006 0
45162 0
45190 0
45336 0
45358 0
45406 0
45418 0
45444 0
45496 0
45511 0
45623 0
45717 0
45892 0
45923 0
45974 0
46001 0
46010 0
46230 0
46319 0
46331 0
46385 0
46516 0
46562 0
46619 0
46790 0
46858 0
47493 0
47502 0
47550 0
47639 0
47652 0
47695 0
47752 0
47762 0
47874 0
48005 0
48153 0
48210 0
48218 0
48241 0
48357 0
48455 0
48580 0
48674 0
49088 0
49192 0
49272 0
49390 0
49829 0
49969 0
49988 0
50074 0
50158 0
50174 0
50294 0
50322 0
50340 0
50372 0
50453 0
50546 0
50588 0
50655 0
50966 0
51053 0
51077 0
51394 0
51418 0
51543 0
51609 0
51708 0
51760 0
51961 0
52032 0
52197 0
52293 0
52379 0
52391 0
52504 0
52694 0
52880 0
52894 0
52995 0
53006 0
53069 0
53162 0
53581 0
53589 0
53628 0
53861 0
53950 0
53980 0
54024 0
54061 0
54072 0
54212 0
54301 0
54438 0
54521 0
54705 0
54720 0
54964 0
55017 0
55046 0
55285 0
55409 0
55532 0
55570 0
55627 0
55735 0
55769 0
55822 0
55838 0
55851 0
55904 0
56222 0
56257 0
56284 0
56414 0
56500 0
56524 0
56549 0
56724 0
56760 0
56779 0
56952 0
56954 0
57070 0
57095 0
57116 0
57155 0
57219 0
57388 0
57451 0
57467 0
57537 0
57688 0
57722 0
57869 0
57923 0
57942 0
57964 0
58052 0
58279 0
58408 0
58544 0
58552 0
58644 0
58721 0
58823 0
59074 0
59298 0
59380 0
59387 0
59415 0
59850 0
60020 0
60029 0
60200 0
60302 0
60353 0
60376 0
60446 0
60472 0
60603 0
60735 0
60748 0
60781 0
60926 0
60963 0
61008 0
61034 0
61140 0
61168 0
61598 0
61634 0
61868 0
62080 0
62094 0
62204 0
62224 0
62349 0
62535 0
62882 0
63060 0
63068 0
63268 0
63442 0
63556 0
63574 0
63616 0
63817 0
64242 0
64314 0
64317 0
64353 0
64391 0
64518 0
64620 0
64793 0
64855 0
64883 0
65068 0
65205 0
65273 0
65319 0
65342 0
65353 0
65484 0
65636 0
65770 0
65785 0
66037 0
66159 0
66164 0
66412 0
66829 0
66912 0
67074 0
67075 0
67176 0
67199 0
67203 0
67216 0
67234 0
67349 0
67462 0
67560 0
67652 0
67689 0
67818 0
67998 0
68027 0
68073 0
68092 0
68118 0
68120 0
68142 0
68255 0
68321 0
68422 0
68485 0
68571 0
68577 0
68590 0
68624 0
68637 0
68783 0
68809 0
69020 0
69029 0
69239 0
69283 0
69410 0
69491 0
69529 0
69609 0
69950 0
70009 0
70019 0
70096 0
70187 0
70417 0
70462 0
70631 0
70782 0
70901 0
70920 0
70941 0
71037 0
71111 0
71203 0
71241 0
71284 0
71469 0
71529 0
71616 0
71885 0
72129 0
72170 0
72181 0
72387 0
72519 0
72615 0
72724 0
72732 0
72750 0
73006 0
73027 0
73066 0
73068 0
73427 0
73470 0
73494 0
73520 0
73606 0
73626 0
73728 0
73737 0
73742 0
73788 0
73820 0
74014 0
74015 0
74236 0
74251 0
74325 0
74508 0
74576 0
74617 0
74977 0
75003 0
75175 0
75314 0
75399 0
75425 0
75466 0
75524 0
75575 0
75702 0
75787 0
75861 0
76042 0
76198 0
76259 0
76280 0
76292 0
76300 0
76327 0
76384 0
76425 0
76561 0
76918 0
77046 0
77139 0
77212 0
77257 0
77705 0
77737 0
77786 0
77818 0
77823 0
78152 0
78156 0
78244 0
78424 0
78477 0
78528 0
78629 0
78715 0
79023 0
79130 0
79186 0
79191 0
79327 0
79361 0
79371 0
79398 0
79407 0
79527 0
79642 0
79737 0
79961 0
79967 0
80212 0
80298 0
80311 0
80319 0
80379 0
80391 0
80582 0
80665 0
80725 0
80746 0
80783 0
80815 0
81007 0
81140 0
81259 0
81331 0
81516 0
81613 0
81689 0
81749 0
81775 0
82094 0
82110 0
82245 0
82523 0
82749 0
82814 0
82894 0
82972 0
83015 0
83061 0
83075 0
83138 0
83349 0
83722 0
83925 0
84065 0
84174 0
84241 0
84283 0
84398 0
84642 0
84798 0
84810 0
84867 0
84881 0
85087 0
85167 0
85189 0
85249 0
85346 0
85428 0
85894 0
86111 0
86240 0
86252 0
86268 0
86465 0
86476 0
86867 0
87086 0
87225 0
87313 0
87382 0
87440 0
87519 0
87662 0
87676 0
87730 0
87779 0
88010 0
88012 0
88022 0
88095 0
88219 0
88413 0
88698 0
88737 0
88771 0
88839 0
88916 0
89114 0
89210 0
89307 0
89381 0
89431 0
89460 0
89491 0
89753 0
89754 0
89845 0
89849 0
89982 0
90062 0
90274 0
90371 0
90401 0
90414 0
90426 0
90427 0
90503 0
90529 0
90676 0
90733 0
90748 0
90832 0
91056 0
91168 0
91184 0
91272 0
91333 0
91341 0
91583 0
91681 0
91743 0
91752 0
91801 0
91844 0
91940 0
91955 0
91989 0
91994 0
92032 0
92081 0
92302 0
92343 0
92416 0
92512 0
92594 0
92598 0
92665 0
92787 0
92821 0
93050 0
93305 0
93469 0
93491 0
93539 0
93619 0
93659 0
93715 0
93755 0
93797 0
94008 0
94207 0
94513 0
94648 0
94730 0
95083 0
95358 0
95383 0
95437 0
95541 0
95683 0
95693 0
95894 0
96014 0
96179 0
96342 0
96436 0
96456 0
96470 0
96577 0
96788 0
96807 0
96871 0
96879 0
96915 0
96953 0
97105 0
97106 0
97424 0
97474 0
97532 0
97555 0
97692 0
98060 0
98122 0
98183 0
98265 0
98280 0
98364 0
98389 0
98454 0
98494 0
98536 0
98604 0
98728 0
98892 0
99044 0
99230 0
99261 0
99280 0
99282 0
99344 0
99346 0
99421 0
99425 0
99481 0
99805 0
99907 0
99975 0
