c This is a uniform distributed  1-D DIMACS file 
c width height point_number
p 100000 100000 1024
273 0
517 0
535 0
703 0
833 0
840 0
900 0
959 0
1010 0
1051 0
1069 0
1188 0
1276 0
1362 0
1404 0
1594 0
1613 0
1634 0
1779 0
1881 0
1908 0
1920 0
1978 0
2373 0
2629 0
2845 0
2906 0
3020 0
3037 0
3095 0
3118 0
3159 0
3180 0
3235 0
3263 0
3298 0
3335 0
3496 0
3517 0
3825 0
3985 0
4016 0
4099 0
4309 0
4344 0
4458 0
4473 0
4650 0
4675 0
4722 0
5094 0
5187 0
5250 0
5327 0
5360 0
5383 0
5402 0
5414 0
5445 0
5805 0
5953 0
5988 0
6064 0
6075 0
6166 0
6202 0
6249 0
6337 0
6393 0
6501 0
6560 0
6776 0
6812 0
6981 0
7149 0
7195 0
7204 0
7231 0
7306 0
7368 0
7538 0
7564 0
7848 0
8055 0
8076 0
8104 0
8113 0
8180 0
8294 0
8456 0
8565 0
8779 0
8807 0
8893 0
8904 0
9055 0
9243 0
9250 0
9397 0
9426 0
9501 0
9582 0
9889 0
10088 0
10105 0
10109 0
10111 0
10239 0
10289 0
10300 0
10359 0
10459 0
10514 0
10566 0
10568 0
10896 0
10984 0
11238 0
11449 0
11494 0
11547 0
11657 0
11673 0
11729 0
11840 0
11873 0
11991 0
12043 0
12128 0
12245 0
12412 0
12658 0
12796 0
12813 0
13063 0
13111 0
13129 0
13214 0
13278 0
13409 0
13604 0
13606 0
13740 0
13806 0
13846 0
14085 0
14341 0
14397 0
14424 0
14485 0
14554 0
14557 0
14638 0
14709 0
14750 0
14770 0
14962 0
15094 0
15372 0
15400 0
15547 0
15781 0
15843 0
15882 0
15928 0
16087 0
16171 0
16208 0
16306 0
16318 0
16376 0
16389 0
16580 0
16647 0
16754 0
17035 0
17116 0
17235 0
17261 0
17305 0
17448 0
17584 0
17745 0
17890 0
18101 0
18141 0
18153 0
18249 0
18424 0
18444 0
18571 0
18607 0
18956 0
18960 0
19001 0
19018 0
19112 0
19206 0
19558 0
19743 0
19772 0
19854 0
19927 0
19931 0
19950 0
20160 0
20620 0
20632 0
20671 0
20703 0
20728 0
20809 0
20899 0
20986 0
21095 0
21110 0
21132 0
21200 0
21329 0
21386 0
21513 0
21634 0
21656 0
21762 0
21810 0
21832 0
21844 0
21880 0
21987 0
22211 0
22440 0
22448 0
22455 0
22669 0
22722 0
22762 0
22833 0
22999 0
23168 0
23200 0
23232 0
23310 0
23327 0
23480 0
23587 0
23599 0
23660 0
23720 0
24141 0
24372 0
24501 0
24525 0
24595 0
24696 0
24728 0
24874 0
25022 0
25025 0
25523 0
25556 0
25575 0
25585 0
26100 0
26182 0
26230 0
26247 0
26331 0
26369 0
26461 0
26638 0
26773 0
26787 0
26808 0
26816 0
26903 0
26971 0
27243 0
27322 0
27637 0
27790 0
27840 0
27975 0
28126 0
28175 0
28217 0
28324 0
28891 0
29045 0
29070 0
29084 0
29167 0
29349 0
29502 0
29566 0
29886 0
30268 0
30681 0
30865 0
30870 0
31003 0
31080 0
31085 0
31446 0
31522 0
31623 0
31714 0
31785 0
31814 0
31815 0
32421 0
32596 0
32599 0
32643 0
32708 0
33222 0
33273 0
33639 0
33680 0
33745 0
33868 0
33976 0
34091 0
34257 0
34374 0
34455 0
34477 0
34593 0
34864 0
35057 0
35070 0
35106 0
35165 0
35221 0
35273 0
35413 0
35925 0
35955 0
35965 0
36047 0
36140 0
36167 0
36256 0
36281 0
36290 0
36340 0
36448 0
36531 0
36589 0
36732 0
36909 0
37003 0
37060 0
37174 0
37188 0
37280 0
37974 0
38030 0
38040 0
38173 0
38214 0
38243 0
38302 0
38318 0
38372 0
38500 0
38674 0
38862 0
38923 0
38937 0
39019 0
39062 0
39067 0
39098 0
39123 0
39147 0
39165 0
39297 0
39385 0
39443 0
39574 0
39594 0
39831 0
39879 0
40550 0
40599 0
40642 0
40692 0
40767 0
40987 0
41039 0
41101 0
41129 0
41338 0
41345 0
41356 0
41381 0
41404 0
41424 0
41484 0
41512 0
41579 0
41654 0
41714 0
41719 0
41902 0
42009 0
42161 0
42192 0
42239 0
42402 0
42410 0
42455 0
42529 0
42599 0
42628 0
42685 0
43039 0
43047 0
43134 0
43190 0
43215 0
43355 0
43462 0
43660 0
43702 0
43886 0
44194 0
44329 0
44335 0
44412 0
44449 0
44457 0
44986 0
45004 0
45040 0
45378 0
45477 0
45581 0
45632 0
45860 0
46033 0
46064 0
46300 0
46316 0
46348 0
46422 0
46551 0
46741 0
46873 0
46958 0
47098 0
47118 0
47233 0
47255 0
47256 0
47279 0
47313 0
47332 0
47551 0
47602 0
47605 0
47619 0
47717 0
47725 0
47835 0
47869 0
47885 0
47946 0
48088 0
48137 0
48325 0
48477 0
48533 0
48734 0
48762 0
48907 0
48942 0
48948 0
49049 0
49124 0
49150 0
49189 0
49231 0
49238 0
49287 0
49478 0
49512 0
49599 0
49638 0
49692 0
49743 0
50023 0
50402 0
50514 0
50529 0
50686 0
50787 0
50855 0
50871 0
51023 0
51420 0
51436 0
51447 0
51474 0
51500 0
51501 0
51547 0
51571 0
51807 0
51869 0
52120 0
52186 0
52267 0
52393 0
52414 0
52429 0
52744 0
52812 0
52876 0
52898 0
52929 0
53012 0
53204 0
53232 0
53298 0
53433 0
53496 0
53505 0
53532 0
53561 0
53568 0
53606 0
53770 0
53794 0
53974 0
54044 0
54158 0
54300 0
54713 0
54757 0
54794 0
54837 0
54845 0
54874 0
55106 0
55196 0
55200 0
55362 0
55373 0
55417 0
55490 0
55492 0
55495 0
55584 0
55615 0
55685 0
55795 0
56299 0
56335 0
56393 0
56521 0
56570 0
56672 0
56856 0
56932 0
56951 0
57000 0
57060 0
57181 0
57239 0
57248 0
57356 0
57428 0
57505 0
57541 0
57556 0
57569 0
57633 0
57786 0
57826 0
57886 0
57998 0
58014 0
58112 0
58127 0
58138 0
58245 0
58460 0
58523 0
58555 0
58593 0
58604 0
58964 0
59155 0
59194 0
59369 0
59428 0
59456 0
59538 0
59635 0
59703 0
59723 0
59741 0
59984 0
60041 0
60051 0
60174 0
60189 0
60202 0
60353 0
60482 0
60608 0
60706 0
60712 0
60980 0
61249 0
61355 0
61527 0
61564 0
61614 0
61623 0
61639 0
61668 0
61781 0
61782 0
61916 0
62009 0
62019 0
62046 0
62049 0
62274 0
62307 0
62357 0
62646 0
62672 0
62686 0
62899 0
62929 0
63089 0
63115 0
63130 0
63336 0
63536 0
63581 0
64101 0
64122 0
64213 0
64291 0
64354 0
64379 0
64399 0
64415 0
64511 0
64541 0
64576 0
64725 0
64824 0
64825 0
64828 0
65137 0
65232 0
65418 0
65488 0
65545 0
65576 0
65610 0
65720 0
65724 0
65983 0
65989 0
66240 0
66406 0
66540 0
66559 0
67013 0
67048 0
67083 0
67245 0
67385 0
67470 0
67537 0
67741 0
67768 0
67854 0
67916 0
68124 0
68338 0
68376 0
68414 0
68447 0
68465 0
68803 0
68989 0
68993 0
69069 0
69075 0
69083 0
69171 0
69201 0
69233 0
69337 0
69394 0
69560 0
69585 0
69613 0
69695 0
69717 0
69774 0
69781 0
69838 0
69919 0
70020 0
70058 0
70121 0
70197 0
70568 0
70864 0
70884 0
71045 0
71046 0
71114 0
71176 0
71248 0
71363 0
71386 0
71598 0
71764 0
72161 0
72273 0
72360 0
72409 0
72427 0
72456 0
72506 0
72597 0
72626 0
72714 0
72821 0
72850 0
72865 0
72912 0
73630 0
73942 0
74182 0
74394 0
74427 0
74448 0
74451 0
74568 0
74597 0
74661 0
74730 0
74841 0
74982 0
75013 0
75119 0
75131 0
75143 0
75172 0
75179 0
75364 0
75400 0
75508 0
75572 0
75652 0
75866 0
76050 0
76114 0
76330 0
76410 0
76675 0
76896 0
76939 0
77010 0
77029 0
77095 0
77143 0
77246 0
77584 0
77622 0
77765 0
77913 0
78032 0
78054 0
78063 0
78065 0
78091 0
78143 0
78215 0
78229 0
78260 0
78291 0
78397 0
78476 0
78545 0
78553 0
78616 0
78788 0
78904 0
79081 0
79099 0
79100 0
79144 0
79243 0
79436 0
79527 0
79538 0
79541 0
79632 0
79695 0
79779 0
80065 0
80505 0
80530 0
80662 0
80757 0
80935 0
80948 0
81039 0
81109 0
81309 0
81413 0
81450 0
81517 0
81668 0
81905 0
81977 0
81983 0
81990 0
82262 0
82279 0
82340 0
82487 0
82550 0
82625 0
82687 0
82816 0
83097 0
83173 0
83382 0
83395 0
83434 0
83656 0
83806 0
83859 0
83904 0
83970 0
84159 0
84163 0
84340 0
84350 0
84384 0
84721 0
84740 0
84848 0
85051 0
85221 0
85371 0
85372 0
85394 0
85408 0
85436 0
85471 0
85492 0
85559 0
85632 0
85641 0
85642 0
85763 0
86060 0
86388 0
86429 0
86483 0
86508 0
86627 0
86649 0
86692 0
86797 0
86929 0
86936 0
87001 0
87092 0
87391 0
87501 0
87604 0
87700 0
87705 0
87791 0
87939 0
88093 0
88103 0
88227 0
88271 0
88520 0
88531 0
88565 0
88586 0
88608 0
88707 0
88812 0
88952 0
89139 0
89154 0
89238 0
89277 0
89320 0
89354 0
89452 0
89499 0
89555 0
89560 0
89737 0
89785 0
89873 0
90219 0
90257 0
90320 0
90346 0
90389 0
90438 0
90556 0
90764 0
90858 0
91060 0
91257 0
91320 0
91322 0
91443 0
91516 0
91553 0
91573 0
91739 0
91830 0
91841 0
91902 0
92049 0
92219 0
92334 0
92400 0
92830 0
92846 0
92931 0
92947 0
92967 0
93011 0
93212 0
93355 0
93425 0
93527 0
93560 0
93565 0
93678 0
93686 0
93724 0
93863 0
94026 0
94051 0
94095 0
94241 0
94283 0
94331 0
94360 0
94367 0
94396 0
94506 0
94556 0
94562 0
94573 0
94584 0
94659 0
94688 0
94708 0
94785 0
94930 0
94958 0
94996 0
95018 0
95290 0
95411 0
95466 0
95884 0
95953 0
95957 0
96087 0
96149 0
96367 0
96373 0
96502 0
96661 0
96674 0
96898 0
96975 0
97008 0
97015 0
97356 0
97657 0
97685 0
97722 0
97831 0
97852 0
98068 0
98083 0
98172 0
98187 0
98313 0
98350 0
98370 0
98470 0
98568 0
98594 0
98670 0
98733 0
98779 0
98876 0
99046 0
99172 0
99178 0
99193 0
99296 0
99425 0
99430 0
99594 0
99609 0
99784 0
