c This is a uniform distributed  1-D DIMACS file 
c width height point_number
p 100000 100000 1024
30 0
179 0
234 0
398 0
446 0
510 0
569 0
629 0
635 0
663 0
689 0
737 0
797 0
1062 0
1065 0
1121 0
1216 0
1231 0
1359 0
1533 0
1647 0
1756 0
1923 0
2094 0
2482 0
2495 0
2503 0
2567 0
2740 0
2854 0
2931 0
3073 0
3184 0
3272 0
3433 0
4002 0
4146 0
4174 0
4195 0
4467 0
4504 0
5017 0
5202 0
5409 0
5526 0
5546 0
5741 0
5796 0
5986 0
6030 0
6117 0
6175 0
6244 0
6246 0
6283 0
6312 0
6328 0
6345 0
6400 0
6487 0
6671 0
6683 0
6689 0
6692 0
6713 0
6820 0
6836 0
6896 0
7100 0
7105 0
7164 0
7393 0
7397 0
7478 0
7844 0
7853 0
8016 0
8477 0
8605 0
8764 0
8811 0
8895 0
9075 0
9078 0
9121 0
9137 0
9187 0
9243 0
9276 0
9294 0
9355 0
9649 0
9681 0
9795 0
9952 0
10040 0
10380 0
10381 0
10437 0
10496 0
10532 0
10622 0
10663 0
10759 0
10809 0
10967 0
11057 0
11171 0
11183 0
11198 0
11454 0
11462 0
11654 0
11815 0
11849 0
12207 0
12306 0
12652 0
12696 0
12909 0
13067 0
13132 0
13205 0
13330 0
13457 0
13580 0
13681 0
13954 0
14052 0
14077 0
14150 0
14155 0
14263 0
14494 0
14652 0
14916 0
14937 0
14994 0
15167 0
15268 0
15361 0
15446 0
15537 0
15602 0
15716 0
15829 0
15872 0
15985 0
16000 0
16025 0
16108 0
16239 0
16388 0
16457 0
16539 0
16565 0
16586 0
16634 0
16683 0
16691 0
16793 0
16794 0
16893 0
16901 0
16914 0
17171 0
17225 0
17351 0
17532 0
17639 0
17658 0
17865 0
18236 0
18239 0
18448 0
18453 0
18662 0
18818 0
18881 0
18924 0
19185 0
19194 0
19217 0
19279 0
19328 0
19385 0
19457 0
19458 0
19581 0
19630 0
19704 0
19742 0
19879 0
19929 0
19979 0
19993 0
20078 0
20299 0
20553 0
20685 0
20974 0
20986 0
21017 0
21144 0
21270 0
21406 0
21427 0
21496 0
21569 0
21726 0
21836 0
21840 0
21982 0
22262 0
22301 0
22385 0
22462 0
22473 0
22484 0
22794 0
22844 0
22895 0
22910 0
22940 0
23013 0
23331 0
23414 0
23596 0
23647 0
23771 0
23819 0
24093 0
24116 0
24137 0
24147 0
24184 0
24284 0
24296 0
24342 0
24361 0
24514 0
24583 0
24804 0
24847 0
24902 0
24906 0
24908 0
24994 0
25108 0
25137 0
25152 0
25169 0
25211 0
25378 0
25385 0
25448 0
25577 0
25609 0
25645 0
25857 0
25900 0
26013 0
26087 0
26315 0
26317 0
26541 0
26773 0
26857 0
26880 0
26915 0
26923 0
26951 0
27056 0
27096 0
27141 0
27182 0
27269 0
27286 0
27372 0
27437 0
27453 0
27680 0
27701 0
27735 0
27869 0
27880 0
27946 0
28124 0
28162 0
28350 0
28497 0
28671 0
28702 0
28730 0
28732 0
28742 0
28834 0
29173 0
29250 0
29261 0
29504 0
29566 0
29573 0
29646 0
29678 0
29906 0
29941 0
29950 0
29973 0
29988 0
30059 0
30096 0
30153 0
30345 0
30647 0
30689 0
30924 0
31008 0
31148 0
31260 0
31422 0
31428 0
31429 0
31430 0
31459 0
31492 0
31575 0
31697 0
31792 0
31842 0
31848 0
31947 0
32006 0
32208 0
32263 0
32375 0
32378 0
32409 0
32430 0
32452 0
32670 0
32752 0
32770 0
32781 0
32800 0
32840 0
33043 0
33054 0
33070 0
33113 0
33123 0
33145 0
33253 0
33511 0
33528 0
33577 0
33846 0
33914 0
33930 0
34069 0
34148 0
34279 0
34536 0
34636 0
34649 0
34662 0
34673 0
34692 0
34698 0
34779 0
35226 0
35499 0
35646 0
35783 0
35813 0
35851 0
35976 0
36061 0
36072 0
36106 0
36137 0
36295 0
36344 0
36381 0
36384 0
36414 0
36702 0
36762 0
36763 0
36816 0
36834 0
36946 0
37078 0
37332 0
37342 0
37431 0
37442 0
37464 0
37571 0
37638 0
37673 0
37712 0
37758 0
37810 0
37823 0
37930 0
37953 0
38095 0
38309 0
38341 0
38359 0
38448 0
38617 0
38760 0
38870 0
38993 0
39002 0
39064 0
39166 0
39194 0
39471 0
39477 0
39484 0
39527 0
39813 0
39829 0
39833 0
39880 0
40163 0
40320 0
40371 0
40573 0
40640 0
40684 0
40779 0
40802 0
40900 0
40914 0
40918 0
41224 0
41261 0
41386 0
41520 0
41549 0
41562 0
41843 0
42051 0
42285 0
42307 0
42366 0
42545 0
42674 0
42755 0
42904 0
42978 0
43016 0
43171 0
43186 0
43190 0
43222 0
43237 0
43320 0
43504 0
43606 0
43905 0
43939 0
44092 0
44106 0
44174 0
44530 0
44689 0
44708 0
44778 0
44852 0
44863 0
44959 0
44962 0
45048 0
45142 0
45441 0
45443 0
45524 0
45533 0
45557 0
45603 0
45612 0
45667 0
45767 0
45870 0
46078 0
46145 0
46473 0
46496 0
46519 0
46648 0
46700 0
46817 0
46860 0
47053 0
47109 0
47304 0
47436 0
47518 0
48031 0
48033 0
48102 0
48142 0
48294 0
48363 0
48409 0
48478 0
48505 0
48512 0
48517 0
48580 0
48750 0
48757 0
48776 0
48905 0
48928 0
49160 0
49360 0
49431 0
49702 0
49810 0
49930 0
50031 0
50666 0
50733 0
51031 0
51086 0
51090 0
51136 0
51467 0
51508 0
51613 0
51717 0
51771 0
51802 0
52106 0
52698 0
52706 0
52784 0
53059 0
53134 0
53171 0
53292 0
53369 0
53401 0
53422 0
53471 0
53504 0
53705 0
53816 0
53856 0
53943 0
54055 0
54082 0
54087 0
54338 0
54410 0
54434 0
54446 0
54825 0
54864 0
54988 0
55001 0
55013 0
55054 0
55077 0
55170 0
55202 0
55204 0
55212 0
55350 0
55418 0
55503 0
55770 0
55775 0
55782 0
56180 0
56209 0
56213 0
56350 0
56385 0
56445 0
56537 0
56561 0
56736 0
56842 0
56972 0
57042 0
57087 0
57160 0
57195 0
57196 0
57244 0
57366 0
57392 0
57479 0
57491 0
57553 0
57569 0
57630 0
57767 0
57874 0
57879 0
57961 0
58035 0
58050 0
58155 0
58269 0
58350 0
58392 0
58498 0
58529 0
58563 0
58707 0
58827 0
59019 0
59022 0
59220 0
59333 0
59444 0
59545 0
59621 0
59741 0
59841 0
59879 0
60008 0
60076 0
60344 0
60346 0
60423 0
60466 0
60658 0
60748 0
60792 0
60880 0
60951 0
60981 0
61017 0
61373 0
61692 0
61700 0
61748 0
61903 0
61929 0
62026 0
62054 0
62065 0
62187 0
62292 0
62300 0
62420 0
62552 0
62677 0
62687 0
62780 0
62784 0
62827 0
62851 0
62952 0
63012 0
63035 0
63226 0
63281 0
63332 0
63335 0
63407 0
63419 0
63427 0
63684 0
63768 0
63894 0
64362 0
64363 0
64400 0
64469 0
64623 0
64694 0
64962 0
64987 0
65002 0
65207 0
65257 0
65260 0
65398 0
65414 0
65844 0
65998 0
66068 0
66091 0
66113 0
66322 0
66419 0
66471 0
66528 0
66564 0
66576 0
66645 0
67002 0
67263 0
67304 0
67433 0
67457 0
67491 0
67516 0
67551 0
67589 0
67596 0
67659 0
67792 0
67892 0
68125 0
68429 0
68437 0
68491 0
68546 0
68685 0
68793 0
68906 0
69108 0
69184 0
69263 0
69533 0
69562 0
69643 0
69658 0
69729 0
70089 0
70249 0
70275 0
70355 0
70541 0
70896 0
70952 0
71057 0
71132 0
71284 0
71413 0
71432 0
71469 0
71493 0
71803 0
71813 0
71829 0
71927 0
71936 0
72031 0
72150 0
72270 0
72296 0
72299 0
72378 0
72422 0
72450 0
72505 0
72643 0
72654 0
72676 0
72857 0
72917 0
72945 0
72980 0
72991 0
73077 0
73315 0
73393 0
73449 0
73564 0
73569 0
73969 0
74025 0
74091 0
74156 0
74208 0
74312 0
74313 0
74463 0
74505 0
74548 0
74577 0
74763 0
74809 0
74842 0
74869 0
75057 0
75103 0
75370 0
75550 0
75566 0
75607 0
75660 0
75741 0
75878 0
75934 0
76085 0
76249 0
76253 0
76344 0
76466 0
76663 0
76896 0
77075 0
77319 0
77391 0
77415 0
77430 0
77524 0
77738 0
77741 0
77920 0
77948 0
77949 0
78009 0
78019 0
78102 0
78104 0
78212 0
78289 0
78355 0
78585 0
78612 0
78672 0
78701 0
78929 0
78948 0
78955 0
79095 0
79410 0
79533 0
79555 0
79560 0
79623 0
79694 0
79744 0
79762 0
79884 0
79952 0
80029 0
80111 0
80312 0
80315 0
80340 0
80351 0
80386 0
80503 0
80852 0
80873 0
80960 0
81043 0
81111 0
81399 0
81510 0
81517 0
81561 0
81780 0
81793 0
82046 0
82176 0
82227 0
82360 0
82637 0
82661 0
82687 0
82898 0
83033 0
83111 0
83112 0
83376 0
83424 0
83649 0
83791 0
83826 0
84068 0
84260 0
84322 0
84395 0
84442 0
84524 0
84685 0
84776 0
84832 0
84835 0
84947 0
85036 0
85096 0
85214 0
85234 0
85293 0
85513 0
85516 0
85547 0
85549 0
85952 0
86430 0
86518 0
86744 0
86811 0
86869 0
86993 0
87042 0
87151 0
87431 0
87469 0
87560 0
87650 0
87672 0
87727 0
88013 0
88025 0
88105 0
88140 0
88223 0
88231 0
88377 0
88393 0
88428 0
88441 0
88525 0
88958 0
89079 0
89129 0
89151 0
89201 0
89274 0
89349 0
89392 0
89445 0
89455 0
89607 0
89659 0
89684 0
89750 0
89777 0
89784 0
90081 0
90227 0
90359 0
90475 0
90499 0
90544 0
90551 0
90733 0
90851 0
91101 0
91250 0
91825 0
91832 0
91960 0
92039 0
92196 0
92233 0
92374 0
92604 0
92807 0
92930 0
93020 0
93040 0
93068 0
93460 0
93468 0
93562 0
93668 0
93737 0
93823 0
93831 0
93930 0
94132 0
94207 0
94427 0
94514 0
94524 0
94711 0
94731 0
94764 0
94817 0
95092 0
95095 0
95213 0
95241 0
95385 0
95803 0
95850 0
95870 0
95917 0
95958 0
96140 0
96184 0
96307 0
96504 0
96581 0
96662 0
96704 0
97183 0
97227 0
97287 0
97310 0
97369 0
97413 0
97445 0
97448 0
97531 0
97562 0
97589 0
97603 0
97689 0
97726 0
97749 0
97838 0
97969 0
98369 0
98523 0
98737 0
98775 0
98808 0
98978 0
99031 0
99304 0
99483 0
99534 0
99567 0
99908 0
