c This is a uniform distributed  1-D DIMACS file 
c width height point_number
p 100000 100000 1024
252 0
534 0
602 0
715 0
737 0
860 0
914 0
969 0
1158 0
1380 0
1520 0
1568 0
1693 0
1770 0
2015 0
2118 0
2253 0
2332 0
2348 0
2373 0
2389 0
2585 0
2589 0
2632 0
2693 0
2734 0
2766 0
2822 0
2857 0
2953 0
3101 0
3149 0
3367 0
3468 0
3524 0
3556 0
3564 0
3614 0
3876 0
3878 0
4062 0
4074 0
4123 0
4355 0
4444 0
4488 0
4580 0
4715 0
4740 0
4758 0
4777 0
4781 0
4785 0
4998 0
5056 0
5084 0
5094 0
5181 0
5216 0
5527 0
5798 0
5831 0
5861 0
5907 0
5930 0
5971 0
6059 0
6064 0
6235 0
6466 0
6533 0
6573 0
6721 0
6725 0
6801 0
6913 0
7062 0
7120 0
7197 0
7244 0
7288 0
7360 0
7811 0
7870 0
7912 0
7958 0
8089 0
8110 0
8255 0
8270 0
8410 0
8429 0
8618 0
8711 0
8958 0
8981 0
9090 0
9111 0
9145 0
9256 0
9371 0
9421 0
9653 0
9681 0
9759 0
9840 0
9915 0
10076 0
10203 0
10298 0
10365 0
10422 0
10694 0
10710 0
10777 0
10853 0
11058 0
11185 0
11483 0
11645 0
11717 0
11795 0
11932 0
11969 0
11991 0
12234 0
12582 0
12594 0
12762 0
12764 0
12768 0
12875 0
12912 0
12953 0
12977 0
13077 0
13196 0
13412 0
13436 0
13602 0
13686 0
13724 0
13854 0
13902 0
14049 0
14086 0
14103 0
14152 0
14179 0
14207 0
14256 0
14414 0
14462 0
14465 0
14574 0
14726 0
14843 0
14864 0
14894 0
14948 0
14980 0
15257 0
15282 0
15283 0
15367 0
15397 0
15535 0
15656 0
15692 0
15721 0
15730 0
15763 0
15834 0
15914 0
16315 0
16329 0
16510 0
16516 0
16534 0
16574 0
16774 0
17065 0
17112 0
17406 0
17542 0
17725 0
17761 0
17767 0
17858 0
17864 0
17901 0
17959 0
18008 0
18173 0
18185 0
18192 0
18221 0
18522 0
18667 0
18878 0
18918 0
19012 0
19125 0
19335 0
19359 0
19369 0
19430 0
19449 0
19480 0
19565 0
19582 0
19711 0
19712 0
19931 0
20129 0
20160 0
20305 0
20430 0
20610 0
20787 0
20850 0
20936 0
21054 0
21116 0
21179 0
21221 0
21562 0
21776 0
21784 0
21802 0
21893 0
21973 0
22053 0
22310 0
22436 0
22443 0
22448 0
22474 0
22477 0
22512 0
22547 0
23116 0
23146 0
23192 0
23309 0
23312 0
23494 0
23550 0
23788 0
23818 0
23823 0
23846 0
23859 0
23905 0
23956 0
23977 0
24047 0
24058 0
24150 0
24210 0
24242 0
24255 0
24259 0
24454 0
24458 0
24641 0
24811 0
24852 0
24903 0
25025 0
25044 0
25056 0
25068 0
25297 0
25317 0
25555 0
25632 0
25772 0
25938 0
25941 0
26054 0
26088 0
26120 0
26138 0
26250 0
26409 0
26415 0
26448 0
26456 0
26817 0
26914 0
27056 0
27155 0
27256 0
27284 0
27302 0
27563 0
27650 0
27782 0
27855 0
27887 0
27891 0
27917 0
27983 0
28002 0
28099 0
28134 0
28157 0
28275 0
28361 0
28418 0
28611 0
28629 0
28715 0
28962 0
29034 0
29143 0
29174 0
29237 0
29294 0
29305 0
29514 0
29580 0
29664 0
29710 0
29718 0
29821 0
29859 0
30104 0
30138 0
30150 0
30338 0
30375 0
30406 0
30510 0
30693 0
30704 0
31054 0
31063 0
31211 0
31276 0
31368 0
31388 0
31474 0
31510 0
31540 0
31581 0
31626 0
31627 0
31663 0
31735 0
31815 0
32011 0
32155 0
32161 0
32440 0
32472 0
32475 0
32485 0
32576 0
32612 0
32778 0
32792 0
32868 0
32915 0
33013 0
33114 0
33123 0
33367 0
33597 0
33607 0
33736 0
33895 0
33901 0
33918 0
34115 0
34132 0
34251 0
34307 0
34333 0
34362 0
34397 0
34445 0
34497 0
34700 0
34722 0
35072 0
35126 0
35222 0
35324 0
35590 0
35697 0
35737 0
36008 0
36046 0
36344 0
36359 0
36391 0
36435 0
36748 0
36792 0
36874 0
36881 0
37012 0
37040 0
37048 0
37111 0
37112 0
37199 0
37313 0
37400 0
37596 0
37684 0
37795 0
37797 0
37852 0
38144 0
38172 0
38271 0
38554 0
38801 0
38809 0
39040 0
39185 0
39362 0
39551 0
39612 0
39779 0
39786 0
39967 0
39999 0
40240 0
40377 0
40579 0
40635 0
40669 0
40689 0
40757 0
40760 0
40886 0
40933 0
40939 0
41188 0
41296 0
41333 0
41378 0
41499 0
41706 0
42046 0
42089 0
42219 0
42281 0
42358 0
42491 0
42522 0
42857 0
42898 0
43018 0
43019 0
43153 0
43249 0
43682 0
43755 0
43951 0
43981 0
43990 0
44079 0
44127 0
44152 0
44277 0
44285 0
44294 0
44497 0
44538 0
44578 0
44906 0
44955 0
45024 0
45093 0
45132 0
45167 0
45177 0
45200 0
45362 0
45754 0
45788 0
45859 0
46072 0
46311 0
46329 0
46491 0
46706 0
46716 0
46822 0
46983 0
47062 0
47181 0
47206 0
47277 0
47338 0
47600 0
47699 0
47835 0
47929 0
48001 0
48123 0
48220 0
48283 0
48313 0
48339 0
48444 0
48542 0
48611 0
48619 0
48655 0
48748 0
48843 0
49207 0
49306 0
49341 0
49418 0
49454 0
49473 0
49490 0
49626 0
49967 0
50024 0
50291 0
50343 0
50441 0
50481 0
50510 0
50652 0
50873 0
50990 0
51080 0
51190 0
51407 0
51410 0
51419 0
51421 0
51566 0
51598 0
51760 0
51851 0
51863 0
51939 0
51953 0
51979 0
52013 0
52077 0
52246 0
52250 0
52520 0
52622 0
52678 0
52829 0
53104 0
53117 0
53248 0
53255 0
53257 0
53297 0
53346 0
53581 0
53642 0
53798 0
53835 0
53926 0
53942 0
53968 0
54056 0
54086 0
54404 0
54518 0
54568 0
54740 0
54758 0
54860 0
54865 0
54909 0
54911 0
54948 0
54995 0
55000 0
55022 0
55081 0
55115 0
55136 0
55287 0
55324 0
55336 0
55358 0
55371 0
55394 0
55455 0
55581 0
55615 0
55723 0
55739 0
55833 0
55937 0
56018 0
56120 0
56249 0
56319 0
56337 0
56561 0
56571 0
56882 0
57170 0
57330 0
57337 0
57399 0
57480 0
57562 0
57612 0
57626 0
57668 0
58058 0
58271 0
58346 0
58419 0
58542 0
58818 0
59084 0
59209 0
59226 0
59265 0
59332 0
59511 0
59532 0
59646 0
59811 0
59934 0
60015 0
60117 0
60282 0
60435 0
60537 0
60578 0
60610 0
60750 0
60759 0
60770 0
60886 0
61171 0
61229 0
61252 0
61312 0
61380 0
61416 0
61473 0
61509 0
62078 0
62101 0
62121 0
62144 0
62379 0
62530 0
62584 0
62619 0
62667 0
62814 0
62878 0
62983 0
63162 0
63190 0
63244 0
63301 0
63403 0
63450 0
63659 0
63702 0
63747 0
63763 0
63833 0
63869 0
63926 0
63938 0
63955 0
64002 0
64095 0
64342 0
64585 0
64749 0
64878 0
64926 0
64956 0
65049 0
65086 0
65201 0
65332 0
65341 0
65439 0
65441 0
65536 0
65621 0
65846 0
65847 0
66004 0
66089 0
66093 0
66212 0
66395 0
66496 0
66581 0
66619 0
66931 0
67164 0
67270 0
67351 0
67447 0
67460 0
67517 0
67533 0
67711 0
67744 0
67885 0
67937 0
68136 0
68150 0
68179 0
68271 0
68410 0
68422 0
68448 0
68449 0
68485 0
68596 0
68669 0
68783 0
68803 0
68888 0
68889 0
68955 0
69078 0
69312 0
69485 0
69559 0
69682 0
69705 0
69719 0
69747 0
69882 0
70399 0
70403 0
70452 0
70520 0
70572 0
70652 0
70739 0
70893 0
70915 0
71094 0
71403 0
71404 0
71432 0
71528 0
71572 0
71635 0
71688 0
71832 0
71956 0
72008 0
72051 0
72245 0
72248 0
72333 0
72352 0
72487 0
72520 0
72729 0
72854 0
72909 0
73011 0
73043 0
73088 0
73199 0
73323 0
73358 0
73452 0
73495 0
73614 0
73664 0
73709 0
73725 0
73833 0
74176 0
74200 0
74209 0
74311 0
74421 0
74693 0
74733 0
74738 0
74895 0
75043 0
75048 0
75075 0
75130 0
75345 0
75361 0
75397 0
75399 0
75678 0
75770 0
75931 0
76070 0
76252 0
76331 0
76432 0
76643 0
76735 0
77090 0
77776 0
77802 0
77873 0
77969 0
77989 0
78191 0
78234 0
78244 0
78521 0
78848 0
78878 0
79406 0
79496 0
79533 0
79555 0
79609 0
79638 0
79950 0
80024 0
80090 0
80139 0
80283 0
80319 0
80349 0
80455 0
80582 0
80698 0
80714 0
80762 0
81054 0
81259 0
81381 0
81463 0
81503 0
81536 0
81715 0
81917 0
81934 0
82060 0
82138 0
82147 0
82183 0
82276 0
82306 0
82453 0
82787 0
82841 0
82948 0
82980 0
83284 0
83362 0
83559 0
83586 0
83642 0
83678 0
83843 0
84003 0
84005 0
84099 0
84182 0
84316 0
84327 0
84464 0
84515 0
84538 0
84934 0
84951 0
84984 0
85076 0
85183 0
85418 0
85424 0
85468 0
85523 0
85796 0
85932 0
86020 0
86051 0
86084 0
86197 0
86222 0
86554 0
86763 0
86920 0
86949 0
87020 0
87090 0
87094 0
87147 0
87322 0
87392 0
87501 0
87513 0
87678 0
87898 0
87943 0
88340 0
88626 0
88719 0
88828 0
88928 0
88993 0
89007 0
89171 0
89387 0
89481 0
89493 0
89712 0
89836 0
89837 0
89955 0
90005 0
90059 0
90258 0
90346 0
90366 0
90452 0
90596 0
90626 0
90752 0
90772 0
90961 0
91025 0
91069 0
91078 0
91123 0
91130 0
91339 0
91423 0
91626 0
91805 0
91871 0
91943 0
92143 0
92257 0
92394 0
92480 0
92496 0
92525 0
92910 0
92989 0
93079 0
93263 0
93270 0
93385 0
93409 0
93444 0
93569 0
93630 0
93665 0
93674 0
93873 0
93931 0
93933 0
93963 0
93984 0
94011 0
94309 0
94339 0
94348 0
94461 0
94514 0
94523 0
94715 0
94718 0
95038 0
95078 0
95149 0
95159 0
95536 0
95586 0
95600 0
95617 0
95874 0
95966 0
96203 0
96205 0
96243 0
96365 0
96427 0
96713 0
96872 0
96897 0
97049 0
97241 0
97244 0
97330 0
97516 0
97643 0
97880 0
98082 0
98249 0
98324 0
98404 0
98709 0
98723 0
98864 0
98877 0
98904 0
98930 0
98989 0
99110 0
99220 0
99253 0
99380 0
99599 0
99670 0
99681 0
99849 0
