c This is a uniform distributed  1-D DIMACS file 
c width height point_number
p 100000 100000 1024
248 0
306 0
330 0
351 0
403 0
486 0
793 0
803 0
988 0
1108 0
1148 0
1304 0
1417 0
1425 0
1545 0
1572 0
1643 0
1714 0
1739 0
1741 0
1807 0
1917 0
1968 0
1989 0
2144 0
2205 0
2252 0
2347 0
2436 0
2496 0
2533 0
2575 0
2667 0
2714 0
2928 0
3002 0
3180 0
3249 0
3320 0
3411 0
3456 0
3637 0
3920 0
3957 0
4011 0
4093 0
4183 0
4289 0
4501 0
4659 0
4771 0
4888 0
4936 0
4980 0
5027 0
5075 0
5308 0
5395 0
5400 0
5466 0
5546 0
5595 0
5862 0
5940 0
5974 0
6062 0
6454 0
6499 0
6521 0
6559 0
6605 0
6762 0
6795 0
6800 0
6837 0
6839 0
7010 0
7104 0
7252 0
7354 0
7384 0
7450 0
7711 0
7861 0
7910 0
7921 0
8166 0
8354 0
8389 0
8431 0
8473 0
8481 0
8657 0
8683 0
8711 0
8958 0
9021 0
9240 0
9316 0
9353 0
9781 0
10004 0
10064 0
10078 0
10225 0
10269 0
10286 0
10340 0
10474 0
10502 0
10547 0
10915 0
11133 0
11135 0
11222 0
11307 0
11316 0
11441 0
11500 0
11690 0
11768 0
11784 0
11835 0
12164 0
12273 0
12285 0
12312 0
12417 0
12582 0
12770 0
12847 0
12996 0
13070 0
13101 0
13275 0
13292 0
13339 0
13438 0
13693 0
13790 0
13803 0
13815 0
13904 0
13905 0
13944 0
13974 0
14136 0
14283 0
14416 0
14571 0
14657 0
14717 0
14825 0
14941 0
14944 0
15035 0
15166 0
15195 0
15211 0
15309 0
15386 0
15446 0
15447 0
15491 0
15511 0
15665 0
15725 0
15962 0
16009 0
16015 0
16163 0
16744 0
16821 0
16845 0
16892 0
16999 0
17130 0
17195 0
17238 0
17325 0
17504 0
17542 0
17954 0
18018 0
18053 0
18203 0
18269 0
18379 0
18380 0
18436 0
18577 0
18743 0
18843 0
18990 0
19021 0
19023 0
19284 0
19302 0
19337 0
19414 0
19423 0
19426 0
19502 0
19571 0
19912 0
20022 0
20063 0
20075 0
20155 0
20196 0
20276 0
20376 0
20704 0
20774 0
20776 0
20779 0
21010 0
21141 0
21388 0
21394 0
21411 0
21493 0
21510 0
21559 0
21593 0
21841 0
21859 0
21880 0
21920 0
22049 0
22093 0
22127 0
22511 0
22768 0
22779 0
22920 0
23172 0
23263 0
23539 0
23575 0
23640 0
23651 0
23679 0
24103 0
24175 0
24215 0
24230 0
24301 0
24330 0
24467 0
24505 0
24554 0
24660 0
24672 0
24685 0
24787 0
25129 0
25156 0
25211 0
25253 0
25325 0
25426 0
25554 0
25653 0
25741 0
25899 0
26043 0
26134 0
26633 0
26640 0
26654 0
26748 0
26838 0
26896 0
27103 0
27185 0
27247 0
27280 0
27355 0
27413 0
27484 0
27519 0
27534 0
27584 0
27620 0
27691 0
28116 0
28192 0
28268 0
28271 0
28279 0
28300 0
28592 0
28604 0
28741 0
29153 0
29223 0
29373 0
29471 0
29546 0
29594 0
29607 0
29670 0
29696 0
29714 0
29756 0
30212 0
30289 0
30291 0
30469 0
30507 0
30609 0
30627 0
30720 0
30860 0
30881 0
30885 0
31216 0
31319 0
31345 0
31546 0
31599 0
31665 0
31706 0
31800 0
31921 0
31946 0
32089 0
32147 0
32332 0
32334 0
32404 0
32537 0
32764 0
32850 0
32893 0
33043 0
33107 0
33617 0
33622 0
33785 0
33799 0
33872 0
34052 0
34079 0
34093 0
34123 0
34184 0
34337 0
34403 0
34409 0
34470 0
34490 0
34504 0
34647 0
34732 0
34744 0
34932 0
35396 0
35713 0
35781 0
35925 0
35933 0
35951 0
35983 0
36039 0
36266 0
36284 0
36304 0
36325 0
36438 0
36444 0
36485 0
36532 0
36585 0
36675 0
36755 0
36804 0
36867 0
37043 0
37049 0
37124 0
37347 0
37587 0
37794 0
37864 0
37874 0
37880 0
38051 0
38259 0
38268 0
38585 0
38633 0
38700 0
39033 0
39169 0
39400 0
39477 0
39628 0
39703 0
39847 0
39986 0
40163 0
40176 0
40179 0
40215 0
40442 0
40475 0
40612 0
40661 0
40708 0
40746 0
40955 0
41004 0
41226 0
41287 0
41383 0
41583 0
41594 0
41636 0
41864 0
42100 0
42121 0
42215 0
42450 0
42467 0
42491 0
42993 0
42994 0
43016 0
43098 0
43159 0
43199 0
43321 0
43427 0
43443 0
43560 0
43631 0
43664 0
43669 0
43684 0
43848 0
43881 0
43921 0
43950 0
43977 0
44032 0
44097 0
44171 0
44224 0
44328 0
44631 0
44743 0
44828 0
44850 0
45035 0
45056 0
45311 0
45330 0
45391 0
45430 0
45502 0
45505 0
45524 0
45616 0
45680 0
45728 0
45744 0
45762 0
45984 0
46018 0
46089 0
46124 0
46236 0
46392 0
46411 0
46466 0
46652 0
46763 0
46896 0
46939 0
47350 0
47419 0
47455 0
47462 0
47647 0
47717 0
47812 0
48040 0
48107 0
48237 0
48362 0
48449 0
48550 0
48823 0
48987 0
49075 0
49150 0
49241 0
49269 0
49345 0
49472 0
49513 0
49775 0
49836 0
49932 0
50024 0
50055 0
50189 0
50213 0
50327 0
50360 0
50437 0
50480 0
50500 0
50575 0
50643 0
50746 0
50809 0
50907 0
50910 0
51007 0
51008 0
51040 0
51350 0
51352 0
51461 0
51497 0
51504 0
51525 0
51577 0
51590 0
51804 0
51958 0
52073 0
52113 0
52192 0
52319 0
52371 0
52486 0
52554 0
52640 0
52822 0
53024 0
53218 0
53319 0
53523 0
53598 0
53669 0
53868 0
53899 0
53928 0
54124 0
54182 0
54254 0
54267 0
54278 0
54346 0
54351 0
54412 0
54440 0
54478 0
54532 0
54940 0
55029 0
55120 0
55131 0
55381 0
55685 0
55722 0
55732 0
55767 0
55796 0
55932 0
56072 0
56082 0
56282 0
56524 0
56688 0
56763 0
56795 0
56824 0
56860 0
57092 0
57142 0
57423 0
57834 0
57838 0
57943 0
58036 0
58088 0
58111 0
58340 0
58473 0
58482 0
58520 0
58843 0
58876 0
58890 0
58986 0
59122 0
59157 0
59231 0
59402 0
59480 0
59716 0
59782 0
59896 0
60112 0
60190 0
60201 0
60226 0
60228 0
60441 0
60734 0
60772 0
61085 0
61242 0
61433 0
61561 0
61742 0
61746 0
61784 0
61879 0
61900 0
61927 0
62157 0
62334 0
62357 0
62358 0
62491 0
62519 0
62640 0
62670 0
62712 0
62919 0
62924 0
63041 0
63243 0
63349 0
63371 0
63511 0
63625 0
63733 0
63789 0
63797 0
63863 0
63899 0
64208 0
64295 0
64354 0
64385 0
64531 0
64634 0
64648 0
64723 0
64804 0
65074 0
65096 0
65108 0
65234 0
65346 0
65475 0
65563 0
65873 0
65934 0
66368 0
66510 0
66553 0
66728 0
66817 0
66820 0
67235 0
67328 0
67342 0
67352 0
67362 0
67482 0
67646 0
67735 0
67763 0
67855 0
67924 0
68138 0
68152 0
68183 0
68185 0
68517 0
68530 0
68681 0
68922 0
69018 0
69143 0
69363 0
69616 0
69926 0
70019 0
70193 0
70301 0
70354 0
70552 0
70587 0
70679 0
70704 0
70761 0
70882 0
70935 0
71056 0
71174 0
71216 0
71393 0
71490 0
71539 0
71762 0
71813 0
71889 0
71927 0
71930 0
71994 0
72063 0
72140 0
72154 0
72176 0
72291 0
72558 0
72749 0
72756 0
72759 0
72861 0
73013 0
73024 0
73236 0
73336 0
73357 0
73679 0
73717 0
73737 0
73778 0
73887 0
74233 0
74282 0
74306 0
74307 0
74598 0
74722 0
74861 0
74883 0
75052 0
75054 0
75078 0
75101 0
75111 0
75125 0
75151 0
75168 0
75232 0
75253 0
75259 0
75364 0
75382 0
75399 0
75455 0
75648 0
75681 0
75863 0
75895 0
75900 0
75921 0
75990 0
76122 0
76140 0
76198 0
76329 0
76438 0
76470 0
76481 0
76722 0
76729 0
76887 0
77262 0
77451 0
77528 0
77662 0
77697 0
77708 0
77759 0
77772 0
77856 0
77868 0
78012 0
78088 0
78148 0
78155 0
78207 0
78399 0
78478 0
78574 0
78730 0
78762 0
78843 0
78964 0
79073 0
79286 0
79311 0
79353 0
79466 0
79550 0
79687 0
79711 0
79789 0
79868 0
80055 0
80239 0
80281 0
80391 0
80532 0
80706 0
80763 0
80773 0
81119 0
81133 0
81228 0
81229 0
81299 0
81315 0
81328 0
81353 0
81568 0
81571 0
81578 0
81706 0
81846 0
81949 0
82114 0
82165 0
82573 0
82869 0
82871 0
82900 0
82909 0
82942 0
82960 0
82999 0
83016 0
83035 0
83083 0
83157 0
83163 0
83165 0
83481 0
83526 0
83603 0
83661 0
83663 0
83862 0
84062 0
84110 0
84486 0
84511 0
84575 0
84688 0
84974 0
85126 0
85516 0
85548 0
85578 0
85721 0
85896 0
85965 0
86052 0
86184 0
86260 0
86537 0
86594 0
86709 0
86729 0
86838 0
86962 0
86987 0
86993 0
87031 0
87077 0
87223 0
87336 0
87364 0
87496 0
87776 0
87846 0
88171 0
88314 0
88344 0
88466 0
88533 0
88729 0
88773 0
89434 0
89681 0
89767 0
89800 0
89813 0
89936 0
90068 0
90497 0
90579 0
90629 0
90745 0
90751 0
90766 0
90791 0
90907 0
90910 0
90928 0
90944 0
90987 0
91073 0
91099 0
91141 0
91192 0
91243 0
91315 0
91420 0
91687 0
91695 0
91842 0
91884 0
92076 0
92298 0
92470 0
92540 0
92602 0
92606 0
92744 0
92821 0
92881 0
92890 0
93059 0
93148 0
93150 0
93183 0
93298 0
93302 0
93314 0
93326 0
93409 0
93594 0
93600 0
93635 0
93712 0
93754 0
93840 0
94156 0
94217 0
94346 0
94364 0
94430 0
94444 0
94646 0
94730 0
94977 0
95117 0
95200 0
95238 0
95319 0
95451 0
95673 0
95838 0
95849 0
95904 0
95928 0
95988 0
96037 0
96228 0
96321 0
96377 0
96419 0
96506 0
96667 0
96717 0
96719 0
96869 0
96891 0
96975 0
97020 0
97025 0
97124 0
97143 0
97220 0
97256 0
97317 0
97464 0
97489 0
97526 0
97558 0
97593 0
97606 0
97805 0
97839 0
97931 0
97935 0
97937 0
98078 0
98099 0
98152 0
98207 0
98482 0
98602 0
98739 0
98753 0
98787 0
99049 0
99087 0
99154 0
99164 0
99270 0
99312 0
99332 0
99345 0
99383 0
99600 0
99711 0
99754 0
99906 0
99957 0
99985 0
