c This is a uniform distributed  1-D DIMACS file 
c width height point_number
p 100000 100000 1024
158 0
179 0
338 0
647 0
976 0
1041 0
1069 0
1072 0
1254 0
1520 0
1539 0
1548 0
1684 0
1761 0
1765 0
2018 0
2152 0
2157 0
2270 0
2575 0
2671 0
2794 0
2798 0
3034 0
3086 0
3320 0
3646 0
3907 0
4019 0
4030 0
4041 0
4243 0
4287 0
4397 0
4660 0
4663 0
4725 0
4818 0
5024 0
5094 0
5111 0
5320 0
5403 0
5520 0
5753 0
5935 0
5984 0
6033 0
6154 0
6309 0
6409 0
6461 0
6601 0
6652 0
6724 0
6736 0
6791 0
6813 0
6869 0
6998 0
7020 0
7117 0
7150 0
7208 0
7295 0
7370 0
7526 0
7700 0
7745 0
7831 0
8006 0
8089 0
8349 0
8355 0
8424 0
8613 0
8637 0
8656 0
8808 0
8999 0
9167 0
9257 0
9395 0
9530 0
9540 0
9919 0
9924 0
9973 0
9994 0
10083 0
10250 0
10338 0
10444 0
10450 0
10486 0
10547 0
10562 0
10620 0
10883 0
10916 0
11048 0
11082 0
11314 0
11504 0
11506 0
11637 0
11664 0
11924 0
11943 0
12063 0
12078 0
12096 0
12106 0
12136 0
12157 0
12411 0
12568 0
12575 0
12898 0
13323 0
13359 0
13395 0
13418 0
13425 0
13511 0
13583 0
13646 0
13910 0
13978 0
13979 0
13985 0
13986 0
14004 0
14182 0
14228 0
14286 0
14288 0
14329 0
14543 0
14576 0
14650 0
14746 0
14792 0
14873 0
14889 0
15059 0
15144 0
15303 0
15448 0
15455 0
15481 0
15505 0
15508 0
15604 0
15608 0
15612 0
15627 0
15653 0
15833 0
15923 0
16249 0
16438 0
16470 0
16549 0
16593 0
16644 0
17075 0
17086 0
17244 0
17469 0
17513 0
17629 0
17860 0
18261 0
18335 0
18429 0
18532 0
18660 0
18700 0
18753 0
18938 0
19062 0
19189 0
19364 0
19417 0
19580 0
19872 0
20174 0
20313 0
20314 0
20356 0
20396 0
20483 0
20558 0
20871 0
20901 0
20918 0
20956 0
21159 0
21196 0
21444 0
21456 0
21626 0
21710 0
21730 0
21777 0
22096 0
22133 0
22209 0
22345 0
22398 0
22598 0
22687 0
22697 0
22727 0
22845 0
22871 0
22919 0
23037 0
23043 0
23213 0
23671 0
23769 0
23881 0
24070 0
24209 0
24415 0
24490 0
24545 0
24720 0
24761 0
24770 0
24869 0
25321 0
25355 0
25409 0
25441 0
25475 0
25521 0
25606 0
25709 0
26056 0
26177 0
26347 0
26373 0
26407 0
26520 0
26762 0
26777 0
26909 0
26959 0
27017 0
27032 0
27249 0
27570 0
27597 0
27632 0
27639 0
27808 0
27925 0
28004 0
28082 0
28118 0
28206 0
28239 0
28255 0
28429 0
28686 0
28735 0
28814 0
28958 0
28961 0
29552 0
29563 0
29907 0
30022 0
30204 0
30487 0
30512 0
30547 0
30619 0
31130 0
31407 0
31445 0
31568 0
31573 0
31578 0
31694 0
31809 0
31879 0
31981 0
32023 0
32027 0
32097 0
32190 0
32223 0
32305 0
32366 0
32431 0
32492 0
32914 0
32947 0
33046 0
33115 0
33221 0
33352 0
33406 0
33549 0
33822 0
33880 0
33903 0
33934 0
33940 0
34053 0
34078 0
34222 0
34394 0
34404 0
34443 0
34471 0
34521 0
34588 0
34624 0
34668 0
34815 0
34880 0
34952 0
34971 0
35125 0
35169 0
35198 0
35451 0
35639 0
35679 0
35754 0
35863 0
35889 0
36049 0
36085 0
36339 0
36368 0
36491 0
36542 0
36556 0
36595 0
36620 0
36823 0
37075 0
37158 0
37264 0
37336 0
37775 0
37934 0
38115 0
38213 0
38431 0
38471 0
38622 0
38830 0
38896 0
38989 0
39192 0
39227 0
39419 0
39431 0
39645 0
39695 0
39728 0
40016 0
40020 0
40029 0
40034 0
40132 0
40301 0
40371 0
40497 0
40813 0
40834 0
40925 0
41245 0
41270 0
41282 0
41289 0
41520 0
41550 0
41573 0
41665 0
41670 0
41727 0
41790 0
42021 0
42024 0
42128 0
42160 0
42232 0
42302 0
42327 0
42518 0
42552 0
42630 0
42795 0
43077 0
43149 0
43191 0
43300 0
43318 0
43343 0
43404 0
43426 0
43456 0
43518 0
43522 0
43639 0
43758 0
43839 0
43917 0
43957 0
43977 0
44105 0
44123 0
44138 0
44221 0
44250 0
44270 0
44414 0
44602 0
44605 0
44640 0
44643 0
45031 0
45121 0
45175 0
45643 0
45797 0
45810 0
45934 0
45946 0
45986 0
45999 0
46056 0
46222 0
46379 0
46472 0
46473 0
46726 0
47163 0
47210 0
47232 0
47320 0
47327 0
47373 0
47398 0
47450 0
47636 0
47736 0
47746 0
47934 0
48139 0
48287 0
48335 0
48408 0
48715 0
48816 0
48832 0
48842 0
48867 0
48916 0
49087 0
49123 0
49323 0
49385 0
49513 0
49526 0
49543 0
49552 0
49650 0
49711 0
49761 0
49893 0
50085 0
50098 0
50111 0
50308 0
50391 0
50484 0
50507 0
50584 0
50762 0
50882 0
50894 0
51184 0
51415 0
51456 0
51567 0
51633 0
51685 0
51966 0
51986 0
52113 0
52174 0
52218 0
52226 0
52290 0
52410 0
52542 0
52575 0
52602 0
52725 0
52902 0
52958 0
53221 0
53226 0
53600 0
53669 0
53692 0
53701 0
53727 0
53795 0
53801 0
53834 0
53898 0
54216 0
54247 0
54252 0
54257 0
54366 0
54438 0
54455 0
54559 0
54599 0
54692 0
54827 0
55085 0
55125 0
55145 0
55267 0
55436 0
55466 0
55531 0
55607 0
55625 0
55783 0
55840 0
56196 0
56379 0
56386 0
56409 0
56507 0
56552 0
56639 0
56723 0
56893 0
57046 0
57064 0
57186 0
57238 0
57296 0
57419 0
57633 0
57708 0
57935 0
57979 0
58011 0
58122 0
58306 0
58354 0
58496 0
58837 0
58851 0
59044 0
59063 0
59241 0
59288 0
59323 0
59345 0
59371 0
59458 0
59515 0
59585 0
59644 0
59647 0
59766 0
60107 0
60251 0
60256 0
60324 0
60378 0
60387 0
60408 0
60490 0
60518 0
60630 0
60811 0
60864 0
61188 0
61199 0
61224 0
61245 0
61306 0
61324 0
61398 0
61407 0
61457 0
61464 0
61475 0
61563 0
61623 0
61760 0
61872 0
61964 0
61986 0
62051 0
62161 0
62205 0
62459 0
62494 0
62614 0
62633 0
62857 0
62920 0
62954 0
63073 0
63107 0
63253 0
63303 0
63337 0
63608 0
63614 0
63737 0
63811 0
63920 0
63938 0
64314 0
64322 0
64328 0
64349 0
64528 0
64651 0
64716 0
65016 0
65122 0
65172 0
65204 0
65305 0
65497 0
65517 0
65575 0
65660 0
65703 0
65743 0
65790 0
65916 0
65920 0
66290 0
66409 0
66439 0
66561 0
66644 0
66677 0
66718 0
66728 0
66937 0
67191 0
67290 0
67441 0
67498 0
67541 0
67578 0
67586 0
67672 0
67694 0
67714 0
67766 0
67776 0
67940 0
68111 0
68129 0
68158 0
68172 0
68265 0
68425 0
68539 0
68607 0
68779 0
68970 0
69056 0
69167 0
69191 0
69253 0
69339 0
69346 0
69419 0
69519 0
69535 0
69551 0
69562 0
69866 0
70180 0
70218 0
70247 0
70438 0
70663 0
70732 0
70812 0
70816 0
70834 0
70847 0
70875 0
71004 0
71208 0
71223 0
71282 0
71473 0
71630 0
71687 0
71750 0
71766 0
71947 0
72006 0
72089 0
72242 0
72279 0
72392 0
72472 0
72568 0
72640 0
72711 0
72735 0
72769 0
72803 0
72848 0
72860 0
73190 0
73250 0
73268 0
73807 0
73811 0
73997 0
74103 0
74123 0
74129 0
74219 0
74254 0
74281 0
74330 0
74354 0
74364 0
74407 0
74443 0
74483 0
74737 0
74761 0
74896 0
74965 0
75004 0
75044 0
75323 0
75450 0
75491 0
75542 0
75694 0
75704 0
75783 0
76077 0
76285 0
76289 0
76467 0
76511 0
76695 0
76730 0
76868 0
76965 0
76978 0
77026 0
77046 0
77084 0
77260 0
77283 0
77287 0
77334 0
77352 0
77430 0
77432 0
77446 0
77568 0
77640 0
77657 0
77762 0
77889 0
78072 0
78216 0
78275 0
78462 0
78547 0
78676 0
78738 0
78933 0
79011 0
79096 0
79198 0
79267 0
79320 0
79614 0
79623 0
79733 0
79862 0
79948 0
80076 0
80235 0
80241 0
80539 0
80639 0
80649 0
80681 0
80804 0
80994 0
81149 0
81193 0
81470 0
81507 0
81520 0
81602 0
81667 0
81794 0
82108 0
82241 0
82277 0
82443 0
82476 0
82634 0
82642 0
82643 0
82689 0
82862 0
82894 0
83067 0
83077 0
83089 0
83151 0
83181 0
83252 0
83284 0
83442 0
83524 0
83538 0
83793 0
83808 0
84105 0
84163 0
84346 0
84393 0
84453 0
84532 0
84628 0
84702 0
84827 0
84992 0
85150 0
85156 0
85276 0
85450 0
85563 0
85589 0
85607 0
85694 0
85741 0
85749 0
85778 0
85877 0
85962 0
86060 0
86232 0
86294 0
86393 0
86426 0
86488 0
86626 0
86659 0
86935 0
87054 0
87060 0
87102 0
87191 0
87240 0
87271 0
87531 0
87534 0
87577 0
87617 0
87625 0
87735 0
87787 0
88095 0
88109 0
88253 0
88332 0
88353 0
88716 0
88717 0
88774 0
88812 0
88835 0
88836 0
88871 0
88924 0
88948 0
89309 0
89343 0
89373 0
89389 0
89633 0
89705 0
89814 0
89819 0
89842 0
89913 0
90005 0
90023 0
90061 0
90156 0
90179 0
90213 0
90229 0
90259 0
90501 0
90588 0
90686 0
90733 0
90827 0
90978 0
91001 0
91066 0
91231 0
91262 0
91278 0
91372 0
91460 0
91521 0
91535 0
91556 0
91587 0
91594 0
91605 0
91708 0
91742 0
91759 0
91762 0
92217 0
92288 0
92417 0
92472 0
92485 0
92634 0
92774 0
93045 0
93061 0
93063 0
93160 0
93555 0
93609 0
93620 0
93675 0
93771 0
93832 0
94005 0
94025 0
94138 0
94461 0
94518 0
94535 0
94694 0
94777 0
94808 0
94863 0
94942 0
95123 0
95125 0
95516 0
95569 0
95596 0
95662 0
95771 0
95881 0
96143 0
96252 0
96385 0
96473 0
96613 0
96718 0
96729 0
96736 0
96778 0
96851 0
96909 0
96931 0
96964 0
97038 0
97065 0
97299 0
97357 0
97407 0
97499 0
97637 0
97692 0
97706 0
97717 0
97720 0
97801 0
97871 0
98004 0
98253 0
98453 0
98573 0
98790 0
98853 0
98935 0
99084 0
99429 0
99507 0
99510 0
99518 0
99588 0
99738 0
99842 0
