c This is a uniform distributed  1-D DIMACS file 
c width height point_number
p 100000 100000 1024
94 0
101 0
470 0
593 0
613 0
798 0
852 0
895 0
1222 0
1292 0
1338 0
1385 0
1609 0
1741 0
1872 0
1914 0
1925 0
2099 0
2122 0
2174 0
2196 0
2419 0
2497 0
2563 0
2680 0
2758 0
2776 0
2964 0
2988 0
3405 0
3419 0
3467 0
3512 0
3561 0
3887 0
3913 0
3919 0
3923 0
4421 0
4486 0
4681 0
4931 0
5029 0
5038 0
5104 0
5163 0
5182 0
5246 0
5411 0
5897 0
5986 0
6005 0
6038 0
6449 0
6522 0
6875 0
6922 0
7009 0
7012 0
7013 0
7427 0
7558 0
7602 0
7705 0
7735 0
7789 0
7878 0
7998 0
8011 0
8267 0
8287 0
8293 0
8473 0
8753 0
8805 0
8820 0
8902 0
9121 0
9145 0
9360 0
9397 0
9426 0
9482 0
9501 0
9631 0
9695 0
9725 0
9775 0
9782 0
10089 0
10097 0
10101 0
10195 0
10414 0
10739 0
10826 0
11053 0
11060 0
11101 0
11327 0
11409 0
11466 0
11478 0
11499 0
11591 0
11606 0
11637 0
11724 0
11835 0
11910 0
11923 0
12004 0
12121 0
12135 0
12233 0
12373 0
12384 0
12405 0
12580 0
12844 0
12911 0
12913 0
12919 0
13430 0
13641 0
13658 0
13705 0
13730 0
13825 0
13908 0
14255 0
14282 0
14298 0
14592 0
14673 0
14706 0
14860 0
14882 0
15116 0
15128 0
15266 0
15353 0
15589 0
15621 0
15709 0
15742 0
15836 0
15913 0
15920 0
15998 0
16081 0
16152 0
16299 0
16364 0
16882 0
16958 0
16976 0
17090 0
17341 0
17583 0
17592 0
18014 0
18130 0
18232 0
18388 0
18492 0
18505 0
18729 0
18822 0
18932 0
18984 0
19056 0
19341 0
19362 0
19522 0
19609 0
20007 0
20046 0
20100 0
20130 0
20133 0
20166 0
20178 0
20184 0
20428 0
20648 0
20738 0
20951 0
20990 0
21075 0
21108 0
21244 0
21267 0
21650 0
21675 0
21753 0
21872 0
21876 0
22037 0
22303 0
22572 0
22598 0
22617 0
22894 0
22899 0
22958 0
23060 0
23204 0
23307 0
23311 0
23315 0
23418 0
23419 0
23483 0
23758 0
23762 0
23837 0
23843 0
23906 0
24405 0
24456 0
24529 0
24676 0
24778 0
24786 0
24814 0
24920 0
24994 0
25026 0
25037 0
25137 0
25248 0
25275 0
25330 0
25354 0
25375 0
25485 0
25688 0
25736 0
25786 0
25820 0
25908 0
26153 0
26215 0
26704 0
26744 0
26814 0
26873 0
26886 0
26952 0
26957 0
26982 0
27005 0
27019 0
27035 0
27046 0
27258 0
27261 0
27343 0
27480 0
27537 0
27662 0
27725 0
27742 0
27785 0
27823 0
27868 0
27907 0
28040 0
28087 0
28251 0
28437 0
28648 0
28652 0
28955 0
28961 0
29268 0
29354 0
29364 0
29420 0
29460 0
29765 0
29845 0
29850 0
29894 0
30106 0
30143 0
30302 0
30361 0
30442 0
30753 0
30858 0
31011 0
31076 0
31223 0
31650 0
31740 0
31783 0
31786 0
31839 0
31922 0
31959 0
32231 0
32309 0
32831 0
32885 0
32892 0
32905 0
33202 0
33355 0
33375 0
33395 0
33416 0
33539 0
33921 0
33931 0
34010 0
34089 0
34177 0
34203 0
34331 0
34489 0
34659 0
34707 0
34736 0
34791 0
35045 0
35051 0
35052 0
35236 0
35313 0
35429 0
35460 0
35490 0
35621 0
36021 0
36210 0
36224 0
36316 0
36362 0
36445 0
36547 0
36590 0
36662 0
36721 0
36737 0
36742 0
36951 0
37011 0
37029 0
37074 0
37213 0
37238 0
37286 0
37293 0
37438 0
37620 0
37645 0
37735 0
38009 0
38041 0
38112 0
38213 0
38215 0
38373 0
38387 0
38396 0
38407 0
38430 0
38465 0
38570 0
38608 0
38776 0
38805 0
38871 0
39022 0
39042 0
39079 0
39229 0
39309 0
39336 0
39367 0
39422 0
39513 0
39607 0
39790 0
39921 0
40069 0
40134 0
40445 0
40543 0
40606 0
40622 0
40643 0
40704 0
40739 0
40801 0
40832 0
40844 0
41295 0
41408 0
41505 0
41575 0
41691 0
41751 0
41791 0
41809 0
41994 0
42180 0
42440 0
42442 0
42478 0
42507 0
42513 0
42522 0
42614 0
42662 0
42730 0
42757 0
42799 0
42915 0
43234 0
43296 0
43350 0
43450 0
43568 0
43570 0
43648 0
43672 0
43724 0
43865 0
43891 0
43987 0
44039 0
44070 0
44240 0
44260 0
44297 0
44466 0
44551 0
44708 0
44710 0
44786 0
44890 0
45193 0
45296 0
45303 0
45354 0
45388 0
45445 0
45464 0
45519 0
45549 0
45561 0
45664 0
45791 0
45857 0
45892 0
46032 0
46403 0
46500 0
46523 0
46615 0
46775 0
46779 0
46871 0
46948 0
47043 0
47274 0
47313 0
47321 0
47355 0
47395 0
47450 0
47457 0
47664 0
47806 0
47884 0
47955 0
47994 0
48209 0
48372 0
48374 0
48601 0
48683 0
48692 0
48799 0
48852 0
49273 0
49280 0
49503 0
49748 0
49757 0
49812 0
49867 0
50054 0
50587 0
50625 0
50680 0
50860 0
50952 0
51116 0
51655 0
51715 0
51812 0
51940 0
52087 0
52116 0
52142 0
52238 0
52281 0
52463 0
52490 0
52514 0
52548 0
52549 0
52574 0
52621 0
52669 0
52678 0
52818 0
53007 0
53122 0
53124 0
53252 0
53479 0
53485 0
53631 0
53744 0
53943 0
53978 0
54181 0
54199 0
54255 0
54269 0
54356 0
54430 0
54463 0
54546 0
54547 0
54763 0
54780 0
54889 0
55027 0
55061 0
55083 0
55154 0
55256 0
55271 0
55398 0
55752 0
55914 0
55987 0
56063 0
56112 0
56133 0
56338 0
56357 0
56449 0
56488 0
56527 0
56538 0
56621 0
56639 0
56819 0
56895 0
57192 0
57309 0
57369 0
57509 0
57526 0
57601 0
57626 0
57742 0
57853 0
57962 0
58086 0
58147 0
58504 0
58524 0
58531 0
58747 0
58813 0
59127 0
59254 0
59269 0
59282 0
59301 0
59531 0
59581 0
59602 0
59619 0
59694 0
59716 0
59789 0
59856 0
60134 0
60156 0
60279 0
60344 0
60536 0
60566 0
60782 0
60810 0
60858 0
60936 0
61047 0
61074 0
61186 0
61303 0
61354 0
61571 0
61714 0
61762 0
62080 0
62445 0
62552 0
62571 0
62730 0
62747 0
62757 0
62783 0
62835 0
62839 0
62886 0
63004 0
63361 0
63367 0
63414 0
63419 0
63721 0
64023 0
64224 0
64434 0
64571 0
64867 0
65095 0
65181 0
65220 0
65277 0
65324 0
65355 0
65372 0
65484 0
65600 0
65636 0
65803 0
65912 0
65941 0
66210 0
66273 0
66276 0
66440 0
66478 0
66510 0
66565 0
66577 0
66590 0
66946 0
67399 0
67400 0
67560 0
67605 0
67675 0
67700 0
67841 0
67890 0
67891 0
68202 0
68220 0
68247 0
68269 0
68474 0
68628 0
68728 0
68741 0
68756 0
68817 0
68827 0
68829 0
68956 0
69070 0
69141 0
69435 0
69525 0
69584 0
69659 0
69723 0
69915 0
69940 0
69989 0
70052 0
70239 0
70273 0
70382 0
70400 0
70487 0
70534 0
70558 0
70609 0
70745 0
70839 0
70883 0
70919 0
71071 0
71167 0
71209 0
71256 0
71300 0
71332 0
71383 0
71558 0
71593 0
71713 0
71714 0
71787 0
71819 0
71893 0
71969 0
71974 0
72131 0
72280 0
72309 0
72364 0
72532 0
72555 0
72615 0
72840 0
72863 0
72933 0
73037 0
73065 0
73136 0
73256 0
73331 0
73365 0
73382 0
73479 0
73729 0
73736 0
73829 0
73879 0
73926 0
73930 0
74153 0
74166 0
74254 0
74306 0
74315 0
74393 0
74499 0
74545 0
74574 0
74651 0
74660 0
74891 0
75313 0
75359 0
75524 0
75578 0
75752 0
75882 0
75956 0
75998 0
76324 0
76441 0
76474 0
76479 0
76579 0
76694 0
76724 0
76854 0
77000 0
77286 0
77583 0
77800 0
77930 0
78634 0
78697 0
78710 0
78779 0
78929 0
78958 0
79074 0
79129 0
79194 0
79225 0
79250 0
79286 0
79404 0
79465 0
79484 0
79635 0
79669 0
79702 0
79836 0
79861 0
79905 0
79984 0
80042 0
80164 0
80187 0
80213 0
80472 0
80578 0
80676 0
80705 0
80749 0
80783 0
80967 0
80993 0
81412 0
81476 0
81522 0
81573 0
81729 0
81758 0
81842 0
81858 0
81859 0
81921 0
81942 0
82033 0
82089 0
82120 0
82128 0
82213 0
82250 0
82308 0
82358 0
82458 0
82571 0
82728 0
82866 0
82945 0
82992 0
83055 0
83100 0
83242 0
83350 0
83698 0
83726 0
83892 0
83967 0
83972 0
84213 0
84339 0
84356 0
84417 0
84467 0
84524 0
84555 0
84632 0
84663 0
84666 0
84918 0
84978 0
85017 0
85023 0
85111 0
85126 0
85173 0
85372 0
85533 0
85553 0
85729 0
85972 0
85999 0
86029 0
86108 0
86180 0
86294 0
86340 0
86385 0
86466 0
86641 0
86824 0
86905 0
87070 0
87198 0
87315 0
87497 0
87583 0
87987 0
88158 0
88163 0
88478 0
88555 0
88625 0
88653 0
88693 0
88755 0
88816 0
88871 0
89069 0
89100 0
89142 0
89184 0
89209 0
89237 0
89515 0
89565 0
89689 0
89741 0
89936 0
89988 0
90071 0
90239 0
90266 0
90287 0
90513 0
90536 0
90617 0
90638 0
90708 0
90718 0
90719 0
90750 0
90809 0
90854 0
90869 0
90929 0
90982 0
90998 0
91015 0
91033 0
91081 0
91205 0
91220 0
91238 0
91505 0
91758 0
91803 0
91981 0
91986 0
91987 0
92172 0
92218 0
92289 0
92300 0
92310 0
92312 0
92319 0
92504 0
92608 0
92649 0
92727 0
92899 0
92926 0
93006 0
93259 0
93300 0
93558 0
93567 0
93709 0
93791 0
93808 0
93847 0
94119 0
94124 0
94202 0
94276 0
94534 0
94618 0
95082 0
95220 0
95255 0
95483 0
95598 0
95646 0
95805 0
95869 0
95894 0
95940 0
95953 0
95978 0
96088 0
96456 0
96592 0
96649 0
96701 0
96737 0
96767 0
96848 0
96976 0
96991 0
97183 0
97255 0
97269 0
97527 0
97553 0
97595 0
97621 0
97640 0
97692 0
97769 0
97797 0
97852 0
97856 0
97877 0
98100 0
98174 0
98230 0
98259 0
98612 0
98728 0
98876 0
98928 0
98996 0
99037 0
99060 0
99070 0
99109 0
99129 0
99132 0
99272 0
99416 0
99436 0
99439 0
99752 0
99813 0
99921 0
99939 0
99976 0
