c This is a uniform distributed  1-D DIMACS file 
c width height point_number
p 100000 100000 1024
106 0
204 0
316 0
387 0
389 0
427 0
452 0
479 0
534 0
545 0
564 0
584 0
623 0
683 0
791 0
812 0
865 0
928 0
1109 0
1440 0
1610 0
1791 0
1867 0
2047 0
2247 0
2460 0
2590 0
2747 0
2768 0
3131 0
3335 0
3418 0
3456 0
3526 0
3625 0
3692 0
3699 0
3741 0
3811 0
3987 0
4350 0
4353 0
4356 0
4367 0
4404 0
4414 0
4484 0
4490 0
4514 0
4521 0
4542 0
4588 0
4738 0
5127 0
5137 0
5442 0
5479 0
5511 0
5624 0
5725 0
5729 0
5770 0
5873 0
5915 0
5958 0
6127 0
6143 0
6207 0
6219 0
6261 0
6274 0
6301 0
6553 0
6689 0
6697 0
6708 0
6978 0
7184 0
7243 0
7272 0
7297 0
7310 0
7312 0
7567 0
7680 0
7743 0
7755 0
7925 0
7947 0
7966 0
8051 0
8116 0
8218 0
8261 0
8480 0
8491 0
8559 0
8717 0
8856 0
8876 0
8936 0
9128 0
9257 0
9265 0
9622 0
9652 0
9691 0
9712 0
9740 0
9819 0
9851 0
9884 0
9948 0
10060 0
10111 0
10368 0
10501 0
10836 0
10911 0
10962 0
11012 0
11054 0
11069 0
11082 0
11153 0
11211 0
11255 0
11451 0
11500 0
11521 0
11622 0
11822 0
11935 0
11984 0
12089 0
12098 0
12288 0
12440 0
12595 0
12728 0
13124 0
13248 0
13280 0
13333 0
13405 0
13485 0
13540 0
13720 0
13924 0
14083 0
14276 0
14319 0
14403 0
14485 0
14588 0
14702 0
14914 0
14996 0
15147 0
15213 0
15223 0
15263 0
15346 0
15413 0
15563 0
15569 0
15633 0
15734 0
15878 0
15964 0
16092 0
16143 0
16211 0
16237 0
16383 0
16386 0
16535 0
16579 0
16603 0
16733 0
16802 0
16909 0
16959 0
16994 0
17114 0
17205 0
17277 0
17292 0
17371 0
17735 0
18013 0
18434 0
18562 0
18603 0
18790 0
18866 0
18941 0
18974 0
18992 0
19007 0
19098 0
19133 0
19138 0
19249 0
19549 0
19639 0
19767 0
19864 0
20095 0
20206 0
20221 0
20525 0
20748 0
20779 0
20802 0
20842 0
21076 0
21298 0
21451 0
21614 0
21702 0
21730 0
21736 0
21838 0
21887 0
21927 0
21981 0
22053 0
22066 0
22133 0
22236 0
22394 0
22620 0
22722 0
22814 0
22927 0
23192 0
23200 0
23309 0
23360 0
23594 0
23741 0
23784 0
24035 0
24091 0
24131 0
24224 0
24278 0
24452 0
24533 0
24565 0
24660 0
24915 0
24995 0
25105 0
25286 0
25355 0
25438 0
25483 0
25622 0
25681 0
25798 0
25828 0
25995 0
26059 0
26074 0
26096 0
26118 0
26212 0
26341 0
26391 0
26427 0
26523 0
26566 0
26590 0
26606 0
26935 0
27024 0
27048 0
27158 0
27188 0
27235 0
27365 0
27440 0
27487 0
27821 0
28020 0
28600 0
28609 0
28730 0
28794 0
28861 0
29182 0
29305 0
29311 0
29313 0
29356 0
29398 0
29637 0
29836 0
30208 0
30250 0
30301 0
30354 0
30621 0
30672 0
30696 0
30894 0
30961 0
30995 0
31058 0
31199 0
31438 0
31543 0
31721 0
31726 0
31901 0
32003 0
32171 0
32276 0
32291 0
32405 0
32411 0
32440 0
32494 0
32525 0
32674 0
32841 0
33162 0
33231 0
33261 0
33282 0
33362 0
33364 0
33797 0
33849 0
33936 0
33943 0
34157 0
34292 0
34333 0
34645 0
34648 0
34803 0
34813 0
34926 0
34977 0
35087 0
35220 0
35384 0
35425 0
35472 0
35524 0
35640 0
35807 0
35919 0
35960 0
36291 0
36491 0
36501 0
36522 0
36531 0
36718 0
36753 0
36807 0
36929 0
36945 0
36972 0
37126 0
37213 0
37334 0
37407 0
37428 0
37472 0
37508 0
37707 0
37870 0
37995 0
38000 0
38099 0
38191 0
38403 0
38622 0
38710 0
38720 0
38745 0
38987 0
39073 0
39096 0
39335 0
39354 0
39458 0
39600 0
39608 0
39669 0
39811 0
39897 0
39987 0
40084 0
40127 0
40134 0
40154 0
40597 0
40924 0
41089 0
41185 0
41207 0
41249 0
41286 0
41352 0
41395 0
41397 0
41522 0
41771 0
41849 0
42068 0
42191 0
42237 0
42419 0
42912 0
42952 0
42973 0
43022 0
43196 0
43320 0
43476 0
43554 0
44082 0
44180 0
44307 0
44312 0
44453 0
44535 0
44680 0
44730 0
44776 0
44840 0
44868 0
45095 0
45104 0
45265 0
45283 0
45288 0
45328 0
45408 0
45462 0
45621 0
45704 0
45733 0
45766 0
45959 0
46193 0
46331 0
46603 0
46727 0
46768 0
46803 0
47120 0
47326 0
47329 0
47355 0
47386 0
47673 0
47764 0
47813 0
48094 0
48157 0
48275 0
48418 0
48460 0
48504 0
48516 0
48548 0
48566 0
48710 0
48789 0
48832 0
48861 0
48886 0
48924 0
48974 0
48980 0
49087 0
49194 0
49304 0
49356 0
49462 0
49508 0
49553 0
49630 0
49897 0
49999 0
50003 0
50085 0
50244 0
50249 0
50273 0
50285 0
50287 0
50378 0
50523 0
50757 0
50783 0
50880 0
50891 0
51090 0
51164 0
51278 0
51331 0
51369 0
51399 0
51428 0
51563 0
51581 0
51618 0
51633 0
51643 0
51793 0
51797 0
51989 0
51996 0
52340 0
52359 0
52387 0
52521 0
52542 0
52556 0
52624 0
52730 0
52783 0
53000 0
53188 0
53306 0
53313 0
53335 0
53385 0
53452 0
53453 0
53809 0
53849 0
54016 0
54334 0
54337 0
54376 0
54382 0
54431 0
54464 0
54795 0
54868 0
54958 0
55025 0
55043 0
55093 0
55126 0
55182 0
55759 0
55799 0
55942 0
56051 0
56165 0
56219 0
56384 0
56462 0
56558 0
56588 0
56649 0
56710 0
56769 0
56940 0
56987 0
57026 0
57120 0
57222 0
57227 0
57283 0
57291 0
57355 0
57761 0
57904 0
58017 0
58021 0
58143 0
58265 0
58266 0
58269 0
58317 0
58394 0
58396 0
58459 0
58539 0
58781 0
58851 0
58854 0
59058 0
59124 0
59139 0
59224 0
59572 0
59758 0
59861 0
59913 0
60035 0
60047 0
60105 0
60273 0
60307 0
60322 0
60486 0
60829 0
60863 0
60942 0
60949 0
61107 0
61126 0
61202 0
61242 0
61268 0
61284 0
61446 0
61451 0
61647 0
61898 0
61951 0
62046 0
62089 0
62225 0
62426 0
62588 0
62640 0
62688 0
62689 0
62754 0
62925 0
62933 0
62998 0
63143 0
63218 0
63344 0
63478 0
63557 0
63765 0
63817 0
63874 0
63938 0
64058 0
64075 0
64114 0
64167 0
64247 0
64282 0
64682 0
64713 0
64813 0
64911 0
65360 0
65596 0
65639 0
65801 0
65812 0
65838 0
65875 0
65882 0
65994 0
66173 0
66310 0
66361 0
66474 0
66521 0
66694 0
66911 0
67145 0
67160 0
67168 0
67595 0
67632 0
67643 0
67875 0
67980 0
68044 0
68265 0
68300 0
68368 0
68441 0
68484 0
68512 0
68542 0
68653 0
68720 0
68722 0
68799 0
68803 0
68940 0
69021 0
69075 0
69097 0
69265 0
69348 0
69361 0
69398 0
69680 0
69870 0
69878 0
69965 0
70512 0
70567 0
70631 0
70635 0
70700 0
70758 0
70810 0
70840 0
70858 0
70973 0
71014 0
71172 0
71199 0
71349 0
71429 0
71452 0
71485 0
71553 0
71560 0
71581 0
71602 0
71667 0
71715 0
71866 0
72038 0
72116 0
72124 0
72268 0
72428 0
72482 0
72493 0
72565 0
72580 0
72645 0
73010 0
73114 0
73210 0
73242 0
73330 0
73351 0
73363 0
73491 0
73568 0
73592 0
73702 0
73749 0
73964 0
73988 0
73989 0
74113 0
74271 0
74287 0
74508 0
74550 0
74561 0
74606 0
74788 0
74796 0
74818 0
74880 0
74977 0
75173 0
75316 0
75326 0
75446 0
75477 0
75522 0
75637 0
75699 0
75813 0
75865 0
75926 0
75932 0
76092 0
76163 0
76436 0
76478 0
76480 0
76565 0
76707 0
76769 0
76787 0
76940 0
76988 0
77064 0
77225 0
77226 0
77491 0
77904 0
77929 0
77992 0
78037 0
78153 0
78172 0
78221 0
78254 0
78325 0
78346 0
78409 0
78477 0
78516 0
78640 0
78645 0
78788 0
78948 0
79043 0
79182 0
79199 0
79335 0
79667 0
79895 0
79959 0
79983 0
80018 0
80076 0
80112 0
80139 0
80304 0
80326 0
80610 0
80617 0
80686 0
80690 0
80747 0
80776 0
80793 0
80885 0
80929 0
80935 0
80995 0
81133 0
81250 0
81279 0
81345 0
81352 0
81398 0
81488 0
81547 0
81617 0
81728 0
81765 0
81844 0
81881 0
82032 0
82108 0
82159 0
82191 0
82472 0
82569 0
82570 0
82572 0
82575 0
82598 0
82656 0
82673 0
82867 0
83020 0
83061 0
83109 0
83178 0
83180 0
83312 0
83336 0
83370 0
83388 0
83451 0
83542 0
83569 0
83572 0
83643 0
83718 0
83996 0
84009 0
84193 0
84274 0
84275 0
84285 0
84404 0
84473 0
84596 0
84808 0
84913 0
84950 0
84965 0
85111 0
85124 0
85214 0
85351 0
85372 0
85416 0
85520 0
85575 0
85597 0
85668 0
86200 0
86243 0
86431 0
86656 0
86785 0
86808 0
86853 0
86926 0
87048 0
87069 0
87077 0
87116 0
87247 0
87354 0
87524 0
87620 0
87662 0
87684 0
87891 0
87892 0
88140 0
88218 0
88234 0
88313 0
88350 0
88385 0
88422 0
88474 0
88511 0
88519 0
88703 0
88925 0
88954 0
88985 0
89061 0
89080 0
89138 0
89257 0
89383 0
89461 0
89512 0
89519 0
89614 0
90273 0
90300 0
90500 0
90670 0
90673 0
90749 0
90896 0
91047 0
91145 0
91315 0
91333 0
91496 0
91510 0
91544 0
91747 0
92007 0
92042 0
92312 0
92357 0
92580 0
92641 0
92919 0
92928 0
92973 0
93063 0
93100 0
93185 0
93208 0
93239 0
93400 0
93429 0
93447 0
93548 0
93703 0
93837 0
93921 0
93944 0
94067 0
94106 0
94132 0
94373 0
94493 0
94497 0
94503 0
94633 0
94851 0
94955 0
94970 0
95036 0
95150 0
95346 0
95538 0
95773 0
95839 0
95971 0
96163 0
96187 0
96214 0
96220 0
96240 0
96311 0
96747 0
97003 0
97478 0
97509 0
97815 0
98140 0
98178 0
98183 0
98222 0
98305 0
98353 0
98369 0
98609 0
98637 0
98670 0
98778 0
99260 0
99460 0
99589 0
99821 0
99838 0
99882 0
99883 0
