c This is a uniform distributed  1-D DIMACS file 
c width height point_number
p 100000 100000 1024
9 0
17 0
214 0
472 0
696 0
767 0
844 0
850 0
886 0
932 0
935 0
943 0
1027 0
1224 0
1236 0
1260 0
1311 0
1576 0
1655 0
1961 0
1987 0
2245 0
2256 0
2375 0
2477 0
2771 0
2844 0
2872 0
2921 0
3078 0
3261 0
3275 0
3353 0
3358 0
3395 0
3670 0
3723 0
3727 0
3729 0
3892 0
3948 0
4024 0
4529 0
4691 0
4860 0
4887 0
5144 0
5377 0
5416 0
5492 0
5529 0
5829 0
5903 0
5944 0
5945 0
5954 0
6052 0
6275 0
6366 0
6379 0
6457 0
6474 0
6686 0
6775 0
6802 0
6815 0
6819 0
6917 0
7012 0
7088 0
7175 0
7232 0
7248 0
7297 0
7304 0
7344 0
7352 0
7353 0
7409 0
7482 0
7504 0
7678 0
7756 0
7903 0
7940 0
8054 0
8336 0
8453 0
8483 0
8497 0
8546 0
8595 0
8722 0
8854 0
9267 0
9429 0
9669 0
9714 0
9724 0
10006 0
10027 0
10063 0
10160 0
10252 0
10459 0
10577 0
10685 0
10915 0
10937 0
10995 0
10998 0
11055 0
11138 0
11269 0
11313 0
11441 0
11535 0
11585 0
11606 0
11841 0
11971 0
12071 0
12430 0
12434 0
12459 0
12508 0
12525 0
12585 0
12636 0
12659 0
12680 0
12687 0
13020 0
13056 0
13059 0
13072 0
13209 0
13302 0
13322 0
13346 0
13583 0
13596 0
13752 0
13774 0
13838 0
13866 0
13872 0
13893 0
13940 0
13947 0
14081 0
14170 0
14201 0
14391 0
14394 0
14643 0
14719 0
14838 0
15031 0
15127 0
15153 0
15427 0
15440 0
15548 0
15670 0
15728 0
15734 0
15837 0
15892 0
15935 0
16130 0
16261 0
16528 0
16554 0
16793 0
16952 0
17350 0
17353 0
17472 0
17485 0
17570 0
17676 0
17808 0
17895 0
18173 0
18215 0
18432 0
18658 0
18712 0
18777 0
18790 0
18832 0
18849 0
18917 0
18919 0
18987 0
19007 0
19027 0
19090 0
19258 0
19312 0
19525 0
19674 0
19691 0
19699 0
19867 0
20100 0
20263 0
20283 0
20328 0
20347 0
20594 0
20613 0
20774 0
20857 0
20920 0
20937 0
21261 0
21357 0
21368 0
21397 0
21686 0
21764 0
21775 0
21794 0
21815 0
21898 0
21907 0
21959 0
22058 0
22233 0
22243 0
22337 0
22667 0
22692 0
22758 0
22830 0
22918 0
22979 0
23263 0
23611 0
24167 0
24280 0
24413 0
24494 0
24635 0
24657 0
24714 0
24791 0
24849 0
24934 0
24986 0
25090 0
25276 0
25332 0
25336 0
25416 0
25428 0
25447 0
25563 0
25736 0
25750 0
25795 0
25896 0
25909 0
25946 0
25980 0
26215 0
26255 0
26415 0
26546 0
26558 0
26630 0
26687 0
26774 0
26790 0
26837 0
26842 0
27064 0
27206 0
27231 0
27508 0
27607 0
27627 0
27675 0
27679 0
27707 0
27759 0
27791 0
27899 0
28048 0
28136 0
28140 0
28144 0
28150 0
28188 0
28413 0
28495 0
28519 0
28668 0
28730 0
28740 0
28770 0
28936 0
28957 0
28965 0
29216 0
29298 0
29341 0
29380 0
29652 0
29695 0
29736 0
29785 0
29839 0
29960 0
30026 0
30034 0
30089 0
30243 0
30467 0
30508 0
30512 0
30598 0
30637 0
30679 0
30811 0
30844 0
30885 0
31276 0
31656 0
31799 0
31804 0
31810 0
32111 0
32364 0
32366 0
32398 0
32404 0
32576 0
32750 0
32806 0
32956 0
33051 0
33106 0
33180 0
33288 0
33302 0
33621 0
33716 0
33754 0
33844 0
33944 0
33951 0
33970 0
34025 0
34078 0
34100 0
34235 0
34252 0
34325 0
34686 0
34918 0
35035 0
35073 0
35167 0
35263 0
35343 0
35362 0
35503 0
35558 0
35597 0
35632 0
35686 0
35716 0
36000 0
36196 0
36213 0
36251 0
36329 0
36368 0
36369 0
36450 0
36582 0
36940 0
36984 0
37033 0
37041 0
37290 0
37307 0
37325 0
37561 0
37865 0
37971 0
38079 0
38161 0
38254 0
38309 0
38474 0
38508 0
38615 0
38622 0
38804 0
38916 0
39078 0
39414 0
39458 0
39509 0
39592 0
39651 0
39779 0
40134 0
40205 0
40243 0
40521 0
40625 0
40710 0
40793 0
40807 0
40841 0
40998 0
41023 0
41033 0
41059 0
41084 0
41092 0
41176 0
41323 0
41346 0
41403 0
41459 0
41539 0
41545 0
41557 0
41641 0
41704 0
41986 0
42072 0
42113 0
42190 0
42565 0
42681 0
42970 0
43225 0
43246 0
43313 0
43337 0
43408 0
43517 0
43520 0
43529 0
43652 0
43759 0
43768 0
43786 0
43857 0
43897 0
43909 0
43943 0
43953 0
44080 0
44130 0
44280 0
44414 0
44617 0
44685 0
44789 0
44797 0
44955 0
45140 0
45161 0
45398 0
45449 0
45541 0
45582 0
45784 0
45978 0
46148 0
46421 0
46524 0
46819 0
46848 0
46885 0
46900 0
47050 0
47198 0
47436 0
47562 0
47895 0
48150 0
48156 0
48161 0
48283 0
48391 0
48496 0
48557 0
48678 0
48721 0
48732 0
49074 0
49132 0
49322 0
49359 0
49390 0
49576 0
49691 0
49976 0
50546 0
50595 0
50765 0
50795 0
50801 0
50861 0
50985 0
51021 0
51064 0
51159 0
51440 0
51463 0
51482 0
51582 0
51749 0
51787 0
52127 0
52307 0
52467 0
52483 0
52567 0
52633 0
52756 0
52835 0
52874 0
52929 0
52932 0
52962 0
53067 0
53131 0
53155 0
53189 0
53247 0
53278 0
53469 0
53609 0
53627 0
53708 0
53752 0
54202 0
54250 0
54268 0
54316 0
54406 0
54447 0
54926 0
55010 0
55098 0
55125 0
55327 0
55504 0
55561 0
55592 0
55614 0
55698 0
55765 0
55830 0
55856 0
55953 0
56037 0
56296 0
56317 0
56423 0
56575 0
56577 0
56615 0
56633 0
56648 0
56754 0
56987 0
56991 0
57077 0
57078 0
57267 0
57391 0
57398 0
57552 0
57597 0
57648 0
57767 0
57811 0
57886 0
57910 0
58058 0
58132 0
58163 0
58268 0
58332 0
58343 0
58476 0
58505 0
58683 0
58957 0
59043 0
59193 0
59242 0
59670 0
59681 0
59908 0
59918 0
59963 0
60159 0
60189 0
60310 0
60312 0
60486 0
60585 0
60628 0
60803 0
60836 0
60873 0
60989 0
61109 0
61116 0
61200 0
61259 0
61330 0
61378 0
61437 0
61519 0
61786 0
61851 0
62080 0
62155 0
62392 0
62453 0
62491 0
62590 0
62657 0
62689 0
62782 0
62814 0
62836 0
62971 0
63012 0
63153 0
63159 0
63198 0
63455 0
63456 0
63481 0
63721 0
63972 0
64016 0
64085 0
64098 0
64231 0
64639 0
64767 0
64876 0
65055 0
65137 0
65156 0
65443 0
65642 0
65756 0
65921 0
65953 0
66063 0
66090 0
66276 0
66600 0
66756 0
66805 0
66907 0
67053 0
67214 0
67250 0
67590 0
67674 0
67706 0
67759 0
67817 0
67864 0
67977 0
68076 0
68219 0
68255 0
68432 0
68619 0
68629 0
68646 0
68718 0
68747 0
68853 0
68860 0
68994 0
68996 0
69033 0
69204 0
69261 0
69363 0
69771 0
69982 0
70032 0
70117 0
70125 0
70127 0
70183 0
70425 0
70438 0
70496 0
70518 0
70526 0
70575 0
70670 0
70724 0
70772 0
70953 0
70960 0
71050 0
71092 0
71125 0
71408 0
71512 0
71701 0
71726 0
71864 0
72070 0
72145 0
72233 0
72401 0
72678 0
72727 0
72816 0
72974 0
73089 0
73352 0
73617 0
73643 0
73671 0
73758 0
73799 0
73935 0
74069 0
74100 0
74179 0
74446 0
74729 0
74924 0
75048 0
75155 0
75200 0
75290 0
75563 0
75779 0
75793 0
75804 0
75831 0
75889 0
75960 0
75976 0
76028 0
76033 0
76091 0
76221 0
76406 0
76407 0
76445 0
76506 0
76538 0
76698 0
76866 0
76939 0
77214 0
77263 0
77269 0
77274 0
77324 0
77340 0
77408 0
77670 0
77694 0
77701 0
77747 0
78325 0
78396 0
78533 0
78672 0
78848 0
78949 0
79021 0
79245 0
79352 0
79415 0
79423 0
79479 0
79497 0
79670 0
79684 0
79836 0
80010 0
80134 0
80272 0
80331 0
80362 0
80446 0
80526 0
80553 0
80606 0
80644 0
80674 0
80696 0
80710 0
80722 0
80797 0
80877 0
80916 0
81286 0
81592 0
81682 0
81699 0
81932 0
82102 0
82289 0
82386 0
82402 0
82450 0
82455 0
82544 0
82645 0
82727 0
82819 0
82853 0
83016 0
83065 0
83097 0
83124 0
83159 0
83178 0
83354 0
83379 0
83402 0
83441 0
83508 0
83715 0
83799 0
83875 0
83956 0
83986 0
84135 0
84282 0
84487 0
84574 0
84577 0
84949 0
85024 0
85180 0
85200 0
85246 0
85254 0
85262 0
85311 0
85368 0
85536 0
85562 0
85609 0
85873 0
85921 0
85957 0
85988 0
86053 0
86108 0
86198 0
86383 0
86440 0
86634 0
86796 0
86939 0
86978 0
87101 0
87214 0
87284 0
87411 0
87418 0
87456 0
87468 0
87481 0
87549 0
87593 0
87758 0
87856 0
87878 0
87904 0
87970 0
88025 0
88055 0
88108 0
88193 0
88371 0
88485 0
88618 0
88966 0
89034 0
89040 0
89074 0
89184 0
89195 0
89210 0
89354 0
89366 0
89463 0
89636 0
89942 0
90083 0
90130 0
90151 0
90530 0
90749 0
90765 0
90937 0
91028 0
91351 0
91537 0
91836 0
92036 0
92179 0
92210 0
92229 0
92231 0
92242 0
92304 0
92365 0
92373 0
92434 0
92453 0
92543 0
92559 0
92723 0
92813 0
92991 0
93062 0
93283 0
93334 0
93339 0
93405 0
93412 0
93424 0
93488 0
93530 0
93571 0
93573 0
93626 0
93773 0
93914 0
93922 0
93987 0
93990 0
94052 0
94131 0
94234 0
94398 0
94402 0
94568 0
94585 0
94692 0
94782 0
94913 0
95101 0
95207 0
95634 0
95638 0
95699 0
95930 0
96064 0
96124 0
96182 0
96187 0
96200 0
96278 0
96308 0
96352 0
96408 0
96417 0
96455 0
96646 0
96659 0
96906 0
96922 0
96944 0
97175 0
97272 0
97390 0
97593 0
97634 0
97711 0
97791 0
97896 0
98315 0
98438 0
98576 0
98678 0
98887 0
98960 0
99039 0
99062 0
99070 0
99101 0
99118 0
99122 0
99219 0
99277 0
99293 0
99448 0
99471 0
99516 0
99529 0
99682 0
99724 0
99854 0
99863 0
99968 0
99976 0
99981 0
99990 0
99994 0
99998 0
