c This is a uniform distributed  1-D DIMACS file 
c width height point_number
p 100000 100000 1024
330 0
334 0
618 0
718 0
759 0
802 0
858 0
958 0
966 0
1010 0
1191 0
1217 0
1275 0
1350 0
1399 0
1504 0
1926 0
2095 0
2297 0
2299 0
2333 0
2403 0
2410 0
2424 0
2497 0
2500 0
2533 0
2600 0
2862 0
2932 0
3062 0
3165 0
3211 0
3278 0
3294 0
3297 0
3524 0
3561 0
3606 0
3811 0
3980 0
4172 0
4195 0
4634 0
4639 0
4696 0
4749 0
4802 0
5007 0
5030 0
5216 0
5361 0
5493 0
5606 0
5645 0
5809 0
5810 0
5874 0
6035 0
6131 0
6211 0
6229 0
6508 0
6532 0
6789 0
6814 0
6835 0
7019 0
7103 0
7296 0
7514 0
7692 0
7843 0
7887 0
7916 0
7932 0
7968 0
8039 0
8287 0
8481 0
8723 0
8812 0
9104 0
9228 0
9362 0
9443 0
9446 0
9475 0
9776 0
9874 0
10072 0
10212 0
10248 0
10354 0
10367 0
10392 0
10398 0
10540 0
10715 0
10927 0
10963 0
11182 0
11276 0
11329 0
11401 0
11519 0
11588 0
11609 0
11848 0
11914 0
12161 0
12214 0
12279 0
12324 0
12460 0
12576 0
12803 0
12833 0
12870 0
12923 0
13154 0
13231 0
13296 0
13303 0
13325 0
13553 0
13693 0
13831 0
13879 0
13900 0
13991 0
14020 0
14295 0
14393 0
14401 0
14489 0
14493 0
14738 0
14880 0
15006 0
15065 0
15148 0
15149 0
15227 0
15246 0
15281 0
15348 0
15426 0
15458 0
15660 0
15737 0
15790 0
15982 0
16080 0
16114 0
16332 0
16345 0
16443 0
16450 0
16577 0
16720 0
16801 0
16949 0
16963 0
17732 0
17737 0
17923 0
17926 0
17940 0
17985 0
18298 0
18445 0
18796 0
18842 0
18862 0
19090 0
19157 0
19218 0
19298 0
19439 0
19554 0
19740 0
19845 0
19912 0
20161 0
20188 0
20280 0
20322 0
20372 0
20427 0
20588 0
20618 0
20661 0
20780 0
20887 0
21039 0
21047 0
21174 0
21197 0
21219 0
21232 0
21241 0
21317 0
21360 0
21425 0
21618 0
21680 0
21959 0
21962 0
22063 0
22124 0
22156 0
22167 0
22205 0
22245 0
22264 0
22295 0
22396 0
22467 0
22489 0
22520 0
22576 0
22652 0
23076 0
23279 0
23689 0
23729 0
24026 0
24078 0
24231 0
24245 0
24249 0
24549 0
24578 0
24661 0
24715 0
24848 0
24879 0
25013 0
25038 0
25119 0
25244 0
25647 0
26004 0
26097 0
26152 0
26245 0
26614 0
26884 0
26942 0
26981 0
26984 0
27154 0
27228 0
27239 0
27253 0
27382 0
27576 0
27596 0
27623 0
28009 0
28120 0
28188 0
28224 0
28387 0
28511 0
28561 0
28564 0
28716 0
28729 0
28877 0
28895 0
28994 0
28998 0
29367 0
29480 0
29521 0
29553 0
29623 0
29666 0
29680 0
29826 0
30028 0
30182 0
30221 0
30223 0
30226 0
30231 0
30362 0
30447 0
30755 0
30780 0
30851 0
30862 0
30942 0
30996 0
31218 0
31331 0
31397 0
31431 0
31522 0
31566 0
31574 0
31581 0
31601 0
31718 0
31793 0
31935 0
31951 0
32114 0
32170 0
32206 0
32309 0
32624 0
32721 0
33025 0
33046 0
33383 0
33443 0
33480 0
33492 0
33654 0
33819 0
33925 0
33941 0
33943 0
33979 0
34083 0
34235 0
34503 0
34511 0
34562 0
34742 0
34803 0
34981 0
35002 0
35037 0
35049 0
35100 0
35248 0
35251 0
35297 0
35424 0
35445 0
35505 0
35644 0
35702 0
35755 0
35756 0
35797 0
35835 0
35842 0
35903 0
36066 0
36097 0
36186 0
36198 0
36282 0
36319 0
36404 0
36455 0
36735 0
36808 0
37009 0
37058 0
37090 0
37106 0
37127 0
37157 0
37176 0
37408 0
38014 0
38025 0
38060 0
38117 0
38240 0
38438 0
38668 0
38690 0
38723 0
38752 0
38791 0
38920 0
39009 0
39033 0
39061 0
39299 0
39317 0
39344 0
39391 0
39393 0
39623 0
39707 0
39733 0
39756 0
39850 0
39913 0
39979 0
39991 0
40004 0
40163 0
40445 0
40466 0
40550 0
40568 0
40631 0
40663 0
40965 0
40992 0
41013 0
41047 0
41115 0
41170 0
41181 0
41188 0
41206 0
41249 0
41474 0
41483 0
41781 0
41844 0
41867 0
41927 0
42030 0
42121 0
42129 0
42226 0
42670 0
42995 0
43105 0
43128 0
43155 0
43234 0
43294 0
43305 0
43316 0
43898 0
44066 0
44321 0
44531 0
44559 0
44658 0
44685 0
44864 0
45381 0
45532 0
45535 0
45558 0
45629 0
45632 0
45729 0
45913 0
46159 0
46193 0
46212 0
46245 0
46309 0
46439 0
46602 0
46630 0
46905 0
46968 0
47028 0
47030 0
47107 0
47172 0
47385 0
47464 0
47495 0
47516 0
47598 0
47880 0
47930 0
48012 0
48013 0
48055 0
48121 0
48127 0
48310 0
48335 0
48362 0
48533 0
48590 0
48783 0
48964 0
49055 0
49108 0
49132 0
49163 0
49180 0
49186 0
49322 0
49339 0
49390 0
49411 0
49437 0
49440 0
49954 0
50044 0
50113 0
50114 0
50149 0
50457 0
50732 0
50780 0
50869 0
50942 0
51063 0
51174 0
51313 0
51760 0
51809 0
51837 0
52046 0
52076 0
52121 0
52200 0
52356 0
52513 0
52533 0
52727 0
52880 0
52941 0
52947 0
53037 0
53045 0
53177 0
53243 0
53244 0
53370 0
53487 0
53513 0
53561 0
53912 0
53947 0
53962 0
54066 0
54140 0
54155 0
54177 0
54388 0
54395 0
54569 0
54597 0
54741 0
54742 0
54798 0
54869 0
54976 0
54982 0
55208 0
55265 0
55281 0
55321 0
55398 0
55499 0
55571 0
55631 0
55670 0
55753 0
55882 0
55940 0
56038 0
56089 0
56095 0
56183 0
56427 0
56507 0
56770 0
56780 0
57028 0
57040 0
57142 0
57175 0
57324 0
57376 0
57444 0
57885 0
57910 0
57931 0
57953 0
58055 0
58218 0
58265 0
58296 0
58516 0
58525 0
58563 0
58569 0
58629 0
58660 0
58742 0
58761 0
58818 0
58861 0
58932 0
58976 0
59162 0
59165 0
59192 0
59204 0
59382 0
59464 0
59506 0
59703 0
59822 0
59846 0
59847 0
59962 0
59981 0
60286 0
60460 0
60661 0
60798 0
60816 0
60978 0
61033 0
61060 0
61175 0
61341 0
61606 0
61785 0
61790 0
61807 0
62188 0
62213 0
62341 0
62404 0
62494 0
62606 0
62808 0
62885 0
63007 0
63055 0
63311 0
63404 0
63437 0
63553 0
63625 0
63770 0
64002 0
64059 0
64187 0
64247 0
64729 0
64824 0
64896 0
64927 0
64932 0
64993 0
65004 0
65164 0
65290 0
65516 0
65700 0
65778 0
65798 0
65867 0
65885 0
65904 0
66097 0
66166 0
66337 0
66380 0
66393 0
66424 0
66492 0
66610 0
66653 0
66751 0
67067 0
67077 0
67391 0
67406 0
67451 0
67578 0
67891 0
67920 0
67922 0
68047 0
68057 0
68091 0
68179 0
68327 0
68348 0
68360 0
68384 0
68487 0
68493 0
68611 0
68685 0
68715 0
68740 0
68763 0
68784 0
68961 0
68963 0
69162 0
69219 0
69234 0
69778 0
69873 0
69894 0
69955 0
69962 0
70137 0
70344 0
70359 0
70495 0
70664 0
70717 0
70830 0
70865 0
70920 0
71032 0
71114 0
71139 0
71275 0
71454 0
71501 0
71552 0
71589 0
71674 0
71768 0
71828 0
71829 0
71876 0
72006 0
72148 0
72304 0
72318 0
72479 0
72504 0
72588 0
72670 0
72680 0
73134 0
73301 0
73401 0
73406 0
73447 0
73473 0
73487 0
73584 0
73636 0
73760 0
73774 0
73970 0
74115 0
74262 0
74528 0
74579 0
74606 0
74712 0
74906 0
75000 0
75050 0
75282 0
75336 0
75343 0
75347 0
75348 0
75434 0
75453 0
75462 0
75479 0
75500 0
75596 0
75755 0
75775 0
76045 0
76241 0
76377 0
76547 0
76705 0
76719 0
76817 0
76958 0
77194 0
77221 0
77252 0
77274 0
77620 0
77756 0
77923 0
78369 0
78403 0
78433 0
78804 0
78916 0
79212 0
79214 0
79243 0
79281 0
79295 0
79316 0
79457 0
79596 0
79632 0
79635 0
79673 0
79709 0
79919 0
79925 0
80049 0
80097 0
80120 0
80201 0
80202 0
80383 0
80395 0
80437 0
80670 0
80707 0
80722 0
80878 0
80942 0
81075 0
81265 0
81340 0
81402 0
81430 0
81576 0
81862 0
81968 0
82156 0
82191 0
82357 0
82391 0
82406 0
82498 0
82662 0
82681 0
82836 0
82839 0
82920 0
82924 0
83105 0
83214 0
83327 0
83341 0
83442 0
83493 0
83786 0
83830 0
83913 0
83935 0
84053 0
84184 0
84238 0
84312 0
84396 0
84412 0
84538 0
84705 0
84750 0
84754 0
84758 0
84818 0
84885 0
84932 0
84935 0
85041 0
85085 0
85153 0
85174 0
85291 0
85339 0
85384 0
85595 0
85612 0
85827 0
85958 0
86254 0
86536 0
86556 0
86583 0
86602 0
86632 0
86810 0
86926 0
86982 0
87042 0
87093 0
87187 0
87189 0
87301 0
87319 0
87455 0
87565 0
87725 0
87795 0
88120 0
88145 0
88159 0
88355 0
88406 0
88706 0
89018 0
89171 0
89179 0
89196 0
89247 0
89399 0
89446 0
89506 0
89521 0
89551 0
89715 0
89736 0
89829 0
90145 0
90331 0
90475 0
90768 0
90769 0
90870 0
91049 0
91093 0
91101 0
91362 0
91455 0
91492 0
91559 0
91701 0
91740 0
91748 0
92102 0
92120 0
92189 0
92438 0
92556 0
92923 0
93144 0
93180 0
93195 0
93243 0
93290 0
93397 0
93470 0
93546 0
93631 0
93677 0
93744 0
93749 0
93767 0
93945 0
94152 0
94154 0
94203 0
94324 0
94356 0
94458 0
94519 0
94612 0
95131 0
95305 0
95508 0
95682 0
95720 0
95793 0
95925 0
96007 0
96009 0
96024 0
96094 0
96129 0
96208 0
96366 0
96513 0
96575 0
96658 0
96750 0
96808 0
96933 0
96941 0
96997 0
97016 0
97026 0
97029 0
97338 0
97339 0
97354 0
97560 0
97600 0
97666 0
97827 0
97898 0
97949 0
97982 0
98005 0
98038 0
98082 0
98188 0
98207 0
98218 0
98293 0
98339 0
98361 0
98416 0
98476 0
98498 0
98631 0
98639 0
98740 0
98788 0
98928 0
99008 0
99115 0
99118 0
99260 0
99323 0
99388 0
99467 0
99506 0
99548 0
99745 0
99812 0
99824 0
99831 0
99850 0
99911 0
99953 0
99961 0
