c This is a uniform distributed  1-D DIMACS file 
c width height point_number
p 100000 100000 1024
285 0
362 0
456 0
615 0
854 0
918 0
987 0
1019 0
1040 0
1049 0
1078 0
1143 0
1292 0
1367 0
1510 0
1618 0
1651 0
1778 0
1788 0
1813 0
1862 0
1893 0
1924 0
1941 0
2427 0
2668 0
2698 0
2748 0
2787 0
2933 0
2987 0
2997 0
3048 0
3192 0
3419 0
3460 0
3466 0
3920 0
4015 0
4143 0
4203 0
4253 0
4303 0
4552 0
4657 0
4873 0
4901 0
4993 0
5021 0
5116 0
5138 0
5244 0
5467 0
5649 0
5712 0
6168 0
6181 0
6209 0
6279 0
6324 0
6448 0
6483 0
6619 0
6638 0
6819 0
6898 0
7132 0
7169 0
7195 0
7601 0
7855 0
7883 0
7918 0
8038 0
8088 0
8256 0
8310 0
8333 0
8441 0
8450 0
8698 0
8935 0
9051 0
9271 0
9316 0
9423 0
9506 0
9765 0
9777 0
9893 0
9981 0
10099 0
10215 0
10413 0
10438 0
10472 0
10549 0
10583 0
10650 0
10837 0
10923 0
10953 0
10964 0
10970 0
11022 0
11038 0
11336 0
11355 0
11382 0
11598 0
11724 0
11761 0
11766 0
11975 0
12081 0
12220 0
12299 0
12351 0
12441 0
12596 0
12686 0
12738 0
12757 0
12758 0
12794 0
12864 0
12895 0
12899 0
13005 0
13067 0
13117 0
13146 0
13242 0
13332 0
13336 0
13508 0
13845 0
13980 0
13986 0
14053 0
14060 0
14131 0
14218 0
14306 0
14313 0
14440 0
14449 0
14548 0
14577 0
14625 0
14650 0
14724 0
14772 0
14777 0
14860 0
14862 0
14874 0
14928 0
14932 0
15450 0
15487 0
15592 0
15821 0
16050 0
16133 0
16154 0
16189 0
16513 0
16668 0
16743 0
16796 0
16885 0
16980 0
17029 0
17081 0
17136 0
17453 0
17486 0
17778 0
17940 0
17941 0
18272 0
18290 0
18443 0
18505 0
18543 0
18618 0
18657 0
18734 0
19002 0
19209 0
19238 0
19297 0
19480 0
19498 0
19732 0
19875 0
19891 0
20007 0
20150 0
20219 0
20222 0
20371 0
20450 0
20463 0
20474 0
20575 0
20659 0
20788 0
20875 0
20962 0
20981 0
21000 0
21031 0
21109 0
21223 0
21245 0
21269 0
21482 0
21487 0
21557 0
21708 0
21955 0
22070 0
22131 0
22267 0
22272 0
22287 0
22338 0
22354 0
22376 0
22393 0
22425 0
22428 0
22547 0
22596 0
22709 0
22743 0
22817 0
23039 0
23063 0
23087 0
23141 0
23262 0
23410 0
23753 0
23915 0
24025 0
24333 0
24372 0
24614 0
24730 0
24905 0
25064 0
25076 0
25125 0
25130 0
25207 0
25231 0
25232 0
25272 0
25285 0
25370 0
25768 0
25799 0
25815 0
25924 0
25952 0
26091 0
26155 0
26210 0
26425 0
26763 0
26797 0
26822 0
26921 0
27079 0
27182 0
27633 0
27658 0
27738 0
27909 0
28014 0
28073 0
28095 0
28249 0
28480 0
28636 0
28734 0
28822 0
28911 0
29251 0
29351 0
29450 0
29540 0
29692 0
29757 0
29760 0
29774 0
29999 0
30043 0
30395 0
30571 0
30965 0
31163 0
31166 0
31177 0
31279 0
31299 0
31379 0
31407 0
31423 0
31549 0
31583 0
31638 0
31643 0
31868 0
31870 0
31921 0
32042 0
32179 0
32213 0
32218 0
32238 0
32719 0
32749 0
32853 0
33135 0
33174 0
33200 0
33328 0
33401 0
33528 0
33673 0
33817 0
34049 0
34432 0
34714 0
34754 0
34792 0
34841 0
34886 0
34995 0
35231 0
35500 0
35575 0
35629 0
35665 0
35706 0
35817 0
35849 0
35873 0
35957 0
36107 0
36119 0
36146 0
36153 0
36193 0
36210 0
36234 0
36265 0
36312 0
36317 0
36336 0
36402 0
36474 0
36519 0
36673 0
36734 0
36756 0
36774 0
37108 0
37130 0
37219 0
37246 0
37366 0
37407 0
37707 0
37861 0
37918 0
37984 0
38013 0
38198 0
38347 0
38471 0
38660 0
38695 0
38749 0
38766 0
38805 0
38930 0
38954 0
38958 0
39159 0
39183 0
39253 0
39291 0
39432 0
39440 0
39590 0
39666 0
39886 0
39914 0
39918 0
39937 0
40017 0
40060 0
40215 0
40238 0
40289 0
40635 0
40673 0
40833 0
40912 0
40926 0
41218 0
41265 0
41270 0
41413 0
41433 0
41694 0
41699 0
41713 0
41751 0
41761 0
41883 0
41912 0
41956 0
41985 0
42017 0
42149 0
42207 0
42220 0
42466 0
42504 0
42628 0
42634 0
42838 0
42883 0
43025 0
43034 0
43299 0
43370 0
43499 0
43525 0
43713 0
43749 0
43828 0
43892 0
44171 0
44279 0
44301 0
44337 0
44339 0
44413 0
44455 0
44473 0
44510 0
44704 0
44754 0
44798 0
44922 0
45023 0
45061 0
45092 0
45381 0
45421 0
45564 0
45604 0
45810 0
45833 0
45979 0
45986 0
46172 0
46262 0
46265 0
46319 0
46356 0
46405 0
47051 0
47248 0
47424 0
47601 0
47690 0
47766 0
48241 0
48505 0
48656 0
48753 0
48755 0
48843 0
48867 0
48897 0
48978 0
49029 0
49071 0
49090 0
49130 0
49156 0
49345 0
49357 0
49364 0
49569 0
49647 0
49678 0
49752 0
49758 0
49815 0
49846 0
49944 0
50063 0
50129 0
50143 0
50393 0
50538 0
50660 0
50715 0
50748 0
50758 0
50821 0
50851 0
50867 0
51294 0
51300 0
51567 0
51576 0
51705 0
51730 0
51744 0
51837 0
51891 0
51928 0
52058 0
52134 0
52274 0
52327 0
52404 0
52435 0
52581 0
52611 0
52645 0
52725 0
52820 0
52924 0
52953 0
53017 0
53073 0
53110 0
53138 0
53323 0
53337 0
53378 0
53423 0
53425 0
53428 0
53818 0
53890 0
53945 0
54132 0
54142 0
54163 0
54274 0
54343 0
54678 0
54714 0
54875 0
54935 0
55153 0
55271 0
55464 0
55592 0
55781 0
55953 0
56000 0
56022 0
56108 0
56348 0
56470 0
56527 0
56529 0
56574 0
56646 0
56670 0
56672 0
56761 0
56774 0
56994 0
57110 0
57186 0
57476 0
57654 0
57797 0
57888 0
57910 0
58119 0
58155 0
58204 0
58465 0
58471 0
58500 0
58518 0
58646 0
58781 0
58955 0
59065 0
59181 0
59220 0
59282 0
59330 0
59514 0
59749 0
59869 0
59887 0
59938 0
59975 0
60131 0
60402 0
60486 0
60650 0
60727 0
60740 0
60773 0
61284 0
61429 0
61524 0
61559 0
61560 0
61565 0
61580 0
61585 0
61728 0
61734 0
61807 0
61839 0
61946 0
61948 0
62184 0
62198 0
62265 0
62279 0
62343 0
62368 0
62431 0
62519 0
62680 0
62709 0
62712 0
62722 0
62762 0
62824 0
62850 0
62970 0
63348 0
63376 0
63527 0
63555 0
63569 0
63587 0
63617 0
63697 0
63747 0
63880 0
63985 0
63995 0
64074 0
64431 0
64631 0
64637 0
64926 0
65061 0
65224 0
65303 0
65356 0
65359 0
65491 0
65493 0
65520 0
65557 0
65828 0
65868 0
65941 0
66016 0
66103 0
66131 0
66460 0
66468 0
66777 0
66851 0
67189 0
67376 0
67392 0
67393 0
67447 0
67634 0
67806 0
67919 0
68073 0
68186 0
68338 0
68452 0
68505 0
68772 0
68863 0
68888 0
68907 0
68909 0
68926 0
69018 0
69072 0
69133 0
69194 0
69326 0
69434 0
69453 0
69593 0
69683 0
69808 0
69981 0
70060 0
70104 0
70121 0
70173 0
70244 0
70274 0
70308 0
70318 0
70538 0
70559 0
70971 0
71075 0
71076 0
71191 0
71260 0
71446 0
71502 0
71632 0
71669 0
71757 0
71974 0
71982 0
72071 0
72542 0
72589 0
72610 0
72671 0
72762 0
72947 0
73273 0
73311 0
73432 0
73438 0
73454 0
73501 0
73509 0
73525 0
73571 0
73725 0
73783 0
73818 0
73986 0
73995 0
74043 0
74077 0
74199 0
74388 0
74455 0
74476 0
74488 0
74592 0
74675 0
74953 0
75101 0
75178 0
75215 0
75327 0
75344 0
75360 0
75379 0
75403 0
75450 0
75595 0
75655 0
75799 0
75884 0
75952 0
76179 0
76220 0
76296 0
76298 0
76303 0
76373 0
76393 0
76489 0
76551 0
76677 0
76761 0
76835 0
76847 0
76888 0
77094 0
77100 0
77229 0
77337 0
77518 0
77550 0
77561 0
77670 0
77852 0
77995 0
78027 0
78051 0
78052 0
78128 0
78136 0
78157 0
78283 0
78341 0
78372 0
78382 0
78413 0
78447 0
78463 0
78779 0
78787 0
78850 0
78918 0
78977 0
79010 0
79055 0
79080 0
79438 0
79867 0
80003 0
80158 0
80287 0
80387 0
80439 0
80517 0
80547 0
80670 0
80687 0
80766 0
80784 0
80848 0
81023 0
81370 0
81416 0
81495 0
81505 0
81747 0
81752 0
81760 0
81920 0
81975 0
82188 0
82214 0
82299 0
82565 0
82892 0
82893 0
82967 0
83090 0
83093 0
83360 0
83382 0
83452 0
83460 0
83534 0
83570 0
83615 0
83746 0
83834 0
83955 0
84075 0
84093 0
84135 0
84305 0
84409 0
84503 0
84591 0
84609 0
84681 0
84685 0
85009 0
85303 0
85780 0
85809 0
86054 0
86108 0
86309 0
86344 0
86420 0
86425 0
86440 0
86456 0
86728 0
87033 0
87152 0
87377 0
87414 0
87620 0
87658 0
87776 0
87979 0
88003 0
88035 0
88145 0
88355 0
88446 0
88552 0
88576 0
88627 0
88780 0
88837 0
88904 0
88978 0
89006 0
89065 0
89239 0
89246 0
89279 0
89310 0
89396 0
89523 0
89604 0
89651 0
89702 0
89708 0
89959 0
89982 0
90196 0
90260 0
90274 0
90665 0
90862 0
91095 0
91118 0
91144 0
91376 0
91386 0
91569 0
91705 0
91707 0
92028 0
92324 0
92661 0
92837 0
92935 0
93008 0
93117 0
93118 0
93399 0
93584 0
93595 0
93668 0
93709 0
93712 0
93747 0
93778 0
93827 0
93938 0
94041 0
94120 0
94146 0
94277 0
94393 0
94455 0
94662 0
94756 0
94803 0
94852 0
94895 0
94933 0
95072 0
95158 0
95214 0
95342 0
95493 0
95498 0
95724 0
95731 0
95915 0
95920 0
96253 0
96304 0
96454 0
96712 0
96784 0
97013 0
97030 0
97088 0
97155 0
97259 0
97346 0
97416 0
97456 0
97476 0
97493 0
97494 0
97564 0
97608 0
97609 0
97630 0
97741 0
97806 0
97836 0
97889 0
98271 0
98286 0
98729 0
98779 0
98786 0
98824 0
98947 0
98986 0
99032 0
99345 0
99561 0
99568 0
99578 0
99622 0
99652 0
99700 0
99826 0
