c This is a uniform distributed  1-D DIMACS file 
c width height point_number
p 100000 100000 1024
48 0
180 0
248 0
443 0
588 0
628 0
631 0
878 0
906 0
991 0
1024 0
1099 0
1258 0
1283 0
1381 0
1429 0
1499 0
1522 0
1524 0
1587 0
1599 0
1606 0
1869 0
1950 0
1975 0
2124 0
2343 0
2382 0
2445 0
2510 0
2612 0
2666 0
2678 0
3128 0
3376 0
3384 0
3535 0
3618 0
3724 0
3771 0
3851 0
3885 0
3997 0
4061 0
4076 0
4096 0
4117 0
4138 0
4173 0
4176 0
4260 0
4413 0
4496 0
4517 0
4564 0
4841 0
4936 0
5134 0
5160 0
5213 0
5231 0
5298 0
5345 0
5396 0
5488 0
5640 0
6063 0
6238 0
6365 0
6379 0
6479 0
6536 0
6595 0
6811 0
6898 0
6901 0
7055 0
7091 0
7309 0
7415 0
7481 0
7792 0
7884 0
8048 0
8125 0
8157 0
8179 0
8196 0
8225 0
8345 0
8374 0
8503 0
8583 0
8774 0
8846 0
8850 0
9030 0
9043 0
9171 0
9172 0
9202 0
9350 0
9359 0
9477 0
9510 0
9554 0
9727 0
10030 0
10221 0
10229 0
10328 0
10442 0
10677 0
10764 0
10783 0
10803 0
10869 0
10890 0
10921 0
10982 0
10989 0
11022 0
11080 0
11175 0
11457 0
11585 0
11777 0
11866 0
11965 0
11996 0
12038 0
12107 0
12187 0
12209 0
12295 0
12466 0
12648 0
12652 0
12718 0
12765 0
12922 0
12942 0
13129 0
13201 0
13236 0
13301 0
13334 0
13480 0
13585 0
13615 0
13879 0
14236 0
14238 0
14443 0
14485 0
14706 0
14789 0
14862 0
14884 0
14917 0
14998 0
15035 0
15061 0
15068 0
15086 0
15117 0
15173 0
15213 0
15216 0
15350 0
15424 0
15476 0
15568 0
15873 0
15885 0
15913 0
16230 0
16365 0
16424 0
16436 0
16483 0
16509 0
16522 0
16579 0
16711 0
17011 0
17365 0
17595 0
17889 0
17905 0
17926 0
17936 0
17978 0
18025 0
18054 0
18102 0
18183 0
18187 0
18240 0
18313 0
18452 0
18571 0
18719 0
18807 0
18878 0
18928 0
18948 0
18968 0
19159 0
19203 0
19318 0
19368 0
19456 0
19884 0
20048 0
20075 0
20107 0
20254 0
20604 0
20721 0
20757 0
21031 0
21034 0
21036 0
21156 0
21180 0
21481 0
21585 0
21786 0
21859 0
21884 0
21949 0
21950 0
22065 0
22173 0
22319 0
22407 0
22408 0
22526 0
22628 0
22654 0
22775 0
22861 0
22901 0
22951 0
23143 0
23214 0
23260 0
23292 0
23356 0
23520 0
23741 0
23801 0
24070 0
24120 0
24158 0
24225 0
24279 0
24435 0
24527 0
24676 0
24783 0
24904 0
25075 0
25128 0
25387 0
25425 0
25599 0
25815 0
25885 0
26051 0
26150 0
26185 0
26427 0
26461 0
26462 0
26566 0
26574 0
26808 0
26834 0
26926 0
26992 0
27145 0
27229 0
27246 0
27299 0
27391 0
27605 0
27628 0
27825 0
27974 0
27984 0
28046 0
28084 0
28098 0
28218 0
28241 0
28344 0
28383 0
28527 0
28545 0
28549 0
28792 0
28818 0
29004 0
29266 0
29435 0
29544 0
29698 0
29732 0
29883 0
29940 0
29948 0
29981 0
29997 0
30050 0
30068 0
30095 0
30181 0
30209 0
30277 0
30676 0
30694 0
30888 0
30977 0
31028 0
31181 0
31259 0
31276 0
31289 0
31481 0
31517 0
31822 0
31837 0
31987 0
32109 0
32157 0
32260 0
32317 0
32360 0
32503 0
32529 0
32594 0
32617 0
32764 0
32775 0
33117 0
33367 0
33427 0
33428 0
33659 0
33813 0
33930 0
34260 0
34428 0
34478 0
34510 0
34562 0
34728 0
34851 0
34952 0
34982 0
34993 0
35495 0
35540 0
35574 0
35584 0
35594 0
36025 0
36079 0
36101 0
36247 0
36371 0
36412 0
36417 0
36423 0
36474 0
36573 0
36627 0
36714 0
36797 0
36814 0
36845 0
36862 0
36989 0
37207 0
37288 0
37556 0
37565 0
37585 0
37594 0
37644 0
37732 0
37780 0
37978 0
38045 0
38082 0
38118 0
38234 0
38255 0
38388 0
38473 0
38545 0
38607 0
38633 0
38839 0
38970 0
38979 0
39137 0
39476 0
39505 0
39548 0
39579 0
39676 0
39752 0
40123 0
40166 0
40349 0
40720 0
40763 0
40938 0
41047 0
41118 0
41214 0
41216 0
41218 0
41249 0
41459 0
41466 0
41494 0
41510 0
41754 0
41759 0
41797 0
41909 0
42136 0
42359 0
42383 0
42612 0
42714 0
42808 0
42964 0
42976 0
42985 0
43139 0
43177 0
43292 0
43301 0
43356 0
43487 0
43521 0
43592 0
43620 0
43642 0
43938 0
43957 0
44162 0
44175 0
44414 0
44535 0
44637 0
44824 0
45107 0
45140 0
45141 0
45143 0
45149 0
45187 0
45324 0
45349 0
45357 0
45405 0
45537 0
45586 0
45657 0
45816 0
45886 0
45985 0
46043 0
46148 0
46396 0
46401 0
46490 0
46506 0
46781 0
47051 0
47133 0
47335 0
47421 0
47875 0
47878 0
48201 0
48443 0
48599 0
48635 0
48655 0
48675 0
48676 0
48743 0
49236 0
49273 0
49295 0
49320 0
49435 0
49439 0
49446 0
49459 0
49607 0
49789 0
49791 0
49853 0
50063 0
50187 0
50279 0
50366 0
50568 0
50676 0
50694 0
50740 0
50757 0
50840 0
50844 0
50984 0
50996 0
51053 0
51166 0
51250 0
51280 0
51428 0
51590 0
51689 0
51782 0
51835 0
51940 0
52128 0
52241 0
52340 0
52421 0
52477 0
52539 0
52543 0
52639 0
52682 0
52756 0
52759 0
53159 0
53178 0
53237 0
53244 0
53253 0
53418 0
53634 0
53687 0
53697 0
53857 0
53966 0
54202 0
54305 0
54350 0
54448 0
54456 0
54735 0
54803 0
54856 0
54905 0
54912 0
54928 0
54993 0
55009 0
55056 0
55115 0
55157 0
55309 0
55313 0
55380 0
55397 0
55427 0
55434 0
55462 0
55473 0
55600 0
55886 0
55921 0
55974 0
56309 0
56339 0
56552 0
56896 0
56949 0
56957 0
57010 0
57131 0
57343 0
57371 0
57376 0
57430 0
57433 0
57437 0
57463 0
57626 0
57732 0
57753 0
57764 0
57847 0
57916 0
58076 0
58084 0
58156 0
58228 0
58255 0
58295 0
58427 0
58462 0
58659 0
58790 0
58861 0
58874 0
58885 0
58956 0
58970 0
59062 0
59066 0
59190 0
59485 0
59511 0
59664 0
59697 0
59724 0
59778 0
59837 0
60065 0
60141 0
60212 0
60261 0
60269 0
60558 0
60701 0
60727 0
60904 0
61023 0
61191 0
61513 0
61553 0
61730 0
61759 0
61774 0
61910 0
61970 0
61973 0
62044 0
62119 0
62150 0
62221 0
62336 0
62400 0
62524 0
62820 0
62884 0
62904 0
62916 0
63092 0
63134 0
63151 0
63258 0
63294 0
63296 0
63344 0
63384 0
63581 0
63583 0
63657 0
63938 0
64028 0
64260 0
64503 0
64707 0
64819 0
64837 0
64851 0
64960 0
64998 0
65174 0
65192 0
65241 0
65258 0
65408 0
65412 0
65464 0
65559 0
65598 0
65643 0
65681 0
65687 0
66251 0
66486 0
66524 0
66625 0
67367 0
67460 0
67614 0
67683 0
67713 0
67780 0
67881 0
68007 0
68105 0
68260 0
68293 0
68318 0
68325 0
68535 0
68705 0
68743 0
68919 0
69187 0
69427 0
69457 0
69470 0
69566 0
69745 0
69776 0
69791 0
69922 0
69945 0
70123 0
70237 0
70256 0
70371 0
70518 0
70667 0
70678 0
70742 0
70845 0
70861 0
70896 0
70900 0
71019 0
71083 0
71170 0
71193 0
71236 0
71282 0
71318 0
71684 0
72016 0
72038 0
72672 0
72858 0
72860 0
73073 0
73229 0
73331 0
73362 0
73569 0
73582 0
73621 0
73682 0
73802 0
73886 0
73989 0
74075 0
74202 0
74365 0
74449 0
74458 0
74463 0
74578 0
74584 0
74621 0
74724 0
75140 0
75227 0
75350 0
75376 0
75455 0
75506 0
75559 0
75579 0
75670 0
75824 0
75954 0
75971 0
76043 0
76395 0
76397 0
76676 0
76704 0
76752 0
76874 0
76989 0
77087 0
77171 0
77265 0
77315 0
77399 0
77490 0
77500 0
77505 0
77545 0
77940 0
78055 0
78073 0
78166 0
78262 0
78359 0
78426 0
78482 0
78533 0
78707 0
78932 0
79006 0
79068 0
79171 0
79237 0
79257 0
79376 0
79455 0
79465 0
79521 0
79872 0
79880 0
79922 0
80169 0
80191 0
80242 0
80282 0
80299 0
80573 0
80848 0
81068 0
81139 0
81208 0
81330 0
81429 0
81501 0
81504 0
81816 0
82449 0
82483 0
82596 0
82664 0
82669 0
82681 0
82734 0
82818 0
82950 0
83115 0
83291 0
83468 0
83480 0
83663 0
83672 0
83794 0
83935 0
83946 0
83966 0
84250 0
84313 0
84369 0
84460 0
84469 0
84511 0
84696 0
84762 0
84778 0
84907 0
85067 0
85097 0
85164 0
85264 0
85309 0
85353 0
85395 0
85485 0
85593 0
85594 0
85624 0
85756 0
85882 0
86033 0
86131 0
86179 0
86218 0
86393 0
86450 0
86528 0
86929 0
86951 0
86989 0
87005 0
87048 0
87160 0
87378 0
87429 0
87470 0
87510 0
87690 0
87709 0
88054 0
88157 0
88230 0
88238 0
88348 0
88370 0
88472 0
88547 0
88570 0
88645 0
88738 0
88788 0
88891 0
88893 0
88986 0
89009 0
89049 0
89069 0
89136 0
89177 0
89459 0
89468 0
89525 0
89552 0
89684 0
89895 0
89912 0
89915 0
89935 0
89969 0
90246 0
90322 0
90531 0
90662 0
91214 0
91416 0
91456 0
91647 0
91666 0
91751 0
91820 0
91836 0
91872 0
91967 0
91995 0
92074 0
92349 0
92433 0
92468 0
92481 0
92590 0
92870 0
93018 0
93129 0
93143 0
93222 0
93234 0
93272 0
93275 0
93290 0
93347 0
93474 0
93522 0
93666 0
93777 0
94000 0
94103 0
94336 0
94397 0
94453 0
94510 0
94516 0
94527 0
94559 0
94595 0
94628 0
94702 0
94897 0
95034 0
95245 0
95249 0
95282 0
95286 0
95372 0
95533 0
95582 0
95685 0
95791 0
96096 0
96293 0
96412 0
96447 0
96456 0
96488 0
96526 0
96548 0
96625 0
96802 0
96823 0
96941 0
96967 0
97006 0
97025 0
97070 0
97131 0
97311 0
97339 0
97356 0
97773 0
98015 0
98141 0
98175 0
98286 0
98717 0
98722 0
98739 0
98746 0
98760 0
98912 0
98994 0
99351 0
99494 0
99552 0
99578 0
99591 0
99671 0
