c This is a uniform distributed  1-D DIMACS file 
c width height point_number
p 100000 100000 1024
233 0
237 0
280 0
414 0
478 0
482 0
616 0
898 0
1177 0
1307 0
1366 0
1404 0
1541 0
1546 0
1688 0
1846 0
2050 0
2170 0
2211 0
2297 0
2422 0
2460 0
2481 0
2518 0
2604 0
3066 0
3075 0
3132 0
3156 0
3308 0
3418 0
3488 0
3506 0
3610 0
3725 0
3756 0
3775 0
3889 0
4128 0
4414 0
4441 0
4601 0
4608 0
4792 0
4795 0
5030 0
5080 0
5140 0
5183 0
5261 0
5328 0
5388 0
5485 0
5551 0
5917 0
5953 0
6013 0
6190 0
6253 0
6380 0
6422 0
6479 0
6525 0
6545 0
6551 0
6559 0
6630 0
6674 0
6710 0
6775 0
6787 0
6824 0
6953 0
7077 0
7088 0
7113 0
7213 0
7246 0
7260 0
7298 0
7311 0
7327 0
7681 0
7722 0
7828 0
7841 0
7925 0
7951 0
8050 0
8062 0
8180 0
8371 0
8406 0
8802 0
9046 0
9189 0
9203 0
9326 0
9334 0
9357 0
9391 0
9434 0
9537 0
9800 0
9836 0
9921 0
10261 0
10276 0
10278 0
10309 0
10329 0
10545 0
10804 0
11000 0
11054 0
11183 0
11197 0
11235 0
11361 0
11569 0
11765 0
11813 0
11826 0
11930 0
11982 0
12084 0
12089 0
12166 0
12200 0
12220 0
12382 0
12384 0
12464 0
12480 0
12540 0
12603 0
12688 0
12738 0
12866 0
12896 0
12937 0
13016 0
13202 0
13356 0
13448 0
13516 0
13588 0
13711 0
13760 0
13835 0
13842 0
13923 0
14092 0
14190 0
14206 0
14465 0
14523 0
14589 0
14620 0
15195 0
15303 0
15329 0
15442 0
15455 0
15550 0
15741 0
15805 0
15857 0
16022 0
16195 0
16334 0
16352 0
16441 0
16521 0
16692 0
16699 0
16850 0
16877 0
16964 0
17025 0
17098 0
17173 0
17462 0
17523 0
17568 0
17655 0
17758 0
17929 0
18056 0
18427 0
18707 0
18871 0
18872 0
18987 0
19011 0
19438 0
19536 0
19544 0
19545 0
19672 0
20028 0
20199 0
20221 0
20306 0
20559 0
20571 0
20669 0
20682 0
20698 0
20735 0
20769 0
20783 0
20819 0
20846 0
21220 0
21321 0
21444 0
21497 0
21579 0
21783 0
21786 0
21962 0
22115 0
22512 0
22967 0
23100 0
23103 0
23176 0
23227 0
23289 0
23529 0
23580 0
23683 0
23734 0
23746 0
23878 0
24071 0
24155 0
24244 0
24246 0
24364 0
24429 0
24493 0
24875 0
25019 0
25189 0
25469 0
25496 0
25598 0
25682 0
25800 0
25949 0
26330 0
26352 0
26477 0
26489 0
26520 0
26536 0
26832 0
26836 0
26941 0
27059 0
27085 0
27275 0
27385 0
27459 0
27744 0
27938 0
28072 0
28182 0
28184 0
28401 0
28405 0
28667 0
28792 0
28830 0
28834 0
28878 0
28892 0
28896 0
28965 0
29000 0
29077 0
29139 0
29216 0
29283 0
29308 0
29375 0
29417 0
29560 0
29568 0
29636 0
29654 0
29686 0
29725 0
29769 0
29795 0
29898 0
30103 0
30161 0
30166 0
30189 0
30228 0
30258 0
30329 0
30363 0
30381 0
30424 0
30531 0
30570 0
30622 0
30739 0
30871 0
31083 0
31098 0
31182 0
31210 0
31723 0
31779 0
31957 0
31958 0
32010 0
32187 0
32220 0
32357 0
32396 0
32409 0
32441 0
32470 0
32566 0
32582 0
32657 0
32825 0
32934 0
33071 0
33176 0
33220 0
33223 0
33242 0
33245 0
33336 0
33370 0
33448 0
33727 0
33730 0
33805 0
33876 0
33908 0
34006 0
34383 0
34432 0
34443 0
34538 0
34677 0
34750 0
34854 0
34872 0
34934 0
34967 0
35050 0
35054 0
35184 0
35272 0
35303 0
35466 0
35814 0
35842 0
35858 0
35955 0
35999 0
36104 0
36173 0
36241 0
36267 0
36329 0
36473 0
36497 0
36562 0
36581 0
36882 0
36958 0
36970 0
36997 0
37221 0
37276 0
37314 0
37366 0
37425 0
37431 0
37674 0
37699 0
37771 0
37873 0
38037 0
38094 0
38148 0
38492 0
38547 0
38588 0
38618 0
38668 0
38717 0
38889 0
38899 0
38915 0
39087 0
39152 0
39405 0
39716 0
39871 0
39922 0
40097 0
40365 0
40481 0
40503 0
40526 0
40628 0
40733 0
41078 0
41327 0
41451 0
41486 0
41564 0
41745 0
41792 0
41826 0
41834 0
41853 0
41904 0
41997 0
42065 0
42070 0
42077 0
42100 0
42230 0
42333 0
42399 0
42416 0
42737 0
42942 0
43447 0
43507 0
43664 0
43827 0
43835 0
43964 0
44177 0
44274 0
44435 0
44471 0
44730 0
44993 0
45183 0
45256 0
45392 0
45402 0
45430 0
45536 0
45596 0
45701 0
45791 0
45824 0
45871 0
45974 0
46297 0
46300 0
46304 0
46390 0
46447 0
46616 0
46631 0
46695 0
46746 0
46809 0
46905 0
46915 0
47093 0
47173 0
47424 0
47445 0
47456 0
47517 0
47540 0
47677 0
47681 0
47735 0
48333 0
48367 0
48412 0
48527 0
48534 0
48585 0
48618 0
48640 0
48652 0
48681 0
48854 0
48943 0
49037 0
49087 0
49148 0
49316 0
49358 0
49398 0
49467 0
49650 0
49657 0
49673 0
49730 0
49826 0
49909 0
50044 0
50082 0
50127 0
50156 0
50172 0
50206 0
50356 0
50403 0
50477 0
50530 0
50575 0
50676 0
50794 0
50997 0
51001 0
51040 0
51118 0
51145 0
51364 0
51471 0
51565 0
51603 0
51617 0
51636 0
51657 0
51704 0
51733 0
51741 0
51767 0
51792 0
51890 0
51905 0
52076 0
52103 0
52108 0
52130 0
52254 0
52280 0
52393 0
52579 0
52601 0
52637 0
52795 0
52853 0
52939 0
52994 0
53044 0
53073 0
53077 0
53089 0
53235 0
53404 0
53426 0
53669 0
53688 0
53846 0
53897 0
53979 0
53987 0
54012 0
54044 0
54268 0
54357 0
54370 0
54448 0
54682 0
54712 0
54903 0
55121 0
55143 0
55455 0
55565 0
56008 0
56058 0
56234 0
56357 0
56361 0
56421 0
56426 0
56506 0
56511 0
56550 0
56557 0
56579 0
56624 0
56682 0
56713 0
56784 0
56863 0
56867 0
56947 0
57015 0
57048 0
57106 0
57325 0
57485 0
57541 0
57623 0
57656 0
57716 0
57731 0
57796 0
57948 0
58010 0
58243 0
58463 0
58632 0
58679 0
58711 0
58932 0
59082 0
59287 0
59416 0
59417 0
59804 0
60147 0
60388 0
60389 0
60394 0
60445 0
60552 0
60832 0
60872 0
60936 0
60961 0
61232 0
61247 0
61255 0
61350 0
61517 0
61524 0
61932 0
61985 0
61998 0
62010 0
62092 0
62225 0
62236 0
62240 0
62470 0
62522 0
62595 0
62630 0
62697 0
62817 0
63108 0
63240 0
63410 0
63645 0
63722 0
63750 0
63809 0
63888 0
63940 0
63975 0
64120 0
64222 0
64227 0
64276 0
64288 0
64404 0
64573 0
64668 0
64705 0
64788 0
64827 0
64838 0
64846 0
64848 0
64866 0
65142 0
65199 0
65419 0
65444 0
65512 0
65592 0
65623 0
65735 0
65762 0
65789 0
65817 0
65914 0
65978 0
65993 0
66271 0
66444 0
66528 0
66547 0
66828 0
66848 0
66928 0
67018 0
67126 0
67148 0
67410 0
67411 0
67471 0
67542 0
67766 0
67868 0
68026 0
68041 0
68296 0
68310 0
68442 0
68560 0
68640 0
68667 0
68749 0
68805 0
68808 0
68963 0
69040 0
69203 0
69564 0
69572 0
69654 0
69657 0
69977 0
70072 0
70352 0
70539 0
70605 0
70653 0
70983 0
71058 0
71085 0
71176 0
71339 0
71355 0
71730 0
72045 0
72146 0
72186 0
72223 0
72250 0
72396 0
72423 0
72470 0
72487 0
72567 0
72886 0
73323 0
73356 0
73423 0
73591 0
73600 0
73619 0
73648 0
73718 0
73971 0
73984 0
74108 0
74220 0
74228 0
74229 0
74649 0
74765 0
75101 0
75221 0
75290 0
75311 0
75442 0
75593 0
75704 0
75935 0
76038 0
76082 0
76187 0
76204 0
76226 0
76266 0
76301 0
76321 0
76407 0
76511 0
76582 0
76947 0
77037 0
77043 0
77080 0
77206 0
77251 0
77294 0
77751 0
77919 0
77978 0
78070 0
78120 0
78251 0
78567 0
78588 0
78611 0
78762 0
78780 0
78840 0
79085 0
79294 0
79354 0
79435 0
79473 0
79480 0
79678 0
79998 0
80059 0
80144 0
80508 0
80566 0
80576 0
80601 0
80636 0
80708 0
81011 0
81065 0
81300 0
81455 0
81744 0
81854 0
81909 0
81912 0
82067 0
82160 0
82189 0
82242 0
82245 0
82259 0
82318 0
82430 0
82523 0
82585 0
82635 0
82704 0
82828 0
82972 0
82973 0
83271 0
83428 0
83656 0
83803 0
83965 0
84041 0
84074 0
84121 0
84322 0
84575 0
84710 0
84746 0
84883 0
84917 0
84985 0
85024 0
85078 0
85286 0
85323 0
85389 0
85648 0
85672 0
85791 0
85905 0
86160 0
86202 0
86286 0
86335 0
86363 0
86396 0
86403 0
86543 0
86633 0
86650 0
86829 0
86865 0
86895 0
86985 0
87030 0
87114 0
87135 0
87148 0
87188 0
87228 0
87278 0
87565 0
87619 0
87719 0
87826 0
87848 0
87889 0
88116 0
88324 0
88429 0
88495 0
88538 0
88618 0
88703 0
88786 0
88851 0
88956 0
88965 0
89210 0
89237 0
89307 0
89331 0
89348 0
89470 0
89590 0
89757 0
89783 0
89883 0
90379 0
90505 0
90648 0
90748 0
90811 0
90834 0
90878 0
90939 0
91003 0
91056 0
91575 0
91660 0
91669 0
91736 0
91910 0
92056 0
92116 0
92134 0
92145 0
92155 0
92190 0
92439 0
92444 0
92526 0
92538 0
92585 0
92681 0
92748 0
92782 0
92783 0
92796 0
92807 0
92820 0
92849 0
92882 0
92989 0
93005 0
93171 0
93368 0
93722 0
93778 0
93902 0
93946 0
94163 0
94197 0
94280 0
94298 0
94513 0
94615 0
94685 0
94789 0
94794 0
94807 0
94877 0
94906 0
94917 0
94952 0
95277 0
95411 0
95487 0
95540 0
95606 0
95623 0
95728 0
95777 0
95847 0
95987 0
96027 0
96060 0
96089 0
96149 0
96279 0
96283 0
96504 0
96530 0
96691 0
96701 0
96717 0
96758 0
96819 0
96824 0
96850 0
97324 0
97569 0
97582 0
97596 0
97724 0
97744 0
97907 0
98077 0
98359 0
98426 0
98427 0
98702 0
98799 0
98801 0
98941 0
99113 0
99218 0
99288 0
99394 0
99477 0
99599 0
99634 0
99637 0
99755 0
