c This is a uniform distributed  1-D DIMACS file 
c width height point_number
p 100000 100000 1024
41 0
98 0
195 0
243 0
268 0
325 0
461 0
500 0
552 0
672 0
790 0
990 0
1023 0
1066 0
1193 0
1200 0
1270 0
1285 0
1556 0
1578 0
1657 0
1766 0
1900 0
2009 0
2324 0
2469 0
2494 0
2528 0
2630 0
2662 0
2768 0
2900 0
2988 0
2998 0
3045 0
3200 0
3467 0
3533 0
3559 0
3633 0
3635 0
3775 0
3815 0
3919 0
4003 0
4015 0
4337 0
4368 0
4412 0
4445 0
4519 0
4557 0
4735 0
4791 0
4851 0
4884 0
5047 0
5386 0
5397 0
5437 0
5475 0
5527 0
5531 0
5532 0
5699 0
5703 0
5758 0
5830 0
5952 0
5965 0
5983 0
6051 0
6531 0
6672 0
6835 0
7058 0
7085 0
7173 0
7398 0
7518 0
7800 0
8320 0
8444 0
8493 0
8715 0
8722 0
8945 0
9097 0
9244 0
9372 0
9414 0
9416 0
9531 0
9662 0
9757 0
9802 0
9966 0
9967 0
10052 0
10114 0
10141 0
10478 0
10527 0
10537 0
10585 0
10648 0
10784 0
10939 0
11008 0
11040 0
11052 0
11070 0
11101 0
11134 0
11183 0
11247 0
11261 0
11405 0
11470 0
11479 0
11505 0
11548 0
11567 0
11596 0
11604 0
11803 0
11823 0
11855 0
11969 0
12113 0
12151 0
12270 0
12316 0
12425 0
12563 0
12606 0
12655 0
12697 0
12778 0
12809 0
12824 0
12850 0
12935 0
12999 0
13063 0
13086 0
13093 0
13387 0
13422 0
14078 0
14374 0
14889 0
15049 0
15108 0
15228 0
15305 0
15425 0
15662 0
15750 0
15766 0
15793 0
15816 0
15846 0
16017 0
16037 0
16081 0
16082 0
16303 0
16448 0
16626 0
16764 0
16783 0
16923 0
17047 0
17115 0
17166 0
17168 0
17551 0
17714 0
17904 0
17971 0
18049 0
18052 0
18221 0
18596 0
18712 0
18851 0
18952 0
18995 0
19348 0
19571 0
19786 0
19830 0
19867 0
19896 0
19897 0
20241 0
20250 0
20319 0
20375 0
20432 0
20440 0
20627 0
20733 0
20739 0
20830 0
20843 0
20916 0
20988 0
21217 0
21300 0
21578 0
21760 0
21777 0
22092 0
22195 0
22226 0
22320 0
22360 0
22404 0
22448 0
22521 0
22792 0
22808 0
23136 0
23332 0
23432 0
23494 0
23505 0
23573 0
23659 0
23674 0
23730 0
23768 0
23960 0
24053 0
24134 0
24282 0
24514 0
24606 0
24847 0
24881 0
25029 0
25097 0
25792 0
25984 0
26180 0
26219 0
26381 0
26731 0
26755 0
26790 0
26944 0
27012 0
27112 0
27136 0
27216 0
27488 0
27527 0
27727 0
27728 0
27807 0
27921 0
28094 0
28142 0
28150 0
28287 0
28375 0
28651 0
28768 0
28869 0
29001 0
29008 0
29104 0
29154 0
29228 0
29305 0
29418 0
29432 0
29559 0
29678 0
29718 0
29745 0
29749 0
29937 0
30070 0
30134 0
30248 0
30249 0
30305 0
30397 0
30471 0
30618 0
30798 0
30820 0
30882 0
30980 0
31116 0
31338 0
31805 0
31852 0
32036 0
32059 0
32070 0
32080 0
32130 0
32174 0
32338 0
32355 0
32364 0
32366 0
32394 0
32471 0
32555 0
32640 0
32674 0
32797 0
32859 0
32894 0
33110 0
33328 0
33442 0
33451 0
33500 0
33927 0
33974 0
33987 0
34246 0
34404 0
34454 0
34463 0
34591 0
34651 0
34672 0
34866 0
34969 0
35013 0
35024 0
35064 0
35319 0
35348 0
35360 0
35371 0
35424 0
35463 0
35574 0
35670 0
35714 0
35785 0
35870 0
35874 0
35884 0
35959 0
36328 0
36525 0
36556 0
36650 0
36655 0
36716 0
37283 0
37300 0
37505 0
37552 0
37558 0
37586 0
37636 0
37676 0
37760 0
37965 0
38163 0
38211 0
38279 0
38458 0
38549 0
38569 0
38596 0
38737 0
38807 0
38988 0
39104 0
39122 0
39241 0
39265 0
39386 0
39390 0
39541 0
39587 0
39601 0
39749 0
39892 0
40050 0
40099 0
40145 0
40175 0
40178 0
40199 0
40225 0
40345 0
40398 0
40453 0
40536 0
40625 0
40808 0
40889 0
41174 0
41220 0
41233 0
41364 0
41412 0
41633 0
41765 0
42001 0
42158 0
42174 0
42207 0
42305 0
42351 0
42394 0
42430 0
42433 0
42513 0
42691 0
42721 0
42722 0
42765 0
42876 0
42889 0
43030 0
43095 0
43122 0
43132 0
43187 0
43246 0
43382 0
43425 0
43548 0
43609 0
43746 0
43802 0
43827 0
43898 0
43900 0
43934 0
44105 0
44196 0
44270 0
44284 0
44347 0
44377 0
44465 0
44502 0
44532 0
44571 0
44577 0
44716 0
44776 0
44863 0
44902 0
44912 0
44946 0
45086 0
45433 0
45566 0
45580 0
45593 0
45629 0
45670 0
45680 0
45733 0
45807 0
45854 0
45880 0
45926 0
45935 0
46257 0
46301 0
46506 0
46604 0
46752 0
46808 0
46887 0
47000 0
47100 0
47110 0
47116 0
47121 0
47192 0
47230 0
47384 0
47452 0
47501 0
47631 0
47754 0
47805 0
47811 0
47862 0
48022 0
48087 0
48118 0
48171 0
48193 0
48222 0
48585 0
48657 0
48716 0
48787 0
48897 0
49257 0
49343 0
49346 0
49448 0
49461 0
49565 0
49858 0
50118 0
50301 0
50305 0
50323 0
50440 0
50623 0
50892 0
51008 0
51226 0
51293 0
51490 0
51509 0
51524 0
51543 0
51604 0
51612 0
51774 0
51796 0
51885 0
52044 0
52146 0
52213 0
52278 0
52627 0
52663 0
53105 0
53210 0
53243 0
53326 0
53562 0
53692 0
53812 0
53814 0
53939 0
53967 0
54081 0
54099 0
54163 0
54324 0
54450 0
54602 0
54620 0
54764 0
54855 0
54900 0
54902 0
54935 0
55071 0
55265 0
55287 0
55302 0
55357 0
55673 0
55730 0
55793 0
55841 0
55906 0
56051 0
56111 0
56176 0
56191 0
56245 0
56258 0
56299 0
56353 0
56649 0
56693 0
56913 0
56986 0
57061 0
57211 0
57217 0
57252 0
57523 0
57663 0
57803 0
57816 0
57837 0
58143 0
58150 0
58179 0
58471 0
58477 0
58529 0
58560 0
58565 0
58637 0
58678 0
58681 0
59184 0
59211 0
59215 0
59533 0
59564 0
59650 0
59682 0
59955 0
60101 0
60113 0
60356 0
60944 0
60953 0
61134 0
61373 0
61377 0
61411 0
61421 0
61430 0
61449 0
61669 0
61704 0
61795 0
61929 0
62015 0
62075 0
62137 0
62145 0
62172 0
62180 0
62369 0
62444 0
62539 0
62572 0
62625 0
62677 0
62907 0
62976 0
63103 0
63288 0
63413 0
63485 0
63832 0
63901 0
64024 0
64095 0
64306 0
64474 0
64483 0
64529 0
64576 0
64780 0
64854 0
64891 0
64898 0
64958 0
65281 0
65577 0
65617 0
65688 0
65866 0
65892 0
65942 0
65997 0
66062 0
66063 0
66106 0
66277 0
66347 0
66419 0
66671 0
66700 0
66800 0
66818 0
66871 0
66879 0
66914 0
66950 0
67123 0
67550 0
67618 0
67803 0
67808 0
67937 0
68063 0
68359 0
68431 0
68443 0
68553 0
68768 0
68854 0
68905 0
68954 0
69006 0
69047 0
69052 0
69126 0
69283 0
69474 0
69506 0
69666 0
69733 0
69892 0
70273 0
70355 0
70599 0
70659 0
70854 0
70958 0
70960 0
70986 0
71086 0
71223 0
71304 0
71384 0
71475 0
71487 0
71604 0
71606 0
71781 0
71814 0
71882 0
72110 0
72137 0
72341 0
72424 0
72431 0
72469 0
72478 0
72577 0
72584 0
72672 0
72781 0
72782 0
72789 0
72864 0
72914 0
72927 0
73127 0
73201 0
73365 0
73379 0
73427 0
73568 0
73671 0
73745 0
73795 0
74161 0
74222 0
74263 0
74339 0
74517 0
74519 0
74581 0
74814 0
75091 0
75093 0
75125 0
75135 0
75168 0
75285 0
75288 0
75290 0
75901 0
76029 0
76385 0
76419 0
76571 0
76606 0
77073 0
77326 0
77488 0
77536 0
77773 0
77789 0
77808 0
77849 0
77929 0
78034 0
78347 0
78406 0
78650 0
78662 0
78804 0
78835 0
78990 0
78997 0
79005 0
79112 0
79140 0
79237 0
79387 0
79525 0
79556 0
79611 0
79774 0
79785 0
80316 0
80445 0
80620 0
80792 0
80832 0
80847 0
80931 0
81010 0
81086 0
81098 0
81346 0
81384 0
81571 0
81601 0
81668 0
81690 0
81758 0
81944 0
82095 0
82098 0
82112 0
82351 0
82372 0
82387 0
82393 0
82465 0
82563 0
82579 0
82617 0
82884 0
82894 0
82915 0
83020 0
83089 0
83114 0
83131 0
83134 0
83318 0
83335 0
83357 0
83484 0
83501 0
83616 0
83853 0
83870 0
83910 0
84067 0
84290 0
84336 0
84411 0
84458 0
84499 0
84534 0
84576 0
84607 0
84669 0
84733 0
84766 0
84878 0
84928 0
84967 0
84971 0
85104 0
85135 0
85144 0
85169 0
85279 0
85299 0
85554 0
85655 0
85656 0
85732 0
85738 0
85827 0
85829 0
85892 0
86038 0
86077 0
86138 0
86188 0
86225 0
86253 0
86323 0
86417 0
86689 0
86694 0
86822 0
86874 0
86904 0
87009 0
87299 0
87322 0
87351 0
87364 0
87423 0
87548 0
87600 0
87611 0
87647 0
87714 0
87763 0
87808 0
87851 0
87957 0
88079 0
88109 0
88128 0
88264 0
88364 0
88449 0
88507 0
88813 0
88886 0
88902 0
88940 0
88950 0
88956 0
89010 0
89039 0
89235 0
89269 0
89297 0
89311 0
89510 0
89640 0
89790 0
90141 0
90174 0
90342 0
90503 0
90851 0
90992 0
91032 0
91068 0
91259 0
91495 0
91609 0
91713 0
91870 0
91999 0
92065 0
92131 0
92158 0
92224 0
92271 0
92321 0
92361 0
92534 0
92615 0
92679 0
92787 0
92942 0
93228 0
93273 0
93412 0
93495 0
93501 0
93569 0
93605 0
93681 0
93785 0
93859 0
93912 0
93938 0
94050 0
94065 0
94172 0
94239 0
94260 0
94295 0
94335 0
94415 0
94420 0
94568 0
94599 0
94613 0
94732 0
94921 0
94978 0
95114 0
95227 0
95436 0
95500 0
95587 0
95861 0
96009 0
96082 0
96106 0
96253 0
96263 0
96294 0
96373 0
96392 0
96507 0
96554 0
96591 0
96755 0
96912 0
96957 0
97013 0
97063 0
97160 0
97365 0
97556 0
97715 0
97791 0
98059 0
98096 0
98115 0
98346 0
98424 0
98467 0
98497 0
98798 0
98849 0
98852 0
98899 0
98935 0
99148 0
99186 0
99410 0
99508 0
99676 0
99718 0
