c This is a uniform distributed  1-D DIMACS file 
c width height point_number
p 100000 100000 1024
141 0
231 0
244 0
660 0
742 0
863 0
869 0
879 0
884 0
975 0
1127 0
1290 0
1479 0
1665 0
1721 0
1971 0
2157 0
2201 0
2286 0
2337 0
2686 0
2710 0
3064 0
3127 0
3148 0
3325 0
3659 0
3680 0
3701 0
3730 0
3781 0
3805 0
4181 0
4197 0
4388 0
4485 0
4527 0
4573 0
4611 0
4663 0
4801 0
5096 0
5188 0
5226 0
5324 0
5328 0
5427 0
5475 0
5530 0
5543 0
5586 0
5641 0
5773 0
5825 0
5831 0
5861 0
5866 0
5936 0
6132 0
6183 0
6261 0
6647 0
6725 0
6731 0
6856 0
6858 0
6913 0
7011 0
7021 0
7175 0
7293 0
7343 0
7347 0
7370 0
7461 0
7504 0
7655 0
7840 0
7870 0
7952 0
7968 0
8083 0
8131 0
8242 0
8531 0
8552 0
8600 0
8645 0
8674 0
8691 0
8715 0
8820 0
9155 0
9172 0
9280 0
9377 0
9423 0
9676 0
9708 0
9894 0
9956 0
10099 0
10211 0
10291 0
10379 0
10390 0
10444 0
10517 0
10616 0
10675 0
10760 0
10894 0
11213 0
11237 0
11376 0
11426 0
11609 0
11622 0
11768 0
11814 0
11816 0
11824 0
11841 0
12122 0
12156 0
12380 0
12503 0
12588 0
12590 0
12677 0
12680 0
12762 0
12927 0
13012 0
13043 0
13331 0
13358 0
13389 0
13458 0
13461 0
13734 0
13771 0
13816 0
13876 0
13892 0
14030 0
14041 0
14123 0
14215 0
14218 0
14250 0
14369 0
14392 0
14481 0
14519 0
14774 0
14817 0
15051 0
15079 0
15422 0
15439 0
15442 0
15887 0
16299 0
16396 0
16405 0
16411 0
16430 0
16518 0
16561 0
16840 0
16945 0
17076 0
17101 0
17185 0
17325 0
17517 0
17584 0
17887 0
17949 0
17963 0
18117 0
18213 0
18311 0
18845 0
18884 0
18996 0
19026 0
19046 0
19061 0
19135 0
19147 0
19198 0
19238 0
19273 0
19297 0
19367 0
19403 0
19581 0
19946 0
19948 0
20060 0
20071 0
20106 0
20481 0
20539 0
20626 0
20693 0
20901 0
20947 0
21030 0
21039 0
21160 0
21247 0
21257 0
21279 0
21369 0
21489 0
21756 0
21801 0
21860 0
21897 0
21957 0
22125 0
22242 0
22348 0
22530 0
22540 0
22691 0
22832 0
22849 0
22899 0
22906 0
23108 0
23151 0
23154 0
23282 0
23305 0
23348 0
23493 0
23506 0
23654 0
23679 0
23840 0
24145 0
24327 0
24404 0
24719 0
24836 0
25157 0
25196 0
25582 0
25708 0
25739 0
25775 0
25854 0
25904 0
25940 0
26142 0
26193 0
26210 0
26389 0
26480 0
26517 0
26607 0
26636 0
26638 0
26723 0
26844 0
26858 0
26946 0
26947 0
27036 0
27166 0
27236 0
27244 0
27264 0
27378 0
27387 0
27417 0
27432 0
27657 0
27730 0
27731 0
27794 0
27815 0
27841 0
28100 0
28127 0
28259 0
28277 0
28295 0
28318 0
28507 0
28577 0
29022 0
29037 0
29079 0
29257 0
29356 0
29363 0
29449 0
29497 0
29553 0
29558 0
29580 0
29587 0
29866 0
30009 0
30012 0
30126 0
30164 0
30188 0
30375 0
30384 0
30406 0
30481 0
30582 0
30610 0
30846 0
30863 0
30932 0
30960 0
30974 0
31001 0
31174 0
31247 0
31589 0
31609 0
31722 0
31747 0
31780 0
31908 0
32030 0
32076 0
32127 0
32170 0
32287 0
32342 0
32365 0
32453 0
32584 0
32592 0
32634 0
32646 0
32684 0
32697 0
32866 0
33102 0
33268 0
33479 0
33517 0
33623 0
33737 0
33880 0
34014 0
34051 0
34243 0
34398 0
34457 0
34486 0
34517 0
34661 0
34739 0
35038 0
35051 0
35317 0
35499 0
35596 0
35711 0
35776 0
35784 0
36369 0
36379 0
36576 0
36655 0
36724 0
36762 0
36815 0
36973 0
37022 0
37028 0
37104 0
37137 0
37236 0
37485 0
37519 0
37576 0
37674 0
37828 0
37953 0
37982 0
38052 0
38077 0
38092 0
38116 0
38136 0
38200 0
38265 0
38280 0
38285 0
38353 0
38364 0
38388 0
38436 0
38530 0
38861 0
38931 0
39043 0
39072 0
39135 0
39326 0
39375 0
39431 0
39487 0
39520 0
39566 0
39572 0
39967 0
39993 0
40042 0
40105 0
40142 0
40434 0
40519 0
40595 0
40624 0
40654 0
40821 0
41003 0
41016 0
41332 0
41349 0
41498 0
41502 0
41542 0
41578 0
41951 0
41971 0
41998 0
42096 0
42165 0
42193 0
42261 0
42364 0
42391 0
42410 0
42454 0
42465 0
42497 0
42512 0
42577 0
42787 0
42999 0
43092 0
43097 0
43298 0
43380 0
43408 0
43434 0
43952 0
44186 0
44425 0
44526 0
44547 0
44604 0
44656 0
44746 0
44903 0
44927 0
44999 0
45159 0
45251 0
45256 0
45533 0
45546 0
45557 0
45584 0
45590 0
45713 0
45826 0
45890 0
46034 0
46102 0
46352 0
46600 0
46640 0
46659 0
46725 0
46922 0
47061 0
47130 0
47219 0
47240 0
47275 0
47291 0
47352 0
47353 0
47460 0
47767 0
47813 0
47846 0
47903 0
47908 0
47916 0
48090 0
48177 0
48214 0
48428 0
48547 0
48762 0
48816 0
48901 0
48956 0
48964 0
49072 0
49079 0
49245 0
49323 0
49392 0
49497 0
49522 0
49564 0
49592 0
49742 0
49745 0
49901 0
50155 0
50173 0
50200 0
50264 0
50341 0
50450 0
50879 0
50957 0
51093 0
51257 0
51327 0
51410 0
51418 0
51464 0
51523 0
51675 0
51976 0
51982 0
51985 0
52049 0
52095 0
52199 0
52208 0
52350 0
52505 0
52609 0
52623 0
52682 0
52985 0
53164 0
53419 0
53430 0
53457 0
53621 0
53701 0
53834 0
54071 0
54197 0
54253 0
54342 0
54819 0
54850 0
55004 0
55111 0
55219 0
55246 0
55300 0
55357 0
55396 0
55464 0
56040 0
56180 0
56265 0
56288 0
56351 0
56379 0
56670 0
56690 0
56890 0
56904 0
56964 0
57029 0
57047 0
57464 0
57512 0
57781 0
57798 0
57820 0
57828 0
57973 0
58035 0
58297 0
58455 0
58498 0
58504 0
58576 0
58622 0
58706 0
58862 0
58930 0
58962 0
59185 0
59393 0
59604 0
59727 0
59729 0
59858 0
59938 0
60035 0
60426 0
60430 0
60487 0
60627 0
60663 0
60769 0
60890 0
60912 0
60977 0
60983 0
61163 0
61288 0
61323 0
61364 0
61387 0
61392 0
61492 0
61507 0
61670 0
61828 0
61970 0
62054 0
62097 0
62167 0
62224 0
62305 0
62459 0
62514 0
62524 0
62853 0
62911 0
62960 0
63004 0
63372 0
63418 0
63598 0
63601 0
63747 0
63753 0
63955 0
63988 0
64135 0
64179 0
64246 0
64252 0
64359 0
64402 0
64428 0
64504 0
64579 0
64691 0
64781 0
64808 0
64832 0
65091 0
65234 0
65301 0
65386 0
65400 0
65471 0
65498 0
65507 0
65528 0
65570 0
65605 0
65661 0
65757 0
65760 0
65788 0
66033 0
66108 0
66228 0
66292 0
66342 0
66460 0
66599 0
66664 0
67246 0
67265 0
67367 0
67388 0
67583 0
67859 0
67964 0
67996 0
68162 0
68241 0
68325 0
68353 0
68445 0
68571 0
68581 0
68594 0
68701 0
68742 0
68793 0
69017 0
69078 0
69108 0
69300 0
69464 0
69568 0
69763 0
69775 0
69807 0
69979 0
69991 0
70057 0
70135 0
70216 0
70321 0
70433 0
70555 0
70642 0
70797 0
70886 0
70916 0
70950 0
71001 0
71055 0
71114 0
71117 0
71123 0
71177 0
71225 0
71240 0
71395 0
71415 0
71447 0
71551 0
71823 0
71872 0
71956 0
72045 0
72185 0
72186 0
72269 0
72418 0
72804 0
73130 0
73181 0
73402 0
73497 0
73686 0
73798 0
73951 0
73954 0
73973 0
73993 0
74002 0
74054 0
74060 0
74072 0
74136 0
74171 0
74614 0
74639 0
74697 0
74762 0
74987 0
75102 0
75143 0
75363 0
75370 0
75803 0
75837 0
75839 0
75853 0
76096 0
76149 0
76263 0
76641 0
76676 0
76750 0
76894 0
76909 0
76992 0
77018 0
77058 0
77082 0
77269 0
77278 0
77306 0
77311 0
77443 0
77500 0
77615 0
77673 0
77743 0
77856 0
77915 0
77979 0
78012 0
78027 0
78038 0
78072 0
78179 0
78408 0
78537 0
78552 0
78767 0
78876 0
79158 0
79525 0
79562 0
79581 0
79597 0
79925 0
80013 0
80103 0
80189 0
80227 0
80300 0
80545 0
80691 0
80724 0
80754 0
80835 0
80877 0
81042 0
81077 0
81134 0
81198 0
81230 0
81273 0
81412 0
81622 0
81625 0
81691 0
81738 0
81941 0
81990 0
82011 0
82048 0
82110 0
82515 0
82899 0
82902 0
82921 0
82960 0
83086 0
83096 0
83108 0
83221 0
83330 0
83373 0
83390 0
83523 0
83558 0
83582 0
83677 0
83770 0
83866 0
83953 0
84016 0
84139 0
84182 0
84221 0
84234 0
84267 0
84299 0
84305 0
84307 0
84423 0
84459 0
84464 0
84528 0
84595 0
84643 0
84651 0
84766 0
84784 0
84880 0
84976 0
85035 0
85066 0
85089 0
85291 0
85292 0
85360 0
85514 0
85530 0
85749 0
85779 0
85788 0
85989 0
85991 0
86095 0
86472 0
86810 0
86880 0
86918 0
86940 0
87034 0
87075 0
87463 0
87503 0
87640 0
87750 0
87785 0
87793 0
87899 0
87914 0
87993 0
88079 0
88228 0
88330 0
88471 0
88504 0
88584 0
88588 0
88621 0
88941 0
89074 0
89156 0
89226 0
89362 0
89539 0
89629 0
89703 0
89808 0
89930 0
90185 0
90220 0
90346 0
90415 0
90446 0
90707 0
90765 0
91203 0
91225 0
91230 0
91522 0
91546 0
91606 0
91734 0
91757 0
91889 0
91949 0
92078 0
92083 0
92113 0
92263 0
92339 0
92471 0
92480 0
92536 0
92816 0
92874 0
92962 0
93262 0
93376 0
93405 0
93437 0
93536 0
93615 0
93616 0
93868 0
93918 0
93948 0
94148 0
94199 0
94340 0
94836 0
94914 0
95274 0
95311 0
95312 0
95344 0
95517 0
95555 0
95959 0
95964 0
96162 0
96227 0
96357 0
96435 0
96622 0
96731 0
96802 0
96985 0
97044 0
97123 0
97156 0
97194 0
97314 0
97554 0
97647 0
97833 0
98010 0
98112 0
98394 0
98442 0
98469 0
98818 0
98896 0
98955 0
98964 0
98971 0
99035 0
99092 0
99101 0
99245 0
99515 0
99656 0
99701 0
99850 0
99983 0
