c This is a uniform distributed  1-D DIMACS file 
c width height point_number
p 100000 100000 1024
97 0
223 0
252 0
289 0
347 0
481 0
883 0
957 0
1149 0
1238 0
1244 0
1285 0
1306 0
1323 0
1404 0
1483 0
1533 0
1571 0
1638 0
1726 0
1740 0
2189 0
2191 0
2294 0
2311 0
2432 0
2561 0
2587 0
2662 0
2790 0
3474 0
3548 0
3593 0
3655 0
3681 0
3687 0
3869 0
3903 0
3921 0
3965 0
4004 0
4220 0
4250 0
4431 0
4689 0
4779 0
4951 0
4961 0
5138 0
5194 0
5371 0
5406 0
5512 0
5534 0
5665 0
5848 0
6186 0
6242 0
6449 0
6607 0
6684 0
6705 0
6714 0
6945 0
7236 0
7353 0
7460 0
7619 0
7688 0
7947 0
8175 0
8348 0
8462 0
8568 0
8632 0
8640 0
8678 0
8772 0
8782 0
8798 0
8862 0
8903 0
9157 0
9232 0
9236 0
9263 0
9276 0
9335 0
9394 0
9485 0
9521 0
9551 0
9631 0
9632 0
9729 0
9748 0
9749 0
9768 0
9832 0
9846 0
9849 0
10178 0
10234 0
10367 0
10474 0
10550 0
10565 0
10604 0
10701 0
10732 0
10977 0
11028 0
11272 0
11293 0
11322 0
11438 0
11440 0
11472 0
11558 0
11614 0
11673 0
11696 0
11746 0
11792 0
11813 0
11837 0
11880 0
12146 0
12159 0
12196 0
12232 0
12281 0
12434 0
12479 0
12546 0
12619 0
12653 0
12777 0
12991 0
13014 0
13085 0
13178 0
13203 0
13251 0
13257 0
13290 0
13361 0
13608 0
13652 0
13660 0
13744 0
13862 0
14060 0
14078 0
14122 0
14367 0
14493 0
14508 0
14569 0
14760 0
14925 0
15001 0
15019 0
15206 0
15325 0
15532 0
15761 0
15807 0
15864 0
15873 0
15883 0
16146 0
16202 0
16347 0
16642 0
16717 0
16861 0
16913 0
16971 0
17043 0
17193 0
17204 0
17269 0
17282 0
17367 0
17454 0
17516 0
17606 0
17736 0
17930 0
17981 0
18252 0
18308 0
18387 0
18455 0
18540 0
18675 0
18753 0
18925 0
18930 0
19584 0
19637 0
19652 0
19696 0
19847 0
19980 0
20005 0
20079 0
20181 0
20236 0
20396 0
20735 0
20856 0
21021 0
21067 0
21092 0
21113 0
21244 0
21331 0
21583 0
21834 0
22065 0
22199 0
22212 0
22401 0
22531 0
22679 0
22700 0
22734 0
22851 0
22856 0
22955 0
23093 0
23243 0
23369 0
23384 0
23545 0
23594 0
23617 0
23639 0
23651 0
23812 0
23831 0
23927 0
24040 0
24112 0
24166 0
24195 0
24233 0
24304 0
24335 0
24374 0
24582 0
24691 0
24729 0
24781 0
24844 0
24952 0
25310 0
25443 0
25559 0
25640 0
25741 0
25987 0
25996 0
26165 0
26197 0
26337 0
26478 0
26506 0
26540 0
26594 0
26666 0
26909 0
27043 0
27046 0
27222 0
27282 0
27304 0
27321 0
27384 0
27529 0
27606 0
27645 0
27685 0
27722 0
27746 0
27763 0
28049 0
28180 0
28185 0
28204 0
28268 0
28323 0
28415 0
28626 0
28657 0
28675 0
28771 0
28817 0
28876 0
29033 0
29067 0
29175 0
29307 0
29408 0
29475 0
29487 0
29498 0
29747 0
29905 0
30025 0
30027 0
30032 0
30500 0
30513 0
30660 0
30709 0
30732 0
30968 0
31015 0
31045 0
31065 0
31176 0
31236 0
31238 0
31245 0
31635 0
32078 0
32106 0
32228 0
32275 0
32323 0
32365 0
32435 0
32456 0
32503 0
32644 0
32656 0
32832 0
32861 0
32907 0
33000 0
33029 0
33032 0
33060 0
33175 0
33285 0
33308 0
33415 0
33535 0
33787 0
33951 0
33970 0
33975 0
34027 0
34114 0
34127 0
34199 0
34212 0
34269 0
34512 0
34769 0
34773 0
34789 0
34878 0
35055 0
35156 0
35180 0
35589 0
35641 0
35728 0
35779 0
35982 0
36362 0
36505 0
36557 0
36759 0
36818 0
36920 0
37120 0
37148 0
37369 0
37504 0
37565 0
37569 0
37582 0
37591 0
37610 0
37640 0
38170 0
38191 0
38266 0
38281 0
38497 0
38723 0
38827 0
38943 0
38956 0
38980 0
38997 0
39002 0
39072 0
39074 0
39077 0
39200 0
39340 0
39393 0
39456 0
39486 0
39530 0
39774 0
39807 0
39963 0
40102 0
40183 0
40399 0
40430 0
40444 0
40587 0
40664 0
40781 0
40862 0
41179 0
41202 0
41232 0
41334 0
41540 0
41680 0
41816 0
41858 0
41946 0
42205 0
42212 0
42345 0
42508 0
42566 0
42707 0
42734 0
42736 0
42783 0
42796 0
42832 0
42850 0
42896 0
43011 0
43039 0
43097 0
43407 0
43463 0
43534 0
43683 0
43863 0
43889 0
44111 0
44246 0
44283 0
44365 0
44379 0
44440 0
44593 0
44595 0
44612 0
44697 0
44750 0
44794 0
44908 0
44935 0
44992 0
44999 0
45291 0
45408 0
45425 0
45955 0
46023 0
46079 0
46208 0
46581 0
46813 0
47128 0
47133 0
47201 0
47209 0
47461 0
47511 0
47665 0
47760 0
47808 0
48015 0
48119 0
48150 0
48300 0
48319 0
48706 0
48764 0
48936 0
48954 0
48982 0
49108 0
49180 0
49209 0
49359 0
49466 0
49475 0
49547 0
49756 0
49883 0
49895 0
49918 0
49950 0
49985 0
49988 0
50203 0
50364 0
50456 0
50527 0
50609 0
50630 0
50673 0
50739 0
50819 0
50859 0
50883 0
50912 0
50918 0
51121 0
51219 0
51269 0
51302 0
51431 0
51438 0
51689 0
51694 0
51730 0
52001 0
52025 0
52107 0
52277 0
52318 0
52464 0
52643 0
52650 0
52938 0
53398 0
53403 0
53758 0
53766 0
53880 0
54164 0
54205 0
54247 0
54263 0
54264 0
54272 0
54355 0
54505 0
54506 0
54575 0
54579 0
54628 0
54703 0
54861 0
55029 0
55077 0
55243 0
55290 0
55312 0
55387 0
55388 0
55407 0
55459 0
55622 0
55667 0
55760 0
55855 0
55879 0
55965 0
56075 0
56384 0
56521 0
56609 0
56697 0
56701 0
56790 0
56812 0
56885 0
57069 0
57265 0
57277 0
57322 0
57381 0
57549 0
57572 0
57940 0
57949 0
58112 0
58375 0
58608 0
58954 0
59130 0
59186 0
59474 0
59550 0
59651 0
59904 0
59924 0
59934 0
60161 0
60174 0
60218 0
60358 0
60363 0
60411 0
60478 0
60602 0
60678 0
60700 0
60778 0
61034 0
61057 0
61067 0
61104 0
61175 0
61180 0
61286 0
61572 0
61607 0
61707 0
61753 0
61828 0
61863 0
61911 0
61957 0
62021 0
62120 0
62241 0
62244 0
62263 0
62271 0
62381 0
62490 0
62569 0
62588 0
62673 0
62699 0
62885 0
62932 0
62935 0
62949 0
62950 0
63133 0
63358 0
63384 0
63534 0
63571 0
63649 0
63786 0
63803 0
63805 0
63925 0
64137 0
64256 0
64300 0
64736 0
64913 0
65033 0
65263 0
65427 0
65481 0
65616 0
65727 0
65856 0
65860 0
65950 0
66008 0
66086 0
66150 0
66160 0
66356 0
66454 0
66622 0
66742 0
66797 0
67042 0
67100 0
67160 0
67209 0
67273 0
67313 0
67701 0
67724 0
67735 0
67820 0
67864 0
67883 0
67941 0
68021 0
68079 0
68118 0
68256 0
68382 0
68503 0
68510 0
68524 0
68669 0
68783 0
68800 0
68988 0
69072 0
69194 0
69248 0
69313 0
69392 0
69457 0
69608 0
69706 0
69931 0
69941 0
69956 0
70115 0
70256 0
70280 0
70313 0
70429 0
70437 0
70585 0
70606 0
70824 0
70839 0
71127 0
71204 0
71323 0
71337 0
71350 0
71601 0
71615 0
71909 0
71983 0
72092 0
72112 0
72196 0
72383 0
72655 0
72664 0
72676 0
72721 0
72734 0
72933 0
72960 0
73009 0
73112 0
73121 0
73159 0
73361 0
73463 0
73822 0
73872 0
74096 0
74295 0
74306 0
74308 0
74420 0
74467 0
74549 0
74625 0
74836 0
74869 0
75285 0
75447 0
75763 0
75855 0
75977 0
75986 0
76007 0
76286 0
76729 0
76790 0
76817 0
77042 0
77123 0
77125 0
77324 0
77501 0
77586 0
77688 0
77756 0
77837 0
77874 0
77906 0
77914 0
78185 0
78201 0
78209 0
78384 0
78394 0
78404 0
78432 0
78571 0
78689 0
78712 0
78788 0
78841 0
79111 0
79160 0
79169 0
79174 0
79188 0
79193 0
79199 0
79343 0
79350 0
79361 0
79506 0
79543 0
79680 0
79823 0
79844 0
79869 0
79885 0
79945 0
79950 0
80048 0
80094 0
80112 0
80210 0
80230 0
80261 0
80387 0
80564 0
80657 0
80660 0
80707 0
80783 0
80797 0
80845 0
81104 0
81135 0
81165 0
81229 0
81527 0
81568 0
81639 0
81647 0
81750 0
81895 0
81925 0
82132 0
82254 0
82280 0
82391 0
82519 0
82698 0
83107 0
83156 0
83222 0
83343 0
83626 0
83654 0
83746 0
84047 0
84121 0
84144 0
84159 0
84358 0
84381 0
84391 0
84404 0
84526 0
84544 0
84609 0
84665 0
84918 0
84927 0
84985 0
85067 0
85128 0
85208 0
85218 0
85231 0
85373 0
85476 0
85614 0
85695 0
85716 0
85764 0
86032 0
86145 0
86344 0
86376 0
86457 0
86463 0
86550 0
86748 0
86880 0
86934 0
86940 0
87002 0
87101 0
87508 0
87576 0
87841 0
87864 0
87888 0
88038 0
88059 0
88079 0
88134 0
88174 0
88296 0
88629 0
88831 0
88991 0
89074 0
89106 0
89166 0
89230 0
89380 0
89425 0
89447 0
89501 0
89719 0
89765 0
90418 0
90677 0
90829 0
90914 0
91037 0
91108 0
91156 0
91193 0
91282 0
91314 0
91359 0
91396 0
91423 0
91432 0
91502 0
91549 0
91570 0
91735 0
91791 0
91835 0
91939 0
91940 0
92061 0
92068 0
92121 0
92123 0
92169 0
92260 0
92335 0
92489 0
92595 0
92833 0
92851 0
92892 0
92969 0
93185 0
93344 0
93406 0
93447 0
93479 0
93612 0
93786 0
93806 0
93840 0
94085 0
94453 0
94465 0
94505 0
94627 0
94639 0
94807 0
94885 0
94930 0
95094 0
95144 0
95291 0
95304 0
95455 0
95463 0
95553 0
95557 0
95749 0
95863 0
95876 0
95883 0
96175 0
96276 0
96436 0
96440 0
96470 0
96694 0
96795 0
96889 0
96892 0
96960 0
97043 0
97044 0
97120 0
97165 0
97288 0
97347 0
97625 0
97676 0
98320 0
98327 0
98339 0
98615 0
98659 0
98674 0
98709 0
98824 0
98896 0
98992 0
99028 0
99198 0
99405 0
99418 0
99537 0
99595 0
99679 0
99813 0
99925 0
