c This is a uniform distributed  1-D DIMACS file 
c width height point_number
p 100000 100000 1024
93 0
171 0
191 0
719 0
723 0
1139 0
1338 0
1364 0
1457 0
1473 0
1504 0
1890 0
2256 0
2257 0
2302 0
2339 0
2352 0
2680 0
2683 0
2695 0
2882 0
2904 0
2971 0
3051 0
3069 0
3112 0
3185 0
3257 0
3361 0
3539 0
3542 0
3620 0
3700 0
3777 0
3782 0
3957 0
3997 0
4102 0
4116 0
4150 0
4344 0
4423 0
4442 0
4486 0
4604 0
4701 0
4903 0
4929 0
4996 0
5059 0
5106 0
5126 0
5248 0
5251 0
5331 0
5340 0
5760 0
5797 0
6039 0
6412 0
6503 0
6537 0
6662 0
6777 0
6861 0
6894 0
6914 0
7079 0
7177 0
7210 0
7244 0
7307 0
7345 0
7376 0
7394 0
7741 0
7836 0
7860 0
7921 0
8009 0
8038 0
8092 0
8171 0
9047 0
9120 0
9226 0
9240 0
9544 0
9643 0
9691 0
9786 0
9850 0
9856 0
10025 0
10032 0
10055 0
10162 0
10322 0
10430 0
10451 0
10452 0
10859 0
10992 0
11045 0
11072 0
11095 0
11096 0
11246 0
11257 0
11282 0
11315 0
11321 0
11324 0
11329 0
11555 0
11564 0
11711 0
11922 0
11978 0
12092 0
12381 0
12421 0
12533 0
12637 0
12850 0
12856 0
13111 0
13154 0
13199 0
13284 0
13382 0
13530 0
13721 0
13786 0
13851 0
13954 0
13970 0
14010 0
14074 0
14091 0
14118 0
14120 0
14164 0
14238 0
14310 0
14444 0
14452 0
14580 0
14666 0
14751 0
14777 0
14804 0
14870 0
14959 0
15387 0
15639 0
15844 0
15856 0
15906 0
16281 0
16304 0
16414 0
16416 0
16547 0
16613 0
16640 0
16683 0
16805 0
16823 0
16974 0
17013 0
17023 0
17042 0
17072 0
17087 0
17254 0
17364 0
17442 0
17558 0
17563 0
17565 0
17770 0
17793 0
17829 0
17843 0
17865 0
18016 0
18187 0
18413 0
18581 0
18671 0
18857 0
18879 0
19132 0
19197 0
19461 0
19592 0
19681 0
19695 0
19776 0
19902 0
20009 0
20027 0
20143 0
20308 0
20313 0
20328 0
20469 0
20482 0
20494 0
20545 0
20601 0
20631 0
20648 0
20742 0
20877 0
20911 0
21014 0
21117 0
21137 0
21245 0
21345 0
21419 0
21488 0
21619 0
21630 0
21812 0
21826 0
21831 0
21891 0
21999 0
22028 0
22046 0
22093 0
22124 0
22143 0
22319 0
22378 0
22438 0
22542 0
22582 0
22584 0
22604 0
22831 0
22926 0
23077 0
23151 0
23185 0
23276 0
23295 0
23433 0
23503 0
23516 0
23632 0
23885 0
23901 0
23982 0
24143 0
24228 0
24467 0
24619 0
24721 0
25021 0
25182 0
25245 0
25435 0
25516 0
25629 0
25778 0
25851 0
25918 0
25947 0
25961 0
26059 0
26108 0
26177 0
26298 0
26399 0
26457 0
26487 0
26498 0
26544 0
26624 0
26836 0
26843 0
27017 0
27048 0
27190 0
27325 0
27384 0
27470 0
27492 0
27612 0
27816 0
27859 0
28020 0
28029 0
28142 0
28211 0
28533 0
28682 0
28852 0
28859 0
28937 0
29209 0
29323 0
29433 0
29485 0
29511 0
29732 0
29737 0
29782 0
30070 0
30183 0
30207 0
30243 0
30258 0
30274 0
30288 0
30431 0
30442 0
30553 0
30662 0
30702 0
30720 0
30755 0
31020 0
31154 0
31187 0
31227 0
31260 0
31280 0
31287 0
31326 0
31355 0
31360 0
31557 0
31645 0
31652 0
31676 0
31696 0
31743 0
32032 0
32059 0
32546 0
32705 0
32865 0
33068 0
33135 0
33159 0
33181 0
33202 0
33211 0
33330 0
33549 0
33627 0
33740 0
33752 0
33855 0
33868 0
34087 0
34129 0
34367 0
34442 0
34507 0
34562 0
34844 0
35206 0
35333 0
35356 0
35542 0
35600 0
35719 0
35725 0
35779 0
35789 0
35803 0
35855 0
35886 0
35924 0
36095 0
36326 0
36355 0
36426 0
36569 0
36813 0
36990 0
37163 0
37189 0
37591 0
37761 0
37828 0
37832 0
37900 0
38000 0
38090 0
38199 0
38205 0
38257 0
38294 0
38295 0
38330 0
38398 0
38413 0
38419 0
38541 0
38771 0
38961 0
39016 0
39182 0
39291 0
39335 0
39479 0
39561 0
39773 0
39947 0
40015 0
40054 0
40155 0
40165 0
40322 0
40391 0
40406 0
40451 0
40507 0
40562 0
40605 0
40626 0
40650 0
40719 0
40908 0
41085 0
41185 0
41374 0
41401 0
41422 0
41515 0
41675 0
41727 0
41752 0
41778 0
41857 0
41867 0
41908 0
41949 0
41962 0
41971 0
42080 0
42548 0
42588 0
43053 0
43193 0
43283 0
43315 0
43326 0
43384 0
43389 0
43548 0
43596 0
43755 0
43817 0
43877 0
44067 0
44082 0
44119 0
44240 0
44296 0
44358 0
44374 0
44434 0
44549 0
44567 0
44627 0
44644 0
44669 0
44747 0
44785 0
44891 0
45003 0
45092 0
45135 0
45177 0
45181 0
45210 0
45371 0
45452 0
45857 0
46004 0
46284 0
46301 0
46339 0
46356 0
46445 0
46643 0
46664 0
46685 0
46723 0
46870 0
46971 0
47036 0
47110 0
47184 0
47249 0
47469 0
47517 0
47580 0
47594 0
47718 0
47742 0
47867 0
47890 0
47946 0
48042 0
48122 0
48192 0
48466 0
48507 0
48562 0
48629 0
48739 0
48821 0
48828 0
48842 0
48849 0
48945 0
48987 0
49059 0
49250 0
49419 0
49568 0
49701 0
49820 0
49971 0
50023 0
50065 0
50080 0
50123 0
50166 0
50202 0
50411 0
50740 0
50832 0
51257 0
51311 0
51425 0
51458 0
51732 0
51784 0
51875 0
51880 0
51931 0
51968 0
51981 0
52201 0
52274 0
52390 0
52811 0
52872 0
52893 0
52959 0
52978 0
53016 0
53048 0
53143 0
53228 0
53231 0
53245 0
53246 0
53393 0
53463 0
53723 0
53818 0
53922 0
53923 0
53925 0
53946 0
53952 0
53999 0
54000 0
54049 0
54187 0
54228 0
54428 0
54550 0
54572 0
54607 0
54640 0
54645 0
54655 0
54774 0
54847 0
54947 0
55052 0
55057 0
55070 0
55093 0
55171 0
55196 0
55378 0
55418 0
55449 0
55488 0
55680 0
55811 0
55899 0
55944 0
55982 0
56006 0
56059 0
56407 0
56457 0
56644 0
56664 0
56736 0
56882 0
56902 0
57088 0
57141 0
57419 0
57496 0
57532 0
57536 0
57570 0
57645 0
57782 0
57876 0
57968 0
57999 0
58014 0
58188 0
58195 0
58245 0
58278 0
58324 0
58455 0
58514 0
58577 0
58590 0
58621 0
58746 0
58858 0
59119 0
59138 0
59266 0
59362 0
59401 0
59405 0
59422 0
59610 0
59627 0
59654 0
59662 0
59998 0
60076 0
60170 0
60335 0
60380 0
60408 0
60425 0
60469 0
60620 0
60662 0
60807 0
60918 0
60955 0
60967 0
60987 0
61039 0
61069 0
61162 0
61197 0
61257 0
61287 0
61585 0
61663 0
61715 0
61885 0
62111 0
62234 0
62252 0
62334 0
62336 0
62343 0
62406 0
62409 0
62457 0
62644 0
62655 0
63041 0
63057 0
63064 0
63340 0
63584 0
63595 0
63709 0
63731 0
63780 0
63781 0
63809 0
63828 0
64022 0
64115 0
64235 0
64715 0
64849 0
65006 0
65184 0
65378 0
65430 0
65516 0
65561 0
65593 0
65633 0
66022 0
66071 0
66400 0
66712 0
66728 0
66753 0
67302 0
67474 0
67490 0
67516 0
67623 0
67980 0
68060 0
68063 0
68076 0
68177 0
68413 0
68522 0
68615 0
68660 0
68672 0
68713 0
68824 0
68834 0
68887 0
68948 0
68950 0
69076 0
69211 0
69431 0
69440 0
69496 0
69721 0
70006 0
70122 0
70128 0
70195 0
70202 0
70336 0
70379 0
70569 0
70583 0
70704 0
70770 0
71007 0
71131 0
71135 0
71308 0
71421 0
71422 0
71435 0
71587 0
71740 0
71821 0
71834 0
71870 0
71900 0
72085 0
72131 0
72174 0
72370 0
72398 0
72501 0
72657 0
72790 0
72813 0
72838 0
72941 0
72956 0
73042 0
73099 0
73409 0
73441 0
73543 0
73567 0
73633 0
73711 0
73745 0
73904 0
73993 0
74154 0
74298 0
74605 0
75014 0
75048 0
75078 0
75101 0
75119 0
75307 0
75436 0
75612 0
75638 0
75907 0
75926 0
76004 0
76037 0
76297 0
76424 0
76672 0
76941 0
77113 0
77140 0
77145 0
77193 0
77211 0
77323 0
77805 0
77818 0
77964 0
78184 0
78217 0
78253 0
78260 0
78322 0
78566 0
78637 0
78706 0
78708 0
78715 0
78925 0
79232 0
79296 0
79505 0
79656 0
79723 0
79821 0
79858 0
79912 0
80155 0
80230 0
80233 0
80254 0
80327 0
80394 0
80477 0
80579 0
80712 0
80832 0
81017 0
81022 0
81235 0
81249 0
81553 0
81587 0
81617 0
81650 0
81717 0
81720 0
81738 0
81908 0
82026 0
82117 0
82217 0
82330 0
82495 0
82509 0
82530 0
82624 0
82688 0
82799 0
83042 0
83119 0
83146 0
83216 0
83370 0
83452 0
83680 0
83826 0
83938 0
84164 0
84238 0
84307 0
84406 0
84435 0
84506 0
84598 0
84681 0
84945 0
85290 0
85341 0
85353 0
85548 0
85621 0
85664 0
85706 0
85724 0
85834 0
85988 0
86262 0
86397 0
86526 0
86740 0
86909 0
86915 0
87037 0
87209 0
87390 0
87418 0
87427 0
87445 0
87495 0
87516 0
87539 0
87569 0
87688 0
87721 0
87796 0
87960 0
88137 0
88152 0
88405 0
88823 0
88838 0
89076 0
89257 0
89359 0
89372 0
89712 0
89750 0
89757 0
89811 0
89825 0
89839 0
90044 0
90081 0
90132 0
90213 0
90302 0
90562 0
90668 0
90720 0
90879 0
90943 0
90992 0
91007 0
91052 0
91260 0
91439 0
91453 0
91538 0
91697 0
91700 0
91772 0
91830 0
92224 0
92292 0
92324 0
92398 0
92443 0
92460 0
92660 0
92749 0
92847 0
92903 0
93020 0
93054 0
93221 0
93237 0
93267 0
93396 0
93446 0
93869 0
94266 0
94407 0
94559 0
94643 0
95084 0
95122 0
95381 0
95587 0
95817 0
96094 0
96182 0
96306 0
96355 0
96465 0
96473 0
96548 0
96912 0
96970 0
97011 0
97122 0
97239 0
97278 0
97331 0
97533 0
97684 0
97926 0
98330 0
98378 0
98383 0
98441 0
98452 0
98483 0
98579 0
98935 0
98998 0
99223 0
99297 0
99427 0
99493 0
99538 0
99539 0
99543 0
99548 0
99575 0
99585 0
99621 0
99646 0
99723 0
99778 0
