c This is a uniform distributed  1-D DIMACS file 
c width height point_number
p 100000 100000 1024
122 0
320 0
521 0
576 0
642 0
645 0
724 0
891 0
915 0
933 0
959 0
1098 0
1480 0
1493 0
1562 0
1602 0
1655 0
1750 0
1816 0
1843 0
1973 0
2048 0
2067 0
2114 0
2458 0
2482 0
2526 0
2696 0
2744 0
2776 0
3013 0
3053 0
3084 0
3137 0
3260 0
3489 0
3755 0
3811 0
3883 0
3991 0
3995 0
4080 0
4218 0
4502 0
4537 0
4871 0
4971 0
5319 0
5366 0
5504 0
5751 0
5825 0
5844 0
5948 0
6062 0
6091 0
6153 0
6168 0
6319 0
6475 0
6491 0
6588 0
6611 0
6720 0
6846 0
6856 0
6965 0
7019 0
7037 0
7305 0
7470 0
7706 0
7843 0
7944 0
7951 0
8039 0
8125 0
8243 0
8246 0
8345 0
8541 0
8543 0
8646 0
8740 0
8769 0
8950 0
9147 0
9154 0
9185 0
9264 0
9306 0
9320 0
9355 0
9464 0
9540 0
9565 0
9568 0
9831 0
9935 0
10066 0
10358 0
10411 0
10438 0
10444 0
10536 0
10675 0
10689 0
10726 0
10748 0
10751 0
10766 0
10875 0
10887 0
10922 0
10928 0
11049 0
11055 0
11427 0
11446 0
11551 0
11559 0
11588 0
11682 0
11810 0
11955 0
12098 0
12503 0
12608 0
12670 0
12680 0
12762 0
12789 0
12817 0
13060 0
13197 0
13439 0
13716 0
13850 0
13873 0
13996 0
14049 0
14238 0
14309 0
14433 0
14584 0
14592 0
14750 0
14792 0
14822 0
15061 0
15088 0
15153 0
15157 0
15258 0
15328 0
15370 0
15544 0
15910 0
15946 0
15996 0
16070 0
16194 0
16215 0
16579 0
16591 0
16644 0
16657 0
16704 0
16746 0
16837 0
16859 0
16911 0
16939 0
17072 0
17085 0
17086 0
17122 0
17136 0
17207 0
17321 0
17625 0
17628 0
17684 0
17705 0
17747 0
17833 0
17915 0
17943 0
18081 0
18166 0
18187 0
18205 0
18207 0
18217 0
18512 0
18590 0
18621 0
18879 0
18950 0
19226 0
19357 0
19430 0
19459 0
19552 0
19856 0
19888 0
19917 0
19962 0
20085 0
20090 0
20329 0
20391 0
20430 0
20450 0
20763 0
20779 0
20790 0
20992 0
21012 0
21017 0
21126 0
21153 0
21234 0
21364 0
21564 0
21746 0
21750 0
21836 0
22056 0
22147 0
22236 0
22280 0
22356 0
22434 0
22536 0
22680 0
23041 0
23096 0
23171 0
23198 0
23203 0
23269 0
23298 0
23390 0
23506 0
23586 0
23591 0
23655 0
23678 0
23821 0
23850 0
23888 0
23961 0
24013 0
24015 0
24159 0
24192 0
24254 0
24378 0
24461 0
24536 0
24564 0
24800 0
24816 0
24863 0
24933 0
24997 0
25052 0
25222 0
25228 0
25276 0
25454 0
25575 0
25594 0
25739 0
25831 0
25852 0
25866 0
25876 0
25936 0
25955 0
26338 0
26644 0
26672 0
26739 0
26755 0
26896 0
27434 0
28146 0
28383 0
28432 0
28454 0
28605 0
28618 0
28857 0
29247 0
29296 0
29310 0
29411 0
29415 0
29547 0
29592 0
29758 0
29849 0
29911 0
30025 0
30102 0
30116 0
30148 0
30163 0
30562 0
30563 0
30990 0
31158 0
31266 0
31336 0
31496 0
31538 0
31601 0
31645 0
31794 0
31826 0
31865 0
31905 0
31949 0
32121 0
32258 0
32307 0
32351 0
32490 0
32493 0
32545 0
32833 0
32840 0
32860 0
33059 0
33134 0
33204 0
33226 0
33331 0
33361 0
33500 0
33582 0
33898 0
34225 0
34240 0
34322 0
34581 0
34596 0
34674 0
34784 0
35099 0
35120 0
35194 0
35294 0
35308 0
35493 0
35495 0
35683 0
35798 0
35975 0
36193 0
36375 0
36426 0
36462 0
36485 0
36549 0
36852 0
36895 0
36948 0
37150 0
37365 0
37392 0
37459 0
37535 0
37672 0
37779 0
37795 0
37828 0
37882 0
37967 0
38016 0
38126 0
38137 0
38244 0
38287 0
38320 0
38484 0
38533 0
38536 0
38544 0
38567 0
38732 0
38777 0
38914 0
39111 0
39271 0
39322 0
39347 0
39372 0
39630 0
39640 0
39663 0
39760 0
39837 0
39910 0
39924 0
40007 0
40029 0
40200 0
40405 0
40537 0
40587 0
40681 0
40770 0
40779 0
40818 0
40821 0
40981 0
41058 0
41161 0
41187 0
41270 0
41424 0
41447 0
41494 0
41713 0
41735 0
41897 0
42003 0
42268 0
42379 0
42400 0
42406 0
42512 0
42533 0
42639 0
42677 0
42730 0
42747 0
42974 0
43042 0
43050 0
43107 0
43216 0
43310 0
43394 0
43454 0
43974 0
43988 0
44037 0
44093 0
44272 0
44333 0
44365 0
44503 0
44689 0
44878 0
44880 0
45175 0
45492 0
45719 0
45744 0
45788 0
45890 0
45900 0
45933 0
45951 0
46019 0
46054 0
46259 0
46354 0
46419 0
46684 0
46716 0
46795 0
46827 0
47040 0
47256 0
47356 0
47363 0
47474 0
47552 0
47553 0
47565 0
47725 0
47773 0
47826 0
47899 0
47934 0
47961 0
48013 0
48140 0
48160 0
48474 0
48475 0
48548 0
48584 0
48754 0
48765 0
49039 0
49066 0
49288 0
49291 0
49292 0
49946 0
49962 0
49981 0
50066 0
50336 0
50408 0
50564 0
50569 0
50638 0
50649 0
50692 0
50801 0
50897 0
50952 0
50987 0
51078 0
51149 0
51151 0
51239 0
51393 0
51408 0
51413 0
51466 0
51563 0
51674 0
51699 0
51794 0
51849 0
52003 0
52015 0
52508 0
52529 0
52558 0
52600 0
52657 0
52687 0
52948 0
53104 0
53240 0
53335 0
53364 0
53564 0
53738 0
53926 0
54175 0
54258 0
54304 0
54400 0
54536 0
54702 0
54819 0
54911 0
54949 0
54968 0
55074 0
55241 0
55268 0
55394 0
55552 0
55634 0
55683 0
55685 0
55690 0
55907 0
55926 0
55963 0
56166 0
56227 0
56277 0
56321 0
56340 0
56539 0
56552 0
56789 0
57153 0
57190 0
57314 0
57472 0
57556 0
57611 0
57974 0
58056 0
58111 0
58143 0
58151 0
58205 0
58236 0
58253 0
58534 0
58583 0
58691 0
58789 0
58863 0
58895 0
59094 0
59177 0
59253 0
59297 0
59448 0
59740 0
59744 0
60156 0
60200 0
60345 0
60369 0
60404 0
60459 0
60495 0
60517 0
60902 0
61042 0
61187 0
61257 0
61304 0
61738 0
61760 0
61762 0
61811 0
61871 0
61902 0
62110 0
62142 0
62248 0
62255 0
62313 0
62335 0
62498 0
62513 0
62593 0
62898 0
63094 0
63096 0
63286 0
63303 0
63405 0
63672 0
63675 0
63702 0
63833 0
63854 0
63949 0
63961 0
64067 0
64127 0
64229 0
64286 0
64334 0
64498 0
64556 0
64562 0
64618 0
64713 0
64745 0
64816 0
64844 0
65077 0
65107 0
65145 0
65559 0
65794 0
65833 0
65909 0
65978 0
65990 0
66072 0
66212 0
66277 0
66539 0
67246 0
67492 0
67589 0
68261 0
68310 0
68380 0
68381 0
68541 0
68594 0
68663 0
68804 0
68880 0
68904 0
69043 0
69160 0
69203 0
69211 0
69269 0
69364 0
69378 0
69471 0
69585 0
69648 0
69662 0
69717 0
69939 0
70114 0
70192 0
70196 0
70274 0
70322 0
70346 0
70475 0
70804 0
70817 0
70830 0
70977 0
70985 0
70989 0
71122 0
71247 0
71254 0
71307 0
71350 0
71363 0
71378 0
71427 0
71507 0
71681 0
71777 0
71889 0
72312 0
72372 0
72450 0
72523 0
72554 0
72676 0
72751 0
72791 0
72816 0
72839 0
73093 0
73168 0
73188 0
73519 0
73576 0
73652 0
73669 0
73821 0
73860 0
74069 0
74187 0
74281 0
74325 0
74588 0
74612 0
74638 0
74783 0
74843 0
74862 0
74865 0
75017 0
75082 0
75111 0
75311 0
75435 0
75437 0
75461 0
75532 0
75626 0
75726 0
75825 0
76081 0
76133 0
76337 0
76361 0
76383 0
76416 0
76552 0
76562 0
76624 0
76733 0
76746 0
76788 0
76979 0
77096 0
77203 0
77278 0
77301 0
77417 0
77655 0
77687 0
77964 0
78018 0
78090 0
78185 0
78225 0
78308 0
78346 0
78412 0
78463 0
78521 0
78548 0
78564 0
78756 0
78784 0
78792 0
78985 0
79056 0
79256 0
79260 0
79293 0
79401 0
79837 0
80051 0
80105 0
80256 0
80412 0
80436 0
80458 0
80592 0
80594 0
80613 0
80642 0
80650 0
80702 0
80744 0
80780 0
80903 0
80996 0
80998 0
81072 0
81113 0
81287 0
81949 0
82093 0
82229 0
82248 0
82422 0
82427 0
82594 0
82748 0
82881 0
82893 0
83096 0
83117 0
83272 0
83368 0
83472 0
83546 0
83602 0
83648 0
83886 0
83928 0
84000 0
84059 0
84086 0
84124 0
84210 0
84257 0
84355 0
84389 0
84447 0
84535 0
84583 0
84603 0
84642 0
84711 0
84919 0
85033 0
85056 0
85152 0
85215 0
85320 0
85325 0
85351 0
85574 0
85850 0
85879 0
85936 0
86112 0
86118 0
86224 0
86236 0
86254 0
86339 0
86418 0
86584 0
86662 0
87067 0
87182 0
87184 0
87185 0
87226 0
87400 0
87486 0
87853 0
87976 0
88072 0
88326 0
88358 0
88376 0
88544 0
88566 0
88626 0
88640 0
88654 0
88711 0
88786 0
88909 0
89008 0
89423 0
89631 0
89651 0
89831 0
89856 0
89858 0
89894 0
90054 0
90262 0
90329 0
90574 0
90611 0
90645 0
90677 0
90768 0
90934 0
90958 0
91002 0
91083 0
91141 0
91173 0
91322 0
91348 0
91427 0
91516 0
91542 0
91585 0
91753 0
91828 0
92167 0
92184 0
92186 0
92227 0
92243 0
92268 0
92470 0
92487 0
92577 0
92607 0
92717 0
92800 0
92803 0
92912 0
93098 0
93313 0
93365 0
93409 0
93551 0
93563 0
93628 0
94065 0
94103 0
94162 0
94308 0
94405 0
94454 0
94479 0
94644 0
94690 0
94743 0
94748 0
94802 0
94856 0
95043 0
95091 0
95104 0
95148 0
95252 0
95345 0
95367 0
95453 0
95476 0
95569 0
95770 0
95778 0
95955 0
95996 0
96103 0
96124 0
96305 0
96347 0
96357 0
96392 0
96497 0
96504 0
96624 0
96933 0
97005 0
97043 0
97317 0
97377 0
97409 0
97514 0
97530 0
97672 0
97708 0
97915 0
97964 0
98103 0
98106 0
98380 0
98418 0
98431 0
98502 0
98697 0
98759 0
98767 0
98999 0
99019 0
99159 0
99363 0
99379 0
99620 0
99759 0
99771 0
99816 0
99896 0
99908 0
99955 0
99956 0
