c This is a uniform distributed  1-D DIMACS file 
c width height point_number
p 100000 100000 1024
66 0
214 0
368 0
496 0
563 0
579 0
734 0
796 0
886 0
1114 0
1168 0
1308 0
1341 0
1464 0
1522 0
1688 0
1700 0
1766 0
1770 0
1779 0
1808 0
1814 0
2158 0
2252 0
2260 0
2261 0
2296 0
2311 0
2373 0
2446 0
2463 0
2517 0
2648 0
2689 0
3186 0
3228 0
3256 0
3416 0
3458 0
3932 0
4015 0
4032 0
4076 0
4139 0
4277 0
4476 0
4496 0
4765 0
4818 0
4964 0
5116 0
5249 0
5289 0
5339 0
5685 0
5711 0
5773 0
5880 0
5912 0
5949 0
6000 0
6175 0
6181 0
6239 0
6297 0
6456 0
6692 0
6702 0
6826 0
6877 0
6987 0
7077 0
7104 0
7113 0
7133 0
7209 0
7267 0
7799 0
7907 0
7908 0
7936 0
8159 0
8181 0
8259 0
8394 0
8516 0
8546 0
8674 0
8698 0
8766 0
8809 0
9372 0
9443 0
9492 0
9555 0
10043 0
10102 0
10172 0
10353 0
10567 0
10887 0
11077 0
11138 0
11383 0
11390 0
11407 0
11458 0
11459 0
11529 0
11621 0
11903 0
11914 0
11990 0
12180 0
12280 0
12353 0
12467 0
12557 0
12583 0
12611 0
12645 0
12873 0
12899 0
12954 0
13004 0
13088 0
13093 0
13110 0
13189 0
13203 0
13240 0
13357 0
13418 0
13453 0
13476 0
13520 0
13547 0
13603 0
13700 0
13759 0
13994 0
14118 0
14190 0
14229 0
14331 0
14399 0
14410 0
14753 0
14876 0
14950 0
15040 0
15078 0
15310 0
15347 0
15388 0
15410 0
15563 0
15704 0
15845 0
16020 0
16121 0
16181 0
16336 0
16349 0
16394 0
16488 0
16521 0
16615 0
16828 0
16887 0
17095 0
17121 0
17356 0
17383 0
17733 0
17756 0
17990 0
18028 0
18112 0
18225 0
18254 0
18345 0
18459 0
18605 0
18663 0
18783 0
18814 0
19168 0
19192 0
19242 0
19310 0
19442 0
19449 0
19565 0
19592 0
19597 0
19666 0
19690 0
19739 0
19943 0
19977 0
20083 0
20203 0
20405 0
20518 0
20729 0
20892 0
20947 0
21024 0
21057 0
21146 0
21191 0
21211 0
21270 0
21471 0
21578 0
21748 0
21897 0
21907 0
21949 0
21964 0
22071 0
22165 0
22338 0
22400 0
22557 0
22666 0
22667 0
22709 0
22796 0
22891 0
22956 0
23113 0
23114 0
23212 0
23583 0
23601 0
23739 0
23769 0
23815 0
23893 0
23925 0
23964 0
23975 0
24018 0
24112 0
24259 0
24410 0
24474 0
24521 0
24559 0
24570 0
24594 0
24929 0
25123 0
25207 0
25268 0
25299 0
25337 0
25405 0
25444 0
25525 0
25637 0
25796 0
25859 0
25921 0
26055 0
26067 0
26380 0
26402 0
26425 0
26556 0
26606 0
26714 0
26754 0
27116 0
27204 0
27576 0
27849 0
27872 0
27946 0
28537 0
28558 0
28568 0
28634 0
28685 0
28704 0
28763 0
28852 0
28868 0
28963 0
29129 0
29171 0
29203 0
29403 0
29417 0
29453 0
29790 0
29805 0
29902 0
30154 0
30175 0
30180 0
30240 0
30326 0
30425 0
30486 0
30540 0
30585 0
30671 0
30682 0
30784 0
30834 0
30854 0
30892 0
30970 0
30984 0
31042 0
31127 0
31220 0
31311 0
31485 0
31704 0
31756 0
31799 0
31842 0
31856 0
31948 0
32216 0
32323 0
32334 0
32421 0
32433 0
32445 0
32608 0
32648 0
32668 0
32676 0
32863 0
32952 0
32981 0
33032 0
33055 0
33080 0
33199 0
33202 0
33432 0
33666 0
33731 0
33783 0
33834 0
33877 0
33984 0
34099 0
34199 0
34332 0
34411 0
34502 0
34612 0
34652 0
34675 0
35098 0
35212 0
35407 0
35609 0
35619 0
35648 0
35670 0
35687 0
35835 0
35837 0
35859 0
35928 0
35994 0
36444 0
36447 0
36540 0
36703 0
36852 0
36929 0
37134 0
37311 0
37613 0
37615 0
37661 0
37686 0
38026 0
38059 0
38316 0
38334 0
38390 0
38500 0
38548 0
38926 0
38994 0
39194 0
39321 0
39375 0
39418 0
39505 0
39587 0
39758 0
39775 0
39782 0
40159 0
40285 0
40368 0
40532 0
40544 0
40644 0
40786 0
40969 0
40984 0
41097 0
41168 0
41244 0
41245 0
41391 0
41468 0
41481 0
41527 0
41629 0
41677 0
41870 0
42086 0
42160 0
42228 0
42291 0
42348 0
42499 0
42762 0
42826 0
42974 0
42995 0
43048 0
43193 0
43319 0
43396 0
43421 0
43560 0
43563 0
43569 0
43663 0
43665 0
43745 0
43777 0
43778 0
43981 0
44113 0
44394 0
44539 0
44731 0
44742 0
44761 0
44885 0
44972 0
45079 0
45139 0
45250 0
45399 0
45604 0
45641 0
45738 0
45781 0
45807 0
45844 0
45935 0
45937 0
45975 0
46007 0
46297 0
46457 0
46460 0
46509 0
46616 0
46757 0
46770 0
46796 0
46904 0
47182 0
47192 0
47227 0
47330 0
47432 0
47483 0
47550 0
47695 0
47761 0
47779 0
47938 0
48007 0
48181 0
48324 0
48747 0
48825 0
48891 0
49001 0
49071 0
49095 0
49333 0
49501 0
49543 0
49899 0
49915 0
50072 0
50080 0
50100 0
50317 0
50330 0
50498 0
50597 0
50640 0
50650 0
50814 0
51079 0
51109 0
51190 0
51262 0
51376 0
51451 0
51526 0
51702 0
52193 0
52308 0
52315 0
52425 0
52686 0
52793 0
53040 0
53074 0
53231 0
53376 0
53477 0
53610 0
53673 0
53898 0
54133 0
54182 0
54234 0
54325 0
54465 0
54794 0
54869 0
55231 0
55248 0
55663 0
55698 0
55728 0
55788 0
56033 0
56321 0
56338 0
56427 0
56501 0
56643 0
56823 0
56883 0
57060 0
57248 0
57514 0
57652 0
57699 0
57822 0
57955 0
58039 0
58092 0
58120 0
58264 0
58326 0
58345 0
58486 0
58510 0
58588 0
58939 0
59085 0
59131 0
59168 0
59199 0
59257 0
59384 0
59530 0
59718 0
59890 0
59958 0
59963 0
59964 0
59984 0
60112 0
60153 0
60361 0
60417 0
60459 0
60511 0
60652 0
60716 0
60973 0
61247 0
61261 0
61269 0
61444 0
61462 0
61681 0
61801 0
61820 0
61826 0
61859 0
61891 0
61951 0
61991 0
62101 0
62275 0
62388 0
62467 0
62513 0
62582 0
62610 0
62958 0
63034 0
63206 0
63306 0
63359 0
63394 0
63408 0
63426 0
63654 0
63667 0
63786 0
63838 0
63859 0
63902 0
63961 0
63984 0
64350 0
64396 0
64440 0
64561 0
64577 0
64617 0
64742 0
64821 0
64846 0
64887 0
64967 0
64980 0
65005 0
65147 0
65169 0
65200 0
65246 0
65737 0
65838 0
66137 0
66205 0
66359 0
66693 0
66830 0
67434 0
67594 0
67640 0
67799 0
67860 0
68209 0
68256 0
68307 0
68313 0
68337 0
68515 0
68620 0
68940 0
69019 0
69379 0
69670 0
69810 0
69856 0
70136 0
70153 0
70154 0
70367 0
70383 0
70676 0
70753 0
70846 0
70862 0
71048 0
71060 0
71122 0
71146 0
71242 0
71394 0
71554 0
71596 0
71702 0
71835 0
71908 0
71972 0
72050 0
72058 0
72182 0
72206 0
72225 0
72317 0
72342 0
72364 0
72535 0
72723 0
72768 0
72819 0
72835 0
72860 0
72909 0
72993 0
73010 0
73025 0
73133 0
73162 0
73237 0
73270 0
73276 0
73366 0
73373 0
73376 0
73405 0
73445 0
73489 0
73518 0
73558 0
73561 0
73628 0
73748 0
73814 0
73850 0
73897 0
73913 0
74024 0
74026 0
74342 0
74706 0
74813 0
74873 0
75139 0
75207 0
75361 0
75367 0
75536 0
75548 0
76114 0
76180 0
76372 0
76397 0
76474 0
76713 0
76819 0
76855 0
76883 0
76952 0
76968 0
77026 0
77057 0
77096 0
77198 0
77232 0
77242 0
77259 0
77280 0
77418 0
77525 0
77529 0
77552 0
77693 0
77755 0
77907 0
77952 0
78064 0
78072 0
78103 0
78210 0
78221 0
78361 0
78378 0
78403 0
78446 0
78478 0
78648 0
78674 0
78740 0
78857 0
78865 0
78895 0
79071 0
79227 0
79228 0
79247 0
79406 0
79462 0
79481 0
79526 0
79580 0
79599 0
79673 0
80077 0
80206 0
80312 0
80416 0
80541 0
80593 0
80712 0
80725 0
80901 0
80928 0
80970 0
80985 0
81141 0
81154 0
81197 0
81364 0
81372 0
81465 0
81604 0
81623 0
81628 0
81844 0
81848 0
81943 0
82126 0
82305 0
82346 0
82356 0
82495 0
82617 0
82775 0
82948 0
83110 0
83176 0
83215 0
83347 0
83485 0
83536 0
83832 0
83921 0
83987 0
84011 0
84022 0
84080 0
84113 0
84215 0
84254 0
84291 0
84329 0
84794 0
84827 0
84857 0
84863 0
84921 0
84943 0
85089 0
85120 0
85137 0
85293 0
85408 0
85411 0
85451 0
85577 0
85588 0
85608 0
85682 0
86099 0
86241 0
86247 0
86277 0
86410 0
86487 0
86586 0
86600 0
86691 0
86715 0
86741 0
86813 0
86815 0
86890 0
86985 0
87023 0
87179 0
87200 0
87229 0
87232 0
87366 0
87524 0
87664 0
87761 0
87821 0
87840 0
87841 0
87879 0
87982 0
88355 0
88567 0
88644 0
88894 0
88915 0
88917 0
88935 0
89069 0
89337 0
89371 0
89531 0
89547 0
89548 0
89717 0
90136 0
90154 0
90251 0
90293 0
90306 0
90712 0
90818 0
90882 0
91038 0
91091 0
91181 0
91313 0
91362 0
91466 0
91498 0
91735 0
91882 0
91978 0
92031 0
92037 0
92054 0
92144 0
92232 0
92341 0
92352 0
92374 0
92376 0
92438 0
92451 0
92478 0
92607 0
92653 0
92713 0
92751 0
92873 0
92976 0
93068 0
93081 0
93119 0
93125 0
93273 0
93301 0
93304 0
93385 0
93521 0
93540 0
93623 0
93809 0
94109 0
94534 0
94576 0
94589 0
94799 0
94899 0
94998 0
95117 0
95446 0
95467 0
95541 0
95600 0
95631 0
95681 0
95856 0
95979 0
96012 0
96093 0
96143 0
96213 0
96320 0
96328 0
96542 0
96601 0
96750 0
96758 0
96798 0
96885 0
96956 0
97081 0
97332 0
97334 0
97514 0
97562 0
97616 0
97728 0
97805 0
97854 0
97956 0
97962 0
98026 0
98103 0
98135 0
98169 0
98228 0
98286 0
98391 0
98465 0
98685 0
98789 0
98809 0
98817 0
98826 0
98875 0
99102 0
99125 0
99218 0
99323 0
99325 0
99463 0
99469 0
99477 0
99671 0
99712 0
99905 0
99932 0
99994 0
99997 0
