c This is a uniform distributed  1-D DIMACS file 
c width height point_number
p 100000 100000 1024
62 0
161 0
240 0
266 0
549 0
570 0
571 0
682 0
872 0
942 0
1106 0
1315 0
1465 0
1500 0
1667 0
1806 0
1843 0
1889 0
2023 0
2421 0
2435 0
2498 0
2571 0
2578 0
2893 0
2937 0
2997 0
3050 0
3131 0
3199 0
3201 0
3209 0
3234 0
3443 0
3502 0
3517 0
3654 0
3771 0
3913 0
4045 0
4109 0
4128 0
4207 0
4320 0
4422 0
4500 0
4601 0
4607 0
4674 0
4896 0
5096 0
5117 0
5149 0
5314 0
5331 0
5427 0
5474 0
5482 0
5483 0
5493 0
5516 0
5731 0
5735 0
5759 0
5894 0
6153 0
6295 0
6510 0
6696 0
6746 0
6806 0
6814 0
7033 0
7096 0
7123 0
7238 0
7247 0
7332 0
7416 0
7529 0
7761 0
8000 0
8026 0
8064 0
8134 0
8169 0
8267 0
8308 0
8560 0
8891 0
8918 0
9033 0
9142 0
9165 0
9218 0
9257 0
9314 0
9512 0
9549 0
9664 0
9680 0
9705 0
9721 0
9728 0
9906 0
9979 0
10078 0
10248 0
10551 0
10623 0
10654 0
10778 0
10929 0
10964 0
10995 0
10999 0
11097 0
11446 0
11562 0
11741 0
11858 0
11866 0
11947 0
11959 0
12049 0
12182 0
12223 0
12293 0
12299 0
12332 0
12510 0
12526 0
12532 0
12682 0
12728 0
12780 0
12931 0
12981 0
13088 0
13160 0
13236 0
13247 0
13437 0
13469 0
13497 0
13683 0
13842 0
14146 0
14166 0
14223 0
14318 0
14388 0
14412 0
14515 0
14625 0
14775 0
14793 0
14863 0
14883 0
14903 0
15170 0
15240 0
15285 0
15345 0
15417 0
15466 0
15541 0
15608 0
15641 0
15656 0
16204 0
16217 0
16302 0
16424 0
16434 0
16440 0
16608 0
16740 0
16922 0
16983 0
17027 0
17029 0
17339 0
17342 0
17373 0
17512 0
17584 0
17592 0
17623 0
17738 0
18069 0
18095 0
18465 0
18626 0
18638 0
18649 0
18684 0
18699 0
19459 0
19499 0
19646 0
19657 0
20059 0
20135 0
20181 0
20274 0
20326 0
20394 0
20482 0
20492 0
20577 0
20730 0
20851 0
20886 0
21004 0
21013 0
21090 0
21325 0
21332 0
21343 0
21367 0
21392 0
21521 0
21535 0
21571 0
21726 0
21922 0
22006 0
22010 0
22026 0
22034 0
22063 0
22089 0
22107 0
22153 0
22404 0
22533 0
22673 0
22678 0
22794 0
22913 0
22964 0
23205 0
23532 0
23552 0
23565 0
23695 0
23786 0
23857 0
23923 0
23953 0
23999 0
24342 0
24354 0
24384 0
24430 0
24464 0
24467 0
24531 0
24612 0
24994 0
25251 0
25253 0
25430 0
25431 0
25614 0
25659 0
25672 0
25891 0
25959 0
25978 0
26059 0
26099 0
26630 0
26736 0
26815 0
26855 0
27090 0
27156 0
27449 0
27625 0
27753 0
27754 0
27755 0
27853 0
28074 0
28109 0
28176 0
28255 0
28474 0
28477 0
28503 0
28530 0
28574 0
28608 0
28793 0
28848 0
28864 0
28918 0
28935 0
28989 0
29250 0
29256 0
29280 0
29565 0
29642 0
29728 0
29928 0
30008 0
30216 0
30369 0
30517 0
30595 0
30617 0
30644 0
30768 0
30778 0
30913 0
30926 0
31210 0
31294 0
31386 0
31447 0
31584 0
31608 0
31624 0
31944 0
32262 0
32285 0
32294 0
32329 0
32347 0
32366 0
32422 0
32451 0
32473 0
32475 0
32542 0
32905 0
33153 0
33188 0
33298 0
33356 0
33411 0
33510 0
33765 0
33914 0
34028 0
34265 0
34308 0
34445 0
34602 0
34654 0
34674 0
34822 0
34871 0
34985 0
34988 0
35072 0
35347 0
35416 0
35505 0
35549 0
35590 0
35898 0
35905 0
36127 0
36189 0
36340 0
36354 0
36603 0
36641 0
36797 0
37236 0
37344 0
37372 0
37476 0
37545 0
37576 0
37659 0
37732 0
37740 0
37877 0
37937 0
38054 0
38081 0
38140 0
38197 0
38281 0
38704 0
38708 0
38728 0
38781 0
38900 0
39169 0
39172 0
39251 0
39257 0
39377 0
39437 0
39462 0
39501 0
39539 0
39607 0
39728 0
39733 0
39874 0
39877 0
39895 0
40274 0
40353 0
40362 0
41210 0
41323 0
41349 0
41355 0
41451 0
41467 0
41479 0
41548 0
41602 0
41896 0
42176 0
42220 0
42254 0
42264 0
42425 0
42453 0
42483 0
42661 0
42814 0
42947 0
42955 0
43005 0
43133 0
43151 0
43301 0
43435 0
43530 0
43655 0
43669 0
43692 0
43711 0
43846 0
43915 0
44305 0
44462 0
44502 0
44632 0
44646 0
44672 0
44796 0
44875 0
44945 0
44958 0
44999 0
45052 0
45072 0
45349 0
45452 0
45549 0
45597 0
45636 0
45680 0
45716 0
45891 0
45998 0
46023 0
46090 0
46258 0
46337 0
46384 0
46451 0
46476 0
46482 0
46576 0
46669 0
46681 0
47012 0
47282 0
47323 0
47375 0
47618 0
47651 0
47661 0
47678 0
47716 0
47717 0
47721 0
47722 0
47734 0
47757 0
47777 0
47832 0
47859 0
48090 0
48164 0
48419 0
48429 0
48554 0
48982 0
49322 0
49549 0
49566 0
49846 0
50126 0
50266 0
50306 0
50336 0
50588 0
50650 0
50924 0
50998 0
51007 0
51126 0
51181 0
51243 0
51298 0
51388 0
51623 0
51752 0
52198 0
52354 0
52423 0
52441 0
52519 0
52602 0
52606 0
52624 0
52630 0
52698 0
52820 0
52835 0
52975 0
53188 0
53256 0
53419 0
53479 0
53489 0
53521 0
53534 0
53810 0
53978 0
54004 0
54241 0
54563 0
54637 0
54726 0
54816 0
54864 0
54890 0
54926 0
54960 0
55009 0
55104 0
55135 0
55146 0
55291 0
55495 0
55518 0
55613 0
55793 0
55813 0
55834 0
55845 0
55932 0
56062 0
56118 0
56206 0
56311 0
56332 0
56353 0
56543 0
56921 0
56969 0
57048 0
57068 0
57177 0
57471 0
57599 0
57636 0
57641 0
57810 0
57812 0
57868 0
57964 0
57986 0
58098 0
58194 0
58318 0
58431 0
58483 0
58529 0
58590 0
58660 0
58740 0
58854 0
58916 0
58933 0
58940 0
59026 0
59178 0
59194 0
59240 0
59243 0
59285 0
59424 0
59449 0
59722 0
59782 0
59786 0
59869 0
59908 0
59919 0
60098 0
60173 0
60343 0
60350 0
60373 0
60596 0
60636 0
60645 0
60666 0
60694 0
60721 0
60791 0
60996 0
61025 0
61073 0
61263 0
61329 0
61374 0
61511 0
61533 0
61574 0
61720 0
61747 0
61783 0
61911 0
61945 0
62169 0
62211 0
62310 0
62344 0
62409 0
62573 0
62586 0
62601 0
62915 0
63096 0
63136 0
63206 0
63275 0
63336 0
63716 0
63717 0
63741 0
63773 0
63821 0
64004 0
64181 0
64200 0
64209 0
64254 0
64296 0
64339 0
64376 0
64546 0
64706 0
64722 0
64834 0
64965 0
65051 0
65087 0
65111 0
65158 0
65197 0
65547 0
65751 0
65954 0
65976 0
66018 0
66375 0
66629 0
66752 0
67095 0
67214 0
67318 0
67332 0
67347 0
67369 0
67982 0
67984 0
68099 0
68165 0
68459 0
68522 0
68570 0
68596 0
68604 0
68746 0
68807 0
68851 0
69127 0
69160 0
69168 0
69287 0
69393 0
69689 0
69724 0
69806 0
70021 0
70156 0
70187 0
70249 0
70254 0
70553 0
70734 0
70899 0
71155 0
71167 0
71311 0
71377 0
71712 0
71743 0
71880 0
72271 0
72319 0
72347 0
72399 0
72468 0
72495 0
72711 0
72729 0
72937 0
72970 0
73023 0
73074 0
73088 0
73156 0
73203 0
73253 0
73309 0
73402 0
73532 0
73678 0
73681 0
73691 0
73778 0
73797 0
73898 0
73906 0
73922 0
73943 0
73959 0
74007 0
74034 0
74310 0
74338 0
74411 0
74485 0
74513 0
74591 0
74693 0
74711 0
74731 0
74742 0
74750 0
74820 0
74834 0
75238 0
75264 0
75340 0
75637 0
75644 0
75834 0
76024 0
76074 0
76265 0
76471 0
76536 0
76601 0
76654 0
76727 0
76873 0
76905 0
76970 0
77018 0
77044 0
77055 0
77203 0
77600 0
77605 0
77678 0
77865 0
77927 0
78069 0
78181 0
78246 0
78562 0
78587 0
78598 0
78837 0
78855 0
78939 0
78953 0
79081 0
79249 0
79519 0
79580 0
79761 0
79903 0
79946 0
80184 0
80231 0
80430 0
80462 0
80522 0
80602 0
80676 0
80754 0
81052 0
81088 0
81228 0
81359 0
81541 0
81598 0
81614 0
81905 0
82093 0
82145 0
82268 0
82281 0
82392 0
82474 0
82604 0
82702 0
82950 0
83106 0
83144 0
83292 0
83320 0
83470 0
83489 0
83549 0
83601 0
83684 0
83717 0
83749 0
83794 0
83919 0
84002 0
84028 0
84050 0
84057 0
84094 0
84218 0
84224 0
84248 0
84395 0
84417 0
84530 0
84560 0
84604 0
84606 0
85114 0
85238 0
85310 0
85546 0
85621 0
85788 0
85857 0
85885 0
85970 0
86061 0
86066 0
86237 0
86306 0
86316 0
86526 0
86812 0
86837 0
86892 0
87216 0
87340 0
87483 0
87546 0
87573 0
87582 0
87958 0
88112 0
88181 0
88406 0
88552 0
88621 0
88678 0
88962 0
89142 0
89171 0
89393 0
89419 0
89422 0
89516 0
89537 0
89558 0
89569 0
89828 0
89877 0
90057 0
90101 0
90112 0
90229 0
90354 0
90390 0
90577 0
90655 0
90704 0
90779 0
90831 0
90835 0
90873 0
90912 0
90952 0
91322 0
91331 0
91462 0
91667 0
91809 0
91817 0
91961 0
91971 0
92106 0
92138 0
92274 0
92402 0
92408 0
92465 0
92585 0
92676 0
92795 0
92818 0
92825 0
92901 0
92905 0
93034 0
93162 0
93173 0
93362 0
93366 0
93525 0
93734 0
93806 0
93808 0
93816 0
93888 0
93912 0
94089 0
94093 0
94201 0
94238 0
94250 0
94251 0
94455 0
94491 0
94532 0
94565 0
94609 0
94742 0
94837 0
95027 0
95033 0
95151 0
95166 0
95201 0
95223 0
95266 0
95404 0
95506 0
95691 0
95786 0
95826 0
95956 0
96299 0
96346 0
96422 0
96435 0
96504 0
96622 0
96694 0
96724 0
96897 0
97143 0
97207 0
97229 0
97250 0
97280 0
97282 0
97325 0
97366 0
97449 0
97525 0
97794 0
97953 0
98146 0
98221 0
98301 0
98604 0
98669 0
98712 0
98714 0
98731 0
98928 0
99086 0
99095 0
99121 0
99135 0
99599 0
99601 0
99649 0
99705 0
99797 0
99811 0
99862 0
99908 0
