c This is a uniform distributed  1-D DIMACS file 
c width height point_number
p 100000 100000 1024
117 0
582 0
733 0
860 0
1061 0
1101 0
1339 0
1378 0
1415 0
1451 0
1455 0
1460 0
1814 0
1895 0
2048 0
2155 0
2185 0
2194 0
2293 0
2352 0
2674 0
2780 0
2882 0
2891 0
3225 0
3236 0
3542 0
3550 0
3662 0
3917 0
4078 0
4234 0
4274 0
4399 0
4414 0
4478 0
4508 0
4524 0
4685 0
4714 0
4763 0
4858 0
5048 0
5132 0
5145 0
5298 0
5374 0
5800 0
5844 0
5984 0
6054 0
6099 0
6100 0
6200 0
6265 0
6322 0
6424 0
6530 0
6654 0
7031 0
7042 0
7153 0
7235 0
7273 0
7274 0
7382 0
7442 0
7448 0
7606 0
7609 0
7629 0
7651 0
7692 0
7811 0
7885 0
7927 0
7937 0
8028 0
8110 0
8120 0
8413 0
8440 0
8763 0
8799 0
8822 0
8925 0
9038 0
9048 0
9088 0
9271 0
9480 0
9660 0
9663 0
9897 0
9956 0
9996 0
10101 0
10116 0
10214 0
10225 0
10522 0
10692 0
10878 0
10888 0
11022 0
11033 0
11256 0
11407 0
11653 0
11788 0
12014 0
12099 0
12252 0
12345 0
12443 0
12781 0
13151 0
13547 0
13616 0
13625 0
13684 0
13941 0
14059 0
14067 0
14104 0
14342 0
14568 0
14755 0
14776 0
14962 0
14990 0
15349 0
15414 0
15425 0
15836 0
15882 0
15937 0
15944 0
15970 0
15975 0
16045 0
16086 0
16249 0
16254 0
16432 0
16907 0
17079 0
17214 0
17430 0
17754 0
17785 0
17787 0
18062 0
18231 0
18311 0
18362 0
18363 0
18378 0
18500 0
18544 0
18695 0
18870 0
18967 0
19129 0
19425 0
19459 0
19595 0
19797 0
19956 0
20080 0
20194 0
20253 0
20347 0
20571 0
20821 0
20921 0
20973 0
21038 0
21083 0
21263 0
21328 0
21438 0
21507 0
21625 0
21709 0
21746 0
21816 0
21837 0
21932 0
22000 0
22030 0
22046 0
22132 0
22264 0
22348 0
22349 0
22390 0
22446 0
22477 0
22562 0
22665 0
22704 0
22754 0
22892 0
22981 0
23055 0
23061 0
23262 0
23275 0
23453 0
23469 0
23498 0
23675 0
23723 0
23795 0
23823 0
23828 0
23831 0
23846 0
23862 0
23871 0
24015 0
24080 0
24094 0
24342 0
24364 0
24394 0
24655 0
24666 0
24706 0
24738 0
25004 0
25117 0
25171 0
25322 0
25519 0
25540 0
25711 0
26321 0
26587 0
26588 0
26643 0
26661 0
26774 0
26828 0
27029 0
27045 0
27146 0
27165 0
27231 0
27234 0
27455 0
27567 0
27598 0
27679 0
27948 0
28024 0
28081 0
28193 0
28210 0
28215 0
28301 0
28334 0
28730 0
28836 0
28846 0
28917 0
28968 0
29010 0
29180 0
29195 0
29199 0
29216 0
29274 0
29394 0
29416 0
29652 0
29687 0
29747 0
29871 0
30140 0
30150 0
30187 0
30503 0
30737 0
30752 0
30761 0
30787 0
30791 0
30946 0
31059 0
31133 0
31140 0
31327 0
31496 0
31678 0
31722 0
31930 0
32088 0
32189 0
32233 0
32244 0
32403 0
32418 0
32428 0
32455 0
32489 0
32568 0
32639 0
32649 0
32717 0
32755 0
32772 0
32778 0
32788 0
32997 0
33416 0
33486 0
33599 0
33664 0
33746 0
33756 0
33776 0
33815 0
33909 0
34149 0
34354 0
34382 0
34484 0
34581 0
34611 0
34623 0
34696 0
34730 0
34840 0
34855 0
34891 0
34913 0
34948 0
35139 0
35357 0
35477 0
35497 0
35585 0
35625 0
35737 0
35808 0
35843 0
35943 0
35977 0
35991 0
35998 0
36150 0
36237 0
36238 0
36465 0
36499 0
36617 0
36627 0
36800 0
36836 0
36906 0
36916 0
36945 0
36962 0
37075 0
37089 0
37118 0
37460 0
37499 0
37525 0
37965 0
38042 0
38115 0
38257 0
38387 0
38577 0
38610 0
38631 0
38719 0
38721 0
38785 0
38833 0
38836 0
38844 0
38875 0
39006 0
39020 0
39227 0
39374 0
39400 0
39446 0
39491 0
39507 0
39550 0
39575 0
39742 0
39932 0
40135 0
40152 0
40225 0
40228 0
40241 0
40723 0
40794 0
40841 0
40923 0
40944 0
41018 0
41059 0
41209 0
41247 0
41260 0
41423 0
41444 0
41543 0
41600 0
41940 0
41948 0
42034 0
42083 0
42241 0
42360 0
42387 0
42597 0
42777 0
42865 0
42960 0
43019 0
43045 0
43128 0
43149 0
43177 0
43188 0
43189 0
43375 0
43403 0
43422 0
43452 0
43471 0
43647 0
43684 0
43868 0
44029 0
44252 0
44264 0
44323 0
44383 0
44392 0
44504 0
44778 0
44817 0
45088 0
45257 0
45266 0
45276 0
45300 0
45314 0
45387 0
45405 0
45569 0
45783 0
45789 0
45821 0
45832 0
45888 0
45977 0
46091 0
46164 0
46239 0
46263 0
46363 0
46517 0
46545 0
46583 0
46762 0
46871 0
47000 0
47016 0
47073 0
47106 0
47121 0
47154 0
47182 0
47403 0
47500 0
47602 0
47661 0
47687 0
47697 0
47710 0
47730 0
47757 0
47818 0
47864 0
47994 0
48010 0
48015 0
48181 0
48229 0
48242 0
48294 0
48467 0
48470 0
48490 0
48605 0
48650 0
48724 0
48743 0
48751 0
48782 0
48867 0
48955 0
48980 0
48991 0
49014 0
49079 0
49099 0
49195 0
49242 0
49243 0
49538 0
49547 0
49887 0
49903 0
50107 0
50127 0
50223 0
50609 0
50678 0
50720 0
50889 0
51007 0
51053 0
51083 0
51113 0
51132 0
51137 0
51148 0
51283 0
51653 0
51836 0
52221 0
52414 0
52509 0
52656 0
52778 0
52788 0
52912 0
52974 0
53099 0
53217 0
53240 0
53271 0
53302 0
53569 0
53614 0
53670 0
53825 0
53955 0
54106 0
54164 0
54211 0
54397 0
54536 0
54636 0
54806 0
54822 0
54955 0
55132 0
55182 0
55214 0
55253 0
55389 0
55432 0
55475 0
55521 0
55602 0
55647 0
55648 0
55682 0
55725 0
55727 0
55729 0
55743 0
55902 0
55953 0
56006 0
56141 0
56213 0
56224 0
56275 0
56353 0
56402 0
56476 0
56493 0
56611 0
56616 0
56650 0
56835 0
57007 0
57082 0
57145 0
57203 0
57412 0
57446 0
57635 0
57679 0
57685 0
57729 0
57798 0
57802 0
57930 0
58034 0
58301 0
58316 0
58426 0
58480 0
58503 0
58575 0
58765 0
58795 0
58978 0
59215 0
59270 0
59324 0
59542 0
59558 0
59564 0
59581 0
59726 0
59779 0
59786 0
59900 0
59962 0
60083 0
60215 0
60234 0
60286 0
60338 0
60430 0
60454 0
60457 0
60488 0
60530 0
60537 0
60701 0
60805 0
60960 0
61011 0
61064 0
61257 0
61399 0
61426 0
61530 0
61770 0
61799 0
61853 0
62281 0
62475 0
62599 0
62688 0
62701 0
62949 0
63001 0
63005 0
63168 0
63185 0
63263 0
63269 0
63273 0
63290 0
63469 0
63497 0
63627 0
63654 0
63722 0
64052 0
64354 0
64395 0
64414 0
64611 0
64665 0
64670 0
64791 0
64918 0
64988 0
65081 0
65172 0
65346 0
65367 0
65380 0
65505 0
65698 0
65730 0
65787 0
66129 0
66147 0
66162 0
66228 0
66423 0
66520 0
66995 0
67541 0
67694 0
68038 0
68089 0
68171 0
68172 0
68200 0
68343 0
68368 0
68421 0
68755 0
68865 0
68878 0
69196 0
69244 0
69268 0
69447 0
69497 0
69576 0
69866 0
69909 0
70269 0
70270 0
70273 0
70488 0
70548 0
70967 0
70975 0
71014 0
71119 0
71219 0
71246 0
71276 0
71363 0
71423 0
71475 0
71505 0
71573 0
71652 0
71770 0
71796 0
71823 0
72027 0
72029 0
72113 0
72242 0
72348 0
72370 0
72390 0
72391 0
72655 0
72744 0
72844 0
72860 0
72945 0
73030 0
73082 0
73099 0
73122 0
73131 0
73185 0
73563 0
73727 0
74039 0
74055 0
74161 0
74320 0
74408 0
74493 0
74542 0
74557 0
74592 0
74650 0
74667 0
74753 0
75007 0
75110 0
75155 0
75175 0
75215 0
75226 0
75267 0
75287 0
75320 0
75472 0
75537 0
75573 0
75686 0
75722 0
75903 0
75904 0
75909 0
76021 0
76186 0
76301 0
76444 0
76550 0
77060 0
77112 0
77220 0
77375 0
77431 0
77490 0
77643 0
77739 0
77862 0
77901 0
77963 0
78085 0
78202 0
78386 0
78616 0
78728 0
78734 0
78750 0
78779 0
79441 0
79581 0
79622 0
79807 0
79985 0
79999 0
80066 0
80123 0
80257 0
80265 0
80305 0
80409 0
80526 0
80612 0
80658 0
80879 0
81077 0
81112 0
81276 0
81332 0
81561 0
81611 0
81653 0
81864 0
81869 0
82023 0
82037 0
82074 0
82321 0
82508 0
82562 0
82573 0
82627 0
82728 0
82840 0
82887 0
82889 0
82917 0
83105 0
83197 0
83231 0
83420 0
83461 0
83493 0
83518 0
83740 0
83768 0
83769 0
83945 0
83955 0
83997 0
84012 0
84040 0
84109 0
84136 0
84372 0
84414 0
84641 0
84655 0
84683 0
84729 0
84873 0
84875 0
85043 0
85074 0
85087 0
85092 0
85208 0
85273 0
85402 0
85486 0
85611 0
85815 0
85994 0
86040 0
86053 0
86182 0
86227 0
86246 0
86251 0
86349 0
86395 0
86434 0
86452 0
86694 0
86752 0
86771 0
86858 0
87023 0
87047 0
87080 0
87088 0
87143 0
87310 0
87320 0
87351 0
87458 0
87554 0
87671 0
87783 0
87906 0
88078 0
88119 0
88129 0
88409 0
88594 0
88659 0
88801 0
88947 0
89072 0
89080 0
89133 0
89565 0
89777 0
89781 0
89854 0
89876 0
89918 0
90107 0
90126 0
90173 0
90256 0
90696 0
90744 0
90802 0
90929 0
90983 0
91117 0
91195 0
91463 0
91525 0
91537 0
91568 0
91878 0
91883 0
92153 0
92237 0
92259 0
92307 0
92379 0
92426 0
92524 0
92565 0
92978 0
93122 0
93260 0
93285 0
93317 0
93376 0
93525 0
93532 0
93544 0
93593 0
93597 0
93714 0
93854 0
93887 0
93948 0
93997 0
94038 0
94146 0
94261 0
94316 0
94411 0
94505 0
94607 0
94859 0
94986 0
95198 0
95333 0
95446 0
95616 0
95793 0
95902 0
95952 0
96061 0
96249 0
96251 0
96286 0
96487 0
96687 0
97032 0
97084 0
97185 0
97194 0
97303 0
97417 0
97615 0
97673 0
97677 0
97751 0
97792 0
98184 0
98204 0
98217 0
98274 0
98403 0
98528 0
98733 0
98792 0
98904 0
99295 0
99371 0
99965 0
99971 0
