c This is a uniform distributed  1-D DIMACS file 
c width height point_number
p 100000 100000 1024
97 0
180 0
258 0
356 0
391 0
480 0
516 0
570 0
602 0
688 0
760 0
799 0
1057 0
1182 0
1277 0
1348 0
1466 0
1468 0
1556 0
1594 0
1683 0
1803 0
2104 0
2382 0
2406 0
2410 0
2500 0
2504 0
2542 0
2678 0
2699 0
2824 0
2900 0
2920 0
2982 0
3007 0
3069 0
3094 0
3247 0
3248 0
3274 0
3609 0
3688 0
3730 0
3789 0
3816 0
3840 0
3943 0
3991 0
4074 0
4165 0
4221 0
4305 0
4351 0
4359 0
4536 0
4696 0
5243 0
5292 0
5410 0
5523 0
5557 0
5568 0
5936 0
5942 0
6044 0
6231 0
6433 0
6521 0
6564 0
6724 0
6733 0
6855 0
7005 0
7205 0
7210 0
7329 0
7504 0
7619 0
7682 0
7689 0
7726 0
7964 0
7976 0
8049 0
8101 0
8105 0
8269 0
8316 0
8377 0
8437 0
8502 0
8582 0
8834 0
8896 0
8923 0
8965 0
8971 0
9128 0
9501 0
9517 0
9644 0
9779 0
9904 0
9906 0
10058 0
10061 0
10201 0
10232 0
10371 0
10523 0
10541 0
10623 0
10717 0
10720 0
10768 0
10916 0
11012 0
11176 0
11232 0
11455 0
11486 0
11530 0
11543 0
11547 0
11553 0
11566 0
11667 0
11691 0
11715 0
11765 0
11958 0
12213 0
12238 0
12328 0
12362 0
12417 0
12502 0
12607 0
12675 0
12701 0
12783 0
12860 0
12977 0
13173 0
13315 0
13348 0
13554 0
13557 0
13569 0
13672 0
13803 0
13844 0
14172 0
14331 0
14334 0
14423 0
14457 0
14483 0
14575 0
14601 0
15029 0
15056 0
15242 0
15384 0
15402 0
15411 0
15585 0
15616 0
15737 0
15813 0
15823 0
15993 0
16193 0
16218 0
16235 0
16596 0
16912 0
16955 0
17059 0
17062 0
17077 0
17114 0
17388 0
17558 0
17584 0
17740 0
17812 0
17874 0
17913 0
17954 0
18005 0
18014 0
18301 0
18400 0
18498 0
18617 0
18651 0
18860 0
19056 0
19127 0
19133 0
19146 0
19309 0
19463 0
19519 0
19709 0
19730 0
19760 0
19793 0
19839 0
19988 0
19995 0
20171 0
20211 0
20262 0
20302 0
20581 0
20585 0
20618 0
20825 0
20834 0
20858 0
20917 0
21181 0
21250 0
21269 0
21808 0
21830 0
21834 0
21867 0
21941 0
22247 0
22585 0
22678 0
23113 0
23229 0
23342 0
23426 0
23449 0
23547 0
23879 0
23917 0
24026 0
24331 0
24345 0
24368 0
24370 0
24479 0
24507 0
24521 0
24550 0
24714 0
24800 0
24989 0
25288 0
25325 0
25453 0
25471 0
25902 0
26058 0
26105 0
26127 0
26156 0
26236 0
26242 0
26286 0
26329 0
26379 0
26479 0
26556 0
26634 0
26757 0
26822 0
27168 0
27181 0
27210 0
27298 0
27361 0
27548 0
27599 0
27799 0
27870 0
27977 0
28035 0
28303 0
28791 0
28794 0
28798 0
28848 0
28997 0
29025 0
29189 0
29235 0
29280 0
29462 0
29613 0
29685 0
29719 0
29751 0
29792 0
29867 0
29940 0
29998 0
30064 0
30083 0
30095 0
30110 0
30357 0
30391 0
30394 0
30404 0
30867 0
30956 0
31026 0
31183 0
31263 0
31415 0
31574 0
31653 0
32003 0
32054 0
32058 0
32064 0
32192 0
32223 0
32557 0
32626 0
32790 0
32844 0
32892 0
33121 0
33172 0
33236 0
33447 0
33629 0
33635 0
33649 0
33667 0
33687 0
33782 0
33831 0
33857 0
33970 0
34223 0
34365 0
34393 0
34453 0
34607 0
34630 0
34673 0
35004 0
35007 0
35127 0
35186 0
35239 0
35241 0
35314 0
35337 0
35444 0
35523 0
35530 0
35691 0
35717 0
35794 0
35901 0
35931 0
36012 0
36156 0
36256 0
36331 0
36500 0
36537 0
36659 0
36780 0
36795 0
36873 0
36912 0
37128 0
37209 0
37213 0
37214 0
37401 0
37418 0
37570 0
37656 0
37757 0
37867 0
37921 0
38027 0
38067 0
38095 0
38161 0
38203 0
38267 0
38379 0
38468 0
38517 0
38567 0
38605 0
38698 0
38778 0
38791 0
38907 0
38949 0
39033 0
39191 0
39267 0
39283 0
39463 0
39780 0
39785 0
39963 0
40265 0
40310 0
40349 0
40394 0
40436 0
40443 0
40559 0
40750 0
40829 0
40960 0
41285 0
41350 0
41373 0
41393 0
41412 0
41438 0
41448 0
41463 0
41521 0
41897 0
41904 0
42116 0
42310 0
42473 0
42524 0
42705 0
42822 0
42840 0
42848 0
42865 0
42980 0
43017 0
43022 0
43120 0
43167 0
43184 0
43337 0
43365 0
43418 0
43443 0
43497 0
43546 0
43661 0
43743 0
43751 0
43801 0
43879 0
43942 0
43944 0
44114 0
44125 0
44136 0
44193 0
44303 0
44404 0
44654 0
44704 0
44768 0
44836 0
44908 0
44910 0
44915 0
44970 0
45100 0
45118 0
45146 0
45211 0
45682 0
45720 0
45798 0
45855 0
46048 0
46098 0
46306 0
46550 0
46569 0
46591 0
46740 0
46841 0
46931 0
47281 0
47524 0
47636 0
48025 0
48163 0
48339 0
48440 0
48453 0
48586 0
48707 0
48733 0
48807 0
48889 0
48952 0
48984 0
49016 0
49045 0
49343 0
49405 0
49480 0
49643 0
49656 0
49686 0
49781 0
50088 0
50149 0
50268 0
50273 0
50333 0
50503 0
50568 0
50615 0
50714 0
50967 0
51273 0
51430 0
51597 0
51704 0
51775 0
51802 0
52016 0
52226 0
52380 0
52540 0
52585 0
52621 0
52635 0
52875 0
52943 0
53115 0
53150 0
53257 0
53292 0
53306 0
53371 0
53458 0
53835 0
53902 0
53949 0
53967 0
53988 0
54043 0
54137 0
54160 0
54190 0
54247 0
54350 0
54382 0
54463 0
54655 0
54736 0
54879 0
54964 0
55044 0
55263 0
55348 0
55389 0
55463 0
55490 0
55577 0
55790 0
55935 0
56041 0
56043 0
56198 0
56385 0
56417 0
56448 0
56617 0
56733 0
56805 0
56900 0
56935 0
57123 0
57267 0
57356 0
57398 0
57535 0
57548 0
57606 0
57710 0
58202 0
58267 0
58275 0
58293 0
58347 0
58403 0
58722 0
58833 0
59015 0
59190 0
59192 0
59254 0
59331 0
59384 0
59488 0
59534 0
59573 0
59717 0
59787 0
59796 0
59831 0
59925 0
60085 0
60136 0
60199 0
60225 0
60349 0
60411 0
60488 0
60497 0
60756 0
60772 0
60785 0
60818 0
60866 0
60880 0
60972 0
61073 0
61107 0
61280 0
61306 0
61697 0
61808 0
61826 0
61869 0
61871 0
62085 0
62160 0
62220 0
62479 0
62485 0
62514 0
62585 0
62629 0
62651 0
62920 0
63036 0
63063 0
63320 0
63361 0
63548 0
63589 0
63726 0
63740 0
64146 0
64377 0
64431 0
64529 0
64657 0
64658 0
64671 0
64692 0
64745 0
64814 0
64824 0
64857 0
64864 0
65019 0
65026 0
65099 0
65130 0
65142 0
65268 0
65309 0
65442 0
65461 0
65680 0
65685 0
65690 0
65703 0
65847 0
66036 0
66037 0
66120 0
66342 0
66347 0
66633 0
66725 0
66788 0
66841 0
67092 0
67097 0
67189 0
67244 0
67452 0
67455 0
67547 0
67717 0
67824 0
67953 0
68183 0
68207 0
68218 0
68238 0
68380 0
68450 0
68527 0
69058 0
69113 0
69277 0
69298 0
69569 0
69708 0
69797 0
69903 0
69940 0
70008 0
70032 0
70039 0
70097 0
70125 0
70327 0
70390 0
70476 0
70574 0
70740 0
70778 0
70937 0
70990 0
71030 0
71122 0
71167 0
71499 0
71552 0
71839 0
71927 0
71984 0
71988 0
72160 0
72236 0
72454 0
72464 0
72495 0
72587 0
72741 0
72878 0
73111 0
73136 0
73388 0
73425 0
73556 0
73648 0
73694 0
73919 0
73965 0
73975 0
74001 0
74118 0
74225 0
74281 0
74408 0
74517 0
74724 0
74729 0
74735 0
74741 0
74801 0
74964 0
74970 0
75010 0
75105 0
75430 0
75464 0
75548 0
75566 0
75660 0
76012 0
76256 0
76371 0
76377 0
76452 0
76721 0
76842 0
76953 0
76961 0
76967 0
77245 0
77269 0
77290 0
77330 0
77351 0
77452 0
77516 0
77616 0
77621 0
77705 0
77838 0
77916 0
77926 0
77968 0
77991 0
78043 0
78140 0
78241 0
78254 0
78353 0
78741 0
78904 0
78992 0
79116 0
79143 0
79208 0
79231 0
79285 0
79336 0
79464 0
79583 0
79623 0
79639 0
79784 0
79868 0
79942 0
80000 0
80004 0
80105 0
80145 0
80473 0
80542 0
80574 0
80655 0
80754 0
80805 0
81158 0
81284 0
81412 0
81415 0
81487 0
81592 0
81631 0
81892 0
81893 0
82226 0
82264 0
82320 0
82455 0
82928 0
83100 0
83205 0
83227 0
83292 0
83334 0
83426 0
83442 0
83585 0
83701 0
83805 0
83828 0
83859 0
83989 0
84105 0
84231 0
84304 0
84342 0
84425 0
84465 0
84581 0
84597 0
84958 0
85097 0
85127 0
85206 0
85294 0
85439 0
85442 0
85463 0
85480 0
85548 0
85595 0
85780 0
85795 0
85836 0
86015 0
86470 0
86633 0
86701 0
86956 0
87001 0
87004 0
87052 0
87294 0
87312 0
87401 0
87721 0
87797 0
87956 0
88127 0
88191 0
88574 0
88596 0
88813 0
88955 0
88986 0
88988 0
88997 0
89058 0
89112 0
89175 0
89228 0
89253 0
89447 0
89452 0
89508 0
89637 0
89744 0
89835 0
89862 0
89870 0
89882 0
89980 0
90003 0
90086 0
90125 0
90202 0
90457 0
90498 0
90510 0
90511 0
90792 0
90853 0
90855 0
90865 0
91044 0
91218 0
91331 0
91342 0
91498 0
91600 0
91677 0
91709 0
91879 0
91949 0
92071 0
92192 0
92240 0
92285 0
92312 0
92408 0
92441 0
92568 0
92573 0
92850 0
93172 0
93198 0
93358 0
93365 0
93648 0
93770 0
93814 0
93821 0
93941 0
94015 0
94021 0
94074 0
94259 0
94314 0
94421 0
94454 0
94464 0
94519 0
94630 0
95140 0
95160 0
95258 0
95478 0
95488 0
95523 0
95545 0
95596 0
95683 0
95911 0
96130 0
96199 0
96250 0
96441 0
96597 0
96626 0
96666 0
96689 0
96735 0
96783 0
97016 0
97027 0
97077 0
97287 0
97363 0
97502 0
97595 0
97598 0
97691 0
97849 0
97874 0
97936 0
98051 0
98223 0
98341 0
98369 0
98379 0
98451 0
98643 0
98665 0
98873 0
99155 0
99211 0
99277 0
99557 0
99565 0
99572 0
99638 0
99975 0
99984 0
