c This is a uniform distributed  1-D DIMACS file 
c width height point_number
p 100000 100000 1024
270 0
304 0
388 0
495 0
555 0
779 0
792 0
817 0
826 0
982 0
1158 0
1291 0
1401 0
1409 0
1427 0
1456 0
1706 0
1819 0
1897 0
2030 0
2164 0
2186 0
2273 0
2469 0
2569 0
2595 0
2668 0
2714 0
2930 0
2934 0
3254 0
3326 0
3447 0
3457 0
3650 0
3730 0
3738 0
3854 0
3992 0
4010 0
4102 0
4178 0
4260 0
4503 0
4930 0
4992 0
5042 0
5045 0
5119 0
5143 0
5310 0
5311 0
5330 0
5332 0
5392 0
5597 0
5614 0
5836 0
5879 0
5953 0
6072 0
6110 0
6141 0
6395 0
6435 0
6702 0
6913 0
7159 0
7315 0
7407 0
7581 0
7616 0
7789 0
7891 0
7934 0
7944 0
8083 0
8174 0
8191 0
8213 0
8311 0
8340 0
8457 0
8460 0
8600 0
8662 0
8921 0
8986 0
9070 0
9129 0
9297 0
9525 0
9650 0
9701 0
9712 0
9719 0
9852 0
9931 0
9933 0
10022 0
10030 0
10169 0
10257 0
10349 0
10404 0
10659 0
10744 0
10938 0
10989 0
11078 0
11121 0
11190 0
11321 0
11540 0
11594 0
11818 0
11868 0
11907 0
12247 0
12252 0
12353 0
12426 0
12433 0
12711 0
12810 0
12818 0
12852 0
12887 0
12892 0
12917 0
12927 0
12944 0
13028 0
13161 0
13221 0
13269 0
13391 0
13534 0
13665 0
13672 0
13685 0
13849 0
13878 0
13957 0
13998 0
14031 0
14107 0
14118 0
14229 0
14239 0
14336 0
14427 0
14435 0
14729 0
14838 0
15001 0
15207 0
15212 0
15213 0
15292 0
15323 0
15579 0
16167 0
16203 0
16218 0
16243 0
16322 0
16338 0
16448 0
16517 0
16599 0
16910 0
16998 0
17005 0
17258 0
17311 0
17346 0
17382 0
17886 0
17940 0
17978 0
17991 0
18016 0
18026 0
18238 0
18406 0
18429 0
18467 0
18537 0
18598 0
18740 0
18786 0
18790 0
18965 0
19033 0
19086 0
19188 0
19454 0
19599 0
19763 0
19825 0
19849 0
19886 0
19939 0
19951 0
19958 0
19987 0
20085 0
20089 0
20131 0
20133 0
20142 0
20159 0
20209 0
20277 0
20364 0
20388 0
20407 0
20498 0
20515 0
20697 0
20741 0
20927 0
21022 0
21068 0
21281 0
21343 0
21409 0
21689 0
21931 0
21994 0
22071 0
22075 0
22145 0
22227 0
22289 0
22342 0
22454 0
22505 0
22572 0
22750 0
22837 0
23039 0
23066 0
23100 0
23132 0
23331 0
23432 0
23522 0
23672 0
23690 0
23809 0
23869 0
23947 0
23962 0
24004 0
24105 0
24324 0
24336 0
24341 0
24702 0
24716 0
24876 0
24941 0
25032 0
25044 0
25081 0
25325 0
25514 0
25524 0
25586 0
25624 0
25649 0
25685 0
25691 0
25836 0
25874 0
25964 0
25979 0
26026 0
26365 0
26711 0
26946 0
27026 0
27047 0
27086 0
27155 0
27233 0
27360 0
27540 0
27606 0
27623 0
27667 0
27699 0
27832 0
28014 0
28101 0
28238 0
28248 0
28260 0
28390 0
28472 0
28862 0
28953 0
29056 0
29144 0
29386 0
29446 0
29448 0
29557 0
29736 0
29743 0
29749 0
29889 0
29899 0
29922 0
29973 0
29991 0
30041 0
30277 0
30294 0
30675 0
30980 0
31035 0
31038 0
31123 0
31149 0
31267 0
31330 0
31510 0
31528 0
31572 0
31581 0
31615 0
31686 0
31790 0
31909 0
31920 0
32001 0
32072 0
32115 0
32187 0
32472 0
32597 0
32877 0
32893 0
33131 0
33347 0
33420 0
33595 0
33770 0
33877 0
33954 0
33999 0
34035 0
34114 0
34156 0
34163 0
34168 0
34304 0
34324 0
34369 0
34439 0
34462 0
34485 0
34593 0
34662 0
34752 0
34796 0
34816 0
34828 0
34872 0
34908 0
35091 0
35198 0
35256 0
35341 0
35417 0
35482 0
35579 0
35584 0
35593 0
35601 0
35621 0
35628 0
35863 0
35866 0
36075 0
36178 0
36206 0
36210 0
36259 0
36276 0
36380 0
36436 0
36499 0
36707 0
36816 0
36849 0
36950 0
37152 0
37166 0
37239 0
37264 0
37389 0
37414 0
37446 0
37487 0
37795 0
37863 0
37897 0
37925 0
38066 0
38122 0
38125 0
38137 0
38182 0
38542 0
38577 0
38814 0
38947 0
38972 0
38990 0
39007 0
39030 0
39239 0
39431 0
39620 0
39704 0
39822 0
39849 0
39968 0
40014 0
40032 0
40240 0
40284 0
40465 0
40494 0
40538 0
40629 0
40929 0
41026 0
41069 0
41151 0
41160 0
41303 0
41366 0
41512 0
41643 0
41714 0
41983 0
42544 0
42574 0
42714 0
42750 0
42853 0
42873 0
42883 0
42927 0
42976 0
42979 0
43004 0
43132 0
43219 0
43430 0
43499 0
43744 0
43778 0
44049 0
44153 0
44177 0
44194 0
44222 0
44268 0
44300 0
44334 0
44407 0
44517 0
44612 0
44685 0
44732 0
44748 0
44833 0
44928 0
44983 0
45048 0
45157 0
45237 0
45275 0
45333 0
45503 0
45572 0
45661 0
45712 0
45734 0
45767 0
46173 0
46255 0
46324 0
46406 0
46423 0
46459 0
46472 0
46618 0
46665 0
46713 0
46751 0
46891 0
46899 0
46966 0
46970 0
47147 0
47168 0
47331 0
47354 0
47399 0
47688 0
47765 0
47812 0
48099 0
48447 0
48448 0
48522 0
48713 0
48764 0
48878 0
48964 0
49163 0
49336 0
49436 0
49457 0
49476 0
49482 0
49586 0
49649 0
49705 0
49807 0
49861 0
49876 0
50089 0
50211 0
50286 0
50387 0
50427 0
50547 0
50554 0
50606 0
50821 0
50882 0
50985 0
51144 0
51299 0
51354 0
51522 0
51900 0
51982 0
52134 0
52164 0
52171 0
52343 0
52453 0
52502 0
52538 0
52670 0
52779 0
53001 0
53119 0
53149 0
53175 0
53404 0
53479 0
53503 0
53596 0
53702 0
53761 0
53819 0
53881 0
54047 0
54062 0
54071 0
54153 0
55371 0
55578 0
55674 0
55730 0
55774 0
55822 0
55946 0
56016 0
56057 0
56201 0
56214 0
56307 0
56357 0
56420 0
56525 0
56715 0
56759 0
56762 0
56798 0
56869 0
57088 0
57119 0
57501 0
57906 0
57941 0
57973 0
58015 0
58056 0
58170 0
58246 0
58308 0
58474 0
58954 0
58977 0
59154 0
59246 0
59285 0
59344 0
59348 0
59626 0
59636 0
59711 0
60074 0
60164 0
60295 0
60573 0
60579 0
60648 0
60888 0
61091 0
61113 0
61148 0
61153 0
61294 0
61347 0
61355 0
61382 0
61422 0
61529 0
61630 0
61756 0
61876 0
62072 0
62221 0
62460 0
62488 0
62636 0
62928 0
63012 0
63029 0
63115 0
63241 0
63354 0
63387 0
63410 0
63452 0
63517 0
63599 0
63771 0
63829 0
63846 0
63876 0
63937 0
63955 0
63996 0
64000 0
64022 0
64044 0
64582 0
64681 0
64931 0
65099 0
65223 0
65258 0
65397 0
65879 0
65910 0
66039 0
66228 0
66335 0
66339 0
66435 0
66587 0
66677 0
66737 0
66767 0
66794 0
66981 0
67022 0
67148 0
67193 0
67309 0
67372 0
67470 0
67481 0
67487 0
67504 0
67528 0
67529 0
67605 0
67607 0
67666 0
67751 0
67801 0
67828 0
67871 0
67984 0
68032 0
68035 0
68102 0
68172 0
68389 0
68394 0
68410 0
68463 0
68753 0
68811 0
68954 0
68961 0
68995 0
69211 0
69424 0
69703 0
69719 0
69745 0
69843 0
70057 0
70297 0
70405 0
70443 0
70525 0
70661 0
70894 0
70921 0
71005 0
71119 0
71228 0
71610 0
71740 0
72120 0
72134 0
72136 0
72155 0
72274 0
72640 0
72760 0
72816 0
72967 0
73161 0
73328 0
73417 0
73563 0
73662 0
73667 0
73765 0
73769 0
73879 0
73884 0
73938 0
73968 0
74039 0
74102 0
74180 0
74610 0
74663 0
74704 0
74715 0
74764 0
74796 0
74924 0
74953 0
74966 0
75117 0
75341 0
75417 0
75537 0
75553 0
75715 0
75761 0
75771 0
75783 0
75925 0
76014 0
76254 0
76327 0
76370 0
76525 0
76564 0
77050 0
77425 0
77433 0
77457 0
77690 0
77736 0
77780 0
77984 0
78119 0
78296 0
78531 0
78629 0
78630 0
78646 0
78722 0
78769 0
79018 0
79033 0
79058 0
79179 0
79271 0
79287 0
79316 0
79340 0
79349 0
79376 0
79403 0
79448 0
79521 0
79559 0
79599 0
79600 0
79637 0
79684 0
79712 0
79719 0
79727 0
79820 0
79912 0
80020 0
80309 0
80456 0
80579 0
80609 0
81005 0
81062 0
81222 0
81244 0
81495 0
81658 0
81869 0
81997 0
82051 0
82086 0
82111 0
82261 0
82549 0
82561 0
82634 0
83108 0
83241 0
83251 0
83270 0
83444 0
83823 0
83880 0
83907 0
83978 0
84031 0
84116 0
84207 0
84389 0
84687 0
84747 0
84998 0
85041 0
85080 0
85186 0
85213 0
85242 0
85257 0
85288 0
85337 0
85349 0
85477 0
85615 0
85628 0
85707 0
85712 0
85876 0
86039 0
86074 0
86135 0
86174 0
86176 0
86179 0
86465 0
86518 0
86529 0
86650 0
86811 0
86878 0
86886 0
87410 0
87443 0
87591 0
87694 0
87696 0
87704 0
87748 0
87776 0
87869 0
88040 0
88088 0
88209 0
88386 0
88399 0
88570 0
88719 0
88784 0
88798 0
88822 0
88837 0
88842 0
88867 0
88892 0
89001 0
89219 0
89244 0
89393 0
89422 0
89459 0
89607 0
89779 0
89950 0
89953 0
90061 0
90204 0
90294 0
90369 0
90448 0
90713 0
90729 0
90821 0
90844 0
90877 0
90962 0
90992 0
91117 0
91127 0
91136 0
91287 0
91466 0
91470 0
91592 0
91635 0
91767 0
91868 0
92158 0
92247 0
92303 0
92388 0
92508 0
92924 0
92971 0
92975 0
93034 0
93232 0
93426 0
93511 0
93529 0
93598 0
93603 0
93655 0
93788 0
93829 0
93850 0
93855 0
93938 0
94059 0
94096 0
94284 0
94326 0
94330 0
94604 0
94640 0
94660 0
94664 0
94814 0
94831 0
94897 0
94967 0
94992 0
95082 0
95315 0
95364 0
95414 0
95446 0
95884 0
95895 0
96131 0
96227 0
96275 0
96302 0
96833 0
96840 0
96863 0
97030 0
97172 0
97305 0
97457 0
97535 0
97579 0
97635 0
97652 0
97829 0
97911 0
98205 0
98480 0
98513 0
98533 0
98555 0
98598 0
98615 0
98794 0
98893 0
98923 0
99005 0
99291 0
99458 0
99470 0
99483 0
99553 0
99617 0
99972 0
