c This is a uniform distributed  1-D DIMACS file 
c width height point_number
p 100000 100000 1024
216 0
220 0
323 0
353 0
376 0
448 0
495 0
675 0
677 0
950 0
1045 0
1057 0
1064 0
1087 0
1212 0
1225 0
1415 0
1642 0
1713 0
1802 0
1984 0
2066 0
2118 0
2198 0
2199 0
2381 0
2467 0
2705 0
2779 0
2912 0
3223 0
3342 0
3544 0
3752 0
3814 0
3946 0
3957 0
4000 0
4260 0
4368 0
4589 0
4759 0
4761 0
4814 0
5017 0
5072 0
5196 0
5302 0
5690 0
5833 0
5971 0
5976 0
6089 0
6096 0
6184 0
6230 0
6252 0
6405 0
6612 0
6637 0
6674 0
6679 0
6817 0
6830 0
6844 0
7238 0
7245 0
7378 0
7381 0
7581 0
7620 0
7625 0
7626 0
7651 0
7768 0
7930 0
8028 0
8077 0
8111 0
8123 0
8175 0
8232 0
8317 0
8365 0
8414 0
8471 0
8603 0
8671 0
8704 0
8731 0
8867 0
9053 0
9088 0
9134 0
9196 0
9252 0
9287 0
9326 0
9446 0
9536 0
9594 0
9702 0
9739 0
9757 0
9819 0
9841 0
10055 0
10096 0
10263 0
10356 0
10429 0
10454 0
10456 0
10734 0
10740 0
10840 0
10881 0
10983 0
11117 0
11267 0
11619 0
11687 0
11781 0
11838 0
11879 0
12131 0
12178 0
12258 0
12342 0
12419 0
12443 0
12691 0
12710 0
12725 0
12825 0
12867 0
12873 0
12888 0
12956 0
13023 0
13162 0
13250 0
13394 0
13430 0
13516 0
13597 0
13654 0
13689 0
13691 0
13753 0
13901 0
14001 0
14433 0
14529 0
14700 0
14792 0
14895 0
14898 0
14930 0
15027 0
15036 0
15312 0
15321 0
15411 0
15462 0
15607 0
15622 0
15717 0
15833 0
15865 0
15964 0
16045 0
16055 0
16136 0
16285 0
16311 0
16349 0
16392 0
16493 0
16779 0
16933 0
17203 0
17233 0
17336 0
17387 0
17443 0
17445 0
17737 0
17905 0
18122 0
18237 0
18333 0
18373 0
18438 0
18507 0
18521 0
18543 0
18872 0
18976 0
19169 0
19273 0
19403 0
19468 0
19502 0
19603 0
19934 0
20177 0
20240 0
20332 0
20379 0
20432 0
20497 0
20778 0
20899 0
20942 0
21144 0
21260 0
21309 0
21314 0
21319 0
21402 0
21408 0
21499 0
21623 0
21693 0
21719 0
21797 0
21872 0
21948 0
22023 0
22181 0
22212 0
22329 0
22386 0
22418 0
22501 0
22543 0
22608 0
22633 0
22795 0
22943 0
22962 0
23015 0
23127 0
23175 0
23680 0
23969 0
23986 0
24013 0
24231 0
24411 0
24543 0
24590 0
24700 0
25123 0
25137 0
25179 0
25252 0
25384 0
25533 0
25946 0
25960 0
26023 0
26087 0
26135 0
26690 0
26736 0
26857 0
27125 0
27353 0
27479 0
27506 0
27643 0
27710 0
27830 0
28154 0
28364 0
28457 0
28699 0
28775 0
28995 0
29181 0
29404 0
29604 0
29658 0
29805 0
29819 0
29922 0
30128 0
30204 0
30412 0
30415 0
30639 0
30681 0
30716 0
30853 0
30887 0
31002 0
31098 0
31111 0
31248 0
31327 0
31355 0
31416 0
31475 0
31802 0
31849 0
31927 0
32077 0
32203 0
32236 0
32239 0
32553 0
32611 0
32887 0
32907 0
32949 0
33109 0
33268 0
33278 0
33440 0
33656 0
33852 0
33865 0
33945 0
33957 0
34049 0
34097 0
34156 0
34180 0
34197 0
34369 0
34418 0
34443 0
34450 0
34470 0
34588 0
34594 0
34730 0
34828 0
34851 0
34887 0
34946 0
34958 0
35088 0
35100 0
35165 0
35179 0
35209 0
35285 0
35355 0
35358 0
35386 0
35414 0
35430 0
35466 0
35478 0
35484 0
35490 0
35532 0
35536 0
35674 0
35747 0
35748 0
35781 0
36123 0
36438 0
36453 0
36535 0
36640 0
36938 0
36946 0
36961 0
36976 0
37032 0
37094 0
37225 0
37229 0
37231 0
37247 0
37350 0
37367 0
37501 0
37639 0
37677 0
37832 0
37889 0
37967 0
38024 0
38105 0
38212 0
38454 0
38577 0
38797 0
38818 0
38820 0
39006 0
39011 0
39050 0
39110 0
39181 0
39191 0
39192 0
39205 0
39353 0
39421 0
39493 0
39560 0
39746 0
39786 0
40052 0
40111 0
40190 0
40209 0
40268 0
40365 0
40423 0
40472 0
40513 0
40630 0
40709 0
40752 0
40762 0
40764 0
40808 0
40813 0
40860 0
40998 0
41088 0
41163 0
41448 0
41512 0
41685 0
41747 0
41820 0
41888 0
42030 0
42142 0
42193 0
42484 0
42674 0
42740 0
42790 0
42799 0
43043 0
43048 0
43075 0
43132 0
43171 0
43264 0
43270 0
43353 0
43492 0
43683 0
43943 0
44163 0
44232 0
44246 0
44345 0
44550 0
44789 0
44834 0
44921 0
45025 0
45092 0
45195 0
45212 0
45215 0
45305 0
45415 0
45448 0
45467 0
45585 0
45591 0
45805 0
45897 0
45929 0
46000 0
46023 0
46083 0
46135 0
46322 0
46345 0
46570 0
46572 0
46814 0
46868 0
47104 0
47134 0
47210 0
47223 0
47245 0
47345 0
47383 0
47449 0
47577 0
47778 0
47840 0
47915 0
48010 0
48032 0
48083 0
48176 0
48180 0
48337 0
48536 0
48675 0
48782 0
48887 0
49016 0
49069 0
49325 0
49329 0
49399 0
49518 0
49539 0
49551 0
49870 0
49889 0
49890 0
49891 0
49907 0
49983 0
50103 0
50108 0
50134 0
50146 0
50200 0
50317 0
50347 0
50394 0
50678 0
51034 0
51372 0
51435 0
51447 0
51466 0
51519 0
51580 0
51596 0
51614 0
51932 0
52282 0
52375 0
52411 0
52462 0
52526 0
52531 0
52568 0
52649 0
52699 0
52711 0
52797 0
52805 0
52907 0
52982 0
53124 0
53180 0
53268 0
53290 0
53858 0
54151 0
54257 0
54369 0
54495 0
54552 0
54573 0
54597 0
54664 0
54673 0
54853 0
54904 0
54908 0
55057 0
55081 0
55124 0
55188 0
55246 0
55303 0
55446 0
55542 0
55557 0
55670 0
55816 0
55864 0
55901 0
55960 0
55981 0
56373 0
56510 0
56724 0
56896 0
57034 0
57143 0
57199 0
57306 0
57363 0
57393 0
57466 0
57625 0
57631 0
57703 0
57860 0
58061 0
58140 0
58383 0
58500 0
58678 0
58700 0
58701 0
58729 0
58748 0
58778 0
58867 0
59045 0
59106 0
59148 0
59154 0
59217 0
59501 0
59575 0
59610 0
59953 0
60027 0
60077 0
60136 0
60157 0
60523 0
60990 0
61004 0
61222 0
61275 0
61379 0
61403 0
61542 0
61710 0
61723 0
61760 0
61903 0
62035 0
62247 0
62265 0
62409 0
62455 0
62480 0
62756 0
62811 0
62828 0
62839 0
62840 0
62863 0
62997 0
63019 0
63038 0
63133 0
63274 0
63289 0
63297 0
63320 0
63395 0
63739 0
63753 0
63822 0
63840 0
63962 0
64016 0
64119 0
64163 0
64180 0
64313 0
64340 0
64503 0
64585 0
64765 0
64772 0
65124 0
65177 0
65205 0
65276 0
65391 0
65953 0
66017 0
66118 0
66142 0
66222 0
66286 0
66415 0
66505 0
66809 0
66833 0
67015 0
67044 0
67097 0
67109 0
67368 0
67408 0
67723 0
67808 0
67829 0
67912 0
68136 0
68150 0
68190 0
68195 0
68203 0
68230 0
68535 0
68574 0
68597 0
68628 0
68683 0
68742 0
68762 0
68841 0
68896 0
69028 0
69051 0
69195 0
69369 0
69495 0
69975 0
70014 0
70278 0
70340 0
70394 0
70477 0
70560 0
70568 0
70597 0
70623 0
70688 0
70860 0
71297 0
71312 0
71365 0
71601 0
71777 0
71795 0
71873 0
72242 0
72316 0
72434 0
72485 0
72517 0
72545 0
72581 0
72599 0
72646 0
72694 0
72731 0
73231 0
73252 0
73495 0
73612 0
73628 0
73762 0
73768 0
73925 0
73949 0
74352 0
74471 0
74672 0
74941 0
74973 0
74982 0
74986 0
75076 0
75088 0
75107 0
75182 0
75256 0
75345 0
75554 0
75560 0
75680 0
75741 0
75797 0
76027 0
76114 0
76130 0
76150 0
76241 0
76268 0
76284 0
76287 0
76299 0
76336 0
76558 0
76710 0
76797 0
76930 0
77064 0
77065 0
77110 0
77559 0
77588 0
77683 0
77703 0
77834 0
77884 0
77907 0
78085 0
78242 0
78262 0
78308 0
78426 0
78446 0
78476 0
78480 0
78624 0
78780 0
78827 0
78911 0
79033 0
79066 0
79084 0
79094 0
79150 0
79198 0
79300 0
79332 0
79496 0
79630 0
79682 0
79808 0
80072 0
80089 0
80228 0
80276 0
80410 0
80484 0
80497 0
80822 0
81134 0
81380 0
81471 0
81482 0
81536 0
81631 0
81633 0
81955 0
82111 0
82200 0
82220 0
82387 0
82401 0
82690 0
82894 0
83049 0
83307 0
83376 0
83388 0
83428 0
83432 0
83464 0
83630 0
83730 0
83773 0
83820 0
83908 0
84103 0
84170 0
84238 0
84247 0
84332 0
84433 0
84522 0
84554 0
84556 0
84640 0
84825 0
84832 0
84899 0
85172 0
85205 0
85291 0
85432 0
85452 0
85516 0
85567 0
85745 0
85996 0
86127 0
86229 0
86265 0
86601 0
86631 0
86647 0
86671 0
86695 0
86892 0
86968 0
87100 0
87146 0
87232 0
87354 0
87468 0
87737 0
87851 0
87936 0
87976 0
88048 0
88198 0
88233 0
88285 0
88556 0
88633 0
88636 0
88642 0
88974 0
89208 0
89486 0
89544 0
89926 0
90054 0
90078 0
90179 0
90209 0
90236 0
90243 0
90345 0
90443 0
90455 0
90490 0
90529 0
90581 0
90706 0
90732 0
90761 0
90787 0
90795 0
90798 0
90824 0
90842 0
91010 0
91035 0
91130 0
91193 0
91334 0
91345 0
91398 0
91422 0
91428 0
91430 0
91613 0
92054 0
92070 0
92191 0
92299 0
92337 0
92377 0
92498 0
92668 0
92872 0
92882 0
92957 0
93022 0
93182 0
93291 0
93429 0
93569 0
93995 0
94013 0
94032 0
94042 0
94210 0
94239 0
94243 0
94580 0
94612 0
94669 0
94684 0
94715 0
94844 0
94907 0
94928 0
94977 0
95125 0
95222 0
95396 0
95416 0
95653 0
95828 0
96112 0
96119 0
96323 0
96412 0
96473 0
96578 0
96725 0
96857 0
97178 0
97389 0
97403 0
97451 0
97502 0
97683 0
97722 0
97810 0
97867 0
97923 0
98042 0
98067 0
98077 0
98119 0
98195 0
98250 0
98317 0
98324 0
98599 0
98699 0
98892 0
98906 0
99066 0
99107 0
99207 0
99232 0
99246 0
99272 0
99283 0
99290 0
99446 0
99518 0
99898 0
