c This is a uniform distributed  1-D DIMACS file 
c width height point_number
p 100000 100000 1024
150 0
219 0
440 0
482 0
729 0
1009 0
1056 0
1083 0
1229 0
1938 0
2027 0
2084 0
2170 0
2203 0
2246 0
2289 0
2479 0
2647 0
2703 0
2737 0
2944 0
2946 0
3008 0
3210 0
3477 0
3490 0
3496 0
3524 0
3538 0
3600 0
3688 0
3781 0
3782 0
3845 0
3876 0
3885 0
4112 0
4117 0
4120 0
4130 0
4139 0
4241 0
4275 0
4348 0
4513 0
4597 0
4662 0
5015 0
5079 0
5174 0
5343 0
5357 0
5413 0
5495 0
5652 0
5785 0
5917 0
5945 0
5972 0
6146 0
6203 0
6355 0
6419 0
6492 0
6494 0
6731 0
6825 0
6855 0
7151 0
7173 0
7187 0
7391 0
7411 0
7422 0
7648 0
7793 0
7800 0
7832 0
7953 0
8149 0
8269 0
8289 0
8339 0
8405 0
8617 0
8711 0
8801 0
8904 0
9041 0
9206 0
9532 0
9571 0
9620 0
9630 0
9804 0
9812 0
9843 0
9880 0
9948 0
10071 0
10364 0
10473 0
10482 0
10733 0
10738 0
10769 0
10796 0
10826 0
10865 0
10980 0
11102 0
11145 0
11340 0
11456 0
11531 0
11615 0
11623 0
11669 0
11706 0
11907 0
11941 0
11975 0
12068 0
12374 0
12458 0
12463 0
12550 0
12576 0
12579 0
12594 0
12655 0
12690 0
12717 0
12756 0
12854 0
12908 0
13215 0
13320 0
13361 0
13467 0
13625 0
13748 0
13849 0
13949 0
13965 0
14052 0
14078 0
14101 0
14123 0
14150 0
14152 0
14306 0
14312 0
14582 0
14886 0
15111 0
15123 0
15180 0
15346 0
15387 0
15708 0
15744 0
15747 0
15934 0
15966 0
16053 0
16081 0
16099 0
16115 0
16399 0
16546 0
16649 0
16660 0
16758 0
16780 0
16837 0
17417 0
17516 0
17731 0
17954 0
17994 0
18134 0
18208 0
18313 0
18562 0
18615 0
18674 0
18843 0
19214 0
19371 0
19406 0
19421 0
19691 0
20056 0
20134 0
20396 0
20529 0
20634 0
20687 0
20722 0
20869 0
20883 0
21011 0
21074 0
21103 0
21175 0
21300 0
21304 0
21387 0
21441 0
21443 0
21524 0
21591 0
21737 0
21807 0
21816 0
21867 0
21891 0
21982 0
22130 0
22164 0
22342 0
22446 0
22485 0
22585 0
22598 0
22698 0
22932 0
22936 0
22977 0
22992 0
22999 0
23225 0
23254 0
23404 0
23535 0
23554 0
23591 0
23632 0
23693 0
23738 0
23743 0
23836 0
23933 0
24113 0
24117 0
24271 0
24299 0
24599 0
24603 0
24704 0
24815 0
24867 0
25225 0
25284 0
25315 0
25346 0
25383 0
25387 0
25407 0
25419 0
25505 0
25987 0
26020 0
26176 0
26463 0
26661 0
26692 0
26911 0
26931 0
26933 0
26984 0
26985 0
27494 0
27533 0
27716 0
27833 0
27866 0
27952 0
28105 0
28146 0
28189 0
28303 0
28347 0
28468 0
28538 0
28610 0
28923 0
28972 0
28975 0
29038 0
29100 0
29167 0
29192 0
29427 0
29726 0
29858 0
30035 0
30104 0
30113 0
30296 0
30396 0
30567 0
30606 0
30636 0
30680 0
30696 0
30913 0
31015 0
31096 0
31153 0
31165 0
31204 0
31448 0
31502 0
31510 0
31578 0
31871 0
31992 0
32228 0
32432 0
32464 0
32627 0
32635 0
32757 0
32801 0
32836 0
32864 0
33032 0
33097 0
33117 0
33157 0
33315 0
33338 0
33463 0
33482 0
33608 0
33700 0
33730 0
33906 0
33948 0
33971 0
33994 0
34118 0
34328 0
34450 0
34709 0
34818 0
34864 0
34866 0
34961 0
34975 0
35015 0
35032 0
35052 0
35304 0
35378 0
35440 0
35447 0
35499 0
35502 0
35553 0
35643 0
35762 0
35856 0
35983 0
36028 0
36050 0
36146 0
36599 0
36793 0
36805 0
36811 0
36828 0
36866 0
36869 0
37038 0
37126 0
37155 0
37423 0
37503 0
37533 0
37549 0
38004 0
38026 0
38122 0
38154 0
38302 0
38558 0
38567 0
38721 0
38738 0
38797 0
38879 0
39005 0
39023 0
39051 0
39260 0
39304 0
39347 0
39359 0
39382 0
39507 0
39538 0
39624 0
39627 0
39749 0
39763 0
39900 0
40041 0
40061 0
40209 0
40242 0
40294 0
40369 0
40583 0
40804 0
40938 0
41043 0
41128 0
41166 0
41484 0
41873 0
41897 0
41954 0
41990 0
42022 0
42233 0
42250 0
42378 0
42530 0
42540 0
42692 0
42748 0
42795 0
42802 0
42924 0
42938 0
43004 0
43070 0
43160 0
43185 0
43282 0
43576 0
43592 0
43744 0
43746 0
43854 0
43936 0
43957 0
44225 0
44247 0
44349 0
44453 0
44510 0
44557 0
44570 0
44830 0
44916 0
45005 0
45236 0
45297 0
45397 0
45584 0
45604 0
45783 0
45874 0
45898 0
46009 0
46094 0
46271 0
46358 0
46468 0
46472 0
46567 0
46589 0
46608 0
46680 0
46827 0
46900 0
46908 0
46920 0
46934 0
46989 0
47100 0
47218 0
47358 0
47592 0
47652 0
47709 0
47775 0
47899 0
47993 0
48010 0
48024 0
48034 0
48038 0
48085 0
48237 0
48435 0
48455 0
48544 0
48637 0
48650 0
48686 0
48760 0
49252 0
49289 0
49388 0
49429 0
49596 0
49700 0
49805 0
49851 0
49856 0
49924 0
50026 0
50038 0
50043 0
50071 0
50149 0
50160 0
50250 0
50259 0
50272 0
50361 0
50391 0
50783 0
50806 0
50809 0
50883 0
50899 0
51018 0
51483 0
51489 0
51501 0
51519 0
51562 0
51616 0
51925 0
51934 0
52013 0
52659 0
52787 0
52824 0
53206 0
53257 0
53470 0
53488 0
53492 0
53604 0
53772 0
53978 0
54217 0
54325 0
54429 0
54661 0
54788 0
54799 0
54827 0
55066 0
55144 0
55291 0
55319 0
55363 0
55474 0
55541 0
55559 0
55588 0
55682 0
55754 0
55823 0
55935 0
55983 0
56040 0
56093 0
56144 0
56329 0
56595 0
56681 0
56704 0
56768 0
56831 0
56858 0
56873 0
56875 0
56884 0
56887 0
56958 0
56990 0
57184 0
57303 0
57440 0
57638 0
57884 0
57890 0
57926 0
58123 0
58138 0
58256 0
58348 0
58369 0
58638 0
58666 0
58795 0
59051 0
59079 0
59130 0
59166 0
59209 0
59283 0
59386 0
59476 0
59564 0
59748 0
59757 0
60218 0
60312 0
60360 0
60464 0
60503 0
60534 0
60603 0
60690 0
60924 0
60997 0
61060 0
61112 0
61177 0
61241 0
61282 0
61412 0
61748 0
61756 0
61830 0
61954 0
62038 0
62243 0
62593 0
62644 0
62653 0
62761 0
62773 0
62807 0
62834 0
62882 0
62956 0
62962 0
63077 0
63095 0
63388 0
63399 0
63468 0
63575 0
63593 0
63625 0
63672 0
63927 0
63949 0
64104 0
64109 0
64122 0
64199 0
64431 0
64776 0
64844 0
65135 0
65177 0
65382 0
65463 0
65540 0
65653 0
65670 0
65694 0
65843 0
65915 0
65989 0
65992 0
66038 0
66058 0
66096 0
66366 0
66536 0
66553 0
66646 0
66650 0
66716 0
66763 0
66776 0
66910 0
66967 0
67059 0
67060 0
67140 0
67213 0
67224 0
67312 0
67367 0
67403 0
67463 0
67531 0
67560 0
67577 0
67597 0
67626 0
67827 0
68069 0
68088 0
68109 0
68410 0
68530 0
68620 0
68727 0
68895 0
68977 0
69122 0
69305 0
69317 0
69324 0
69493 0
69648 0
70155 0
70210 0
70289 0
70315 0
70428 0
70459 0
70481 0
70548 0
70638 0
70769 0
70866 0
70958 0
70969 0
70974 0
71116 0
71261 0
71264 0
71409 0
71562 0
71767 0
71782 0
71830 0
71833 0
71842 0
71860 0
71875 0
71895 0
71906 0
71959 0
71975 0
72155 0
72224 0
72254 0
72392 0
72667 0
72733 0
72751 0
72810 0
72865 0
73115 0
73139 0
73141 0
73241 0
73281 0
73362 0
73570 0
73646 0
73729 0
73773 0
73873 0
74149 0
74417 0
74447 0
74630 0
74650 0
74796 0
74960 0
75108 0
75148 0
75208 0
75218 0
75365 0
75535 0
75600 0
75678 0
75883 0
75910 0
75959 0
76260 0
76370 0
76439 0
76578 0
76625 0
76653 0
76789 0
76875 0
77067 0
77451 0
77455 0
77481 0
77525 0
77571 0
77669 0
77751 0
78087 0
78110 0
78116 0
78200 0
78245 0
78291 0
78306 0
78465 0
78517 0
78690 0
78769 0
78813 0
78837 0
78869 0
78941 0
78952 0
79124 0
79241 0
79254 0
79375 0
79437 0
79603 0
79688 0
79740 0
79919 0
80107 0
80286 0
80294 0
80391 0
80740 0
80920 0
81076 0
81091 0
81161 0
81274 0
81276 0
81294 0
81431 0
81475 0
81793 0
81827 0
82036 0
82078 0
82306 0
82389 0
82447 0
82572 0
82877 0
83040 0
83174 0
83275 0
83276 0
83316 0
83433 0
83482 0
83597 0
83903 0
84027 0
84118 0
84235 0
84285 0
84502 0
84600 0
84676 0
84687 0
84688 0
84741 0
84785 0
85111 0
85191 0
85256 0
85268 0
85359 0
85364 0
85448 0
85572 0
85576 0
85813 0
85879 0
85989 0
86012 0
86013 0
86052 0
86308 0
86331 0
86365 0
86461 0
86756 0
86831 0
86876 0
87063 0
87120 0
87249 0
87679 0
87809 0
87834 0
87842 0
88056 0
88242 0
88401 0
88428 0
88636 0
88697 0
88762 0
88817 0
89122 0
89143 0
89174 0
89216 0
89226 0
89308 0
89385 0
89399 0
89445 0
89453 0
89667 0
89698 0
89734 0
89767 0
90040 0
90225 0
90275 0
90297 0
90314 0
90321 0
90578 0
90823 0
90948 0
90977 0
91262 0
91560 0
91759 0
91854 0
91939 0
92021 0
92028 0
92094 0
92097 0
92138 0
92151 0
92286 0
92366 0
92633 0
92757 0
92792 0
92886 0
93120 0
93169 0
93252 0
93260 0
93348 0
93677 0
93808 0
93827 0
93838 0
93907 0
93996 0
94062 0
94439 0
94584 0
94643 0
94700 0
94857 0
95175 0
95187 0
95297 0
95360 0
95431 0
95543 0
95611 0
95709 0
95720 0
95767 0
95936 0
96064 0
96089 0
96098 0
96174 0
96306 0
96370 0
96455 0
96913 0
96953 0
97047 0
97121 0
97141 0
97224 0
97271 0
97298 0
97408 0
97465 0
97502 0
97610 0
97684 0
97828 0
97886 0
98117 0
98133 0
98317 0
98399 0
98546 0
98550 0
98590 0
98692 0
98705 0
98718 0
98955 0
98983 0
99015 0
99204 0
99290 0
99464 0
99553 0
99626 0
99630 0
99694 0
99879 0
99882 0
99924 0
