c This is a uniform distributed  1-D DIMACS file 
c width height point_number
p 100000 100000 1024
63 0
117 0
147 0
194 0
219 0
332 0
408 0
657 0
749 0
927 0
967 0
1069 0
1091 0
1240 0
1312 0
1379 0
1506 0
1651 0
1743 0
1788 0
1947 0
1967 0
2017 0
2023 0
2047 0
2129 0
2158 0
2170 0
2205 0
2216 0
2515 0
2532 0
2672 0
2697 0
2710 0
2758 0
2796 0
2875 0
2935 0
3023 0
3049 0
3056 0
3129 0
3261 0
3342 0
3561 0
3625 0
3673 0
3694 0
3952 0
4114 0
4157 0
4250 0
4369 0
4380 0
5066 0
5105 0
5180 0
5341 0
5372 0
5465 0
5497 0
5678 0
5749 0
5859 0
5899 0
6123 0
6573 0
6624 0
6644 0
6734 0
6738 0
6887 0
6947 0
6969 0
6993 0
7112 0
7162 0
7232 0
7353 0
7356 0
7407 0
7476 0
7656 0
7768 0
7803 0
7811 0
7842 0
7968 0
7992 0
8050 0
8292 0
8518 0
8614 0
8674 0
8737 0
8867 0
8890 0
9045 0
9184 0
9358 0
9491 0
9612 0
9763 0
9876 0
9938 0
9963 0
10101 0
10180 0
10265 0
10311 0
10339 0
10370 0
10474 0
10775 0
10777 0
10875 0
10909 0
10984 0
11007 0
11105 0
11353 0
11401 0
11633 0
11676 0
11735 0
11875 0
12036 0
12220 0
12277 0
12300 0
12400 0
12455 0
12457 0
12463 0
12955 0
13012 0
13042 0
13103 0
13105 0
13109 0
13210 0
13414 0
13541 0
13642 0
13647 0
13687 0
13804 0
14203 0
14227 0
14232 0
14306 0
14658 0
14757 0
14997 0
15080 0
15105 0
15124 0
15211 0
15230 0
15245 0
15414 0
15472 0
15637 0
15678 0
15780 0
15868 0
15991 0
16102 0
16138 0
16292 0
16391 0
16408 0
16660 0
16749 0
16766 0
16823 0
16911 0
16947 0
17014 0
17095 0
17102 0
17143 0
17165 0
17194 0
17229 0
17300 0
17569 0
17684 0
17716 0
17767 0
17820 0
18084 0
18176 0
18190 0
18241 0
18307 0
18338 0
18443 0
18542 0
18578 0
18616 0
18779 0
18796 0
19092 0
19122 0
19378 0
19520 0
19529 0
19815 0
19833 0
19863 0
19970 0
20016 0
20037 0
20046 0
20277 0
20294 0
20414 0
20422 0
20425 0
20489 0
20625 0
20661 0
20799 0
20846 0
20868 0
20945 0
20978 0
21086 0
21093 0
21161 0
21309 0
21338 0
21355 0
21377 0
21382 0
21625 0
21626 0
21985 0
22003 0
22070 0
22179 0
22296 0
22342 0
22404 0
22589 0
22645 0
22689 0
22864 0
22909 0
23171 0
23348 0
23357 0
23362 0
23390 0
23441 0
23683 0
24026 0
24126 0
24616 0
24631 0
24688 0
24720 0
24742 0
24789 0
24972 0
25012 0
25159 0
25233 0
25314 0
25460 0
25678 0
25711 0
25833 0
25852 0
26002 0
26015 0
26224 0
26346 0
26365 0
26413 0
26495 0
26613 0
26773 0
26827 0
27058 0
27179 0
27210 0
27429 0
27473 0
27595 0
27633 0
27784 0
27795 0
27910 0
27924 0
27963 0
28065 0
28098 0
28219 0
28259 0
28410 0
28536 0
28545 0
28625 0
28628 0
28668 0
28747 0
28787 0
29053 0
29248 0
29259 0
29386 0
29492 0
29737 0
29771 0
30179 0
30240 0
30266 0
30357 0
30431 0
30444 0
30500 0
30544 0
30556 0
30708 0
30726 0
30908 0
30935 0
30985 0
31000 0
31020 0
31035 0
31071 0
31093 0
31203 0
31265 0
31574 0
31750 0
31770 0
31790 0
31920 0
32038 0
32039 0
32427 0
32484 0
32572 0
32781 0
32783 0
32825 0
32898 0
33101 0
33162 0
33180 0
33217 0
33308 0
33312 0
33521 0
33534 0
33577 0
33950 0
33992 0
34017 0
34063 0
34272 0
34369 0
34386 0
34592 0
34677 0
34757 0
34786 0
34885 0
34924 0
34960 0
35057 0
35085 0
35092 0
35145 0
35261 0
35438 0
35529 0
35570 0
35637 0
35753 0
35996 0
36004 0
36236 0
36289 0
36372 0
36443 0
36491 0
36637 0
36656 0
36666 0
36701 0
36748 0
36922 0
36956 0
37040 0
37092 0
37104 0
37317 0
37352 0
37520 0
37531 0
37989 0
38203 0
38410 0
38416 0
38468 0
38476 0
38606 0
38691 0
38767 0
38852 0
39020 0
39215 0
39386 0
39453 0
39499 0
39607 0
39737 0
39789 0
40107 0
40286 0
40331 0
40348 0
40410 0
40746 0
40797 0
40813 0
41085 0
41088 0
41112 0
41118 0
41300 0
41414 0
41417 0
41513 0
41592 0
41748 0
41794 0
42001 0
42027 0
42293 0
42352 0
42506 0
42591 0
42630 0
42669 0
42683 0
42771 0
42839 0
42842 0
42909 0
43105 0
43228 0
43314 0
43395 0
43399 0
43411 0
43500 0
43762 0
43845 0
43907 0
43937 0
44073 0
44259 0
44341 0
44485 0
44521 0
44587 0
44640 0
44725 0
44793 0
44907 0
45039 0
45053 0
45141 0
45260 0
45366 0
45512 0
45529 0
45554 0
45559 0
45800 0
45817 0
45900 0
46105 0
46126 0
46186 0
46234 0
46441 0
46491 0
46525 0
46552 0
46577 0
46584 0
46719 0
46825 0
46902 0
47132 0
47310 0
47407 0
47418 0
47449 0
47520 0
48085 0
48147 0
48406 0
48786 0
48933 0
48991 0
49056 0
49132 0
49133 0
49228 0
49255 0
49387 0
49586 0
49663 0
49709 0
49880 0
50023 0
50028 0
50041 0
50095 0
50175 0
50279 0
50349 0
50403 0
50498 0
50532 0
50619 0
50660 0
50738 0
50970 0
51015 0
51252 0
51377 0
51406 0
51511 0
51671 0
51697 0
51894 0
52050 0
52170 0
52193 0
52195 0
52363 0
52460 0
52614 0
52783 0
52987 0
53095 0
53103 0
53213 0
53399 0
53454 0
53455 0
53568 0
53690 0
53758 0
53856 0
53967 0
53985 0
54010 0
54063 0
54129 0
54164 0
54411 0
54521 0
54635 0
54710 0
54795 0
54800 0
54980 0
54982 0
55142 0
55324 0
55411 0
55449 0
55725 0
55893 0
56006 0
56063 0
56064 0
56080 0
56143 0
56213 0
56231 0
56260 0
56419 0
56465 0
56606 0
56803 0
56893 0
56981 0
57002 0
57424 0
57456 0
57583 0
57614 0
57834 0
57843 0
57923 0
57946 0
57949 0
57951 0
58035 0
58306 0
58373 0
58758 0
59119 0
59125 0
59290 0
59355 0
59384 0
59415 0
59734 0
59869 0
60029 0
60170 0
60294 0
60303 0
60345 0
60397 0
60511 0
60516 0
60550 0
60557 0
60572 0
60624 0
60696 0
60699 0
60787 0
60905 0
61087 0
61103 0
61158 0
61187 0
61458 0
61536 0
61599 0
61674 0
61757 0
62020 0
62210 0
62246 0
62398 0
62530 0
62570 0
62609 0
62746 0
62809 0
62828 0
62866 0
63014 0
63048 0
63133 0
63141 0
63270 0
63280 0
63399 0
63424 0
63477 0
63590 0
63747 0
63927 0
64076 0
64208 0
64210 0
64238 0
64486 0
64523 0
64598 0
64690 0
64884 0
64994 0
65002 0
65116 0
65299 0
65628 0
66044 0
66050 0
66109 0
66228 0
66229 0
66394 0
66694 0
66727 0
66837 0
66875 0
66934 0
66966 0
67025 0
67028 0
67155 0
67221 0
67292 0
67420 0
67501 0
67624 0
67730 0
67818 0
68068 0
68169 0
68175 0
68251 0
68286 0
68304 0
68325 0
68603 0
68670 0
68722 0
68737 0
68939 0
69125 0
69318 0
69440 0
69881 0
70043 0
70071 0
70085 0
70090 0
70275 0
70585 0
70646 0
70716 0
70762 0
70771 0
70896 0
70950 0
71099 0
71281 0
71405 0
71544 0
71644 0
71780 0
71781 0
71820 0
71835 0
71844 0
71912 0
72054 0
72119 0
72193 0
72312 0
72453 0
72523 0
72589 0
72650 0
72734 0
73015 0
73200 0
73359 0
73483 0
73490 0
73543 0
73654 0
73683 0
73776 0
73804 0
73966 0
73978 0
74217 0
74236 0
74299 0
74365 0
74423 0
74477 0
74518 0
74597 0
74650 0
74700 0
74769 0
74806 0
74989 0
75036 0
75041 0
75133 0
75135 0
75360 0
75486 0
75553 0
75558 0
75563 0
75741 0
75763 0
75853 0
75911 0
75925 0
76055 0
76108 0
76379 0
76483 0
76546 0
76595 0
76625 0
76710 0
76762 0
76899 0
76923 0
76963 0
77019 0
77032 0
77168 0
77300 0
77400 0
77610 0
77636 0
77778 0
77819 0
77852 0
77987 0
78147 0
78359 0
78476 0
78701 0
78746 0
78935 0
78981 0
79014 0
79028 0
79035 0
79217 0
79396 0
79505 0
79604 0
79663 0
79719 0
79796 0
79843 0
79896 0
79909 0
79945 0
79947 0
80023 0
80183 0
80263 0
80277 0
80560 0
80785 0
81243 0
81302 0
81984 0
82033 0
82105 0
82183 0
82302 0
82498 0
82611 0
82644 0
82651 0
82989 0
83062 0
83441 0
83478 0
83508 0
83758 0
84148 0
84247 0
84406 0
84420 0
84577 0
84721 0
84735 0
84760 0
85041 0
85175 0
85305 0
85447 0
85572 0
85579 0
85697 0
85703 0
85800 0
85808 0
85836 0
85927 0
85946 0
85975 0
86102 0
86201 0
86206 0
86283 0
86289 0
86380 0
86398 0
86709 0
86747 0
86778 0
86812 0
86932 0
87450 0
87553 0
87572 0
87611 0
87627 0
87683 0
87869 0
87879 0
87978 0
87990 0
88064 0
88169 0
88250 0
88490 0
88535 0
88697 0
88898 0
89035 0
89170 0
89212 0
89330 0
89343 0
89410 0
89419 0
89431 0
89523 0
89623 0
89932 0
89979 0
90973 0
91016 0
91502 0
91594 0
91614 0
91657 0
91748 0
91954 0
91962 0
92113 0
92232 0
92380 0
92389 0
92562 0
92876 0
92902 0
92955 0
92964 0
93068 0
93111 0
93129 0
93184 0
93226 0
93245 0
93250 0
93408 0
93411 0
93734 0
93759 0
93825 0
93911 0
93946 0
94183 0
94426 0
94460 0
94477 0
94488 0
94489 0
94517 0
94604 0
94655 0
94882 0
94914 0
94970 0
94983 0
95032 0
95609 0
95776 0
95797 0
95799 0
95810 0
95836 0
96044 0
96129 0
96132 0
96216 0
96251 0
96586 0
96754 0
96834 0
97050 0
97250 0
97402 0
97417 0
97612 0
97652 0
97922 0
97982 0
97986 0
98005 0
98047 0
98071 0
98125 0
98134 0
98212 0
98225 0
98374 0
98508 0
98677 0
98717 0
98753 0
98858 0
98886 0
98940 0
99065 0
99101 0
99153 0
99160 0
99187 0
99241 0
99370 0
99411 0
99555 0
99579 0
99587 0
99729 0
99778 0
99803 0
99912 0
99952 0
