c This is a uniform distributed  1-D DIMACS file 
c width height point_number
p 100000 100000 1024
197 0
310 0
614 0
748 0
815 0
981 0
1263 0
1294 0
1360 0
1400 0
1485 0
1505 0
1549 0
1554 0
1597 0
1644 0
1760 0
1775 0
1789 0
2115 0
2224 0
2230 0
2320 0
2461 0
2486 0
2534 0
2729 0
2836 0
3075 0
3122 0
3346 0
3419 0
3469 0
3553 0
3810 0
3907 0
4183 0
4394 0
4446 0
4462 0
4532 0
4553 0
4594 0
4654 0
4735 0
4802 0
5093 0
5123 0
5206 0
5284 0
5402 0
5569 0
5714 0
5735 0
5936 0
6330 0
6527 0
6605 0
6606 0
6666 0
6728 0
6847 0
6981 0
7001 0
7028 0
7052 0
7325 0
7335 0
7408 0
7739 0
7975 0
8061 0
8138 0
8197 0
8295 0
8439 0
8645 0
8648 0
8664 0
8731 0
8769 0
8808 0
8830 0
9045 0
9066 0
9088 0
9377 0
9390 0
9568 0
9578 0
9624 0
9629 0
9660 0
9896 0
9935 0
10019 0
10040 0
10085 0
10152 0
10200 0
10226 0
10261 0
10462 0
10629 0
10912 0
10972 0
11038 0
11084 0
11152 0
11173 0
11258 0
11269 0
11288 0
11462 0
11483 0
11540 0
11768 0
11923 0
11957 0
11979 0
12067 0
12185 0
12196 0
12369 0
12495 0
12609 0
12666 0
12839 0
12964 0
12987 0
12993 0
13375 0
13422 0
13511 0
13790 0
13809 0
13862 0
14019 0
14153 0
14288 0
14402 0
14407 0
14453 0
14614 0
14891 0
14940 0
14964 0
15171 0
15248 0
15264 0
15410 0
15507 0
15522 0
15678 0
15694 0
15729 0
15771 0
15907 0
16020 0
16150 0
16197 0
16265 0
16275 0
16305 0
16346 0
16386 0
16438 0
16459 0
16485 0
16551 0
16580 0
16924 0
17007 0
17145 0
17236 0
17260 0
17290 0
17305 0
17410 0
17432 0
17435 0
17444 0
17624 0
17672 0
17695 0
17757 0
17863 0
17986 0
17987 0
17989 0
18062 0
18063 0
18170 0
18240 0
18339 0
18449 0
18525 0
18691 0
18844 0
18957 0
18967 0
18992 0
19001 0
19088 0
19159 0
19211 0
19274 0
19462 0
19465 0
19597 0
19612 0
19634 0
19662 0
19897 0
19903 0
20061 0
20147 0
20148 0
20156 0
20259 0
20262 0
20313 0
20407 0
20505 0
20508 0
20530 0
20570 0
20666 0
20751 0
21274 0
21306 0
21353 0
21878 0
21949 0
22118 0
22196 0
22270 0
22350 0
22448 0
22480 0
22492 0
22584 0
22588 0
22673 0
22709 0
22730 0
22784 0
22807 0
22850 0
23045 0
23054 0
23116 0
23173 0
23538 0
23546 0
23616 0
23638 0
23865 0
23967 0
24260 0
24365 0
24444 0
24475 0
24819 0
25081 0
25121 0
25148 0
25210 0
25466 0
25632 0
25668 0
25954 0
25999 0
26010 0
26518 0
26969 0
27016 0
27165 0
27203 0
27256 0
27281 0
27335 0
27455 0
27509 0
27606 0
27630 0
27637 0
27641 0
27686 0
27724 0
27777 0
27827 0
27861 0
28037 0
28097 0
28125 0
28138 0
28148 0
28179 0
28450 0
28498 0
28519 0
28792 0
29060 0
29129 0
29259 0
29277 0
29289 0
29439 0
29683 0
29874 0
29949 0
30004 0
30021 0
30469 0
30591 0
30906 0
30944 0
30954 0
30958 0
31018 0
31065 0
31095 0
31352 0
31381 0
31598 0
31693 0
31741 0
31748 0
31824 0
31928 0
31994 0
32179 0
32473 0
32533 0
32663 0
33003 0
33025 0
33035 0
33244 0
33255 0
33271 0
33394 0
33431 0
33526 0
33604 0
33680 0
33799 0
33881 0
33894 0
33917 0
33923 0
34072 0
34131 0
34208 0
34246 0
34747 0
34768 0
34769 0
34849 0
34960 0
35012 0
35116 0
35121 0
35172 0
35350 0
35378 0
35619 0
35677 0
35929 0
35938 0
36092 0
36191 0
36468 0
36527 0
36581 0
36628 0
36671 0
36966 0
36999 0
37110 0
37169 0
37245 0
37333 0
37347 0
37475 0
37610 0
37883 0
38043 0
38289 0
38467 0
38470 0
38550 0
38618 0
38668 0
39072 0
39179 0
39285 0
39533 0
39761 0
39824 0
39846 0
39945 0
40041 0
40068 0
40078 0
40099 0
40143 0
40145 0
40219 0
40293 0
40360 0
40552 0
40590 0
40651 0
40662 0
40726 0
40729 0
40805 0
40823 0
40832 0
40875 0
40983 0
41041 0
41046 0
41056 0
41190 0
41786 0
41945 0
42149 0
42255 0
42298 0
42314 0
42377 0
42569 0
42614 0
42620 0
42762 0
43125 0
43146 0
43317 0
43333 0
43506 0
43516 0
43582 0
43621 0
43627 0
43849 0
43877 0
43880 0
44044 0
44098 0
44396 0
44523 0
44547 0
44594 0
44717 0
44732 0
45050 0
45202 0
45338 0
45363 0
45469 0
45474 0
45476 0
45630 0
45795 0
45956 0
46060 0
46097 0
46190 0
46229 0
46382 0
46536 0
46540 0
46576 0
46600 0
46655 0
46843 0
46927 0
47038 0
47182 0
47227 0
47265 0
47275 0
47364 0
47509 0
47541 0
47544 0
47572 0
47997 0
48038 0
48094 0
48155 0
48172 0
48237 0
48287 0
48292 0
48436 0
48559 0
48665 0
48707 0
48817 0
48981 0
49014 0
49076 0
49116 0
49164 0
49242 0
49457 0
49588 0
49631 0
49653 0
49761 0
49861 0
49995 0
50083 0
50405 0
50424 0
50435 0
50490 0
50696 0
50713 0
50924 0
50943 0
51044 0
51132 0
51495 0
51496 0
51518 0
51722 0
51766 0
51839 0
51866 0
51877 0
51962 0
52045 0
52175 0
52224 0
52255 0
52315 0
52483 0
52487 0
52507 0
52592 0
52630 0
52712 0
52714 0
53069 0
53131 0
53139 0
53262 0
53289 0
53412 0
53466 0
53520 0
53530 0
53612 0
53682 0
53703 0
53731 0
53940 0
54023 0
54033 0
54097 0
54099 0
54166 0
54347 0
54365 0
54431 0
54443 0
54454 0
54540 0
54564 0
54588 0
54626 0
54742 0
54760 0
54812 0
54879 0
54969 0
55081 0
55360 0
55372 0
55407 0
55491 0
55616 0
55676 0
55729 0
55757 0
55813 0
55814 0
55874 0
55973 0
55992 0
56247 0
56296 0
56326 0
56508 0
56643 0
56803 0
56955 0
56990 0
57099 0
57152 0
57208 0
57240 0
57270 0
57295 0
57539 0
57554 0
57906 0
57955 0
58146 0
58156 0
58163 0
58170 0
58227 0
58293 0
58385 0
58502 0
58524 0
58527 0
59164 0
59202 0
59392 0
59423 0
59486 0
59633 0
59803 0
59900 0
59986 0
60062 0
60181 0
60190 0
60193 0
60359 0
60489 0
60658 0
60726 0
60827 0
60837 0
60975 0
61165 0
61214 0
61288 0
61319 0
61475 0
61537 0
61619 0
61634 0
61663 0
61678 0
61720 0
61832 0
61908 0
61958 0
61996 0
62035 0
62089 0
62170 0
62223 0
62296 0
62768 0
62926 0
62971 0
62972 0
62997 0
63136 0
63177 0
63240 0
63447 0
63641 0
63664 0
63758 0
63803 0
63809 0
63993 0
64103 0
64169 0
64397 0
64409 0
64424 0
64545 0
64754 0
64829 0
64841 0
64913 0
64945 0
65243 0
65274 0
65309 0
65427 0
65694 0
65934 0
66088 0
66339 0
66424 0
66548 0
66559 0
66582 0
66685 0
66817 0
66824 0
67017 0
67078 0
67088 0
67173 0
67275 0
67301 0
67339 0
67370 0
67434 0
67479 0
67768 0
67815 0
67913 0
67952 0
68035 0
68082 0
68086 0
68100 0
68310 0
68391 0
68414 0
68418 0
68546 0
68567 0
68576 0
68630 0
68653 0
68700 0
68834 0
68853 0
69056 0
69086 0
69093 0
69103 0
69271 0
69520 0
69780 0
69785 0
69891 0
69912 0
69916 0
69961 0
70224 0
70238 0
70384 0
70578 0
70819 0
70959 0
71021 0
71039 0
71292 0
71300 0
71387 0
71409 0
71568 0
71620 0
71671 0
72010 0
72068 0
72191 0
72455 0
72490 0
72637 0
72747 0
72867 0
73026 0
73035 0
73079 0
73254 0
73281 0
73437 0
73459 0
73610 0
73655 0
73856 0
74126 0
74287 0
74407 0
74438 0
74704 0
74716 0
74751 0
74782 0
74927 0
74941 0
74972 0
75025 0
75085 0
75113 0
75132 0
75155 0
75175 0
75424 0
75517 0
75535 0
75566 0
75621 0
75663 0
75675 0
75737 0
76069 0
76072 0
76112 0
76152 0
76328 0
76400 0
76673 0
76730 0
76875 0
76917 0
77453 0
77526 0
77534 0
77618 0
77690 0
77790 0
77810 0
77844 0
77861 0
78350 0
78383 0
78485 0
78514 0
78931 0
78940 0
78946 0
79180 0
79489 0
79607 0
79706 0
79789 0
79851 0
79868 0
79960 0
80093 0
80123 0
80160 0
80233 0
80246 0
80867 0
81025 0
81321 0
81571 0
81673 0
81865 0
81908 0
82152 0
82189 0
82193 0
82238 0
82436 0
82537 0
82666 0
82699 0
82709 0
82710 0
82713 0
83197 0
83227 0
83407 0
83478 0
84162 0
84240 0
84246 0
84252 0
84275 0
84505 0
84574 0
84749 0
84947 0
84958 0
84964 0
85044 0
85050 0
85085 0
85214 0
85299 0
85302 0
85316 0
85339 0
85349 0
85473 0
85540 0
85578 0
85617 0
85884 0
86288 0
86289 0
86334 0
86437 0
86531 0
86706 0
86714 0
86774 0
87042 0
87101 0
87125 0
87198 0
87256 0
87295 0
87436 0
87524 0
87633 0
87655 0
87663 0
87677 0
87737 0
88103 0
88488 0
88544 0
88562 0
88787 0
88938 0
88981 0
88998 0
89112 0
89121 0
89125 0
89139 0
89176 0
89341 0
89465 0
89466 0
89529 0
89987 0
89991 0
90020 0
90085 0
90198 0
90244 0
90283 0
90295 0
90398 0
90566 0
90644 0
90766 0
90787 0
91007 0
91028 0
91265 0
91297 0
91301 0
91368 0
91435 0
91482 0
91611 0
91848 0
91892 0
92019 0
92234 0
92412 0
92579 0
92635 0
92867 0
93155 0
93165 0
93460 0
93550 0
93559 0
93816 0
93824 0
93996 0
94099 0
94239 0
94292 0
94387 0
94392 0
94479 0
94498 0
94558 0
94564 0
94663 0
94805 0
94892 0
94927 0
94985 0
95056 0
95105 0
95243 0
95465 0
95800 0
95905 0
96030 0
96404 0
96521 0
96574 0
96581 0
96776 0
96777 0
96936 0
97145 0
97182 0
97410 0
97494 0
97681 0
97744 0
98049 0
98147 0
98151 0
98258 0
98470 0
98586 0
98599 0
98661 0
98711 0
98745 0
98798 0
98964 0
99097 0
99109 0
99196 0
99237 0
99250 0
99368 0
99413 0
99485 0
99634 0
99637 0
99671 0
99897 0
