c This is a uniform distributed  1-D DIMACS file 
c width height point_number
p 100000 100000 1024
52 0
110 0
194 0
195 0
229 0
263 0
267 0
275 0
280 0
538 0
576 0
676 0
1010 0
1078 0
1113 0
1300 0
1318 0
1335 0
1404 0
1473 0
1477 0
1541 0
1745 0
1866 0
2062 0
2160 0
2243 0
2294 0
2386 0
2418 0
2422 0
2466 0
2484 0
2502 0
2584 0
2873 0
3060 0
3297 0
3363 0
3372 0
3408 0
3621 0
3769 0
3804 0
3842 0
3967 0
4002 0
4238 0
4246 0
4312 0
4337 0
4521 0
4631 0
4902 0
4941 0
5404 0
5409 0
5490 0
5498 0
5621 0
5645 0
5727 0
5747 0
5761 0
5812 0
5916 0
6155 0
6168 0
6198 0
6269 0
6341 0
6412 0
6440 0
6446 0
6504 0
6611 0
6782 0
6786 0
6812 0
6829 0
7077 0
7188 0
7377 0
7400 0
7478 0
7493 0
7607 0
7756 0
7816 0
7873 0
7921 0
7996 0
8095 0
8326 0
8801 0
8803 0
8832 0
8889 0
8933 0
9051 0
9102 0
9115 0
9172 0
9293 0
9411 0
9427 0
9619 0
9657 0
9663 0
9698 0
10040 0
10075 0
10114 0
10163 0
10448 0
10556 0
10560 0
10607 0
10833 0
10866 0
10893 0
10925 0
10985 0
11000 0
11028 0
11033 0
11042 0
11097 0
11100 0
11162 0
11255 0
11717 0
11748 0
11840 0
11870 0
11906 0
11952 0
11958 0
12074 0
12138 0
12206 0
12313 0
12420 0
12475 0
12574 0
12601 0
12727 0
12738 0
12755 0
12811 0
12930 0
12949 0
12998 0
13091 0
13109 0
13200 0
13209 0
13221 0
13231 0
13603 0
13604 0
13701 0
14154 0
14157 0
14241 0
14284 0
14354 0
14602 0
14674 0
14739 0
15056 0
15290 0
15353 0
15420 0
15551 0
15575 0
15613 0
15625 0
15852 0
15899 0
15905 0
16093 0
16210 0
16323 0
16431 0
16442 0
16443 0
16709 0
16771 0
17014 0
17257 0
17315 0
17396 0
17398 0
17505 0
17700 0
17840 0
17867 0
18015 0
18055 0
18094 0
18298 0
18388 0
18407 0
18462 0
18552 0
18578 0
18612 0
18680 0
18697 0
18706 0
18715 0
18732 0
18862 0
18914 0
19060 0
19107 0
19253 0
19266 0
19367 0
19476 0
19513 0
19548 0
19611 0
19756 0
19773 0
19907 0
19937 0
19997 0
20067 0
20270 0
20430 0
20531 0
20585 0
20590 0
20621 0
20640 0
20749 0
20893 0
21221 0
21229 0
21261 0
21298 0
21372 0
21503 0
21548 0
21585 0
21896 0
21909 0
21914 0
22032 0
22271 0
22524 0
22538 0
22711 0
22736 0
22748 0
23096 0
23204 0
23282 0
23307 0
23376 0
23377 0
23412 0
23582 0
23692 0
23729 0
24441 0
24684 0
24829 0
25119 0
25142 0
25183 0
25192 0
25209 0
25252 0
25282 0
25379 0
25513 0
25611 0
25820 0
25976 0
26038 0
26310 0
26387 0
26435 0
26489 0
26578 0
26651 0
26687 0
26700 0
26740 0
26847 0
26860 0
26915 0
27019 0
27198 0
27297 0
27304 0
27330 0
27444 0
27558 0
27642 0
27655 0
27863 0
28035 0
28176 0
28208 0
28267 0
28357 0
28590 0
28593 0
28750 0
29461 0
29725 0
29807 0
29847 0
30081 0
30100 0
30122 0
30167 0
30213 0
30221 0
30267 0
30311 0
30373 0
30384 0
30394 0
30413 0
30558 0
30613 0
30618 0
30675 0
31114 0
31146 0
31240 0
31255 0
31300 0
31402 0
31407 0
31415 0
31459 0
31488 0
31683 0
31825 0
31830 0
31843 0
31872 0
31975 0
32040 0
32531 0
32592 0
32606 0
32857 0
32907 0
32918 0
33094 0
33130 0
33190 0
33206 0
33308 0
33455 0
33616 0
33641 0
33742 0
33763 0
33765 0
34057 0
34410 0
34474 0
34520 0
34678 0
34746 0
34824 0
34969 0
35044 0
35199 0
35293 0
35322 0
35399 0
35455 0
35486 0
35586 0
35622 0
35675 0
35779 0
35822 0
35862 0
35866 0
35911 0
35988 0
36011 0
36054 0
36164 0
36174 0
36220 0
36236 0
36334 0
36565 0
36641 0
36700 0
36909 0
37207 0
37256 0
37275 0
37360 0
37592 0
37602 0
37849 0
37859 0
37964 0
38117 0
38448 0
38451 0
38584 0
38607 0
38905 0
39001 0
39011 0
39043 0
39084 0
39168 0
39193 0
39489 0
39784 0
39923 0
39954 0
39956 0
40011 0
40067 0
40206 0
40302 0
40411 0
40424 0
40645 0
40675 0
40994 0
41074 0
41218 0
41307 0
41602 0
41613 0
41926 0
41932 0
41967 0
42082 0
42269 0
42325 0
42380 0
42441 0
42718 0
42799 0
42829 0
43159 0
43358 0
43359 0
44074 0
44102 0
44309 0
44356 0
44498 0
44611 0
44616 0
44878 0
44959 0
44991 0
45235 0
45279 0
45394 0
45563 0
45599 0
45631 0
45712 0
45763 0
45766 0
45833 0
45856 0
45875 0
45919 0
45944 0
46010 0
46041 0
46072 0
46133 0
46136 0
46156 0
46333 0
46366 0
46372 0
46452 0
46585 0
46593 0
46727 0
47094 0
47258 0
47444 0
47775 0
47828 0
47973 0
48048 0
48072 0
48281 0
48297 0
48341 0
48465 0
48586 0
48672 0
48743 0
48863 0
48961 0
49123 0
49202 0
49212 0
49290 0
49449 0
49567 0
49570 0
49683 0
49854 0
49859 0
50394 0
50517 0
50525 0
50580 0
50747 0
50763 0
50806 0
50869 0
50974 0
51028 0
51115 0
51173 0
51263 0
51326 0
51446 0
51552 0
51593 0
51647 0
52189 0
52220 0
52352 0
52447 0
52551 0
52663 0
52697 0
52715 0
52863 0
52882 0
53197 0
53297 0
53435 0
53492 0
53643 0
53799 0
53812 0
54054 0
54120 0
54172 0
54191 0
54461 0
54472 0
54530 0
54626 0
54814 0
54854 0
54856 0
54907 0
54918 0
54943 0
54966 0
55300 0
55315 0
55396 0
55531 0
55535 0
55675 0
55689 0
55756 0
56039 0
56111 0
56187 0
56226 0
56233 0
56378 0
56493 0
56531 0
56684 0
56777 0
56780 0
57152 0
57198 0
57223 0
57228 0
57247 0
57267 0
57282 0
57394 0
57467 0
57484 0
57833 0
57854 0
57882 0
57889 0
57919 0
57984 0
58035 0
58067 0
58112 0
58163 0
58326 0
58637 0
58737 0
58941 0
59017 0
59096 0
59146 0
59155 0
59158 0
59218 0
59451 0
59488 0
59619 0
59696 0
59733 0
60060 0
60146 0
60258 0
60621 0
60624 0
60635 0
60657 0
60716 0
60892 0
61064 0
61181 0
61189 0
61337 0
61465 0
61497 0
61516 0
61634 0
61657 0
61734 0
61906 0
61922 0
62165 0
62293 0
62315 0
62457 0
62541 0
62779 0
62862 0
62936 0
63002 0
63150 0
63207 0
63298 0
63323 0
63440 0
63451 0
63551 0
63584 0
63669 0
63762 0
63808 0
64086 0
64197 0
64579 0
64662 0
64858 0
64956 0
65081 0
65129 0
65174 0
65315 0
65350 0
65454 0
65670 0
65781 0
65784 0
65802 0
66073 0
66082 0
66083 0
66126 0
66176 0
66177 0
66330 0
66338 0
66450 0
66508 0
66509 0
66524 0
66648 0
66728 0
66734 0
66760 0
66878 0
66880 0
67369 0
67614 0
67695 0
67867 0
67907 0
67936 0
67973 0
68007 0
68026 0
68240 0
68275 0
68341 0
68364 0
68550 0
68557 0
68630 0
68802 0
69028 0
69220 0
69259 0
69430 0
69490 0
69827 0
69860 0
69892 0
70034 0
70217 0
70226 0
70287 0
70311 0
70375 0
70483 0
70588 0
70611 0
70616 0
70675 0
70734 0
70878 0
70944 0
71060 0
71136 0
71562 0
71753 0
71763 0
71819 0
71875 0
71930 0
71937 0
72112 0
72208 0
72240 0
72280 0
72305 0
72352 0
72445 0
72484 0
72648 0
72759 0
72900 0
72902 0
72974 0
73180 0
73487 0
73541 0
73586 0
73659 0
73937 0
74038 0
74084 0
74195 0
74232 0
74522 0
74859 0
75076 0
75123 0
75145 0
75391 0
75441 0
75476 0
75523 0
75749 0
75773 0
75838 0
75907 0
76163 0
76229 0
76283 0
76322 0
76375 0
76397 0
76418 0
76424 0
76482 0
76703 0
76818 0
76832 0
76937 0
76939 0
77017 0
77071 0
77091 0
77137 0
77171 0
77255 0
77496 0
77582 0
77588 0
77683 0
77701 0
77750 0
77774 0
77838 0
77917 0
77963 0
78002 0
78010 0
78056 0
78122 0
78154 0
78254 0
78379 0
78478 0
78649 0
78703 0
78969 0
79004 0
79107 0
79637 0
79775 0
79984 0
80132 0
80153 0
80179 0
80348 0
80372 0
80449 0
80492 0
80991 0
81272 0
81290 0
81566 0
81608 0
81619 0
81725 0
81833 0
81864 0
81881 0
81888 0
81987 0
82028 0
82037 0
82269 0
82323 0
82416 0
82443 0
82464 0
82584 0
82668 0
82784 0
82914 0
82915 0
82932 0
82934 0
83088 0
83549 0
83674 0
83839 0
83927 0
83996 0
84077 0
84121 0
84166 0
84300 0
84321 0
84331 0
84700 0
84726 0
84785 0
84790 0
84791 0
84873 0
84970 0
85004 0
85077 0
85106 0
85188 0
85342 0
85364 0
85496 0
85548 0
85655 0
85658 0
85660 0
85690 0
85803 0
86072 0
86115 0
86219 0
86339 0
86453 0
86618 0
86725 0
86766 0
86774 0
87120 0
87143 0
87327 0
87425 0
87560 0
87597 0
87801 0
87857 0
87893 0
88059 0
88164 0
88173 0
88237 0
88410 0
88799 0
88966 0
89104 0
89205 0
89411 0
89457 0
89466 0
89481 0
89487 0
89510 0
89775 0
89844 0
90013 0
90098 0
90108 0
90212 0
90353 0
90413 0
90442 0
90907 0
91009 0
91018 0
91049 0
91088 0
91093 0
91264 0
91265 0
91468 0
91494 0
91546 0
91769 0
91818 0
91819 0
91845 0
92077 0
92082 0
92123 0
92225 0
92731 0
92732 0
92733 0
92956 0
93120 0
93131 0
93230 0
93537 0
93721 0
93747 0
93845 0
93880 0
93881 0
94048 0
94056 0
94131 0
94232 0
94249 0
94394 0
94509 0
94510 0
94634 0
95347 0
95399 0
95486 0
95504 0
95627 0
95847 0
96047 0
96202 0
96203 0
96260 0
96321 0
96669 0
96720 0
96739 0
96865 0
96931 0
96984 0
97087 0
97096 0
97246 0
97629 0
97727 0
97881 0
97976 0
97997 0
98140 0
98154 0
98230 0
98291 0
98341 0
98434 0
98709 0
98732 0
98838 0
98865 0
98964 0
98996 0
99009 0
99102 0
99107 0
99258 0
99264 0
99541 0
99633 0
99779 0
99868 0
99941 0
