c This is a uniform distributed  1-D DIMACS file 
c width height point_number
p 100000 100000 1024
212 0
426 0
491 0
624 0
658 0
820 0
875 0
882 0
925 0
961 0
976 0
993 0
997 0
1078 0
1082 0
1093 0
1300 0
1338 0
1464 0
1729 0
1803 0
1810 0
1960 0
2010 0
2332 0
2430 0
2600 0
2605 0
2713 0
2928 0
3095 0
3194 0
3287 0
3352 0
3426 0
3539 0
3711 0
3802 0
4111 0
4136 0
4153 0
4154 0
4228 0
4238 0
4290 0
4405 0
4497 0
4512 0
4562 0
4600 0
4609 0
4679 0
4757 0
4985 0
5154 0
5216 0
5338 0
5542 0
5598 0
5776 0
5828 0
5876 0
5967 0
5990 0
6085 0
6108 0
6162 0
6220 0
6375 0
6451 0
6468 0
6534 0
6560 0
6608 0
6615 0
6884 0
6934 0
6971 0
7175 0
7181 0
7184 0
7205 0
7247 0
7359 0
7424 0
7550 0
7579 0
7584 0
7615 0
8017 0
8019 0
8270 0
8488 0
8560 0
8583 0
8874 0
9018 0
9119 0
9154 0
9235 0
9275 0
9332 0
9355 0
9406 0
9415 0
9462 0
9467 0
9579 0
9602 0
9723 0
9785 0
9795 0
9823 0
9915 0
10089 0
10126 0
10165 0
10178 0
10384 0
10396 0
10427 0
10566 0
10677 0
10745 0
10785 0
10848 0
10862 0
10894 0
10999 0
11040 0
11067 0
11192 0
11213 0
11293 0
11437 0
11516 0
11768 0
12217 0
12223 0
12348 0
12629 0
12719 0
12866 0
12882 0
13066 0
13152 0
13257 0
13295 0
13305 0
13409 0
13501 0
13649 0
13674 0
13691 0
13697 0
13788 0
13927 0
14001 0
14100 0
14147 0
14191 0
14433 0
14549 0
14708 0
14715 0
14995 0
15069 0
15231 0
15265 0
15285 0
15362 0
15364 0
15454 0
15632 0
16004 0
16067 0
16122 0
16239 0
16271 0
16486 0
16596 0
16731 0
16943 0
16991 0
17094 0
17363 0
17422 0
17488 0
17506 0
17532 0
17540 0
17564 0
17599 0
17626 0
17675 0
18105 0
18158 0
18165 0
18316 0
18376 0
18425 0
18459 0
18627 0
18705 0
18767 0
18864 0
19001 0
19114 0
19146 0
19156 0
19321 0
19407 0
19502 0
19946 0
19988 0
20099 0
20102 0
20299 0
20446 0
20704 0
20840 0
20900 0
21224 0
21232 0
21252 0
21414 0
21464 0
21489 0
21499 0
21638 0
21657 0
21827 0
22017 0
22109 0
22127 0
22276 0
22638 0
22648 0
22776 0
22819 0
22839 0
22901 0
23546 0
23687 0
23982 0
24141 0
24331 0
24466 0
24478 0
24481 0
24816 0
24919 0
25410 0
25428 0
25473 0
25568 0
25628 0
25671 0
25781 0
25837 0
25851 0
26068 0
26162 0
26212 0
26426 0
26497 0
26600 0
26692 0
26697 0
26824 0
27277 0
27331 0
27461 0
27566 0
27586 0
27707 0
27719 0
27926 0
27947 0
27983 0
28051 0
28442 0
28460 0
28637 0
28771 0
28832 0
28871 0
28956 0
29011 0
29057 0
29150 0
29226 0
29548 0
29563 0
29587 0
29610 0
29668 0
29825 0
29836 0
29844 0
29846 0
29906 0
29989 0
29990 0
30027 0
30092 0
30158 0
30246 0
30448 0
30564 0
30648 0
30776 0
30997 0
31012 0
31237 0
31280 0
31379 0
31407 0
31518 0
31657 0
31726 0
31788 0
32112 0
32166 0
32188 0
32246 0
32443 0
32529 0
32577 0
32588 0
32700 0
32745 0
32829 0
32906 0
32933 0
33160 0
33220 0
33261 0
33427 0
33430 0
33460 0
33532 0
33832 0
33978 0
34140 0
34219 0
34228 0
34245 0
34265 0
34290 0
34364 0
34370 0
34383 0
34521 0
34586 0
34680 0
34888 0
35155 0
35511 0
35520 0
35551 0
35596 0
35649 0
35723 0
35929 0
36245 0
36417 0
36532 0
36534 0
37024 0
37072 0
37123 0
37262 0
37340 0
37398 0
37482 0
37576 0
37990 0
38079 0
38196 0
38221 0
38388 0
38435 0
38484 0
38565 0
38613 0
38832 0
38882 0
39117 0
39207 0
39288 0
39294 0
39321 0
39335 0
39385 0
39416 0
39503 0
39557 0
39596 0
39704 0
39828 0
39939 0
40024 0
40054 0
40243 0
40384 0
40493 0
40499 0
40525 0
40556 0
40616 0
40657 0
40687 0
40701 0
40833 0
40888 0
40896 0
40916 0
40925 0
40949 0
40987 0
41022 0
41031 0
41082 0
41134 0
41182 0
41644 0
41774 0
41853 0
41923 0
42209 0
42287 0
42485 0
42651 0
42909 0
42932 0
43001 0
43111 0
43178 0
43329 0
43529 0
43678 0
43943 0
43979 0
44117 0
44180 0
44219 0
44222 0
44455 0
44495 0
44505 0
44609 0
44714 0
44728 0
44975 0
45013 0
45136 0
45244 0
45703 0
45734 0
46117 0
46183 0
46198 0
46321 0
46513 0
46602 0
46616 0
46677 0
46696 0
46812 0
46890 0
47259 0
47374 0
47400 0
47406 0
47422 0
47482 0
47507 0
47894 0
48007 0
48092 0
48114 0
48126 0
48170 0
48198 0
48290 0
48418 0
48463 0
48491 0
48610 0
48713 0
48734 0
48845 0
49047 0
49082 0
49145 0
49300 0
49660 0
49960 0
49997 0
50003 0
50052 0
50079 0
50089 0
50133 0
50142 0
50203 0
50310 0
50351 0
50410 0
50465 0
50477 0
50486 0
50570 0
50582 0
50629 0
50712 0
50764 0
51003 0
51103 0
51307 0
51326 0
51401 0
51459 0
51482 0
51535 0
51638 0
51767 0
51905 0
52123 0
52143 0
52168 0
52295 0
52370 0
52399 0
52444 0
52481 0
52492 0
52519 0
52889 0
52891 0
52963 0
53540 0
53574 0
53601 0
53663 0
53698 0
53767 0
53813 0
53936 0
54060 0
54084 0
54118 0
54202 0
54253 0
54367 0
54386 0
54591 0
54707 0
54718 0
54811 0
54948 0
54989 0
54994 0
55110 0
55226 0
55281 0
55367 0
55392 0
55415 0
55419 0
55485 0
55706 0
55814 0
55927 0
55952 0
56024 0
56150 0
56226 0
56277 0
56370 0
56431 0
56739 0
56816 0
56900 0
56924 0
56938 0
57018 0
57064 0
57118 0
57155 0
57396 0
57481 0
57522 0
57544 0
57635 0
57785 0
58030 0
58085 0
58163 0
58328 0
58519 0
58584 0
58866 0
58901 0
58991 0
59001 0
59031 0
59105 0
59122 0
59155 0
59196 0
59216 0
59359 0
59586 0
59606 0
59818 0
59841 0
59974 0
59990 0
60122 0
60253 0
60270 0
60327 0
60365 0
60580 0
60643 0
60726 0
60889 0
61178 0
61228 0
61233 0
61241 0
61357 0
61514 0
61573 0
61752 0
61863 0
62014 0
62021 0
62236 0
62436 0
62763 0
62868 0
63101 0
63186 0
63253 0
63275 0
63388 0
63409 0
63597 0
63626 0
63730 0
63796 0
63899 0
63908 0
64162 0
64290 0
64468 0
64471 0
64526 0
64697 0
64706 0
64826 0
64912 0
64917 0
64929 0
65032 0
65058 0
65156 0
65486 0
65594 0
65826 0
65857 0
65952 0
66061 0
66084 0
66127 0
66263 0
66267 0
66286 0
66486 0
66541 0
66969 0
66971 0
67032 0
67033 0
67048 0
67069 0
67261 0
67273 0
67291 0
67333 0
67335 0
67416 0
67434 0
67460 0
67498 0
67516 0
67838 0
67843 0
67854 0
68012 0
68260 0
68325 0
68379 0
68385 0
68530 0
68588 0
68687 0
68850 0
68879 0
68880 0
68904 0
69000 0
69058 0
69138 0
69362 0
69547 0
69565 0
69622 0
69694 0
69833 0
69976 0
70119 0
70223 0
70268 0
70565 0
70604 0
70655 0
70719 0
70766 0
70771 0
70902 0
70906 0
70916 0
70949 0
70968 0
71104 0
71196 0
71216 0
71400 0
71468 0
71590 0
71837 0
71852 0
71949 0
72069 0
72084 0
72130 0
72172 0
72351 0
72504 0
72673 0
72748 0
72757 0
72811 0
73286 0
73304 0
73352 0
73378 0
73494 0
73552 0
73766 0
73877 0
73902 0
73940 0
73988 0
74052 0
74077 0
74396 0
74399 0
74496 0
74533 0
74591 0
74860 0
75203 0
75527 0
75598 0
75770 0
75839 0
75841 0
75905 0
75947 0
75953 0
75975 0
75986 0
76145 0
76207 0
76328 0
76339 0
76424 0
76444 0
76912 0
76923 0
76933 0
76943 0
76994 0
77097 0
77099 0
77101 0
77410 0
77508 0
77649 0
77825 0
77910 0
77974 0
78022 0
78236 0
78347 0
78370 0
78549 0
78826 0
78889 0
78921 0
78944 0
79000 0
79166 0
79202 0
79313 0
79321 0
79490 0
79557 0
79726 0
79801 0
79936 0
79994 0
80035 0
80080 0
80196 0
80293 0
80314 0
80522 0
80623 0
80698 0
80792 0
81159 0
81333 0
81490 0
81504 0
81618 0
81687 0
81788 0
81832 0
81941 0
82016 0
82072 0
82195 0
82309 0
82524 0
82620 0
82622 0
83028 0
83110 0
83134 0
83285 0
83291 0
83496 0
83504 0
83731 0
83804 0
83822 0
83825 0
83900 0
83924 0
83970 0
84283 0
84293 0
84401 0
84426 0
84569 0
84731 0
85197 0
85292 0
85344 0
85424 0
85425 0
85804 0
85920 0
86008 0
86235 0
86268 0
86337 0
86385 0
86418 0
86528 0
86633 0
86814 0
87312 0
87345 0
87350 0
87398 0
87586 0
87617 0
87647 0
87656 0
87799 0
87950 0
88016 0
88046 0
88139 0
88406 0
88517 0
88677 0
88747 0
88777 0
88797 0
88986 0
89131 0
89256 0
89260 0
89512 0
89525 0
89614 0
89633 0
89681 0
89791 0
90014 0
90035 0
90061 0
90205 0
90241 0
90320 0
90447 0
90726 0
90741 0
90758 0
90789 0
91108 0
91110 0
91152 0
91193 0
91426 0
91576 0
91724 0
91817 0
91841 0
91974 0
91990 0
92208 0
92229 0
92231 0
92366 0
92480 0
92600 0
92723 0
92744 0
92762 0
93151 0
93259 0
93310 0
93421 0
93447 0
93465 0
93512 0
93557 0
93777 0
93980 0
94009 0
94053 0
94116 0
94382 0
94411 0
94550 0
94566 0
94587 0
94647 0
94695 0
95031 0
95035 0
95339 0
95545 0
95581 0
95740 0
95797 0
96106 0
96114 0
96124 0
96146 0
96180 0
96212 0
96283 0
96314 0
96346 0
96397 0
96401 0
96592 0
96607 0
96644 0
96685 0
96919 0
97055 0
97066 0
97072 0
97194 0
97208 0
97281 0
97512 0
97559 0
97590 0
97618 0
97657 0
97789 0
97824 0
97879 0
97991 0
98023 0
98141 0
98223 0
98568 0
98676 0
98777 0
98783 0
99078 0
99199 0
99223 0
99404 0
99482 0
99494 0
99620 0
99659 0
99661 0
99722 0
99857 0
