c This is a uniform distributed  1-D DIMACS file 
c width height point_number
p 100000 100000 1024
95 0
411 0
451 0
525 0
582 0
630 0
1282 0
1303 0
1526 0
1688 0
1699 0
1827 0
1873 0
2128 0
2181 0
2210 0
2220 0
2436 0
2519 0
2559 0
2616 0
2667 0
2708 0
2742 0
2744 0
2777 0
2794 0
2855 0
3006 0
3041 0
3146 0
3152 0
3186 0
3215 0
3344 0
3388 0
3390 0
3406 0
4068 0
4372 0
4479 0
4518 0
4658 0
4805 0
4890 0
4924 0
4929 0
5147 0
5291 0
5306 0
5335 0
5576 0
5590 0
5802 0
5824 0
6049 0
6135 0
6426 0
6671 0
6897 0
6914 0
7104 0
7106 0
7267 0
7365 0
7451 0
7589 0
7609 0
7633 0
7810 0
7816 0
7940 0
7990 0
8038 0
8087 0
8129 0
8160 0
8176 0
8290 0
8306 0
8382 0
8417 0
8559 0
8585 0
8767 0
8824 0
8956 0
9035 0
9039 0
9097 0
9298 0
9366 0
9415 0
9471 0
9500 0
9507 0
9550 0
9580 0
9641 0
9643 0
9899 0
9928 0
10127 0
10245 0
10292 0
10638 0
10672 0
10693 0
10696 0
10806 0
10841 0
10912 0
11682 0
11890 0
11901 0
11967 0
11991 0
12026 0
12081 0
12115 0
12146 0
12214 0
12270 0
12336 0
12340 0
12448 0
12578 0
12583 0
12634 0
12685 0
12783 0
12794 0
12963 0
13017 0
13104 0
13154 0
13176 0
13241 0
13485 0
13755 0
13881 0
13931 0
13964 0
14080 0
14092 0
14394 0
14483 0
14527 0
14690 0
14894 0
15010 0
15125 0
15157 0
15174 0
15305 0
15352 0
15382 0
15389 0
15451 0
15549 0
15704 0
15712 0
15737 0
15816 0
15817 0
15946 0
16001 0
16097 0
16163 0
16170 0
16671 0
16845 0
16942 0
17167 0
17283 0
17435 0
17491 0
17716 0
17760 0
17813 0
18131 0
18168 0
18245 0
18255 0
18406 0
18429 0
18437 0
18478 0
18656 0
18812 0
18887 0
18975 0
19055 0
19065 0
19201 0
19245 0
19284 0
19383 0
19518 0
19559 0
19744 0
19791 0
19966 0
20015 0
20068 0
20130 0
20238 0
20320 0
20397 0
20744 0
20785 0
20977 0
21014 0
21292 0
21304 0
21404 0
21430 0
21506 0
21619 0
22485 0
22717 0
22726 0
22778 0
23150 0
23193 0
23358 0
23450 0
23549 0
23683 0
23736 0
23905 0
23969 0
24001 0
24087 0
24180 0
24327 0
24412 0
24441 0
24476 0
24489 0
24578 0
24630 0
24650 0
24760 0
24766 0
24785 0
24997 0
25050 0
25297 0
25302 0
25423 0
25603 0
25730 0
25739 0
26041 0
26194 0
26271 0
26421 0
26425 0
26462 0
26522 0
26555 0
26602 0
26633 0
26846 0
26866 0
26975 0
27028 0
27092 0
27234 0
27336 0
27402 0
27648 0
27811 0
27882 0
27938 0
28137 0
28145 0
28329 0
28417 0
28428 0
28429 0
28613 0
28614 0
28752 0
28762 0
28860 0
28907 0
29063 0
29090 0
29155 0
29341 0
29420 0
29517 0
29723 0
29795 0
29911 0
30033 0
30064 0
30311 0
30405 0
30431 0
30486 0
30511 0
30556 0
30642 0
30728 0
30967 0
30998 0
31308 0
31486 0
31583 0
31745 0
31785 0
31918 0
32104 0
32140 0
32207 0
32362 0
32419 0
32495 0
32615 0
32623 0
32677 0
32696 0
33077 0
33122 0
33169 0
33243 0
33293 0
33337 0
33708 0
33783 0
33839 0
33926 0
33949 0
33978 0
34063 0
34084 0
34123 0
34190 0
34236 0
34616 0
34698 0
34735 0
34747 0
34788 0
34810 0
34872 0
34998 0
35114 0
35177 0
35408 0
35623 0
35792 0
35846 0
35857 0
35931 0
35948 0
36014 0
36134 0
36218 0
36335 0
36342 0
36393 0
36445 0
36552 0
36726 0
36882 0
36999 0
37027 0
37058 0
37157 0
37388 0
37428 0
37448 0
37526 0
37545 0
37605 0
37617 0
37721 0
37775 0
37907 0
38080 0
38142 0
38144 0
38156 0
38183 0
38193 0
38208 0
38289 0
38489 0
38582 0
38615 0
38810 0
38818 0
38821 0
38852 0
39004 0
39032 0
39142 0
39143 0
39198 0
39250 0
39511 0
39625 0
39649 0
39702 0
39895 0
39982 0
40029 0
40052 0
40073 0
40152 0
40250 0
40500 0
40637 0
40676 0
40683 0
40962 0
41220 0
41261 0
41324 0
41335 0
41430 0
41486 0
41571 0
41752 0
41772 0
41821 0
41823 0
41868 0
41880 0
41950 0
42002 0
42019 0
42057 0
42109 0
42151 0
42230 0
42300 0
42376 0
42666 0
42712 0
42902 0
42967 0
43098 0
43134 0
43143 0
43211 0
43237 0
43285 0
43291 0
43315 0
43326 0
43344 0
43501 0
43697 0
43749 0
43757 0
43813 0
43828 0
44127 0
44157 0
44332 0
44404 0
44425 0
44535 0
44615 0
44711 0
44850 0
44937 0
45037 0
45141 0
45163 0
45178 0
45202 0
45212 0
45241 0
45258 0
45417 0
45509 0
45528 0
45559 0
45691 0
45771 0
45827 0
45877 0
46149 0
46429 0
46574 0
46651 0
46714 0
46756 0
46769 0
47066 0
47444 0
47574 0
47580 0
47658 0
47875 0
48339 0
48403 0
48449 0
48515 0
48578 0
48675 0
48826 0
48838 0
48877 0
48969 0
49048 0
49151 0
49392 0
49584 0
50162 0
50183 0
50227 0
50300 0
50606 0
50872 0
50886 0
50913 0
50957 0
51162 0
51164 0
51193 0
51206 0
51223 0
51280 0
51389 0
51459 0
51689 0
51922 0
51947 0
52037 0
52135 0
52199 0
52260 0
52282 0
52469 0
52513 0
52538 0
52589 0
52601 0
52612 0
52629 0
52715 0
52875 0
52888 0
52908 0
53118 0
53587 0
53663 0
53738 0
54148 0
54268 0
54396 0
54410 0
54537 0
54655 0
54666 0
54670 0
54877 0
54890 0
54939 0
54998 0
55076 0
55270 0
55328 0
55384 0
55499 0
55502 0
55663 0
55787 0
55804 0
55848 0
55952 0
56008 0
56022 0
56041 0
56259 0
56314 0
56413 0
56505 0
56667 0
56717 0
56734 0
56826 0
56895 0
57098 0
57176 0
57250 0
57251 0
57419 0
57447 0
57478 0
57583 0
57785 0
57817 0
57820 0
57939 0
57964 0
58232 0
58416 0
58422 0
58600 0
58675 0
58789 0
58818 0
58870 0
58883 0
58940 0
59008 0
59030 0
59241 0
59293 0
59375 0
59692 0
59778 0
59788 0
59821 0
59828 0
60124 0
60235 0
60281 0
60375 0
60460 0
60475 0
60763 0
60781 0
60889 0
60899 0
61042 0
61149 0
61222 0
61272 0
61341 0
61417 0
61528 0
61843 0
61855 0
61896 0
62054 0
62654 0
62658 0
62715 0
62789 0
62790 0
62952 0
63306 0
63491 0
63494 0
63594 0
63645 0
63708 0
63891 0
63898 0
64064 0
64149 0
64307 0
64476 0
64489 0
64537 0
64641 0
64773 0
64782 0
65075 0
65490 0
65516 0
65654 0
65689 0
65750 0
65795 0
65849 0
65882 0
65928 0
66031 0
66064 0
66082 0
66225 0
66239 0
66304 0
66329 0
66353 0
66419 0
66966 0
66988 0
67022 0
67032 0
67103 0
67159 0
67259 0
67325 0
67359 0
67407 0
67410 0
67499 0
67651 0
67739 0
68091 0
68249 0
68312 0
68663 0
68945 0
69254 0
69352 0
69365 0
69448 0
69639 0
69737 0
69942 0
70021 0
70053 0
70355 0
70523 0
70530 0
70564 0
70699 0
70746 0
70778 0
70880 0
70972 0
70977 0
71253 0
71711 0
71728 0
71738 0
71744 0
71849 0
71861 0
71863 0
71883 0
71889 0
71912 0
72054 0
72058 0
72086 0
72114 0
72340 0
72650 0
72920 0
72932 0
72934 0
73109 0
73143 0
73158 0
73206 0
73409 0
73545 0
73556 0
73599 0
73620 0
73637 0
73657 0
73765 0
73807 0
73836 0
73945 0
73949 0
74053 0
74220 0
74319 0
74532 0
74599 0
74815 0
74913 0
75088 0
75171 0
75248 0
75257 0
75492 0
75532 0
75562 0
75691 0
75724 0
75779 0
75919 0
75957 0
76101 0
76260 0
76308 0
76339 0
76411 0
76525 0
76526 0
76591 0
76739 0
76775 0
76936 0
77016 0
77181 0
77190 0
77562 0
77816 0
78057 0
78212 0
78294 0
78450 0
78609 0
78747 0
78787 0
78789 0
78851 0
79047 0
79125 0
79134 0
79138 0
79178 0
79287 0
79424 0
79457 0
79517 0
79557 0
79627 0
79630 0
80142 0
80199 0
80313 0
80359 0
80385 0
80403 0
80407 0
80500 0
80636 0
80669 0
80706 0
80796 0
80819 0
80823 0
80930 0
81006 0
81181 0
81279 0
81459 0
81492 0
81503 0
81525 0
81551 0
81595 0
81664 0
81679 0
81854 0
82019 0
82026 0
82073 0
82083 0
82327 0
82489 0
82758 0
82768 0
82891 0
83089 0
83127 0
83265 0
83290 0
83432 0
83547 0
83663 0
83773 0
84210 0
84314 0
84375 0
84466 0
84550 0
84707 0
84708 0
84827 0
84856 0
85072 0
85074 0
85115 0
85142 0
85245 0
85366 0
85406 0
85453 0
85458 0
85638 0
85663 0
85668 0
85679 0
85738 0
85752 0
85833 0
85906 0
86120 0
86365 0
86443 0
86526 0
86595 0
86610 0
86752 0
86764 0
86844 0
86845 0
86897 0
87074 0
87149 0
87247 0
87399 0
87524 0
87646 0
87687 0
87767 0
87957 0
88081 0
88157 0
88487 0
88593 0
88650 0
88761 0
88918 0
89065 0
89086 0
89188 0
89193 0
89564 0
89648 0
89724 0
89785 0
89929 0
89942 0
90095 0
90135 0
90279 0
90394 0
90586 0
90670 0
90825 0
90880 0
91209 0
91352 0
91428 0
91502 0
91570 0
91593 0
91796 0
91920 0
91959 0
92024 0
92063 0
92185 0
92235 0
92252 0
92298 0
92327 0
92732 0
92811 0
92865 0
93067 0
93115 0
93133 0
93193 0
93394 0
93413 0
93897 0
94020 0
94070 0
94362 0
94415 0
94629 0
94830 0
94882 0
94966 0
94970 0
95130 0
95165 0
95320 0
95331 0
95454 0
95632 0
95927 0
96008 0
96041 0
96218 0
96265 0
96392 0
96505 0
96510 0
96529 0
96565 0
96741 0
96765 0
96792 0
96809 0
96888 0
96902 0
96903 0
96931 0
96994 0
97187 0
97264 0
97295 0
97352 0
97389 0
97440 0
97480 0
97642 0
97672 0
97778 0
97829 0
97921 0
97965 0
98055 0
98211 0
98279 0
98353 0
98422 0
98427 0
98520 0
98560 0
98618 0
98621 0
98782 0
98890 0
98919 0
99159 0
99376 0
99584 0
99600 0
99839 0
99882 0
99950 0
