c This is a uniform distributed  1-D DIMACS file 
c width height point_number
p 100000 100000 1024
9 0
159 0
366 0
669 0
764 0
918 0
1146 0
1279 0
1285 0
1373 0
1402 0
1450 0
1832 0
1939 0
1985 0
1991 0
2102 0
2259 0
2387 0
2493 0
2533 0
2549 0
2575 0
2706 0
2945 0
3027 0
3028 0
3109 0
3207 0
3378 0
3484 0
3522 0
3533 0
3574 0
3858 0
4035 0
4129 0
4134 0
4265 0
4373 0
4385 0
4667 0
4675 0
4689 0
4876 0
4880 0
4938 0
5034 0
5286 0
5327 0
5481 0
5505 0
5581 0
5639 0
5647 0
5921 0
5925 0
6044 0
6045 0
6056 0
6226 0
6599 0
6806 0
7193 0
7194 0
7352 0
7545 0
7546 0
7662 0
7723 0
7993 0
8094 0
8179 0
8202 0
8346 0
8439 0
8446 0
8600 0
8691 0
8938 0
9004 0
9079 0
9109 0
9135 0
9232 0
9478 0
9490 0
9546 0
9625 0
9650 0
9913 0
9925 0
10003 0
10018 0
10029 0
10092 0
10236 0
10499 0
10560 0
10640 0
10755 0
10784 0
11003 0
11089 0
11196 0
11224 0
11335 0
11336 0
11381 0
11499 0
11526 0
11612 0
11650 0
11760 0
11983 0
12021 0
12063 0
12349 0
12364 0
12367 0
12384 0
12389 0
12462 0
12509 0
12814 0
12890 0
12995 0
13102 0
13107 0
13215 0
13360 0
13488 0
13516 0
13661 0
13669 0
13771 0
13913 0
14043 0
14233 0
14323 0
14451 0
14794 0
14843 0
14929 0
14939 0
14956 0
15025 0
15230 0
15376 0
15448 0
15456 0
15589 0
15634 0
15643 0
15665 0
15678 0
15808 0
15886 0
15964 0
16149 0
16189 0
16367 0
16454 0
16496 0
16608 0
16623 0
16671 0
16952 0
17309 0
17365 0
17665 0
17782 0
17866 0
18061 0
18100 0
18116 0
18222 0
18227 0
18451 0
18453 0
18577 0
18781 0
18895 0
19011 0
19046 0
19080 0
19114 0
19198 0
19201 0
19256 0
19311 0
19333 0
19341 0
19397 0
19405 0
19690 0
19747 0
19819 0
19923 0
19967 0
20038 0
20099 0
20105 0
20159 0
20328 0
20335 0
20342 0
20643 0
20723 0
20734 0
21019 0
21146 0
21198 0
21328 0
21474 0
21745 0
21886 0
22118 0
22139 0
22140 0
22145 0
22321 0
22413 0
22418 0
22561 0
22570 0
22664 0
22682 0
22788 0
23049 0
23076 0
23176 0
23178 0
23213 0
23219 0
23303 0
23351 0
23365 0
23521 0
23581 0
23588 0
23881 0
23951 0
24118 0
24140 0
24205 0
24215 0
24288 0
24339 0
24512 0
24529 0
24637 0
24775 0
24820 0
24822 0
25041 0
25152 0
25174 0
25330 0
25364 0
25386 0
25585 0
25636 0
25638 0
25672 0
25816 0
26094 0
26098 0
26106 0
26325 0
26359 0
26366 0
26400 0
26422 0
26505 0
26533 0
26554 0
26586 0
26850 0
26902 0
27059 0
27192 0
27463 0
27516 0
27607 0
27753 0
27799 0
27840 0
28005 0
28070 0
28168 0
28180 0
28182 0
28379 0
28487 0
28540 0
28756 0
28842 0
28854 0
28922 0
29090 0
29326 0
29427 0
29580 0
29751 0
29778 0
29816 0
30024 0
30096 0
30124 0
30201 0
30234 0
30299 0
30311 0
30676 0
31014 0
31150 0
31250 0
31369 0
31405 0
31445 0
31452 0
31769 0
31799 0
31811 0
31897 0
31920 0
32144 0
32186 0
32219 0
32234 0
32281 0
32633 0
32710 0
32785 0
32908 0
33190 0
33216 0
33721 0
33776 0
33788 0
33822 0
33862 0
33914 0
33939 0
33970 0
34002 0
34008 0
34019 0
34135 0
34539 0
34547 0
34638 0
34770 0
34803 0
34937 0
35068 0
35205 0
35251 0
35268 0
35356 0
35376 0
35523 0
35638 0
35690 0
36002 0
36085 0
36154 0
36252 0
36380 0
36577 0
36730 0
36837 0
36845 0
36936 0
36976 0
37034 0
37179 0
37441 0
37516 0
37650 0
37663 0
37676 0
37859 0
37953 0
38172 0
38278 0
38415 0
38557 0
38619 0
39070 0
39374 0
39454 0
39706 0
39778 0
39779 0
39934 0
40148 0
40364 0
40381 0
40392 0
40397 0
40604 0
40885 0
40960 0
41165 0
41358 0
41418 0
41437 0
41667 0
41740 0
41802 0
42155 0
42160 0
42249 0
42336 0
42375 0
42407 0
42539 0
42582 0
42832 0
42908 0
43017 0
43103 0
43130 0
43149 0
43305 0
43390 0
43504 0
43510 0
43562 0
43635 0
43645 0
43667 0
43720 0
43852 0
43970 0
44138 0
44197 0
44247 0
44268 0
44281 0
44661 0
44750 0
44892 0
45015 0
45077 0
45281 0
45567 0
45653 0
45724 0
45753 0
45758 0
45846 0
45900 0
46098 0
46211 0
46251 0
46499 0
46525 0
46576 0
46656 0
46665 0
46676 0
46723 0
46899 0
46922 0
46936 0
46983 0
47025 0
47653 0
47810 0
47898 0
47960 0
48102 0
48121 0
48182 0
48209 0
48232 0
48330 0
48336 0
48368 0
48492 0
48495 0
48566 0
48593 0
48620 0
48671 0
48779 0
48871 0
48881 0
49086 0
49147 0
49315 0
49630 0
49695 0
49992 0
50071 0
50119 0
50417 0
50459 0
50602 0
50673 0
50835 0
50931 0
51052 0
51091 0
51102 0
51121 0
51124 0
51145 0
51175 0
51251 0
51540 0
51635 0
51730 0
51755 0
51840 0
52133 0
52470 0
52647 0
52823 0
52889 0
53164 0
53271 0
53385 0
53449 0
53460 0
53529 0
53533 0
53546 0
53685 0
54003 0
54028 0
54031 0
54069 0
54134 0
54296 0
54617 0
54727 0
54879 0
55169 0
55224 0
55354 0
55395 0
55463 0
55595 0
55652 0
55663 0
55681 0
55704 0
55710 0
56058 0
56062 0
56185 0
56244 0
56340 0
56663 0
56686 0
56768 0
56802 0
56868 0
56898 0
57041 0
57156 0
57213 0
57233 0
57340 0
57374 0
57452 0
57558 0
57579 0
57655 0
57666 0
57723 0
57760 0
57848 0
57854 0
57860 0
58149 0
58229 0
58445 0
58465 0
58613 0
58823 0
59039 0
59099 0
59105 0
59198 0
59207 0
59248 0
59283 0
59544 0
59668 0
59849 0
59948 0
60114 0
60132 0
60487 0
60541 0
60727 0
60785 0
60854 0
60865 0
60976 0
60977 0
61051 0
61057 0
61095 0
61102 0
61107 0
61247 0
61343 0
61356 0
61438 0
61487 0
61602 0
61702 0
61941 0
62848 0
62851 0
62869 0
62884 0
63111 0
63148 0
63231 0
63270 0
63293 0
63349 0
63417 0
63637 0
63730 0
63776 0
63793 0
63827 0
63973 0
64041 0
64123 0
64233 0
64472 0
64560 0
64618 0
64791 0
64822 0
65068 0
65267 0
65282 0
65349 0
65429 0
65449 0
65473 0
65558 0
65752 0
65825 0
65886 0
65892 0
65936 0
65964 0
66149 0
66181 0
66196 0
66253 0
66316 0
66559 0
66624 0
66690 0
66803 0
66837 0
66970 0
67180 0
67330 0
67353 0
67426 0
67700 0
67778 0
67794 0
68065 0
68077 0
68141 0
68306 0
68388 0
68420 0
68458 0
68510 0
68726 0
68836 0
68854 0
68865 0
68985 0
69019 0
69096 0
69179 0
69399 0
69499 0
69522 0
69626 0
69639 0
69653 0
69657 0
69710 0
69748 0
69829 0
69850 0
69999 0
70189 0
70215 0
70343 0
70485 0
70610 0
70701 0
70799 0
70817 0
70821 0
70884 0
70933 0
70968 0
71008 0
71087 0
71143 0
71279 0
71548 0
71627 0
71846 0
71913 0
71984 0
72005 0
72014 0
72022 0
72270 0
72355 0
72469 0
72545 0
72729 0
72803 0
72983 0
73043 0
73180 0
73252 0
73338 0
73351 0
73369 0
73410 0
73477 0
73660 0
73711 0
73735 0
73851 0
73891 0
73938 0
73972 0
74763 0
74792 0
74794 0
75122 0
75135 0
75151 0
75178 0
75191 0
75249 0
75410 0
75556 0
75577 0
75583 0
75897 0
75900 0
75980 0
76291 0
76311 0
76535 0
76559 0
76759 0
76762 0
76825 0
76917 0
77000 0
77055 0
77208 0
77239 0
77417 0
77453 0
77704 0
77817 0
78055 0
78192 0
78259 0
78412 0
78469 0
78523 0
78549 0
79029 0
79064 0
79080 0
79104 0
79159 0
79426 0
79519 0
79565 0
79588 0
79598 0
79932 0
79946 0
79967 0
80358 0
80475 0
80671 0
80695 0
80725 0
80982 0
81287 0
81293 0
81298 0
81340 0
81532 0
81856 0
81910 0
81990 0
82100 0
82160 0
82425 0
82441 0
82452 0
82459 0
82460 0
82467 0
82519 0
82542 0
82583 0
82684 0
82753 0
82794 0
82869 0
82935 0
82991 0
83027 0
83279 0
83296 0
83312 0
83327 0
83366 0
83791 0
83998 0
84177 0
84257 0
84333 0
84408 0
84431 0
84507 0
84623 0
84663 0
84741 0
84771 0
84783 0
84846 0
84857 0
84924 0
84950 0
85232 0
85302 0
85363 0
85557 0
85790 0
85816 0
85881 0
85980 0
86070 0
86089 0
86270 0
86271 0
86549 0
86642 0
86700 0
86873 0
86877 0
86932 0
87157 0
87175 0
87219 0
87355 0
87465 0
87541 0
87627 0
87774 0
87960 0
87987 0
88038 0
88111 0
88162 0
88180 0
88339 0
88423 0
88473 0
88512 0
88515 0
88524 0
88525 0
88526 0
88582 0
88654 0
88677 0
88830 0
88952 0
89151 0
89154 0
89160 0
89291 0
89306 0
89369 0
89388 0
89461 0
89500 0
89539 0
89638 0
89639 0
89655 0
89693 0
89757 0
89805 0
89936 0
90240 0
90253 0
90329 0
90390 0
90503 0
90563 0
90631 0
90687 0
90794 0
90795 0
91053 0
91081 0
91113 0
91152 0
91237 0
91411 0
91440 0
91534 0
91616 0
91631 0
91796 0
92518 0
92677 0
92773 0
92830 0
93048 0
93098 0
93144 0
93179 0
93282 0
93327 0
93333 0
93351 0
93430 0
93434 0
93833 0
93870 0
93928 0
94383 0
94567 0
94669 0
94826 0
94841 0
94842 0
94909 0
94983 0
94998 0
95007 0
95029 0
95063 0
95073 0
95282 0
95421 0
95445 0
95478 0
95494 0
95516 0
95551 0
95947 0
95969 0
96017 0
96105 0
96208 0
96219 0
96244 0
96262 0
96274 0
96303 0
96341 0
96422 0
96490 0
96565 0
96627 0
96736 0
96850 0
96928 0
97130 0
97300 0
97446 0
97463 0
97514 0
97528 0
97558 0
97882 0
97940 0
97977 0
98083 0
98107 0
98359 0
98418 0
98641 0
98690 0
98811 0
98934 0
99044 0
99234 0
99249 0
99325 0
99370 0
99436 0
99480 0
99495 0
99580 0
99649 0
99913 0
99945 0
