c This is a uniform distributed  1-D DIMACS file 
c width height point_number
p 100000 100000 1024
32 0
243 0
257 0
319 0
383 0
440 0
543 0
569 0
615 0
632 0
637 0
683 0
841 0
905 0
933 0
1273 0
1481 0
1569 0
1573 0
1574 0
1628 0
1636 0
1964 0
2137 0
2314 0
2391 0
2409 0
2462 0
2517 0
2544 0
2851 0
2890 0
2892 0
2936 0
3231 0
3506 0
3612 0
3635 0
3652 0
3723 0
3788 0
3840 0
3890 0
3932 0
3999 0
4029 0
4063 0
4206 0
4213 0
4259 0
4320 0
4415 0
4443 0
4534 0
4551 0
4634 0
4755 0
4758 0
4832 0
4835 0
4862 0
4972 0
5188 0
5277 0
5574 0
5859 0
6082 0
6093 0
6137 0
6165 0
6168 0
6252 0
6296 0
6445 0
6497 0
6700 0
6938 0
6947 0
6974 0
7174 0
7201 0
7352 0
7742 0
7877 0
8001 0
8345 0
8401 0
8464 0
8492 0
8510 0
8646 0
8823 0
8941 0
9057 0
9065 0
9387 0
9399 0
9866 0
9983 0
10091 0
10117 0
10249 0
10260 0
10269 0
10343 0
10534 0
10572 0
10682 0
10730 0
10737 0
10808 0
10830 0
11015 0
11028 0
11135 0
11180 0
11186 0
11192 0
11268 0
11289 0
11475 0
11495 0
11542 0
11568 0
11639 0
11769 0
11777 0
11808 0
11826 0
11864 0
11925 0
12120 0
12141 0
12374 0
12418 0
12559 0
12585 0
12807 0
12867 0
12951 0
13017 0
13247 0
13437 0
13494 0
13512 0
13600 0
13698 0
13717 0
13733 0
13799 0
13821 0
13931 0
13987 0
14116 0
14283 0
14360 0
14377 0
14514 0
14551 0
14717 0
14734 0
14860 0
14954 0
14979 0
14993 0
15259 0
15304 0
15383 0
15443 0
15445 0
15604 0
15761 0
15769 0
15851 0
15979 0
16220 0
16224 0
16276 0
16331 0
16589 0
16696 0
16751 0
17008 0
17050 0
17061 0
17199 0
17234 0
17263 0
17330 0
17436 0
17453 0
17467 0
17493 0
17558 0
17597 0
17764 0
17837 0
17936 0
18152 0
18837 0
18910 0
18935 0
18941 0
19048 0
19288 0
19358 0
19573 0
19644 0
19832 0
19884 0
20119 0
20221 0
20296 0
20369 0
20464 0
20486 0
20563 0
20749 0
20807 0
20829 0
20836 0
20901 0
20922 0
20975 0
21017 0
21082 0
21086 0
21131 0
21267 0
21322 0
21458 0
21519 0
21838 0
21911 0
22121 0
22122 0
22135 0
22289 0
22336 0
22349 0
22406 0
22407 0
22468 0
22489 0
22528 0
22593 0
22628 0
22664 0
22851 0
23038 0
23088 0
23278 0
23353 0
23378 0
23466 0
23564 0
23584 0
23588 0
23846 0
23980 0
23993 0
24008 0
24210 0
24585 0
24639 0
24789 0
24859 0
24863 0
24892 0
24902 0
24933 0
25121 0
25157 0
25393 0
25424 0
25486 0
25654 0
25724 0
25735 0
25802 0
25820 0
25968 0
26018 0
26138 0
26209 0
26262 0
26417 0
26491 0
26672 0
26927 0
27140 0
27306 0
27673 0
27734 0
27736 0
27887 0
28148 0
28242 0
28543 0
28707 0
28762 0
28812 0
28824 0
28864 0
28906 0
28941 0
28944 0
29574 0
29652 0
29697 0
29735 0
29905 0
29934 0
30395 0
30507 0
30556 0
30594 0
30632 0
30731 0
30829 0
30857 0
30881 0
30898 0
31019 0
31216 0
31579 0
31906 0
32074 0
32103 0
32108 0
32157 0
32202 0
32312 0
32371 0
32693 0
32698 0
32727 0
32875 0
33110 0
33305 0
33390 0
33498 0
33527 0
33602 0
33691 0
33936 0
34101 0
34160 0
34212 0
34243 0
34558 0
34741 0
34848 0
34901 0
34957 0
34996 0
35098 0
35360 0
35362 0
35368 0
35383 0
35416 0
35452 0
35502 0
35626 0
35875 0
36097 0
36226 0
36386 0
36461 0
36808 0
36933 0
37067 0
37108 0
37250 0
37446 0
37587 0
37644 0
37714 0
37732 0
37935 0
37953 0
38141 0
38234 0
38310 0
38445 0
38476 0
38497 0
38612 0
38680 0
38724 0
38777 0
38821 0
39122 0
39133 0
39261 0
39273 0
39365 0
39478 0
39898 0
40005 0
40084 0
40151 0
40297 0
40756 0
40839 0
40911 0
41101 0
41339 0
41374 0
41495 0
41970 0
42016 0
42021 0
42119 0
42243 0
42425 0
42457 0
42699 0
42849 0
42857 0
42978 0
43092 0
43250 0
43451 0
43521 0
43577 0
43726 0
43859 0
43939 0
44376 0
44406 0
44549 0
44621 0
44632 0
44701 0
44784 0
44811 0
45072 0
45123 0
45510 0
45516 0
45553 0
45590 0
45718 0
45764 0
45768 0
45913 0
45920 0
46000 0
46030 0
46096 0
46115 0
46116 0
46230 0
46278 0
46453 0
46486 0
46541 0
46571 0
46639 0
46908 0
47114 0
47183 0
47270 0
47350 0
47667 0
47737 0
47993 0
48106 0
48141 0
48766 0
48776 0
48811 0
48913 0
48975 0
48985 0
49161 0
49175 0
49207 0
49215 0
49325 0
49358 0
49366 0
49431 0
49599 0
49642 0
49694 0
49869 0
49905 0
50179 0
50303 0
50345 0
50427 0
50586 0
50667 0
50804 0
50823 0
50913 0
51108 0
51179 0
51284 0
51306 0
51386 0
51426 0
51463 0
51486 0
51696 0
51930 0
51938 0
52037 0
52070 0
52092 0
52243 0
52320 0
52361 0
52751 0
52818 0
52850 0
52929 0
53056 0
53193 0
53451 0
53464 0
53565 0
53592 0
53967 0
54017 0
54197 0
54236 0
54428 0
54529 0
54545 0
54556 0
54605 0
54684 0
54785 0
54794 0
54854 0
55011 0
55203 0
55284 0
55339 0
55360 0
55439 0
55700 0
55905 0
55971 0
56066 0
56102 0
56132 0
56142 0
56169 0
56337 0
56355 0
56406 0
56447 0
56508 0
56567 0
56967 0
57076 0
57193 0
57206 0
57214 0
57245 0
57314 0
57387 0
57460 0
57483 0
57647 0
57665 0
58008 0
58150 0
58171 0
58314 0
58387 0
58534 0
58619 0
58649 0
58721 0
58924 0
58948 0
59155 0
59201 0
59241 0
59420 0
59446 0
59483 0
59509 0
59640 0
59895 0
59903 0
60035 0
60054 0
60180 0
60322 0
60345 0
60380 0
60687 0
60690 0
60981 0
61159 0
61224 0
61582 0
61788 0
61927 0
61972 0
62020 0
62123 0
62124 0
62149 0
62249 0
62341 0
62386 0
62461 0
62539 0
62648 0
62681 0
62683 0
62693 0
62706 0
62745 0
62778 0
62883 0
62892 0
63050 0
63123 0
63146 0
63187 0
63222 0
63233 0
63262 0
63277 0
63298 0
63447 0
63473 0
63490 0
63546 0
63681 0
63939 0
64094 0
64103 0
64196 0
64277 0
64366 0
64384 0
64385 0
64428 0
64470 0
64558 0
64721 0
64815 0
64936 0
65218 0
65302 0
65420 0
65545 0
65642 0
65669 0
65738 0
65752 0
65769 0
65797 0
65822 0
65825 0
65894 0
65916 0
65992 0
66036 0
66189 0
66264 0
66367 0
66447 0
66489 0
66509 0
66551 0
66632 0
66679 0
66749 0
66759 0
66806 0
67105 0
67143 0
67270 0
67424 0
67463 0
67655 0
67710 0
67754 0
67899 0
67971 0
68045 0
68060 0
68177 0
68357 0
68495 0
68626 0
68700 0
68848 0
68901 0
68912 0
68967 0
69006 0
69038 0
69118 0
69127 0
69326 0
69729 0
69904 0
70000 0
70018 0
70031 0
70266 0
70293 0
70375 0
70563 0
70590 0
70688 0
70878 0
71085 0
71115 0
71217 0
71359 0
71392 0
71433 0
71446 0
71452 0
71455 0
71573 0
71727 0
71863 0
71935 0
71981 0
72021 0
72443 0
72464 0
72471 0
72556 0
72629 0
72669 0
72819 0
72951 0
73054 0
73127 0
73144 0
73156 0
73281 0
73306 0
73467 0
73658 0
74056 0
74114 0
74164 0
74434 0
74498 0
74617 0
74689 0
74717 0
74761 0
74767 0
74966 0
75167 0
75223 0
75354 0
75530 0
75581 0
75611 0
75731 0
75780 0
75832 0
76034 0
76057 0
76224 0
76241 0
76245 0
76287 0
76522 0
76544 0
76576 0
76652 0
76690 0
76790 0
76828 0
77190 0
77323 0
77752 0
77994 0
78210 0
78247 0
78252 0
78264 0
78271 0
78362 0
78619 0
78648 0
78690 0
78796 0
78873 0
78878 0
78897 0
78952 0
79097 0
79148 0
79424 0
79453 0
79514 0
80006 0
80063 0
80069 0
80098 0
80114 0
80123 0
80634 0
80641 0
80659 0
80733 0
80845 0
80906 0
80995 0
81025 0
81189 0
81204 0
81385 0
81386 0
81517 0
81587 0
81628 0
81838 0
81912 0
81927 0
82006 0
82037 0
82314 0
82543 0
82950 0
83002 0
83283 0
83590 0
83596 0
83628 0
83676 0
83802 0
83879 0
83919 0
84001 0
84189 0
84230 0
84382 0
84412 0
84541 0
84549 0
84702 0
84708 0
84817 0
84926 0
85244 0
85290 0
85377 0
85439 0
85692 0
85814 0
85857 0
86101 0
86200 0
86205 0
86228 0
86344 0
86428 0
86527 0
86683 0
86769 0
86782 0
86848 0
86991 0
87015 0
87093 0
87152 0
87303 0
87329 0
87340 0
87410 0
87411 0
87416 0
87434 0
87472 0
87518 0
87820 0
87896 0
88043 0
88076 0
88184 0
88251 0
88405 0
88534 0
88561 0
88587 0
88736 0
88757 0
88791 0
88912 0
88971 0
89005 0
89022 0
89047 0
89146 0
89349 0
89362 0
89374 0
89380 0
89461 0
89515 0
89557 0
89580 0
90033 0
90178 0
90491 0
90496 0
90618 0
90625 0
90627 0
90633 0
90642 0
90663 0
90919 0
91413 0
91481 0
91659 0
91667 0
92115 0
92235 0
92287 0
92397 0
92491 0
92638 0
92744 0
92776 0
92876 0
92949 0
92954 0
92976 0
93036 0
93287 0
93363 0
93530 0
93540 0
93584 0
93619 0
93631 0
93637 0
93709 0
93744 0
93811 0
93898 0
93955 0
94069 0
94125 0
94263 0
94309 0
94365 0
94447 0
94532 0
94570 0
94878 0
94896 0
94915 0
95038 0
95053 0
95063 0
95158 0
95340 0
95497 0
95571 0
95781 0
95805 0
95855 0
95868 0
95944 0
95947 0
95952 0
96035 0
96036 0
96049 0
96081 0
96099 0
96152 0
96219 0
96315 0
96335 0
96704 0
96708 0
96716 0
96944 0
97252 0
97279 0
97383 0
97689 0
97737 0
97746 0
97783 0
97808 0
97874 0
97927 0
98264 0
98291 0
98422 0
98456 0
98543 0
98558 0
98725 0
98769 0
98794 0
98799 0
98910 0
99233 0
99252 0
99297 0
99347 0
99641 0
99797 0
99842 0
99907 0
99943 0
99966 0
99983 0
