c This is a uniform distributed  1-D DIMACS file 
c width height point_number
p 100000 100000 1024
84 0
98 0
201 0
404 0
490 0
512 0
588 0
603 0
612 0
853 0
879 0
952 0
961 0
1114 0
1148 0
1223 0
1356 0
1533 0
1797 0
1829 0
1893 0
2062 0
2156 0
2617 0
2768 0
2826 0
2842 0
2909 0
2957 0
3057 0
3087 0
3142 0
3352 0
3402 0
3509 0
3546 0
3635 0
3843 0
4052 0
4092 0
4161 0
4220 0
4278 0
4472 0
4498 0
4579 0
4581 0
4693 0
4701 0
4774 0
4833 0
4888 0
5157 0
5239 0
5333 0
5721 0
5735 0
5819 0
5824 0
5933 0
5948 0
6182 0
6327 0
6447 0
6450 0
6486 0
6529 0
6577 0
6599 0
6627 0
6659 0
6720 0
6745 0
6756 0
6823 0
6860 0
7172 0
7235 0
7350 0
7352 0
7407 0
7518 0
7550 0
7574 0
7692 0
7787 0
7790 0
7942 0
8274 0
8286 0
8343 0
8350 0
8418 0
8717 0
8987 0
9004 0
9039 0
9227 0
9257 0
9314 0
9408 0
9589 0
9633 0
9728 0
9746 0
9823 0
10049 0
10155 0
10359 0
10471 0
10565 0
10613 0
10796 0
11072 0
11095 0
11194 0
11307 0
11651 0
11693 0
12033 0
12243 0
12268 0
12495 0
12500 0
12617 0
12777 0
12786 0
12836 0
12961 0
13150 0
13225 0
13241 0
13249 0
13258 0
13313 0
13388 0
13407 0
13444 0
13847 0
13876 0
13903 0
13906 0
13932 0
13979 0
14082 0
14213 0
14370 0
14570 0
14766 0
14889 0
14923 0
15031 0
15195 0
15242 0
15563 0
15828 0
15874 0
15983 0
16059 0
16076 0
16343 0
16430 0
16522 0
16556 0
16639 0
16968 0
17020 0
17094 0
17111 0
17254 0
17321 0
17421 0
17617 0
17680 0
17713 0
17788 0
17816 0
17948 0
17955 0
18486 0
18587 0
18669 0
18887 0
19108 0
19186 0
19394 0
19429 0
19461 0
19773 0
19889 0
19937 0
19947 0
20042 0
20235 0
20689 0
21050 0
21072 0
21458 0
21635 0
21674 0
21835 0
21924 0
21978 0
21998 0
22041 0
22216 0
22237 0
22417 0
22707 0
22747 0
23028 0
23034 0
23089 0
23093 0
23450 0
23593 0
23648 0
23656 0
23893 0
23967 0
23986 0
24302 0
24332 0
24427 0
24478 0
24551 0
24694 0
24707 0
24785 0
24855 0
24893 0
24960 0
24981 0
24985 0
25115 0
25139 0
25206 0
25357 0
25365 0
25830 0
25879 0
25961 0
26077 0
26110 0
26165 0
26194 0
26216 0
26247 0
26302 0
26439 0
26640 0
26681 0
26854 0
26895 0
26920 0
26967 0
27094 0
27204 0
27272 0
27385 0
27540 0
27557 0
27593 0
27678 0
27761 0
27901 0
27909 0
27944 0
28008 0
28044 0
28064 0
28071 0
28138 0
28155 0
28249 0
28304 0
28338 0
28413 0
28535 0
28786 0
28833 0
28981 0
29098 0
29210 0
29303 0
29375 0
29379 0
29440 0
29605 0
29840 0
29909 0
29912 0
29968 0
30123 0
30393 0
30452 0
30519 0
30626 0
30736 0
30738 0
30839 0
30845 0
30997 0
31082 0
31167 0
31262 0
31269 0
31399 0
31454 0
31469 0
31621 0
31694 0
31782 0
31789 0
31814 0
31817 0
31841 0
31855 0
31882 0
31940 0
32050 0
32186 0
32227 0
32266 0
32398 0
32468 0
32637 0
32790 0
32826 0
32868 0
32914 0
32986 0
33084 0
33358 0
33363 0
33520 0
33931 0
33980 0
34016 0
34021 0
34043 0
34056 0
34196 0
34226 0
34355 0
34362 0
34404 0
34544 0
34548 0
34842 0
35021 0
35405 0
35526 0
35793 0
35894 0
36025 0
36081 0
36248 0
36253 0
36302 0
36394 0
36428 0
36466 0
36467 0
36589 0
36594 0
36621 0
36627 0
36645 0
36704 0
37122 0
37285 0
37524 0
37674 0
37742 0
37941 0
37967 0
37971 0
37997 0
38028 0
38123 0
38231 0
38271 0
38280 0
38373 0
38564 0
38649 0
38667 0
38670 0
38754 0
38932 0
38937 0
38990 0
38992 0
39064 0
39065 0
39186 0
39283 0
39313 0
39373 0
39402 0
39464 0
39514 0
39583 0
39616 0
39667 0
39716 0
39758 0
39773 0
39946 0
40017 0
40099 0
40126 0
40151 0
40241 0
40435 0
40559 0
40744 0
40787 0
40807 0
40844 0
40905 0
40979 0
40986 0
40993 0
41408 0
41515 0
41545 0
41552 0
41854 0
41928 0
42111 0
42220 0
42249 0
42500 0
42528 0
42580 0
42677 0
42818 0
42837 0
43294 0
43303 0
43402 0
43487 0
43735 0
43758 0
43869 0
43928 0
44068 0
44141 0
44175 0
44308 0
44329 0
44461 0
44517 0
44562 0
44662 0
44759 0
44853 0
44854 0
45235 0
45242 0
45355 0
45368 0
45417 0
45541 0
45557 0
45659 0
45738 0
45899 0
45953 0
46028 0
46032 0
46277 0
46543 0
46694 0
46698 0
47117 0
47198 0
47382 0
47446 0
47467 0
47591 0
47653 0
47661 0
47672 0
48014 0
48041 0
48066 0
48261 0
48319 0
48482 0
48601 0
48661 0
48672 0
48837 0
48989 0
48998 0
49056 0
49074 0
49106 0
49286 0
49327 0
49438 0
49631 0
49693 0
49795 0
49800 0
49979 0
49993 0
49997 0
50043 0
50096 0
50187 0
50352 0
50586 0
50654 0
50670 0
50939 0
51005 0
51012 0
51278 0
51389 0
51591 0
51628 0
51702 0
51785 0
51788 0
51823 0
51862 0
52113 0
52133 0
52177 0
52270 0
52344 0
52367 0
52405 0
52408 0
52428 0
52587 0
52679 0
52815 0
52831 0
52839 0
52920 0
52969 0
53009 0
53023 0
53098 0
53326 0
53394 0
53452 0
53562 0
53707 0
53824 0
53869 0
53956 0
54131 0
54329 0
54365 0
54424 0
54648 0
54652 0
54703 0
54960 0
54990 0
55007 0
55019 0
55035 0
55098 0
55124 0
55200 0
55378 0
55381 0
55482 0
55593 0
55693 0
55800 0
56115 0
56213 0
56383 0
56384 0
56396 0
56688 0
56921 0
56987 0
57023 0
57112 0
57202 0
57233 0
57311 0
57315 0
57506 0
57527 0
57611 0
57700 0
57751 0
57788 0
57805 0
57928 0
58076 0
58158 0
58211 0
58238 0
58284 0
58316 0
58432 0
58578 0
58633 0
58835 0
58907 0
59032 0
59037 0
59081 0
59230 0
59246 0
59254 0
59296 0
59357 0
59386 0
59550 0
59617 0
59721 0
59800 0
59904 0
60005 0
60008 0
60051 0
60086 0
60113 0
60169 0
60204 0
60226 0
60351 0
60377 0
60705 0
60712 0
60902 0
61036 0
61140 0
61162 0
61245 0
61246 0
61248 0
61286 0
61376 0
61538 0
61548 0
61577 0
61643 0
61720 0
61730 0
61794 0
61801 0
61884 0
61988 0
62090 0
62299 0
62315 0
62426 0
62467 0
62488 0
62491 0
62665 0
62903 0
63105 0
63199 0
63281 0
63633 0
63660 0
63715 0
63773 0
63853 0
63983 0
63996 0
64069 0
64082 0
64188 0
64394 0
64552 0
64759 0
64835 0
64893 0
65019 0
65638 0
65676 0
65794 0
65894 0
65989 0
66122 0
66192 0
66313 0
66358 0
66591 0
66606 0
66702 0
66898 0
67190 0
67575 0
67736 0
67784 0
67827 0
67861 0
67864 0
68012 0
68054 0
68071 0
68130 0
68151 0
68160 0
68185 0
68217 0
68282 0
68317 0
68545 0
68589 0
68832 0
68889 0
68898 0
68938 0
69139 0
69222 0
69228 0
69464 0
69485 0
69543 0
69564 0
69709 0
69734 0
69739 0
69973 0
70152 0
70163 0
70190 0
70467 0
70490 0
70497 0
70682 0
70792 0
70948 0
71092 0
71179 0
71193 0
71219 0
71435 0
71737 0
71751 0
72118 0
72175 0
72419 0
72476 0
72568 0
72683 0
72726 0
72810 0
72841 0
72844 0
72966 0
73149 0
73406 0
73479 0
73520 0
73642 0
73840 0
74009 0
74054 0
74450 0
74924 0
75056 0
75064 0
75136 0
75329 0
75386 0
75481 0
75522 0
75578 0
75918 0
76013 0
76026 0
76385 0
76486 0
76552 0
76724 0
76865 0
76904 0
76999 0
77031 0
77043 0
77206 0
77320 0
77321 0
77595 0
77733 0
77745 0
77914 0
78027 0
78117 0
78127 0
78146 0
78381 0
78744 0
78777 0
78849 0
78863 0
78888 0
79009 0
79105 0
79615 0
79655 0
79715 0
79739 0
79821 0
79929 0
80020 0
80106 0
80308 0
80402 0
80479 0
80640 0
80807 0
81217 0
81408 0
81679 0
81831 0
82084 0
82202 0
82416 0
82712 0
82909 0
82953 0
83087 0
83196 0
83257 0
83263 0
83364 0
83503 0
83650 0
83752 0
83797 0
83800 0
83961 0
83977 0
83987 0
84052 0
84191 0
84239 0
84269 0
84332 0
84394 0
84407 0
84535 0
84649 0
84884 0
84973 0
85016 0
85087 0
85105 0
85225 0
85268 0
85335 0
85383 0
85496 0
85506 0
85528 0
85632 0
85770 0
85869 0
85873 0
85933 0
86010 0
86076 0
86121 0
86224 0
86406 0
86440 0
86441 0
86590 0
86750 0
86960 0
87008 0
87016 0
87221 0
87491 0
87539 0
87724 0
87760 0
87770 0
87829 0
87912 0
87969 0
87982 0
88019 0
88262 0
88375 0
88470 0
88497 0
88543 0
88611 0
88762 0
88832 0
88878 0
88967 0
88982 0
89086 0
89169 0
89171 0
89198 0
89201 0
89207 0
89211 0
89342 0
89372 0
89402 0
89540 0
89567 0
89603 0
89607 0
89655 0
89786 0
89845 0
90006 0
90141 0
90256 0
90326 0
90328 0
90653 0
90855 0
90957 0
91175 0
91176 0
91422 0
91471 0
91585 0
91632 0
91650 0
91808 0
91898 0
92118 0
92130 0
92134 0
92340 0
92509 0
92519 0
92660 0
92675 0
92691 0
92806 0
92834 0
92994 0
93047 0
93318 0
93725 0
93950 0
94106 0
94118 0
94278 0
94408 0
94478 0
94503 0
94525 0
94704 0
94717 0
94803 0
94976 0
95002 0
95062 0
95092 0
95155 0
95446 0
95490 0
95869 0
95945 0
95973 0
95998 0
96020 0
96082 0
96113 0
96166 0
96225 0
96323 0
96351 0
96500 0
96526 0
96613 0
96636 0
96654 0
96691 0
96713 0
96924 0
96997 0
97026 0
97175 0
97325 0
97371 0
97405 0
97492 0
97665 0
97720 0
97790 0
97920 0
97926 0
98126 0
98189 0
98289 0
98294 0
98323 0
98404 0
98420 0
98450 0
98663 0
98711 0
98719 0
98826 0
98894 0
99012 0
99185 0
99191 0
99297 0
99342 0
99371 0
99664 0
99772 0
99783 0
99812 0
