c This is a uniform distributed  1-D DIMACS file 
c width height point_number
p 100000 100000 1024
85 0
112 0
136 0
299 0
525 0
567 0
575 0
583 0
784 0
793 0
825 0
904 0
954 0
1022 0
1127 0
1194 0
1287 0
1465 0
1472 0
1502 0
1554 0
1578 0
1656 0
1752 0
1771 0
1860 0
1875 0
1891 0
1945 0
1976 0
2066 0
2124 0
2293 0
2513 0
2538 0
2984 0
3011 0
3071 0
3081 0
3223 0
3392 0
3434 0
3451 0
3469 0
3578 0
3762 0
3785 0
3853 0
3900 0
3944 0
4153 0
4181 0
4192 0
4226 0
4430 0
4475 0
4750 0
4781 0
4851 0
4854 0
4902 0
4927 0
5004 0
5050 0
5178 0
5305 0
5473 0
5505 0
5652 0
5660 0
5971 0
5998 0
6022 0
6032 0
6073 0
6188 0
6385 0
6556 0
6817 0
7133 0
7173 0
7183 0
7251 0
7376 0
7543 0
7831 0
8017 0
8022 0
8227 0
8288 0
8335 0
8454 0
8718 0
8934 0
8981 0
9008 0
9017 0
9369 0
9538 0
9753 0
9861 0
10084 0
10097 0
10112 0
10401 0
10407 0
10430 0
10531 0
10607 0
10825 0
10856 0
10915 0
10944 0
11106 0
11132 0
11175 0
11356 0
11441 0
11488 0
11572 0
11586 0
11648 0
11747 0
11835 0
11968 0
11976 0
12038 0
12191 0
12314 0
12334 0
12596 0
13045 0
13242 0
13392 0
13492 0
13842 0
14042 0
14047 0
14101 0
14292 0
14315 0
14457 0
14464 0
14547 0
14772 0
14802 0
14963 0
14989 0
15099 0
15271 0
15365 0
15431 0
15537 0
15568 0
15587 0
15715 0
16128 0
16233 0
16287 0
16401 0
16489 0
16548 0
16549 0
16715 0
16744 0
16759 0
16926 0
16939 0
16964 0
16991 0
16992 0
16995 0
17056 0
17162 0
17218 0
17294 0
17308 0
17684 0
17772 0
17809 0
17858 0
17889 0
17897 0
18024 0
18044 0
18142 0
18172 0
18251 0
18396 0
18700 0
18930 0
18965 0
19278 0
19369 0
19399 0
19405 0
19413 0
19447 0
19911 0
19962 0
20154 0
20233 0
20279 0
20467 0
20486 0
20573 0
20945 0
21024 0
21072 0
21156 0
21453 0
21538 0
21667 0
21715 0
21803 0
21817 0
21833 0
21959 0
21977 0
22043 0
22068 0
22086 0
22221 0
22251 0
22256 0
22265 0
22272 0
22295 0
22462 0
22562 0
23031 0
23360 0
23432 0
23512 0
23528 0
23664 0
23704 0
23752 0
23851 0
23856 0
23857 0
24044 0
24061 0
24075 0
24197 0
24233 0
24336 0
24344 0
24556 0
24604 0
24673 0
24741 0
24791 0
24813 0
24911 0
25102 0
25260 0
25453 0
25524 0
25774 0
25787 0
25858 0
25989 0
26176 0
26237 0
26293 0
26310 0
26513 0
26546 0
26579 0
26604 0
26749 0
26773 0
26929 0
27071 0
27226 0
27293 0
27405 0
27527 0
27603 0
27616 0
27675 0
28007 0
28157 0
28162 0
28192 0
28253 0
28270 0
28271 0
28344 0
28772 0
28944 0
28985 0
28994 0
29048 0
29054 0
29140 0
29171 0
29206 0
29208 0
29245 0
29339 0
29368 0
29481 0
29502 0
29608 0
29640 0
30009 0
30012 0
30144 0
30214 0
30234 0
30240 0
30537 0
30619 0
30820 0
31243 0
31391 0
31428 0
31433 0
31484 0
31492 0
31652 0
31662 0
31842 0
31853 0
31955 0
32050 0
32331 0
32371 0
32625 0
32735 0
32754 0
32781 0
32795 0
32909 0
33091 0
33136 0
33171 0
33177 0
33230 0
33253 0
33302 0
33586 0
33700 0
33708 0
33963 0
34088 0
34149 0
34469 0
34493 0
34555 0
34682 0
34698 0
34782 0
35002 0
35143 0
35294 0
35333 0
35377 0
35467 0
35496 0
35584 0
35734 0
35943 0
35970 0
36032 0
36145 0
36176 0
36180 0
36301 0
36387 0
36456 0
36537 0
36653 0
36671 0
36727 0
36828 0
36860 0
36947 0
36973 0
37057 0
37128 0
37166 0
37174 0
37308 0
37319 0
37366 0
37372 0
37489 0
37531 0
37628 0
37651 0
37652 0
37669 0
37690 0
37724 0
37782 0
37851 0
37868 0
37919 0
38043 0
38152 0
38222 0
38285 0
38433 0
38464 0
38466 0
38529 0
38565 0
38578 0
39015 0
39087 0
39126 0
39138 0
39282 0
39339 0
39384 0
39517 0
40063 0
40152 0
40362 0
40499 0
40651 0
40766 0
40833 0
40942 0
41081 0
41155 0
41265 0
41369 0
41414 0
41507 0
41818 0
41830 0
41996 0
42155 0
42205 0
42307 0
42313 0
42454 0
42549 0
42608 0
42764 0
42799 0
42899 0
42997 0
43066 0
43081 0
43166 0
43388 0
43493 0
43519 0
43528 0
43548 0
43610 0
43621 0
43959 0
44001 0
44077 0
44365 0
44369 0
44390 0
44700 0
44773 0
44947 0
44960 0
44990 0
45067 0
45247 0
45363 0
45419 0
45466 0
45537 0
45777 0
45827 0
45867 0
45922 0
46046 0
46083 0
46139 0
46202 0
46292 0
46564 0
46851 0
46898 0
47062 0
47083 0
47103 0
47384 0
47431 0
47562 0
47570 0
47765 0
48128 0
48259 0
48280 0
48283 0
48480 0
48587 0
48731 0
48802 0
49183 0
49209 0
49230 0
49267 0
49300 0
49514 0
49594 0
49724 0
49745 0
49754 0
49777 0
49892 0
49910 0
49983 0
50155 0
50186 0
50281 0
50342 0
50372 0
50737 0
50986 0
51583 0
51646 0
51673 0
51703 0
51768 0
51873 0
52348 0
52388 0
52424 0
52428 0
52430 0
52462 0
52809 0
52863 0
52923 0
52992 0
53006 0
53042 0
53124 0
53538 0
53576 0
53741 0
53771 0
53824 0
53861 0
53917 0
54122 0
54176 0
54234 0
54235 0
54291 0
54342 0
54475 0
54588 0
54702 0
54803 0
54841 0
55040 0
55147 0
55171 0
55212 0
55239 0
55352 0
55402 0
55490 0
55561 0
55646 0
55760 0
55771 0
55903 0
56068 0
56179 0
56366 0
56416 0
56489 0
56639 0
56769 0
56895 0
56956 0
57244 0
57253 0
57318 0
57434 0
57543 0
57554 0
57623 0
57657 0
57750 0
57874 0
57932 0
57972 0
58116 0
58227 0
58277 0
58356 0
58468 0
58546 0
58552 0
58627 0
58742 0
58754 0
58960 0
59180 0
59356 0
59411 0
59499 0
59584 0
59613 0
59687 0
59744 0
59843 0
59870 0
60037 0
60059 0
60147 0
60279 0
60359 0
60430 0
60543 0
60563 0
60590 0
60626 0
60651 0
60789 0
60989 0
61188 0
61239 0
61335 0
61387 0
61463 0
61516 0
61701 0
61821 0
61929 0
61981 0
61995 0
62146 0
62180 0
62370 0
62399 0
62462 0
62478 0
62494 0
62613 0
62636 0
62829 0
62929 0
63137 0
63172 0
63290 0
63311 0
63394 0
63403 0
63876 0
63890 0
64023 0
64106 0
64113 0
64403 0
64407 0
64434 0
64556 0
64762 0
64867 0
64928 0
65023 0
65715 0
65794 0
65866 0
65908 0
65917 0
66014 0
66025 0
66041 0
66061 0
66136 0
66197 0
66233 0
66656 0
66660 0
66716 0
66721 0
66871 0
67133 0
67211 0
67479 0
67695 0
67775 0
67785 0
67910 0
67933 0
68015 0
68114 0
68222 0
68355 0
68382 0
68540 0
68583 0
68587 0
68606 0
68850 0
68867 0
68911 0
68955 0
68980 0
68982 0
69028 0
69240 0
69278 0
69611 0
70239 0
70408 0
70661 0
70730 0
70755 0
70815 0
70836 0
70994 0
71046 0
71079 0
71275 0
71303 0
71358 0
71471 0
71705 0
71792 0
71811 0
71867 0
71958 0
71992 0
72018 0
72059 0
72105 0
72166 0
72180 0
72202 0
72494 0
72531 0
72568 0
72758 0
73019 0
73073 0
73139 0
73392 0
73462 0
73619 0
73660 0
73755 0
73766 0
73818 0
73830 0
74069 0
74092 0
74197 0
74268 0
74289 0
74357 0
74377 0
74429 0
74825 0
74881 0
74890 0
74936 0
75048 0
75073 0
75135 0
75196 0
75292 0
75543 0
75662 0
75831 0
75836 0
75866 0
75930 0
76019 0
76085 0
76126 0
76197 0
76281 0
76409 0
76536 0
76550 0
76580 0
76702 0
76845 0
77140 0
77163 0
77319 0
77328 0
77526 0
77638 0
77643 0
77775 0
77780 0
77975 0
78218 0
78731 0
78979 0
78996 0
79096 0
79292 0
79303 0
79360 0
79361 0
79431 0
79445 0
79511 0
79529 0
79632 0
79654 0
79803 0
79806 0
79923 0
80025 0
80160 0
80214 0
80216 0
80256 0
80334 0
80355 0
80434 0
80445 0
80634 0
80650 0
80959 0
80993 0
81068 0
81166 0
81270 0
81318 0
81404 0
81491 0
81502 0
81503 0
81542 0
81587 0
81606 0
81622 0
81838 0
81886 0
81960 0
82065 0
82102 0
82270 0
82347 0
82403 0
82435 0
82560 0
82646 0
82666 0
82700 0
82959 0
83008 0
83268 0
83309 0
83382 0
83457 0
83725 0
83786 0
83814 0
83818 0
84000 0
84169 0
84180 0
84186 0
84196 0
84274 0
84306 0
84350 0
84410 0
84720 0
84805 0
84995 0
85142 0
85237 0
85304 0
85353 0
85384 0
85500 0
85545 0
85666 0
85810 0
85854 0
86045 0
86076 0
86286 0
86452 0
86472 0
86501 0
86581 0
86761 0
86862 0
87426 0
87528 0
87597 0
87814 0
87867 0
87933 0
87979 0
88001 0
88154 0
88193 0
88195 0
88316 0
88581 0
88805 0
88824 0
88918 0
89164 0
89198 0
89275 0
89313 0
89329 0
89438 0
89481 0
89624 0
89654 0
89809 0
89934 0
89952 0
89967 0
90007 0
90043 0
90234 0
90320 0
90386 0
90486 0
90488 0
90585 0
90619 0
90822 0
90921 0
90927 0
91013 0
91065 0
91154 0
91168 0
91299 0
91464 0
91801 0
91836 0
92003 0
92012 0
92247 0
92319 0
92408 0
92525 0
92559 0
92704 0
92794 0
92815 0
92951 0
93125 0
93257 0
93285 0
93409 0
93659 0
93810 0
93910 0
94061 0
94351 0
94551 0
94563 0
94675 0
94699 0
94992 0
95284 0
95322 0
95411 0
95556 0
95618 0
95798 0
95969 0
96101 0
96143 0
96236 0
96297 0
96299 0
96322 0
96395 0
96424 0
96642 0
96719 0
96983 0
97097 0
97499 0
97516 0
97566 0
97658 0
97701 0
97860 0
97884 0
97992 0
98009 0
98141 0
98152 0
98171 0
98176 0
98178 0
98217 0
98253 0
98416 0
98540 0
98593 0
98600 0
98673 0
98674 0
98677 0
98930 0
99018 0
99079 0
99168 0
99184 0
99185 0
99216 0
99290 0
99322 0
99444 0
99626 0
99639 0
99714 0
