c This is a uniform distributed  1-D DIMACS file 
c width height point_number
p 100000 100000 1024
132 0
146 0
232 0
385 0
435 0
464 0
492 0
532 0
593 0
653 0
884 0
918 0
998 0
1131 0
1308 0
1344 0
1359 0
1448 0
1506 0
1547 0
1611 0
1716 0
1762 0
1789 0
1794 0
1796 0
2035 0
2038 0
2068 0
2158 0
2209 0
2306 0
2428 0
2643 0
2768 0
2770 0
3130 0
3231 0
3324 0
3397 0
3573 0
3614 0
3689 0
3717 0
3891 0
4004 0
4029 0
4202 0
4241 0
4277 0
4355 0
4421 0
4439 0
4487 0
4699 0
4770 0
4825 0
4845 0
4933 0
5231 0
5421 0
5504 0
5680 0
5687 0
5719 0
5816 0
5830 0
5872 0
5997 0
6088 0
6235 0
6336 0
6422 0
6495 0
6524 0
6528 0
6551 0
6619 0
6687 0
6768 0
6781 0
6993 0
7066 0
7124 0
7130 0
7325 0
7373 0
7485 0
7550 0
7571 0
7757 0
8096 0
8118 0
8128 0
8502 0
8506 0
8696 0
9054 0
9059 0
9136 0
9244 0
9302 0
9433 0
9464 0
9466 0
9471 0
9649 0
9711 0
9742 0
9757 0
9941 0
9956 0
9958 0
9973 0
10162 0
10218 0
10272 0
10749 0
10981 0
11150 0
11151 0
11307 0
11359 0
11705 0
11732 0
12003 0
12030 0
12073 0
12199 0
12280 0
12295 0
12375 0
12480 0
12712 0
13031 0
13063 0
13250 0
13331 0
13909 0
13991 0
14028 0
14048 0
14221 0
14647 0
14865 0
15018 0
15100 0
15193 0
15214 0
15327 0
15449 0
15684 0
15837 0
15842 0
15902 0
15988 0
16132 0
16225 0
16331 0
16431 0
16478 0
16541 0
16625 0
16679 0
16691 0
16698 0
16737 0
16837 0
16913 0
17100 0
17225 0
17268 0
17290 0
17876 0
17897 0
17938 0
17969 0
18086 0
18265 0
18278 0
18604 0
18651 0
18662 0
19329 0
19457 0
19738 0
19786 0
19908 0
20016 0
20026 0
20054 0
20134 0
20349 0
20388 0
20397 0
20410 0
20512 0
20543 0
20547 0
20646 0
20940 0
21018 0
21103 0
21135 0
21246 0
21686 0
21830 0
22084 0
22120 0
22200 0
22219 0
22272 0
22400 0
22660 0
22680 0
22818 0
22987 0
23074 0
23198 0
23213 0
24477 0
24495 0
24587 0
24647 0
24660 0
24838 0
24881 0
25052 0
25058 0
25078 0
25143 0
25205 0
25447 0
25491 0
25816 0
25836 0
25949 0
26008 0
26034 0
26151 0
26159 0
26224 0
26393 0
26594 0
26603 0
26630 0
26839 0
27009 0
27139 0
27222 0
27251 0
27308 0
27318 0
27431 0
27523 0
27533 0
27685 0
27746 0
27755 0
27831 0
27915 0
28158 0
28225 0
28478 0
28529 0
28665 0
28673 0
28714 0
28760 0
28780 0
28831 0
29102 0
29106 0
29168 0
29341 0
29344 0
29489 0
29570 0
29668 0
29707 0
29829 0
29903 0
29914 0
30003 0
30014 0
30056 0
30082 0
30098 0
30119 0
30287 0
30329 0
30340 0
30366 0
30596 0
30723 0
30771 0
30823 0
30852 0
30939 0
31107 0
31343 0
31530 0
31770 0
31799 0
31821 0
31870 0
31918 0
31957 0
32099 0
32222 0
32330 0
32435 0
32579 0
32611 0
32783 0
32902 0
32913 0
33106 0
33227 0
33265 0
33397 0
33414 0
33431 0
33480 0
33524 0
33787 0
33909 0
33944 0
34206 0
34495 0
34578 0
34616 0
34662 0
34669 0
34800 0
34872 0
34875 0
34890 0
34993 0
35044 0
35101 0
35159 0
35222 0
35281 0
35400 0
35402 0
35404 0
35528 0
35703 0
35762 0
35863 0
35940 0
36001 0
36047 0
36117 0
36351 0
36422 0
36629 0
36704 0
36835 0
36890 0
37063 0
37107 0
37133 0
37183 0
37350 0
37846 0
37964 0
38038 0
38080 0
38154 0
38202 0
38367 0
38389 0
38479 0
38481 0
38543 0
38561 0
38728 0
38807 0
38839 0
38978 0
38980 0
39037 0
39065 0
39119 0
39295 0
39364 0
39516 0
39741 0
39922 0
39934 0
40027 0
40064 0
40142 0
40196 0
40350 0
40426 0
40449 0
40451 0
40603 0
40845 0
41132 0
41190 0
41336 0
41393 0
41461 0
41485 0
41527 0
41742 0
41784 0
41937 0
41942 0
42209 0
42369 0
42382 0
42486 0
42675 0
43155 0
43301 0
43315 0
43532 0
43580 0
43764 0
43937 0
44091 0
44231 0
44366 0
44380 0
44691 0
44862 0
44965 0
45010 0
45042 0
45113 0
45120 0
45250 0
45435 0
45735 0
45771 0
45895 0
46005 0
46079 0
46080 0
46083 0
46129 0
46145 0
46218 0
46310 0
46329 0
46519 0
46719 0
46803 0
46811 0
46829 0
46918 0
46977 0
46994 0
47176 0
47240 0
47248 0
47386 0
47387 0
47445 0
47496 0
47503 0
47565 0
47569 0
47783 0
47810 0
47855 0
48197 0
48218 0
48345 0
48373 0
48467 0
48531 0
48601 0
48873 0
49270 0
49404 0
49469 0
49646 0
49807 0
49881 0
49891 0
49985 0
50148 0
50201 0
50222 0
50285 0
50299 0
50404 0
50465 0
50629 0
50834 0
50957 0
51038 0
51045 0
51085 0
51158 0
51176 0
51401 0
51415 0
51604 0
51793 0
51968 0
52145 0
52291 0
52297 0
52393 0
52484 0
52594 0
52976 0
52986 0
53111 0
53187 0
53419 0
53553 0
53610 0
53804 0
54032 0
54036 0
54090 0
54099 0
54156 0
54175 0
54230 0
54282 0
54389 0
54582 0
54632 0
54728 0
54788 0
54829 0
54901 0
54942 0
54967 0
55042 0
55204 0
55293 0
55324 0
55330 0
55414 0
55480 0
55526 0
55827 0
55941 0
56139 0
56289 0
56291 0
56588 0
56712 0
56763 0
57009 0
57067 0
57073 0
57180 0
57386 0
57451 0
57499 0
57528 0
57580 0
57628 0
57666 0
57864 0
57877 0
58143 0
58217 0
58400 0
58554 0
58591 0
58652 0
58695 0
58747 0
59125 0
59315 0
59343 0
59349 0
59443 0
59716 0
59728 0
59746 0
59798 0
59876 0
60004 0
60091 0
60236 0
60238 0
60271 0
60310 0
60363 0
60377 0
60401 0
60542 0
60558 0
60568 0
60678 0
60682 0
60691 0
60770 0
60849 0
60880 0
61060 0
61066 0
61120 0
61200 0
61320 0
61439 0
61590 0
61661 0
62100 0
62211 0
62269 0
62290 0
62395 0
62397 0
62398 0
62640 0
62873 0
62957 0
62964 0
62991 0
63047 0
63124 0
63406 0
63449 0
63729 0
63808 0
63818 0
63834 0
63924 0
63942 0
64009 0
64014 0
64241 0
64266 0
64402 0
64599 0
64672 0
64686 0
64713 0
64788 0
64819 0
64890 0
64891 0
64966 0
65047 0
65074 0
65291 0
65350 0
65404 0
65533 0
65569 0
65729 0
65913 0
65941 0
65959 0
65972 0
66060 0
66107 0
66226 0
66330 0
66336 0
66365 0
66517 0
66637 0
67072 0
67106 0
67687 0
67839 0
67920 0
67971 0
68127 0
68235 0
68330 0
68345 0
68498 0
68504 0
68512 0
68612 0
68687 0
68754 0
68784 0
68924 0
68928 0
69039 0
69091 0
69156 0
69262 0
69329 0
69441 0
69510 0
69685 0
69905 0
70022 0
70074 0
70132 0
70133 0
70302 0
70326 0
70329 0
70699 0
71021 0
71026 0
71118 0
71145 0
71383 0
71410 0
71418 0
71457 0
71539 0
71570 0
71685 0
71725 0
71845 0
71859 0
71907 0
71987 0
72026 0
72041 0
72167 0
72185 0
72229 0
72239 0
72295 0
72404 0
72524 0
72570 0
72572 0
72575 0
72585 0
72641 0
72734 0
72883 0
72915 0
73084 0
73212 0
73269 0
73425 0
73475 0
73616 0
73749 0
73876 0
73941 0
74020 0
74131 0
74202 0
74223 0
74384 0
74485 0
74505 0
74559 0
74613 0
74667 0
75045 0
75071 0
75265 0
75436 0
75488 0
75653 0
75734 0
75914 0
75993 0
76052 0
76088 0
76138 0
76285 0
76289 0
76357 0
76377 0
76396 0
76712 0
76818 0
77155 0
77255 0
77324 0
77340 0
77614 0
77717 0
77732 0
77746 0
77924 0
78000 0
78035 0
78102 0
78107 0
78142 0
78193 0
78248 0
78308 0
78391 0
78425 0
78429 0
78565 0
78677 0
78750 0
78951 0
79037 0
79082 0
79116 0
79190 0
79426 0
79599 0
79841 0
80002 0
80044 0
80384 0
80480 0
80554 0
80618 0
80635 0
80670 0
80717 0
80813 0
80859 0
80925 0
81085 0
81090 0
81151 0
81239 0
81277 0
81304 0
81314 0
81342 0
81478 0
81592 0
81695 0
81743 0
81797 0
82003 0
82126 0
82368 0
82412 0
82523 0
82693 0
82697 0
82703 0
82710 0
82723 0
82764 0
83130 0
83153 0
83154 0
83180 0
83553 0
83780 0
83802 0
83815 0
83974 0
84011 0
84199 0
84295 0
84341 0
84350 0
84398 0
84414 0
84436 0
84618 0
84685 0
84794 0
84811 0
84964 0
85076 0
85246 0
85282 0
85421 0
85616 0
85676 0
85693 0
85789 0
86006 0
86043 0
86116 0
86214 0
86221 0
86343 0
86403 0
86510 0
86586 0
86597 0
86601 0
86705 0
86787 0
86790 0
86868 0
87053 0
87142 0
87180 0
87392 0
87455 0
87511 0
87573 0
87768 0
87910 0
87921 0
88110 0
88528 0
88778 0
88861 0
89244 0
89248 0
89444 0
89497 0
89503 0
89520 0
89548 0
89683 0
89699 0
89707 0
89736 0
89849 0
89855 0
90124 0
90252 0
90413 0
90431 0
90466 0
90497 0
90531 0
90539 0
90668 0
90758 0
90833 0
90834 0
91087 0
91103 0
91196 0
91533 0
91613 0
91747 0
91977 0
92038 0
92157 0
92275 0
92304 0
92390 0
92454 0
92523 0
92598 0
92625 0
92800 0
92896 0
92912 0
92920 0
93139 0
93176 0
93359 0
93393 0
93476 0
93531 0
93587 0
93884 0
93885 0
93917 0
94080 0
94098 0
94124 0
94232 0
94241 0
94266 0
94324 0
94357 0
94376 0
94512 0
94602 0
94639 0
94707 0
94852 0
94899 0
95006 0
95013 0
95211 0
95262 0
95376 0
95451 0
95485 0
95528 0
95596 0
95623 0
95680 0
95823 0
95966 0
96216 0
96227 0
96442 0
96524 0
96621 0
96696 0
96733 0
96783 0
96831 0
96850 0
97124 0
97144 0
97197 0
97208 0
97299 0
97657 0
97716 0
97755 0
97764 0
97841 0
97931 0
97945 0
98061 0
98146 0
98195 0
98465 0
98632 0
98661 0
98677 0
98747 0
98758 0
99294 0
99465 0
99480 0
99514 0
99530 0
99556 0
99583 0
99592 0
99606 0
99989 0
