c This is a uniform distributed  1-D DIMACS file 
c width height point_number
p 100000 100000 1024
16 0
19 0
53 0
115 0
175 0
244 0
374 0
380 0
432 0
473 0
505 0
691 0
1004 0
1019 0
1047 0
1201 0
1450 0
1742 0
1770 0
1845 0
1889 0
1980 0
1984 0
2034 0
2179 0
2181 0
2190 0
2486 0
2503 0
2560 0
2600 0
2792 0
2924 0
2995 0
3123 0
3218 0
3426 0
3479 0
3488 0
3573 0
3581 0
3606 0
3607 0
3727 0
3745 0
4065 0
4163 0
4421 0
4451 0
4457 0
4510 0
4645 0
4721 0
4743 0
4831 0
4862 0
4891 0
4947 0
4980 0
5075 0
5139 0
5160 0
5193 0
5272 0
5279 0
5354 0
5517 0
5717 0
5941 0
6036 0
6046 0
6079 0
6173 0
6646 0
6660 0
6815 0
6943 0
7062 0
7079 0
7184 0
7209 0
7298 0
7361 0
7501 0
7520 0
7714 0
7752 0
7754 0
7881 0
7885 0
7938 0
8148 0
8187 0
8337 0
8445 0
8604 0
8643 0
9023 0
9034 0
9160 0
9444 0
9553 0
9765 0
9809 0
9858 0
9905 0
10097 0
10168 0
10337 0
10625 0
10836 0
10883 0
10984 0
10988 0
11028 0
11055 0
11091 0
11239 0
11275 0
11349 0
11518 0
11561 0
11807 0
11820 0
11859 0
11993 0
12107 0
12196 0
12276 0
12314 0
12344 0
12430 0
12694 0
12744 0
13059 0
13133 0
13160 0
13164 0
13190 0
13238 0
13564 0
13672 0
13682 0
13720 0
13784 0
13832 0
13846 0
13883 0
13921 0
13955 0
14028 0
14029 0
14090 0
14314 0
14536 0
14613 0
14767 0
14812 0
14826 0
14915 0
14941 0
14974 0
15124 0
15192 0
15208 0
15238 0
15549 0
15750 0
15788 0
15894 0
15918 0
16203 0
16210 0
16242 0
16278 0
16469 0
16490 0
16512 0
16834 0
16852 0
16904 0
17043 0
17138 0
17228 0
17418 0
17572 0
17691 0
17753 0
17871 0
17876 0
17953 0
17975 0
18064 0
18160 0
18188 0
18533 0
18604 0
18629 0
18892 0
19193 0
19228 0
19371 0
19432 0
19434 0
19479 0
19546 0
19687 0
19752 0
19904 0
19947 0
20119 0
20212 0
20344 0
20353 0
20576 0
20597 0
20610 0
20721 0
20794 0
20801 0
20932 0
20963 0
21061 0
21276 0
21441 0
21636 0
21739 0
21759 0
21980 0
22096 0
22198 0
22226 0
22470 0
22601 0
22738 0
22741 0
22807 0
22808 0
22923 0
23210 0
23317 0
23496 0
23530 0
23579 0
23592 0
23848 0
23883 0
23945 0
24063 0
24116 0
24175 0
24231 0
24273 0
24395 0
24475 0
24571 0
24572 0
24647 0
24695 0
24727 0
24877 0
24954 0
24989 0
25281 0
25292 0
25474 0
25516 0
25519 0
25752 0
25901 0
26042 0
26051 0
26104 0
26339 0
26401 0
26412 0
26445 0
26619 0
26629 0
26704 0
26777 0
26795 0
26797 0
26916 0
27042 0
27314 0
27379 0
27387 0
27501 0
27535 0
27785 0
27989 0
28030 0
28097 0
28103 0
28115 0
28169 0
28337 0
28382 0
28427 0
28432 0
28441 0
28470 0
28736 0
28905 0
29218 0
29235 0
29237 0
29487 0
29508 0
29529 0
29620 0
29644 0
29725 0
29865 0
29994 0
30107 0
30117 0
30166 0
30196 0
30518 0
30776 0
30870 0
31078 0
31229 0
31285 0
31654 0
31658 0
31684 0
31799 0
31812 0
31882 0
31960 0
32026 0
32072 0
32228 0
32294 0
32585 0
32601 0
32644 0
32723 0
32739 0
32840 0
33040 0
33081 0
33171 0
33230 0
33274 0
33465 0
33484 0
33490 0
33713 0
33857 0
33879 0
34241 0
34254 0
34300 0
34351 0
34360 0
34381 0
34448 0
34491 0
34645 0
34656 0
35057 0
35368 0
35438 0
35628 0
35722 0
35731 0
35883 0
35884 0
35953 0
36072 0
36231 0
36317 0
36568 0
36811 0
36843 0
37062 0
37141 0
37184 0
37209 0
37241 0
37404 0
37522 0
37775 0
37890 0
37927 0
38100 0
38115 0
38123 0
38149 0
38197 0
38310 0
38349 0
38393 0
38554 0
38617 0
38704 0
38705 0
38779 0
38836 0
38990 0
39041 0
39057 0
39131 0
39170 0
39301 0
39371 0
39446 0
39540 0
39622 0
39722 0
39763 0
39816 0
39827 0
40411 0
40571 0
40640 0
40666 0
40670 0
40782 0
40789 0
40975 0
40992 0
41004 0
41058 0
41224 0
41230 0
41295 0
41352 0
41378 0
41419 0
41626 0
41693 0
41699 0
41864 0
41900 0
42263 0
42351 0
42434 0
42483 0
42588 0
42628 0
42760 0
42839 0
42850 0
42873 0
43002 0
43011 0
43102 0
43104 0
43185 0
43200 0
43347 0
43425 0
43438 0
43453 0
43501 0
43532 0
43731 0
43744 0
43758 0
43806 0
43826 0
43918 0
44050 0
44197 0
44245 0
44410 0
44511 0
44695 0
44756 0
44811 0
44928 0
44957 0
45303 0
45413 0
45414 0
45419 0
45572 0
45678 0
45743 0
45744 0
45899 0
46164 0
46247 0
46425 0
46506 0
46724 0
46736 0
46771 0
46814 0
46854 0
46947 0
47451 0
47670 0
47691 0
47804 0
47811 0
47827 0
47888 0
48016 0
48080 0
48161 0
48308 0
48322 0
48337 0
48535 0
48637 0
48639 0
48836 0
48951 0
49035 0
49101 0
49305 0
49664 0
49777 0
49852 0
49951 0
49967 0
50058 0
50081 0
50205 0
50412 0
50720 0
51041 0
51054 0
51244 0
51356 0
51621 0
51669 0
51671 0
51890 0
51985 0
52001 0
52097 0
52365 0
52374 0
52389 0
52518 0
52578 0
52733 0
52790 0
52948 0
53027 0
53030 0
53120 0
53349 0
53361 0
53498 0
53526 0
53718 0
53817 0
53966 0
54128 0
54238 0
54248 0
54274 0
54341 0
54348 0
54502 0
54526 0
54562 0
54576 0
54741 0
54851 0
55212 0
55218 0
55481 0
55503 0
55568 0
55662 0
56129 0
56198 0
56226 0
56261 0
56417 0
56448 0
56508 0
56577 0
56639 0
56646 0
56739 0
56906 0
56941 0
56947 0
57072 0
57246 0
57274 0
57507 0
57755 0
57951 0
57962 0
57996 0
58073 0
58148 0
58182 0
58260 0
58273 0
58374 0
58529 0
58768 0
59165 0
59180 0
59194 0
59228 0
59255 0
59272 0
59293 0
59326 0
59406 0
59417 0
59540 0
59566 0
59575 0
59617 0
59715 0
59907 0
60038 0
60103 0
60356 0
60358 0
60578 0
60713 0
60778 0
60798 0
60941 0
60978 0
61087 0
61135 0
61297 0
61372 0
61609 0
61625 0
61634 0
61757 0
61765 0
61971 0
62448 0
62464 0
62466 0
62472 0
62496 0
62601 0
62817 0
62865 0
62901 0
62971 0
62979 0
63053 0
63521 0
63575 0
63621 0
63627 0
63655 0
63698 0
63849 0
63873 0
63891 0
63966 0
64006 0
64338 0
64396 0
64451 0
64462 0
64637 0
64675 0
64788 0
64828 0
65195 0
65344 0
65345 0
65378 0
65420 0
65451 0
65506 0
65557 0
65579 0
65598 0
65806 0
65986 0
66138 0
66355 0
66604 0
66719 0
66843 0
66856 0
66926 0
67064 0
67231 0
67534 0
67540 0
67629 0
67949 0
68036 0
68084 0
68098 0
68129 0
68619 0
68647 0
68712 0
68893 0
68989 0
69133 0
69255 0
69357 0
69422 0
69576 0
69593 0
69596 0
69858 0
69871 0
69955 0
70020 0
70300 0
70317 0
70455 0
70515 0
70705 0
70832 0
71016 0
71119 0
71124 0
71543 0
71645 0
71647 0
71702 0
71758 0
72166 0
72370 0
72421 0
72626 0
72662 0
72736 0
72766 0
72936 0
73333 0
73350 0
73679 0
73882 0
73982 0
74140 0
74152 0
74271 0
74402 0
74535 0
74567 0
74615 0
74805 0
74824 0
74866 0
75024 0
75041 0
75074 0
75369 0
75418 0
75598 0
75609 0
75656 0
75784 0
75873 0
75928 0
76064 0
76194 0
76277 0
76458 0
76528 0
76561 0
76569 0
76573 0
76705 0
76838 0
76875 0
76917 0
76938 0
76979 0
77168 0
77210 0
77291 0
77504 0
77553 0
77685 0
77694 0
77709 0
77743 0
77754 0
77843 0
77947 0
78004 0
78047 0
78347 0
78357 0
78377 0
78391 0
78521 0
78541 0
78753 0
78789 0
78844 0
78897 0
78979 0
79250 0
79575 0
79896 0
79906 0
80083 0
80090 0
80541 0
80612 0
80646 0
80737 0
80744 0
80769 0
80806 0
80831 0
80847 0
80889 0
80974 0
81199 0
81203 0
81204 0
81373 0
81442 0
81732 0
81767 0
81789 0
81896 0
81990 0
81998 0
82017 0
82064 0
82076 0
82099 0
82104 0
82238 0
82404 0
82463 0
82512 0
82524 0
82569 0
82652 0
82701 0
82799 0
83027 0
83071 0
83095 0
83175 0
83261 0
83360 0
83468 0
83707 0
83889 0
83976 0
84092 0
84199 0
84407 0
84727 0
84750 0
84764 0
84774 0
84957 0
85019 0
85024 0
85070 0
85143 0
85223 0
85331 0
85482 0
85550 0
85681 0
85839 0
85853 0
86022 0
86059 0
86264 0
86480 0
86482 0
86522 0
86523 0
86703 0
86711 0
86792 0
86865 0
86973 0
87015 0
87066 0
87093 0
87138 0
87482 0
87577 0
87598 0
87709 0
87791 0
87905 0
87959 0
88250 0
88328 0
88463 0
88610 0
88695 0
88918 0
88927 0
89134 0
89207 0
89377 0
89382 0
89391 0
89531 0
89631 0
89665 0
89715 0
89812 0
89876 0
89882 0
89944 0
89976 0
90072 0
90176 0
90409 0
90446 0
90579 0
90663 0
90719 0
90765 0
90924 0
90986 0
90992 0
91069 0
91131 0
91135 0
91224 0
91463 0
91623 0
91735 0
91751 0
91819 0
91851 0
91951 0
92011 0
92115 0
92134 0
92266 0
92323 0
92374 0
92390 0
92396 0
92422 0
92530 0
92635 0
92637 0
92700 0
92741 0
92893 0
92901 0
92912 0
92953 0
93069 0
93163 0
93249 0
93287 0
93325 0
93351 0
93477 0
93507 0
93670 0
94102 0
94266 0
94322 0
94475 0
94820 0
94885 0
94900 0
94915 0
94971 0
95074 0
95092 0
95139 0
95297 0
95377 0
95451 0
95465 0
95497 0
95530 0
95570 0
95640 0
95852 0
96697 0
96745 0
96811 0
96845 0
96862 0
97049 0
97379 0
97396 0
97439 0
97480 0
97562 0
97598 0
97783 0
97916 0
97934 0
98048 0
98242 0
98278 0
98449 0
98469 0
98540 0
98550 0
98633 0
98686 0
99026 0
99037 0
99080 0
99336 0
99438 0
99519 0
99642 0
99677 0
99783 0
99797 0
99885 0
99998 0
