c This is a uniform distributed  1-D DIMACS file 
c width height point_number
p 100000 100000 1024
29 0
63 0
99 0
124 0
129 0
214 0
263 0
364 0
655 0
743 0
766 0
893 0
908 0
918 0
932 0
950 0
958 0
972 0
1281 0
1296 0
1394 0
1427 0
1446 0
1492 0
1607 0
1802 0
1832 0
1935 0
1976 0
1980 0
2014 0
2542 0
2568 0
2622 0
2701 0
2764 0
2829 0
2975 0
3370 0
3386 0
3400 0
3491 0
3538 0
3623 0
3651 0
3683 0
3702 0
3797 0
3924 0
3948 0
4001 0
4136 0
4146 0
4275 0
4548 0
4551 0
4684 0
4796 0
4848 0
4904 0
5109 0
5137 0
5239 0
5277 0
5305 0
5461 0
5540 0
5580 0
5630 0
5897 0
6076 0
6106 0
6126 0
6196 0
6291 0
6508 0
6611 0
6676 0
6724 0
6761 0
6777 0
6846 0
6853 0
6897 0
7024 0
7140 0
7213 0
7385 0
7398 0
7590 0
7994 0
8079 0
8169 0
8551 0
8584 0
8669 0
8778 0
8987 0
9281 0
9309 0
9333 0
9572 0
9670 0
9823 0
9949 0
9979 0
10005 0
10127 0
10295 0
10325 0
10396 0
10402 0
10455 0
10477 0
10644 0
10855 0
10925 0
11199 0
11664 0
12036 0
12057 0
12249 0
12345 0
12359 0
12374 0
12695 0
12754 0
12770 0
13047 0
13059 0
13118 0
13123 0
13305 0
13440 0
13670 0
13706 0
13714 0
13790 0
13834 0
13840 0
13875 0
13882 0
14181 0
14233 0
14345 0
14457 0
14499 0
14594 0
14655 0
14658 0
14750 0
14810 0
14881 0
14991 0
15067 0
15084 0
15092 0
15132 0
15137 0
15194 0
15858 0
15922 0
15930 0
16092 0
16292 0
16416 0
16515 0
16727 0
16791 0
16940 0
17070 0
17131 0
17390 0
17452 0
17545 0
17598 0
17687 0
17690 0
17981 0
18103 0
18238 0
18266 0
18573 0
18667 0
18672 0
18683 0
18737 0
18741 0
18969 0
19008 0
19106 0
19247 0
19565 0
19708 0
19719 0
19933 0
19985 0
19994 0
20128 0
20179 0
20244 0
20345 0
20505 0
20514 0
20526 0
20566 0
20570 0
20672 0
20857 0
20968 0
20976 0
21045 0
21071 0
21322 0
21495 0
21547 0
21613 0
21719 0
21757 0
21858 0
21880 0
21884 0
21908 0
21916 0
21933 0
21946 0
22194 0
22220 0
22254 0
22308 0
22606 0
22836 0
22845 0
22887 0
22958 0
23196 0
23213 0
23219 0
23291 0
23425 0
23468 0
23602 0
23686 0
23792 0
23929 0
23987 0
24037 0
24194 0
24259 0
24321 0
24367 0
24435 0
24572 0
25050 0
25092 0
25184 0
25213 0
25311 0
25454 0
25463 0
25578 0
25607 0
25708 0
25723 0
25797 0
25812 0
25863 0
25959 0
26043 0
26117 0
26136 0
26171 0
26380 0
26516 0
26641 0
26855 0
27019 0
27077 0
27424 0
27517 0
27519 0
27846 0
27956 0
28076 0
28121 0
28136 0
28174 0
28190 0
28227 0
28311 0
28367 0
28382 0
28540 0
28564 0
28613 0
28824 0
28864 0
28878 0
28929 0
28945 0
29164 0
29243 0
29319 0
29432 0
29670 0
29683 0
29705 0
29854 0
29898 0
29985 0
30218 0
30239 0
30396 0
30536 0
30623 0
31039 0
31078 0
31149 0
31155 0
31286 0
31343 0
31627 0
31666 0
31746 0
31812 0
31830 0
32496 0
32559 0
32576 0
32656 0
32704 0
32711 0
32743 0
32753 0
32755 0
32884 0
33035 0
33200 0
33217 0
33355 0
33373 0
33532 0
33621 0
33717 0
33730 0
33757 0
33788 0
33823 0
33904 0
33919 0
34105 0
34145 0
34412 0
34508 0
34522 0
34559 0
34887 0
34982 0
35063 0
35187 0
35439 0
35483 0
35490 0
35544 0
35579 0
35628 0
35743 0
35748 0
35770 0
35793 0
35839 0
35852 0
36037 0
36054 0
36100 0
36278 0
36365 0
36368 0
36550 0
36743 0
36801 0
37060 0
37229 0
37346 0
37370 0
37414 0
37423 0
37618 0
37652 0
37753 0
37791 0
37986 0
38014 0
38150 0
38247 0
38310 0
38319 0
38394 0
38433 0
38575 0
38905 0
38929 0
39005 0
39225 0
39226 0
39250 0
39367 0
39368 0
39434 0
39546 0
39713 0
39917 0
39921 0
40106 0
40179 0
40194 0
40243 0
40303 0
40380 0
40429 0
40548 0
40922 0
40953 0
41207 0
41233 0
41336 0
41428 0
41496 0
41558 0
41620 0
42004 0
42022 0
42243 0
42655 0
42660 0
42930 0
42979 0
43167 0
43180 0
43556 0
43639 0
43730 0
44038 0
44145 0
44341 0
44455 0
44603 0
44924 0
45140 0
45220 0
45290 0
45321 0
45387 0
45431 0
46277 0
46343 0
46372 0
46403 0
46592 0
46604 0
46651 0
46669 0
46738 0
46821 0
46897 0
46929 0
46998 0
47059 0
47110 0
47128 0
47190 0
47208 0
47227 0
47341 0
47370 0
47403 0
47616 0
47724 0
47760 0
47775 0
47880 0
48092 0
48101 0
48147 0
48239 0
48285 0
48376 0
48409 0
48555 0
48809 0
48853 0
48893 0
49247 0
49399 0
49441 0
49464 0
49480 0
49551 0
49675 0
49716 0
49819 0
49885 0
50066 0
50089 0
50176 0
50618 0
50646 0
50714 0
50914 0
50930 0
50995 0
51145 0
51243 0
51284 0
51521 0
51553 0
51575 0
51658 0
51785 0
51858 0
52012 0
52319 0
52384 0
52418 0
52419 0
52580 0
52687 0
52800 0
52860 0
52934 0
52994 0
53048 0
53133 0
53423 0
53570 0
53685 0
53756 0
53763 0
53791 0
53835 0
53876 0
53959 0
53971 0
53982 0
54023 0
54095 0
54438 0
54672 0
54751 0
54809 0
55085 0
55107 0
55263 0
55343 0
55362 0
55382 0
55490 0
55498 0
55679 0
55702 0
55729 0
55768 0
55810 0
55845 0
55956 0
55990 0
56242 0
56336 0
56345 0
56398 0
56431 0
56465 0
56530 0
56607 0
56609 0
56645 0
56646 0
56660 0
56788 0
56974 0
57316 0
57359 0
57419 0
57928 0
58124 0
58149 0
58197 0
58248 0
58280 0
58291 0
58333 0
58569 0
58647 0
58691 0
58697 0
58785 0
58924 0
58962 0
59169 0
59241 0
59327 0
59468 0
59503 0
59569 0
59616 0
59701 0
59785 0
59786 0
59957 0
60037 0
60154 0
60314 0
60342 0
60443 0
60602 0
60805 0
60807 0
60818 0
60910 0
61031 0
61057 0
61098 0
61153 0
61325 0
61418 0
61424 0
61543 0
61638 0
61686 0
61737 0
62331 0
62407 0
62463 0
62512 0
62533 0
62631 0
62711 0
62902 0
62941 0
62942 0
62973 0
63093 0
63257 0
63321 0
63322 0
63355 0
63366 0
63478 0
63515 0
63563 0
63582 0
63648 0
63743 0
64308 0
64342 0
64454 0
64492 0
64574 0
64578 0
64682 0
64773 0
64888 0
65008 0
65017 0
65105 0
65215 0
65253 0
65255 0
65278 0
65417 0
65514 0
65758 0
65848 0
65875 0
65946 0
66001 0
66073 0
66095 0
66142 0
66279 0
66522 0
66637 0
66694 0
66762 0
66806 0
67014 0
67047 0
67176 0
67278 0
67333 0
67538 0
67629 0
67679 0
67760 0
67956 0
67968 0
68248 0
68335 0
68372 0
68381 0
68480 0
68750 0
68776 0
69094 0
69141 0
69263 0
69272 0
69275 0
69556 0
69584 0
69660 0
69667 0
69706 0
69870 0
70049 0
70071 0
70084 0
70231 0
70280 0
70560 0
70593 0
70697 0
70767 0
70782 0
70789 0
70803 0
70836 0
70963 0
71035 0
71041 0
71075 0
71077 0
71128 0
71146 0
71155 0
71342 0
71379 0
71423 0
71536 0
71585 0
71618 0
71704 0
72033 0
72215 0
72251 0
72289 0
72308 0
72326 0
72490 0
72527 0
72720 0
72791 0
72922 0
72934 0
72954 0
72994 0
73258 0
73275 0
73641 0
73714 0
73929 0
74097 0
74128 0
74291 0
74347 0
74352 0
74357 0
74447 0
74632 0
74701 0
74823 0
74839 0
74900 0
74999 0
75042 0
75125 0
75240 0
75282 0
75339 0
75359 0
75400 0
75684 0
75695 0
76126 0
76145 0
76292 0
76375 0
76456 0
76465 0
76647 0
76666 0
76842 0
76997 0
77015 0
77072 0
77075 0
77089 0
77208 0
77301 0
77485 0
77529 0
77583 0
77637 0
77641 0
77691 0
77739 0
77762 0
77825 0
77857 0
77891 0
78068 0
78230 0
78621 0
78688 0
78697 0
79013 0
79072 0
79130 0
79392 0
79524 0
79981 0
79984 0
80011 0
80021 0
80203 0
80301 0
80387 0
80483 0
80528 0
80565 0
80673 0
80821 0
80822 0
80986 0
81019 0
81102 0
81131 0
81184 0
81202 0
81330 0
81475 0
81559 0
81671 0
81744 0
81885 0
81922 0
82004 0
82233 0
82235 0
82267 0
82280 0
82289 0
82475 0
82601 0
82619 0
82669 0
82701 0
82815 0
82902 0
83082 0
83089 0
83624 0
83806 0
83831 0
83958 0
83960 0
84137 0
84168 0
84175 0
84389 0
84439 0
84816 0
84972 0
85044 0
85230 0
85523 0
85607 0
85768 0
86175 0
86279 0
86292 0
86627 0
86630 0
86639 0
86664 0
86802 0
86895 0
86910 0
86978 0
87421 0
87443 0
87528 0
87550 0
87585 0
87657 0
87672 0
87733 0
87788 0
87875 0
87956 0
88025 0
88090 0
88335 0
88347 0
88383 0
88559 0
88611 0
88733 0
88812 0
88830 0
88839 0
88884 0
88961 0
89064 0
89155 0
89310 0
89624 0
89688 0
89753 0
89793 0
89810 0
89997 0
90126 0
90176 0
90179 0
90298 0
90528 0
90557 0
90674 0
90844 0
90919 0
90991 0
91008 0
91017 0
91047 0
91158 0
91550 0
91601 0
91732 0
91787 0
91865 0
92184 0
92392 0
92503 0
92515 0
92549 0
92596 0
92639 0
92642 0
92650 0
92750 0
92765 0
93131 0
93196 0
93245 0
93338 0
93370 0
93536 0
93700 0
93734 0
93930 0
94192 0
94226 0
94227 0
94486 0
94532 0
94581 0
94697 0
94773 0
94789 0
94796 0
94828 0
94871 0
94898 0
94938 0
95033 0
95077 0
95466 0
95477 0
95890 0
95935 0
95942 0
96040 0
96157 0
96223 0
96351 0
96486 0
96628 0
96649 0
96761 0
96768 0
97003 0
97028 0
97036 0
97079 0
97095 0
97152 0
97424 0
97522 0
97646 0
97680 0
97989 0
98050 0
98132 0
98236 0
98461 0
98503 0
98584 0
98607 0
98613 0
98614 0
98617 0
98797 0
98993 0
99083 0
99131 0
99133 0
99443 0
99546 0
99677 0
99735 0
99741 0
99782 0
99844 0
