c This is a uniform distributed  1-D DIMACS file 
c width height point_number
p 100000 100000 1024
14 0
191 0
216 0
260 0
652 0
753 0
811 0
839 0
853 0
974 0
1036 0
1110 0
1138 0
1253 0
1630 0
1742 0
1892 0
2035 0
2040 0
2154 0
2300 0
2316 0
2346 0
2554 0
2563 0
2648 0
2662 0
2713 0
2831 0
2841 0
3122 0
3172 0
3208 0
3295 0
3371 0
3488 0
3533 0
3604 0
3670 0
3694 0
3872 0
3878 0
3917 0
3979 0
4014 0
4154 0
4300 0
4407 0
4616 0
4716 0
4843 0
4933 0
5122 0
5132 0
5191 0
5230 0
5323 0
5327 0
5376 0
5660 0
5783 0
6196 0
6206 0
6356 0
6400 0
6451 0
6505 0
6530 0
6828 0
6851 0
7007 0
7273 0
7296 0
7366 0
7479 0
7673 0
7695 0
7764 0
7809 0
8001 0
8003 0
8038 0
8138 0
8143 0
8336 0
8391 0
8548 0
8567 0
8868 0
9071 0
9080 0
9342 0
9389 0
9432 0
9474 0
9582 0
9709 0
10214 0
10225 0
10233 0
10505 0
10572 0
10798 0
10826 0
11030 0
11086 0
11289 0
11443 0
11444 0
11499 0
11522 0
11590 0
11592 0
11966 0
12132 0
12138 0
12260 0
12363 0
12451 0
12594 0
12618 0
12619 0
12643 0
12692 0
12741 0
12798 0
12841 0
12862 0
13019 0
13097 0
13252 0
13324 0
13329 0
13397 0
13425 0
13445 0
13674 0
13738 0
14096 0
14123 0
14456 0
14545 0
15126 0
15128 0
15228 0
15352 0
15412 0
15427 0
15469 0
15473 0
15540 0
15592 0
15779 0
15848 0
15876 0
16027 0
16091 0
16109 0
16116 0
16195 0
16224 0
16258 0
16309 0
16310 0
16322 0
16410 0
16482 0
16654 0
16664 0
16897 0
17376 0
17572 0
17585 0
17731 0
17833 0
17887 0
17993 0
18070 0
18128 0
18252 0
18273 0
18305 0
18329 0
18447 0
18791 0
18893 0
19150 0
19460 0
19489 0
19557 0
19560 0
19595 0
19652 0
19727 0
19807 0
20032 0
20069 0
20166 0
20302 0
20534 0
20589 0
20611 0
20689 0
21295 0
21357 0
21475 0
21615 0
21672 0
21715 0
21821 0
22004 0
22175 0
22489 0
22514 0
22556 0
22641 0
22693 0
22714 0
22744 0
22791 0
22828 0
23065 0
23175 0
23209 0
23304 0
23360 0
23370 0
23437 0
23485 0
23521 0
23578 0
23609 0
23637 0
23855 0
23858 0
23995 0
24059 0
24061 0
24599 0
24733 0
24920 0
25283 0
25371 0
25394 0
25561 0
25635 0
25641 0
25924 0
26073 0
26086 0
26097 0
26158 0
26180 0
26351 0
26360 0
26417 0
26422 0
26445 0
26629 0
26630 0
26689 0
27248 0
27412 0
27542 0
27565 0
27679 0
27711 0
27732 0
27767 0
27806 0
27854 0
27876 0
27974 0
28016 0
28100 0
28380 0
28405 0
28576 0
28680 0
28699 0
28720 0
28798 0
28890 0
29240 0
29260 0
29272 0
29564 0
29586 0
29614 0
29662 0
29703 0
29844 0
30058 0
30081 0
30242 0
30249 0
30269 0
30369 0
30592 0
30716 0
30758 0
30765 0
30827 0
30994 0
31028 0
31062 0
31093 0
31115 0
31412 0
31460 0
31540 0
31930 0
32004 0
32020 0
32083 0
32104 0
32123 0
32256 0
32359 0
32440 0
32456 0
32464 0
32468 0
32491 0
32573 0
32590 0
32645 0
32650 0
32723 0
32763 0
32793 0
32798 0
32905 0
33099 0
33421 0
33426 0
33451 0
33456 0
33471 0
33707 0
33783 0
33834 0
33984 0
34020 0
34028 0
34038 0
34143 0
34183 0
34303 0
34562 0
34611 0
34691 0
34951 0
34983 0
35188 0
35226 0
35518 0
35553 0
35665 0
36083 0
36160 0
36242 0
36389 0
36390 0
36446 0
36515 0
36615 0
36680 0
37001 0
37004 0
37026 0
37249 0
37293 0
37500 0
37919 0
38039 0
38063 0
38103 0
38262 0
38328 0
38575 0
38663 0
38928 0
38960 0
39157 0
39196 0
39263 0
39465 0
39526 0
39558 0
39698 0
39807 0
39987 0
40061 0
40157 0
40175 0
40357 0
40359 0
40544 0
40617 0
40758 0
40771 0
40823 0
40824 0
40902 0
40910 0
40978 0
41077 0
41130 0
41231 0
41322 0
41331 0
41436 0
41510 0
41638 0
41809 0
41882 0
41885 0
42041 0
42044 0
42280 0
42287 0
42358 0
42390 0
42439 0
42474 0
42619 0
42645 0
42646 0
42659 0
42721 0
42754 0
42784 0
42965 0
43038 0
43368 0
43402 0
43570 0
43576 0
43632 0
43727 0
43758 0
43775 0
43925 0
43988 0
44017 0
44106 0
44119 0
44151 0
44194 0
44245 0
44286 0
44365 0
44433 0
44551 0
44661 0
44696 0
44805 0
44906 0
44915 0
45028 0
45228 0
45338 0
45468 0
46052 0
46059 0
46086 0
46108 0
46120 0
46184 0
46210 0
46224 0
46225 0
46284 0
46567 0
46590 0
46998 0
47056 0
47221 0
47250 0
47263 0
47280 0
47405 0
47426 0
47575 0
47642 0
47716 0
47746 0
47794 0
47958 0
47994 0
48005 0
48133 0
48182 0
48301 0
48346 0
48412 0
48537 0
48637 0
48739 0
48746 0
48781 0
48791 0
48833 0
48841 0
48922 0
48928 0
48974 0
49108 0
49169 0
49341 0
49545 0
49641 0
49814 0
50215 0
50274 0
50453 0
50563 0
50574 0
50661 0
50664 0
50677 0
50699 0
50717 0
50732 0
50748 0
50799 0
50841 0
50944 0
51002 0
51058 0
51319 0
51416 0
51734 0
51774 0
51983 0
52120 0
52135 0
52298 0
52338 0
52516 0
52518 0
52772 0
52784 0
53334 0
53342 0
54220 0
54403 0
54434 0
54445 0
54499 0
54712 0
54873 0
54874 0
54883 0
54955 0
55020 0
55348 0
55447 0
55472 0
55487 0
55664 0
55819 0
55848 0
55918 0
55940 0
56049 0
56135 0
56167 0
56269 0
56281 0
56469 0
56535 0
56744 0
56933 0
56948 0
56973 0
57081 0
57393 0
57576 0
57640 0
57646 0
57689 0
57721 0
58010 0
58129 0
58174 0
58184 0
58197 0
58258 0
58547 0
58559 0
58639 0
58685 0
58723 0
58987 0
59095 0
59126 0
59151 0
59228 0
59291 0
59563 0
59607 0
59823 0
59829 0
59847 0
59849 0
59866 0
60034 0
60053 0
60200 0
60229 0
60347 0
60376 0
60460 0
60464 0
60730 0
60769 0
60804 0
60966 0
61013 0
61142 0
61179 0
61215 0
61235 0
61287 0
61438 0
61558 0
61674 0
61715 0
61717 0
61750 0
61880 0
61915 0
61950 0
61963 0
62020 0
62041 0
62046 0
62137 0
62206 0
62345 0
62371 0
62424 0
62543 0
62568 0
62715 0
62726 0
62806 0
62832 0
62882 0
63021 0
63068 0
63213 0
63386 0
63493 0
63585 0
63586 0
63648 0
63777 0
63912 0
63955 0
63966 0
63979 0
64125 0
64150 0
64172 0
64236 0
64370 0
64406 0
64471 0
64494 0
64545 0
64730 0
64816 0
64823 0
64901 0
64980 0
64997 0
65046 0
65047 0
65149 0
65288 0
65335 0
65749 0
65834 0
65842 0
65882 0
65927 0
66014 0
66106 0
66130 0
66196 0
66202 0
66396 0
66465 0
66607 0
66641 0
66739 0
66785 0
66786 0
66948 0
66992 0
67005 0
67034 0
67043 0
67094 0
67168 0
67216 0
67236 0
67498 0
67539 0
68160 0
68216 0
68286 0
68606 0
69020 0
69197 0
69290 0
69388 0
69450 0
69515 0
69574 0
69634 0
69672 0
69675 0
69891 0
70007 0
70042 0
70100 0
70152 0
70201 0
70211 0
70254 0
70397 0
70438 0
70590 0
70853 0
70942 0
71116 0
71143 0
71325 0
71391 0
71550 0
71662 0
71704 0
71945 0
71982 0
72225 0
72318 0
72493 0
72540 0
72591 0
72626 0
72710 0
72789 0
72797 0
72821 0
72829 0
72890 0
73156 0
73191 0
73318 0
73422 0
73450 0
73459 0
73520 0
73601 0
73643 0
73723 0
73757 0
74152 0
74560 0
74606 0
74622 0
74672 0
74753 0
75049 0
75070 0
75231 0
75232 0
75283 0
75290 0
75317 0
75587 0
75654 0
75713 0
75903 0
75968 0
76128 0
76150 0
76256 0
76276 0
76574 0
76668 0
76683 0
76815 0
76839 0
76948 0
76949 0
77060 0
77150 0
77434 0
77561 0
77786 0
78203 0
78342 0
78552 0
78635 0
78649 0
78713 0
78838 0
78841 0
78869 0
79104 0
79221 0
79266 0
79300 0
79328 0
79452 0
79573 0
79576 0
79676 0
79705 0
79800 0
79910 0
79922 0
79929 0
79978 0
80002 0
80009 0
80106 0
80136 0
80231 0
80276 0
80334 0
80346 0
80766 0
81144 0
81214 0
81355 0
81489 0
81688 0
81731 0
81776 0
81866 0
82118 0
82245 0
82334 0
82483 0
82630 0
82665 0
82682 0
82867 0
82882 0
82902 0
82938 0
82944 0
82965 0
83381 0
83391 0
83520 0
83557 0
83613 0
83614 0
83861 0
84002 0
84171 0
84462 0
84491 0
84635 0
84637 0
84804 0
84990 0
85039 0
85260 0
85471 0
85494 0
85615 0
85739 0
85760 0
85863 0
86137 0
86314 0
86320 0
86435 0
86439 0
86513 0
86794 0
86896 0
87141 0
87216 0
87289 0
87322 0
87324 0
87338 0
87508 0
87512 0
87655 0
88036 0
88149 0
88172 0
88275 0
88409 0
88425 0
88541 0
88878 0
88898 0
89134 0
89156 0
89227 0
89550 0
89589 0
89658 0
89790 0
89902 0
89918 0
90007 0
90059 0
90082 0
90124 0
90267 0
90586 0
90744 0
90887 0
90977 0
91269 0
91323 0
91602 0
91623 0
91642 0
91709 0
91799 0
91850 0
91881 0
92052 0
92127 0
92243 0
92537 0
92667 0
92778 0
93208 0
93225 0
93282 0
93322 0
93535 0
93618 0
93668 0
93862 0
94164 0
94231 0
94317 0
94323 0
94354 0
94423 0
94510 0
94536 0
94769 0
94800 0
94829 0
94875 0
94907 0
94908 0
94955 0
94967 0
95019 0
95148 0
95172 0
95269 0
95315 0
95323 0
95341 0
95368 0
95374 0
95606 0
95684 0
95857 0
95950 0
96212 0
96418 0
96421 0
96445 0
96645 0
96664 0
96680 0
96700 0
96707 0
96711 0
96716 0
96778 0
96812 0
97090 0
97202 0
97505 0
97529 0
97632 0
97777 0
97806 0
97822 0
97943 0
98120 0
98158 0
98255 0
98369 0
98403 0
98487 0
98536 0
98550 0
98560 0
98669 0
98674 0
98729 0
98866 0
98921 0
98950 0
99417 0
99467 0
99517 0
99564 0
99684 0
99690 0
99775 0
99781 0
99992 0
