c This is a uniform distributed  1-D DIMACS file 
c width height point_number
p 100000 100000 1024
27 0
200 0
316 0
426 0
450 0
635 0
777 0
818 0
823 0
970 0
1086 0
1127 0
1360 0
1433 0
1549 0
1612 0
1717 0
1784 0
1785 0
1956 0
1968 0
1971 0
2077 0
2173 0
2326 0
2567 0
2712 0
2761 0
3027 0
3083 0
3212 0
3499 0
3518 0
3541 0
3727 0
3830 0
3865 0
3901 0
3916 0
3981 0
4056 0
4070 0
4145 0
4184 0
4185 0
4235 0
4275 0
4307 0
4326 0
4758 0
4821 0
4873 0
4883 0
5029 0
5265 0
5291 0
5300 0
5340 0
5374 0
5380 0
5536 0
5735 0
5736 0
5744 0
5750 0
5931 0
6035 0
6963 0
7136 0
7260 0
7281 0
7377 0
7402 0
7411 0
7633 0
7816 0
7965 0
7973 0
8196 0
8337 0
8387 0
8426 0
8554 0
8658 0
8741 0
8815 0
8943 0
9062 0
9267 0
9292 0
9310 0
9401 0
9433 0
9618 0
9678 0
9706 0
9817 0
9960 0
10080 0
10198 0
10252 0
10434 0
10474 0
10534 0
10660 0
10703 0
10749 0
10915 0
11004 0
11239 0
11302 0
11305 0
11362 0
11394 0
11739 0
11891 0
12188 0
12294 0
12407 0
12418 0
12583 0
12774 0
12802 0
12882 0
13079 0
13093 0
13100 0
13124 0
13389 0
13533 0
13568 0
13764 0
13779 0
13793 0
14013 0
14037 0
14082 0
14239 0
14305 0
14366 0
14490 0
14547 0
14710 0
14893 0
14949 0
14953 0
15011 0
15320 0
15404 0
15428 0
15506 0
15513 0
15668 0
15700 0
15712 0
15776 0
15923 0
16062 0
16177 0
16275 0
16555 0
16603 0
16686 0
16716 0
16762 0
16958 0
17105 0
17117 0
17159 0
17214 0
17447 0
17524 0
17618 0
17744 0
17791 0
17797 0
17832 0
17914 0
17920 0
17944 0
17950 0
18002 0
18038 0
18056 0
18119 0
18124 0
18289 0
18404 0
18479 0
18519 0
18600 0
18663 0
19121 0
19187 0
19218 0
19365 0
19613 0
19647 0
19677 0
19751 0
19938 0
20130 0
20168 0
20180 0
20357 0
20412 0
20451 0
20690 0
20742 0
20772 0
20821 0
20839 0
20876 0
20878 0
20907 0
20916 0
20925 0
20947 0
20991 0
21047 0
21213 0
21258 0
21432 0
21478 0
21606 0
21722 0
21952 0
21974 0
22213 0
22295 0
22425 0
22460 0
22697 0
22830 0
22884 0
22911 0
22961 0
23094 0
23105 0
23144 0
23264 0
23296 0
23379 0
23557 0
23603 0
23649 0
23679 0
23760 0
23776 0
23924 0
24226 0
24744 0
24818 0
24941 0
24951 0
25168 0
25235 0
25578 0
25625 0
25687 0
25761 0
25767 0
25797 0
25831 0
25982 0
25985 0
26032 0
26056 0
26167 0
26237 0
26262 0
26315 0
26477 0
26520 0
26785 0
26871 0
26948 0
27054 0
27109 0
27246 0
27310 0
27498 0
27602 0
27605 0
28069 0
28108 0
28142 0
28183 0
28186 0
28361 0
28427 0
28482 0
28573 0
28593 0
28611 0
28737 0
28907 0
28946 0
29157 0
29189 0
29377 0
29389 0
29413 0
29448 0
29689 0
29900 0
30081 0
30146 0
30157 0
30193 0
30346 0
30482 0
30572 0
30603 0
30669 0
30897 0
31156 0
31211 0
31314 0
31409 0
31463 0
31469 0
31471 0
31566 0
31784 0
31855 0
31957 0
31963 0
32187 0
32311 0
32508 0
32692 0
32720 0
32845 0
33012 0
33129 0
33298 0
33427 0
33538 0
33585 0
33703 0
33815 0
34058 0
34162 0
34470 0
34571 0
34577 0
34668 0
34727 0
34761 0
34921 0
34975 0
35250 0
35381 0
35395 0
35417 0
35451 0
35767 0
35820 0
35923 0
36075 0
36241 0
36254 0
36283 0
36309 0
36351 0
36357 0
36368 0
36391 0
36487 0
36583 0
36687 0
36719 0
36925 0
36988 0
37063 0
37090 0
37136 0
37204 0
37331 0
37392 0
37442 0
37755 0
37773 0
37828 0
37967 0
38052 0
38106 0
38109 0
38117 0
38235 0
38246 0
38302 0
38354 0
38367 0
38609 0
38626 0
38677 0
38864 0
39038 0
39104 0
39361 0
39496 0
39575 0
39750 0
39850 0
39905 0
39907 0
39943 0
39984 0
40123 0
40195 0
40231 0
40470 0
40537 0
40649 0
40709 0
40768 0
40780 0
40835 0
40876 0
40992 0
41232 0
41308 0
41430 0
41449 0
41507 0
41531 0
41564 0
41678 0
41748 0
41789 0
41839 0
41854 0
41937 0
42018 0
42295 0
42421 0
42541 0
42598 0
42611 0
42668 0
42671 0
42674 0
42849 0
43046 0
43073 0
43170 0
43229 0
43586 0
43651 0
43731 0
43774 0
43819 0
43928 0
44019 0
44033 0
44038 0
44052 0
44100 0
44102 0
44145 0
44292 0
44323 0
44382 0
44434 0
44485 0
44491 0
44754 0
44760 0
44807 0
44954 0
44990 0
45046 0
45095 0
45136 0
45334 0
45351 0
45377 0
45549 0
45784 0
45882 0
45959 0
46038 0
46047 0
46192 0
46251 0
46277 0
46522 0
47054 0
47084 0
47306 0
47315 0
47477 0
47498 0
47962 0
47967 0
48040 0
48082 0
48199 0
48240 0
48363 0
48371 0
48424 0
48479 0
48564 0
48618 0
48653 0
48787 0
48891 0
48966 0
49002 0
49204 0
49389 0
49602 0
49763 0
49850 0
50150 0
50219 0
50241 0
50247 0
50354 0
50378 0
50452 0
50590 0
50801 0
50803 0
50825 0
50844 0
50947 0
50984 0
51111 0
51278 0
51436 0
51643 0
51678 0
51718 0
52092 0
52106 0
52130 0
52242 0
52310 0
52387 0
52396 0
52555 0
52676 0
52760 0
52763 0
52805 0
52962 0
53134 0
53165 0
53459 0
53497 0
53616 0
53811 0
53815 0
53827 0
54275 0
54372 0
54399 0
54473 0
54501 0
54518 0
54528 0
54575 0
54743 0
54917 0
54992 0
55033 0
55363 0
55455 0
55473 0
55654 0
55671 0
55691 0
56066 0
56067 0
56070 0
56105 0
56124 0
56352 0
56371 0
56393 0
56432 0
56576 0
56577 0
56589 0
56689 0
56814 0
57086 0
57089 0
57113 0
57217 0
57329 0
57360 0
57408 0
57664 0
57675 0
57814 0
57981 0
58022 0
58035 0
58349 0
58404 0
58417 0
58526 0
58613 0
58731 0
58776 0
58846 0
59084 0
59089 0
59125 0
59334 0
59372 0
59387 0
59392 0
59457 0
59537 0
59594 0
59652 0
59767 0
59789 0
59868 0
59949 0
59955 0
59970 0
60010 0
60011 0
60108 0
60184 0
60535 0
60607 0
60640 0
60653 0
60697 0
60790 0
60986 0
61024 0
61064 0
61152 0
61263 0
61319 0
61394 0
61509 0
61620 0
61664 0
61816 0
61824 0
61980 0
62053 0
62409 0
62429 0
62457 0
62506 0
62551 0
62556 0
62791 0
62889 0
62973 0
63228 0
63299 0
63364 0
63421 0
63706 0
63794 0
64333 0
64492 0
64528 0
64564 0
64611 0
64659 0
64740 0
64776 0
64781 0
64837 0
64891 0
64897 0
65010 0
65069 0
65117 0
65181 0
65267 0
65412 0
65509 0
65580 0
65614 0
65639 0
65707 0
65898 0
65922 0
66174 0
66429 0
66517 0
66570 0
66668 0
66748 0
66908 0
67144 0
67209 0
67415 0
67416 0
67562 0
67764 0
67816 0
67856 0
67888 0
67971 0
67993 0
68147 0
68204 0
68423 0
68505 0
68594 0
68712 0
69005 0
69016 0
69073 0
69171 0
69275 0
69323 0
69452 0
69540 0
69564 0
69706 0
69782 0
69811 0
70152 0
70250 0
70267 0
70483 0
70709 0
70878 0
70909 0
70992 0
71098 0
71219 0
71313 0
71347 0
71410 0
71543 0
71778 0
71839 0
71869 0
71957 0
71958 0
71969 0
72023 0
72180 0
72202 0
72265 0
72304 0
72319 0
72339 0
72427 0
72595 0
72992 0
73032 0
73074 0
73164 0
73203 0
73331 0
73451 0
73539 0
73704 0
73708 0
73768 0
73853 0
73863 0
73864 0
74007 0
74256 0
74281 0
74357 0
74367 0
74529 0
74721 0
74793 0
74808 0
74907 0
75125 0
75253 0
75467 0
75559 0
75690 0
75802 0
75944 0
76001 0
76140 0
76544 0
76550 0
76638 0
76648 0
76754 0
76939 0
77065 0
77090 0
77110 0
77263 0
77356 0
77427 0
77461 0
77476 0
77773 0
77808 0
77922 0
77932 0
78093 0
78230 0
78322 0
78553 0
78620 0
78664 0
78796 0
78926 0
79011 0
79194 0
79242 0
79584 0
79822 0
79859 0
79986 0
80090 0
80376 0
80388 0
80535 0
80610 0
80651 0
80758 0
80855 0
80865 0
81019 0
81031 0
81107 0
81445 0
81470 0
81504 0
81546 0
81557 0
81836 0
81967 0
82151 0
82299 0
82377 0
82425 0
82576 0
82646 0
82748 0
82841 0
82942 0
82976 0
83137 0
83274 0
83396 0
83494 0
83564 0
83582 0
83730 0
83802 0
83837 0
83912 0
83972 0
84070 0
84077 0
84082 0
84100 0
84274 0
84386 0
84546 0
84632 0
84746 0
84793 0
85061 0
85071 0
85256 0
85296 0
85403 0
85665 0
85677 0
85848 0
85964 0
86169 0
86175 0
86253 0
86327 0
86349 0
86366 0
86422 0
86435 0
86865 0
86909 0
86941 0
87263 0
87327 0
87550 0
87622 0
87852 0
87908 0
87934 0
88018 0
88239 0
88268 0
88292 0
88333 0
88359 0
88396 0
88531 0
88666 0
88873 0
88929 0
88989 0
89031 0
89038 0
89170 0
89345 0
89488 0
89550 0
89572 0
89628 0
89675 0
89735 0
89871 0
89890 0
89950 0
90160 0
90309 0
90365 0
90686 0
90859 0
90906 0
91263 0
91400 0
91758 0
91823 0
91829 0
91912 0
91920 0
91931 0
91979 0
92079 0
92088 0
92091 0
92233 0
92342 0
92417 0
92475 0
92483 0
92635 0
92856 0
92975 0
93057 0
93189 0
93321 0
93459 0
93560 0
93614 0
93694 0
93939 0
93951 0
93972 0
94041 0
94054 0
94058 0
94176 0
94208 0
94394 0
94771 0
94876 0
94963 0
95333 0
95440 0
95473 0
95557 0
95574 0
95610 0
96046 0
96122 0
96127 0
96147 0
96214 0
96227 0
96284 0
96287 0
96330 0
96535 0
96561 0
96639 0
96694 0
96768 0
96931 0
96956 0
97160 0
97173 0
97341 0
97351 0
97376 0
97393 0
97448 0
97466 0
97504 0
97541 0
97683 0
97714 0
97909 0
98184 0
98307 0
98404 0
98463 0
98466 0
98472 0
98513 0
98646 0
98735 0
98779 0
98812 0
98824 0
99261 0
99288 0
99574 0
99689 0
99857 0
99901 0
99999 0
