c This is a uniform distributed  1-D DIMACS file 
c width height point_number
p 100000 100000 1024
256 0
376 0
618 0
701 0
792 0
854 0
932 0
989 0
1090 0
1109 0
1359 0
1407 0
1461 0
1600 0
1694 0
1778 0
1857 0
1918 0
2076 0
2283 0
2366 0
2450 0
2672 0
2729 0
2814 0
2816 0
2817 0
2864 0
2922 0
3001 0
3045 0
3129 0
3447 0
3465 0
3490 0
3525 0
3746 0
3791 0
3833 0
3919 0
4110 0
4169 0
4213 0
4294 0
4321 0
4479 0
4497 0
4819 0
4923 0
5052 0
5128 0
5200 0
5334 0
5361 0
5729 0
5779 0
5878 0
5996 0
6114 0
6135 0
6157 0
6259 0
6371 0
6516 0
6775 0
6789 0
6820 0
6822 0
6995 0
7407 0
7517 0
7572 0
7605 0
7736 0
7790 0
8047 0
8160 0
8187 0
8279 0
8369 0
8462 0
8514 0
8521 0
8634 0
8649 0
8660 0
8738 0
8834 0
8977 0
9048 0
9206 0
9294 0
9297 0
9473 0
9499 0
9587 0
9694 0
9720 0
9768 0
9827 0
9868 0
9932 0
9946 0
9970 0
10009 0
10099 0
10192 0
10219 0
10227 0
10341 0
10342 0
10379 0
10419 0
10621 0
10801 0
10825 0
10842 0
11090 0
11139 0
11233 0
11293 0
11377 0
11399 0
11521 0
11573 0
11657 0
11682 0
11731 0
12016 0
12135 0
12146 0
12170 0
12450 0
12468 0
12516 0
12527 0
12642 0
12765 0
12769 0
12918 0
13172 0
13414 0
13461 0
13683 0
13776 0
13934 0
14003 0
14124 0
14256 0
14342 0
14432 0
14468 0
14582 0
14595 0
14824 0
14916 0
14922 0
15129 0
15158 0
15160 0
15220 0
15283 0
15397 0
15398 0
15545 0
15651 0
15986 0
15987 0
16017 0
16023 0
16028 0
16243 0
16500 0
16503 0
16548 0
16613 0
16616 0
16620 0
16722 0
16834 0
16902 0
16954 0
16996 0
17348 0
17430 0
17438 0
17690 0
17808 0
17986 0
18057 0
18080 0
18183 0
18250 0
18255 0
18561 0
18580 0
18583 0
18590 0
18751 0
18770 0
18962 0
19157 0
19476 0
19555 0
19602 0
19659 0
19666 0
19674 0
19787 0
19803 0
20000 0
20081 0
20410 0
20509 0
20652 0
20735 0
21087 0
21348 0
21464 0
21630 0
21637 0
21709 0
21787 0
21947 0
22076 0
22506 0
22636 0
22644 0
22671 0
22982 0
23077 0
23149 0
23357 0
23372 0
23616 0
23859 0
23922 0
23934 0
23940 0
24009 0
24103 0
24206 0
24501 0
24514 0
24527 0
24583 0
24685 0
24868 0
24926 0
25038 0
25077 0
25173 0
25190 0
25373 0
25441 0
25608 0
25658 0
25839 0
25872 0
26124 0
26128 0
26134 0
26235 0
26242 0
26377 0
26484 0
26694 0
26763 0
26900 0
27053 0
27065 0
27296 0
27596 0
27619 0
27733 0
27758 0
27827 0
27883 0
28069 0
28086 0
28120 0
28123 0
28188 0
28204 0
28209 0
28278 0
28353 0
28360 0
28421 0
28445 0
28548 0
28630 0
28857 0
28880 0
28889 0
28904 0
28912 0
28930 0
29091 0
29110 0
29290 0
29354 0
29609 0
29699 0
29719 0
29838 0
29898 0
29900 0
29962 0
30115 0
30163 0
30164 0
30232 0
30261 0
30377 0
30433 0
30633 0
30714 0
30719 0
30854 0
30876 0
31037 0
31065 0
31080 0
31082 0
31095 0
31110 0
31313 0
31436 0
31525 0
31676 0
31865 0
31887 0
32023 0
32392 0
32503 0
32505 0
32687 0
32802 0
32805 0
32936 0
33044 0
33200 0
33244 0
33282 0
33406 0
33504 0
33572 0
33653 0
33761 0
33879 0
33904 0
34113 0
34193 0
34202 0
34295 0
34349 0
34503 0
34518 0
34699 0
34753 0
35229 0
35458 0
35553 0
35649 0
35721 0
35933 0
36003 0
36297 0
36301 0
36360 0
36366 0
36447 0
36510 0
36526 0
36622 0
36650 0
36704 0
36770 0
37083 0
37102 0
37170 0
37192 0
37326 0
37336 0
37678 0
37915 0
37966 0
38067 0
38162 0
38179 0
38318 0
38349 0
38490 0
38514 0
38553 0
38583 0
38630 0
38640 0
38693 0
38778 0
38829 0
38966 0
38980 0
38991 0
39144 0
39254 0
39265 0
39366 0
39451 0
39506 0
39590 0
39657 0
39713 0
39769 0
39789 0
39864 0
39910 0
40203 0
40213 0
40357 0
40468 0
40518 0
40610 0
40967 0
41004 0
41083 0
41106 0
41135 0
41168 0
41182 0
41660 0
41685 0
41686 0
41720 0
41993 0
42253 0
42402 0
42471 0
42665 0
42712 0
42830 0
42991 0
43112 0
43192 0
43225 0
43241 0
43355 0
43470 0
43497 0
43499 0
43670 0
43747 0
43806 0
44025 0
44038 0
44169 0
44213 0
44519 0
44630 0
44863 0
44946 0
45133 0
45197 0
45237 0
45240 0
45321 0
45364 0
45641 0
45644 0
45664 0
45814 0
45848 0
45970 0
46488 0
46505 0
46633 0
46810 0
46847 0
46918 0
46994 0
47028 0
47030 0
47256 0
47447 0
47517 0
47583 0
47591 0
47615 0
47655 0
47745 0
47761 0
47806 0
47923 0
47965 0
47976 0
47999 0
48388 0
48544 0
48598 0
48643 0
48669 0
48691 0
48728 0
48818 0
48932 0
49092 0
49249 0
49250 0
49270 0
49284 0
49337 0
49716 0
49780 0
49791 0
49856 0
50070 0
50129 0
50267 0
50445 0
50451 0
50518 0
50552 0
50592 0
50645 0
50670 0
50702 0
50744 0
50778 0
50844 0
50890 0
50919 0
51116 0
51125 0
51303 0
51411 0
51418 0
51435 0
51587 0
51614 0
51766 0
51996 0
52010 0
52024 0
52244 0
52409 0
52471 0
52610 0
52652 0
52901 0
53106 0
53162 0
53184 0
53198 0
53492 0
53536 0
53602 0
53729 0
53795 0
53920 0
54014 0
54018 0
54045 0
54126 0
54206 0
54426 0
54461 0
54509 0
54715 0
54770 0
54952 0
55025 0
55039 0
55117 0
55174 0
55390 0
55495 0
55733 0
55787 0
55868 0
56328 0
56360 0
56381 0
56420 0
56427 0
56447 0
56524 0
56609 0
56616 0
56626 0
56677 0
56788 0
56841 0
56987 0
56994 0
57072 0
57188 0
57189 0
57259 0
57418 0
57434 0
57580 0
57592 0
57620 0
57624 0
57665 0
57671 0
57781 0
57815 0
57888 0
58019 0
58129 0
58144 0
58186 0
58192 0
58321 0
58363 0
58402 0
58474 0
58516 0
58604 0
58899 0
59073 0
59104 0
59263 0
59338 0
59582 0
59667 0
59715 0
59734 0
59837 0
59960 0
60066 0
60207 0
60244 0
60427 0
60491 0
60510 0
60519 0
60528 0
60544 0
60568 0
60703 0
60733 0
60780 0
60795 0
60851 0
61015 0
61043 0
61059 0
61153 0
61242 0
61325 0
61482 0
61517 0
61572 0
61604 0
61686 0
61723 0
61800 0
61891 0
62119 0
62130 0
62312 0
62476 0
62549 0
62649 0
62692 0
62714 0
62818 0
63161 0
63183 0
63320 0
63355 0
63678 0
63681 0
63738 0
63744 0
63890 0
63943 0
63952 0
64047 0
64176 0
64343 0
64561 0
64563 0
64919 0
65096 0
65130 0
65144 0
65186 0
65374 0
65402 0
65567 0
65701 0
65818 0
65971 0
65996 0
66015 0
66409 0
66480 0
66489 0
66675 0
66687 0
66796 0
67060 0
67322 0
67338 0
67339 0
67530 0
67667 0
67698 0
67783 0
67787 0
67828 0
67842 0
67848 0
67947 0
68003 0
68100 0
68376 0
68452 0
68565 0
68880 0
69008 0
69139 0
69214 0
69247 0
69249 0
69262 0
69414 0
69594 0
69667 0
69797 0
69837 0
69957 0
70012 0
70135 0
70203 0
70462 0
70714 0
70993 0
71002 0
71078 0
71113 0
71166 0
71275 0
71355 0
71522 0
71600 0
71624 0
71865 0
71914 0
71943 0
71960 0
72028 0
72082 0
72140 0
72258 0
72667 0
72732 0
72752 0
72764 0
72942 0
73068 0
73216 0
73285 0
73346 0
73386 0
73442 0
73576 0
73743 0
73929 0
74084 0
74124 0
74214 0
74395 0
74417 0
74677 0
74678 0
74718 0
74724 0
74817 0
74878 0
75139 0
75184 0
75198 0
75319 0
75568 0
75596 0
75651 0
75794 0
75809 0
76017 0
76118 0
76174 0
76273 0
76310 0
76319 0
76422 0
76473 0
76604 0
76680 0
76701 0
76785 0
76934 0
77004 0
77053 0
77208 0
77483 0
77489 0
77949 0
78003 0
78030 0
78193 0
78251 0
78336 0
78523 0
78743 0
78955 0
78993 0
78997 0
79087 0
79123 0
79563 0
79594 0
79924 0
79987 0
80126 0
80176 0
80301 0
80343 0
80357 0
80445 0
80514 0
80753 0
80776 0
80800 0
81030 0
81043 0
81069 0
81126 0
81144 0
81146 0
81207 0
81316 0
81362 0
81449 0
81518 0
81641 0
81650 0
81698 0
81839 0
81895 0
81924 0
82172 0
82324 0
82377 0
82546 0
82684 0
82721 0
82742 0
82769 0
82849 0
83235 0
83302 0
83476 0
83506 0
83597 0
83618 0
83810 0
83954 0
83976 0
84482 0
84485 0
84655 0
84734 0
84774 0
84927 0
85006 0
85039 0
85072 0
85114 0
85118 0
85196 0
85261 0
85290 0
85436 0
85499 0
85603 0
85787 0
85792 0
85923 0
85987 0
85991 0
86040 0
86094 0
86124 0
86187 0
86244 0
86304 0
86309 0
86436 0
86708 0
87042 0
87084 0
87150 0
87330 0
87341 0
87453 0
87633 0
87654 0
87735 0
87785 0
87922 0
87924 0
87940 0
88140 0
88156 0
88277 0
88476 0
88578 0
88741 0
88947 0
89104 0
89259 0
89290 0
89310 0
89400 0
89635 0
89660 0
89707 0
89790 0
89890 0
89984 0
90272 0
90390 0
90405 0
90582 0
90615 0
90689 0
90783 0
90786 0
90964 0
91042 0
91122 0
91309 0
91361 0
91454 0
91580 0
91714 0
91880 0
91947 0
91987 0
92165 0
92290 0
92440 0
92704 0
93132 0
93247 0
93407 0
93416 0
93483 0
93495 0
93673 0
93788 0
93829 0
93892 0
94028 0
94592 0
94667 0
94772 0
94802 0
94855 0
95099 0
95135 0
95166 0
95270 0
95282 0
95327 0
95415 0
95456 0
95494 0
95639 0
95820 0
95837 0
96082 0
96096 0
96123 0
96197 0
96311 0
96494 0
96596 0
96659 0
96939 0
96957 0
96996 0
97134 0
97328 0
97367 0
97388 0
97663 0
97743 0
97914 0
97938 0
98061 0
98149 0
98221 0
98298 0
98460 0
98525 0
98607 0
98728 0
98734 0
98993 0
99011 0
99057 0
99139 0
99188 0
99193 0
99635 0
99739 0
99753 0
99846 0
