c This is a uniform distributed  1-D DIMACS file 
c width height point_number
p 100000 100000 1024
56 0
207 0
302 0
303 0
385 0
405 0
413 0
729 0
770 0
855 0
861 0
1016 0
1017 0
1063 0
1151 0
1253 0
1325 0
1543 0
1606 0
1803 0
2050 0
2201 0
2369 0
2558 0
2569 0
2694 0
2696 0
2748 0
2812 0
2870 0
2912 0
3052 0
3268 0
3344 0
3374 0
3421 0
3437 0
3562 0
3597 0
3710 0
3749 0
3813 0
3891 0
3988 0
4001 0
4015 0
4159 0
4325 0
4433 0
4500 0
4612 0
4622 0
4633 0
4749 0
4810 0
4836 0
5123 0
5127 0
5238 0
5241 0
5259 0
5312 0
5487 0
5531 0
5540 0
5570 0
5601 0
5714 0
5802 0
5896 0
5950 0
6091 0
6103 0
6169 0
6230 0
6255 0
6266 0
6296 0
6372 0
6656 0
6777 0
6802 0
6894 0
6911 0
6942 0
6950 0
6971 0
7115 0
7240 0
7358 0
7393 0
7401 0
7544 0
7562 0
7806 0
8111 0
8156 0
8309 0
8336 0
8393 0
8416 0
8572 0
8681 0
8703 0
8717 0
8718 0
8793 0
9112 0
9269 0
9338 0
9349 0
9436 0
9475 0
9541 0
9663 0
9693 0
9824 0
9861 0
10268 0
10479 0
10489 0
10493 0
10628 0
10648 0
10730 0
10917 0
10966 0
10967 0
10976 0
11024 0
11094 0
11112 0
11131 0
11175 0
11315 0
11339 0
11395 0
11412 0
11535 0
11638 0
11939 0
12016 0
12162 0
12184 0
12186 0
12667 0
12689 0
12764 0
12875 0
12911 0
13047 0
13117 0
13285 0
13404 0
13457 0
13501 0
13546 0
13808 0
13844 0
13919 0
13987 0
14389 0
14398 0
14490 0
15035 0
15152 0
15255 0
15306 0
15339 0
15486 0
15708 0
15709 0
15796 0
16024 0
16365 0
16372 0
16390 0
16647 0
16749 0
16780 0
16897 0
16908 0
16965 0
17020 0
17101 0
17145 0
17160 0
17261 0
17430 0
17641 0
17956 0
18018 0
18031 0
18048 0
18071 0
18072 0
18142 0
18385 0
18432 0
18590 0
18712 0
18778 0
18889 0
19066 0
19088 0
19191 0
19199 0
19263 0
19458 0
19509 0
19739 0
19759 0
19831 0
19871 0
19964 0
20057 0
20151 0
20160 0
20310 0
20359 0
20385 0
20560 0
20765 0
20933 0
21353 0
21358 0
21448 0
21546 0
21678 0
21690 0
21733 0
21835 0
21919 0
21950 0
21960 0
21977 0
22300 0
22400 0
22416 0
22575 0
22663 0
22672 0
22678 0
22701 0
23050 0
23062 0
23094 0
23248 0
23276 0
23290 0
23322 0
23329 0
23387 0
23420 0
23484 0
23525 0
23575 0
23625 0
23626 0
23665 0
23715 0
23777 0
23794 0
23834 0
23898 0
23955 0
23960 0
23961 0
24072 0
24215 0
24286 0
24301 0
24467 0
24505 0
24539 0
24819 0
25185 0
25290 0
25343 0
25352 0
25471 0
25659 0
25935 0
25940 0
25946 0
26070 0
26093 0
26106 0
26310 0
26433 0
26642 0
26647 0
26735 0
26737 0
26791 0
26855 0
26963 0
27140 0
27193 0
27267 0
27286 0
27351 0
27356 0
27447 0
27533 0
27664 0
27713 0
27752 0
28017 0
28025 0
28252 0
28296 0
28694 0
28700 0
28733 0
29125 0
29190 0
29300 0
29376 0
29593 0
29704 0
29856 0
30081 0
30307 0
30355 0
30356 0
30536 0
30747 0
30978 0
31025 0
31552 0
31617 0
31922 0
32050 0
32094 0
32098 0
32202 0
32218 0
32308 0
32480 0
32607 0
32636 0
32712 0
32746 0
33160 0
33308 0
33435 0
33497 0
33592 0
33828 0
33829 0
34350 0
34530 0
34579 0
34585 0
34621 0
34675 0
34699 0
34755 0
34767 0
34817 0
34912 0
35196 0
35223 0
35248 0
35271 0
35548 0
35736 0
35774 0
35778 0
35855 0
35910 0
35921 0
36188 0
36209 0
36213 0
36396 0
36587 0
36632 0
36669 0
36940 0
37066 0
37081 0
37132 0
37158 0
37195 0
37442 0
37505 0
37627 0
37745 0
37842 0
37893 0
38045 0
38089 0
38103 0
38111 0
38305 0
38361 0
38414 0
38468 0
38495 0
38514 0
38519 0
38624 0
38639 0
38661 0
38757 0
38766 0
39082 0
39100 0
39299 0
39354 0
39385 0
39505 0
39735 0
39750 0
39765 0
39791 0
39812 0
39955 0
40159 0
40263 0
40398 0
40758 0
40765 0
40775 0
40819 0
40944 0
41091 0
41241 0
41431 0
41556 0
41607 0
41976 0
42108 0
42319 0
42345 0
42349 0
42558 0
42643 0
42809 0
42919 0
42942 0
42945 0
43002 0
43017 0
43089 0
43126 0
43222 0
43287 0
43485 0
43526 0
43586 0
43920 0
44065 0
44079 0
44132 0
44239 0
44248 0
44262 0
44263 0
44426 0
44483 0
44812 0
45003 0
45018 0
45107 0
45237 0
45446 0
45526 0
45544 0
45715 0
45759 0
46176 0
46215 0
46272 0
46428 0
46541 0
46577 0
46718 0
46733 0
46844 0
46960 0
46976 0
47203 0
47255 0
47281 0
47296 0
47334 0
47606 0
47916 0
47927 0
48137 0
48191 0
48355 0
48405 0
48448 0
48556 0
48748 0
48926 0
48985 0
49081 0
49116 0
49378 0
49408 0
49690 0
49727 0
49812 0
49923 0
50016 0
50109 0
50301 0
50337 0
50344 0
50429 0
50449 0
50518 0
50613 0
50637 0
50860 0
50991 0
50994 0
51006 0
51215 0
51294 0
51408 0
51664 0
51746 0
51886 0
51935 0
51991 0
51992 0
52084 0
52225 0
52252 0
52257 0
52330 0
52529 0
52639 0
52663 0
52734 0
52737 0
52797 0
52922 0
52993 0
52996 0
53007 0
53223 0
53331 0
53352 0
53414 0
53683 0
53708 0
53872 0
53933 0
54022 0
54046 0
54099 0
54241 0
54269 0
54341 0
54385 0
54554 0
54694 0
54749 0
54887 0
55017 0
55070 0
55124 0
55130 0
55285 0
55394 0
55480 0
55592 0
55610 0
55646 0
55659 0
55681 0
55767 0
55772 0
55821 0
56045 0
56139 0
56179 0
56180 0
56251 0
56398 0
56492 0
56557 0
56571 0
56574 0
56662 0
56794 0
56801 0
56836 0
56887 0
56959 0
57044 0
57092 0
57109 0
57459 0
57680 0
57800 0
57855 0
58018 0
58054 0
58142 0
58244 0
58336 0
58657 0
58872 0
59032 0
59041 0
59102 0
59151 0
59164 0
59276 0
59400 0
59495 0
59639 0
59736 0
60005 0
60101 0
60161 0
60264 0
60404 0
60567 0
60693 0
60714 0
60891 0
60922 0
61088 0
61136 0
61229 0
61268 0
61374 0
61390 0
61435 0
61477 0
61530 0
61630 0
61643 0
61814 0
61859 0
61878 0
61887 0
62004 0
62293 0
62593 0
62624 0
62681 0
62753 0
62857 0
62956 0
62982 0
63209 0
63336 0
63705 0
63735 0
63933 0
64045 0
64292 0
64506 0
64821 0
64896 0
64926 0
65216 0
65319 0
65418 0
65511 0
65546 0
65698 0
65726 0
65727 0
65734 0
65954 0
66041 0
66106 0
66200 0
66204 0
66235 0
66236 0
66321 0
66388 0
66413 0
66558 0
66618 0
66691 0
66704 0
66804 0
66843 0
67068 0
67122 0
67173 0
67215 0
67216 0
67222 0
67271 0
67436 0
67564 0
67642 0
67662 0
67864 0
67970 0
68028 0
68149 0
68386 0
68451 0
68498 0
68841 0
68867 0
69043 0
69093 0
69164 0
69173 0
69450 0
69480 0
69679 0
69725 0
69837 0
69897 0
70032 0
70081 0
70092 0
70174 0
70272 0
70314 0
70317 0
70341 0
70391 0
70468 0
70589 0
70593 0
70641 0
71159 0
71181 0
71212 0
71296 0
71727 0
71775 0
71911 0
71933 0
72083 0
72125 0
72268 0
72275 0
72304 0
72370 0
72410 0
72475 0
72593 0
72616 0
72695 0
72790 0
72937 0
72992 0
73478 0
73480 0
73524 0
73531 0
73554 0
73657 0
73667 0
73687 0
73689 0
73745 0
73795 0
73848 0
73964 0
73970 0
74066 0
74291 0
74461 0
74544 0
74741 0
75354 0
75451 0
75673 0
75698 0
75704 0
75746 0
75767 0
75881 0
76091 0
76126 0
76214 0
76324 0
76430 0
76540 0
76553 0
76798 0
76821 0
77053 0
77150 0
77190 0
77372 0
77374 0
77506 0
77576 0
77710 0
77736 0
78070 0
78588 0
78604 0
78658 0
78753 0
78782 0
78833 0
78860 0
78954 0
79105 0
79253 0
79310 0
79460 0
79576 0
79606 0
79635 0
79715 0
79906 0
79910 0
80039 0
80078 0
80136 0
80220 0
80357 0
80624 0
80643 0
80720 0
80739 0
81265 0
81318 0
81450 0
81735 0
81819 0
82019 0
82075 0
82153 0
82387 0
82559 0
82638 0
82746 0
82751 0
82799 0
82839 0
82845 0
82849 0
82874 0
82949 0
82987 0
82990 0
83043 0
83105 0
83212 0
83252 0
83286 0
83461 0
83614 0
83764 0
83808 0
83880 0
84077 0
84479 0
84652 0
84655 0
84660 0
84665 0
84666 0
84718 0
84792 0
84897 0
85068 0
85306 0
85315 0
85393 0
85617 0
85656 0
85982 0
86000 0
86028 0
86189 0
86203 0
86417 0
86673 0
86705 0
86770 0
86780 0
86808 0
86832 0
86901 0
87045 0
87055 0
87093 0
87143 0
87236 0
87314 0
87370 0
87456 0
87499 0
87506 0
87509 0
87539 0
87546 0
87732 0
87898 0
87923 0
87940 0
88093 0
88224 0
88462 0
88465 0
88615 0
88669 0
88727 0
88859 0
88870 0
88892 0
89046 0
89085 0
89113 0
89136 0
89340 0
89475 0
89476 0
89481 0
89589 0
89644 0
89781 0
89790 0
89813 0
89913 0
89931 0
90085 0
90273 0
90470 0
90736 0
90826 0
90853 0
90983 0
91008 0
91084 0
91268 0
91363 0
91388 0
91413 0
91681 0
91748 0
91793 0
91795 0
91866 0
91907 0
92068 0
92094 0
92194 0
92235 0
92437 0
92659 0
92706 0
92773 0
92788 0
92921 0
93009 0
93017 0
93046 0
93106 0
93180 0
93230 0
93265 0
93385 0
93397 0
93427 0
93469 0
93558 0
93611 0
93715 0
93849 0
94075 0
94180 0
94210 0
94247 0
94298 0
94457 0
94477 0
94661 0
94664 0
94705 0
94759 0
94842 0
94857 0
95004 0
95085 0
95258 0
95260 0
95286 0
95436 0
95463 0
95743 0
95840 0
95982 0
96277 0
96355 0
96602 0
96753 0
96826 0
97008 0
97204 0
97240 0
97380 0
97505 0
97533 0
97857 0
97889 0
98019 0
98099 0
98117 0
98143 0
98507 0
98807 0
99158 0
99300 0
99519 0
99523 0
99658 0
99714 0
99836 0
