c This is a uniform distributed  1-D DIMACS file 
c width height point_number
p 100000 100000 1024
25 0
33 0
77 0
112 0
235 0
691 0
740 0
761 0
772 0
775 0
957 0
1049 0
1506 0
1587 0
1677 0
1706 0
1907 0
1929 0
2045 0
2071 0
2395 0
2422 0
2454 0
2632 0
2689 0
2738 0
2967 0
2983 0
3053 0
3091 0
3190 0
3343 0
3375 0
3384 0
3426 0
3593 0
3680 0
3772 0
3898 0
4112 0
4140 0
4222 0
4388 0
4392 0
4537 0
4976 0
4999 0
5034 0
5128 0
5143 0
5145 0
5257 0
5262 0
5270 0
5300 0
5355 0
5461 0
5577 0
5813 0
5945 0
5994 0
6018 0
6451 0
6459 0
6523 0
6555 0
6556 0
6562 0
6619 0
6703 0
6778 0
6864 0
6997 0
7129 0
7192 0
7413 0
7441 0
7685 0
7713 0
7845 0
7986 0
8044 0
8057 0
8171 0
8196 0
8363 0
8424 0
8451 0
8560 0
8603 0
8638 0
8703 0
8705 0
8778 0
8820 0
8918 0
9396 0
9432 0
9542 0
9561 0
9828 0
9880 0
9950 0
10139 0
10152 0
10258 0
10353 0
10394 0
10575 0
10724 0
10729 0
10750 0
10758 0
11054 0
11198 0
11278 0
11313 0
11477 0
11633 0
11673 0
11748 0
11778 0
11820 0
11825 0
11890 0
11913 0
12169 0
12227 0
12473 0
12535 0
12566 0
12857 0
12893 0
12949 0
13074 0
13096 0
13132 0
13535 0
13539 0
13550 0
13727 0
13834 0
13964 0
14004 0
14295 0
14311 0
14327 0
14427 0
14430 0
14577 0
14619 0
14743 0
14896 0
14898 0
14961 0
14984 0
15494 0
15501 0
15506 0
15666 0
15749 0
15928 0
16072 0
16126 0
16152 0
16153 0
16194 0
16242 0
16299 0
16321 0
16664 0
16685 0
17117 0
17182 0
17207 0
17210 0
17308 0
17412 0
17433 0
17741 0
17752 0
17810 0
17911 0
17949 0
18000 0
18030 0
18074 0
18110 0
18168 0
18209 0
18409 0
18599 0
18699 0
18703 0
18764 0
18967 0
19228 0
19260 0
19386 0
19577 0
19836 0
20040 0
20064 0
20068 0
20087 0
20117 0
20226 0
20272 0
20344 0
20376 0
20501 0
20771 0
20815 0
20882 0
20959 0
20993 0
21240 0
21293 0
21365 0
21412 0
21691 0
21837 0
21839 0
21993 0
22010 0
22072 0
22253 0
22439 0
22526 0
22630 0
22667 0
22706 0
22803 0
23085 0
23262 0
23327 0
23356 0
23420 0
23437 0
23773 0
23792 0
23842 0
23853 0
23890 0
23962 0
23963 0
24013 0
24047 0
24156 0
24240 0
24390 0
24402 0
24406 0
24533 0
24567 0
24852 0
24911 0
24919 0
24965 0
25077 0
25107 0
25145 0
25377 0
25411 0
25645 0
25821 0
25863 0
25868 0
26100 0
26177 0
26252 0
26307 0
26476 0
26629 0
26718 0
26781 0
26825 0
26904 0
27108 0
27160 0
27264 0
27345 0
27409 0
27456 0
27596 0
27615 0
27665 0
27898 0
28089 0
28092 0
28152 0
28219 0
28403 0
28549 0
28556 0
28765 0
28823 0
28927 0
29035 0
29143 0
29256 0
29440 0
29473 0
29492 0
29710 0
29773 0
30074 0
30096 0
30200 0
30458 0
30510 0
30569 0
30628 0
30690 0
30734 0
30835 0
30846 0
31033 0
31071 0
31149 0
31221 0
31401 0
31503 0
31562 0
31578 0
31743 0
31924 0
32005 0
32290 0
32368 0
32374 0
32531 0
32534 0
32635 0
32676 0
32708 0
32728 0
32863 0
32951 0
33089 0
33238 0
33255 0
33309 0
33539 0
33703 0
33774 0
33796 0
33864 0
33954 0
34118 0
34126 0
34236 0
34289 0
34313 0
34347 0
34408 0
34509 0
34542 0
34571 0
34576 0
34626 0
34767 0
34788 0
34809 0
34905 0
34929 0
35078 0
35252 0
35299 0
35496 0
35582 0
35609 0
35631 0
35668 0
35893 0
35956 0
35991 0
36006 0
36070 0
36074 0
36105 0
36165 0
36171 0
36336 0
36408 0
36677 0
36793 0
36863 0
36873 0
37042 0
37067 0
37575 0
37581 0
37711 0
37756 0
37978 0
38152 0
38166 0
38493 0
38500 0
38672 0
38697 0
38898 0
38994 0
39059 0
39125 0
39156 0
39282 0
39337 0
39412 0
39509 0
39620 0
39868 0
39931 0
40012 0
40029 0
40212 0
40364 0
40493 0
40500 0
40610 0
40613 0
40657 0
40694 0
40922 0
40968 0
41016 0
41263 0
41346 0
41399 0
41433 0
41453 0
41491 0
41623 0
41776 0
41873 0
41929 0
41949 0
42203 0
42314 0
42487 0
42576 0
42640 0
42863 0
43230 0
43292 0
43345 0
43394 0
43428 0
43447 0
43483 0
43485 0
43895 0
44078 0
44114 0
44121 0
44191 0
44339 0
44378 0
44396 0
44410 0
44456 0
44463 0
44535 0
44699 0
45157 0
45263 0
45406 0
45452 0
45467 0
45690 0
45730 0
45916 0
46171 0
46366 0
46539 0
46552 0
46730 0
46755 0
46826 0
47130 0
47148 0
47250 0
47276 0
47378 0
47387 0
47434 0
47466 0
47530 0
47624 0
47679 0
48277 0
48384 0
48431 0
48542 0
48558 0
48672 0
48815 0
48908 0
48933 0
49088 0
49173 0
49200 0
49335 0
49361 0
49388 0
49394 0
49466 0
49473 0
49572 0
49640 0
49653 0
49835 0
49869 0
49885 0
49947 0
50073 0
50300 0
50361 0
50415 0
50563 0
50705 0
50781 0
50918 0
51051 0
51070 0
51191 0
51284 0
51293 0
51428 0
51510 0
51663 0
51942 0
51980 0
52090 0
52294 0
52305 0
52414 0
52578 0
52604 0
52805 0
52842 0
53026 0
53099 0
53186 0
53191 0
53192 0
53588 0
53785 0
53909 0
53938 0
54047 0
54383 0
54455 0
54506 0
54523 0
54869 0
54879 0
54901 0
55013 0
55222 0
55226 0
55379 0
55574 0
55641 0
55644 0
55823 0
55906 0
55919 0
56171 0
56256 0
56261 0
56351 0
56367 0
56687 0
56933 0
56938 0
56949 0
56981 0
57001 0
57026 0
57121 0
57142 0
57290 0
57348 0
57441 0
57509 0
57756 0
57764 0
57823 0
57975 0
57978 0
58274 0
58387 0
58579 0
58752 0
58774 0
58808 0
58912 0
58917 0
58920 0
58931 0
59032 0
59112 0
59146 0
59174 0
59229 0
59343 0
59448 0
59459 0
59629 0
59639 0
59645 0
59721 0
59769 0
59800 0
59853 0
59930 0
60025 0
60028 0
60123 0
60286 0
60332 0
60377 0
60470 0
60477 0
60516 0
60728 0
60791 0
60946 0
60963 0
60972 0
60997 0
61085 0
61086 0
61230 0
61467 0
61546 0
61653 0
61696 0
61872 0
62167 0
62201 0
62373 0
62457 0
62550 0
62570 0
62982 0
63055 0
63093 0
63200 0
63472 0
63518 0
63623 0
63651 0
63816 0
64239 0
64498 0
64513 0
64700 0
64772 0
64812 0
64857 0
64957 0
65059 0
65065 0
65309 0
65310 0
65433 0
65531 0
65711 0
66033 0
66064 0
66105 0
66117 0
66192 0
66220 0
66255 0
66329 0
66344 0
66555 0
66572 0
66639 0
66708 0
66728 0
66781 0
66800 0
66958 0
67020 0
67042 0
67132 0
67392 0
67398 0
67531 0
67756 0
67926 0
68012 0
68016 0
68348 0
68387 0
68783 0
68874 0
68996 0
69098 0
69435 0
69452 0
69466 0
69572 0
69589 0
69611 0
69651 0
69688 0
69803 0
69950 0
70044 0
70098 0
70145 0
70223 0
70307 0
70347 0
70375 0
70472 0
70649 0
70658 0
70725 0
70778 0
70822 0
70991 0
71123 0
71140 0
71285 0
71403 0
71452 0
71591 0
71631 0
71643 0
72042 0
72194 0
72200 0
72211 0
72463 0
72541 0
72669 0
72737 0
73006 0
73051 0
73093 0
73237 0
73474 0
73564 0
73685 0
73695 0
73704 0
74300 0
74384 0
74401 0
74588 0
74606 0
74849 0
74910 0
75038 0
75116 0
75130 0
75158 0
75237 0
75323 0
75347 0
75458 0
75481 0
75806 0
75815 0
75936 0
76127 0
76138 0
76173 0
76187 0
76253 0
76267 0
76378 0
76670 0
76714 0
76750 0
76875 0
76898 0
77024 0
77035 0
77107 0
77151 0
77247 0
77286 0
77373 0
77447 0
77606 0
77641 0
77667 0
77669 0
77673 0
77706 0
77713 0
77797 0
77816 0
77865 0
77956 0
78017 0
78055 0
78116 0
78195 0
78283 0
78332 0
78591 0
78808 0
78901 0
79049 0
79051 0
79057 0
79166 0
79304 0
79522 0
79526 0
79539 0
79930 0
80074 0
80219 0
80280 0
80285 0
80288 0
80465 0
80517 0
80544 0
80582 0
80744 0
80749 0
80834 0
81000 0
81019 0
81159 0
81238 0
81325 0
81693 0
81820 0
81913 0
81965 0
82021 0
82104 0
82130 0
82155 0
82239 0
82253 0
82274 0
82277 0
82291 0
82330 0
82400 0
82483 0
82566 0
82906 0
83029 0
83033 0
83150 0
83185 0
83233 0
83313 0
83355 0
83554 0
83617 0
83868 0
83930 0
84004 0
84048 0
84219 0
84442 0
84553 0
84563 0
84724 0
85009 0
85021 0
85125 0
85254 0
85305 0
85596 0
85598 0
85660 0
85737 0
85837 0
85906 0
86071 0
86189 0
86266 0
86370 0
86400 0
86445 0
86521 0
86525 0
86540 0
86541 0
86862 0
86928 0
87132 0
87361 0
87425 0
87519 0
87602 0
87612 0
87657 0
87703 0
87778 0
88105 0
88156 0
88161 0
88283 0
88327 0
88580 0
88594 0
88767 0
88899 0
88905 0
89102 0
89219 0
89232 0
89302 0
89303 0
89628 0
89650 0
89803 0
89922 0
90053 0
90070 0
90134 0
90183 0
90239 0
90256 0
90329 0
90434 0
90453 0
90667 0
90825 0
90955 0
91187 0
91252 0
91307 0
91393 0
91506 0
91708 0
91767 0
92001 0
92056 0
92238 0
92317 0
92354 0
92446 0
92479 0
92480 0
92570 0
92573 0
92595 0
92610 0
92793 0
92953 0
92984 0
93009 0
93062 0
93233 0
93461 0
93524 0
93864 0
93958 0
93971 0
93978 0
94163 0
94585 0
94777 0
94987 0
95142 0
95470 0
95481 0
95624 0
95676 0
95812 0
96002 0
96041 0
96116 0
96249 0
96386 0
96551 0
96808 0
96817 0
96997 0
97107 0
97113 0
97128 0
97216 0
97248 0
97309 0
97507 0
97524 0
97592 0
97621 0
97624 0
97652 0
97812 0
98276 0
98280 0
98308 0
98371 0
98482 0
98536 0
98594 0
98666 0
98869 0
98911 0
98920 0
98923 0
99081 0
99113 0
99169 0
99312 0
99362 0
99484 0
99538 0
99544 0
99605 0
99684 0
99692 0
99711 0
