c This is a uniform distributed  1-D DIMACS file 
c width height point_number
p 100000 100000 1024
21 0
52 0
117 0
205 0
234 0
301 0
654 0
669 0
674 0
733 0
861 0
892 0
1110 0
1136 0
1143 0
1150 0
1237 0
1299 0
1344 0
1439 0
1551 0
1583 0
1590 0
1729 0
1742 0
1752 0
1775 0
1780 0
1815 0
1845 0
2040 0
2190 0
2316 0
2340 0
2453 0
2456 0
2495 0
2666 0
2956 0
3073 0
3119 0
3133 0
3249 0
3341 0
3377 0
3440 0
3455 0
3544 0
3592 0
3598 0
3782 0
3838 0
4170 0
4179 0
4242 0
4447 0
4487 0
4728 0
4849 0
4893 0
5037 0
5053 0
5059 0
5140 0
5210 0
5252 0
5375 0
5490 0
5624 0
5630 0
5675 0
5767 0
5827 0
6360 0
6482 0
6552 0
6560 0
6605 0
6623 0
6651 0
6785 0
7029 0
7197 0
7199 0
7217 0
7263 0
7301 0
7331 0
7385 0
7394 0
7428 0
7482 0
7724 0
7807 0
7826 0
7866 0
7878 0
7975 0
8028 0
8046 0
8162 0
8513 0
8545 0
8567 0
8568 0
8602 0
8915 0
8933 0
8943 0
8965 0
9115 0
9315 0
9471 0
9501 0
9623 0
9761 0
9848 0
9999 0
10398 0
10412 0
10596 0
10597 0
10599 0
10772 0
10795 0
10856 0
10866 0
10876 0
10881 0
11150 0
11224 0
11334 0
11344 0
11403 0
11849 0
11952 0
11990 0
12127 0
12171 0
12276 0
12293 0
12487 0
12504 0
12646 0
12769 0
13118 0
13188 0
13258 0
13284 0
13383 0
13485 0
13551 0
13569 0
13681 0
13818 0
13898 0
13944 0
14152 0
14216 0
14299 0
14318 0
14324 0
14370 0
14448 0
14665 0
14704 0
14708 0
14880 0
15143 0
15301 0
15356 0
15711 0
15922 0
15926 0
16021 0
16040 0
16143 0
16152 0
16235 0
16254 0
16402 0
16465 0
16474 0
16555 0
16646 0
16767 0
16882 0
17013 0
17180 0
17197 0
17198 0
17222 0
17392 0
17516 0
17525 0
17622 0
17675 0
17782 0
17987 0
18021 0
18141 0
18151 0
18289 0
18294 0
18306 0
18381 0
18392 0
18430 0
18514 0
18544 0
18577 0
19068 0
19246 0
19251 0
19390 0
19473 0
19727 0
19741 0
19757 0
19981 0
20151 0
20228 0
20273 0
20300 0
20344 0
20818 0
20825 0
20873 0
21104 0
21251 0
21317 0
21319 0
21525 0
21558 0
21736 0
21830 0
21994 0
22146 0
22252 0
22324 0
22364 0
22406 0
22583 0
22621 0
22707 0
22939 0
22981 0
23006 0
23108 0
23130 0
23323 0
23353 0
23457 0
23577 0
23580 0
23581 0
23640 0
23811 0
23869 0
24034 0
24074 0
24089 0
24147 0
24382 0
24421 0
24528 0
24729 0
25082 0
25210 0
25216 0
25284 0
25430 0
25540 0
25859 0
25861 0
26028 0
26104 0
26239 0
26266 0
26344 0
26522 0
27173 0
27194 0
27267 0
27277 0
27311 0
27362 0
27484 0
27700 0
28156 0
28222 0
28251 0
28259 0
28296 0
28314 0
28340 0
28355 0
28371 0
28508 0
28534 0
28596 0
28784 0
28838 0
28859 0
28887 0
28963 0
29009 0
29098 0
29292 0
29437 0
29484 0
29582 0
29627 0
29690 0
29743 0
29808 0
29958 0
29973 0
30279 0
30435 0
30510 0
30651 0
30770 0
30827 0
30863 0
31182 0
31468 0
31496 0
31644 0
31856 0
31886 0
31904 0
31985 0
32004 0
32079 0
32113 0
32272 0
32294 0
32375 0
32540 0
32891 0
32963 0
33246 0
33314 0
33374 0
33395 0
33453 0
33521 0
33529 0
33577 0
33660 0
34078 0
34135 0
34141 0
34152 0
34347 0
34447 0
34456 0
34505 0
34509 0
34585 0
34788 0
35171 0
35182 0
35243 0
35268 0
35545 0
35564 0
35621 0
35646 0
35846 0
35903 0
36078 0
36489 0
36549 0
36627 0
36681 0
36800 0
36830 0
37015 0
37116 0
37122 0
37150 0
37256 0
37318 0
37360 0
37436 0
37701 0
37777 0
37904 0
37944 0
37981 0
38010 0
38109 0
38600 0
38637 0
39330 0
39339 0
39350 0
39367 0
39466 0
39501 0
39561 0
39588 0
39631 0
39952 0
40115 0
40351 0
40433 0
40491 0
40890 0
41085 0
41119 0
41121 0
41195 0
41390 0
41581 0
41664 0
41705 0
41785 0
41882 0
41938 0
41953 0
42001 0
42004 0
42038 0
42302 0
42357 0
42440 0
42549 0
42591 0
42636 0
42673 0
42723 0
42776 0
42885 0
43313 0
43316 0
43334 0
43719 0
43732 0
43760 0
43866 0
43936 0
44018 0
44083 0
44143 0
44160 0
44237 0
44389 0
44430 0
44498 0
44539 0
44548 0
44567 0
44617 0
44621 0
44641 0
44685 0
44754 0
44786 0
44828 0
44856 0
45114 0
45195 0
45218 0
45292 0
45331 0
45614 0
45632 0
45702 0
45903 0
45918 0
46050 0
46087 0
46303 0
46326 0
46343 0
46434 0
46437 0
46509 0
47029 0
47073 0
47217 0
47264 0
47321 0
47366 0
47385 0
47674 0
48011 0
48082 0
48568 0
48638 0
48893 0
48935 0
49168 0
49323 0
49368 0
49415 0
49514 0
49564 0
49593 0
49723 0
49739 0
49774 0
50130 0
50142 0
50154 0
50330 0
50332 0
50404 0
50478 0
50518 0
50666 0
50722 0
50877 0
50903 0
50907 0
51086 0
51218 0
51387 0
51437 0
51445 0
51503 0
51528 0
51568 0
51578 0
51583 0
51815 0
51867 0
52033 0
52055 0
52104 0
52126 0
52201 0
52244 0
52321 0
52455 0
52568 0
52651 0
52706 0
52956 0
52975 0
53055 0
53334 0
53374 0
54270 0
54317 0
54436 0
54460 0
54728 0
54763 0
54863 0
54882 0
55181 0
55311 0
55316 0
55389 0
55435 0
55616 0
55682 0
55828 0
55872 0
56127 0
56145 0
56252 0
56338 0
56531 0
56644 0
56757 0
56805 0
56818 0
56867 0
57202 0
57251 0
57259 0
57293 0
57861 0
58030 0
58135 0
58143 0
58218 0
58237 0
58638 0
58667 0
58762 0
58854 0
58937 0
59066 0
59388 0
59402 0
59425 0
59675 0
59682 0
59733 0
59839 0
59861 0
60091 0
60127 0
60250 0
60498 0
60669 0
60797 0
61029 0
61222 0
61265 0
61329 0
61407 0
61562 0
61570 0
61769 0
61874 0
61964 0
62055 0
62189 0
62342 0
62353 0
62424 0
62432 0
62482 0
62616 0
62805 0
62988 0
63013 0
63059 0
63089 0
63115 0
63118 0
63175 0
63343 0
63422 0
63624 0
63626 0
63715 0
63728 0
63735 0
63751 0
63817 0
63827 0
63949 0
64023 0
64207 0
64407 0
64416 0
64517 0
64575 0
64936 0
65067 0
65217 0
65300 0
65334 0
65337 0
65533 0
65563 0
65605 0
65677 0
65726 0
65800 0
65867 0
65892 0
65964 0
65989 0
66077 0
66431 0
66506 0
66554 0
66618 0
66821 0
66963 0
67103 0
67124 0
67156 0
67370 0
67499 0
67620 0
67818 0
67825 0
67831 0
68092 0
68184 0
68188 0
68207 0
68221 0
68239 0
68384 0
68433 0
68528 0
68785 0
68818 0
68906 0
68917 0
69038 0
69147 0
69319 0
69333 0
69388 0
69642 0
70137 0
70169 0
70293 0
70499 0
70594 0
70650 0
70695 0
70697 0
70747 0
70777 0
70862 0
70929 0
70965 0
71030 0
71095 0
71464 0
71466 0
71501 0
71515 0
71581 0
71585 0
71592 0
71615 0
71713 0
71772 0
71966 0
72089 0
72182 0
72788 0
72799 0
72866 0
72920 0
72964 0
73053 0
73112 0
73152 0
73197 0
73455 0
73555 0
73925 0
73934 0
74014 0
74246 0
74252 0
74334 0
74400 0
74479 0
74482 0
74653 0
74980 0
74987 0
75041 0
75090 0
75197 0
75216 0
75237 0
75544 0
75567 0
75670 0
75700 0
75930 0
76021 0
76027 0
76223 0
76238 0
76588 0
76629 0
76774 0
76841 0
76846 0
76943 0
77205 0
77231 0
77313 0
77422 0
77510 0
77531 0
77571 0
77574 0
77815 0
77931 0
78106 0
78219 0
78345 0
78459 0
78562 0
78680 0
78723 0
78963 0
79201 0
79222 0
79241 0
79278 0
79447 0
79640 0
79696 0
79818 0
79895 0
79931 0
80014 0
80030 0
80130 0
80148 0
80308 0
80502 0
80543 0
80566 0
80618 0
80658 0
80673 0
80775 0
80914 0
81027 0
81055 0
81236 0
81434 0
81608 0
81777 0
81835 0
81887 0
81901 0
81999 0
82006 0
82043 0
82044 0
82086 0
82135 0
82185 0
82203 0
82233 0
82373 0
82577 0
82644 0
82851 0
82919 0
82931 0
83089 0
83150 0
83189 0
83204 0
83485 0
83689 0
83759 0
83924 0
83927 0
84022 0
84029 0
84062 0
84129 0
84340 0
84386 0
84531 0
84532 0
84590 0
84677 0
84711 0
84851 0
85037 0
85057 0
85317 0
85318 0
85325 0
85363 0
85521 0
85624 0
85692 0
85755 0
85818 0
86015 0
86028 0
86113 0
86342 0
86357 0
86396 0
86486 0
86496 0
86508 0
86541 0
86953 0
87084 0
87095 0
87107 0
87132 0
87316 0
87384 0
87474 0
87575 0
87708 0
87770 0
87839 0
87904 0
88001 0
88003 0
88026 0
88546 0
88641 0
88669 0
88699 0
88781 0
88795 0
88801 0
88884 0
88911 0
88979 0
88995 0
89000 0
89150 0
89183 0
89198 0
89219 0
89327 0
89381 0
89391 0
89416 0
89507 0
89540 0
89600 0
89960 0
89969 0
89974 0
89992 0
90042 0
90091 0
90133 0
90370 0
90481 0
90573 0
90895 0
90913 0
90927 0
90953 0
90955 0
90972 0
91043 0
91084 0
91146 0
91335 0
91345 0
91562 0
91629 0
91748 0
91993 0
92150 0
92195 0
92286 0
92364 0
92393 0
92627 0
92860 0
93048 0
93060 0
93119 0
93178 0
93192 0
93483 0
93591 0
93631 0
93751 0
93757 0
93778 0
93838 0
94089 0
94141 0
94276 0
94315 0
94331 0
94353 0
94500 0
94640 0
94760 0
94794 0
94835 0
94858 0
94875 0
94880 0
95246 0
95422 0
95526 0
95573 0
95649 0
95656 0
95705 0
95809 0
95873 0
96086 0
96159 0
96236 0
96286 0
96390 0
96397 0
96408 0
96445 0
96537 0
96547 0
96551 0
96699 0
96854 0
96883 0
96952 0
97080 0
97186 0
97245 0
97246 0
97282 0
97360 0
97420 0
97692 0
97782 0
97815 0
97862 0
98024 0
98085 0
98147 0
98209 0
98269 0
98361 0
98547 0
98590 0
98905 0
99078 0
99229 0
99403 0
99447 0
99487 0
99516 0
99770 0
99884 0
