c This is a uniform distributed  1-D DIMACS file 
c width height point_number
p 100000 100000 1024
20 0
51 0
729 0
1103 0
1117 0
1186 0
1415 0
1528 0
1541 0
1591 0
1596 0
1773 0
2185 0
2245 0
2470 0
2633 0
2634 0
2693 0
2790 0
2805 0
2859 0
2910 0
3130 0
3134 0
3256 0
3317 0
3503 0
3879 0
3929 0
4155 0
4241 0
4264 0
4279 0
4364 0
4565 0
4727 0
4743 0
4745 0
4850 0
5144 0
5147 0
5228 0
5331 0
5332 0
5344 0
5345 0
5435 0
5774 0
5777 0
6312 0
6358 0
6459 0
6483 0
6549 0
6555 0
6658 0
6665 0
6807 0
6935 0
6951 0
6974 0
6981 0
7338 0
7429 0
7603 0
7777 0
7787 0
7899 0
7907 0
8084 0
8418 0
8435 0
8517 0
8563 0
8687 0
8847 0
9216 0
9233 0
9276 0
9301 0
9389 0
9459 0
9476 0
9746 0
9806 0
9829 0
9945 0
9968 0
9986 0
10079 0
10117 0
10144 0
10206 0
10275 0
10571 0
10613 0
10621 0
10725 0
10761 0
10778 0
10788 0
11063 0
11084 0
11542 0
11582 0
11647 0
11661 0
11680 0
11717 0
11759 0
11809 0
11842 0
11866 0
11932 0
12276 0
12293 0
12358 0
12403 0
12808 0
13198 0
13203 0
13238 0
13339 0
13482 0
13554 0
13652 0
13662 0
13747 0
13897 0
13924 0
14330 0
14383 0
14726 0
14752 0
15008 0
15363 0
15509 0
15585 0
15588 0
15606 0
15673 0
15733 0
15735 0
15893 0
16152 0
16319 0
16593 0
16647 0
16678 0
16727 0
16739 0
16884 0
16888 0
16996 0
17027 0
17213 0
17277 0
17363 0
17532 0
17758 0
18002 0
18100 0
18151 0
18324 0
18386 0
18412 0
18499 0
18537 0
18545 0
18619 0
18699 0
18856 0
19253 0
19379 0
19408 0
19842 0
19927 0
20066 0
20077 0
20285 0
20511 0
20624 0
20699 0
20712 0
20791 0
20892 0
20915 0
21102 0
21150 0
21240 0
21295 0
21645 0
21649 0
21713 0
21837 0
21907 0
21963 0
22087 0
22289 0
22409 0
22658 0
22719 0
22737 0
22883 0
22924 0
23015 0
23160 0
23290 0
23581 0
23816 0
24097 0
24106 0
24109 0
24160 0
24167 0
24618 0
24713 0
24886 0
24918 0
25211 0
25477 0
25555 0
25622 0
25702 0
25749 0
25754 0
25926 0
25932 0
25970 0
26388 0
26434 0
26690 0
26822 0
26849 0
26893 0
27041 0
27190 0
27350 0
27582 0
27621 0
27701 0
27734 0
27778 0
27804 0
27846 0
28039 0
28046 0
28169 0
28262 0
28270 0
28274 0
28327 0
28354 0
28536 0
28552 0
28588 0
28653 0
28674 0
28762 0
28959 0
29139 0
29285 0
29459 0
29537 0
29579 0
29953 0
29969 0
30081 0
30266 0
30277 0
30479 0
30622 0
30642 0
30644 0
30662 0
30753 0
30785 0
30832 0
30910 0
30956 0
31115 0
31271 0
31359 0
31377 0
31409 0
31448 0
31559 0
31583 0
31597 0
31655 0
31812 0
31940 0
32275 0
32339 0
32415 0
32622 0
32688 0
32998 0
33062 0
33234 0
33235 0
33280 0
33282 0
33397 0
33491 0
33613 0
33694 0
33811 0
33980 0
34164 0
34288 0
34383 0
34428 0
34449 0
34580 0
34671 0
34741 0
34752 0
34814 0
34975 0
35012 0
35017 0
35023 0
35189 0
35205 0
35256 0
35340 0
35359 0
35387 0
35431 0
35497 0
35591 0
35674 0
35710 0
35754 0
35857 0
36089 0
36144 0
36263 0
36494 0
36641 0
36811 0
36903 0
36926 0
36951 0
36979 0
37135 0
37146 0
37225 0
37249 0
37408 0
37411 0
37761 0
37861 0
37875 0
37998 0
38009 0
38010 0
38157 0
38284 0
38347 0
38354 0
38502 0
38690 0
38707 0
38837 0
38962 0
39128 0
39163 0
39193 0
39355 0
39464 0
39685 0
39817 0
39826 0
39841 0
39896 0
39934 0
39961 0
39977 0
40011 0
40032 0
40080 0
40436 0
40564 0
40761 0
40827 0
40837 0
41058 0
41305 0
41432 0
41555 0
41718 0
41748 0
41795 0
41832 0
41968 0
42017 0
42262 0
42361 0
42539 0
42594 0
42735 0
42844 0
42845 0
43003 0
43102 0
43120 0
43122 0
43133 0
43170 0
43271 0
43306 0
43358 0
43412 0
43431 0
43663 0
43838 0
43848 0
43906 0
43948 0
44139 0
44212 0
44465 0
44503 0
44541 0
44629 0
44652 0
44698 0
44962 0
44993 0
45057 0
45074 0
45076 0
45370 0
45511 0
45528 0
45636 0
45638 0
45756 0
45813 0
45962 0
46115 0
46452 0
46471 0
46715 0
46754 0
46757 0
46799 0
46858 0
46927 0
47014 0
47020 0
47040 0
47079 0
47178 0
47331 0
47336 0
47357 0
47401 0
47448 0
47585 0
47600 0
47615 0
47648 0
47788 0
47811 0
47828 0
47848 0
48057 0
48107 0
48287 0
48299 0
48595 0
48746 0
48869 0
48951 0
49359 0
49429 0
49722 0
49760 0
49764 0
49950 0
50053 0
50309 0
50393 0
50404 0
50497 0
50500 0
50547 0
50657 0
50694 0
50791 0
50799 0
50921 0
51082 0
51132 0
51261 0
51338 0
51370 0
51466 0
51692 0
51729 0
51827 0
51863 0
51864 0
51916 0
51962 0
52174 0
52271 0
52282 0
52352 0
52388 0
52426 0
52438 0
52553 0
52655 0
52717 0
52785 0
52911 0
53140 0
53153 0
53160 0
53236 0
53246 0
53305 0
53523 0
53660 0
53665 0
53679 0
53692 0
53806 0
53943 0
53961 0
53971 0
53988 0
54011 0
54052 0
54178 0
54234 0
54345 0
54374 0
54417 0
54439 0
54518 0
54619 0
54642 0
54646 0
54684 0
54885 0
54937 0
54961 0
54969 0
55107 0
55191 0
55214 0
55263 0
55323 0
55489 0
55625 0
55645 0
55785 0
55820 0
55843 0
55918 0
55984 0
56181 0
56249 0
56320 0
56517 0
56592 0
56680 0
56794 0
56957 0
56967 0
57016 0
57038 0
57069 0
57136 0
57185 0
57201 0
57332 0
57358 0
57366 0
57415 0
57504 0
57547 0
57639 0
57676 0
57698 0
57986 0
58007 0
58067 0
58134 0
58150 0
58265 0
58427 0
58682 0
58726 0
58883 0
59124 0
59171 0
59308 0
59387 0
59483 0
59600 0
59602 0
59642 0
59657 0
59680 0
59925 0
59964 0
59989 0
60074 0
60148 0
60162 0
60212 0
60262 0
60369 0
60595 0
60824 0
60905 0
60907 0
60921 0
61043 0
61162 0
61282 0
61317 0
61359 0
61625 0
61819 0
62308 0
62317 0
62322 0
62448 0
62450 0
62493 0
62551 0
62582 0
62663 0
62717 0
62836 0
62869 0
62871 0
63012 0
63166 0
63193 0
63321 0
63372 0
63375 0
63502 0
63745 0
63805 0
63835 0
63846 0
63859 0
63981 0
64091 0
64173 0
64260 0
64269 0
64360 0
64365 0
64371 0
64563 0
64603 0
64643 0
64670 0
64828 0
64985 0
65020 0
65076 0
65138 0
65169 0
65193 0
65312 0
65330 0
65406 0
65431 0
65762 0
65998 0
66036 0
66330 0
66341 0
66473 0
66546 0
66688 0
67042 0
67127 0
67281 0
67302 0
67333 0
67406 0
67434 0
67485 0
67672 0
67776 0
67934 0
67956 0
68152 0
68175 0
68187 0
68372 0
68377 0
68630 0
68672 0
68693 0
68719 0
68748 0
68860 0
68887 0
68981 0
69096 0
69347 0
69414 0
69649 0
69760 0
69787 0
69868 0
69933 0
69975 0
70019 0
70139 0
70214 0
70224 0
70228 0
70317 0
70633 0
70750 0
70947 0
71030 0
71149 0
71228 0
71242 0
71362 0
71369 0
71381 0
71483 0
71515 0
71533 0
71655 0
71936 0
72124 0
72180 0
72578 0
72605 0
72647 0
72906 0
73015 0
73064 0
73139 0
73330 0
73527 0
73883 0
73896 0
73901 0
73913 0
73926 0
73999 0
74020 0
74070 0
74128 0
74244 0
74313 0
74352 0
74396 0
74426 0
74494 0
74823 0
74824 0
74963 0
75128 0
75143 0
75381 0
75576 0
75584 0
75836 0
75851 0
75895 0
76166 0
76188 0
76216 0
76298 0
76532 0
76560 0
76645 0
76732 0
77154 0
77180 0
77285 0
77325 0
77382 0
77424 0
77528 0
77538 0
77567 0
77612 0
77627 0
77641 0
77658 0
77717 0
77816 0
77935 0
77965 0
77968 0
78046 0
78100 0
78121 0
78153 0
78213 0
78234 0
78252 0
78262 0
78290 0
78336 0
78364 0
78509 0
78547 0
78550 0
78702 0
78703 0
78709 0
78719 0
78909 0
78914 0
78965 0
79095 0
79120 0
79180 0
79440 0
79603 0
79615 0
79677 0
79764 0
80128 0
80435 0
80483 0
80719 0
80886 0
80927 0
80929 0
80997 0
81002 0
81062 0
81071 0
81200 0
81261 0
81370 0
81512 0
81583 0
81660 0
81731 0
81794 0
81824 0
81984 0
82078 0
82273 0
82592 0
82640 0
82644 0
82664 0
82702 0
82776 0
82795 0
82854 0
82868 0
83088 0
83251 0
83292 0
83361 0
83381 0
83481 0
83536 0
83651 0
83675 0
83891 0
83901 0
84086 0
84159 0
84269 0
84277 0
84314 0
84315 0
84445 0
84475 0
84582 0
84707 0
84754 0
84974 0
85064 0
85089 0
85103 0
85116 0
85216 0
85234 0
85509 0
85530 0
85585 0
85694 0
85992 0
86024 0
86180 0
86287 0
86329 0
86391 0
86562 0
86636 0
86803 0
86807 0
87063 0
87537 0
87609 0
87670 0
87721 0
87836 0
87860 0
87937 0
88118 0
88128 0
88318 0
88667 0
88689 0
88780 0
88988 0
89036 0
89133 0
89227 0
89253 0
89263 0
89276 0
89594 0
89791 0
89903 0
89931 0
89962 0
90178 0
90242 0
90261 0
90368 0
90562 0
90838 0
90888 0
91173 0
91263 0
91290 0
91294 0
91415 0
91578 0
91608 0
91634 0
91793 0
91965 0
91988 0
92091 0
92111 0
92282 0
92339 0
92400 0
92552 0
92576 0
92781 0
93139 0
93178 0
93188 0
93222 0
93292 0
93301 0
93738 0
94020 0
94169 0
94211 0
94220 0
94359 0
94396 0
94425 0
94483 0
94882 0
95017 0
95047 0
95100 0
95225 0
95233 0
95556 0
95580 0
95634 0
95755 0
95769 0
95856 0
95943 0
95954 0
96067 0
96166 0
96387 0
96669 0
96876 0
96907 0
96981 0
97163 0
97172 0
97256 0
97383 0
97388 0
97404 0
97651 0
97721 0
97796 0
97950 0
97953 0
97987 0
98110 0
98112 0
98216 0
98355 0
98381 0
98513 0
98830 0
98873 0
98939 0
99108 0
99373 0
99568 0
99686 0
99854 0
99884 0
