c This is a uniform distributed  1-D DIMACS file 
c width height point_number
p 100000 100000 1024
48 0
300 0
302 0
487 0
686 0
1162 0
1195 0
1217 0
1359 0
1605 0
1726 0
1897 0
2087 0
2212 0
2310 0
2314 0
2358 0
2438 0
2653 0
2744 0
2775 0
2788 0
2800 0
2918 0
3031 0
3061 0
3063 0
3076 0
3212 0
3287 0
3373 0
3558 0
3563 0
3564 0
3565 0
3653 0
3796 0
3904 0
3907 0
3981 0
4015 0
4019 0
4065 0
4115 0
4301 0
4322 0
4363 0
4382 0
4547 0
4578 0
4579 0
5046 0
5252 0
5278 0
5377 0
5411 0
5424 0
5632 0
5731 0
5746 0
5880 0
5970 0
5972 0
6181 0
6312 0
6340 0
6411 0
6455 0
6522 0
6533 0
6549 0
6890 0
6922 0
6959 0
7112 0
7153 0
7326 0
7517 0
7610 0
7705 0
7732 0
7736 0
7753 0
7775 0
7814 0
7831 0
7845 0
7996 0
8366 0
8418 0
8556 0
8580 0
8640 0
8703 0
8789 0
8841 0
8854 0
8968 0
9002 0
9044 0
9595 0
9806 0
9832 0
9841 0
9845 0
9964 0
9972 0
10134 0
10144 0
10234 0
10260 0
10383 0
10461 0
10538 0
10755 0
10800 0
10831 0
10889 0
10987 0
10998 0
11249 0
11329 0
11414 0
11460 0
11795 0
11801 0
11930 0
11961 0
12003 0
12061 0
12121 0
12220 0
12454 0
12535 0
12598 0
12599 0
12926 0
13075 0
13167 0
13312 0
13350 0
13443 0
13544 0
13592 0
13640 0
13710 0
13807 0
13822 0
13926 0
13978 0
14632 0
14652 0
14731 0
14756 0
14842 0
14853 0
14923 0
15020 0
15031 0
15167 0
15402 0
15610 0
15691 0
15771 0
15977 0
16037 0
16043 0
16150 0
16178 0
16230 0
16394 0
16466 0
16650 0
16778 0
17064 0
17152 0
17361 0
17446 0
17622 0
17953 0
18082 0
18085 0
18269 0
18342 0
18473 0
18490 0
18668 0
18670 0
18677 0
18706 0
18762 0
18798 0
18841 0
18898 0
19172 0
19354 0
19437 0
19540 0
19622 0
19959 0
20000 0
20102 0
20108 0
20111 0
20245 0
20304 0
20510 0
20558 0
20561 0
20563 0
20677 0
20726 0
20753 0
20878 0
21237 0
21289 0
21564 0
21602 0
21763 0
21838 0
21961 0
22057 0
22156 0
22227 0
22229 0
22242 0
22304 0
22511 0
22546 0
22621 0
22750 0
23203 0
23276 0
23318 0
23367 0
23385 0
23401 0
23428 0
23444 0
23579 0
23630 0
23807 0
23852 0
23875 0
23891 0
23907 0
23916 0
23978 0
24048 0
24140 0
24197 0
24202 0
24312 0
24343 0
24591 0
24660 0
24772 0
24815 0
24906 0
24917 0
25170 0
25244 0
25296 0
25349 0
25443 0
25520 0
25539 0
25591 0
25637 0
25658 0
25821 0
25838 0
25867 0
25891 0
26614 0
26656 0
26876 0
26967 0
27029 0
27142 0
27234 0
27428 0
27450 0
27463 0
27642 0
27683 0
27754 0
27861 0
27891 0
28077 0
28281 0
28416 0
28492 0
28636 0
28794 0
28865 0
28968 0
29023 0
29154 0
29271 0
29343 0
29360 0
29515 0
29536 0
29698 0
29928 0
29996 0
30000 0
30021 0
30048 0
30071 0
30145 0
30219 0
30589 0
30727 0
30796 0
30816 0
30879 0
30908 0
31134 0
31276 0
31282 0
31289 0
31322 0
31325 0
31373 0
31693 0
31895 0
31995 0
32162 0
32204 0
32336 0
32458 0
32461 0
32719 0
32829 0
32854 0
32936 0
32967 0
32998 0
33026 0
33038 0
33097 0
33136 0
33193 0
33425 0
33479 0
33514 0
33643 0
33690 0
33927 0
34076 0
34137 0
34220 0
34251 0
34386 0
34424 0
34569 0
34640 0
34675 0
35195 0
35217 0
35254 0
35436 0
35482 0
35514 0
35667 0
35866 0
35869 0
35906 0
35907 0
36027 0
36281 0
36704 0
36706 0
36833 0
36857 0
36872 0
36901 0
36991 0
37129 0
37198 0
37213 0
37265 0
37333 0
37385 0
37537 0
37588 0
37692 0
37714 0
37865 0
37866 0
37891 0
37927 0
37949 0
38245 0
38251 0
38342 0
38458 0
38478 0
38551 0
39036 0
39049 0
39130 0
39157 0
39304 0
39354 0
39476 0
39557 0
39722 0
39837 0
39853 0
40032 0
40089 0
40142 0
40255 0
40274 0
40412 0
40528 0
40653 0
40757 0
40860 0
40988 0
41135 0
41205 0
41244 0
41467 0
41543 0
41562 0
41699 0
41705 0
41727 0
41743 0
41773 0
41881 0
41899 0
41917 0
42046 0
42137 0
42407 0
42492 0
42574 0
42656 0
42660 0
42723 0
42908 0
42935 0
43152 0
43219 0
43254 0
43286 0
43382 0
43454 0
43471 0
43539 0
43639 0
43929 0
43968 0
44081 0
44116 0
44238 0
44298 0
44338 0
44535 0
45031 0
45036 0
45047 0
45120 0
45167 0
45465 0
45554 0
45666 0
45742 0
45878 0
45951 0
46243 0
46355 0
46525 0
46573 0
46614 0
46733 0
46918 0
46940 0
46966 0
47097 0
47111 0
47145 0
47230 0
47316 0
47366 0
47415 0
47518 0
47527 0
47797 0
47841 0
47863 0
47938 0
47947 0
48170 0
48341 0
48447 0
48481 0
48573 0
48578 0
48641 0
48648 0
48680 0
48815 0
48875 0
48927 0
49124 0
49147 0
49161 0
49485 0
49559 0
49571 0
49701 0
50040 0
50210 0
50226 0
50244 0
50380 0
50547 0
50618 0
50665 0
50951 0
50993 0
51176 0
51432 0
51591 0
51636 0
51641 0
51670 0
51675 0
51955 0
52027 0
52168 0
52303 0
52630 0
52729 0
52836 0
52940 0
52983 0
52991 0
53210 0
53365 0
53387 0
53392 0
53458 0
53535 0
53583 0
53586 0
53644 0
53690 0
53742 0
53747 0
54106 0
54277 0
54290 0
54504 0
54508 0
54601 0
54612 0
54662 0
54758 0
54802 0
54804 0
55015 0
55085 0
55536 0
55657 0
55829 0
55861 0
56048 0
56143 0
56184 0
56214 0
56294 0
56399 0
56652 0
56761 0
56833 0
56947 0
57299 0
57314 0
57460 0
57832 0
57922 0
57962 0
58101 0
58168 0
58247 0
58360 0
58365 0
58567 0
58634 0
58651 0
58652 0
58770 0
58834 0
58873 0
58878 0
58982 0
59388 0
59490 0
59624 0
59634 0
59698 0
59965 0
59966 0
60113 0
60322 0
60332 0
60345 0
60367 0
60505 0
60518 0
60566 0
60694 0
60764 0
60930 0
60969 0
60986 0
60989 0
61024 0
61274 0
61518 0
61536 0
61602 0
61654 0
61668 0
61795 0
61806 0
61832 0
61833 0
61864 0
61951 0
62043 0
62059 0
62115 0
62173 0
62183 0
62234 0
62386 0
62404 0
62422 0
62497 0
62678 0
62680 0
62936 0
62997 0
63061 0
63085 0
63117 0
63142 0
63151 0
63163 0
63187 0
63275 0
63374 0
63677 0
63723 0
64006 0
64283 0
64389 0
64455 0
64648 0
64702 0
64767 0
64770 0
64824 0
64946 0
64978 0
65053 0
65177 0
65281 0
65518 0
65604 0
65690 0
65693 0
65695 0
65783 0
65847 0
65870 0
65927 0
65979 0
65983 0
66048 0
66176 0
66200 0
66384 0
66419 0
66450 0
66453 0
66578 0
66684 0
66885 0
66897 0
66931 0
66993 0
67012 0
67059 0
67389 0
67431 0
67540 0
67555 0
67597 0
67609 0
67863 0
67864 0
68145 0
68164 0
68317 0
68339 0
68440 0
68523 0
68840 0
68875 0
68914 0
69007 0
69079 0
69124 0
69152 0
69571 0
69595 0
69696 0
69768 0
69949 0
69973 0
69980 0
70123 0
70183 0
70362 0
70389 0
70446 0
70561 0
70582 0
70597 0
70608 0
70610 0
70735 0
70776 0
70840 0
70914 0
70979 0
70997 0
71008 0
71111 0
71182 0
71218 0
71272 0
71340 0
71403 0
71515 0
71671 0
71926 0
71974 0
72223 0
72340 0
72489 0
72581 0
72595 0
72598 0
72639 0
72710 0
72869 0
72980 0
73016 0
73035 0
73082 0
73103 0
73218 0
73259 0
73270 0
73276 0
73284 0
73347 0
73359 0
73435 0
73464 0
73467 0
73557 0
73578 0
73858 0
73859 0
73998 0
74166 0
74338 0
74339 0
74351 0
74476 0
74696 0
74787 0
74839 0
74853 0
74922 0
74950 0
74969 0
75134 0
75284 0
75422 0
75441 0
75470 0
75472 0
75599 0
76063 0
76083 0
76143 0
76230 0
76317 0
76382 0
76508 0
76638 0
76678 0
76762 0
76887 0
77011 0
77075 0
77090 0
77108 0
77367 0
77373 0
77602 0
77701 0
77719 0
77913 0
77928 0
78053 0
78130 0
78146 0
78312 0
78322 0
78484 0
78542 0
78730 0
78824 0
78851 0
78893 0
79001 0
79147 0
79316 0
79419 0
79704 0
79934 0
79998 0
80132 0
80464 0
80495 0
80516 0
80560 0
80875 0
80931 0
80971 0
80974 0
81168 0
81283 0
81351 0
81561 0
81606 0
81784 0
81789 0
81882 0
81883 0
82019 0
82177 0
82192 0
82367 0
82579 0
82771 0
82869 0
83069 0
83262 0
83531 0
83565 0
83580 0
83652 0
83765 0
83785 0
83842 0
83900 0
83954 0
84033 0
84174 0
84189 0
84257 0
84441 0
84482 0
84495 0
84502 0
84587 0
84660 0
84711 0
84721 0
84737 0
84834 0
84861 0
84944 0
85205 0
85336 0
85363 0
85374 0
85375 0
85733 0
85881 0
85981 0
86303 0
86311 0
86333 0
86356 0
86365 0
86398 0
86418 0
86441 0
86456 0
86517 0
86692 0
86698 0
86798 0
86946 0
86981 0
87184 0
87406 0
87437 0
87532 0
87845 0
87852 0
87888 0
87953 0
88170 0
88179 0
88343 0
88369 0
88518 0
88534 0
88609 0
88770 0
88888 0
89209 0
89329 0
89410 0
89524 0
89546 0
89646 0
89707 0
90042 0
90071 0
90168 0
90215 0
90472 0
90483 0
90565 0
90714 0
90808 0
90919 0
91058 0
91261 0
91268 0
91527 0
91594 0
91859 0
91884 0
91981 0
92032 0
92037 0
92104 0
92116 0
92155 0
92161 0
92350 0
92445 0
92802 0
92898 0
92989 0
92998 0
93159 0
93229 0
93661 0
93687 0
93691 0
93911 0
94262 0
94284 0
94598 0
94736 0
94907 0
94995 0
95039 0
95267 0
95333 0
95351 0
95438 0
95503 0
95689 0
95794 0
95804 0
95844 0
96094 0
96095 0
96134 0
96160 0
96560 0
96797 0
96837 0
96850 0
96896 0
97087 0
97115 0
97153 0
97159 0
97202 0
97527 0
97549 0
98057 0
98602 0
98651 0
99031 0
99042 0
99167 0
99191 0
99218 0
99247 0
99447 0
99785 0
99870 0
