c This is a uniform distributed  1-D DIMACS file 
c width height point_number
p 100000 100000 1024
82 0
120 0
172 0
178 0
203 0
285 0
413 0
577 0
649 0
695 0
778 0
951 0
953 0
958 0
1120 0
1175 0
1215 0
1249 0
1275 0
1305 0
1336 0
1622 0
1638 0
1962 0
1992 0
1998 0
2020 0
2186 0
2308 0
2417 0
2541 0
2701 0
2788 0
2844 0
2895 0
2957 0
2975 0
2985 0
3125 0
3294 0
3296 0
3371 0
3442 0
3663 0
3791 0
3864 0
3878 0
4015 0
4125 0
4243 0
4410 0
4436 0
4533 0
4661 0
4695 0
4735 0
4828 0
4955 0
5047 0
5063 0
5245 0
5387 0
5424 0
5715 0
5798 0
5842 0
5864 0
5904 0
5933 0
6014 0
6083 0
6201 0
6293 0
6422 0
6438 0
6441 0
6464 0
6544 0
6717 0
6747 0
6857 0
7028 0
7163 0
7386 0
7410 0
7419 0
7518 0
7574 0
7841 0
7972 0
8013 0
8058 0
8060 0
8227 0
8236 0
8523 0
8579 0
8593 0
8703 0
8711 0
8785 0
8974 0
9141 0
9247 0
9467 0
9640 0
9648 0
9994 0
10039 0
10544 0
10827 0
10841 0
10843 0
11006 0
11091 0
11208 0
11236 0
11803 0
11942 0
12022 0
12130 0
12348 0
12372 0
12485 0
12514 0
12527 0
12682 0
12799 0
12877 0
13106 0
13487 0
13562 0
13596 0
13616 0
13619 0
13620 0
13744 0
14057 0
14312 0
14382 0
14591 0
14895 0
14995 0
15041 0
15051 0
15062 0
15110 0
15302 0
15443 0
15456 0
15695 0
15960 0
15975 0
16038 0
16056 0
16125 0
16169 0
16253 0
16257 0
16301 0
16329 0
16335 0
16359 0
16394 0
16409 0
16510 0
16551 0
16641 0
16665 0
16667 0
16797 0
16807 0
16809 0
16840 0
16890 0
16997 0
17159 0
17263 0
17388 0
17433 0
17438 0
17474 0
17483 0
17484 0
17779 0
17815 0
17879 0
17897 0
18012 0
18044 0
18082 0
18121 0
18187 0
18397 0
18457 0
18599 0
18689 0
18846 0
18894 0
19037 0
19088 0
19114 0
19279 0
19316 0
19374 0
19662 0
19756 0
19939 0
20095 0
20162 0
20188 0
20251 0
20489 0
20519 0
20689 0
20785 0
20874 0
20875 0
20921 0
20988 0
21087 0
21139 0
21246 0
21286 0
21520 0
21713 0
21748 0
21787 0
21847 0
21990 0
21992 0
22445 0
22523 0
22558 0
22560 0
22744 0
22769 0
22781 0
22822 0
22829 0
22851 0
22968 0
23050 0
23133 0
23315 0
23318 0
23331 0
23389 0
23414 0
23439 0
23445 0
23630 0
23707 0
23812 0
23876 0
23933 0
23992 0
23996 0
24111 0
24267 0
24276 0
24315 0
24403 0
24424 0
24501 0
24537 0
24564 0
24673 0
24846 0
24892 0
25205 0
25217 0
25405 0
25534 0
25721 0
25774 0
25827 0
25934 0
26103 0
26584 0
26981 0
27148 0
27149 0
27171 0
27213 0
27417 0
27427 0
27700 0
27924 0
27942 0
27997 0
28036 0
28040 0
28093 0
28112 0
28294 0
28374 0
28380 0
28434 0
28441 0
28666 0
28761 0
28816 0
28841 0
28969 0
29073 0
29075 0
29358 0
29368 0
29377 0
29591 0
29735 0
29738 0
30015 0
30255 0
30262 0
30299 0
30426 0
30547 0
30563 0
30728 0
30734 0
30849 0
31047 0
31161 0
31165 0
31177 0
31234 0
31257 0
31288 0
31344 0
31430 0
31455 0
31468 0
31640 0
31719 0
31877 0
31887 0
32107 0
32225 0
32261 0
32611 0
32678 0
32695 0
32727 0
32776 0
32961 0
33034 0
33098 0
33158 0
33187 0
33215 0
33360 0
33413 0
33469 0
33641 0
33758 0
33788 0
33832 0
33936 0
33951 0
34096 0
34126 0
34145 0
34247 0
34530 0
34535 0
34600 0
34658 0
34839 0
35010 0
35020 0
35108 0
35304 0
35311 0
35330 0
35621 0
35654 0
35668 0
35681 0
35792 0
35981 0
36026 0
36146 0
36184 0
36222 0
36336 0
36609 0
36725 0
36884 0
37078 0
37286 0
37323 0
37326 0
37469 0
37542 0
37596 0
37686 0
37875 0
38075 0
38078 0
38219 0
38251 0
38267 0
38443 0
38511 0
38765 0
38817 0
38834 0
38909 0
39073 0
39088 0
39143 0
39165 0
39200 0
39214 0
39305 0
39392 0
39469 0
39508 0
39563 0
39675 0
39748 0
39773 0
40010 0
40052 0
40098 0
40239 0
40370 0
40479 0
40639 0
40879 0
41162 0
41190 0
41286 0
41314 0
41434 0
41521 0
41633 0
41648 0
41784 0
41952 0
42097 0
42170 0
42215 0
42303 0
42378 0
42407 0
43178 0
43251 0
43399 0
43427 0
43551 0
43627 0
43630 0
43740 0
43981 0
44064 0
44117 0
44125 0
44212 0
44378 0
44833 0
45060 0
45345 0
45369 0
45616 0
45635 0
45785 0
45796 0
45839 0
45846 0
45887 0
46510 0
46519 0
46529 0
46647 0
46689 0
46788 0
46814 0
46887 0
46900 0
47010 0
47047 0
47194 0
47277 0
47342 0
47634 0
47674 0
47694 0
47794 0
48050 0
48429 0
48450 0
48455 0
48484 0
48640 0
48671 0
48762 0
48798 0
48895 0
49000 0
49064 0
49066 0
49169 0
49240 0
49332 0
49351 0
49441 0
49525 0
49561 0
49565 0
49775 0
49942 0
50155 0
50170 0
50263 0
50379 0
50414 0
50609 0
50665 0
50706 0
50810 0
50967 0
51103 0
51599 0
51636 0
51682 0
51729 0
51896 0
51945 0
51988 0
52114 0
52367 0
52377 0
52394 0
52448 0
52765 0
52802 0
52883 0
52908 0
52914 0
52942 0
52972 0
53126 0
53150 0
53211 0
53280 0
53410 0
53462 0
53492 0
53551 0
53565 0
53585 0
53642 0
53892 0
53972 0
54070 0
54272 0
54318 0
54385 0
54845 0
54859 0
54867 0
54887 0
54945 0
54997 0
55047 0
55203 0
55231 0
55702 0
55735 0
55828 0
56099 0
56123 0
56126 0
56246 0
56418 0
56766 0
57048 0
57086 0
57222 0
57333 0
57397 0
57431 0
57663 0
58051 0
58170 0
58198 0
58290 0
58315 0
58445 0
58471 0
58527 0
58567 0
58892 0
59032 0
59175 0
59285 0
59288 0
59350 0
59416 0
59436 0
59607 0
59853 0
59865 0
59896 0
59942 0
60145 0
60212 0
60265 0
60309 0
60532 0
60543 0
60626 0
60655 0
60730 0
60734 0
60871 0
60903 0
61355 0
61463 0
61532 0
61577 0
61649 0
61835 0
61850 0
62039 0
62221 0
62275 0
62309 0
62388 0
62415 0
62504 0
62593 0
62616 0
62629 0
62806 0
62947 0
62984 0
63039 0
63076 0
63084 0
63121 0
63125 0
63231 0
63606 0
63672 0
63702 0
63744 0
64017 0
64078 0
64079 0
64120 0
64138 0
64152 0
64296 0
64362 0
64395 0
64397 0
64663 0
64792 0
64912 0
64936 0
64938 0
65144 0
65193 0
65233 0
65262 0
65597 0
65750 0
65889 0
66232 0
66237 0
66316 0
66573 0
66870 0
66891 0
67301 0
67378 0
67501 0
67519 0
67663 0
67750 0
67772 0
67794 0
67905 0
67912 0
68024 0
68134 0
68260 0
68350 0
68392 0
68443 0
68576 0
68589 0
68591 0
68643 0
68665 0
68769 0
68812 0
69161 0
69187 0
69189 0
69212 0
69346 0
69553 0
69701 0
69889 0
69945 0
69986 0
69998 0
70092 0
70170 0
70301 0
70339 0
70402 0
70480 0
70529 0
70819 0
70918 0
70966 0
70999 0
71170 0
71195 0
71213 0
71263 0
71407 0
71431 0
71650 0
71651 0
71706 0
71742 0
71758 0
71781 0
71898 0
71963 0
72373 0
72376 0
72509 0
72531 0
72550 0
72793 0
73249 0
73377 0
73384 0
73471 0
73629 0
73730 0
73783 0
73808 0
73983 0
73992 0
74197 0
74201 0
74206 0
74488 0
74494 0
74623 0
74738 0
74838 0
74988 0
75037 0
75090 0
75114 0
75282 0
75353 0
75368 0
75404 0
75714 0
75739 0
75783 0
76036 0
76346 0
76525 0
76550 0
76645 0
76659 0
76834 0
76853 0
77005 0
77102 0
77197 0
77219 0
77305 0
77319 0
77332 0
77419 0
77432 0
77444 0
77469 0
77495 0
77504 0
77506 0
77644 0
77915 0
78066 0
78182 0
78226 0
78339 0
78585 0
78606 0
78701 0
78807 0
78847 0
78867 0
78922 0
79080 0
79286 0
80013 0
80088 0
80325 0
80368 0
80397 0
80802 0
80917 0
80962 0
81163 0
81168 0
81220 0
81323 0
81726 0
81728 0
81816 0
81942 0
82426 0
82430 0
82476 0
82565 0
82590 0
82636 0
82776 0
82785 0
82795 0
83237 0
83307 0
83364 0
83585 0
83655 0
83658 0
83845 0
83931 0
83967 0
83983 0
84083 0
84106 0
84148 0
84247 0
84263 0
84295 0
84406 0
84450 0
84677 0
84717 0
84741 0
85029 0
85051 0
85176 0
85282 0
85319 0
85534 0
85593 0
85797 0
85972 0
85977 0
86132 0
86320 0
86418 0
86893 0
86897 0
86932 0
86955 0
86998 0
87116 0
87441 0
87596 0
87600 0
87675 0
87832 0
88062 0
88065 0
88207 0
88464 0
88500 0
88531 0
88556 0
88569 0
88679 0
88873 0
88880 0
88897 0
88932 0
88945 0
88952 0
89124 0
89166 0
89188 0
89216 0
89261 0
89424 0
89550 0
89687 0
89715 0
89749 0
89833 0
89863 0
89868 0
89943 0
89988 0
89994 0
90013 0
90134 0
90222 0
90473 0
90497 0
90516 0
90622 0
90684 0
90765 0
90906 0
91029 0
91055 0
91174 0
91215 0
91257 0
91307 0
91560 0
91635 0
91783 0
91817 0
91828 0
91831 0
91851 0
91879 0
91892 0
92041 0
92061 0
92149 0
92377 0
92454 0
92480 0
92739 0
92743 0
92859 0
92916 0
93054 0
93495 0
93586 0
93592 0
93595 0
93614 0
93691 0
93703 0
93779 0
93804 0
93897 0
93927 0
93934 0
93976 0
93977 0
94115 0
94154 0
94157 0
94173 0
94198 0
94297 0
94462 0
94469 0
94652 0
94653 0
94774 0
94778 0
94917 0
95275 0
95356 0
95501 0
95818 0
95916 0
95938 0
96008 0
96089 0
96264 0
96272 0
96466 0
96485 0
96639 0
96784 0
96800 0
96833 0
97010 0
97036 0
97043 0
97132 0
97457 0
97465 0
97482 0
97701 0
97812 0
97815 0
97847 0
97898 0
98036 0
98447 0
98531 0
98560 0
98841 0
98850 0
98949 0
98973 0
99008 0
99220 0
99279 0
99390 0
99451 0
99461 0
99495 0
99506 0
99579 0
99592 0
99730 0
99832 0
99854 0
99919 0
99965 0
