c This is a uniform distributed  1-D DIMACS file 
c width height point_number
p 100000 100000 1024
232 0
548 0
669 0
861 0
998 0
1090 0
1167 0
1174 0
1207 0
1214 0
1269 0
1307 0
1350 0
1362 0
1498 0
1611 0
1639 0
1655 0
1867 0
1914 0
1998 0
2290 0
2324 0
2448 0
2604 0
2651 0
2782 0
2812 0
2863 0
2927 0
3141 0
3292 0
3348 0
3367 0
3394 0
3421 0
3439 0
3513 0
3617 0
3632 0
3638 0
3700 0
3748 0
3854 0
3940 0
4100 0
4481 0
4547 0
4590 0
4747 0
4948 0
5005 0
5068 0
5071 0
5345 0
5348 0
5442 0
5545 0
5551 0
5566 0
5580 0
5643 0
5737 0
5862 0
6012 0
6342 0
6429 0
6436 0
6554 0
6586 0
6697 0
6699 0
7159 0
7259 0
7376 0
7436 0
7453 0
7640 0
7863 0
7945 0
8436 0
8474 0
8574 0
8608 0
8978 0
9077 0
9100 0
9115 0
9116 0
9118 0
9134 0
9248 0
9353 0
9449 0
9562 0
9770 0
9814 0
9958 0
10340 0
10472 0
10723 0
10908 0
11024 0
11057 0
11128 0
11613 0
11621 0
11687 0
11715 0
11844 0
11991 0
11996 0
12131 0
12147 0
12173 0
12270 0
12412 0
12492 0
12518 0
12552 0
12791 0
12822 0
12918 0
12951 0
13277 0
13367 0
13475 0
13728 0
13763 0
13871 0
14109 0
14174 0
14269 0
14387 0
14505 0
14568 0
14578 0
14633 0
14749 0
14846 0
15093 0
15362 0
15378 0
15452 0
15509 0
15518 0
15525 0
15680 0
15901 0
15990 0
16052 0
16067 0
16312 0
16392 0
16411 0
16419 0
16667 0
16765 0
17003 0
17014 0
17053 0
17061 0
17083 0
17212 0
17258 0
17292 0
17298 0
17379 0
17408 0
17442 0
17473 0
17705 0
18092 0
18119 0
18130 0
18298 0
18512 0
18551 0
18573 0
18602 0
18609 0
18670 0
18732 0
18842 0
18869 0
19080 0
19121 0
19136 0
19213 0
19230 0
19268 0
19366 0
19414 0
19575 0
19611 0
19645 0
19721 0
19806 0
19818 0
19851 0
19943 0
20480 0
20593 0
21280 0
21346 0
21613 0
21760 0
21905 0
22259 0
22354 0
22368 0
22404 0
22461 0
22485 0
22514 0
22569 0
22690 0
22712 0
22723 0
22851 0
22951 0
23045 0
23201 0
23224 0
23577 0
23854 0
24026 0
24106 0
24214 0
24224 0
24238 0
24344 0
24525 0
24535 0
24731 0
24861 0
25127 0
25143 0
25177 0
25201 0
25237 0
25266 0
25407 0
25444 0
25509 0
25571 0
25683 0
25738 0
25793 0
25808 0
25820 0
25891 0
26166 0
26193 0
26298 0
26313 0
26385 0
26401 0
26474 0
26493 0
26611 0
26621 0
26705 0
26794 0
26799 0
26947 0
27268 0
27274 0
27384 0
27397 0
27433 0
27778 0
27800 0
27962 0
27987 0
28019 0
28118 0
28197 0
28262 0
28334 0
28341 0
28433 0
28481 0
28669 0
28691 0
28708 0
28774 0
28844 0
28943 0
29004 0
29087 0
29100 0
29133 0
29204 0
29206 0
29365 0
29416 0
29744 0
29835 0
30031 0
30225 0
30288 0
30354 0
30382 0
30388 0
30539 0
30675 0
30706 0
30853 0
30928 0
31102 0
31227 0
31441 0
31553 0
31567 0
31606 0
31624 0
31733 0
31775 0
31805 0
31947 0
32038 0
32157 0
32229 0
32474 0
32540 0
32690 0
32813 0
32817 0
32889 0
32897 0
32981 0
32991 0
32996 0
33091 0
33111 0
33235 0
33260 0
33262 0
33340 0
33376 0
33441 0
33531 0
33616 0
33785 0
33786 0
33870 0
34001 0
34064 0
34087 0
34107 0
34129 0
34136 0
34287 0
34296 0
34307 0
34337 0
34448 0
34602 0
34675 0
34713 0
34868 0
34906 0
34919 0
35019 0
35130 0
35162 0
35205 0
35269 0
35292 0
35293 0
35320 0
35323 0
35458 0
35620 0
35699 0
35719 0
35794 0
35821 0
35837 0
35936 0
36176 0
36246 0
36273 0
36416 0
36533 0
36541 0
36624 0
36728 0
36846 0
36856 0
36949 0
37022 0
37042 0
37090 0
37302 0
37429 0
37695 0
37806 0
37840 0
37866 0
37919 0
38307 0
38412 0
38419 0
38424 0
38470 0
38511 0
38693 0
38780 0
38809 0
38909 0
38913 0
39006 0
39023 0
39123 0
39594 0
39602 0
39609 0
39756 0
39781 0
39812 0
39913 0
39919 0
40100 0
40296 0
40337 0
40488 0
40617 0
40619 0
40660 0
40703 0
40770 0
40774 0
40776 0
40784 0
40829 0
40837 0
40874 0
41092 0
41139 0
41169 0
41175 0
41227 0
41580 0
41606 0
41768 0
41810 0
41812 0
42342 0
42351 0
42364 0
42442 0
42562 0
42690 0
42759 0
42885 0
42992 0
43001 0
43077 0
43220 0
43257 0
43282 0
43404 0
43600 0
43658 0
43722 0
43889 0
43997 0
44026 0
44043 0
44237 0
44346 0
44364 0
44657 0
44709 0
45173 0
45254 0
45400 0
45416 0
45490 0
45517 0
45536 0
45609 0
45863 0
46013 0
46051 0
46060 0
46179 0
46225 0
46391 0
46551 0
46643 0
46706 0
46776 0
46906 0
47193 0
47219 0
47303 0
47371 0
47560 0
47571 0
47663 0
47680 0
47700 0
47762 0
47980 0
47999 0
48055 0
48158 0
48249 0
48314 0
48533 0
48605 0
48623 0
48855 0
48889 0
48912 0
49118 0
49127 0
49185 0
49254 0
49570 0
49653 0
49829 0
49908 0
50000 0
50081 0
50090 0
50434 0
50592 0
50598 0
50698 0
50801 0
50850 0
51007 0
51042 0
51095 0
51108 0
51122 0
51199 0
51377 0
51527 0
51604 0
51706 0
51909 0
51926 0
52021 0
52093 0
52193 0
52214 0
52406 0
52610 0
52797 0
52805 0
53225 0
53266 0
53278 0
53313 0
53407 0
53427 0
53458 0
53612 0
53754 0
53780 0
53905 0
54250 0
54280 0
54519 0
54650 0
54672 0
54701 0
54744 0
54846 0
55319 0
55389 0
55533 0
55538 0
55820 0
56043 0
56121 0
56505 0
56742 0
56809 0
56930 0
57006 0
57056 0
57079 0
57282 0
57396 0
57422 0
57484 0
57555 0
57874 0
58067 0
58117 0
58180 0
58263 0
58412 0
58465 0
58616 0
58639 0
58668 0
58788 0
58868 0
59122 0
59163 0
59219 0
59305 0
59379 0
59401 0
59442 0
59445 0
59610 0
59692 0
59713 0
59761 0
59901 0
59996 0
60156 0
60242 0
60251 0
60288 0
60367 0
60425 0
60445 0
60629 0
60672 0
60701 0
60892 0
60895 0
61001 0
61119 0
61184 0
61341 0
61578 0
61732 0
61951 0
62040 0
62104 0
62471 0
62547 0
62708 0
62834 0
62892 0
62938 0
63221 0
63239 0
63316 0
63329 0
63398 0
63456 0
63655 0
63728 0
63781 0
63870 0
64066 0
64376 0
64390 0
64674 0
64774 0
64876 0
64893 0
64928 0
64987 0
65040 0
65050 0
65071 0
65327 0
65369 0
65404 0
65772 0
66070 0
66132 0
66244 0
66361 0
66365 0
66451 0
66517 0
67045 0
67056 0
67109 0
67142 0
67189 0
67329 0
67572 0
67603 0
67633 0
67635 0
67680 0
67685 0
67726 0
67770 0
67782 0
67975 0
68008 0
68165 0
68303 0
68304 0
68486 0
68610 0
69077 0
69325 0
69356 0
69607 0
69632 0
69794 0
69847 0
69869 0
69900 0
70080 0
70157 0
70496 0
70572 0
70669 0
70740 0
70793 0
70952 0
71123 0
71197 0
71254 0
71274 0
71386 0
71412 0
71529 0
71814 0
71815 0
71931 0
71968 0
72034 0
72070 0
72132 0
72150 0
72501 0
72505 0
72526 0
72783 0
72928 0
72932 0
72974 0
73007 0
73094 0
73117 0
73149 0
73464 0
73497 0
73639 0
73696 0
74067 0
74131 0
74155 0
74283 0
74334 0
74402 0
74480 0
74634 0
74740 0
74817 0
74937 0
75114 0
75280 0
75367 0
75438 0
75507 0
75529 0
75530 0
75556 0
75557 0
75682 0
75740 0
75750 0
75830 0
75880 0
76044 0
76205 0
76273 0
76353 0
76409 0
76455 0
76687 0
76869 0
77173 0
77247 0
77264 0
77354 0
77373 0
77462 0
77465 0
77617 0
77634 0
77640 0
77779 0
77781 0
77938 0
77947 0
77956 0
78014 0
78023 0
78143 0
78157 0
78175 0
78199 0
78202 0
78235 0
78268 0
78290 0
78321 0
78342 0
78445 0
78584 0
78700 0
78760 0
78815 0
79162 0
79348 0
79775 0
80139 0
80266 0
80343 0
80394 0
80434 0
80558 0
80602 0
80604 0
80625 0
80629 0
80752 0
80889 0
81864 0
81906 0
81914 0
81970 0
82035 0
82055 0
82169 0
82180 0
82410 0
82429 0
82438 0
82500 0
82541 0
82544 0
82684 0
82789 0
82810 0
83286 0
83447 0
83475 0
83505 0
83533 0
83535 0
83542 0
83651 0
83681 0
83730 0
83742 0
83819 0
83879 0
83897 0
84001 0
84030 0
84549 0
84568 0
84582 0
84737 0
84812 0
84847 0
84912 0
85055 0
85066 0
85091 0
85344 0
85376 0
85584 0
85590 0
85650 0
85724 0
85862 0
85923 0
86284 0
86380 0
86453 0
86460 0
86541 0
86647 0
86871 0
86893 0
86980 0
87060 0
87150 0
87409 0
87678 0
87696 0
87714 0
87723 0
87913 0
88015 0
88165 0
88234 0
88512 0
88553 0
88647 0
88702 0
88836 0
88887 0
88895 0
88901 0
89061 0
89176 0
89236 0
89281 0
89355 0
89390 0
89403 0
89511 0
89655 0
89701 0
89711 0
89737 0
89804 0
89824 0
89846 0
90004 0
90196 0
90482 0
90565 0
90569 0
90598 0
90675 0
90684 0
90780 0
91030 0
91143 0
91166 0
91611 0
91746 0
91894 0
91999 0
92155 0
92165 0
92170 0
92174 0
92267 0
92446 0
92492 0
92691 0
92794 0
92876 0
92937 0
93068 0
93352 0
93488 0
93497 0
93615 0
93959 0
93974 0
94027 0
94097 0
94533 0
94582 0
94821 0
94849 0
94930 0
95202 0
95237 0
95303 0
95360 0
95381 0
95401 0
95471 0
95481 0
95489 0
95507 0
95566 0
95708 0
95799 0
95843 0
95869 0
95932 0
95975 0
96057 0
96095 0
96119 0
96137 0
96298 0
96303 0
96384 0
96466 0
96543 0
96668 0
96732 0
96790 0
96970 0
97037 0
97041 0
97158 0
97165 0
97184 0
97353 0
97430 0
97660 0
97705 0
97782 0
97824 0
97976 0
98141 0
98413 0
98528 0
98576 0
98850 0
98865 0
99175 0
99221 0
99229 0
99246 0
99348 0
99400 0
99431 0
99436 0
99490 0
99491 0
99808 0
99918 0
99921 0
