c This is a uniform distributed  1-D DIMACS file 
c width height point_number
p 100000 100000 1024
27 0
236 0
241 0
288 0
410 0
640 0
817 0
831 0
1228 0
1478 0
1485 0
1575 0
1673 0
1712 0
1760 0
2044 0
2187 0
2214 0
2293 0
2342 0
2351 0
2414 0
2470 0
2639 0
3012 0
3120 0
3154 0
3248 0
3384 0
3405 0
3512 0
3517 0
3599 0
3622 0
3777 0
3850 0
3905 0
4008 0
4144 0
4215 0
4400 0
4435 0
4523 0
4529 0
4680 0
4737 0
5048 0
5352 0
5435 0
5441 0
5605 0
5665 0
5785 0
5863 0
5940 0
5948 0
6183 0
6203 0
6250 0
6337 0
6406 0
6492 0
6512 0
6543 0
6638 0
6719 0
6909 0
6940 0
7084 0
7436 0
7508 0
7530 0
7599 0
7740 0
7759 0
7762 0
7827 0
7838 0
7844 0
8129 0
8349 0
8430 0
8459 0
8574 0
8798 0
8825 0
8882 0
9022 0
9056 0
9145 0
9226 0
9337 0
9376 0
9399 0
9437 0
9446 0
9573 0
9604 0
9605 0
9748 0
9940 0
10039 0
10117 0
10121 0
10155 0
10158 0
10249 0
10455 0
10509 0
10620 0
10643 0
10705 0
10899 0
11089 0
11104 0
11490 0
11526 0
11620 0
11816 0
11822 0
11878 0
11961 0
12024 0
12059 0
12274 0
12298 0
12509 0
12522 0
12526 0
12645 0
12657 0
12688 0
12733 0
12993 0
13043 0
13134 0
13159 0
13291 0
13465 0
13546 0
13628 0
13691 0
13809 0
13832 0
13963 0
14066 0
14099 0
14123 0
14150 0
14252 0
14257 0
14266 0
14621 0
14804 0
14902 0
15115 0
15197 0
15258 0
15383 0
15402 0
15479 0
15550 0
15565 0
15649 0
15790 0
16055 0
16088 0
16187 0
16267 0
16289 0
16438 0
16525 0
16562 0
16569 0
16572 0
16693 0
16889 0
16906 0
17003 0
17008 0
17239 0
17557 0
17605 0
17651 0
17715 0
17876 0
17998 0
18001 0
18063 0
18101 0
18110 0
18153 0
18309 0
18561 0
18608 0
18678 0
18684 0
18715 0
18819 0
18861 0
18909 0
18962 0
19025 0
19083 0
19140 0
19629 0
19852 0
19978 0
20276 0
20324 0
20384 0
20401 0
20653 0
20673 0
20696 0
21011 0
21108 0
21116 0
21157 0
21308 0
21588 0
21780 0
21819 0
22134 0
22278 0
22485 0
22776 0
22862 0
22965 0
23296 0
23319 0
23687 0
23699 0
23765 0
23938 0
23947 0
23958 0
24158 0
24277 0
24287 0
24311 0
24503 0
24565 0
24677 0
24697 0
24926 0
25289 0
25494 0
25539 0
25649 0
25750 0
25927 0
26245 0
26411 0
26423 0
26437 0
26737 0
26739 0
26752 0
26756 0
27189 0
27280 0
27281 0
27457 0
27469 0
27492 0
27531 0
27637 0
28018 0
28432 0
28650 0
28738 0
28771 0
28815 0
28817 0
29071 0
29149 0
29198 0
29254 0
29266 0
29545 0
29605 0
29870 0
29975 0
30088 0
30224 0
30265 0
30303 0
30378 0
30470 0
30706 0
30817 0
30919 0
30928 0
31044 0
31128 0
31158 0
31200 0
31201 0
31339 0
31357 0
31381 0
31527 0
31638 0
31702 0
31735 0
31952 0
32169 0
32226 0
32232 0
32278 0
32353 0
32542 0
32558 0
32560 0
32619 0
32627 0
32630 0
32708 0
33001 0
33023 0
33139 0
33210 0
33388 0
33402 0
33454 0
33570 0
33709 0
33803 0
33943 0
34014 0
34152 0
34262 0
34316 0
34413 0
34602 0
34610 0
34674 0
34802 0
34990 0
35112 0
35254 0
35273 0
35372 0
35450 0
35496 0
35608 0
35746 0
35819 0
35909 0
35961 0
35996 0
36088 0
36110 0
36213 0
36228 0
36253 0
36269 0
36413 0
36556 0
36614 0
36624 0
36647 0
36797 0
36884 0
36895 0
36953 0
37065 0
37078 0
37136 0
37163 0
37178 0
37182 0
37630 0
37710 0
37800 0
37970 0
37984 0
38158 0
38274 0
38382 0
38500 0
38557 0
38576 0
38655 0
38731 0
38808 0
38846 0
38847 0
38867 0
38881 0
38945 0
38946 0
38955 0
39216 0
39275 0
39438 0
39442 0
39462 0
39496 0
39818 0
39960 0
39973 0
39986 0
40072 0
40153 0
40196 0
40205 0
40252 0
40555 0
40711 0
40776 0
40886 0
41253 0
41321 0
41423 0
41701 0
41735 0
41803 0
41975 0
42038 0
42040 0
42063 0
42121 0
42138 0
42362 0
42365 0
42392 0
42405 0
42454 0
42650 0
42699 0
42859 0
43062 0
43112 0
43238 0
43300 0
43356 0
43364 0
43371 0
43624 0
43793 0
43820 0
43844 0
43882 0
43981 0
44182 0
44404 0
44410 0
44421 0
44448 0
44474 0
44821 0
44856 0
44937 0
44948 0
45008 0
45091 0
45293 0
45438 0
45472 0
45517 0
45592 0
45800 0
46035 0
46120 0
46138 0
46336 0
46349 0
46419 0
46484 0
46614 0
46728 0
46845 0
46930 0
47059 0
47183 0
47283 0
47462 0
47522 0
47527 0
47762 0
47779 0
47816 0
48143 0
48288 0
48291 0
48296 0
48361 0
48386 0
48485 0
48487 0
48539 0
48575 0
48810 0
48976 0
49121 0
49275 0
49320 0
49378 0
49411 0
49438 0
49539 0
49657 0
49728 0
49854 0
49984 0
50212 0
50247 0
50329 0
50464 0
50480 0
50490 0
50733 0
51051 0
51058 0
51078 0
51139 0
51207 0
51259 0
51262 0
51287 0
51386 0
51446 0
51503 0
51723 0
51740 0
51775 0
51804 0
51827 0
51985 0
52096 0
52110 0
52231 0
52328 0
52381 0
52445 0
52463 0
52644 0
52753 0
52854 0
52862 0
52884 0
53118 0
53214 0
53699 0
53718 0
53818 0
54124 0
54158 0
54311 0
54452 0
54454 0
54496 0
54572 0
54590 0
54639 0
54646 0
54704 0
54712 0
54738 0
54800 0
54942 0
55107 0
55248 0
55580 0
55764 0
55821 0
55864 0
55888 0
56072 0
56457 0
56492 0
56589 0
56745 0
56788 0
56819 0
56853 0
56859 0
56877 0
56958 0
57031 0
57128 0
57441 0
57444 0
57563 0
57621 0
57694 0
57833 0
57906 0
58170 0
58283 0
58458 0
58514 0
58597 0
58619 0
58687 0
58733 0
58786 0
58964 0
59043 0
59320 0
59332 0
59500 0
59619 0
60093 0
60105 0
60190 0
60361 0
60465 0
60479 0
60566 0
60596 0
60665 0
60706 0
60767 0
60832 0
60989 0
61076 0
61121 0
61152 0
61264 0
61270 0
61274 0
61287 0
61328 0
61391 0
61403 0
61444 0
61665 0
61772 0
61791 0
61866 0
62042 0
62044 0
62067 0
62369 0
62574 0
62641 0
62648 0
62656 0
62862 0
62914 0
62925 0
62933 0
63377 0
63471 0
63505 0
63572 0
63709 0
63861 0
63937 0
64094 0
64178 0
64189 0
64271 0
64284 0
64510 0
64527 0
64570 0
64581 0
64653 0
64699 0
64753 0
64909 0
64912 0
65133 0
65553 0
65824 0
65857 0
65862 0
66165 0
66208 0
66222 0
66450 0
66494 0
66496 0
66605 0
66744 0
66845 0
67089 0
67216 0
67226 0
67272 0
67358 0
67409 0
67504 0
67625 0
67742 0
67749 0
67765 0
67932 0
67995 0
68080 0
68117 0
68133 0
68179 0
68259 0
68276 0
68314 0
68318 0
68349 0
68551 0
68588 0
68696 0
68860 0
68861 0
68950 0
68951 0
68994 0
69004 0
69007 0
69119 0
69213 0
69373 0
69388 0
69496 0
69584 0
69687 0
69739 0
69830 0
69837 0
69915 0
69944 0
70132 0
70286 0
70384 0
70431 0
70454 0
70562 0
70681 0
71123 0
71185 0
71208 0
71543 0
71734 0
72011 0
72041 0
72135 0
72156 0
72172 0
72204 0
72241 0
72255 0
72333 0
72362 0
72377 0
72591 0
72677 0
72941 0
72957 0
73047 0
73086 0
73132 0
73189 0
73314 0
73323 0
73350 0
73586 0
73696 0
73816 0
73866 0
73871 0
74117 0
74187 0
74414 0
74592 0
74620 0
74746 0
74977 0
75003 0
75090 0
75209 0
75393 0
75508 0
75520 0
75656 0
76039 0
76062 0
76067 0
76126 0
76186 0
76346 0
76494 0
76525 0
76692 0
76835 0
76920 0
76944 0
77116 0
77309 0
77482 0
77636 0
77842 0
77981 0
78027 0
78070 0
78211 0
78316 0
78381 0
78435 0
78547 0
78672 0
78675 0
78689 0
78743 0
78758 0
78945 0
79113 0
79128 0
79196 0
79356 0
79506 0
79545 0
79597 0
79604 0
79611 0
79615 0
79676 0
79686 0
79814 0
79841 0
79891 0
79941 0
79953 0
79959 0
80003 0
80073 0
80173 0
80214 0
80218 0
80292 0
80363 0
80537 0
80839 0
80840 0
80895 0
80904 0
80931 0
81112 0
81283 0
81423 0
81656 0
81713 0
81795 0
81940 0
82060 0
82137 0
82337 0
82416 0
82466 0
82610 0
82643 0
82775 0
82894 0
83027 0
83183 0
83296 0
83476 0
83501 0
83550 0
83638 0
83889 0
84106 0
84200 0
84268 0
84321 0
84414 0
84782 0
84849 0
84876 0
85008 0
85036 0
85082 0
85122 0
85204 0
85233 0
85260 0
85448 0
85454 0
85460 0
85465 0
85573 0
85607 0
85720 0
85744 0
85799 0
85994 0
86302 0
86377 0
86554 0
86688 0
86851 0
86996 0
87131 0
87234 0
87304 0
87376 0
87561 0
87568 0
87699 0
87768 0
87879 0
87910 0
88036 0
88127 0
88131 0
88151 0
88174 0
88270 0
88272 0
88294 0
88310 0
88323 0
88351 0
88443 0
88698 0
88745 0
88857 0
88869 0
88888 0
88946 0
88999 0
89148 0
89174 0
89204 0
89245 0
89291 0
89783 0
89847 0
89971 0
89989 0
90189 0
90221 0
90346 0
90382 0
90395 0
90680 0
90743 0
90762 0
90854 0
90885 0
91016 0
91023 0
91048 0
91268 0
91271 0
91318 0
91425 0
91613 0
91655 0
91679 0
91967 0
92243 0
92511 0
92604 0
92609 0
92687 0
92742 0
93008 0
93124 0
93199 0
93224 0
93247 0
93502 0
93552 0
93587 0
93589 0
93601 0
93729 0
93743 0
93769 0
93790 0
93837 0
94220 0
94503 0
94545 0
94729 0
94883 0
94906 0
94995 0
95009 0
95010 0
95107 0
95397 0
95506 0
95574 0
95582 0
95699 0
95801 0
95840 0
95941 0
96084 0
96412 0
96422 0
96839 0
96935 0
96995 0
97148 0
97264 0
97441 0
97445 0
97537 0
97662 0
97760 0
98051 0
98125 0
98141 0
98239 0
98368 0
98595 0
98675 0
98852 0
98855 0
98898 0
99081 0
99146 0
99152 0
99214 0
99222 0
99243 0
99264 0
99489 0
99628 0
