c This is a uniform distributed  1-D DIMACS file 
c width height point_number
p 100000 100000 1024
56 0
143 0
238 0
392 0
485 0
500 0
933 0
987 0
1067 0
1069 0
1096 0
1264 0
1450 0
1491 0
1509 0
1611 0
1772 0
1897 0
1948 0
2073 0
2303 0
2640 0
2728 0
2751 0
2879 0
2901 0
2976 0
3120 0
3209 0
3232 0
3348 0
3377 0
3394 0
3435 0
3464 0
3472 0
3582 0
3589 0
3675 0
3743 0
3793 0
3804 0
3821 0
3844 0
3878 0
4029 0
4040 0
4293 0
4774 0
4819 0
5018 0
5125 0
5127 0
5507 0
5557 0
5671 0
5696 0
5747 0
5759 0
5801 0
5891 0
5923 0
5986 0
6180 0
6227 0
6307 0
6632 0
6651 0
6661 0
6665 0
6708 0
6722 0
6730 0
6825 0
6892 0
7022 0
7037 0
7118 0
7334 0
7381 0
7466 0
7517 0
7560 0
7876 0
7927 0
8062 0
8198 0
8380 0
8458 0
8494 0
8626 0
8865 0
8876 0
8879 0
8955 0
9392 0
9621 0
9691 0
9699 0
9727 0
9890 0
9913 0
10073 0
10128 0
10174 0
10202 0
10336 0
10445 0
10466 0
11128 0
11280 0
11691 0
11763 0
11824 0
11842 0
11856 0
12207 0
12224 0
12234 0
12273 0
12286 0
12302 0
12312 0
12533 0
12555 0
12624 0
12883 0
13507 0
13645 0
13658 0
13743 0
13824 0
13834 0
13849 0
13859 0
13945 0
14158 0
14243 0
14356 0
14387 0
14495 0
14504 0
14517 0
14591 0
14711 0
14854 0
15041 0
15100 0
15244 0
15328 0
15395 0
15444 0
15473 0
15492 0
15601 0
15610 0
15911 0
16002 0
16040 0
16073 0
16204 0
16208 0
16241 0
16316 0
16428 0
16497 0
16703 0
16791 0
16866 0
16875 0
16987 0
17049 0
17235 0
17236 0
17281 0
17335 0
17392 0
17442 0
17471 0
17561 0
17609 0
17636 0
17691 0
17740 0
17791 0
17941 0
18025 0
18085 0
18142 0
18265 0
18316 0
18452 0
18592 0
18619 0
18654 0
18752 0
18996 0
19153 0
19231 0
19255 0
19342 0
19355 0
19359 0
19431 0
19647 0
19669 0
19698 0
19958 0
20074 0
20188 0
20242 0
20252 0
20277 0
20330 0
20636 0
20651 0
20698 0
20819 0
20853 0
21003 0
21186 0
21248 0
21334 0
21503 0
21572 0
21614 0
21707 0
21769 0
21776 0
21881 0
22091 0
22097 0
22310 0
22397 0
22419 0
22574 0
22649 0
22719 0
22723 0
22832 0
22926 0
22984 0
22991 0
23120 0
23320 0
23337 0
23398 0
23583 0
23743 0
23894 0
23908 0
24257 0
24438 0
24579 0
24673 0
24687 0
25039 0
25146 0
25196 0
25216 0
25313 0
25343 0
25350 0
25395 0
25699 0
25722 0
25762 0
25790 0
25856 0
25941 0
26123 0
26244 0
26258 0
26291 0
26333 0
26455 0
26573 0
26708 0
26798 0
26860 0
26991 0
27098 0
27119 0
27128 0
27276 0
27353 0
27471 0
27574 0
27639 0
27674 0
27815 0
27969 0
28269 0
28355 0
28359 0
28625 0
28693 0
28730 0
28740 0
28789 0
28820 0
28948 0
28993 0
29092 0
29102 0
29103 0
29215 0
29245 0
29247 0
29277 0
29453 0
29477 0
29530 0
29547 0
29571 0
29618 0
29623 0
29765 0
29827 0
29927 0
30001 0
30065 0
30388 0
30456 0
30495 0
30589 0
30629 0
30655 0
30672 0
30698 0
30832 0
31004 0
31015 0
31279 0
31436 0
31467 0
31491 0
31542 0
31590 0
31658 0
31694 0
31715 0
31800 0
31866 0
32084 0
32219 0
32223 0
32353 0
32454 0
32517 0
32648 0
32767 0
32783 0
32860 0
33061 0
33089 0
33121 0
33169 0
33170 0
33259 0
33269 0
33341 0
33509 0
33530 0
33595 0
33596 0
33617 0
33702 0
33881 0
33975 0
34051 0
34167 0
34219 0
34234 0
34264 0
34283 0
34462 0
34548 0
34578 0
34857 0
35428 0
35446 0
35481 0
35665 0
35768 0
35866 0
35873 0
35908 0
35965 0
35973 0
36190 0
36219 0
36224 0
36725 0
36859 0
36943 0
37078 0
37390 0
37402 0
37577 0
37917 0
37924 0
38015 0
38035 0
38163 0
38170 0
38190 0
38303 0
38621 0
38744 0
38750 0
38775 0
38860 0
38919 0
38954 0
39017 0
39171 0
39332 0
39338 0
39518 0
39678 0
39750 0
39844 0
39895 0
39973 0
40099 0
40123 0
40357 0
40631 0
40739 0
40893 0
40927 0
40975 0
40991 0
41128 0
41145 0
41255 0
41600 0
41740 0
41760 0
42121 0
42129 0
42232 0
42371 0
42423 0
42425 0
42593 0
42700 0
42774 0
42877 0
43002 0
43028 0
43031 0
43181 0
43347 0
43386 0
43478 0
43531 0
43597 0
43660 0
43681 0
43773 0
43894 0
43946 0
43975 0
44018 0
44146 0
44225 0
44255 0
44277 0
44303 0
44320 0
44471 0
44507 0
44793 0
44856 0
44869 0
45136 0
45229 0
45329 0
45480 0
45497 0
45577 0
45746 0
45960 0
46187 0
46326 0
46365 0
46382 0
46468 0
46560 0
46737 0
46789 0
46862 0
46984 0
47130 0
47170 0
47281 0
47373 0
47447 0
47453 0
47473 0
47755 0
47772 0
48103 0
48146 0
48563 0
48691 0
48814 0
48824 0
48858 0
48914 0
48917 0
48939 0
49271 0
49379 0
49471 0
49526 0
49646 0
49731 0
49861 0
49919 0
50232 0
50327 0
50346 0
50395 0
50444 0
50546 0
50558 0
50563 0
50661 0
50686 0
50854 0
50921 0
50999 0
51108 0
51242 0
51454 0
51477 0
51534 0
51565 0
51653 0
51766 0
51890 0
52134 0
52394 0
52521 0
52552 0
52637 0
52888 0
52999 0
53027 0
53053 0
53055 0
53067 0
53113 0
53123 0
53226 0
53317 0
53812 0
53854 0
53987 0
54012 0
54064 0
54299 0
54413 0
54475 0
54518 0
54567 0
54698 0
54721 0
54785 0
54804 0
54817 0
54934 0
54953 0
54996 0
55415 0
55480 0
55620 0
55667 0
55805 0
55828 0
55861 0
55976 0
56001 0
56070 0
56182 0
56231 0
56509 0
56533 0
56536 0
56581 0
56705 0
56727 0
56768 0
56805 0
56822 0
57156 0
57500 0
57521 0
57592 0
57620 0
58077 0
58282 0
58284 0
58287 0
58325 0
58419 0
58440 0
58585 0
58720 0
58757 0
58978 0
59024 0
59121 0
59178 0
59205 0
59437 0
59452 0
59524 0
59829 0
59887 0
60204 0
60245 0
60310 0
60364 0
60445 0
60714 0
60786 0
60812 0
60910 0
60948 0
60968 0
61039 0
61076 0
61103 0
61126 0
61169 0
61170 0
61222 0
61251 0
61270 0
61305 0
61309 0
61314 0
61401 0
61434 0
61506 0
61545 0
61822 0
61997 0
62128 0
62464 0
62746 0
62999 0
63170 0
63228 0
63245 0
63258 0
63335 0
63447 0
63458 0
63488 0
63558 0
63699 0
63781 0
63830 0
63843 0
63854 0
63900 0
64057 0
64065 0
64209 0
64323 0
64412 0
64464 0
64525 0
64530 0
64793 0
65039 0
65052 0
65164 0
65263 0
65312 0
65629 0
65759 0
65841 0
65950 0
65951 0
66055 0
66088 0
66178 0
66197 0
66223 0
66288 0
66366 0
66463 0
66592 0
66810 0
66833 0
66922 0
66946 0
67032 0
67035 0
67172 0
67993 0
68076 0
68114 0
68141 0
68172 0
68233 0
68302 0
68429 0
68448 0
68470 0
68622 0
69063 0
69165 0
69263 0
69432 0
69439 0
69540 0
69571 0
69598 0
69719 0
69746 0
69785 0
69797 0
69896 0
69908 0
69986 0
70006 0
70056 0
70274 0
70314 0
70359 0
70421 0
70515 0
70668 0
70916 0
70940 0
71243 0
71255 0
71293 0
71522 0
71527 0
71628 0
72265 0
72471 0
72524 0
72623 0
72744 0
72768 0
72829 0
72957 0
73054 0
73208 0
73441 0
73665 0
73685 0
73758 0
73851 0
73862 0
73868 0
73900 0
74105 0
74424 0
74520 0
74624 0
74637 0
74642 0
74691 0
74760 0
75138 0
75278 0
75346 0
75426 0
75497 0
75571 0
75615 0
75620 0
75652 0
75726 0
75813 0
75824 0
75894 0
75984 0
76115 0
76156 0
76238 0
76341 0
76524 0
76553 0
76570 0
76865 0
76888 0
77032 0
77214 0
77365 0
77735 0
77773 0
77954 0
78041 0
78215 0
78273 0
78398 0
78432 0
78628 0
78732 0
78739 0
78753 0
78841 0
78868 0
79100 0
79170 0
79235 0
79238 0
79397 0
79650 0
79721 0
79798 0
80116 0
80186 0
80446 0
80575 0
80680 0
80767 0
80830 0
80852 0
80863 0
81006 0
81280 0
81458 0
81545 0
81565 0
81639 0
81677 0
81920 0
81935 0
81966 0
82028 0
82053 0
82206 0
82282 0
82304 0
82368 0
82458 0
82495 0
82534 0
82572 0
82748 0
82895 0
82927 0
82984 0
82999 0
83004 0
83033 0
83035 0
83137 0
83153 0
83356 0
83449 0
83525 0
83717 0
83797 0
83832 0
83844 0
83873 0
84014 0
84061 0
84256 0
84355 0
84424 0
84489 0
84608 0
84615 0
84631 0
84660 0
84676 0
84694 0
84747 0
84843 0
84849 0
84879 0
85017 0
85453 0
85482 0
85934 0
86291 0
86337 0
86695 0
86891 0
86969 0
86985 0
87020 0
87029 0
87091 0
87288 0
87487 0
87596 0
87892 0
88081 0
88192 0
88217 0
88548 0
88599 0
88811 0
88902 0
88916 0
89519 0
89711 0
89715 0
89757 0
89807 0
89808 0
89902 0
89992 0
90012 0
90054 0
90091 0
90108 0
90243 0
90425 0
90468 0
90470 0
90591 0
90850 0
91183 0
91186 0
91325 0
91755 0
91879 0
91909 0
91930 0
92068 0
92404 0
92408 0
92474 0
92680 0
92686 0
92810 0
92857 0
92982 0
93169 0
93247 0
93261 0
93334 0
93379 0
93409 0
93465 0
93495 0
93518 0
93615 0
93627 0
93709 0
93790 0
93880 0
94047 0
94208 0
94253 0
94291 0
94298 0
94360 0
94393 0
94415 0
94826 0
94869 0
94902 0
94998 0
95073 0
95122 0
95142 0
95178 0
95361 0
95409 0
95453 0
95912 0
95979 0
96023 0
96046 0
96052 0
96090 0
96406 0
96515 0
96540 0
96723 0
96800 0
96899 0
96990 0
97094 0
97188 0
97200 0
97264 0
97309 0
97315 0
97394 0
97426 0
97562 0
97627 0
97650 0
97668 0
97807 0
97871 0
98009 0
98099 0
98143 0
98227 0
98237 0
98239 0
98248 0
98331 0
98864 0
98883 0
99025 0
99102 0
99145 0
99179 0
99244 0
99364 0
99470 0
99539 0
99698 0
99903 0
