c This is a uniform distributed  1-D DIMACS file 
c width height point_number
p 100000 100000 1024
79 0
103 0
141 0
158 0
235 0
254 0
264 0
319 0
454 0
673 0
848 0
893 0
932 0
944 0
1011 0
1128 0
1260 0
1319 0
1534 0
1637 0
1719 0
1766 0
1988 0
2052 0
2237 0
2335 0
2359 0
2485 0
2600 0
2617 0
2786 0
2944 0
3227 0
3391 0
3666 0
3724 0
3870 0
3990 0
4055 0
4059 0
4103 0
4341 0
4344 0
4458 0
4597 0
4735 0
4816 0
4852 0
4886 0
5269 0
5428 0
5431 0
5455 0
5703 0
6010 0
6113 0
6399 0
6401 0
6408 0
6632 0
6666 0
6748 0
6790 0
7001 0
7061 0
7166 0
7348 0
7375 0
7483 0
7586 0
7755 0
7836 0
8025 0
8091 0
8094 0
8204 0
8328 0
8341 0
8669 0
8704 0
8778 0
8855 0
8925 0
8941 0
9313 0
9342 0
9384 0
9494 0
9551 0
9571 0
9603 0
9730 0
9957 0
10081 0
10265 0
10279 0
10300 0
10350 0
10359 0
10365 0
10374 0
10405 0
10412 0
10434 0
10439 0
10509 0
10602 0
10794 0
10835 0
10876 0
10915 0
11100 0
11108 0
11229 0
11451 0
11490 0
11523 0
11610 0
11670 0
11711 0
11841 0
11884 0
11912 0
11949 0
11984 0
11995 0
12075 0
12219 0
12231 0
12297 0
12351 0
12376 0
12457 0
12641 0
12645 0
12653 0
12698 0
12700 0
12772 0
12783 0
13000 0
13013 0
13145 0
13165 0
13236 0
13250 0
13269 0
13272 0
13306 0
13311 0
13315 0
13704 0
13723 0
13894 0
13989 0
14005 0
14084 0
14340 0
14395 0
14581 0
14589 0
14924 0
14965 0
14975 0
15213 0
15255 0
15452 0
15579 0
15626 0
15638 0
15965 0
16084 0
16227 0
16236 0
16345 0
16364 0
16486 0
16703 0
16780 0
16954 0
16956 0
17053 0
17251 0
17316 0
17478 0
17502 0
17717 0
17848 0
17916 0
18020 0
18073 0
18110 0
18179 0
18199 0
18246 0
18392 0
18531 0
18612 0
18883 0
18966 0
19012 0
19052 0
19383 0
19484 0
19633 0
19833 0
20006 0
20015 0
20071 0
20277 0
20294 0
20621 0
20752 0
20775 0
20798 0
20809 0
20866 0
21010 0
21047 0
21221 0
21237 0
21308 0
21345 0
21526 0
21564 0
21587 0
21809 0
21834 0
22013 0
22040 0
22054 0
22102 0
22124 0
22383 0
22474 0
22572 0
22663 0
22707 0
22929 0
23006 0
23018 0
23070 0
23121 0
23177 0
23236 0
23360 0
23723 0
23736 0
23765 0
23894 0
24145 0
24213 0
24255 0
24543 0
24569 0
24590 0
24772 0
24877 0
25238 0
25306 0
25330 0
25414 0
25437 0
25455 0
25506 0
25517 0
25581 0
25676 0
25739 0
25786 0
25815 0
25824 0
25831 0
25861 0
25913 0
25926 0
26009 0
26010 0
26132 0
26242 0
26266 0
26271 0
26380 0
26404 0
26618 0
26701 0
26704 0
26751 0
26821 0
26944 0
26950 0
27072 0
27301 0
27399 0
27404 0
27520 0
27733 0
28014 0
28081 0
28113 0
28236 0
28370 0
28419 0
28530 0
28550 0
28728 0
28785 0
28795 0
29368 0
29424 0
29499 0
29665 0
29706 0
29766 0
29970 0
29973 0
30061 0
30314 0
30515 0
30525 0
30642 0
30675 0
30754 0
31238 0
31332 0
31353 0
31363 0
31435 0
31449 0
31495 0
31674 0
31938 0
32035 0
32039 0
32410 0
32440 0
32506 0
32631 0
32656 0
32728 0
32784 0
32788 0
32856 0
33044 0
33506 0
33583 0
33598 0
33643 0
33666 0
33953 0
34012 0
34020 0
34094 0
34123 0
34165 0
34272 0
34652 0
34842 0
35065 0
35075 0
35167 0
35307 0
35523 0
35603 0
35702 0
35752 0
35755 0
35796 0
35797 0
36014 0
36025 0
36489 0
36660 0
37009 0
37023 0
37043 0
37078 0
37181 0
37218 0
37365 0
37419 0
37585 0
37588 0
37636 0
37696 0
37857 0
37901 0
38070 0
38399 0
38433 0
38470 0
38478 0
38519 0
38688 0
38696 0
38838 0
38988 0
39039 0
39040 0
39044 0
39050 0
39119 0
39326 0
39329 0
39346 0
39432 0
39737 0
39905 0
40025 0
40127 0
40152 0
40168 0
40271 0
40327 0
40444 0
40569 0
40641 0
40706 0
40847 0
40849 0
40987 0
41006 0
41045 0
41169 0
41588 0
41658 0
41761 0
41800 0
42165 0
42186 0
42321 0
42582 0
42634 0
42672 0
42854 0
42860 0
42900 0
42969 0
42995 0
43177 0
43220 0
43342 0
43359 0
43410 0
43605 0
43707 0
44171 0
44240 0
44318 0
44428 0
44475 0
44559 0
44571 0
44674 0
44788 0
44822 0
44923 0
45011 0
45257 0
45302 0
45551 0
45590 0
45604 0
45619 0
45629 0
45631 0
45669 0
45860 0
45866 0
45898 0
45979 0
46054 0
46319 0
46375 0
46403 0
46414 0
46493 0
46687 0
46792 0
46844 0
46996 0
47015 0
47062 0
47084 0
47110 0
47209 0
47424 0
47528 0
47617 0
47634 0
47654 0
47949 0
47955 0
48173 0
48302 0
48374 0
48383 0
48397 0
48418 0
48464 0
48594 0
48621 0
48663 0
48687 0
48933 0
48968 0
49059 0
49238 0
49326 0
49563 0
49836 0
50085 0
50120 0
50210 0
50407 0
50486 0
50716 0
50749 0
50961 0
50988 0
50993 0
51232 0
51973 0
52114 0
52328 0
52372 0
52415 0
52427 0
52428 0
52701 0
52721 0
52735 0
52788 0
52936 0
53123 0
53215 0
53220 0
53231 0
53598 0
53601 0
53616 0
53649 0
53874 0
54019 0
54032 0
54095 0
54241 0
54265 0
54270 0
54350 0
54435 0
54479 0
54511 0
54736 0
54822 0
54831 0
54964 0
55219 0
55233 0
55238 0
55419 0
55512 0
55656 0
55718 0
55719 0
55802 0
55842 0
55843 0
56114 0
56237 0
56328 0
56358 0
56607 0
56777 0
56858 0
56890 0
56934 0
57219 0
57266 0
57685 0
57837 0
57838 0
58040 0
58089 0
58100 0
58142 0
58186 0
58234 0
58321 0
58344 0
58424 0
58427 0
58458 0
58575 0
58580 0
58673 0
58724 0
58779 0
58811 0
58960 0
58986 0
59075 0
59077 0
59249 0
59277 0
59332 0
59598 0
59616 0
59751 0
59800 0
59805 0
59957 0
60030 0
60093 0
60296 0
60329 0
60362 0
60518 0
60580 0
60763 0
60961 0
61008 0
61061 0
61319 0
61362 0
61445 0
61466 0
61522 0
61698 0
61704 0
61876 0
61941 0
62093 0
62123 0
62142 0
62147 0
62225 0
62243 0
62248 0
62254 0
62317 0
62347 0
62373 0
62607 0
62711 0
62798 0
62804 0
63070 0
63243 0
63399 0
63486 0
63573 0
63574 0
63624 0
63931 0
63934 0
64089 0
64294 0
64298 0
64441 0
64465 0
64498 0
64554 0
64647 0
64751 0
64775 0
64784 0
64809 0
65178 0
65378 0
65591 0
65605 0
65689 0
65798 0
65930 0
65966 0
66104 0
66107 0
66155 0
66186 0
66518 0
66633 0
66654 0
66701 0
66729 0
66763 0
66780 0
66798 0
66801 0
67094 0
67145 0
67317 0
67386 0
67438 0
67519 0
67601 0
67608 0
67683 0
67746 0
67833 0
67871 0
67876 0
67946 0
67978 0
67986 0
68406 0
68432 0
68549 0
68793 0
68806 0
68821 0
68859 0
68921 0
69037 0
69075 0
69134 0
69205 0
69239 0
69280 0
69372 0
69706 0
69916 0
69974 0
70019 0
70054 0
70094 0
70145 0
70720 0
70764 0
70787 0
70835 0
70849 0
70974 0
71087 0
71136 0
71216 0
71506 0
71571 0
71779 0
71799 0
71807 0
71814 0
71856 0
71973 0
72054 0
72062 0
72078 0
72102 0
72104 0
72115 0
72189 0
72206 0
72311 0
72417 0
72490 0
72675 0
72871 0
73202 0
73228 0
73246 0
73400 0
73527 0
73644 0
73716 0
73767 0
73831 0
73880 0
73917 0
73939 0
73964 0
74012 0
74057 0
74061 0
74112 0
74171 0
74205 0
74336 0
74345 0
74480 0
74559 0
74943 0
75025 0
75051 0
75146 0
75167 0
75229 0
75333 0
75349 0
75457 0
75505 0
75552 0
75600 0
75717 0
75798 0
75962 0
76238 0
76377 0
76399 0
76693 0
76748 0
76804 0
76886 0
76918 0
76943 0
77108 0
77209 0
77217 0
77229 0
77324 0
77380 0
77624 0
77625 0
77866 0
77968 0
78001 0
78113 0
78116 0
78243 0
78329 0
78428 0
78561 0
78640 0
78691 0
78807 0
78831 0
78870 0
78961 0
79129 0
79221 0
79276 0
79639 0
79900 0
79971 0
80015 0
80029 0
80111 0
80148 0
80157 0
80173 0
80184 0
80187 0
80206 0
80241 0
80415 0
80510 0
80570 0
80575 0
80643 0
80655 0
80717 0
81205 0
81376 0
81461 0
81521 0
81630 0
81712 0
81776 0
81819 0
81940 0
81956 0
81997 0
82001 0
82173 0
82409 0
82473 0
82672 0
82719 0
82741 0
82775 0
82819 0
82981 0
83159 0
83173 0
83253 0
83491 0
83614 0
83655 0
83767 0
83768 0
83845 0
83915 0
84020 0
84506 0
84535 0
84857 0
84947 0
85089 0
85090 0
85182 0
85485 0
85831 0
85876 0
85930 0
85951 0
86010 0
86108 0
86250 0
86275 0
86288 0
86421 0
86482 0
86721 0
86867 0
86881 0
86938 0
87050 0
87139 0
87151 0
87341 0
87483 0
87533 0
87664 0
87764 0
87871 0
87936 0
88102 0
88262 0
88445 0
88544 0
88643 0
88796 0
89059 0
89073 0
89146 0
89148 0
89175 0
89256 0
89279 0
89450 0
89473 0
89497 0
89640 0
89706 0
89777 0
89817 0
89856 0
90106 0
90229 0
90272 0
90416 0
90552 0
90639 0
90789 0
90840 0
90846 0
90994 0
91075 0
91098 0
91100 0
91103 0
91182 0
91448 0
91471 0
91960 0
91998 0
92081 0
92129 0
92139 0
92156 0
92271 0
92340 0
92852 0
92967 0
93056 0
93143 0
93144 0
93229 0
93261 0
93400 0
93441 0
93482 0
93490 0
93575 0
93604 0
93732 0
94201 0
94285 0
94306 0
94326 0
94379 0
94530 0
94631 0
94678 0
94681 0
94737 0
94802 0
94884 0
95373 0
95710 0
95947 0
96186 0
96216 0
96217 0
96259 0
96262 0
96505 0
96705 0
96716 0
96911 0
96915 0
96951 0
97002 0
97307 0
97335 0
97396 0
97414 0
97646 0
97688 0
97716 0
97918 0
97926 0
97987 0
98128 0
98356 0
98477 0
98563 0
98821 0
98854 0
98983 0
99577 0
99725 0
99835 0
99863 0
99994 0
