c This is a uniform distributed  1-D DIMACS file 
c width height point_number
p 100000 100000 1024
18 0
54 0
70 0
161 0
192 0
289 0
504 0
698 0
752 0
915 0
934 0
947 0
997 0
1113 0
1159 0
1298 0
1358 0
1367 0
1389 0
1464 0
1478 0
1505 0
1518 0
1555 0
1577 0
1588 0
1615 0
1745 0
1817 0
1972 0
2075 0
2106 0
2211 0
2282 0
2377 0
2384 0
2604 0
2681 0
2746 0
2783 0
2834 0
2894 0
2992 0
3052 0
3204 0
3492 0
3601 0
3678 0
3697 0
3708 0
3738 0
3884 0
3902 0
4031 0
4197 0
4511 0
4747 0
4849 0
5195 0
5302 0
5382 0
5499 0
5541 0
5556 0
5590 0
5598 0
5614 0
5714 0
5806 0
5933 0
5982 0
6006 0
6110 0
6179 0
6599 0
6622 0
6625 0
6655 0
6774 0
6823 0
6946 0
7156 0
7553 0
7582 0
7780 0
8030 0
8167 0
8263 0
8377 0
8447 0
8486 0
8501 0
8527 0
8652 0
8673 0
8975 0
9057 0
9157 0
9248 0
9286 0
9312 0
9372 0
9409 0
9442 0
9508 0
9556 0
9677 0
9847 0
9877 0
10068 0
10213 0
10249 0
10329 0
10497 0
10536 0
10811 0
10917 0
11056 0
11072 0
11082 0
11319 0
11325 0
11443 0
11574 0
11638 0
11898 0
11903 0
11962 0
12087 0
12099 0
12255 0
12871 0
12978 0
13269 0
13278 0
13386 0
13417 0
13723 0
13811 0
13861 0
14315 0
14381 0
14489 0
14524 0
14566 0
14667 0
14698 0
15061 0
15087 0
15088 0
15161 0
15210 0
15217 0
15284 0
15317 0
15469 0
15487 0
15602 0
15809 0
15851 0
15904 0
16022 0
16173 0
16296 0
16396 0
16437 0
16566 0
16584 0
16838 0
16871 0
16909 0
17111 0
17149 0
17249 0
17319 0
17344 0
17513 0
17567 0
17617 0
17723 0
17847 0
17920 0
18014 0
18135 0
18181 0
18186 0
18197 0
18326 0
18357 0
18415 0
18781 0
18865 0
18879 0
18949 0
19032 0
19241 0
19254 0
19366 0
19368 0
19490 0
19505 0
19506 0
19609 0
19661 0
19677 0
19710 0
19873 0
19945 0
20028 0
20029 0
20110 0
20154 0
20169 0
20386 0
20402 0
20405 0
20536 0
20687 0
20759 0
20771 0
20783 0
20954 0
20972 0
21020 0
21063 0
21126 0
21238 0
21437 0
21510 0
21735 0
21800 0
21814 0
21834 0
21863 0
22064 0
22147 0
22175 0
22449 0
22460 0
22506 0
22544 0
22684 0
22785 0
23030 0
23056 0
23129 0
23211 0
23320 0
23572 0
23578 0
23607 0
23618 0
23786 0
23798 0
23895 0
23904 0
24099 0
24275 0
24279 0
24284 0
24453 0
24455 0
24595 0
24809 0
24895 0
25028 0
25048 0
25206 0
25235 0
25243 0
25269 0
25371 0
25623 0
25665 0
25673 0
25701 0
25746 0
25787 0
25808 0
25840 0
25869 0
25987 0
25991 0
26010 0
26056 0
26136 0
26300 0
26585 0
26732 0
26740 0
26788 0
26934 0
26986 0
27027 0
27169 0
27402 0
27584 0
27788 0
28564 0
28627 0
28819 0
28922 0
29005 0
29201 0
29370 0
29477 0
29607 0
29636 0
29657 0
29663 0
29783 0
29877 0
30323 0
30451 0
30482 0
30620 0
30657 0
30722 0
30846 0
30853 0
30991 0
30997 0
31222 0
31279 0
31288 0
31339 0
31382 0
31594 0
31631 0
31821 0
31852 0
32029 0
32220 0
32321 0
32340 0
32535 0
32651 0
32687 0
32843 0
32884 0
32969 0
33072 0
33113 0
33227 0
33233 0
33276 0
33315 0
33626 0
33694 0
33754 0
33792 0
33813 0
33817 0
33869 0
33882 0
33949 0
33987 0
34019 0
34080 0
34097 0
34166 0
34188 0
34220 0
34260 0
34294 0
34540 0
34661 0
34887 0
34922 0
35004 0
35113 0
35162 0
35230 0
35300 0
35322 0
35442 0
35454 0
35622 0
35738 0
35785 0
35873 0
36109 0
36126 0
36187 0
36191 0
36221 0
36425 0
36483 0
36544 0
36746 0
36947 0
37131 0
37150 0
37162 0
37170 0
37171 0
37382 0
37389 0
37512 0
37573 0
37668 0
37725 0
37777 0
37951 0
37970 0
37975 0
38032 0
38086 0
38148 0
38224 0
38300 0
38380 0
38416 0
38899 0
38915 0
39153 0
39267 0
39365 0
39457 0
39591 0
39617 0
39733 0
39745 0
40120 0
40170 0
40178 0
40180 0
40182 0
40265 0
40355 0
40462 0
40490 0
40500 0
40539 0
40554 0
40598 0
40660 0
40695 0
40746 0
40883 0
41041 0
41068 0
41088 0
41340 0
41379 0
41409 0
41461 0
41872 0
41888 0
41893 0
41921 0
41944 0
42111 0
42124 0
42163 0
42342 0
42352 0
42384 0
42655 0
42761 0
43609 0
43610 0
43636 0
43780 0
43940 0
43960 0
44012 0
44065 0
44152 0
44160 0
44629 0
44659 0
44826 0
44992 0
45044 0
45095 0
45190 0
45480 0
45753 0
45861 0
45884 0
45911 0
45946 0
45952 0
46246 0
46262 0
46371 0
46411 0
46549 0
46601 0
46865 0
46895 0
46930 0
46944 0
47023 0
47046 0
47049 0
47265 0
47370 0
47427 0
47557 0
47610 0
47619 0
47637 0
47653 0
47720 0
47769 0
47856 0
47878 0
47954 0
48051 0
48106 0
48175 0
48190 0
48283 0
48302 0
48398 0
48402 0
48561 0
48565 0
48692 0
48703 0
48759 0
48766 0
48904 0
48909 0
49038 0
49208 0
49211 0
49305 0
49524 0
49629 0
49791 0
49819 0
49911 0
49983 0
50208 0
50334 0
50343 0
50473 0
50576 0
50596 0
50766 0
50973 0
51032 0
51273 0
51334 0
51346 0
51361 0
51414 0
51491 0
51510 0
51614 0
51635 0
51656 0
51910 0
52046 0
52218 0
52315 0
52423 0
52532 0
52556 0
52864 0
52955 0
53010 0
53014 0
53339 0
53370 0
53598 0
53602 0
53656 0
53704 0
53713 0
53780 0
53971 0
54148 0
54157 0
54232 0
54325 0
54359 0
54524 0
55015 0
55040 0
55084 0
55197 0
55425 0
55453 0
55552 0
55776 0
55846 0
55881 0
55896 0
55905 0
56052 0
56239 0
56287 0
56310 0
56407 0
56538 0
56733 0
56787 0
56950 0
56997 0
57117 0
57192 0
57260 0
57283 0
57399 0
57434 0
57583 0
57786 0
57855 0
58046 0
58076 0
58318 0
58421 0
58558 0
58566 0
58651 0
58696 0
58996 0
59011 0
59106 0
59240 0
59346 0
59384 0
59440 0
59506 0
59546 0
59757 0
59782 0
59821 0
59872 0
59918 0
59951 0
59971 0
60068 0
60126 0
60200 0
60412 0
60483 0
60600 0
60626 0
60717 0
60753 0
60778 0
60781 0
61066 0
61125 0
61151 0
61161 0
61217 0
61379 0
61391 0
61419 0
61509 0
61702 0
61728 0
61756 0
61796 0
61873 0
61930 0
61935 0
62123 0
62192 0
62387 0
62547 0
62549 0
62647 0
62737 0
62753 0
62803 0
62885 0
62923 0
63168 0
63198 0
63251 0
63262 0
63496 0
63551 0
63842 0
63873 0
63885 0
64074 0
64133 0
64197 0
64407 0
64446 0
64530 0
64539 0
64550 0
64938 0
64957 0
65197 0
65355 0
65685 0
65726 0
65757 0
65769 0
65814 0
65815 0
65913 0
66197 0
66252 0
66278 0
66334 0
66542 0
66560 0
66601 0
66657 0
66675 0
66721 0
66946 0
67047 0
67128 0
67138 0
67459 0
67661 0
67845 0
68093 0
68191 0
68214 0
68300 0
68348 0
68839 0
69061 0
69149 0
69310 0
69313 0
69330 0
69381 0
69418 0
69492 0
69523 0
69606 0
69815 0
69969 0
70047 0
70052 0
70070 0
70150 0
70185 0
70615 0
70681 0
70942 0
71246 0
71348 0
71895 0
72000 0
72251 0
72328 0
72511 0
72666 0
72689 0
72828 0
72898 0
73064 0
73142 0
73298 0
73305 0
73374 0
73548 0
73868 0
73908 0
74041 0
74045 0
74121 0
74127 0
74221 0
74314 0
74426 0
74465 0
74553 0
74740 0
74768 0
74788 0
74840 0
74976 0
74999 0
75012 0
75034 0
75307 0
75355 0
75601 0
76153 0
76255 0
76336 0
76412 0
76611 0
76617 0
76714 0
76827 0
76913 0
76959 0
77174 0
77207 0
77213 0
77255 0
77373 0
77405 0
77509 0
77545 0
77560 0
77645 0
77764 0
77937 0
78024 0
78050 0
78231 0
78319 0
78370 0
78439 0
78481 0
78542 0
78570 0
78621 0
78701 0
78735 0
78755 0
78965 0
78997 0
79098 0
79113 0
79189 0
79244 0
79279 0
79331 0
79437 0
79500 0
79526 0
79622 0
79692 0
80060 0
80075 0
80283 0
80656 0
81044 0
81219 0
81323 0
81502 0
81594 0
81629 0
81753 0
81845 0
81955 0
82005 0
82016 0
82255 0
82273 0
82289 0
82350 0
82353 0
82393 0
82475 0
82535 0
82591 0
82659 0
82683 0
82685 0
82750 0
82780 0
83057 0
83137 0
83316 0
83545 0
83555 0
83597 0
83605 0
83709 0
83843 0
83871 0
83912 0
83969 0
84100 0
84142 0
84143 0
84172 0
84240 0
84248 0
84253 0
84409 0
84487 0
84498 0
84540 0
84572 0
84632 0
84679 0
84995 0
84999 0
85152 0
85299 0
85384 0
85460 0
85494 0
85515 0
85740 0
85824 0
85920 0
86130 0
86335 0
86426 0
86521 0
86530 0
86654 0
87275 0
87536 0
87545 0
87607 0
87717 0
87841 0
87852 0
87860 0
88093 0
88162 0
88167 0
88191 0
88244 0
88284 0
88371 0
88615 0
88623 0
88702 0
88724 0
88846 0
89055 0
89166 0
89292 0
89402 0
89466 0
89554 0
89627 0
89629 0
89791 0
89843 0
90030 0
90041 0
90052 0
90231 0
90313 0
90362 0
90571 0
90629 0
90806 0
90965 0
91002 0
91129 0
91171 0
91188 0
91231 0
91287 0
91293 0
91427 0
91477 0
91657 0
91956 0
92106 0
92271 0
92447 0
92510 0
92651 0
92727 0
92809 0
92916 0
93047 0
93258 0
93290 0
93364 0
93440 0
93494 0
93586 0
93614 0
93795 0
93861 0
93878 0
94056 0
94078 0
94362 0
94378 0
94401 0
94471 0
94881 0
95057 0
95082 0
95183 0
95224 0
95324 0
95724 0
95947 0
96026 0
96308 0
96342 0
96439 0
96476 0
96660 0
96740 0
96898 0
96945 0
96994 0
97029 0
97048 0
97139 0
97611 0
97634 0
97698 0
97782 0
98175 0
98192 0
98480 0
98484 0
98680 0
98685 0
98777 0
99142 0
99162 0
99199 0
99382 0
99383 0
99420 0
99563 0
99633 0
99863 0
99881 0
99890 0
99908 0
