c This is a uniform distributed  1-D DIMACS file 
c width height point_number
p 100000 100000 1024
70 0
174 0
285 0
306 0
341 0
402 0
444 0
638 0
659 0
743 0
788 0
823 0
949 0
1076 0
1114 0
1150 0
1177 0
1318 0
1338 0
1374 0
1427 0
1458 0
1598 0
1638 0
1719 0
1826 0
1856 0
2127 0
2164 0
2404 0
2568 0
2731 0
2821 0
3035 0
3059 0
3219 0
3650 0
3676 0
3757 0
3819 0
3903 0
3941 0
4061 0
4523 0
4581 0
4762 0
4808 0
4953 0
4997 0
5001 0
5014 0
5138 0
5191 0
5378 0
5539 0
5576 0
5828 0
5908 0
5957 0
6040 0
6067 0
6283 0
6372 0
6390 0
6511 0
6625 0
6849 0
6883 0
6884 0
6957 0
7135 0
7248 0
7464 0
7533 0
7590 0
7752 0
8048 0
8237 0
8558 0
8586 0
8626 0
9247 0
9255 0
9272 0
9431 0
9663 0
9765 0
9786 0
9832 0
9870 0
9894 0
9920 0
9921 0
10054 0
10193 0
10220 0
10260 0
10529 0
10561 0
10596 0
10714 0
10930 0
10934 0
10980 0
10981 0
11052 0
11142 0
11208 0
11503 0
11712 0
11723 0
11763 0
11906 0
12036 0
12270 0
12378 0
12561 0
12817 0
12831 0
12906 0
12980 0
13046 0
13100 0
13167 0
13192 0
13198 0
13340 0
13442 0
13523 0
13605 0
13637 0
13668 0
13669 0
14311 0
14378 0
14513 0
14582 0
14594 0
14606 0
14688 0
14780 0
14958 0
15236 0
15372 0
15405 0
15821 0
15927 0
16023 0
16156 0
16177 0
16577 0
16993 0
17018 0
17024 0
17045 0
17046 0
17051 0
17143 0
17163 0
17311 0
17359 0
17484 0
17706 0
17770 0
17803 0
17970 0
18220 0
18228 0
18286 0
18498 0
18534 0
18595 0
18863 0
18963 0
18979 0
19117 0
19130 0
19233 0
19277 0
19521 0
19584 0
19606 0
19755 0
19877 0
19914 0
20056 0
20062 0
20099 0
20160 0
20323 0
20414 0
20439 0
20487 0
20553 0
20566 0
20690 0
20895 0
20926 0
21088 0
21124 0
21129 0
21156 0
21258 0
21325 0
21454 0
21523 0
21554 0
21559 0
21737 0
21792 0
21882 0
21896 0
22125 0
22190 0
22191 0
22212 0
22256 0
22406 0
22434 0
22806 0
22942 0
23130 0
23166 0
23235 0
23280 0
23335 0
23356 0
23368 0
23446 0
23536 0
23585 0
23643 0
23673 0
23684 0
23716 0
23815 0
23917 0
23954 0
23983 0
24510 0
24656 0
24687 0
24732 0
24820 0
24823 0
24889 0
24931 0
25182 0
25307 0
25565 0
25628 0
25798 0
26009 0
26018 0
26025 0
26139 0
26204 0
26217 0
26469 0
26656 0
26774 0
26808 0
26809 0
26872 0
26880 0
26932 0
26970 0
27095 0
27114 0
27232 0
27276 0
27508 0
27529 0
27600 0
27730 0
27844 0
27910 0
27987 0
28169 0
28266 0
28308 0
28357 0
28420 0
28512 0
28618 0
28645 0
28726 0
29059 0
29094 0
29096 0
29355 0
29392 0
29556 0
29643 0
29660 0
29667 0
29719 0
29874 0
29931 0
30022 0
30322 0
30392 0
30424 0
30605 0
30629 0
30762 0
30768 0
30778 0
30975 0
31161 0
31237 0
31354 0
31430 0
31545 0
31587 0
31636 0
31696 0
31780 0
31873 0
31913 0
31914 0
32230 0
32237 0
32356 0
32420 0
32596 0
32722 0
32939 0
32946 0
33121 0
33144 0
33187 0
33259 0
33544 0
33601 0
33602 0
33656 0
33947 0
34111 0
34164 0
34180 0
34343 0
34371 0
34447 0
34526 0
34540 0
34595 0
34621 0
34736 0
34954 0
34959 0
35146 0
35252 0
35301 0
35375 0
35506 0
35598 0
35626 0
35645 0
35768 0
35800 0
35810 0
35964 0
35975 0
36003 0
36123 0
36226 0
36288 0
36476 0
36538 0
36573 0
36654 0
36848 0
36919 0
37066 0
37086 0
37111 0
37276 0
37479 0
37497 0
37801 0
37809 0
37934 0
37961 0
37974 0
38079 0
38085 0
38363 0
38519 0
38630 0
38639 0
38663 0
38727 0
38751 0
38822 0
38894 0
38943 0
39060 0
39163 0
39268 0
39343 0
39398 0
39491 0
39561 0
39618 0
39722 0
39944 0
40103 0
40106 0
40118 0
40131 0
40164 0
40307 0
40401 0
40615 0
40677 0
40745 0
40819 0
40940 0
40945 0
40982 0
40989 0
40996 0
41130 0
41136 0
41160 0
41210 0
41243 0
41272 0
41308 0
41426 0
41459 0
41613 0
41690 0
41715 0
41752 0
41800 0
42010 0
42043 0
42105 0
42205 0
42308 0
42334 0
42373 0
42422 0
42425 0
42577 0
42603 0
42630 0
42663 0
42945 0
43006 0
43116 0
43308 0
43367 0
43500 0
43547 0
43612 0
43715 0
43870 0
43994 0
43998 0
44020 0
44080 0
44126 0
44177 0
44532 0
44828 0
44907 0
44968 0
45005 0
45128 0
45309 0
45320 0
45392 0
45493 0
45661 0
45832 0
45898 0
45928 0
45975 0
46071 0
46094 0
46110 0
46445 0
46461 0
46581 0
46614 0
46783 0
46861 0
46870 0
46967 0
47033 0
47048 0
47072 0
47108 0
47170 0
47343 0
47513 0
47514 0
47518 0
47806 0
47915 0
48048 0
48073 0
48190 0
48361 0
48499 0
48597 0
48646 0
48816 0
48846 0
48914 0
49192 0
49240 0
49929 0
50083 0
50084 0
50137 0
50336 0
50416 0
50424 0
50465 0
50472 0
50500 0
50912 0
51036 0
51062 0
51111 0
51152 0
51214 0
51231 0
51344 0
51400 0
51476 0
51582 0
51651 0
51782 0
52184 0
52268 0
52283 0
52319 0
52459 0
52574 0
53091 0
53130 0
53137 0
53195 0
53378 0
53439 0
53447 0
53656 0
53713 0
53723 0
53767 0
53944 0
54002 0
54021 0
54230 0
54284 0
54335 0
54355 0
54628 0
54697 0
54832 0
54987 0
55018 0
55024 0
55026 0
55076 0
55140 0
55184 0
55192 0
55594 0
55769 0
55832 0
55839 0
55886 0
55976 0
56005 0
56282 0
56385 0
56392 0
56478 0
56721 0
56746 0
56789 0
56810 0
56867 0
56875 0
56881 0
56987 0
57037 0
57071 0
57183 0
57342 0
57347 0
57550 0
57598 0
57879 0
58265 0
58268 0
58341 0
58395 0
58454 0
58539 0
58567 0
58613 0
58858 0
58869 0
58909 0
59028 0
59184 0
59261 0
59311 0
59382 0
59434 0
59605 0
59727 0
59783 0
59821 0
59979 0
59989 0
60054 0
60160 0
60303 0
60330 0
60480 0
60550 0
60642 0
60674 0
60761 0
60770 0
60778 0
60792 0
60820 0
60912 0
60969 0
61068 0
61128 0
61141 0
61265 0
61394 0
61395 0
61466 0
61476 0
61484 0
61533 0
61568 0
61715 0
61793 0
61878 0
61946 0
61952 0
62105 0
62116 0
62126 0
62259 0
62852 0
62924 0
62944 0
63046 0
63231 0
63345 0
63597 0
63613 0
63618 0
63643 0
63864 0
64174 0
64501 0
64527 0
64594 0
64792 0
64871 0
65001 0
65025 0
65149 0
65252 0
65450 0
65620 0
65774 0
65827 0
66003 0
66031 0
66038 0
66140 0
66141 0
66183 0
66189 0
66232 0
66303 0
66403 0
66452 0
66529 0
66542 0
66824 0
66985 0
67228 0
67290 0
67570 0
67732 0
67788 0
67911 0
67987 0
67994 0
68036 0
68128 0
68304 0
68315 0
68327 0
68566 0
68579 0
68731 0
68809 0
68974 0
69064 0
69161 0
69225 0
69260 0
69309 0
69321 0
69412 0
69513 0
69600 0
69965 0
70113 0
70125 0
70259 0
70606 0
70627 0
70712 0
70931 0
70996 0
71248 0
71256 0
71280 0
71417 0
71424 0
71535 0
71642 0
71701 0
71748 0
71792 0
71876 0
72018 0
72188 0
72401 0
72478 0
72540 0
72634 0
72759 0
72788 0
72880 0
72912 0
72969 0
73172 0
73228 0
73229 0
73232 0
73395 0
73486 0
73684 0
73719 0
73872 0
73899 0
74026 0
74078 0
74200 0
74203 0
74258 0
74281 0
74319 0
74361 0
74502 0
74927 0
75009 0
75106 0
75151 0
75168 0
75324 0
75352 0
75398 0
75548 0
75566 0
75631 0
75686 0
75787 0
76066 0
76182 0
76235 0
76346 0
76358 0
76370 0
76599 0
77209 0
77332 0
77382 0
77553 0
77566 0
77892 0
77906 0
77964 0
78269 0
78304 0
78305 0
78330 0
78338 0
78486 0
78501 0
78739 0
78806 0
79418 0
79443 0
79502 0
79551 0
79587 0
79653 0
79843 0
79881 0
80009 0
80035 0
80123 0
80137 0
80158 0
80387 0
80398 0
80445 0
80450 0
80812 0
80897 0
81156 0
81337 0
81532 0
81616 0
81621 0
81726 0
81748 0
81757 0
81788 0
82005 0
82036 0
82039 0
82080 0
82128 0
82187 0
82437 0
82540 0
82560 0
82604 0
82649 0
82720 0
82761 0
82818 0
82822 0
82917 0
82995 0
82996 0
83009 0
83439 0
83497 0
83994 0
84195 0
84230 0
84313 0
84502 0
84643 0
84670 0
84775 0
84946 0
84954 0
85045 0
85144 0
85145 0
85173 0
85321 0
85404 0
85550 0
85662 0
85761 0
85834 0
85850 0
85913 0
85968 0
85974 0
86059 0
86063 0
86111 0
86132 0
86253 0
86308 0
86387 0
86436 0
86533 0
86536 0
86654 0
86966 0
87039 0
87155 0
87162 0
87234 0
87248 0
87460 0
87508 0
87586 0
87605 0
87733 0
87735 0
87843 0
87888 0
88005 0
88150 0
88160 0
88275 0
88351 0
88620 0
88695 0
88705 0
88748 0
88771 0
88882 0
88961 0
89061 0
89137 0
89199 0
89305 0
89325 0
89381 0
89418 0
89540 0
89790 0
89817 0
89950 0
90482 0
90791 0
90872 0
90875 0
91022 0
91146 0
91257 0
91303 0
91415 0
91432 0
91815 0
91827 0
91841 0
92202 0
92284 0
92373 0
92374 0
92379 0
92434 0
92649 0
92654 0
92781 0
92782 0
92855 0
93306 0
93389 0
93435 0
93491 0
93585 0
93622 0
93692 0
93805 0
93883 0
93918 0
93951 0
93979 0
93988 0
94095 0
94105 0
94427 0
94442 0
94547 0
94614 0
94636 0
94763 0
94846 0
95016 0
95075 0
95295 0
95335 0
95485 0
95541 0
95558 0
95741 0
95751 0
95937 0
95944 0
96099 0
96154 0
96179 0
96262 0
96321 0
96505 0
96784 0
96893 0
96900 0
97058 0
97078 0
97087 0
97176 0
97327 0
97465 0
97478 0
97505 0
97526 0
97552 0
97557 0
97642 0
97694 0
97888 0
98037 0
98444 0
98510 0
98712 0
98799 0
98898 0
99012 0
99214 0
99621 0
99668 0
99726 0
