c This is a uniform distributed  1-D DIMACS file 
c width height point_number
p 100000 100000 1024
12 0
166 0
231 0
328 0
377 0
455 0
566 0
671 0
820 0
998 0
1250 0
1288 0
1321 0
1388 0
1481 0
1716 0
1764 0
1774 0
1840 0
1846 0
1900 0
2064 0
2104 0
2148 0
2260 0
2283 0
2307 0
2388 0
2550 0
2744 0
2748 0
2960 0
3110 0
3289 0
3299 0
3301 0
3541 0
3621 0
3750 0
3857 0
3869 0
4046 0
4081 0
4113 0
4300 0
4392 0
4465 0
4760 0
4929 0
4930 0
4992 0
5165 0
5226 0
5576 0
5622 0
5830 0
5861 0
5875 0
5948 0
6020 0
6141 0
6148 0
6232 0
6772 0
6852 0
6889 0
6899 0
6908 0
6927 0
7168 0
7183 0
7782 0
7786 0
7908 0
7960 0
8066 0
8093 0
8466 0
8648 0
8676 0
8716 0
8850 0
9390 0
9438 0
9440 0
9460 0
9539 0
9711 0
9788 0
9916 0
9974 0
10192 0
10239 0
10645 0
10703 0
10731 0
10744 0
10749 0
10775 0
10855 0
11361 0
11363 0
11717 0
11734 0
11838 0
11846 0
11860 0
11950 0
12017 0
12055 0
12229 0
12317 0
12362 0
12395 0
12445 0
12458 0
12488 0
12873 0
12885 0
12913 0
12996 0
13043 0
13045 0
13177 0
13221 0
13290 0
13777 0
13783 0
13852 0
14016 0
14135 0
14238 0
14724 0
14731 0
14897 0
14949 0
14956 0
14998 0
15171 0
15494 0
15713 0
15827 0
15931 0
16012 0
16025 0
16105 0
16193 0
16195 0
16239 0
16392 0
16463 0
16466 0
16527 0
16603 0
16650 0
16726 0
16838 0
16862 0
16901 0
16992 0
17031 0
17175 0
17203 0
17211 0
17220 0
17256 0
17425 0
17454 0
17578 0
17666 0
17714 0
18262 0
18607 0
18637 0
18675 0
18798 0
18799 0
18871 0
18900 0
18901 0
19063 0
19175 0
19279 0
19302 0
19331 0
19344 0
19382 0
19498 0
19549 0
19645 0
19829 0
19830 0
19863 0
19911 0
19939 0
19942 0
20032 0
20102 0
20261 0
20272 0
20429 0
20625 0
20628 0
20743 0
21099 0
21195 0
21316 0
21450 0
21476 0
21562 0
21712 0
21782 0
21936 0
22035 0
22123 0
22187 0
22391 0
22654 0
22716 0
22780 0
22808 0
22909 0
23019 0
23030 0
23114 0
23131 0
23209 0
23215 0
23430 0
23579 0
23592 0
23621 0
23708 0
23937 0
23971 0
24060 0
24191 0
24289 0
24474 0
24528 0
24582 0
24592 0
24664 0
24799 0
24970 0
25007 0
25044 0
25082 0
25354 0
25733 0
25763 0
25805 0
25909 0
26120 0
26315 0
26371 0
26385 0
26501 0
26635 0
26766 0
26866 0
26965 0
26996 0
27023 0
27034 0
27058 0
27098 0
27251 0
27293 0
27363 0
27470 0
27701 0
27765 0
27891 0
27905 0
28040 0
28202 0
28378 0
28415 0
28444 0
28497 0
28597 0
28610 0
28635 0
28672 0
28724 0
28749 0
28813 0
28960 0
29166 0
29181 0
29233 0
29344 0
29369 0
29422 0
29489 0
29539 0
29677 0
30115 0
30178 0
30297 0
30382 0
30659 0
30724 0
30862 0
30865 0
30880 0
31064 0
31505 0
31549 0
31719 0
31798 0
32024 0
32087 0
32112 0
32279 0
32427 0
32554 0
32655 0
33076 0
33125 0
33173 0
33331 0
33342 0
33349 0
33391 0
33611 0
33626 0
33723 0
33759 0
33865 0
33882 0
34149 0
34364 0
34369 0
34514 0
34588 0
34673 0
34708 0
34738 0
34844 0
34854 0
34895 0
35003 0
35094 0
35169 0
35233 0
35365 0
35384 0
35459 0
35569 0
35589 0
35636 0
35915 0
36187 0
36295 0
36343 0
36522 0
36579 0
36743 0
36766 0
36788 0
37130 0
37258 0
37262 0
37274 0
37333 0
37406 0
37415 0
37430 0
37658 0
37686 0
37697 0
37801 0
38023 0
38053 0
38088 0
38345 0
38438 0
38483 0
38606 0
38798 0
38803 0
38885 0
39057 0
39063 0
39162 0
39224 0
39342 0
39575 0
39640 0
39943 0
40034 0
40136 0
40164 0
40201 0
40282 0
40352 0
40425 0
40469 0
40483 0
40853 0
40973 0
41042 0
41117 0
41138 0
41142 0
41171 0
41287 0
41331 0
41339 0
41356 0
41733 0
41772 0
42182 0
42698 0
42790 0
42842 0
42860 0
42952 0
43225 0
43451 0
43552 0
43898 0
43922 0
43982 0
44035 0
44238 0
44255 0
44285 0
44446 0
44456 0
44562 0
44593 0
44615 0
44639 0
44939 0
44950 0
44957 0
45033 0
45080 0
45138 0
45149 0
45226 0
45321 0
45348 0
45353 0
45413 0
45740 0
45766 0
45838 0
45914 0
45927 0
46014 0
46057 0
46069 0
46098 0
46149 0
46237 0
46309 0
46914 0
46972 0
47377 0
47485 0
47530 0
47580 0
47609 0
47793 0
47811 0
47861 0
48048 0
48155 0
48286 0
48352 0
48366 0
48641 0
48664 0
48734 0
48854 0
49024 0
49072 0
49141 0
49161 0
49219 0
49223 0
49285 0
49294 0
49385 0
49505 0
49601 0
49605 0
49686 0
49791 0
49802 0
49806 0
49852 0
49914 0
49928 0
50171 0
50223 0
50258 0
50395 0
50403 0
50425 0
50570 0
50609 0
50636 0
50754 0
50764 0
50824 0
51033 0
51095 0
51426 0
51585 0
51601 0
51836 0
51837 0
51872 0
51941 0
51957 0
52210 0
52234 0
52281 0
52385 0
52511 0
52598 0
52841 0
52846 0
52953 0
52965 0
53062 0
53097 0
53329 0
53474 0
53522 0
54108 0
54204 0
54279 0
54325 0
54384 0
54447 0
54471 0
54513 0
54558 0
54742 0
54777 0
54807 0
55010 0
55139 0
55290 0
55305 0
55328 0
55374 0
55457 0
55466 0
55475 0
55477 0
55781 0
55856 0
55921 0
55936 0
56068 0
56099 0
56230 0
56298 0
56323 0
56378 0
56564 0
56574 0
56794 0
56834 0
56913 0
57055 0
57197 0
57204 0
57244 0
57399 0
57462 0
57476 0
57487 0
57583 0
57613 0
57778 0
57790 0
57970 0
58142 0
58374 0
58480 0
58615 0
58673 0
58797 0
58926 0
59074 0
59226 0
59249 0
59311 0
59579 0
59602 0
59715 0
59808 0
59959 0
59990 0
60143 0
60301 0
60533 0
60589 0
60683 0
60692 0
60722 0
60747 0
60814 0
60952 0
60964 0
60999 0
61068 0
61165 0
61305 0
61635 0
61667 0
61718 0
61757 0
61841 0
61853 0
62241 0
62247 0
62278 0
62399 0
62580 0
62795 0
62799 0
62915 0
63001 0
63046 0
63730 0
63755 0
63774 0
63814 0
63938 0
63967 0
63971 0
64064 0
64327 0
64384 0
64396 0
64469 0
64755 0
64855 0
64863 0
65009 0
65070 0
65190 0
65255 0
65321 0
65403 0
65506 0
65640 0
65896 0
65913 0
65951 0
65985 0
66066 0
66195 0
66227 0
66296 0
66336 0
66343 0
66481 0
66522 0
66615 0
66646 0
66912 0
66979 0
67029 0
67037 0
67171 0
67306 0
67324 0
67335 0
67453 0
67492 0
67547 0
67773 0
67791 0
67797 0
68006 0
68050 0
68315 0
68418 0
68449 0
68475 0
68496 0
68742 0
68876 0
69104 0
69180 0
69308 0
69317 0
69471 0
69544 0
69565 0
69613 0
69643 0
69790 0
69800 0
69909 0
69915 0
70019 0
70035 0
70108 0
70192 0
70356 0
70615 0
70656 0
70910 0
70993 0
71284 0
71346 0
71391 0
71485 0
71490 0
71509 0
71561 0
71637 0
71700 0
71774 0
71804 0
71867 0
72196 0
72234 0
72256 0
72604 0
72704 0
72735 0
72810 0
72950 0
73017 0
73123 0
73398 0
73423 0
73441 0
73637 0
73642 0
73674 0
73748 0
73864 0
74142 0
74240 0
74266 0
74377 0
74422 0
74457 0
74483 0
74511 0
74638 0
75003 0
75081 0
75247 0
75270 0
75516 0
75538 0
75645 0
75710 0
75817 0
75993 0
76018 0
76538 0
76554 0
76894 0
77012 0
77027 0
77220 0
77289 0
77631 0
77938 0
77962 0
78105 0
78182 0
78380 0
78503 0
78598 0
78711 0
78712 0
78771 0
78879 0
79056 0
79141 0
79163 0
79201 0
79418 0
79474 0
79522 0
79605 0
79766 0
79773 0
80146 0
80224 0
80343 0
80478 0
80604 0
80686 0
80887 0
80904 0
81072 0
81197 0
81208 0
81479 0
81491 0
81613 0
81626 0
81646 0
81655 0
81792 0
81877 0
81937 0
81945 0
81996 0
81997 0
82026 0
82032 0
82171 0
82192 0
82248 0
82308 0
82312 0
82325 0
82334 0
82372 0
82398 0
82438 0
82578 0
82584 0
82691 0
82784 0
82792 0
83355 0
83433 0
83565 0
83611 0
83677 0
83720 0
83756 0
83791 0
83821 0
84182 0
84203 0
84214 0
84224 0
84285 0
84311 0
84400 0
84641 0
84711 0
84956 0
84971 0
84995 0
85011 0
85074 0
85081 0
85290 0
85378 0
85428 0
85547 0
85615 0
86132 0
86143 0
86350 0
86361 0
86493 0
86598 0
87052 0
87099 0
87119 0
87139 0
87194 0
87218 0
87281 0
87311 0
87347 0
87354 0
87465 0
87516 0
87532 0
87806 0
88124 0
88231 0
88318 0
88336 0
88402 0
88438 0
88455 0
88577 0
88767 0
88890 0
88978 0
88984 0
89053 0
89346 0
89348 0
89443 0
89452 0
89489 0
89512 0
89550 0
89698 0
89712 0
89860 0
89868 0
89997 0
90012 0
90127 0
90171 0
90252 0
90263 0
90487 0
90684 0
90756 0
90960 0
90979 0
90984 0
91130 0
91225 0
91300 0
91417 0
91444 0
91494 0
91616 0
91786 0
91886 0
91909 0
91996 0
92316 0
92450 0
92458 0
92552 0
92670 0
92739 0
92829 0
93011 0
93076 0
93142 0
93226 0
93229 0
93230 0
93318 0
93386 0
93427 0
93437 0
93481 0
93695 0
93732 0
93755 0
93969 0
93982 0
94294 0
94305 0
94459 0
94504 0
94512 0
94513 0
94523 0
94566 0
94700 0
94779 0
94783 0
95127 0
95221 0
95225 0
95300 0
95567 0
95568 0
95570 0
95599 0
95615 0
95684 0
95720 0
95732 0
95780 0
95838 0
95887 0
95932 0
95981 0
96024 0
96118 0
96227 0
96320 0
96335 0
96369 0
96415 0
96492 0
96717 0
96758 0
96769 0
96784 0
96822 0
97092 0
97200 0
97364 0
97412 0
97684 0
97825 0
97863 0
97903 0
97940 0
97948 0
97952 0
97965 0
98042 0
98127 0
98196 0
98289 0
98427 0
98525 0
98565 0
98604 0
98740 0
98791 0
98806 0
98927 0
99136 0
99298 0
99376 0
99500 0
99813 0
99890 0
