c This is a uniform distributed  1-D DIMACS file 
c width height point_number
p 100000 100000 1024
248 0
275 0
358 0
368 0
452 0
1033 0
1120 0
1387 0
1409 0
1555 0
1578 0
1606 0
1716 0
1785 0
1898 0
1901 0
2005 0
2052 0
2071 0
2304 0
2389 0
2531 0
2556 0
2565 0
2586 0
2598 0
2634 0
2675 0
2767 0
2768 0
2815 0
2837 0
2927 0
2946 0
3033 0
3038 0
3043 0
3096 0
3139 0
3308 0
3402 0
3463 0
3577 0
3855 0
3883 0
4047 0
4056 0
4249 0
4305 0
4475 0
4608 0
4631 0
4657 0
4801 0
4806 0
5155 0
5292 0
5333 0
5390 0
5582 0
5600 0
5603 0
5676 0
5756 0
5869 0
5880 0
5891 0
6069 0
6122 0
6405 0
6514 0
6531 0
6665 0
6671 0
6695 0
6809 0
6833 0
6860 0
7000 0
7008 0
7083 0
7121 0
7217 0
7440 0
7713 0
7941 0
8113 0
8211 0
8215 0
8248 0
8386 0
8438 0
8647 0
8656 0
8715 0
8730 0
8800 0
8843 0
8906 0
8972 0
9123 0
9152 0
9178 0
9189 0
9424 0
9474 0
9511 0
9567 0
9569 0
9577 0
9585 0
9601 0
9648 0
9799 0
9844 0
10189 0
10279 0
10431 0
10702 0
10780 0
10794 0
10799 0
10873 0
10941 0
10968 0
11102 0
11291 0
11323 0
11497 0
11520 0
11550 0
11623 0
11635 0
11648 0
11662 0
11697 0
11859 0
12094 0
12138 0
12202 0
12273 0
12397 0
12531 0
12586 0
12618 0
13070 0
13262 0
13271 0
13334 0
13436 0
13468 0
13576 0
13620 0
13623 0
13901 0
13954 0
14020 0
14154 0
14177 0
14329 0
14632 0
14714 0
14779 0
14818 0
14918 0
14984 0
15076 0
15127 0
15178 0
15493 0
15520 0
15707 0
15780 0
15816 0
15961 0
15978 0
16013 0
16208 0
16357 0
16372 0
16404 0
16449 0
16523 0
16688 0
16705 0
16728 0
16793 0
16800 0
16880 0
16987 0
17005 0
17161 0
17236 0
17271 0
17436 0
17543 0
17667 0
17736 0
17752 0
17842 0
17882 0
17912 0
17940 0
17958 0
17999 0
18050 0
18083 0
18159 0
18318 0
18321 0
18374 0
18388 0
18483 0
18517 0
18551 0
18589 0
18725 0
18783 0
18789 0
18815 0
18872 0
19267 0
19294 0
19508 0
19547 0
19560 0
19824 0
19885 0
19888 0
20018 0
20140 0
20171 0
20208 0
20244 0
20267 0
20430 0
20452 0
20651 0
20681 0
20839 0
20898 0
21004 0
21169 0
21249 0
21351 0
21378 0
21460 0
21523 0
21593 0
21648 0
21686 0
21896 0
21981 0
22150 0
22153 0
22168 0
22272 0
22359 0
22378 0
22519 0
22719 0
22749 0
22763 0
22833 0
22909 0
23111 0
23355 0
23364 0
23623 0
23788 0
23871 0
23992 0
24021 0
24069 0
24252 0
24395 0
24432 0
24450 0
24582 0
24796 0
24819 0
25265 0
25376 0
25525 0
25619 0
25666 0
25923 0
26039 0
26092 0
26119 0
26269 0
26331 0
26355 0
26392 0
26657 0
26848 0
26954 0
26985 0
27064 0
27419 0
27426 0
27757 0
27764 0
27881 0
27959 0
28172 0
28198 0
28360 0
28403 0
28411 0
28492 0
28758 0
28898 0
29081 0
29131 0
29228 0
29253 0
29490 0
29531 0
29585 0
29813 0
29858 0
29870 0
29990 0
30195 0
30621 0
30741 0
30756 0
30767 0
30932 0
30974 0
31004 0
31052 0
31057 0
31071 0
31115 0
31133 0
31394 0
31559 0
31700 0
31771 0
31916 0
32234 0
32312 0
32359 0
32373 0
32422 0
32499 0
32568 0
32710 0
32780 0
32874 0
32886 0
32976 0
32982 0
33224 0
33232 0
33333 0
33374 0
33413 0
33518 0
33599 0
33641 0
34079 0
34142 0
34154 0
34180 0
34247 0
34324 0
34346 0
34349 0
34448 0
34467 0
34682 0
34809 0
34844 0
34864 0
34939 0
35055 0
35106 0
35243 0
35254 0
35411 0
35552 0
35743 0
35753 0
35809 0
35813 0
35838 0
35932 0
36395 0
36499 0
36640 0
36735 0
36805 0
36868 0
36881 0
36941 0
36971 0
37471 0
37526 0
37535 0
37814 0
37907 0
37954 0
37986 0
38078 0
38761 0
38762 0
38898 0
38962 0
39107 0
39137 0
39363 0
39403 0
39495 0
39688 0
39919 0
39964 0
40273 0
40375 0
40410 0
40434 0
40453 0
40660 0
40661 0
40707 0
40817 0
40855 0
40861 0
40929 0
40932 0
40939 0
40956 0
41054 0
41155 0
41158 0
41159 0
41186 0
41327 0
41584 0
41624 0
41745 0
41834 0
41876 0
41906 0
42046 0
42104 0
42107 0
42120 0
42246 0
42527 0
42602 0
42789 0
43089 0
43118 0
43237 0
43313 0
43344 0
43358 0
43403 0
43463 0
43530 0
43590 0
43600 0
43670 0
43678 0
43746 0
43765 0
43842 0
43965 0
44174 0
44317 0
44332 0
44372 0
44424 0
44452 0
44532 0
44560 0
44652 0
44712 0
45032 0
45142 0
45143 0
45173 0
45183 0
45387 0
45555 0
45699 0
45712 0
45713 0
45758 0
45801 0
45821 0
46015 0
46039 0
46079 0
46105 0
46120 0
46168 0
46177 0
46241 0
46343 0
46441 0
46640 0
46868 0
47069 0
47088 0
47306 0
47450 0
47599 0
47605 0
47851 0
47917 0
47924 0
48133 0
48167 0
48547 0
48823 0
49056 0
49094 0
49170 0
49280 0
49329 0
49489 0
49494 0
49671 0
49763 0
49821 0
49907 0
50287 0
50532 0
50759 0
50869 0
50878 0
50880 0
51057 0
51080 0
51177 0
51197 0
51219 0
51244 0
51401 0
51536 0
51596 0
51866 0
51985 0
52000 0
52131 0
52183 0
52249 0
52497 0
52540 0
52640 0
52686 0
52776 0
52870 0
52949 0
53030 0
53066 0
53189 0
53252 0
53337 0
53413 0
53492 0
53553 0
53978 0
54080 0
54089 0
54129 0
54141 0
54304 0
54329 0
54340 0
54416 0
54592 0
54619 0
54630 0
54780 0
54816 0
54957 0
54995 0
55113 0
55254 0
55306 0
55489 0
55491 0
55512 0
55601 0
55897 0
56057 0
56172 0
56240 0
56331 0
56384 0
56392 0
56415 0
56450 0
56542 0
56563 0
56630 0
56709 0
56777 0
56795 0
56812 0
57188 0
57244 0
57412 0
57415 0
57508 0
57584 0
57644 0
57677 0
57760 0
57897 0
58336 0
58720 0
58750 0
58837 0
58883 0
58939 0
59037 0
59108 0
59136 0
59252 0
59270 0
59407 0
59432 0
59724 0
59735 0
59838 0
59858 0
59879 0
59922 0
60024 0
60117 0
60279 0
60282 0
60302 0
60348 0
60422 0
60640 0
60652 0
60720 0
60787 0
60843 0
60924 0
60956 0
61355 0
61377 0
61487 0
61736 0
61740 0
61804 0
61882 0
61972 0
62235 0
62269 0
62336 0
62547 0
62548 0
62684 0
62761 0
62794 0
63057 0
63135 0
63218 0
63317 0
63600 0
63657 0
63764 0
64111 0
64498 0
64556 0
64673 0
64680 0
64702 0
64736 0
64739 0
64818 0
64930 0
64944 0
65413 0
65441 0
65791 0
65802 0
65860 0
65977 0
66061 0
66093 0
66182 0
66202 0
66319 0
66654 0
66682 0
66811 0
66991 0
67092 0
67114 0
67198 0
67399 0
67442 0
67701 0
67771 0
67881 0
67913 0
67925 0
68024 0
68047 0
68093 0
68230 0
68250 0
68454 0
68479 0
68501 0
68504 0
68535 0
68745 0
68785 0
68809 0
68840 0
69033 0
69282 0
69288 0
69340 0
69351 0
69409 0
69452 0
69793 0
69856 0
69891 0
69997 0
70154 0
70218 0
70468 0
70761 0
70817 0
70893 0
70900 0
70947 0
71084 0
71103 0
71231 0
71464 0
71528 0
71621 0
71715 0
71833 0
71862 0
71989 0
72014 0
72158 0
72265 0
72299 0
72375 0
72453 0
72528 0
72612 0
72630 0
72645 0
72650 0
72659 0
72744 0
72845 0
72964 0
73272 0
73276 0
73407 0
73423 0
73476 0
73486 0
73558 0
73597 0
73867 0
73980 0
73999 0
74035 0
74147 0
74454 0
74459 0
74541 0
74621 0
74705 0
74749 0
74799 0
74841 0
74918 0
75079 0
75216 0
75316 0
75334 0
75336 0
75420 0
75459 0
75495 0
75653 0
75927 0
75982 0
76000 0
76550 0
76570 0
76599 0
76711 0
76881 0
76894 0
76900 0
76924 0
76985 0
76993 0
77001 0
77196 0
77351 0
77381 0
77785 0
77889 0
77944 0
78083 0
78209 0
78481 0
78682 0
78692 0
78759 0
78809 0
78974 0
78982 0
79087 0
79090 0
79281 0
79344 0
79347 0
79408 0
79694 0
79812 0
79952 0
79965 0
79986 0
80096 0
80178 0
80345 0
80352 0
80451 0
80585 0
80603 0
80793 0
80936 0
81058 0
81062 0
81252 0
81507 0
81590 0
81650 0
81762 0
82111 0
82316 0
82632 0
82639 0
82819 0
82900 0
82917 0
82967 0
83019 0
83065 0
83212 0
83217 0
83257 0
83307 0
83384 0
83522 0
83533 0
83576 0
83661 0
83789 0
83795 0
83836 0
84115 0
84117 0
84257 0
84545 0
84635 0
84702 0
84824 0
84920 0
84995 0
85123 0
85152 0
85173 0
85351 0
85419 0
85465 0
85508 0
85592 0
85676 0
85859 0
85913 0
85919 0
86265 0
86386 0
86557 0
86643 0
86702 0
87020 0
87210 0
87341 0
87570 0
87727 0
87769 0
88505 0
88547 0
88621 0
88728 0
88751 0
88799 0
88882 0
88924 0
89061 0
89096 0
89194 0
89312 0
89463 0
89518 0
89865 0
89873 0
90018 0
90195 0
90260 0
90307 0
90417 0
90476 0
90601 0
90642 0
90789 0
90806 0
91007 0
91080 0
91139 0
91166 0
91214 0
91244 0
91366 0
91430 0
91752 0
92019 0
92064 0
92194 0
92338 0
92343 0
92347 0
92409 0
92456 0
92666 0
92753 0
92793 0
92800 0
92814 0
92928 0
93031 0
93048 0
93064 0
93319 0
93396 0
93492 0
93615 0
93687 0
93875 0
93879 0
94011 0
94086 0
94106 0
94194 0
94313 0
94406 0
94420 0
94469 0
94535 0
95299 0
95431 0
95493 0
95532 0
95610 0
95705 0
95759 0
95781 0
95783 0
95987 0
96175 0
96220 0
96672 0
96718 0
97140 0
97203 0
97284 0
97308 0
97380 0
97435 0
97751 0
97851 0
97854 0
97855 0
97878 0
97977 0
97979 0
98174 0
98183 0
98193 0
98197 0
98325 0
98342 0
98350 0
98359 0
98583 0
98698 0
98851 0
98853 0
98934 0
98954 0
99003 0
99058 0
99426 0
99488 0
99613 0
99725 0
99736 0
99751 0
99932 0
