c This is a uniform distributed  1-D DIMACS file 
c width height point_number
p 100000 100000 1024
376 0
590 0
608 0
648 0
688 0
990 0
1519 0
1532 0
1636 0
1798 0
1807 0
2115 0
2222 0
2236 0
2259 0
2278 0
2296 0
2304 0
2371 0
2560 0
2566 0
2594 0
2621 0
2657 0
2797 0
2811 0
2918 0
3039 0
3141 0
3146 0
3371 0
3513 0
3716 0
3767 0
3911 0
3950 0
4201 0
4211 0
4232 0
4444 0
4961 0
5159 0
5231 0
5241 0
5430 0
5433 0
5434 0
5485 0
5500 0
5547 0
5578 0
5678 0
6128 0
6342 0
6401 0
6502 0
6574 0
6740 0
6817 0
6945 0
7022 0
7074 0
7080 0
7119 0
7328 0
7364 0
7385 0
7417 0
7545 0
7733 0
7743 0
7760 0
8002 0
8035 0
8266 0
8282 0
8328 0
8405 0
8431 0
8437 0
8456 0
8689 0
8733 0
8749 0
8813 0
8922 0
9036 0
9040 0
9231 0
9350 0
9422 0
9541 0
9666 0
9746 0
9828 0
10130 0
10205 0
10290 0
10308 0
10324 0
10336 0
10446 0
10593 0
10600 0
10776 0
10814 0
11175 0
11204 0
11296 0
11359 0
11463 0
11525 0
11579 0
11590 0
11657 0
11751 0
11963 0
11998 0
12033 0
12108 0
12134 0
12187 0
12274 0
12360 0
12392 0
12459 0
12473 0
12615 0
12749 0
12910 0
13165 0
13238 0
13258 0
13274 0
13304 0
13372 0
13433 0
13475 0
13499 0
13509 0
13595 0
13660 0
13689 0
13724 0
13798 0
13857 0
13866 0
14011 0
14041 0
14059 0
14154 0
14321 0
14502 0
14634 0
14635 0
14665 0
14761 0
14783 0
14936 0
14950 0
15145 0
15180 0
15261 0
15359 0
15362 0
15477 0
15508 0
15517 0
15518 0
15540 0
15581 0
15659 0
15785 0
15853 0
15899 0
15911 0
16129 0
16354 0
16440 0
16505 0
16524 0
16962 0
17005 0
17011 0
17125 0
17260 0
17360 0
17438 0
17485 0
17497 0
17848 0
17874 0
17960 0
18054 0
18412 0
18441 0
18550 0
18703 0
18753 0
18801 0
19085 0
19131 0
19275 0
19525 0
19539 0
19580 0
19842 0
19880 0
19944 0
19963 0
20008 0
20087 0
20107 0
20266 0
20321 0
20327 0
20350 0
20384 0
20421 0
20451 0
20591 0
20646 0
20685 0
20842 0
20855 0
21120 0
21241 0
21387 0
21450 0
21504 0
21505 0
21574 0
21637 0
21654 0
21742 0
21969 0
21988 0
22177 0
22485 0
22526 0
22584 0
22755 0
22825 0
22876 0
23113 0
23162 0
23194 0
23426 0
23460 0
23558 0
23588 0
23750 0
23776 0
23808 0
23979 0
24130 0
24157 0
24284 0
24742 0
25022 0
25047 0
25372 0
25399 0
25456 0
25518 0
25561 0
25686 0
25705 0
25761 0
25766 0
25804 0
25810 0
25828 0
25946 0
25986 0
26029 0
26131 0
26349 0
26463 0
26542 0
26566 0
26659 0
26905 0
26915 0
26939 0
27083 0
27277 0
27360 0
27459 0
27524 0
27760 0
27850 0
27916 0
27934 0
28043 0
28222 0
28254 0
28352 0
28469 0
28510 0
28616 0
28755 0
28941 0
29013 0
29166 0
29225 0
29314 0
29325 0
29331 0
29336 0
29355 0
29387 0
29557 0
29617 0
29628 0
29709 0
29890 0
29912 0
30008 0
30159 0
30165 0
30172 0
30198 0
30247 0
30261 0
30484 0
30490 0
30495 0
30619 0
30669 0
30919 0
31048 0
31196 0
31226 0
31252 0
31276 0
31580 0
31630 0
31710 0
31721 0
31790 0
31955 0
31982 0
32002 0
32076 0
32111 0
32167 0
32180 0
32255 0
32270 0
32276 0
32335 0
32376 0
32603 0
32780 0
32856 0
33060 0
33117 0
33150 0
33186 0
33213 0
33228 0
33398 0
33400 0
33544 0
33614 0
33670 0
33802 0
33876 0
33968 0
34033 0
34042 0
34051 0
34289 0
34417 0
34454 0
34635 0
34789 0
34976 0
35128 0
35156 0
35166 0
35344 0
35407 0
35709 0
35744 0
35903 0
35953 0
36006 0
36009 0
36090 0
36182 0
36223 0
36229 0
36260 0
36364 0
36387 0
36518 0
36629 0
36672 0
36853 0
36924 0
36963 0
37149 0
37349 0
37442 0
37564 0
37575 0
37604 0
37615 0
37638 0
37817 0
37854 0
37956 0
38016 0
38129 0
38170 0
38198 0
38503 0
38529 0
39035 0
39152 0
39259 0
39469 0
39628 0
39685 0
39763 0
39804 0
39912 0
40028 0
40070 0
40299 0
40353 0
40632 0
40660 0
41151 0
41171 0
41258 0
41514 0
41622 0
41795 0
42036 0
42091 0
42216 0
42546 0
42848 0
42851 0
43020 0
43094 0
43288 0
43327 0
43459 0
43560 0
43563 0
43598 0
43618 0
43886 0
43931 0
43945 0
43972 0
43988 0
44227 0
44250 0
44281 0
44293 0
44391 0
45033 0
45121 0
45130 0
45261 0
45645 0
45880 0
46077 0
46165 0
46239 0
46241 0
46266 0
46313 0
46495 0
46505 0
46513 0
46707 0
46775 0
46794 0
46869 0
47000 0
47115 0
47197 0
47264 0
47305 0
47321 0
47344 0
47379 0
47788 0
47838 0
47998 0
48173 0
48284 0
48323 0
48379 0
48402 0
48482 0
48663 0
48728 0
48836 0
48908 0
48984 0
49212 0
49232 0
49250 0
49338 0
49343 0
49477 0
49497 0
49548 0
49645 0
49744 0
49754 0
49760 0
49814 0
49926 0
49964 0
50037 0
50058 0
50109 0
50172 0
50216 0
50361 0
50395 0
50431 0
50442 0
50538 0
50608 0
50627 0
50628 0
50840 0
50875 0
51175 0
51196 0
51225 0
51276 0
51309 0
51594 0
51622 0
52085 0
52090 0
52103 0
52123 0
52331 0
52637 0
52707 0
52788 0
52812 0
52953 0
53022 0
53156 0
53309 0
53454 0
53458 0
53500 0
53567 0
53798 0
54019 0
54213 0
54222 0
54316 0
54636 0
54771 0
54913 0
54931 0
55020 0
55106 0
55272 0
55298 0
55356 0
55535 0
55627 0
55703 0
55842 0
55849 0
56000 0
56034 0
56074 0
56237 0
56249 0
56352 0
56393 0
56449 0
56641 0
56760 0
56831 0
57043 0
57274 0
57290 0
57504 0
57580 0
57621 0
57648 0
57822 0
57855 0
57858 0
57954 0
58354 0
58960 0
59113 0
59124 0
59133 0
59196 0
59449 0
59552 0
59599 0
59818 0
59968 0
60084 0
60144 0
60172 0
60334 0
60433 0
60455 0
60511 0
60558 0
60582 0
60758 0
60999 0
61163 0
61294 0
61383 0
61410 0
61502 0
61507 0
61562 0
61598 0
61610 0
61622 0
61682 0
62075 0
62590 0
62598 0
62667 0
62744 0
62953 0
63053 0
63128 0
63174 0
63274 0
63362 0
63413 0
63456 0
63523 0
63812 0
63868 0
63978 0
64081 0
64149 0
64191 0
64212 0
64230 0
64232 0
64514 0
64547 0
64650 0
64672 0
64734 0
64767 0
64944 0
64978 0
65041 0
65164 0
65204 0
65211 0
65310 0
65317 0
65529 0
65550 0
65687 0
65765 0
65780 0
65817 0
65935 0
66074 0
66585 0
66661 0
66688 0
66735 0
66893 0
66935 0
67101 0
67128 0
67181 0
67259 0
67286 0
67308 0
67356 0
67551 0
67564 0
67675 0
67998 0
68020 0
68088 0
68152 0
68328 0
68333 0
68428 0
68446 0
68473 0
68720 0
68789 0
68798 0
68816 0
68930 0
69133 0
69208 0
69551 0
69633 0
69751 0
69782 0
69861 0
70103 0
70138 0
70377 0
70512 0
70630 0
70717 0
70798 0
70977 0
71388 0
71424 0
71495 0
72280 0
72288 0
72421 0
72504 0
72547 0
72574 0
72610 0
72680 0
72923 0
73160 0
73210 0
73250 0
73368 0
73645 0
73690 0
73905 0
74286 0
74423 0
74511 0
74649 0
74740 0
74752 0
74883 0
74914 0
74957 0
75035 0
75195 0
75241 0
75339 0
75391 0
75410 0
75477 0
75592 0
75630 0
75714 0
75751 0
75757 0
75946 0
75952 0
76028 0
76148 0
76209 0
76256 0
76334 0
76369 0
76459 0
76524 0
76572 0
76579 0
76725 0
76727 0
76796 0
76871 0
76922 0
77052 0
77084 0
77220 0
77231 0
77248 0
77392 0
77440 0
77456 0
77466 0
77557 0
77584 0
77654 0
77658 0
77663 0
77683 0
77759 0
77785 0
77876 0
77885 0
78041 0
78151 0
78632 0
78791 0
78825 0
78947 0
78963 0
78976 0
78979 0
79455 0
79472 0
79677 0
80039 0
80137 0
80176 0
80179 0
80244 0
80300 0
80372 0
80416 0
80500 0
80565 0
80604 0
80659 0
80667 0
80860 0
80934 0
80957 0
80974 0
81180 0
81393 0
81431 0
81614 0
81956 0
82099 0
82141 0
82214 0
82258 0
82435 0
82470 0
82655 0
82744 0
82788 0
82965 0
83003 0
83399 0
83432 0
83729 0
83730 0
83760 0
83770 0
83817 0
83867 0
83874 0
83917 0
83945 0
84014 0
84042 0
84120 0
84126 0
84209 0
84221 0
84379 0
84679 0
84724 0
84764 0
84829 0
84836 0
84870 0
84871 0
84943 0
85038 0
85064 0
85098 0
85156 0
85373 0
85393 0
85689 0
85776 0
86077 0
86147 0
86178 0
86263 0
86285 0
86319 0
86387 0
86404 0
86463 0
86608 0
86649 0
86770 0
86802 0
86898 0
87045 0
87107 0
87109 0
87126 0
87262 0
87302 0
87357 0
87443 0
87672 0
87779 0
87785 0
87922 0
88112 0
88220 0
88254 0
88292 0
88354 0
88474 0
88771 0
88797 0
88870 0
89128 0
89140 0
89401 0
89480 0
89511 0
89613 0
89640 0
89718 0
89763 0
89839 0
89989 0
90064 0
90134 0
90233 0
90291 0
90447 0
90573 0
90582 0
90599 0
90603 0
90656 0
90663 0
90769 0
90908 0
91005 0
91234 0
91321 0
91375 0
91389 0
91472 0
91580 0
91609 0
91848 0
92124 0
92515 0
92516 0
92631 0
92682 0
92701 0
92975 0
93218 0
93280 0
93701 0
93769 0
93880 0
93901 0
93937 0
93971 0
94133 0
94177 0
94191 0
94603 0
94604 0
94717 0
94838 0
95032 0
95080 0
95262 0
95268 0
95278 0
95477 0
95530 0
95670 0
95673 0
95685 0
95694 0
95779 0
95792 0
95801 0
95905 0
96010 0
96015 0
96018 0
96058 0
96073 0
96089 0
96247 0
96278 0
96304 0
96325 0
96531 0
96659 0
96764 0
96915 0
97004 0
97139 0
97176 0
97212 0
97228 0
97246 0
97375 0
97429 0
97449 0
97562 0
97672 0
97863 0
98002 0
98199 0
98235 0
98271 0
98422 0
98617 0
98620 0
98731 0
99195 0
99238 0
99337 0
99620 0
99992 0
