c This is a uniform distributed  1-D DIMACS file 
c width height point_number
p 100000 100000 1024
345 0
443 0
638 0
773 0
1004 0
1132 0
1151 0
1175 0
1296 0
1316 0
1357 0
1481 0
1489 0
1646 0
1671 0
2101 0
2109 0
2115 0
2297 0
2480 0
2602 0
2682 0
2847 0
2849 0
2960 0
3000 0
3013 0
3033 0
3199 0
3216 0
3221 0
3242 0
3305 0
3637 0
3686 0
3744 0
3813 0
3851 0
3996 0
4136 0
4264 0
4469 0
4500 0
4587 0
4663 0
4689 0
4845 0
4890 0
5017 0
5252 0
5346 0
5388 0
5561 0
5624 0
5659 0
5814 0
6286 0
6292 0
6587 0
6655 0
6697 0
6889 0
7113 0
7143 0
7271 0
7275 0
7365 0
7482 0
7565 0
7718 0
7822 0
7880 0
7917 0
7942 0
8081 0
8082 0
8086 0
8130 0
8149 0
8172 0
8206 0
8347 0
8433 0
8457 0
8576 0
8602 0
8606 0
8728 0
8948 0
8997 0
9107 0
9203 0
9232 0
9293 0
9317 0
9352 0
9489 0
9593 0
9669 0
9834 0
9848 0
10074 0
10196 0
10433 0
10451 0
10521 0
10573 0
10695 0
10740 0
10782 0
10803 0
10821 0
10849 0
11134 0
11141 0
11210 0
11221 0
11407 0
11912 0
12298 0
12479 0
12510 0
12624 0
12663 0
12812 0
13044 0
13095 0
13258 0
13324 0
13472 0
13504 0
13651 0
13666 0
13680 0
13774 0
13803 0
14008 0
14023 0
14057 0
14132 0
14480 0
14509 0
14540 0
14568 0
14620 0
14814 0
14826 0
14918 0
14937 0
15004 0
15074 0
15159 0
15186 0
15405 0
15569 0
15706 0
15797 0
15888 0
16069 0
16157 0
16520 0
16600 0
16674 0
16740 0
16798 0
16963 0
16974 0
16976 0
17150 0
17257 0
17336 0
17356 0
17445 0
17464 0
17629 0
17925 0
18270 0
18275 0
18503 0
18519 0
18593 0
18613 0
18681 0
18877 0
19208 0
19253 0
19342 0
19350 0
19534 0
19582 0
19641 0
19723 0
19821 0
20102 0
20258 0
20489 0
20507 0
20751 0
20754 0
20758 0
20935 0
21104 0
21155 0
21319 0
21382 0
21391 0
21420 0
21449 0
21616 0
22061 0
22111 0
22278 0
22300 0
22412 0
22454 0
22609 0
22702 0
22811 0
22859 0
22878 0
22889 0
23493 0
23512 0
23769 0
23883 0
23913 0
24007 0
24187 0
24299 0
24390 0
24943 0
24970 0
25076 0
25088 0
25217 0
25368 0
25409 0
25572 0
25858 0
25985 0
26058 0
26144 0
26165 0
26252 0
26389 0
26459 0
26539 0
26601 0
26982 0
27077 0
27097 0
27218 0
27264 0
27315 0
27353 0
27361 0
27528 0
27605 0
27817 0
27958 0
28304 0
28575 0
28582 0
28665 0
28730 0
28778 0
28830 0
29036 0
29219 0
29325 0
29326 0
29494 0
29665 0
29719 0
29904 0
30018 0
30019 0
30088 0
30100 0
30111 0
30169 0
30214 0
30224 0
30299 0
30322 0
30544 0
30740 0
30745 0
30754 0
30814 0
30907 0
31045 0
31173 0
31402 0
31529 0
31545 0
31725 0
31892 0
31960 0
32009 0
32044 0
32105 0
32124 0
32377 0
32397 0
32455 0
32522 0
32612 0
33015 0
33117 0
33119 0
33164 0
33271 0
33277 0
33312 0
33401 0
33567 0
33572 0
33623 0
33636 0
34268 0
34316 0
34613 0
34618 0
34840 0
34936 0
35308 0
35333 0
35427 0
35461 0
35490 0
35679 0
35772 0
35908 0
36038 0
36055 0
36069 0
36095 0
36155 0
36172 0
36215 0
36319 0
36320 0
36410 0
36483 0
36538 0
36698 0
36850 0
37082 0
37098 0
37108 0
37202 0
37337 0
37513 0
37532 0
37554 0
37580 0
37659 0
37726 0
37854 0
37951 0
38081 0
38129 0
38280 0
38295 0
38309 0
38421 0
38458 0
38798 0
38932 0
39124 0
39297 0
39402 0
39454 0
39527 0
39650 0
40204 0
40209 0
40320 0
40356 0
40566 0
40619 0
40681 0
40787 0
40805 0
40813 0
40876 0
40919 0
40981 0
40987 0
41504 0
41515 0
41557 0
41667 0
41685 0
41794 0
41886 0
41952 0
41968 0
41977 0
41981 0
42066 0
42339 0
42385 0
42400 0
42445 0
42450 0
42529 0
42544 0
42608 0
42610 0
42611 0
42638 0
42826 0
43085 0
43336 0
43465 0
43507 0
43936 0
44043 0
44249 0
44322 0
44434 0
44588 0
44647 0
44771 0
44802 0
44902 0
45017 0
45101 0
45146 0
45191 0
45378 0
45425 0
45442 0
45495 0
45570 0
45651 0
45717 0
45736 0
45739 0
45746 0
45756 0
45860 0
45946 0
45984 0
46024 0
46240 0
46334 0
46345 0
46374 0
46433 0
46459 0
46622 0
46629 0
46632 0
46775 0
46919 0
47055 0
47067 0
47347 0
47431 0
47501 0
47510 0
47723 0
47754 0
47893 0
47925 0
48022 0
48386 0
48393 0
48433 0
48461 0
48623 0
48683 0
48717 0
48774 0
48976 0
48999 0
49252 0
49343 0
49397 0
49690 0
49770 0
49793 0
49861 0
49970 0
50151 0
50163 0
50309 0
50362 0
50452 0
50481 0
50511 0
50578 0
50621 0
50741 0
50747 0
50947 0
51089 0
51145 0
51194 0
51337 0
51452 0
51456 0
51691 0
51822 0
51853 0
52046 0
52110 0
52161 0
52396 0
52446 0
52489 0
52498 0
52536 0
52870 0
52885 0
52946 0
52960 0
53221 0
53280 0
53309 0
53336 0
53352 0
53383 0
53402 0
53558 0
53570 0
53621 0
53854 0
54128 0
54353 0
54498 0
54555 0
54676 0
54729 0
54866 0
54892 0
55035 0
55062 0
55105 0
55110 0
55395 0
55459 0
55526 0
55601 0
55760 0
55966 0
55975 0
56158 0
56174 0
56201 0
56228 0
56317 0
56596 0
56599 0
56806 0
56834 0
56999 0
57023 0
57157 0
57297 0
57313 0
57346 0
57376 0
57380 0
57389 0
57632 0
57660 0
57692 0
57767 0
57883 0
57976 0
57997 0
58025 0
58169 0
58209 0
58259 0
58273 0
58370 0
58479 0
58522 0
58628 0
58730 0
58803 0
58849 0
58987 0
59113 0
59133 0
59256 0
59260 0
59348 0
59392 0
59416 0
59428 0
59475 0
59741 0
59752 0
59803 0
59968 0
60131 0
60235 0
60309 0
60380 0
60532 0
61188 0
61298 0
61299 0
61369 0
61484 0
61616 0
61781 0
61903 0
61985 0
62055 0
62178 0
62181 0
62527 0
62550 0
62560 0
62601 0
62731 0
63025 0
63357 0
63796 0
63851 0
63935 0
64036 0
64041 0
64080 0
64090 0
64685 0
64702 0
64713 0
64865 0
64896 0
65015 0
65072 0
65130 0
65226 0
65291 0
65312 0
65463 0
65489 0
65520 0
65556 0
65588 0
66134 0
66158 0
66197 0
66265 0
66325 0
66341 0
66388 0
66414 0
66718 0
66851 0
66879 0
66900 0
66924 0
66953 0
67036 0
67148 0
67150 0
67254 0
67402 0
67793 0
68085 0
68147 0
68227 0
68491 0
68513 0
68520 0
68679 0
68703 0
68886 0
68976 0
69018 0
69030 0
69111 0
69358 0
69389 0
69538 0
69539 0
69584 0
69599 0
69749 0
69928 0
69946 0
69977 0
70001 0
70013 0
70019 0
70031 0
70086 0
70227 0
70270 0
70327 0
70394 0
70410 0
70416 0
70490 0
70574 0
70751 0
70830 0
70855 0
70857 0
70977 0
71349 0
71470 0
71609 0
71990 0
72107 0
72447 0
72550 0
72679 0
72774 0
72888 0
72936 0
72945 0
72985 0
72988 0
73093 0
73242 0
73282 0
73409 0
73411 0
73456 0
73588 0
73762 0
73845 0
74045 0
74161 0
74239 0
74431 0
74517 0
74819 0
74956 0
75006 0
75067 0
75073 0
75144 0
75160 0
75280 0
75343 0
75640 0
75761 0
75784 0
75934 0
76209 0
76278 0
76347 0
76554 0
76639 0
76682 0
76994 0
77053 0
77256 0
77271 0
77357 0
77410 0
77515 0
77535 0
77551 0
77764 0
77776 0
77816 0
77838 0
77859 0
78036 0
78066 0
78102 0
78254 0
78353 0
78458 0
78508 0
78518 0
78574 0
78631 0
78902 0
78956 0
79071 0
79092 0
79211 0
79234 0
79297 0
79315 0
79383 0
79384 0
79418 0
79444 0
79520 0
79552 0
79614 0
79744 0
79849 0
79862 0
79918 0
80058 0
80235 0
80470 0
80603 0
80618 0
80698 0
80999 0
81090 0
81142 0
81311 0
81319 0
81345 0
81354 0
81488 0
81519 0
81535 0
81599 0
81766 0
81774 0
81912 0
82080 0
82204 0
82509 0
82532 0
82557 0
82905 0
82995 0
83277 0
83278 0
83465 0
83547 0
83599 0
83753 0
83889 0
83895 0
83909 0
83933 0
84080 0
84124 0
84587 0
84612 0
84645 0
84668 0
84755 0
85215 0
85232 0
85351 0
85403 0
85437 0
85521 0
85625 0
86029 0
86103 0
86205 0
86213 0
86269 0
86288 0
86352 0
86408 0
86504 0
86698 0
86723 0
86855 0
87188 0
87261 0
87262 0
87445 0
87526 0
87572 0
87620 0
87748 0
87815 0
87992 0
88008 0
88029 0
88077 0
88123 0
88207 0
88236 0
88255 0
88266 0
88474 0
88658 0
88714 0
88765 0
88900 0
88909 0
89115 0
89284 0
89495 0
89743 0
89746 0
89967 0
89981 0
90151 0
90209 0
90313 0
90365 0
90383 0
90570 0
90643 0
90870 0
90947 0
90963 0
91111 0
91146 0
91150 0
91199 0
91383 0
91451 0
91461 0
91486 0
91613 0
91637 0
91875 0
91889 0
91994 0
92010 0
92110 0
92203 0
92367 0
92368 0
92403 0
92405 0
92519 0
92530 0
92773 0
92825 0
92837 0
92904 0
93035 0
93065 0
93086 0
93223 0
93303 0
93347 0
93490 0
93523 0
93538 0
93637 0
93661 0
93686 0
93708 0
93750 0
93753 0
94124 0
94347 0
94403 0
94416 0
94529 0
94606 0
94635 0
94684 0
94770 0
95071 0
95142 0
95189 0
95224 0
95258 0
95294 0
95361 0
95375 0
95427 0
95446 0
95531 0
95757 0
95817 0
95908 0
95934 0
95965 0
96055 0
96071 0
96148 0
96331 0
96446 0
96466 0
96517 0
96551 0
96614 0
96641 0
96649 0
96690 0
96932 0
96940 0
97005 0
97033 0
97035 0
97176 0
97232 0
97262 0
97416 0
97442 0
97532 0
97585 0
97644 0
97670 0
97798 0
97891 0
97929 0
98023 0
98073 0
98121 0
98244 0
98381 0
98534 0
98559 0
98574 0
98598 0
98787 0
98954 0
99075 0
99185 0
99212 0
99261 0
99392 0
99411 0
99528 0
99570 0
99589 0
99644 0
99748 0
99759 0
99820 0
99867 0
99974 0
