c This is a uniform distributed  1-D DIMACS file 
c width height point_number
p 100000 100000 1024
55 0
122 0
130 0
190 0
289 0
623 0
756 0
884 0
940 0
1030 0
1099 0
1343 0
1365 0
1429 0
1636 0
1650 0
1676 0
1904 0
1909 0
1916 0
1922 0
1933 0
2102 0
2126 0
2161 0
2219 0
2383 0
2398 0
2488 0
2537 0
2567 0
2617 0
2661 0
2807 0
2902 0
3040 0
3064 0
3131 0
3244 0
3515 0
3575 0
3619 0
3687 0
3794 0
3828 0
3882 0
3983 0
4087 0
4197 0
4226 0
4289 0
4346 0
4361 0
4373 0
4442 0
4492 0
4615 0
4691 0
4726 0
4753 0
4781 0
4897 0
4951 0
4956 0
4990 0
5031 0
5060 0
5191 0
5246 0
5334 0
5457 0
5554 0
5560 0
5565 0
5625 0
5743 0
5834 0
5877 0
5904 0
6060 0
6066 0
6119 0
6198 0
6339 0
6472 0
6538 0
6554 0
6617 0
6973 0
7138 0
7178 0
7353 0
7486 0
7671 0
7946 0
8027 0
8073 0
8113 0
8137 0
8193 0
8228 0
8384 0
8394 0
8663 0
8674 0
8777 0
8827 0
8843 0
8936 0
9115 0
9149 0
9243 0
9272 0
9296 0
9404 0
9423 0
9476 0
9771 0
9776 0
9833 0
10027 0
10049 0
10147 0
10391 0
10404 0
10427 0
10462 0
10529 0
10542 0
10569 0
10730 0
10741 0
10817 0
10951 0
10968 0
11070 0
11095 0
11184 0
11188 0
11256 0
11325 0
11444 0
11826 0
11830 0
11978 0
12024 0
12095 0
12169 0
12235 0
12381 0
12608 0
12631 0
12832 0
12893 0
12965 0
13152 0
13188 0
13350 0
13388 0
13660 0
13728 0
13880 0
14071 0
14361 0
14385 0
14440 0
14543 0
14803 0
14851 0
14890 0
15017 0
15120 0
15303 0
15365 0
15375 0
15466 0
15511 0
15646 0
15655 0
15871 0
16033 0
16122 0
16370 0
16633 0
16650 0
16688 0
16721 0
17075 0
17255 0
17314 0
17564 0
17827 0
18123 0
18155 0
18172 0
18249 0
18259 0
18271 0
18296 0
18353 0
18508 0
18662 0
18678 0
18721 0
18845 0
18895 0
18915 0
19179 0
19320 0
19410 0
19412 0
19797 0
19891 0
20298 0
20401 0
20415 0
20561 0
20607 0
20636 0
20787 0
20837 0
20839 0
20897 0
20898 0
21214 0
21227 0
21254 0
21360 0
21567 0
22067 0
22201 0
22361 0
22469 0
22480 0
22571 0
22583 0
22743 0
22879 0
22926 0
22942 0
23015 0
23017 0
23044 0
23057 0
23107 0
23125 0
23321 0
23501 0
23517 0
23531 0
23683 0
23749 0
23806 0
23911 0
24072 0
24076 0
24096 0
24101 0
24171 0
24177 0
24273 0
24334 0
24465 0
24478 0
24519 0
24553 0
24587 0
24594 0
24741 0
24762 0
24775 0
24829 0
24832 0
24891 0
24912 0
25045 0
25172 0
25299 0
25541 0
25719 0
25738 0
25767 0
25852 0
26103 0
26168 0
26237 0
26548 0
26586 0
26848 0
26906 0
27003 0
27118 0
27601 0
27628 0
27977 0
27994 0
28318 0
28320 0
28344 0
28583 0
28665 0
28749 0
28751 0
28933 0
29008 0
29040 0
29151 0
29445 0
29465 0
29589 0
29686 0
29872 0
29880 0
29881 0
29975 0
29985 0
30024 0
30140 0
30214 0
30331 0
30348 0
30471 0
30498 0
30646 0
30741 0
30897 0
30918 0
30949 0
30964 0
31090 0
31159 0
31322 0
31368 0
31534 0
31573 0
31609 0
31634 0
31912 0
31951 0
32048 0
32049 0
32054 0
32059 0
32608 0
32633 0
32663 0
32869 0
32960 0
33018 0
33256 0
33268 0
33491 0
33654 0
33767 0
33881 0
34110 0
34148 0
34172 0
34308 0
34347 0
34469 0
34599 0
34731 0
34802 0
34851 0
34899 0
34976 0
35058 0
35227 0
35640 0
35773 0
35787 0
35999 0
36161 0
36755 0
36817 0
36850 0
36851 0
36894 0
36995 0
37018 0
37101 0
37149 0
37207 0
37422 0
37514 0
37548 0
37639 0
37669 0
37760 0
37789 0
37888 0
37893 0
38092 0
38154 0
38289 0
38351 0
38437 0
38603 0
38695 0
38765 0
38809 0
39063 0
39177 0
39393 0
39468 0
39487 0
39605 0
39779 0
39932 0
40140 0
40165 0
40284 0
40400 0
40506 0
40680 0
40878 0
40970 0
41355 0
41424 0
41515 0
41534 0
41679 0
41741 0
41970 0
42132 0
42148 0
42371 0
42506 0
42518 0
42594 0
42629 0
42873 0
42979 0
43104 0
43105 0
43220 0
43253 0
43423 0
43465 0
43497 0
43531 0
43559 0
43666 0
43684 0
43723 0
43795 0
44249 0
44353 0
44606 0
44622 0
44633 0
44773 0
44792 0
44860 0
44914 0
45043 0
45201 0
45371 0
45466 0
45523 0
45839 0
45845 0
45853 0
46069 0
46076 0
46181 0
46410 0
46437 0
46465 0
46537 0
46580 0
46672 0
46714 0
46732 0
46741 0
46877 0
47035 0
47037 0
47288 0
47290 0
47425 0
47438 0
47524 0
47807 0
47947 0
48114 0
48136 0
48314 0
48447 0
48461 0
48506 0
48677 0
48708 0
48849 0
48864 0
49023 0
49144 0
49373 0
49625 0
49782 0
49877 0
49989 0
50132 0
50138 0
50375 0
50496 0
50631 0
50752 0
50811 0
50846 0
51005 0
51243 0
51299 0
51309 0
51321 0
51339 0
51357 0
51388 0
51626 0
51630 0
51774 0
51901 0
52093 0
52099 0
52142 0
52392 0
52491 0
52519 0
52568 0
52710 0
52807 0
52817 0
52941 0
52996 0
53077 0
53121 0
53127 0
53280 0
53310 0
53351 0
53424 0
53478 0
53515 0
53523 0
53575 0
53586 0
53603 0
53759 0
53792 0
53871 0
53967 0
53968 0
54017 0
54117 0
54145 0
54392 0
54461 0
54633 0
54867 0
55111 0
55230 0
55833 0
55909 0
56066 0
56374 0
56639 0
56805 0
56933 0
56966 0
57020 0
57173 0
57183 0
57204 0
57340 0
57400 0
57438 0
57464 0
57532 0
57854 0
57957 0
58040 0
58085 0
58171 0
58483 0
58488 0
58731 0
58775 0
58810 0
59023 0
59056 0
59062 0
59082 0
59107 0
59281 0
59527 0
59746 0
59772 0
60257 0
60258 0
60285 0
60420 0
60682 0
60826 0
60897 0
61058 0
61106 0
61115 0
61548 0
61553 0
61618 0
61644 0
61648 0
61877 0
62005 0
62161 0
62219 0
62271 0
62337 0
62402 0
62445 0
62657 0
62816 0
62833 0
63201 0
63292 0
63312 0
63404 0
63453 0
63503 0
63587 0
63614 0
63708 0
63775 0
63908 0
64419 0
64585 0
64750 0
64775 0
64800 0
64908 0
65006 0
65052 0
65172 0
65177 0
65239 0
65249 0
65374 0
65405 0
65478 0
65537 0
65745 0
65808 0
65876 0
65904 0
65914 0
66039 0
66055 0
66092 0
66153 0
66230 0
66241 0
66469 0
66594 0
66613 0
66719 0
66748 0
66759 0
66879 0
67138 0
67239 0
67305 0
67344 0
67449 0
67533 0
67541 0
67551 0
67711 0
67770 0
67792 0
67879 0
67956 0
68005 0
68030 0
68040 0
68058 0
68232 0
68259 0
68405 0
68599 0
68885 0
69444 0
69490 0
69623 0
69706 0
69862 0
70044 0
70080 0
70145 0
70223 0
70272 0
70302 0
70486 0
70552 0
70576 0
70602 0
70614 0
70726 0
70782 0
70824 0
71016 0
71021 0
71035 0
71061 0
71279 0
71294 0
71377 0
71444 0
71590 0
71595 0
71674 0
71893 0
71972 0
72162 0
72192 0
72346 0
72475 0
72490 0
72611 0
72614 0
72658 0
72892 0
72936 0
73056 0
73092 0
73217 0
73475 0
73504 0
73526 0
73626 0
73653 0
73695 0
73708 0
73782 0
73790 0
73936 0
74081 0
74734 0
74858 0
74864 0
74896 0
74993 0
75039 0
75063 0
75246 0
75654 0
75881 0
75989 0
76208 0
76214 0
76244 0
76246 0
76354 0
76406 0
76427 0
76442 0
76588 0
76944 0
76962 0
76968 0
76969 0
77004 0
77157 0
77234 0
77430 0
77439 0
77581 0
77618 0
77708 0
77736 0
77901 0
78246 0
78305 0
78412 0
78434 0
78475 0
78483 0
78533 0
78564 0
78587 0
78596 0
78674 0
78725 0
78776 0
78851 0
78997 0
78999 0
79186 0
79235 0
79289 0
79326 0
79399 0
79495 0
79539 0
79564 0
79600 0
79684 0
79722 0
79740 0
79756 0
80036 0
80040 0
80159 0
80230 0
80273 0
80458 0
80792 0
80809 0
80848 0
81009 0
81202 0
81216 0
81402 0
81487 0
81685 0
81767 0
81795 0
81854 0
81945 0
82102 0
82137 0
82174 0
82367 0
82484 0
82507 0
82571 0
82597 0
82623 0
82836 0
82857 0
82917 0
83053 0
83061 0
83271 0
83344 0
83722 0
83841 0
84134 0
84307 0
84343 0
84407 0
84409 0
84443 0
84458 0
84710 0
84830 0
84842 0
85064 0
85117 0
85347 0
85359 0
85372 0
85437 0
85452 0
85512 0
85535 0
85597 0
85731 0
85751 0
85781 0
85814 0
85836 0
85919 0
85928 0
85982 0
86074 0
86123 0
86274 0
86305 0
86350 0
86403 0
86435 0
86506 0
86643 0
86665 0
86682 0
86732 0
86753 0
86828 0
86858 0
86964 0
87016 0
87028 0
87124 0
87177 0
87288 0
87480 0
87522 0
87861 0
88192 0
88286 0
88308 0
88382 0
88535 0
88865 0
88908 0
88945 0
89107 0
89169 0
89172 0
89348 0
89630 0
89683 0
89740 0
89883 0
89888 0
89905 0
90086 0
90125 0
90200 0
90341 0
90730 0
90747 0
90865 0
90938 0
91113 0
91350 0
91371 0
91487 0
91522 0
91579 0
91593 0
91850 0
91866 0
91952 0
92037 0
92068 0
92227 0
92616 0
92788 0
93002 0
93033 0
93509 0
93605 0
93651 0
93671 0
93673 0
93747 0
93874 0
94091 0
94187 0
94231 0
94354 0
94377 0
94670 0
94712 0
94741 0
94840 0
95005 0
95073 0
95113 0
95132 0
95173 0
95177 0
95216 0
95262 0
95572 0
95593 0
95632 0
95809 0
95915 0
96047 0
96104 0
96135 0
96263 0
96321 0
96358 0
96514 0
96519 0
96956 0
97024 0
97138 0
97159 0
97262 0
97273 0
97306 0
97322 0
97423 0
97442 0
97504 0
97584 0
97639 0
97679 0
97680 0
97681 0
97698 0
97791 0
97874 0
97875 0
98039 0
98173 0
98202 0
98221 0
98230 0
98309 0
98362 0
98369 0
98574 0
98598 0
98661 0
98669 0
98976 0
99017 0
99044 0
99159 0
99217 0
99388 0
99533 0
99561 0
99668 0
99752 0
99819 0
99959 0
99971 0
