c This is a uniform distributed  1-D DIMACS file 
c width height point_number
p 100000 100000 1024
28 0
59 0
96 0
395 0
451 0
518 0
520 0
673 0
691 0
707 0
829 0
1168 0
1190 0
1192 0
1195 0
1303 0
1401 0
1517 0
1521 0
1693 0
1802 0
1803 0
1870 0
1897 0
1912 0
1942 0
2028 0
2128 0
2159 0
2267 0
2316 0
2405 0
2495 0
2898 0
3005 0
3061 0
3169 0
3179 0
3282 0
3407 0
3437 0
3438 0
3581 0
3838 0
3903 0
4009 0
4022 0
4059 0
4088 0
4311 0
4332 0
4369 0
4411 0
4491 0
4502 0
4714 0
4762 0
4784 0
5055 0
5084 0
5202 0
5544 0
5549 0
5635 0
5673 0
5691 0
5808 0
5818 0
5933 0
6026 0
6201 0
6238 0
6398 0
6432 0
6669 0
6678 0
6745 0
6835 0
6850 0
7041 0
7160 0
7261 0
7290 0
7397 0
7427 0
7446 0
7451 0
7524 0
7621 0
7642 0
7773 0
7900 0
8043 0
8127 0
8207 0
8377 0
8429 0
8533 0
8544 0
9130 0
9290 0
9331 0
9420 0
9472 0
9509 0
9522 0
9620 0
9622 0
9682 0
9742 0
9747 0
9810 0
9843 0
10047 0
10145 0
10207 0
10404 0
10557 0
10591 0
10610 0
10681 0
10770 0
10869 0
10900 0
11094 0
11118 0
11135 0
11141 0
11252 0
11389 0
11486 0
11596 0
11661 0
11685 0
11693 0
11742 0
11822 0
11917 0
12184 0
12209 0
12210 0
12772 0
12788 0
12804 0
12853 0
12924 0
12971 0
13267 0
13293 0
13914 0
14063 0
14111 0
14131 0
14199 0
14299 0
14414 0
14416 0
14480 0
14616 0
14625 0
14654 0
14703 0
14797 0
14835 0
14926 0
15113 0
15211 0
15385 0
15526 0
15629 0
15643 0
15785 0
15822 0
16017 0
16068 0
16103 0
16124 0
16379 0
16491 0
16604 0
16619 0
16733 0
16786 0
16822 0
16830 0
17003 0
17197 0
17426 0
17459 0
17490 0
17601 0
17698 0
18001 0
18093 0
18428 0
18519 0
18522 0
18627 0
18671 0
18734 0
18772 0
18820 0
18952 0
18970 0
19090 0
19284 0
19379 0
19550 0
19586 0
19722 0
19846 0
19869 0
20206 0
20342 0
20365 0
20694 0
20831 0
20890 0
20931 0
20961 0
21366 0
21457 0
21459 0
21617 0
21791 0
21833 0
21884 0
22021 0
22281 0
22299 0
22508 0
22644 0
22667 0
22873 0
22925 0
22999 0
23010 0
23063 0
23115 0
23155 0
23178 0
23275 0
23404 0
23587 0
23616 0
23657 0
23683 0
23764 0
23785 0
23869 0
23987 0
24021 0
24039 0
24064 0
24163 0
24167 0
24180 0
24216 0
24310 0
24512 0
24659 0
24743 0
24933 0
25197 0
25253 0
25294 0
25422 0
25553 0
25723 0
25842 0
25845 0
26006 0
26073 0
26110 0
26209 0
26281 0
26334 0
26393 0
26454 0
26668 0
26768 0
26780 0
27106 0
27157 0
27264 0
27298 0
27305 0
27322 0
27462 0
27485 0
27511 0
27543 0
27599 0
27622 0
27629 0
27714 0
27755 0
27859 0
27923 0
28521 0
28555 0
28602 0
28645 0
28678 0
28690 0
28770 0
28794 0
28815 0
28917 0
29185 0
29392 0
29444 0
29463 0
29851 0
30025 0
30036 0
30042 0
30289 0
30388 0
30406 0
30446 0
30587 0
30821 0
30838 0
30877 0
30880 0
30967 0
30999 0
31117 0
31134 0
31274 0
31303 0
31381 0
31389 0
31566 0
31687 0
31702 0
31749 0
31788 0
31810 0
31888 0
31893 0
31987 0
32048 0
32302 0
32360 0
32377 0
32638 0
32661 0
32714 0
32863 0
32877 0
32936 0
33037 0
33057 0
33290 0
33378 0
33399 0
33693 0
33808 0
34052 0
34248 0
34251 0
34376 0
34438 0
34499 0
34524 0
34548 0
34644 0
34737 0
34808 0
34953 0
34961 0
34992 0
35064 0
35757 0
35801 0
35860 0
35956 0
36108 0
36236 0
36326 0
36362 0
36367 0
36671 0
36679 0
36689 0
36863 0
37019 0
37170 0
37203 0
37230 0
37628 0
37653 0
37717 0
37786 0
37850 0
37852 0
38065 0
38079 0
38147 0
38158 0
38176 0
38191 0
38542 0
38716 0
38720 0
38724 0
39020 0
39062 0
39075 0
39107 0
39238 0
39300 0
39814 0
39820 0
39938 0
40037 0
40253 0
40278 0
40391 0
40550 0
40578 0
40753 0
40788 0
41016 0
41064 0
41080 0
41181 0
41373 0
41403 0
41432 0
41622 0
41632 0
41648 0
41852 0
41920 0
41974 0
42004 0
42185 0
42324 0
42365 0
42424 0
42655 0
42720 0
42812 0
42896 0
42924 0
43053 0
43244 0
43303 0
43415 0
43445 0
43607 0
43662 0
43891 0
43941 0
44208 0
44403 0
44487 0
44531 0
44590 0
44607 0
44680 0
44886 0
44898 0
44938 0
44957 0
44960 0
45068 0
45381 0
45485 0
45500 0
45535 0
45537 0
45561 0
45679 0
45808 0
45828 0
45837 0
45871 0
46172 0
46180 0
46223 0
46247 0
46499 0
46501 0
46683 0
46832 0
46897 0
47095 0
47123 0
47146 0
47346 0
47360 0
47375 0
47386 0
47490 0
47606 0
47718 0
47813 0
47889 0
47913 0
47942 0
47974 0
48002 0
48005 0
48039 0
48057 0
48290 0
48306 0
48386 0
48473 0
48662 0
48756 0
48805 0
48828 0
48924 0
48967 0
48976 0
49033 0
49129 0
49215 0
49345 0
49392 0
49410 0
49602 0
49645 0
49718 0
49783 0
49837 0
49959 0
49996 0
50083 0
50084 0
50184 0
50340 0
50478 0
50541 0
50570 0
50770 0
50906 0
51204 0
51272 0
51280 0
51349 0
51353 0
51548 0
51596 0
51612 0
51633 0
51688 0
51697 0
51708 0
51774 0
51813 0
51882 0
51966 0
52143 0
52311 0
52439 0
52545 0
52602 0
52746 0
52883 0
53095 0
53130 0
53285 0
53289 0
53303 0
53319 0
53395 0
53442 0
53469 0
53483 0
53496 0
53548 0
53724 0
53752 0
53774 0
53786 0
53833 0
53994 0
54092 0
54098 0
54198 0
54229 0
54461 0
54480 0
54620 0
54655 0
54808 0
54940 0
54991 0
55090 0
55210 0
55256 0
55354 0
55469 0
55579 0
55636 0
55698 0
55733 0
55764 0
55901 0
55959 0
55969 0
56483 0
56613 0
56693 0
57089 0
57121 0
57137 0
57159 0
57283 0
57321 0
57524 0
57601 0
57741 0
57780 0
57813 0
57863 0
57889 0
58023 0
58051 0
58334 0
58352 0
58389 0
58871 0
58921 0
58954 0
58995 0
58997 0
59122 0
59235 0
59242 0
59396 0
59581 0
59608 0
59629 0
59691 0
59752 0
59800 0
59804 0
59807 0
59915 0
59977 0
60089 0
60095 0
60158 0
60183 0
60278 0
60329 0
60487 0
60718 0
61126 0
61156 0
61207 0
61250 0
61477 0
61522 0
61866 0
61988 0
62227 0
62349 0
62391 0
62709 0
62886 0
63251 0
63282 0
63298 0
63320 0
63402 0
63445 0
63490 0
64036 0
64091 0
64131 0
64187 0
64319 0
64335 0
64404 0
64468 0
64630 0
64650 0
64707 0
64778 0
64814 0
65108 0
65228 0
65399 0
65419 0
65498 0
65545 0
65677 0
65719 0
65778 0
65805 0
65918 0
66133 0
66507 0
66548 0
66628 0
66636 0
66727 0
66913 0
67050 0
67095 0
67171 0
67190 0
67207 0
67241 0
67379 0
67388 0
67400 0
67700 0
67769 0
68135 0
68206 0
68299 0
68313 0
68392 0
68443 0
68571 0
68634 0
68748 0
68752 0
69010 0
69250 0
69487 0
69563 0
69620 0
69659 0
69690 0
69802 0
69858 0
69991 0
70080 0
70446 0
70526 0
71051 0
71675 0
71820 0
71894 0
71937 0
72017 0
72228 0
72233 0
72309 0
72508 0
72604 0
72607 0
72846 0
72971 0
73060 0
73138 0
73345 0
73443 0
73483 0
73618 0
73770 0
73797 0
73835 0
73881 0
73926 0
73995 0
74038 0
74157 0
74175 0
74211 0
74263 0
74311 0
74313 0
74511 0
74707 0
74739 0
74763 0
74774 0
74816 0
75019 0
75040 0
75090 0
75108 0
75159 0
75288 0
75319 0
75418 0
75580 0
75619 0
75693 0
75801 0
76010 0
76078 0
76202 0
76224 0
76394 0
76514 0
76626 0
76663 0
76842 0
76982 0
76992 0
77083 0
77185 0
77388 0
77682 0
77692 0
77777 0
77844 0
77933 0
77951 0
78084 0
78334 0
78477 0
78587 0
78619 0
78980 0
79050 0
79204 0
79380 0
79595 0
79720 0
79747 0
79870 0
79896 0
79968 0
80001 0
80293 0
80447 0
80671 0
80864 0
80978 0
81145 0
81307 0
81396 0
81423 0
81482 0
81717 0
81838 0
81856 0
81864 0
81945 0
82180 0
82296 0
82335 0
82535 0
82626 0
82759 0
82825 0
82891 0
83118 0
83244 0
83417 0
83467 0
83498 0
83538 0
83618 0
83769 0
83879 0
83946 0
83980 0
84413 0
84490 0
84558 0
84694 0
84723 0
84858 0
84960 0
85088 0
85125 0
85129 0
85389 0
85450 0
85510 0
85538 0
85567 0
85695 0
85699 0
85704 0
85857 0
85893 0
86005 0
86102 0
86122 0
86154 0
86276 0
86316 0
86427 0
86467 0
86475 0
86552 0
86695 0
86786 0
86928 0
86937 0
86988 0
87003 0
87020 0
87032 0
87120 0
87285 0
87621 0
87680 0
87682 0
87743 0
87803 0
88283 0
88977 0
89054 0
89190 0
89268 0
89287 0
89290 0
89358 0
89361 0
89388 0
89717 0
89988 0
90033 0
90109 0
90154 0
90180 0
90246 0
90254 0
90382 0
90469 0
90496 0
90729 0
90755 0
90756 0
90800 0
90828 0
91333 0
91334 0
91396 0
91766 0
91798 0
91856 0
91873 0
92001 0
92013 0
92154 0
92171 0
92282 0
92331 0
92738 0
92804 0
93114 0
93154 0
93191 0
93202 0
93264 0
93540 0
93564 0
93636 0
93639 0
93641 0
93816 0
93845 0
94073 0
94130 0
94234 0
94291 0
94337 0
94352 0
94448 0
94468 0
94490 0
94623 0
94642 0
94686 0
94737 0
94743 0
94773 0
95214 0
95268 0
95420 0
95479 0
95634 0
95674 0
95689 0
95712 0
95763 0
95794 0
96021 0
96061 0
96195 0
96306 0
96322 0
96405 0
96498 0
96567 0
96614 0
96685 0
96760 0
96775 0
96793 0
96806 0
96995 0
97055 0
97238 0
97333 0
97352 0
97408 0
97465 0
97492 0
97516 0
97736 0
98034 0
98137 0
98180 0
98189 0
98354 0
98356 0
98402 0
98431 0
98749 0
98848 0
98928 0
98982 0
99234 0
99536 0
99704 0
99993 0
