c This is a uniform distributed  1-D DIMACS file 
c width height point_number
p 1000 1000 128
5 0
12 0
14 0
18 0
36 0
55 0
58 0
67 0
68 0
77 0
78 0
102 0
116 0
120 0
121 0
123 0
126 0
131 0
136 0
141 0
161 0
164 0
169 0
178 0
185 0
204 0
206 0
208 0
244 0
250 0
263 0
264 0
290 0
301 0
302 0
312 0
313 0
317 0
321 0
331 0
332 0
341 0
344 0
350 0
364 0
379 0
381 0
384 0
385 0
388 0
390 0
396 0
400 0
409 0
410 0
419 0
421 0
429 0
433 0
436 0
437 0
453 0
465 0
504 0
508 0
510 0
527 0
530 0
539 0
550 0
552 0
568 0
578 0
581 0
582 0
583 0
585 0
596 0
598 0
603 0
613 0
615 0
631 0
633 0
634 0
637 0
638 0
643 0
644 0
658 0
661 0
664 0
666 0
670 0
676 0
679 0
685 0
714 0
719 0
738 0
742 0
753 0
761 0
768 0
790 0
793 0
801 0
810 0
811 0
815 0
819 0
822 0
824 0
839 0
842 0
864 0
869 0
899 0
906 0
926 0
939 0
941 0
956 0
975 0
983 0
986 0
991 0
992 0
