c This is a uniform distributed  1-D DIMACS file 
c width height point_number
p 1000 1000 128
8 0
9 0
19 0
23 0
24 0
27 0
46 0
60 0
65 0
71 0
88 0
91 0
94 0
99 0
113 0
114 0
118 0
122 0
143 0
148 0
151 0
152 0
156 0
157 0
159 0
168 0
183 0
185 0
188 0
191 0
219 0
245 0
258 0
261 0
278 0
280 0
292 0
293 0
299 0
301 0
303 0
309 0
312 0
331 0
346 0
353 0
358 0
361 0
380 0
383 0
398 0
403 0
411 0
416 0
426 0
438 0
441 0
443 0
446 0
454 0
461 0
465 0
474 0
479 0
483 0
485 0
504 0
532 0
546 0
548 0
552 0
558 0
565 0
568 0
570 0
593 0
601 0
604 0
607 0
617 0
623 0
633 0
645 0
648 0
653 0
656 0
660 0
661 0
669 0
670 0
675 0
676 0
678 0
687 0
690 0
694 0
699 0
715 0
716 0
721 0
731 0
740 0
745 0
758 0
788 0
803 0
806 0
811 0
813 0
814 0
822 0
827 0
834 0
836 0
858 0
860 0
873 0
895 0
906 0
920 0
930 0
934 0
942 0
956 0
973 0
974 0
986 0
996 0
