c This is a uniform distributed  1-D DIMACS file 
c width height point_number
p 1000 1000 128
8 0
14 0
15 0
16 0
34 0
36 0
40 0
74 0
81 0
82 0
91 0
106 0
109 0
128 0
132 0
134 0
143 0
178 0
180 0
182 0
189 0
191 0
196 0
200 0
237 0
244 0
261 0
285 0
286 0
291 0
292 0
297 0
298 0
301 0
303 0
308 0
350 0
365 0
366 0
375 0
377 0
382 0
389 0
401 0
403 0
414 0
416 0
420 0
422 0
429 0
430 0
452 0
456 0
464 0
473 0
476 0
479 0
486 0
491 0
500 0
504 0
505 0
506 0
507 0
517 0
521 0
522 0
530 0
532 0
536 0
539 0
549 0
574 0
588 0
595 0
599 0
602 0
603 0
615 0
621 0
627 0
638 0
661 0
664 0
669 0
674 0
692 0
695 0
715 0
718 0
731 0
736 0
738 0
743 0
752 0
758 0
796 0
804 0
822 0
826 0
833 0
836 0
838 0
846 0
848 0
851 0
853 0
856 0
861 0
864 0
873 0
883 0
884 0
886 0
895 0
911 0
913 0
921 0
937 0
939 0
947 0
950 0
961 0
975 0
985 0
987 0
993 0
997 0
