c This is a uniform distributed  1-D DIMACS file 
c width height point_number
p 1000 1000 128
13 0
26 0
28 0
31 0
42 0
46 0
49 0
58 0
60 0
62 0
77 0
85 0
87 0
102 0
105 0
124 0
134 0
139 0
140 0
160 0
174 0
179 0
188 0
192 0
206 0
209 0
214 0
219 0
232 0
239 0
249 0
258 0
261 0
269 0
278 0
313 0
324 0
325 0
328 0
329 0
331 0
335 0
336 0
338 0
340 0
345 0
352 0
358 0
359 0
376 0
380 0
388 0
389 0
395 0
402 0
407 0
411 0
442 0
463 0
465 0
471 0
472 0
486 0
489 0
492 0
494 0
513 0
517 0
522 0
526 0
545 0
550 0
561 0
563 0
565 0
574 0
578 0
580 0
588 0
605 0
612 0
616 0
620 0
633 0
640 0
651 0
657 0
667 0
669 0
682 0
693 0
697 0
704 0
720 0
745 0
747 0
751 0
752 0
759 0
762 0
764 0
778 0
782 0
786 0
801 0
802 0
812 0
821 0
824 0
831 0
844 0
854 0
866 0
876 0
878 0
882 0
893 0
897 0
907 0
916 0
925 0
932 0
953 0
957 0
974 0
978 0
997 0
999 0
