c This is a uniform distributed  1-D DIMACS file 
c width height point_number
p 100000 100000 128
1575 0
1712 0
2342 0
2351 0
2470 0
3599 0
4144 0
4215 0
4523 0
4680 0
5352 0
5435 0
5605 0
8430 0
9376 0
10121 0
10705 0
12522 0
12688 0
13134 0
13465 0
14066 0
15197 0
15790 0
18101 0
18608 0
18861 0
19852 0
20401 0
22278 0
23958 0
24158 0
24287 0
25750 0
27531 0
29198 0
30224 0
30470 0
31044 0
31158 0
31638 0
32542 0
32560 0
32627 0
33001 0
33139 0
33454 0
33943 0
34152 0
34674 0
36556 0
36884 0
38731 0
38846 0
38945 0
39973 0
39986 0
40252 0
40776 0
41735 0
42040 0
42392 0
42454 0
43820 0
43844 0
44421 0
44448 0
44856 0
44937 0
45472 0
46336 0
47462 0
48539 0
50464 0
51051 0
51058 0
53718 0
54452 0
54712 0
55764 0
56819 0
56958 0
57441 0
59043 0
59320 0
60596 0
61866 0
62044 0
62648 0
66165 0
68179 0
69739 0
69837 0
70562 0
72135 0
72241 0
73086 0
73314 0
73586 0
74746 0
76039 0
79196 0
79545 0
79615 0
80003 0
80537 0
81283 0
81795 0
83476 0
84782 0
85036 0
88272 0
88294 0
89847 0
90382 0
90743 0
90762 0
92609 0
93224 0
93769 0
94729 0
95574 0
95840 0
96422 0
97445 0
98125 0
99222 0
99489 0
