c This is a uniform distributed  1-D DIMACS file 
c width height point_number
p 1000 1000 128
5 0
9 0
14 0
16 0
41 0
45 0
52 0
54 0
55 0
63 0
72 0
74 0
75 0
78 0
80 0
90 0
94 0
123 0
124 0
126 0
135 0
136 0
157 0
183 0
186 0
201 0
217 0
233 0
240 0
244 0
247 0
257 0
266 0
284 0
291 0
314 0
321 0
322 0
339 0
341 0
343 0
345 0
357 0
361 0
364 0
365 0
370 0
372 0
383 0
394 0
396 0
407 0
410 0
421 0
431 0
454 0
462 0
465 0
469 0
473 0
481 0
491 0
497 0
503 0
516 0
524 0
527 0
528 0
529 0
531 0
536 0
544 0
546 0
555 0
558 0
575 0
592 0
598 0
607 0
625 0
631 0
641 0
646 0
653 0
654 0
656 0
658 0
663 0
669 0
671 0
678 0
690 0
691 0
692 0
714 0
716 0
733 0
734 0
747 0
748 0
750 0
756 0
761 0
763 0
781 0
784 0
785 0
786 0
797 0
798 0
799 0
802 0
805 0
819 0
826 0
857 0
861 0
865 0
866 0
869 0
882 0
915 0
920 0
926 0
937 0
975 0
986 0
997 0
