c This is a uniform distributed  1-D DIMACS file 
c width height point_number
p 1000 1000 128
1 0
5 0
13 0
17 0
26 0
32 0
34 0
41 0
42 0
48 0
57 0
65 0
68 0
70 0
85 0
88 0
101 0
103 0
106 0
124 0
142 0
144 0
146 0
210 0
216 0
225 0
228 0
235 0
240 0
242 0
247 0
257 0
267 0
273 0
296 0
319 0
321 0
325 0
327 0
328 0
334 0
349 0
357 0
358 0
359 0
363 0
367 0
385 0
389 0
394 0
404 0
405 0
433 0
444 0
451 0
457 0
459 0
462 0
466 0
469 0
493 0
514 0
524 0
528 0
548 0
549 0
553 0
555 0
558 0
579 0
582 0
583 0
585 0
586 0
588 0
589 0
607 0
610 0
618 0
625 0
628 0
633 0
634 0
654 0
655 0
658 0
659 0
664 0
681 0
685 0
693 0
706 0
718 0
729 0
736 0
738 0
762 0
770 0
772 0
777 0
779 0
782 0
799 0
805 0
808 0
810 0
823 0
837 0
858 0
866 0
867 0
873 0
889 0
912 0
917 0
920 0
925 0
927 0
928 0
948 0
956 0
963 0
967 0
968 0
970 0
974 0
977 0
981 0
