c This is a uniform distributed  1-D DIMACS file 
c width height point_number
p 1000 1000 128
14 0
40 0
44 0
45 0
47 0
48 0
59 0
68 0
74 0
76 0
98 0
120 0
128 0
140 0
141 0
147 0
165 0
167 0
170 0
176 0
183 0
186 0
193 0
201 0
204 0
210 0
212 0
213 0
219 0
226 0
242 0
260 0
267 0
269 0
280 0
283 0
285 0
310 0
314 0
322 0
324 0
327 0
329 0
343 0
347 0
357 0
361 0
363 0
364 0
367 0
391 0
392 0
393 0
395 0
400 0
426 0
429 0
434 0
436 0
438 0
448 0
453 0
462 0
472 0
476 0
487 0
504 0
508 0
539 0
548 0
552 0
563 0
574 0
580 0
600 0
612 0
613 0
630 0
632 0
642 0
646 0
657 0
674 0
679 0
687 0
693 0
694 0
702 0
706 0
707 0
716 0
722 0
725 0
741 0
746 0
747 0
754 0
765 0
766 0
785 0
791 0
793 0
796 0
799 0
803 0
808 0
815 0
831 0
836 0
840 0
841 0
851 0
853 0
854 0
859 0
863 0
873 0
878 0
885 0
898 0
919 0
923 0
928 0
943 0
962 0
983 0
994 0
999 0
