c This is a uniform distributed  1-D DIMACS file 
c width height point_number
p 1000 1000 128
15 0
19 0
43 0
46 0
59 0
60 0
70 0
72 0
76 0
81 0
86 0
96 0
108 0
112 0
123 0
129 0
136 0
139 0
149 0
155 0
156 0
162 0
163 0
177 0
188 0
191 0
194 0
195 0
238 0
247 0
254 0
261 0
286 0
303 0
304 0
306 0
321 0
324 0
334 0
336 0
340 0
349 0
352 0
358 0
362 0
367 0
368 0
374 0
382 0
397 0
413 0
418 0
419 0
422 0
437 0
445 0
478 0
481 0
482 0
483 0
503 0
529 0
542 0
558 0
570 0
572 0
573 0
580 0
591 0
593 0
597 0
610 0
618 0
621 0
627 0
631 0
653 0
660 0
686 0
688 0
692 0
698 0
704 0
711 0
717 0
732 0
737 0
755 0
757 0
760 0
767 0
772 0
778 0
781 0
783 0
786 0
797 0
798 0
802 0
810 0
817 0
825 0
833 0
836 0
845 0
854 0
857 0
869 0
888 0
898 0
901 0
905 0
908 0
912 0
913 0
917 0
924 0
931 0
941 0
947 0
955 0
962 0
963 0
979 0
983 0
988 0
991 0
996 0
