c This is a uniform distributed  1-D DIMACS file 
c width height point_number
p 100000 100000 128
4107 0
4345 0
4925 0
5147 0
5505 0
5720 0
5901 0
6056 0
6879 0
8129 0
9637 0
11887 0
13020 0
14046 0
14171 0
14352 0
14670 0
18490 0
18536 0
19198 0
19491 0
19979 0
21711 0
22239 0
23144 0
23613 0
24021 0
24142 0
24369 0
24776 0
24945 0
25504 0
26182 0
27073 0
31258 0
32736 0
32786 0
33195 0
33553 0
33720 0
35480 0
36315 0
37644 0
38126 0
39931 0
40274 0
40671 0
40695 0
41940 0
42079 0
42345 0
42973 0
43942 0
44989 0
45383 0
46197 0
46473 0
48437 0
49814 0
50532 0
51354 0
52196 0
52299 0
52733 0
53359 0
53863 0
54738 0
54790 0
54889 0
54900 0
55024 0
55309 0
55400 0
56849 0
57269 0
57666 0
58039 0
58194 0
58447 0
58624 0
59653 0
59838 0
60088 0
61538 0
61915 0
63872 0
65025 0
65969 0
66225 0
67367 0
67604 0
68074 0
68135 0
68480 0
69741 0
71912 0
76579 0
76866 0
77141 0
77166 0
77308 0
78396 0
78923 0
80009 0
81324 0
82052 0
82159 0
82446 0
82453 0
83498 0
84546 0
85654 0
86241 0
87493 0
89929 0
91027 0
91871 0
92191 0
93807 0
94151 0
94329 0
94844 0
96418 0
97650 0
98279 0
98408 0
99074 0
99777 0
