c This is a uniform distributed  1-D DIMACS file 
c width height point_number
p 1000 1000 128
9 0
24 0
25 0
28 0
42 0
63 0
66 0
87 0
92 0
102 0
108 0
111 0
115 0
122 0
128 0
139 0
146 0
147 0
151 0
159 0
161 0
166 0
181 0
193 0
196 0
206 0
224 0
229 0
234 0
239 0
240 0
244 0
263 0
279 0
284 0
295 0
297 0
298 0
300 0
314 0
315 0
319 0
322 0
345 0
349 0
354 0
365 0
372 0
373 0
377 0
382 0
386 0
403 0
416 0
418 0
419 0
422 0
429 0
439 0
442 0
444 0
447 0
450 0
453 0
468 0
474 0
481 0
483 0
498 0
504 0
517 0
527 0
528 0
550 0
582 0
587 0
606 0
622 0
629 0
632 0
636 0
637 0
643 0
644 0
661 0
671 0
682 0
698 0
706 0
719 0
739 0
740 0
742 0
744 0
749 0
752 0
764 0
773 0
781 0
785 0
787 0
790 0
797 0
800 0
805 0
810 0
813 0
815 0
849 0
853 0
854 0
875 0
876 0
877 0
879 0
894 0
897 0
912 0
913 0
914 0
916 0
922 0
940 0
956 0
967 0
969 0
988 0
995 0
