c This is a uniform distributed  1-D DIMACS file 
c width height point_number
p 100000 100000 128
267 0
1350 0
1516 0
2634 0
2776 0
2807 0
3469 0
6343 0
6378 0
6591 0
7504 0
7538 0
8901 0
10089 0
12401 0
12490 0
13390 0
13480 0
13528 0
13560 0
13590 0
14565 0
14650 0
15278 0
16283 0
17219 0
17739 0
17812 0
17967 0
20260 0
20413 0
21422 0
22238 0
22573 0
23799 0
25538 0
25656 0
26440 0
26750 0
26828 0
29055 0
29726 0
30090 0
30538 0
31209 0
31738 0
31777 0
31989 0
32245 0
33094 0
33812 0
35149 0
35595 0
35634 0
36316 0
37048 0
37767 0
37853 0
38882 0
39221 0
39285 0
41049 0
43373 0
45219 0
48243 0
48567 0
48912 0
49562 0
49860 0
53126 0
54353 0
54738 0
55894 0
55992 0
56237 0
57100 0
57320 0
57398 0
60258 0
60833 0
61026 0
61036 0
63831 0
67816 0
68362 0
68457 0
69585 0
70066 0
71232 0
73172 0
73923 0
74501 0
75707 0
76399 0
76411 0
79716 0
80551 0
82678 0
82826 0
82851 0
82926 0
83157 0
83196 0
83358 0
83841 0
84583 0
84822 0
85800 0
86443 0
86953 0
87508 0
87597 0
88116 0
88845 0
88914 0
89258 0
89850 0
89984 0
92701 0
93719 0
94400 0
94874 0
95116 0
95673 0
95904 0
96868 0
99572 0
99683 0
