c This is a uniform distributed  1-D DIMACS file 
c width height point_number
p 100000 100000 128
377 0
1125 0
1286 0
1676 0
1972 0
2383 0
2751 0
4088 0
4108 0
5611 0
8021 0
8342 0
8621 0
9152 0
9950 0
10091 0
10405 0
12617 0
15242 0
15559 0
16150 0
16361 0
17950 0
20454 0
20617 0
20772 0
22378 0
22648 0
22982 0
23770 0
23959 0
28435 0
28911 0
30215 0
32171 0
32458 0
34119 0
35093 0
37947 0
38113 0
38182 0
38436 0
39012 0
39779 0
40467 0
40468 0
41323 0
41326 0
41509 0
43496 0
43499 0
45223 0
45247 0
45262 0
45270 0
45489 0
45671 0
46734 0
47331 0
50254 0
50284 0
51819 0
56025 0
56424 0
56654 0
58441 0
59436 0
59437 0
59754 0
59882 0
60178 0
61141 0
62271 0
62335 0
62990 0
64090 0
64427 0
64716 0
65022 0
65041 0
65067 0
65466 0
65895 0
65956 0
66518 0
66949 0
67547 0
67939 0
68073 0
68694 0
68757 0
68815 0
69217 0
69499 0
69634 0
69778 0
69937 0
70843 0
72472 0
74101 0
74102 0
75342 0
75744 0
75862 0
77218 0
79171 0
79782 0
81365 0
81539 0
82245 0
82866 0
83429 0
84095 0
84700 0
85520 0
86512 0
87041 0
88256 0
88862 0
89089 0
93943 0
94866 0
96974 0
97777 0
98035 0
99168 0
99194 0
99495 0
