c This is a uniform distributed  1-D DIMACS file 
c width height point_number
p 1000 1000 128
6 0
15 0
54 0
69 0
80 0
87 0
101 0
105 0
107 0
112 0
115 0
121 0
139 0
157 0
165 0
175 0
192 0
209 0
227 0
232 0
235 0
243 0
246 0
264 0
265 0
270 0
276 0
278 0
280 0
283 0
286 0
295 0
299 0
335 0
355 0
359 0
361 0
364 0
370 0
374 0
388 0
394 0
401 0
404 0
419 0
429 0
435 0
436 0
437 0
438 0
452 0
455 0
462 0
467 0
500 0
508 0
524 0
526 0
528 0
533 0
536 0
548 0
572 0
577 0
579 0
581 0
585 0
588 0
589 0
597 0
602 0
605 0
606 0
612 0
614 0
637 0
642 0
646 0
651 0
652 0
659 0
665 0
668 0
688 0
699 0
700 0
703 0
718 0
719 0
739 0
763 0
768 0
783 0
791 0
797 0
801 0
804 0
805 0
820 0
821 0
836 0
838 0
839 0
842 0
848 0
852 0
854 0
871 0
874 0
875 0
882 0
900 0
902 0
905 0
906 0
907 0
908 0
914 0
922 0
928 0
943 0
946 0
952 0
962 0
974 0
988 0
996 0
999 0
