c This is a uniform distributed  1-D DIMACS file 
c width height point_number
p 100000 100000 128
35 0
652 0
1686 0
1897 0
2291 0
2328 0
2782 0
2907 0
3076 0
3519 0
3683 0
5773 0
5875 0
5927 0
6374 0
7252 0
11711 0
12078 0
14187 0
14283 0
14725 0
14939 0
16200 0
17243 0
17993 0
18431 0
19197 0
19643 0
20575 0
21365 0
21518 0
21564 0
23668 0
24896 0
25691 0
25917 0
26277 0
26703 0
26704 0
26763 0
27989 0
29393 0
29407 0
29560 0
31317 0
31870 0
32389 0
34109 0
34136 0
34299 0
35164 0
37767 0
37975 0
40370 0
40846 0
42281 0
42391 0
42813 0
45025 0
45232 0
45493 0
45650 0
46608 0
46831 0
46985 0
47527 0
47734 0
49512 0
49794 0
52572 0
55370 0
56278 0
56797 0
57642 0
58189 0
59560 0
60265 0
61354 0
61451 0
62094 0
62987 0
64310 0
66718 0
67113 0
67273 0
67962 0
69733 0
70481 0
70697 0
70998 0
71298 0
72246 0
73415 0
73985 0
75207 0
75629 0
76926 0
77621 0
78539 0
79348 0
79586 0
80363 0
80769 0
80948 0
81081 0
81188 0
81749 0
83794 0
84046 0
84584 0
84858 0
84944 0
86358 0
87101 0
87155 0
88336 0
89192 0
89423 0
90086 0
90392 0
91395 0
91602 0
94599 0
95609 0
96667 0
98072 0
98390 0
99805 0
