c This is a uniform distributed  1-D DIMACS file 
c width height point_number
p 1000 1000 128
1 0
20 0
24 0
43 0
44 0
54 0
61 0
65 0
66 0
68 0
75 0
80 0
97 0
98 0
103 0
105 0
115 0
126 0
136 0
144 0
157 0
164 0
165 0
196 0
204 0
206 0
230 0
232 0
243 0
246 0
252 0
259 0
267 0
269 0
275 0
278 0
284 0
286 0
287 0
295 0
300 0
302 0
317 0
334 0
352 0
355 0
380 0
384 0
388 0
398 0
399 0
405 0
409 0
418 0
438 0
442 0
459 0
468 0
488 0
501 0
518 0
533 0
545 0
549 0
556 0
564 0
574 0
578 0
581 0
583 0
591 0
592 0
599 0
602 0
606 0
610 0
612 0
614 0
621 0
627 0
638 0
640 0
659 0
670 0
671 0
677 0
702 0
714 0
717 0
724 0
730 0
732 0
738 0
748 0
752 0
753 0
771 0
772 0
795 0
807 0
820 0
821 0
824 0
843 0
844 0
848 0
856 0
857 0
861 0
863 0
888 0
895 0
901 0
903 0
910 0
916 0
918 0
928 0
930 0
943 0
944 0
950 0
956 0
963 0
968 0
975 0
991 0
996 0
