c This is a uniform distributed  1-D DIMACS file 
c width height point_number
p 1000 1000 128
4 0
7 0
13 0
25 0
29 0
42 0
48 0
50 0
53 0
55 0
56 0
58 0
70 0
76 0
85 0
88 0
96 0
118 0
142 0
159 0
164 0
168 0
173 0
175 0
192 0
220 0
234 0
242 0
245 0
253 0
279 0
291 0
305 0
309 0
319 0
341 0
344 0
351 0
352 0
357 0
360 0
362 0
382 0
418 0
420 0
425 0
427 0
436 0
437 0
438 0
441 0
442 0
452 0
456 0
462 0
472 0
478 0
479 0
486 0
501 0
505 0
510 0
529 0
530 0
550 0
559 0
570 0
573 0
579 0
587 0
615 0
618 0
622 0
623 0
632 0
635 0
638 0
641 0
642 0
646 0
649 0
659 0
668 0
670 0
677 0
681 0
702 0
708 0
710 0
718 0
733 0
735 0
737 0
753 0
756 0
761 0
766 0
787 0
789 0
794 0
795 0
807 0
822 0
838 0
845 0
846 0
853 0
863 0
867 0
879 0
885 0
904 0
906 0
907 0
913 0
918 0
920 0
924 0
927 0
934 0
936 0
957 0
964 0
966 0
970 0
995 0
996 0
999 0
