c This is a uniform distributed  1-D DIMACS file 
c width height point_number
p 1000 1000 128
5 0
6 0
27 0
41 0
51 0
55 0
58 0
74 0
75 0
80 0
90 0
93 0
95 0
99 0
105 0
109 0
114 0
116 0
130 0
131 0
147 0
156 0
157 0
162 0
172 0
173 0
185 0
186 0
207 0
208 0
216 0
221 0
239 0
247 0
263 0
278 0
282 0
283 0
286 0
287 0
291 0
292 0
317 0
321 0
330 0
333 0
337 0
338 0
343 0
352 0
354 0
365 0
368 0
377 0
390 0
407 0
421 0
422 0
432 0
441 0
455 0
457 0
463 0
474 0
476 0
478 0
481 0
506 0
510 0
515 0
526 0
528 0
529 0
535 0
536 0
542 0
566 0
572 0
599 0
611 0
633 0
640 0
642 0
647 0
651 0
652 0
655 0
664 0
689 0
694 0
697 0
703 0
711 0
722 0
726 0
727 0
732 0
740 0
750 0
760 0
765 0
778 0
781 0
782 0
784 0
806 0
807 0
821 0
824 0
827 0
837 0
852 0
854 0
870 0
871 0
888 0
923 0
924 0
940 0
951 0
958 0
963 0
965 0
972 0
976 0
985 0
986 0
990 0
