c This is a uniform distributed  1-D DIMACS file 
c width height point_number
p 1000 1000 128
1 0
5 0
7 0
13 0
16 0
32 0
33 0
36 0
40 0
41 0
43 0
50 0
57 0
58 0
69 0
72 0
104 0
107 0
137 0
143 0
151 0
163 0
188 0
193 0
195 0
215 0
220 0
224 0
225 0
238 0
245 0
248 0
250 0
257 0
270 0
278 0
280 0
284 0
292 0
296 0
298 0
300 0
307 0
317 0
337 0
348 0
355 0
357 0
361 0
396 0
404 0
418 0
426 0
427 0
430 0
440 0
447 0
460 0
461 0
463 0
466 0
468 0
470 0
481 0
489 0
500 0
514 0
519 0
524 0
525 0
534 0
535 0
538 0
544 0
545 0
549 0
550 0
552 0
554 0
561 0
578 0
583 0
591 0
592 0
596 0
603 0
606 0
631 0
638 0
666 0
673 0
679 0
684 0
694 0
699 0
707 0
710 0
715 0
724 0
741 0
743 0
763 0
766 0
795 0
796 0
798 0
825 0
829 0
831 0
835 0
854 0
859 0
863 0
885 0
887 0
892 0
898 0
912 0
918 0
948 0
951 0
959 0
970 0
971 0
979 0
982 0
997 0
998 0
