c This is a uniform distributed  1-D DIMACS file 
c width height point_number
p 1000 1000 128
32 0
43 0
46 0
49 0
60 0
61 0
62 0
72 0
76 0
81 0
84 0
93 0
95 0
98 0
108 0
113 0
114 0
116 0
126 0
132 0
171 0
192 0
193 0
194 0
195 0
226 0
229 0
234 0
242 0
255 0
257 0
259 0
261 0
269 0
277 0
286 0
300 0
342 0
351 0
352 0
362 0
370 0
380 0
421 0
446 0
452 0
462 0
468 0
485 0
486 0
490 0
500 0
517 0
523 0
530 0
535 0
540 0
544 0
549 0
556 0
567 0
576 0
577 0
579 0
587 0
604 0
607 0
610 0
614 0
615 0
620 0
624 0
628 0
629 0
633 0
642 0
656 0
670 0
675 0
679 0
685 0
689 0
690 0
693 0
697 0
706 0
710 0
711 0
719 0
722 0
739 0
741 0
742 0
748 0
777 0
778 0
784 0
792 0
794 0
800 0
802 0
812 0
818 0
825 0
826 0
835 0
836 0
846 0
851 0
864 0
871 0
882 0
886 0
894 0
895 0
896 0
916 0
939 0
942 0
943 0
945 0
956 0
962 0
967 0
972 0
981 0
989 0
998 0
