c This is a uniform distributed  1-D DIMACS file 
c width height point_number
p 100000 100000 128
427 0
3811 0
4367 0
4414 0
4490 0
4514 0
5511 0
5725 0
6207 0
7312 0
7925 0
8051 0
8480 0
10368 0
10911 0
10962 0
11451 0
11500 0
12089 0
12595 0
12728 0
14403 0
19639 0
21838 0
21927 0
22053 0
22394 0
23309 0
23360 0
23594 0
24224 0
24452 0
26118 0
26341 0
26523 0
27487 0
28609 0
28730 0
30696 0
31543 0
31901 0
32440 0
33231 0
33936 0
36522 0
36807 0
36929 0
37126 0
40127 0
41185 0
41849 0
44840 0
45283 0
45704 0
45959 0
46193 0
48157 0
48832 0
49356 0
51563 0
51793 0
52521 0
52624 0
53188 0
53453 0
54334 0
54958 0
55126 0
56165 0
56649 0
57222 0
57291 0
59124 0
61898 0
62688 0
64282 0
64682 0
66173 0
66521 0
67168 0
67632 0
67643 0
68441 0
68799 0
70631 0
71172 0
71349 0
71715 0
71866 0
73592 0
73702 0
73989 0
74788 0
75932 0
76092 0
76565 0
76988 0
77904 0
77992 0
79043 0
80076 0
80139 0
80326 0
80610 0
81398 0
82569 0
83312 0
83388 0
83569 0
83718 0
84808 0
86926 0
87524 0
87891 0
88703 0
88925 0
89138 0
90300 0
91747 0
92357 0
92641 0
93837 0
94106 0
94633 0
95971 0
97478 0
98140 0
98222 0
