c This is a uniform distributed  1-D DIMACS file 
c width height point_number
p 1000 1000 128
15 0
17 0
18 0
35 0
40 0
55 0
66 0
83 0
85 0
87 0
98 0
100 0
102 0
106 0
119 0
124 0
129 0
140 0
141 0
142 0
152 0
155 0
159 0
164 0
174 0
190 0
201 0
202 0
204 0
224 0
226 0
235 0
236 0
242 0
249 0
251 0
262 0
266 0
267 0
268 0
282 0
285 0
299 0
306 0
328 0
334 0
335 0
358 0
391 0
392 0
398 0
417 0
428 0
431 0
439 0
459 0
463 0
464 0
472 0
484 0
504 0
512 0
520 0
522 0
526 0
530 0
543 0
549 0
551 0
552 0
562 0
568 0
572 0
576 0
577 0
609 0
614 0
637 0
639 0
661 0
669 0
683 0
686 0
700 0
702 0
708 0
725 0
726 0
730 0
734 0
740 0
741 0
762 0
780 0
781 0
785 0
789 0
791 0
799 0
802 0
823 0
828 0
832 0
843 0
859 0
866 0
872 0
874 0
879 0
886 0
887 0
889 0
904 0
908 0
909 0
912 0
922 0
925 0
929 0
945 0
954 0
956 0
960 0
962 0
966 0
973 0
983 0
988 0
