c This is a uniform distributed  1-D DIMACS file 
c width height point_number
p 1000 1000 128
5 0
15 0
19 0
22 0
23 0
26 0
32 0
41 0
58 0
73 0
85 0
87 0
97 0
102 0
105 0
110 0
121 0
122 0
141 0
145 0
152 0
165 0
174 0
195 0
210 0
211 0
223 0
228 0
235 0
236 0
248 0
250 0
258 0
286 0
288 0
306 0
312 0
313 0
316 0
329 0
331 0
340 0
350 0
353 0
360 0
374 0
400 0
409 0
410 0
420 0
421 0
436 0
446 0
460 0
462 0
465 0
466 0
474 0
478 0
483 0
485 0
490 0
492 0
502 0
514 0
521 0
523 0
534 0
547 0
553 0
555 0
563 0
566 0
572 0
575 0
576 0
579 0
580 0
585 0
587 0
605 0
613 0
629 0
632 0
636 0
645 0
654 0
677 0
691 0
702 0
708 0
710 0
712 0
726 0
733 0
740 0
746 0
752 0
754 0
755 0
758 0
762 0
768 0
780 0
785 0
789 0
809 0
819 0
847 0
860 0
866 0
867 0
891 0
892 0
897 0
899 0
900 0
915 0
919 0
933 0
935 0
941 0
942 0
951 0
958 0
967 0
970 0
999 0
