c This is a uniform distributed  1-D DIMACS file 
c width height point_number
p 100000 100000 128
426 0
925 0
993 0
1300 0
1803 0
4228 0
4405 0
6162 0
6971 0
7205 0
7584 0
8560 0
9467 0
10089 0
10126 0
10178 0
10396 0
10745 0
11067 0
11213 0
13257 0
14001 0
15454 0
16486 0
16596 0
19407 0
19502 0
20099 0
21414 0
21657 0
22127 0
22638 0
23687 0
24919 0
25410 0
25628 0
25671 0
27926 0
28051 0
28460 0
29825 0
29836 0
31280 0
32745 0
32933 0
33220 0
34219 0
34888 0
35596 0
36245 0
37576 0
38388 0
39294 0
39503 0
41031 0
42651 0
43329 0
44180 0
44219 0
45136 0
48418 0
49660 0
50351 0
50465 0
50486 0
50629 0
51103 0
52399 0
52481 0
53540 0
53663 0
53767 0
54060 0
54084 0
55281 0
55367 0
55392 0
55814 0
55952 0
57118 0
57155 0
57396 0
58085 0
58163 0
59196 0
59359 0
60580 0
60726 0
61241 0
62868 0
65032 0
66267 0
67335 0
70655 0
71837 0
73552 0
75839 0
77101 0
77825 0
78022 0
78236 0
81687 0
82309 0
82524 0
82622 0
83285 0
85344 0
85804 0
86235 0
87647 0
88046 0
88406 0
89260 0
89525 0
90205 0
92229 0
92600 0
92744 0
94695 0
95545 0
96180 0
96283 0
97055 0
97072 0
97194 0
97559 0
98141 0
98676 0
