c This is a uniform distributed  1-D DIMACS file 
c width height point_number
p 100000 100000 128
478 0
898 0
1177 0
1546 0
2604 0
3075 0
3889 0
4792 0
6013 0
6559 0
6824 0
10545 0
12089 0
12464 0
12896 0
15442 0
15550 0
15741 0
17098 0
17173 0
18056 0
18987 0
19545 0
20769 0
22967 0
23227 0
23580 0
24071 0
26477 0
26832 0
26836 0
26941 0
27059 0
27385 0
29568 0
29795 0
32010 0
32470 0
32657 0
33220 0
33223 0
34432 0
35050 0
35303 0
35858 0
35999 0
36329 0
36473 0
38899 0
40097 0
41451 0
41826 0
41853 0
42399 0
44177 0
44730 0
45974 0
46390 0
46616 0
47424 0
47677 0
48585 0
48943 0
49037 0
49316 0
49730 0
49909 0
50127 0
50794 0
51565 0
51767 0
52280 0
53897 0
54044 0
54268 0
55565 0
56357 0
56506 0
56784 0
57325 0
57541 0
58679 0
59417 0
60961 0
62010 0
62240 0
62470 0
62630 0
63108 0
63975 0
65512 0
65735 0
65914 0
67148 0
70072 0
71730 0
72186 0
72250 0
72396 0
72886 0
73591 0
73718 0
78762 0
81011 0
81854 0
82245 0
84710 0
85078 0
85905 0
87148 0
88703 0
88851 0
88956 0
89331 0
90878 0
91660 0
91736 0
92145 0
92820 0
94807 0
94906 0
95623 0
96504 0
96824 0
97596 0
98941 0
99599 0
99637 0
