c This is a uniform distributed  1-D DIMACS file 
c width height point_number
p 1000 1000 128
1 0
2 0
3 0
10 0
21 0
34 0
37 0
114 0
118 0
120 0
142 0
153 0
157 0
161 0
166 0
172 0
177 0
183 0
184 0
185 0
213 0
224 0
250 0
257 0
259 0
268 0
275 0
278 0
286 0
290 0
296 0
309 0
312 0
317 0
336 0
338 0
369 0
373 0
380 0
384 0
399 0
406 0
414 0
415 0
422 0
423 0
424 0
445 0
475 0
481 0
485 0
496 0
497 0
498 0
501 0
504 0
505 0
508 0
509 0
512 0
520 0
539 0
541 0
546 0
561 0
562 0
567 0
582 0
604 0
606 0
610 0
612 0
617 0
619 0
623 0
626 0
642 0
644 0
651 0
660 0
661 0
663 0
665 0
673 0
678 0
682 0
685 0
687 0
689 0
705 0
715 0
719 0
721 0
729 0
732 0
745 0
748 0
755 0
766 0
790 0
806 0
825 0
828 0
831 0
835 0
844 0
849 0
854 0
859 0
863 0
865 0
873 0
875 0
876 0
888 0
893 0
907 0
913 0
918 0
941 0
948 0
953 0
958 0
960 0
968 0
969 0
971 0
997 0
