c This is a uniform distributed  1-D DIMACS file 
c width height point_number
p 1000 1000 128
7 0
8 0
10 0
25 0
33 0
35 0
39 0
45 0
48 0
51 0
66 0
73 0
83 0
85 0
87 0
89 0
92 0
99 0
100 0
104 0
105 0
111 0
114 0
117 0
118 0
119 0
122 0
140 0
142 0
147 0
149 0
162 0
163 0
167 0
169 0
172 0
189 0
206 0
213 0
225 0
231 0
234 0
235 0
237 0
252 0
256 0
264 0
267 0
273 0
281 0
282 0
297 0
298 0
311 0
314 0
323 0
337 0
351 0
387 0
395 0
400 0
409 0
421 0
423 0
424 0
427 0
430 0
450 0
452 0
460 0
481 0
488 0
491 0
498 0
530 0
539 0
556 0
562 0
564 0
574 0
576 0
577 0
583 0
604 0
608 0
609 0
624 0
635 0
643 0
656 0
658 0
675 0
681 0
701 0
702 0
728 0
729 0
731 0
745 0
751 0
755 0
766 0
774 0
781 0
800 0
823 0
829 0
844 0
854 0
860 0
862 0
870 0
879 0
906 0
914 0
915 0
923 0
924 0
928 0
929 0
936 0
952 0
964 0
971 0
978 0
979 0
983 0
984 0
