c This is a uniform distributed  1-D DIMACS file 
c width height point_number
p 1000 1000 128
5 0
6 0
11 0
13 0
22 0
25 0
48 0
75 0
77 0
78 0
79 0
81 0
85 0
93 0
94 0
98 0
103 0
104 0
106 0
112 0
123 0
128 0
132 0
133 0
139 0
142 0
146 0
149 0
164 0
173 0
175 0
179 0
180 0
181 0
190 0
199 0
202 0
236 0
237 0
244 0
246 0
251 0
257 0
270 0
272 0
278 0
283 0
291 0
310 0
322 0
339 0
342 0
355 0
357 0
368 0
371 0
393 0
396 0
402 0
408 0
410 0
414 0
419 0
421 0
425 0
427 0
431 0
435 0
440 0
441 0
442 0
443 0
454 0
457 0
466 0
470 0
477 0
479 0
520 0
528 0
532 0
544 0
561 0
582 0
586 0
602 0
607 0
622 0
626 0
627 0
638 0
642 0
654 0
660 0
675 0
676 0
689 0
693 0
702 0
716 0
725 0
731 0
739 0
761 0
773 0
797 0
805 0
827 0
828 0
829 0
855 0
857 0
864 0
878 0
883 0
890 0
891 0
904 0
909 0
919 0
932 0
958 0
961 0
975 0
982 0
992 0
995 0
997 0
