c This is a uniform distributed  1-D DIMACS file 
c width height point_number
p 1000 1000 128
3 0
7 0
8 0
10 0
20 0
21 0
29 0
32 0
47 0
49 0
62 0
76 0
82 0
86 0
99 0
103 0
106 0
113 0
116 0
119 0
124 0
134 0
137 0
144 0
161 0
171 0
175 0
200 0
207 0
216 0
218 0
221 0
227 0
249 0
268 0
270 0
271 0
294 0
305 0
311 0
316 0
323 0
341 0
348 0
350 0
352 0
355 0
361 0
362 0
364 0
377 0
382 0
383 0
394 0
395 0
411 0
413 0
423 0
424 0
427 0
441 0
451 0
452 0
457 0
459 0
467 0
474 0
477 0
484 0
492 0
495 0
529 0
531 0
534 0
549 0
551 0
560 0
564 0
576 0
599 0
604 0
615 0
621 0
635 0
646 0
647 0
660 0
665 0
668 0
686 0
696 0
704 0
713 0
736 0
742 0
743 0
757 0
762 0
768 0
778 0
784 0
789 0
822 0
828 0
829 0
833 0
835 0
840 0
842 0
852 0
871 0
874 0
876 0
878 0
904 0
906 0
911 0
942 0
946 0
950 0
952 0
957 0
965 0
983 0
987 0
989 0
992 0
995 0
