c This is a uniform distributed  1-D DIMACS file 
c width height point_number
p 1000 1000 128
9 0
25 0
26 0
46 0
57 0
59 0
62 0
67 0
79 0
85 0
90 0
95 0
99 0
102 0
104 0
112 0
120 0
125 0
127 0
132 0
164 0
174 0
187 0
189 0
194 0
202 0
206 0
219 0
229 0
234 0
239 0
244 0
256 0
264 0
275 0
277 0
280 0
281 0
282 0
318 0
321 0
326 0
333 0
338 0
345 0
364 0
365 0
374 0
381 0
387 0
391 0
405 0
414 0
423 0
424 0
427 0
431 0
435 0
446 0
464 0
469 0
470 0
475 0
482 0
486 0
489 0
491 0
497 0
508 0
514 0
525 0
527 0
534 0
550 0
567 0
570 0
592 0
596 0
608 0
610 0
621 0
622 0
628 0
629 0
649 0
652 0
659 0
660 0
702 0
707 0
708 0
710 0
715 0
721 0
723 0
730 0
748 0
758 0
766 0
769 0
775 0
779 0
789 0
807 0
813 0
824 0
825 0
829 0
831 0
842 0
845 0
872 0
883 0
889 0
894 0
895 0
901 0
905 0
918 0
923 0
926 0
930 0
931 0
957 0
972 0
987 0
992 0
997 0
