c This is a uniform distributed  1-D DIMACS file 
c width height point_number
p 1000 1000 128
1 0
13 0
40 0
43 0
46 0
65 0
77 0
78 0
89 0
94 0
95 0
97 0
101 0
104 0
119 0
131 0
133 0
140 0
143 0
151 0
152 0
161 0
162 0
172 0
179 0
182 0
192 0
200 0
203 0
204 0
213 0
214 0
216 0
230 0
237 0
241 0
255 0
265 0
267 0
272 0
276 0
286 0
301 0
317 0
319 0
336 0
350 0
380 0
388 0
405 0
407 0
408 0
424 0
426 0
427 0
431 0
436 0
439 0
444 0
452 0
457 0
483 0
499 0
501 0
512 0
523 0
537 0
539 0
540 0
554 0
563 0
570 0
581 0
588 0
597 0
598 0
603 0
619 0
622 0
650 0
660 0
664 0
669 0
682 0
688 0
699 0
709 0
720 0
724 0
729 0
732 0
747 0
749 0
755 0
763 0
770 0
772 0
783 0
813 0
816 0
821 0
832 0
834 0
835 0
839 0
843 0
847 0
852 0
854 0
856 0
861 0
879 0
883 0
893 0
906 0
907 0
908 0
916 0
933 0
938 0
969 0
973 0
977 0
981 0
982 0
986 0
992 0
994 0
