c This is a uniform distributed  1-D DIMACS file 
c width height point_number
p 1000 1000 128
2 0
13 0
47 0
50 0
53 0
57 0
59 0
65 0
109 0
126 0
130 0
138 0
145 0
162 0
170 0
183 0
187 0
188 0
204 0
206 0
210 0
215 0
220 0
225 0
231 0
235 0
239 0
241 0
242 0
246 0
248 0
262 0
275 0
276 0
291 0
297 0
307 0
313 0
329 0
348 0
349 0
355 0
356 0
361 0
367 0
372 0
375 0
383 0
389 0
396 0
400 0
404 0
414 0
418 0
421 0
435 0
437 0
441 0
444 0
456 0
470 0
473 0
478 0
487 0
493 0
498 0
501 0
502 0
508 0
527 0
535 0
537 0
553 0
572 0
574 0
576 0
578 0
600 0
625 0
627 0
630 0
632 0
633 0
639 0
641 0
654 0
660 0
670 0
683 0
689 0
697 0
718 0
721 0
723 0
734 0
740 0
752 0
761 0
763 0
764 0
773 0
791 0
825 0
831 0
843 0
860 0
865 0
871 0
877 0
893 0
897 0
898 0
919 0
927 0
929 0
934 0
951 0
953 0
957 0
960 0
961 0
963 0
968 0
971 0
983 0
988 0
989 0
997 0
