c This is a uniform distributed  1-D DIMACS file 
c width height point_number
p 100000 100000 128
216 0
1064 0
2066 0
2381 0
2467 0
3814 0
3957 0
6230 0
6817 0
7625 0
7651 0
8077 0
8414 0
9196 0
9702 0
9819 0
13162 0
13597 0
13689 0
15312 0
16493 0
18333 0
18521 0
20379 0
20942 0
21144 0
21309 0
21408 0
21693 0
22633 0
22795 0
24700 0
25533 0
25960 0
28154 0
28364 0
28775 0
30412 0
32077 0
34594 0
34730 0
35414 0
35484 0
36438 0
36946 0
37094 0
37247 0
37677 0
38454 0
39353 0
40808 0
41685 0
42142 0
42740 0
42790 0
43043 0
44232 0
44834 0
45448 0
45591 0
46000 0
46023 0
47345 0
47577 0
47778 0
48180 0
49016 0
49069 0
49870 0
49983 0
50200 0
51519 0
52531 0
52982 0
55124 0
55557 0
56896 0
57143 0
57625 0
58383 0
58729 0
60136 0
61275 0
62265 0
62480 0
62756 0
62811 0
62840 0
63019 0
63289 0
63395 0
63822 0
65391 0
66286 0
68230 0
69028 0
70014 0
70560 0
71777 0
71795 0
73925 0
75088 0
75741 0
76287 0
77064 0
77110 0
77683 0
77907 0
79300 0
79332 0
80228 0
82387 0
83908 0
84433 0
84522 0
85205 0
86647 0
88233 0
89208 0
89926 0
90078 0
90179 0
90529 0
90761 0
94210 0
97923 0
98067 0
98324 0
