c This is a uniform distributed  1-D DIMACS file 
c width height point_number
p 1000 1000 128
12 0
19 0
22 0
25 0
26 0
37 0
71 0
84 0
92 0
95 0
104 0
113 0
116 0
125 0
128 0
130 0
137 0
148 0
162 0
178 0
193 0
197 0
199 0
201 0
203 0
206 0
222 0
224 0
233 0
244 0
247 0
251 0
254 0
258 0
275 0
278 0
281 0
283 0
288 0
289 0
294 0
317 0
325 0
329 0
368 0
374 0
381 0
391 0
392 0
393 0
401 0
405 0
407 0
418 0
422 0
439 0
440 0
454 0
461 0
463 0
465 0
476 0
506 0
507 0
511 0
512 0
522 0
556 0
573 0
594 0
595 0
601 0
607 0
608 0
611 0
613 0
618 0
626 0
628 0
634 0
646 0
650 0
654 0
655 0
660 0
663 0
664 0
665 0
677 0
679 0
681 0
686 0
696 0
711 0
720 0
726 0
750 0
761 0
765 0
769 0
770 0
789 0
791 0
793 0
794 0
799 0
813 0
833 0
836 0
856 0
864 0
870 0
872 0
877 0
882 0
885 0
886 0
903 0
927 0
928 0
937 0
938 0
942 0
943 0
944 0
971 0
987 0
997 0
