c This is a uniform distributed  1-D DIMACS file 
c width height point_number
p 100000 100000 128
1630 0
1789 0
4324 0
4400 0
5252 0
5394 0
6290 0
8104 0
8333 0
10138 0
10706 0
11109 0
11969 0
12138 0
12656 0
15777 0
16253 0
16878 0
17692 0
18070 0
18330 0
20249 0
20641 0
21585 0
22351 0
22777 0
22867 0
23367 0
24561 0
24841 0
25265 0
25382 0
26029 0
27129 0
27977 0
28897 0
30198 0
30370 0
31870 0
32210 0
32324 0
32353 0
36544 0
36654 0
36713 0
37522 0
38493 0
38542 0
38931 0
40317 0
40702 0
40841 0
41296 0
41801 0
42076 0
43119 0
46546 0
47153 0
49596 0
49736 0
51453 0
52043 0
52314 0
54716 0
54903 0
55736 0
56024 0
57011 0
57677 0
57841 0
58276 0
59211 0
60496 0
61061 0
61683 0
62291 0
62341 0
62401 0
63158 0
63446 0
64413 0
65410 0
66471 0
66599 0
67260 0
67314 0
69055 0
70700 0
71682 0
72227 0
72796 0
73173 0
75488 0
76098 0
77600 0
78334 0
79094 0
79521 0
80934 0
80937 0
81736 0
82850 0
83045 0
83176 0
83214 0
85074 0
85135 0
85916 0
87208 0
88517 0
89179 0
89635 0
89669 0
90498 0
90554 0
91104 0
91955 0
93269 0
93323 0
94892 0
95094 0
97353 0
97618 0
98424 0
98619 0
98667 0
98723 0
99655 0
