c This is a uniform distributed  1-D DIMACS file 
c width height point_number
p 1000 1000 128
2 0
6 0
9 0
29 0
34 0
49 0
51 0
64 0
65 0
81 0
113 0
121 0
122 0
123 0
134 0
138 0
154 0
161 0
162 0
182 0
185 0
203 0
207 0
208 0
221 0
228 0
234 0
236 0
239 0
241 0
249 0
254 0
272 0
275 0
282 0
287 0
292 0
296 0
304 0
305 0
308 0
310 0
316 0
323 0
326 0
343 0
353 0
369 0
385 0
389 0
410 0
417 0
420 0
429 0
435 0
448 0
455 0
465 0
469 0
476 0
483 0
484 0
487 0
508 0
511 0
512 0
514 0
531 0
540 0
545 0
561 0
571 0
584 0
597 0
611 0
616 0
620 0
623 0
631 0
639 0
645 0
646 0
657 0
661 0
675 0
682 0
684 0
701 0
707 0
717 0
731 0
742 0
743 0
749 0
754 0
758 0
759 0
763 0
766 0
767 0
773 0
774 0
781 0
793 0
799 0
800 0
825 0
826 0
830 0
841 0
845 0
851 0
859 0
865 0
869 0
878 0
882 0
888 0
903 0
922 0
930 0
936 0
953 0
954 0
970 0
973 0
991 0
999 0
