c This is a uniform distributed  1-D DIMACS file 
c width height point_number
p 1000 1000 128
4 0
8 0
17 0
25 0
39 0
57 0
76 0
77 0
78 0
90 0
103 0
113 0
120 0
133 0
138 0
141 0
148 0
152 0
159 0
161 0
169 0
176 0
181 0
184 0
194 0
217 0
218 0
254 0
290 0
304 0
308 0
310 0
319 0
320 0
327 0
338 0
343 0
353 0
374 0
378 0
385 0
400 0
402 0
406 0
424 0
430 0
433 0
444 0
453 0
462 0
487 0
496 0
520 0
525 0
528 0
535 0
537 0
557 0
559 0
567 0
570 0
575 0
577 0
581 0
591 0
595 0
612 0
614 0
615 0
619 0
622 0
623 0
628 0
636 0
647 0
669 0
670 0
676 0
680 0
687 0
696 0
699 0
714 0
715 0
724 0
732 0
740 0
743 0
745 0
749 0
753 0
763 0
775 0
780 0
792 0
808 0
809 0
818 0
820 0
821 0
822 0
828 0
848 0
852 0
855 0
865 0
867 0
875 0
881 0
883 0
890 0
897 0
919 0
924 0
925 0
929 0
931 0
939 0
942 0
945 0
949 0
957 0
958 0
962 0
967 0
987 0
989 0
999 0
