c This is a uniform distributed  1-D DIMACS file 
c width height point_number
p 100000 100000 128
637 0
905 0
1573 0
1574 0
2137 0
2892 0
4213 0
4634 0
7201 0
8941 0
9057 0
9387 0
10117 0
10730 0
11186 0
11192 0
11777 0
12585 0
12867 0
13247 0
13512 0
14283 0
14860 0
15443 0
16751 0
23584 0
23846 0
24892 0
26927 0
27306 0
27673 0
28944 0
29735 0
30556 0
30731 0
30881 0
36226 0
37250 0
37953 0
38476 0
39365 0
40297 0
40756 0
40839 0
41101 0
41339 0
41970 0
42021 0
44376 0
45590 0
45768 0
46096 0
46115 0
46453 0
46541 0
48106 0
49175 0
49207 0
52850 0
53565 0
55011 0
55439 0
56142 0
56337 0
56406 0
57214 0
57314 0
57483 0
58948 0
59155 0
61224 0
61788 0
62123 0
62461 0
62693 0
62745 0
62892 0
63146 0
64277 0
64558 0
66189 0
66447 0
66679 0
68495 0
69127 0
70878 0
71392 0
71452 0
71573 0
72464 0
73054 0
73281 0
74114 0
74761 0
75581 0
76790 0
78362 0
78897 0
79148 0
79514 0
80069 0
80906 0
81386 0
81628 0
82006 0
83879 0
84189 0
86527 0
87015 0
87411 0
87518 0
88184 0
89005 0
89349 0
89580 0
91413 0
92744 0
93036 0
93584 0
93619 0
95781 0
97689 0
98558 0
98725 0
98769 0
98794 0
98910 0
99907 0
