c This is a uniform distributed  1-D DIMACS file 
c width height point_number
p 100000 100000 128
1415 0
2185 0
2693 0
2859 0
3256 0
3879 0
4264 0
4850 0
5777 0
6459 0
6483 0
6555 0
6807 0
6935 0
7777 0
9945 0
11661 0
12293 0
15363 0
15509 0
15585 0
16319 0
16888 0
18324 0
18619 0
19379 0
20624 0
20699 0
20915 0
21102 0
21649 0
22289 0
22737 0
25932 0
26388 0
26434 0
27041 0
28959 0
30642 0
30956 0
31583 0
31655 0
34164 0
34428 0
34580 0
34752 0
35387 0
35591 0
36263 0
37135 0
37998 0
39128 0
39355 0
41058 0
42735 0
43102 0
44541 0
44652 0
45962 0
46754 0
46757 0
47079 0
47615 0
47648 0
48287 0
50500 0
51466 0
51864 0
52553 0
53153 0
53160 0
54052 0
54178 0
54646 0
55489 0
55625 0
56181 0
56249 0
56794 0
57016 0
57069 0
61162 0
63193 0
65762 0
66341 0
67406 0
68372 0
68693 0
70633 0
70947 0
71228 0
71362 0
71515 0
72647 0
74352 0
75836 0
77285 0
77424 0
77816 0
79764 0
81794 0
82640 0
82664 0
83088 0
83251 0
83292 0
83536 0
84086 0
84707 0
85116 0
85992 0
86287 0
87860 0
88318 0
89227 0
89253 0
89962 0
92282 0
92339 0
92552 0
93139 0
94169 0
94220 0
95755 0
96067 0
96907 0
98112 0
99686 0
