c This is a uniform distributed  1-D DIMACS file 
c width height point_number
p 100000 100000 128
1301 0
1525 0
2562 0
2696 0
2700 0
2851 0
3036 0
3321 0
3795 0
4915 0
5200 0
5386 0
6030 0
6915 0
7516 0
8158 0
8244 0
8644 0
8824 0
9103 0
9166 0
11343 0
11481 0
11632 0
12375 0
14143 0
14307 0
15044 0
15269 0
17151 0
18322 0
18643 0
20344 0
20943 0
22979 0
24499 0
24884 0
26271 0
26667 0
26995 0
27296 0
28286 0
28488 0
29712 0
30980 0
31416 0
32231 0
32289 0
32637 0
32679 0
32811 0
33125 0
33916 0
34088 0
34902 0
35258 0
35687 0
36527 0
36651 0
37016 0
37983 0
38102 0
38604 0
41881 0
42607 0
43809 0
43958 0
44170 0
44631 0
44666 0
45084 0
48033 0
48288 0
48601 0
49952 0
50894 0
53503 0
55131 0
55697 0
56772 0
57047 0
57598 0
57727 0
57757 0
57902 0
58253 0
58412 0
58618 0
58854 0
59689 0
61411 0
62587 0
62627 0
63809 0
64189 0
65019 0
66939 0
68772 0
68877 0
69215 0
69308 0
69649 0
70329 0
70925 0
71083 0
73855 0
75902 0
76261 0
76291 0
76464 0
77681 0
78559 0
78999 0
80071 0
80450 0
82701 0
86731 0
88491 0
89573 0
89645 0
91157 0
91936 0
92637 0
93796 0
94012 0
94808 0
96918 0
97283 0
