c This is a uniform distributed  1-D DIMACS file 
c width height point_number
p 100000 100000 128
68 0
107 0
206 0
559 0
978 0
2291 0
2446 0
4668 0
5420 0
8224 0
9537 0
9872 0
9886 0
10004 0
10396 0
10404 0
11371 0
12176 0
12522 0
13292 0
14237 0
15477 0
15509 0
19106 0
19728 0
19899 0
20474 0
20732 0
20957 0
21904 0
22858 0
22910 0
24687 0
26011 0
28553 0
29235 0
31515 0
32094 0
32920 0
33755 0
34294 0
36368 0
36824 0
36828 0
36919 0
37662 0
37669 0
38416 0
38539 0
38584 0
41132 0
42355 0
42813 0
43157 0
45180 0
46663 0
47421 0
48078 0
48095 0
48981 0
49394 0
49503 0
49778 0
50741 0
52078 0
52188 0
52941 0
53342 0
53349 0
53477 0
53542 0
54709 0
54728 0
54775 0
57631 0
57879 0
59341 0
60240 0
62614 0
62774 0
63026 0
63906 0
64191 0
64983 0
65619 0
66839 0
67327 0
67688 0
70686 0
70834 0
71262 0
71813 0
73013 0
74177 0
74327 0
74741 0
76151 0
76758 0
76770 0
77197 0
78052 0
79330 0
79824 0
79988 0
80113 0
80228 0
80821 0
82442 0
82649 0
82770 0
83217 0
83723 0
86996 0
87318 0
89330 0
90655 0
93094 0
94696 0
95796 0
96448 0
96753 0
98551 0
98758 0
99304 0
99417 0
99616 0
99823 0
99909 0
