c This is a uniform distributed  1-D DIMACS file 
c width height point_number
p 1000 1000 128
1 0
2 0
8 0
11 0
50 0
72 0
78 0
82 0
87 0
107 0
109 0
113 0
115 0
125 0
147 0
164 0
167 0
178 0
198 0
200 0
207 0
223 0
251 0
254 0
260 0
263 0
280 0
289 0
291 0
297 0
305 0
307 0
308 0
327 0
332 0
334 0
343 0
346 0
356 0
361 0
363 0
372 0
382 0
401 0
406 0
414 0
424 0
426 0
428 0
433 0
434 0
441 0
446 0
462 0
463 0
464 0
468 0
469 0
471 0
477 0
478 0
479 0
482 0
488 0
500 0
507 0
540 0
541 0
547 0
550 0
556 0
560 0
561 0
567 0
571 0
574 0
575 0
580 0
584 0
601 0
602 0
603 0
614 0
615 0
617 0
620 0
621 0
623 0
625 0
635 0
645 0
647 0
654 0
662 0
685 0
702 0
704 0
706 0
707 0
714 0
758 0
774 0
803 0
831 0
839 0
844 0
849 0
852 0
855 0
866 0
883 0
894 0
901 0
903 0
908 0
910 0
917 0
922 0
925 0
929 0
943 0
946 0
976 0
982 0
985 0
987 0
989 0
997 0
