c This is a uniform distributed  1-D DIMACS file 
c width height point_number
p 1000 1000 128
17 0
31 0
47 0
59 0
60 0
62 0
64 0
68 0
73 0
81 0
88 0
93 0
100 0
101 0
118 0
119 0
128 0
141 0
159 0
160 0
161 0
169 0
190 0
198 0
201 0
205 0
210 0
215 0
221 0
240 0
245 0
249 0
260 0
264 0
271 0
292 0
313 0
314 0
317 0
329 0
336 0
355 0
356 0
359 0
366 0
373 0
374 0
387 0
390 0
401 0
403 0
404 0
407 0
411 0
412 0
413 0
423 0
440 0
443 0
444 0
454 0
474 0
480 0
490 0
519 0
536 0
541 0
545 0
553 0
560 0
563 0
566 0
574 0
582 0
595 0
611 0
620 0
627 0
633 0
641 0
643 0
647 0
659 0
663 0
671 0
672 0
677 0
689 0
705 0
706 0
714 0
716 0
721 0
722 0
728 0
742 0
748 0
753 0
757 0
763 0
771 0
791 0
799 0
800 0
815 0
822 0
824 0
835 0
837 0
838 0
845 0
861 0
862 0
876 0
887 0
893 0
894 0
898 0
900 0
904 0
919 0
920 0
922 0
926 0
966 0
969 0
970 0
977 0
