c This is a uniform distributed  1-D DIMACS file 
c width height point_number
p 1000 1000 128
15 0
23 0
30 0
45 0
47 0
58 0
63 0
68 0
77 0
80 0
89 0
107 0
110 0
131 0
132 0
133 0
137 0
140 0
144 0
147 0
148 0
152 0
157 0
161 0
168 0
172 0
175 0
202 0
213 0
215 0
230 0
236 0
252 0
254 0
256 0
260 0
262 0
268 0
296 0
301 0
304 0
305 0
307 0
318 0
319 0
328 0
340 0
355 0
384 0
403 0
407 0
409 0
415 0
430 0
434 0
441 0
452 0
454 0
458 0
468 0
475 0
493 0
501 0
515 0
518 0
527 0
530 0
540 0
549 0
560 0
563 0
564 0
566 0
584 0
601 0
603 0
605 0
619 0
623 0
629 0
642 0
650 0
651 0
657 0
658 0
665 0
678 0
679 0
694 0
696 0
700 0
703 0
704 0
724 0
732 0
753 0
766 0
770 0
772 0
778 0
782 0
783 0
784 0
805 0
814 0
829 0
830 0
853 0
858 0
864 0
873 0
884 0
887 0
901 0
909 0
926 0
928 0
933 0
934 0
941 0
947 0
952 0
963 0
971 0
982 0
983 0
984 0
998 0
