c This is a uniform distributed  1-D DIMACS file 
c width height point_number
p 1000 1000 128
1 0
8 0
22 0
25 0
28 0
30 0
48 0
53 0
59 0
64 0
69 0
93 0
99 0
100 0
104 0
110 0
128 0
141 0
149 0
151 0
155 0
167 0
170 0
175 0
191 0
202 0
220 0
222 0
224 0
245 0
247 0
250 0
267 0
271 0
274 0
281 0
293 0
303 0
306 0
321 0
322 0
323 0
346 0
365 0
366 0
376 0
388 0
396 0
402 0
403 0
407 0
408 0
418 0
427 0
429 0
442 0
451 0
455 0
464 0
474 0
478 0
485 0
505 0
507 0
518 0
527 0
546 0
551 0
557 0
561 0
562 0
565 0
569 0
588 0
589 0
600 0
614 0
616 0
620 0
629 0
635 0
650 0
651 0
654 0
656 0
659 0
664 0
671 0
681 0
686 0
690 0
744 0
753 0
756 0
766 0
771 0
773 0
780 0
782 0
785 0
796 0
797 0
810 0
817 0
825 0
829 0
847 0
849 0
855 0
865 0
869 0
870 0
881 0
886 0
889 0
893 0
903 0
911 0
923 0
928 0
940 0
942 0
943 0
954 0
955 0
963 0
964 0
985 0
