c This is a uniform distributed  1-D DIMACS file 
c width height point_number
p 100000 100000 128
252 0
2253 0
2373 0
2693 0
4123 0
4715 0
5084 0
5831 0
5861 0
6725 0
7062 0
7244 0
7288 0
8089 0
8270 0
9111 0
9145 0
9840 0
9915 0
10298 0
10710 0
10777 0
11185 0
13436 0
14103 0
14462 0
14864 0
15283 0
15834 0
17767 0
18192 0
20610 0
22053 0
22436 0
22477 0
23494 0
23859 0
24150 0
24210 0
24454 0
24811 0
24903 0
25632 0
26120 0
26415 0
28134 0
28275 0
28418 0
28629 0
28715 0
29580 0
29821 0
31276 0
31627 0
31815 0
32475 0
34251 0
34397 0
34722 0
36874 0
38554 0
39040 0
39999 0
40240 0
41188 0
41296 0
43682 0
44578 0
44906 0
45132 0
45859 0
46491 0
47206 0
47277 0
50441 0
51407 0
51979 0
52077 0
53104 0
54909 0
55581 0
55615 0
59332 0
60015 0
60578 0
60610 0
60750 0
61252 0
61509 0
63162 0
63955 0
64002 0
64878 0
66089 0
67164 0
68803 0
70572 0
70652 0
70739 0
71635 0
72248 0
73011 0
74738 0
75075 0
75345 0
76331 0
81054 0
82948 0
84005 0
84182 0
84464 0
85468 0
86763 0
86920 0
87322 0
87501 0
87678 0
88719 0
90346 0
90961 0
91078 0
92480 0
93933 0
94339 0
96205 0
97643 0
98709 0
99670 0
