c This is a uniform distributed  1-D DIMACS file 
c width height point_number
p 1000 1000 128
8 0
16 0
20 0
23 0
36 0
47 0
58 0
63 0
88 0
116 0
117 0
120 0
129 0
150 0
160 0
168 0
193 0
203 0
226 0
229 0
235 0
245 0
251 0
252 0
274 0
282 0
293 0
310 0
317 0
318 0
322 0
334 0
337 0
345 0
346 0
356 0
362 0
364 0
366 0
368 0
388 0
392 0
399 0
405 0
413 0
415 0
416 0
427 0
435 0
436 0
438 0
440 0
445 0
452 0
453 0
455 0
478 0
483 0
489 0
498 0
505 0
520 0
541 0
555 0
562 0
563 0
567 0
569 0
571 0
576 0
600 0
603 0
612 0
620 0
635 0
639 0
642 0
653 0
665 0
672 0
676 0
690 0
697 0
712 0
718 0
728 0
734 0
737 0
752 0
754 0
777 0
784 0
786 0
795 0
802 0
812 0
816 0
820 0
821 0
829 0
845 0
854 0
857 0
867 0
869 0
875 0
899 0
908 0
911 0
912 0
922 0
928 0
931 0
933 0
935 0
942 0
951 0
952 0
965 0
975 0
979 0
980 0
981 0
985 0
987 0
989 0
992 0
997 0
