c This is a uniform distributed  1-D DIMACS file 
c width height point_number
p 1000 1000 128
2 0
14 0
15 0
21 0
22 0
35 0
41 0
53 0
59 0
65 0
72 0
81 0
88 0
92 0
100 0
103 0
106 0
107 0
122 0
129 0
131 0
157 0
161 0
162 0
167 0
188 0
190 0
192 0
202 0
206 0
215 0
217 0
242 0
244 0
252 0
253 0
270 0
271 0
274 0
277 0
296 0
309 0
314 0
316 0
331 0
338 0
340 0
344 0
346 0
367 0
373 0
380 0
386 0
388 0
390 0
402 0
414 0
428 0
436 0
455 0
456 0
459 0
460 0
462 0
467 0
475 0
476 0
477 0
485 0
492 0
493 0
505 0
509 0
511 0
521 0
556 0
561 0
562 0
563 0
565 0
566 0
567 0
601 0
615 0
647 0
662 0
664 0
682 0
687 0
700 0
701 0
702 0
703 0
720 0
725 0
727 0
730 0
748 0
749 0
764 0
770 0
772 0
776 0
777 0
783 0
792 0
806 0
813 0
816 0
819 0
822 0
832 0
839 0
841 0
857 0
861 0
863 0
872 0
876 0
879 0
898 0
922 0
932 0
943 0
956 0
958 0
976 0
996 0
