c This is a uniform distributed  1-D DIMACS file 
c width height point_number
p 1000 1000 128
3 0
6 0
17 0
30 0
34 0
38 0
46 0
49 0
56 0
58 0
61 0
74 0
86 0
109 0
132 0
145 0
150 0
157 0
171 0
173 0
184 0
185 0
193 0
200 0
201 0
211 0
222 0
223 0
228 0
229 0
237 0
243 0
250 0
253 0
258 0
265 0
268 0
272 0
276 0
281 0
296 0
319 0
324 0
339 0
350 0
382 0
385 0
404 0
408 0
411 0
449 0
451 0
454 0
476 0
479 0
506 0
509 0
512 0
517 0
522 0
531 0
532 0
533 0
546 0
548 0
554 0
565 0
567 0
570 0
572 0
576 0
578 0
589 0
624 0
632 0
636 0
647 0
652 0
657 0
669 0
673 0
675 0
686 0
691 0
697 0
702 0
703 0
709 0
714 0
715 0
729 0
734 0
745 0
748 0
765 0
766 0
768 0
774 0
795 0
813 0
825 0
831 0
859 0
862 0
868 0
869 0
876 0
879 0
880 0
885 0
887 0
888 0
891 0
895 0
900 0
917 0
920 0
933 0
936 0
942 0
944 0
949 0
952 0
959 0
960 0
977 0
978 0
991 0
