c This is a uniform distributed  1-D DIMACS file 
c width height point_number
p 1000 1000 128
4 0
11 0
24 0
26 0
31 0
48 0
56 0
79 0
99 0
108 0
110 0
118 0
127 0
129 0
133 0
148 0
164 0
167 0
168 0
169 0
173 0
182 0
187 0
194 0
197 0
207 0
214 0
236 0
246 0
255 0
258 0
284 0
285 0
288 0
291 0
294 0
297 0
302 0
303 0
308 0
309 0
320 0
330 0
359 0
373 0
374 0
375 0
378 0
381 0
387 0
400 0
402 0
403 0
421 0
432 0
436 0
437 0
441 0
442 0
448 0
460 0
483 0
485 0
491 0
492 0
508 0
512 0
538 0
540 0
560 0
567 0
579 0
581 0
583 0
597 0
608 0
610 0
614 0
622 0
639 0
641 0
643 0
663 0
665 0
666 0
670 0
679 0
695 0
697 0
700 0
711 0
712 0
720 0
728 0
737 0
738 0
741 0
742 0
743 0
757 0
780 0
787 0
788 0
790 0
793 0
804 0
806 0
825 0
828 0
829 0
839 0
840 0
850 0
872 0
874 0
877 0
903 0
904 0
908 0
909 0
917 0
928 0
929 0
960 0
981 0
983 0
987 0
989 0
