c This is a uniform distributed  1-D DIMACS file 
c width height point_number
p 1000 1000 128
4 0
22 0
38 0
41 0
44 0
45 0
50 0
55 0
59 0
66 0
78 0
91 0
123 0
135 0
139 0
142 0
145 0
148 0
150 0
154 0
162 0
164 0
166 0
177 0
188 0
203 0
204 0
207 0
220 0
225 0
249 0
253 0
254 0
277 0
281 0
296 0
299 0
309 0
312 0
319 0
331 0
346 0
348 0
351 0
366 0
369 0
385 0
389 0
412 0
418 0
433 0
436 0
437 0
441 0
444 0
452 0
462 0
478 0
483 0
493 0
502 0
515 0
527 0
542 0
544 0
548 0
574 0
590 0
595 0
601 0
603 0
607 0
611 0
616 0
618 0
625 0
648 0
653 0
659 0
660 0
667 0
673 0
674 0
686 0
687 0
688 0
696 0
711 0
715 0
720 0
721 0
732 0
733 0
734 0
750 0
760 0
765 0
766 0
776 0
787 0
798 0
824 0
827 0
829 0
830 0
831 0
841 0
847 0
852 0
857 0
863 0
866 0
867 0
875 0
886 0
894 0
897 0
917 0
921 0
939 0
956 0
958 0
968 0
969 0
971 0
985 0
990 0
998 0
