c This is a uniform distributed  1-D DIMACS file 
c width height point_number
p 1000 1000 128
3 0
4 0
15 0
18 0
27 0
34 0
41 0
55 0
57 0
75 0
81 0
96 0
105 0
108 0
110 0
122 0
126 0
128 0
129 0
136 0
142 0
159 0
181 0
183 0
194 0
195 0
208 0
209 0
235 0
239 0
241 0
245 0
284 0
287 0
297 0
305 0
316 0
324 0
330 0
334 0
341 0
352 0
360 0
378 0
380 0
387 0
395 0
403 0
413 0
423 0
428 0
436 0
446 0
453 0
455 0
460 0
467 0
481 0
482 0
483 0
496 0
504 0
507 0
513 0
522 0
544 0
545 0
549 0
553 0
555 0
571 0
579 0
583 0
588 0
599 0
615 0
620 0
627 0
640 0
642 0
647 0
655 0
670 0
672 0
673 0
680 0
686 0
688 0
689 0
695 0
698 0
703 0
705 0
707 0
709 0
723 0
727 0
728 0
741 0
748 0
754 0
758 0
773 0
781 0
788 0
806 0
814 0
815 0
819 0
820 0
822 0
825 0
845 0
846 0
860 0
862 0
864 0
875 0
877 0
906 0
908 0
930 0
947 0
968 0
974 0
984 0
994 0
995 0
