c This is a uniform distributed  1-D DIMACS file 
c width height point_number
p 100000 100000 128
2236 0
2811 0
4201 0
4211 0
5578 0
7545 0
7733 0
8437 0
9036 0
9746 0
10593 0
11579 0
11590 0
11998 0
12274 0
12473 0
13372 0
13689 0
14321 0
14635 0
14783 0
15853 0
16440 0
17011 0
17125 0
17497 0
19580 0
19842 0
19880 0
20646 0
21505 0
21988 0
22177 0
22876 0
23588 0
23750 0
25022 0
25518 0
25761 0
26029 0
26463 0
27524 0
28043 0
29314 0
29325 0
29336 0
29912 0
30619 0
31226 0
32002 0
32335 0
32780 0
33150 0
33876 0
34976 0
35166 0
35903 0
36009 0
36260 0
36364 0
37149 0
39152 0
45033 0
46241 0
46266 0
46505 0
46775 0
48984 0
49212 0
49744 0
49926 0
50538 0
50627 0
51309 0
52812 0
56641 0
57043 0
59133 0
60172 0
60334 0
61610 0
61622 0
62075 0
62953 0
63413 0
64230 0
64547 0
64767 0
65550 0
66074 0
67356 0
68333 0
71388 0
72421 0
72610 0
73210 0
73905 0
75410 0
75751 0
76572 0
77248 0
77885 0
78632 0
80974 0
81393 0
82965 0
84014 0
84042 0
84209 0
84836 0
86285 0
87109 0
87262 0
87785 0
87922 0
88112 0
90447 0
90603 0
92516 0
93880 0
95032 0
95530 0
96915 0
97139 0
97176 0
97672 0
98271 0
98620 0
