c This is a uniform distributed  1-D DIMACS file 
c width height point_number
p 100000 100000 128
29 0
99 0
263 0
1394 0
1427 0
2764 0
3797 0
4001 0
4275 0
4904 0
6291 0
6777 0
7024 0
7140 0
7994 0
8669 0
12036 0
13670 0
15092 0
17598 0
18103 0
19247 0
20128 0
20345 0
20672 0
21071 0
21757 0
22194 0
23196 0
23213 0
25050 0
26641 0
27424 0
27517 0
27519 0
27956 0
28190 0
28878 0
29243 0
30218 0
30623 0
32711 0
32884 0
33373 0
33730 0
33823 0
34412 0
34508 0
35579 0
36278 0
37986 0
38014 0
38319 0
38929 0
43167 0
44341 0
46343 0
47227 0
47341 0
47403 0
47616 0
48555 0
50646 0
50930 0
52580 0
52934 0
52994 0
53971 0
53982 0
55085 0
55768 0
56242 0
56788 0
58124 0
58280 0
58962 0
60154 0
62331 0
62631 0
63257 0
63515 0
63582 0
64492 0
64682 0
65255 0
65875 0
66694 0
67176 0
67333 0
69272 0
69275 0
69660 0
71128 0
71155 0
71423 0
71585 0
74352 0
74357 0
74632 0
74999 0
77485 0
77691 0
79524 0
80483 0
81671 0
82601 0
84439 0
85044 0
86279 0
86978 0
87672 0
88025 0
88090 0
89753 0
90844 0
90919 0
91008 0
91787 0
92515 0
92549 0
92642 0
93245 0
94871 0
95942 0
98613 0
99131 0
99546 0
99741 0
