c This is a uniform distributed  1-D DIMACS file 
c width height point_number
p 1000 1000 128
27 0
29 0
41 0
43 0
44 0
46 0
71 0
87 0
94 0
104 0
113 0
136 0
160 0
169 0
172 0
174 0
181 0
188 0
189 0
192 0
197 0
198 0
206 0
212 0
217 0
236 0
245 0
246 0
249 0
260 0
261 0
268 0
272 0
274 0
281 0
283 0
305 0
314 0
315 0
322 0
336 0
358 0
360 0
363 0
366 0
369 0
373 0
378 0
384 0
385 0
386 0
392 0
396 0
397 0
400 0
410 0
427 0
429 0
445 0
449 0
457 0
471 0
476 0
491 0
492 0
499 0
500 0
501 0
503 0
510 0
511 0
521 0
528 0
537 0
539 0
569 0
590 0
593 0
598 0
611 0
627 0
630 0
643 0
648 0
649 0
650 0
661 0
668 0
674 0
675 0
677 0
678 0
681 0
684 0
703 0
707 0
714 0
733 0
735 0
749 0
750 0
766 0
767 0
771 0
775 0
783 0
789 0
804 0
809 0
821 0
826 0
838 0
848 0
858 0
870 0
871 0
880 0
894 0
906 0
918 0
923 0
932 0
936 0
965 0
969 0
979 0
981 0
996 0
