c This is a uniform distributed  1-D DIMACS file 
c width height point_number
p 100000 100000 128
143 0
2879 0
3209 0
3348 0
3464 0
3582 0
4774 0
5557 0
5759 0
5923 0
6227 0
6651 0
7466 0
7876 0
8062 0
8626 0
8879 0
9621 0
10336 0
14356 0
17335 0
17392 0
17442 0
17740 0
18025 0
18452 0
18592 0
18654 0
18996 0
20242 0
22719 0
24257 0
25196 0
26455 0
27119 0
28269 0
28693 0
28789 0
29827 0
30065 0
30629 0
30655 0
30832 0
33121 0
33596 0
34283 0
35428 0
36725 0
39338 0
39678 0
39973 0
40357 0
42121 0
43681 0
44869 0
45229 0
46382 0
46984 0
47130 0
48824 0
48914 0
48939 0
49646 0
50232 0
50546 0
50661 0
53113 0
54299 0
55415 0
55620 0
55805 0
56001 0
56070 0
56727 0
59205 0
59452 0
60948 0
60968 0
61169 0
61305 0
63781 0
64525 0
66463 0
67172 0
68172 0
68470 0
69439 0
69986 0
70274 0
70314 0
70359 0
70668 0
72265 0
72471 0
73685 0
73900 0
74624 0
75620 0
75813 0
76238 0
78432 0
78753 0
78868 0
80863 0
81006 0
82053 0
82895 0
83004 0
83525 0
84256 0
84615 0
84660 0
88811 0
88916 0
89715 0
89757 0
90012 0
90468 0
91186 0
92680 0
94393 0
94869 0
96023 0
97264 0
97807 0
98099 0
98143 0
98248 0
