c This is a uniform distributed  1-D DIMACS file 
c width height point_number
p 1000 1000 128
16 0
23 0
26 0
30 0
36 0
45 0
47 0
54 0
66 0
71 0
105 0
114 0
116 0
117 0
121 0
125 0
140 0
149 0
151 0
158 0
162 0
166 0
167 0
216 0
217 0
218 0
225 0
252 0
257 0
262 0
270 0
276 0
289 0
298 0
304 0
315 0
319 0
335 0
339 0
348 0
355 0
358 0
366 0
370 0
382 0
385 0
389 0
414 0
431 0
435 0
436 0
437 0
445 0
450 0
458 0
461 0
462 0
492 0
493 0
494 0
500 0
505 0
520 0
530 0
539 0
551 0
556 0
568 0
583 0
587 0
593 0
596 0
597 0
598 0
612 0
614 0
615 0
627 0
635 0
636 0
637 0
645 0
647 0
649 0
650 0
662 0
665 0
666 0
671 0
691 0
697 0
706 0
708 0
711 0
715 0
718 0
737 0
746 0
747 0
755 0
759 0
783 0
785 0
803 0
805 0
808 0
810 0
813 0
815 0
817 0
825 0
827 0
829 0
830 0
839 0
843 0
849 0
856 0
865 0
867 0
889 0
897 0
904 0
905 0
960 0
977 0
979 0
998 0
