c This is a uniform distributed  1-D DIMACS file 
c width height point_number
p 1000 1000 128
8 0
14 0
21 0
24 0
33 0
37 0
47 0
49 0
52 0
54 0
56 0
58 0
61 0
62 0
75 0
85 0
89 0
98 0
100 0
103 0
106 0
114 0
125 0
151 0
169 0
173 0
180 0
191 0
196 0
198 0
202 0
203 0
204 0
207 0
211 0
219 0
236 0
237 0
246 0
247 0
252 0
256 0
282 0
309 0
315 0
316 0
329 0
335 0
337 0
345 0
380 0
392 0
396 0
399 0
400 0
404 0
429 0
437 0
445 0
460 0
466 0
475 0
488 0
492 0
516 0
520 0
523 0
529 0
532 0
536 0
539 0
544 0
546 0
550 0
553 0
554 0
562 0
573 0
579 0
580 0
593 0
596 0
599 0
615 0
620 0
644 0
645 0
651 0
659 0
663 0
673 0
683 0
688 0
714 0
724 0
729 0
732 0
744 0
745 0
751 0
765 0
769 0
770 0
794 0
797 0
804 0
812 0
814 0
846 0
849 0
865 0
875 0
883 0
890 0
891 0
909 0
911 0
925 0
927 0
930 0
939 0
940 0
945 0
969 0
970 0
976 0
982 0
986 0
