c This is a uniform distributed  1-D DIMACS file 
c width height point_number
p 1000 1000 128
7 0
19 0
36 0
44 0
46 0
47 0
60 0
70 0
77 0
83 0
86 0
88 0
90 0
94 0
98 0
102 0
104 0
118 0
123 0
135 0
136 0
141 0
144 0
155 0
169 0
177 0
187 0
190 0
194 0
198 0
204 0
206 0
209 0
214 0
216 0
224 0
225 0
234 0
235 0
239 0
249 0
262 0
266 0
269 0
273 0
279 0
290 0
292 0
295 0
304 0
305 0
319 0
326 0
334 0
341 0
342 0
347 0
371 0
381 0
391 0
394 0
402 0
422 0
436 0
443 0
489 0
501 0
522 0
524 0
526 0
527 0
530 0
534 0
538 0
540 0
545 0
549 0
569 0
581 0
585 0
594 0
604 0
617 0
620 0
631 0
655 0
663 0
684 0
685 0
696 0
700 0
728 0
729 0
733 0
734 0
737 0
755 0
757 0
764 0
775 0
778 0
779 0
780 0
798 0
808 0
823 0
824 0
827 0
830 0
832 0
848 0
857 0
866 0
867 0
868 0
886 0
891 0
893 0
896 0
899 0
932 0
969 0
972 0
981 0
982 0
986 0
992 0
993 0
