c This is a uniform distributed  1-D DIMACS file 
c width height point_number
p 100000 100000 128
563 0
734 0
1688 0
2373 0
3186 0
4476 0
6826 0
7907 0
9372 0
11390 0
11529 0
11990 0
12180 0
12467 0
12557 0
12954 0
13476 0
14190 0
14331 0
14410 0
14753 0
14876 0
15388 0
18663 0
20083 0
22557 0
23113 0
23583 0
24474 0
24570 0
25268 0
25525 0
26556 0
27116 0
27849 0
29129 0
29171 0
29403 0
29790 0
30425 0
31042 0
31704 0
32981 0
33032 0
34099 0
34199 0
34612 0
35619 0
37613 0
38026 0
38059 0
40544 0
41244 0
42086 0
42826 0
43193 0
43569 0
43665 0
44113 0
44885 0
44972 0
47192 0
47761 0
48181 0
48324 0
49001 0
49095 0
50080 0
51079 0
52315 0
52793 0
53477 0
54869 0
55788 0
57248 0
57699 0
58120 0
59131 0
62467 0
63394 0
63859 0
63902 0
64561 0
64887 0
66205 0
68256 0
68313 0
68515 0
69810 0
69856 0
70383 0
70862 0
71146 0
71596 0
71702 0
72535 0
73270 0
73366 0
73405 0
77026 0
77198 0
77259 0
77280 0
77693 0
78221 0
78378 0
78403 0
78648 0
78740 0
79673 0
80593 0
80901 0
81623 0
82126 0
82617 0
83536 0
84254 0
84921 0
85577 0
85608 0
86691 0
89531 0
91735 0
91882 0
92232 0
98169 0
98789 0
99463 0
