c This is a uniform distributed  1-D DIMACS file 
c width height point_number
p 100000 100000 128
190 0
1904 0
4226 0
4346 0
4492 0
4691 0
4990 0
6339 0
7946 0
8113 0
8228 0
8843 0
9404 0
9476 0
9771 0
10968 0
11184 0
11826 0
15466 0
16721 0
17827 0
18271 0
19891 0
20415 0
20607 0
22067 0
22469 0
22879 0
23017 0
23517 0
24171 0
24762 0
24775 0
24829 0
25045 0
25541 0
25767 0
26103 0
26586 0
28751 0
29465 0
30024 0
30348 0
30897 0
30949 0
31634 0
32608 0
32869 0
36755 0
37101 0
37893 0
38351 0
39468 0
39487 0
39779 0
40970 0
41424 0
42132 0
43220 0
44622 0
45523 0
46537 0
46580 0
48114 0
50496 0
50811 0
51299 0
51321 0
51774 0
52093 0
52996 0
53586 0
53759 0
53967 0
54867 0
55909 0
57173 0
57532 0
59023 0
60285 0
62005 0
62833 0
63614 0
65478 0
66759 0
67541 0
68058 0
68599 0
69862 0
70726 0
71279 0
72162 0
73217 0
73526 0
75063 0
76354 0
76944 0
77004 0
77901 0
78246 0
78434 0
78587 0
79326 0
80809 0
81402 0
81487 0
82484 0
82507 0
83271 0
84443 0
84458 0
85064 0
85437 0
85512 0
85919 0
86274 0
86828 0
87177 0
88286 0
89172 0
89740 0
91371 0
91579 0
92068 0
96263 0
97159 0
97875 0
98369 0
