c This is a uniform distributed  1-D DIMACS file 
c width height point_number
p 1000 1000 128
7 0
43 0
44 0
79 0
80 0
83 0
119 0
124 0
139 0
145 0
159 0
160 0
163 0
177 0
189 0
191 0
202 0
204 0
216 0
219 0
224 0
225 0
235 0
245 0
247 0
256 0
260 0
263 0
265 0
272 0
274 0
275 0
283 0
289 0
290 0
295 0
356 0
372 0
394 0
402 0
405 0
414 0
418 0
430 0
438 0
442 0
461 0
463 0
470 0
475 0
479 0
486 0
487 0
510 0
516 0
517 0
519 0
535 0
538 0
539 0
540 0
553 0
565 0
567 0
583 0
584 0
588 0
618 0
627 0
640 0
649 0
654 0
655 0
664 0
668 0
693 0
700 0
704 0
715 0
726 0
736 0
743 0
746 0
759 0
761 0
764 0
766 0
775 0
776 0
778 0
779 0
783 0
785 0
787 0
788 0
791 0
793 0
795 0
805 0
809 0
811 0
817 0
829 0
830 0
844 0
847 0
851 0
852 0
862 0
863 0
870 0
879 0
900 0
915 0
925 0
936 0
955 0
968 0
972 0
974 0
976 0
978 0
980 0
981 0
987 0
992 0
993 0
995 0
