c This is a uniform distributed  1-D DIMACS file 
c width height point_number
p 1000 1000 128
8 0
9 0
53 0
54 0
61 0
64 0
70 0
81 0
82 0
84 0
94 0
97 0
106 0
133 0
134 0
146 0
157 0
180 0
185 0
191 0
211 0
215 0
226 0
235 0
239 0
257 0
280 0
290 0
291 0
295 0
314 0
319 0
322 0
341 0
357 0
359 0
360 0
368 0
388 0
391 0
394 0
396 0
398 0
404 0
409 0
414 0
432 0
434 0
445 0
446 0
461 0
463 0
470 0
473 0
479 0
480 0
485 0
492 0
503 0
506 0
518 0
527 0
530 0
534 0
536 0
540 0
542 0
558 0
560 0
561 0
575 0
597 0
601 0
606 0
613 0
619 0
621 0
626 0
628 0
629 0
634 0
642 0
652 0
656 0
659 0
662 0
668 0
675 0
681 0
694 0
707 0
712 0
723 0
725 0
728 0
730 0
761 0
762 0
765 0
766 0
788 0
813 0
821 0
827 0
839 0
848 0
858 0
872 0
874 0
878 0
886 0
896 0
905 0
915 0
916 0
929 0
936 0
938 0
956 0
961 0
964 0
967 0
972 0
978 0
982 0
988 0
990 0
998 0
