c This is a uniform distributed  1-D DIMACS file 
c width height point_number
p 100000 100000 128
648 0
1093 0
2239 0
2331 0
3517 0
3794 0
4019 0
5086 0
5438 0
5595 0
6048 0
6424 0
10743 0
13761 0
14771 0
15260 0
16158 0
16216 0
16582 0
17111 0
18693 0
19624 0
19637 0
19870 0
20525 0
20962 0
22267 0
24036 0
24950 0
25796 0
25926 0
27355 0
27693 0
28963 0
29617 0
30605 0
31215 0
33118 0
39517 0
41733 0
42689 0
42796 0
42801 0
43409 0
44588 0
45240 0
45711 0
45961 0
46211 0
46819 0
47126 0
47306 0
47308 0
48318 0
49245 0
49690 0
50154 0
51197 0
51557 0
51780 0
52440 0
52791 0
53460 0
53525 0
53594 0
54622 0
55250 0
55753 0
56393 0
56719 0
57066 0
58565 0
60216 0
61065 0
61078 0
61616 0
63048 0
63297 0
63524 0
64519 0
64887 0
65035 0
65706 0
66301 0
66456 0
66692 0
66785 0
66976 0
68120 0
68295 0
73221 0
73402 0
73492 0
73776 0
74041 0
74295 0
75414 0
75884 0
76624 0
76764 0
77380 0
78924 0
78932 0
79464 0
84069 0
86046 0
86663 0
87060 0
87260 0
87672 0
88806 0
89005 0
89101 0
91274 0
91978 0
93769 0
94518 0
94704 0
95036 0
96807 0
98132 0
99089 0
99092 0
99149 0
99236 0
99278 0
99481 0
99677 0
