c This is a uniform distributed  1-D DIMACS file 
c width height point_number
p 1000 1000 128
8 0
16 0
23 0
26 0
27 0
38 0
44 0
65 0
72 0
73 0
87 0
88 0
127 0
130 0
142 0
145 0
150 0
152 0
156 0
167 0
179 0
191 0
197 0
210 0
216 0
236 0
244 0
253 0
254 0
255 0
264 0
265 0
277 0
280 0
282 0
283 0
289 0
298 0
303 0
314 0
317 0
320 0
322 0
337 0
349 0
357 0
358 0
368 0
370 0
382 0
388 0
391 0
394 0
399 0
419 0
432 0
455 0
457 0
462 0
467 0
469 0
470 0
472 0
479 0
491 0
498 0
504 0
509 0
514 0
515 0
516 0
535 0
543 0
562 0
563 0
565 0
581 0
584 0
587 0
589 0
596 0
617 0
622 0
628 0
634 0
646 0
649 0
654 0
656 0
666 0
669 0
696 0
708 0
716 0
729 0
739 0
750 0
752 0
754 0
768 0
772 0
775 0
778 0
779 0
793 0
794 0
821 0
830 0
846 0
848 0
865 0
884 0
897 0
904 0
906 0
908 0
909 0
915 0
918 0
926 0
929 0
934 0
961 0
965 0
968 0
973 0
984 0
988 0
