c This is a uniform distributed  1-D DIMACS file 
c width height point_number
p 1000 1000 128
8 0
9 0
23 0
56 0
58 0
61 0
73 0
74 0
77 0
81 0
84 0
92 0
95 0
100 0
109 0
116 0
118 0
120 0
132 0
166 0
172 0
185 0
202 0
208 0
211 0
212 0
215 0
220 0
227 0
242 0
246 0
251 0
269 0
271 0
277 0
298 0
301 0
307 0
312 0
327 0
330 0
339 0
344 0
348 0
358 0
363 0
385 0
392 0
413 0
418 0
431 0
437 0
441 0
444 0
452 0
478 0
486 0
501 0
506 0
507 0
510 0
511 0
512 0
514 0
532 0
543 0
544 0
545 0
547 0
549 0
558 0
568 0
570 0
576 0
591 0
597 0
604 0
608 0
611 0
617 0
623 0
627 0
630 0
637 0
666 0
671 0
672 0
694 0
699 0
706 0
712 0
715 0
718 0
719 0
729 0
731 0
732 0
733 0
737 0
743 0
748 0
749 0
752 0
762 0
790 0
796 0
810 0
816 0
818 0
820 0
839 0
840 0
843 0
861 0
868 0
870 0
902 0
907 0
910 0
926 0
932 0
934 0
940 0
947 0
949 0
980 0
982 0
985 0
