c This is a uniform distributed  1-D DIMACS file 
c width height point_number
p 100000 100000 128
270 0
779 0
982 0
1291 0
2186 0
2569 0
2595 0
3650 0
4260 0
5392 0
6435 0
7407 0
9701 0
9712 0
11121 0
11818 0
12892 0
14107 0
14729 0
14838 0
16167 0
16599 0
16910 0
18238 0
19987 0
20142 0
21343 0
21689 0
22454 0
23039 0
23331 0
23672 0
23690 0
23947 0
24702 0
26365 0
27047 0
28260 0
29144 0
29736 0
29743 0
29749 0
31581 0
31686 0
31909 0
31920 0
32472 0
33999 0
35256 0
35341 0
35482 0
36380 0
36707 0
37795 0
38947 0
40014 0
40284 0
42714 0
43132 0
43219 0
44334 0
44407 0
46255 0
46665 0
46751 0
46899 0
47812 0
48448 0
49457 0
50882 0
52538 0
53175 0
56016 0
56057 0
56762 0
58246 0
59246 0
59626 0
60074 0
61347 0
61355 0
62928 0
63029 0
63829 0
64000 0
64022 0
64582 0
64931 0
65258 0
65397 0
66587 0
67193 0
67801 0
68035 0
69843 0
70057 0
70894 0
73769 0
73938 0
74796 0
75341 0
75417 0
75783 0
76327 0
76525 0
77984 0
78646 0
79376 0
79600 0
80020 0
81005 0
81997 0
83270 0
83880 0
84747 0
85080 0
85707 0
88822 0
90877 0
92971 0
92975 0
93938 0
94096 0
94660 0
94814 0
95364 0
97030 0
97172 0
