c This is a uniform distributed  1-D DIMACS file 
c width height point_number
p 1000 1000 128
2 0
4 0
10 0
21 0
51 0
68 0
70 0
77 0
94 0
103 0
113 0
138 0
151 0
153 0
164 0
176 0
185 0
189 0
208 0
209 0
212 0
221 0
222 0
223 0
231 0
238 0
239 0
244 0
248 0
253 0
254 0
260 0
264 0
274 0
276 0
289 0
301 0
303 0
308 0
339 0
343 0
344 0
350 0
371 0
373 0
376 0
380 0
392 0
408 0
412 0
463 0
466 0
470 0
471 0
473 0
474 0
478 0
479 0
481 0
499 0
502 0
506 0
510 0
512 0
517 0
521 0
523 0
559 0
564 0
569 0
580 0
581 0
604 0
611 0
615 0
626 0
629 0
633 0
656 0
657 0
667 0
672 0
688 0
691 0
695 0
718 0
732 0
733 0
754 0
756 0
757 0
761 0
767 0
777 0
784 0
793 0
803 0
808 0
810 0
815 0
819 0
820 0
828 0
849 0
858 0
874 0
877 0
879 0
881 0
885 0
888 0
895 0
902 0
903 0
908 0
913 0
924 0
935 0
939 0
944 0
948 0
961 0
974 0
976 0
988 0
989 0
992 0
995 0
