c This is a uniform distributed  1-D DIMACS file 
c width height point_number
p 1000 1000 128
1 0
6 0
7 0
31 0
32 0
44 0
62 0
64 0
71 0
73 0
75 0
87 0
95 0
109 0
111 0
119 0
129 0
139 0
144 0
164 0
169 0
197 0
201 0
215 0
216 0
220 0
223 0
225 0
247 0
252 0
255 0
261 0
277 0
291 0
293 0
312 0
327 0
332 0
334 0
346 0
351 0
353 0
356 0
364 0
366 0
370 0
378 0
389 0
395 0
408 0
429 0
441 0
447 0
467 0
485 0
487 0
493 0
504 0
522 0
528 0
544 0
552 0
553 0
555 0
560 0
561 0
570 0
573 0
574 0
583 0
586 0
596 0
608 0
615 0
617 0
620 0
621 0
649 0
658 0
665 0
675 0
676 0
677 0
687 0
693 0
700 0
706 0
714 0
716 0
725 0
726 0
742 0
745 0
746 0
749 0
757 0
758 0
766 0
771 0
778 0
788 0
789 0
809 0
810 0
817 0
820 0
844 0
851 0
853 0
854 0
859 0
883 0
896 0
903 0
908 0
910 0
911 0
912 0
920 0
932 0
939 0
943 0
952 0
956 0
959 0
974 0
988 0
992 0
