c This is a uniform distributed  1-D DIMACS file 
c width height point_number
p 1000 1000 128
8 0
9 0
14 0
18 0
47 0
49 0
54 0
61 0
65 0
66 0
73 0
75 0
95 0
109 0
111 0
116 0
129 0
131 0
134 0
139 0
141 0
144 0
150 0
164 0
166 0
173 0
183 0
196 0
197 0
205 0
206 0
208 0
210 0
213 0
224 0
232 0
235 0
242 0
252 0
269 0
283 0
286 0
299 0
308 0
313 0
327 0
342 0
353 0
357 0
359 0
361 0
362 0
367 0
381 0
382 0
385 0
395 0
413 0
419 0
425 0
437 0
438 0
442 0
448 0
452 0
455 0
456 0
457 0
465 0
473 0
486 0
491 0
509 0
523 0
526 0
528 0
530 0
550 0
553 0
560 0
563 0
564 0
570 0
571 0
573 0
580 0
590 0
598 0
602 0
610 0
636 0
637 0
653 0
672 0
683 0
686 0
706 0
708 0
735 0
738 0
745 0
788 0
790 0
801 0
814 0
819 0
838 0
870 0
872 0
878 0
879 0
880 0
889 0
890 0
899 0
900 0
909 0
923 0
929 0
935 0
936 0
938 0
942 0
946 0
951 0
958 0
972 0
980 0
