c This is a uniform distributed  1-D DIMACS file 
c width height point_number
p 1000 1000 128
4 0
24 0
37 0
39 0
41 0
44 0
59 0
61 0
69 0
73 0
74 0
77 0
79 0
82 0
85 0
87 0
89 0
98 0
102 0
106 0
110 0
116 0
117 0
123 0
124 0
127 0
135 0
143 0
146 0
149 0
155 0
159 0
164 0
167 0
172 0
180 0
183 0
235 0
255 0
269 0
277 0
285 0
298 0
305 0
311 0
319 0
323 0
341 0
342 0
345 0
353 0
359 0
386 0
391 0
401 0
405 0
408 0
413 0
423 0
449 0
468 0
471 0
474 0
482 0
483 0
492 0
493 0
511 0
524 0
525 0
542 0
548 0
560 0
565 0
575 0
579 0
590 0
606 0
615 0
633 0
644 0
646 0
651 0
663 0
664 0
665 0
666 0
667 0
668 0
678 0
685 0
687 0
697 0
703 0
706 0
709 0
710 0
721 0
735 0
763 0
769 0
772 0
782 0
783 0
791 0
801 0
810 0
812 0
828 0
847 0
855 0
877 0
896 0
905 0
910 0
915 0
920 0
928 0
935 0
937 0
941 0
946 0
951 0
962 0
981 0
982 0
988 0
990 0
