c This is a uniform distributed  1-D DIMACS file 
c width height point_number
p 1000 1000 128
9 0
10 0
11 0
13 0
17 0
20 0
25 0
44 0
46 0
55 0
65 0
66 0
69 0
71 0
81 0
90 0
102 0
109 0
111 0
114 0
132 0
135 0
137 0
141 0
158 0
170 0
183 0
186 0
198 0
204 0
210 0
213 0
237 0
239 0
241 0
260 0
276 0
282 0
299 0
303 0
309 0
332 0
334 0
344 0
349 0
350 0
360 0
369 0
382 0
401 0
406 0
412 0
423 0
434 0
441 0
442 0
451 0
452 0
458 0
463 0
470 0
475 0
483 0
489 0
500 0
506 0
510 0
523 0
524 0
530 0
535 0
542 0
544 0
559 0
562 0
564 0
566 0
572 0
578 0
580 0
582 0
591 0
606 0
610 0
614 0
623 0
630 0
638 0
639 0
642 0
658 0
686 0
692 0
714 0
732 0
756 0
768 0
777 0
798 0
805 0
807 0
823 0
831 0
837 0
838 0
857 0
862 0
866 0
867 0
879 0
888 0
890 0
893 0
902 0
904 0
913 0
927 0
930 0
933 0
934 0
940 0
951 0
962 0
974 0
975 0
981 0
983 0
990 0
