c This is a uniform distributed  1-D DIMACS file 
c width height point_number
p 1000 1000 128
2 0
4 0
6 0
21 0
27 0
34 0
39 0
52 0
64 0
65 0
67 0
75 0
95 0
105 0
112 0
117 0
149 0
155 0
156 0
157 0
158 0
166 0
167 0
170 0
171 0
172 0
174 0
177 0
187 0
190 0
192 0
195 0
208 0
214 0
222 0
224 0
236 0
259 0
263 0
270 0
295 0
300 0
305 0
306 0
319 0
321 0
344 0
356 0
358 0
362 0
372 0
379 0
398 0
413 0
416 0
420 0
432 0
433 0
440 0
455 0
462 0
466 0
474 0
477 0
503 0
508 0
512 0
525 0
529 0
532 0
540 0
547 0
549 0
550 0
559 0
560 0
577 0
586 0
592 0
595 0
601 0
615 0
618 0
619 0
629 0
632 0
656 0
657 0
664 0
665 0
669 0
685 0
695 0
697 0
703 0
720 0
726 0
728 0
729 0
733 0
740 0
743 0
747 0
752 0
763 0
771 0
782 0
786 0
789 0
805 0
829 0
832 0
836 0
842 0
844 0
845 0
852 0
887 0
893 0
900 0
904 0
927 0
932 0
939 0
947 0
955 0
993 0
997 0
