c This is a uniform distributed  1-D DIMACS file 
c width height point_number
p 1000 1000 128
7 0
22 0
30 0
47 0
48 0
50 0
53 0
75 0
103 0
119 0
128 0
131 0
138 0
163 0
177 0
178 0
189 0
190 0
205 0
209 0
215 0
219 0
225 0
232 0
235 0
237 0
251 0
254 0
255 0
266 0
273 0
282 0
291 0
294 0
311 0
338 0
347 0
348 0
349 0
356 0
357 0
358 0
371 0
379 0
388 0
391 0
398 0
399 0
413 0
417 0
419 0
428 0
430 0
438 0
449 0
453 0
455 0
465 0
493 0
494 0
499 0
500 0
503 0
513 0
514 0
516 0
525 0
528 0
531 0
535 0
536 0
543 0
548 0
556 0
563 0
564 0
567 0
570 0
572 0
578 0
579 0
580 0
596 0
601 0
602 0
605 0
609 0
617 0
621 0
628 0
637 0
643 0
656 0
658 0
662 0
667 0
670 0
673 0
696 0
698 0
709 0
715 0
732 0
733 0
764 0
771 0
796 0
797 0
804 0
811 0
815 0
827 0
829 0
833 0
872 0
877 0
883 0
904 0
911 0
918 0
928 0
945 0
951 0
967 0
976 0
982 0
989 0
998 0
