c This is a uniform distributed  1-D DIMACS file 
c width height point_number
p 100000 100000 128
61 0
697 0
770 0
1752 0
1800 0
1959 0
4514 0
4749 0
5758 0
6717 0
7130 0
7201 0
10465 0
11015 0
12646 0
13720 0
14420 0
14600 0
16139 0
16472 0
16538 0
18050 0
19823 0
19898 0
20159 0
20218 0
20326 0
21457 0
22475 0
22586 0
23188 0
24236 0
24822 0
26231 0
26499 0
26512 0
28265 0
28596 0
29355 0
29527 0
31209 0
31250 0
33413 0
33749 0
34450 0
37137 0
37852 0
39852 0
39893 0
40112 0
40196 0
42242 0
43311 0
43860 0
43965 0
45663 0
47854 0
48462 0
48673 0
49238 0
49677 0
49938 0
51497 0
53852 0
54175 0
54737 0
54964 0
55773 0
55902 0
56145 0
56230 0
56978 0
58627 0
59176 0
59847 0
62229 0
62743 0
63356 0
64004 0
64685 0
65005 0
66211 0
67170 0
68341 0
68947 0
69223 0
69626 0
71841 0
72872 0
73383 0
73481 0
73774 0
73931 0
75302 0
75517 0
77581 0
77868 0
78694 0
78758 0
79491 0
80109 0
80861 0
80902 0
80992 0
81707 0
82030 0
82073 0
82410 0
82458 0
82548 0
83528 0
83677 0
85253 0
87758 0
90398 0
91654 0
92393 0
92521 0
92659 0
93613 0
93907 0
97162 0
97490 0
98556 0
98690 0
99205 0
99587 0
99736 0
