c This is a uniform distributed  1-D DIMACS file 
c width height point_number
p 1000 1000 128
20 0
32 0
35 0
44 0
48 0
51 0
52 0
57 0
60 0
62 0
76 0
82 0
84 0
87 0
89 0
97 0
103 0
122 0
125 0
126 0
133 0
139 0
169 0
196 0
208 0
212 0
219 0
239 0
256 0
264 0
272 0
288 0
300 0
303 0
317 0
320 0
324 0
325 0
326 0
327 0
352 0
360 0
361 0
367 0
386 0
393 0
402 0
405 0
425 0
434 0
435 0
447 0
451 0
455 0
467 0
475 0
478 0
484 0
486 0
494 0
499 0
507 0
528 0
529 0
535 0
539 0
546 0
551 0
556 0
562 0
565 0
571 0
585 0
586 0
588 0
589 0
593 0
608 0
610 0
629 0
636 0
649 0
650 0
662 0
675 0
680 0
681 0
698 0
709 0
715 0
721 0
726 0
731 0
737 0
742 0
746 0
759 0
760 0
761 0
765 0
767 0
773 0
786 0
801 0
806 0
808 0
809 0
821 0
824 0
832 0
839 0
856 0
874 0
876 0
886 0
893 0
905 0
915 0
919 0
934 0
939 0
943 0
969 0
971 0
973 0
981 0
988 0
998 0
