c This is a uniform distributed  1-D DIMACS file 
c width height point_number
p 1000 1000 128
6 0
8 0
17 0
33 0
41 0
53 0
59 0
74 0
84 0
85 0
86 0
88 0
90 0
100 0
107 0
109 0
119 0
133 0
136 0
147 0
170 0
172 0
182 0
188 0
199 0
214 0
228 0
233 0
241 0
256 0
260 0
263 0
273 0
278 0
281 0
293 0
304 0
305 0
308 0
317 0
321 0
342 0
344 0
365 0
368 0
377 0
380 0
382 0
388 0
411 0
413 0
414 0
415 0
431 0
435 0
444 0
450 0
460 0
468 0
488 0
492 0
497 0
500 0
517 0
527 0
534 0
541 0
547 0
562 0
574 0
576 0
583 0
586 0
617 0
631 0
657 0
658 0
685 0
687 0
688 0
694 0
699 0
705 0
707 0
715 0
717 0
719 0
722 0
725 0
726 0
729 0
763 0
765 0
777 0
782 0
792 0
793 0
794 0
796 0
800 0
804 0
805 0
811 0
818 0
820 0
830 0
837 0
839 0
843 0
844 0
854 0
856 0
860 0
879 0
881 0
886 0
892 0
895 0
896 0
922 0
929 0
930 0
931 0
949 0
951 0
963 0
965 0
992 0
