c This is a uniform distributed  1-D DIMACS file 
c width height point_number
p 1000 1000 128
10 0
29 0
43 0
48 0
54 0
58 0
71 0
73 0
83 0
85 0
88 0
92 0
96 0
100 0
116 0
120 0
129 0
132 0
144 0
148 0
152 0
170 0
175 0
178 0
181 0
184 0
193 0
198 0
204 0
228 0
245 0
257 0
258 0
266 0
274 0
278 0
289 0
292 0
293 0
306 0
315 0
322 0
325 0
336 0
360 0
374 0
389 0
397 0
399 0
424 0
431 0
432 0
443 0
449 0
460 0
473 0
487 0
489 0
511 0
538 0
544 0
545 0
551 0
552 0
560 0
561 0
566 0
582 0
600 0
601 0
607 0
612 0
618 0
630 0
634 0
640 0
660 0
661 0
676 0
678 0
685 0
691 0
698 0
706 0
708 0
710 0
715 0
720 0
724 0
755 0
756 0
757 0
764 0
775 0
778 0
780 0
792 0
798 0
803 0
805 0
836 0
846 0
847 0
848 0
850 0
851 0
854 0
869 0
871 0
882 0
883 0
889 0
897 0
902 0
909 0
910 0
911 0
917 0
931 0
933 0
938 0
939 0
955 0
962 0
965 0
973 0
977 0
985 0
