c This is a uniform distributed  1-D DIMACS file 
c width height point_number
p 1000 1000 128
2 0
26 0
28 0
29 0
35 0
38 0
50 0
54 0
68 0
84 0
86 0
91 0
107 0
114 0
117 0
118 0
119 0
133 0
151 0
162 0
176 0
216 0
218 0
228 0
231 0
234 0
253 0
254 0
260 0
269 0
280 0
282 0
293 0
303 0
306 0
318 0
329 0
343 0
344 0
351 0
354 0
356 0
361 0
362 0
405 0
408 0
419 0
423 0
429 0
444 0
452 0
460 0
461 0
474 0
484 0
487 0
500 0
501 0
502 0
515 0
516 0
531 0
535 0
542 0
545 0
548 0
565 0
580 0
586 0
594 0
606 0
614 0
624 0
628 0
629 0
635 0
641 0
642 0
659 0
666 0
684 0
697 0
698 0
707 0
718 0
731 0
737 0
750 0
757 0
761 0
769 0
778 0
780 0
784 0
785 0
792 0
800 0
804 0
811 0
820 0
822 0
823 0
826 0
830 0
833 0
840 0
846 0
865 0
867 0
871 0
887 0
897 0
902 0
906 0
907 0
911 0
916 0
918 0
922 0
932 0
936 0
946 0
959 0
963 0
981 0
985 0
994 0
996 0
