c This is a uniform distributed  1-D DIMACS file 
c width height point_number
p 100000 100000 128
235 0
957 0
1506 0
2632 0
2967 0
3053 0
3343 0
3426 0
4112 0
4999 0
5300 0
6778 0
7685 0
9396 0
9880 0
10575 0
10750 0
11477 0
12949 0
13550 0
13834 0
14619 0
16321 0
17207 0
19260 0
19386 0
19836 0
20064 0
20226 0
20272 0
20815 0
21993 0
23842 0
24852 0
24911 0
24919 0
25821 0
25863 0
26629 0
26904 0
28765 0
29473 0
29710 0
30628 0
32531 0
33089 0
33238 0
33703 0
33796 0
34767 0
34788 0
35893 0
35956 0
37581 0
37711 0
39509 0
40029 0
40493 0
41263 0
41623 0
43895 0
44339 0
44463 0
44699 0
45916 0
47530 0
49173 0
49361 0
49394 0
49835 0
49885 0
50073 0
50361 0
50705 0
51293 0
52294 0
52578 0
53785 0
53909 0
53938 0
54506 0
55226 0
57121 0
59343 0
59448 0
59459 0
60028 0
60963 0
64513 0
65531 0
66572 0
66728 0
66781 0
67132 0
68012 0
69572 0
69651 0
70098 0
70375 0
71123 0
73685 0
74300 0
75458 0
75481 0
76138 0
77151 0
78591 0
80544 0
81238 0
82277 0
82400 0
83150 0
83930 0
84219 0
85660 0
86540 0
90070 0
91506 0
92354 0
92446 0
93062 0
95142 0
96249 0
96997 0
97652 0
98594 0
99113 0
99169 0
