c This is a uniform distributed  1-D DIMACS file 
c width height point_number
p 1000 1000 128
11 0
12 0
17 0
24 0
34 0
52 0
56 0
67 0
73 0
75 0
83 0
85 0
94 0
100 0
102 0
108 0
113 0
119 0
129 0
141 0
156 0
169 0
176 0
177 0
180 0
187 0
190 0
193 0
198 0
207 0
218 0
224 0
239 0
242 0
251 0
265 0
279 0
290 0
297 0
320 0
323 0
327 0
331 0
333 0
337 0
338 0
349 0
359 0
364 0
368 0
370 0
373 0
376 0
383 0
384 0
385 0
388 0
409 0
415 0
416 0
418 0
429 0
434 0
436 0
442 0
444 0
459 0
468 0
471 0
513 0
515 0
521 0
526 0
527 0
531 0
534 0
536 0
543 0
553 0
558 0
567 0
580 0
592 0
609 0
612 0
624 0
681 0
683 0
684 0
702 0
720 0
721 0
734 0
738 0
750 0
751 0
753 0
763 0
767 0
770 0
777 0
778 0
787 0
795 0
808 0
817 0
821 0
831 0
848 0
853 0
856 0
857 0
881 0
884 0
893 0
897 0
900 0
912 0
935 0
936 0
938 0
942 0
960 0
967 0
989 0
996 0
998 0
999 0
