c This is a uniform distributed  1-D DIMACS file 
c width height point_number
p 1000 1000 128
3 0
10 0
25 0
27 0
28 0
36 0
44 0
66 0
72 0
80 0
94 0
96 0
110 0
121 0
128 0
150 0
181 0
193 0
200 0
202 0
208 0
210 0
214 0
215 0
227 0
233 0
251 0
274 0
276 0
277 0
280 0
289 0
307 0
330 0
338 0
341 0
345 0
356 0
362 0
365 0
387 0
388 0
404 0
419 0
422 0
425 0
432 0
438 0
448 0
452 0
465 0
468 0
473 0
475 0
481 0
490 0
493 0
508 0
513 0
515 0
517 0
532 0
538 0
539 0
543 0
545 0
546 0
549 0
552 0
553 0
555 0
561 0
572 0
582 0
604 0
618 0
620 0
621 0
622 0
631 0
643 0
644 0
649 0
653 0
662 0
676 0
679 0
683 0
686 0
696 0
698 0
701 0
704 0
706 0
708 0
709 0
715 0
720 0
733 0
759 0
775 0
781 0
792 0
802 0
807 0
811 0
829 0
830 0
834 0
835 0
842 0
860 0
863 0
874 0
904 0
909 0
910 0
913 0
915 0
918 0
957 0
958 0
971 0
978 0
985 0
986 0
987 0
992 0
