c This is a uniform distributed  1-D DIMACS file 
c width height point_number
p 1000 1000 128
3 0
11 0
47 0
54 0
58 0
65 0
78 0
81 0
92 0
93 0
96 0
107 0
110 0
114 0
119 0
125 0
141 0
146 0
168 0
177 0
199 0
203 0
207 0
209 0
213 0
216 0
222 0
234 0
239 0
240 0
254 0
267 0
276 0
291 0
295 0
300 0
303 0
304 0
305 0
306 0
309 0
313 0
324 0
325 0
329 0
341 0
350 0
362 0
380 0
381 0
387 0
402 0
409 0
411 0
423 0
432 0
446 0
453 0
461 0
467 0
470 0
482 0
494 0
497 0
502 0
508 0
511 0
520 0
526 0
527 0
529 0
549 0
559 0
571 0
577 0
590 0
594 0
596 0
600 0
603 0
614 0
618 0
627 0
629 0
637 0
644 0
650 0
656 0
674 0
683 0
687 0
694 0
696 0
697 0
699 0
709 0
712 0
715 0
718 0
734 0
754 0
763 0
774 0
791 0
796 0
816 0
820 0
829 0
832 0
833 0
858 0
859 0
863 0
864 0
890 0
897 0
900 0
914 0
915 0
917 0
920 0
921 0
927 0
928 0
939 0
942 0
973 0
994 0
