c This is a uniform distributed  1-D DIMACS file 
c width height point_number
p 100000 100000 128
440 0
2628 0
3564 0
4803 0
4808 0
7213 0
7409 0
9532 0
9548 0
9604 0
11587 0
11864 0
12408 0
12476 0
14254 0
14749 0
17465 0
18047 0
18604 0
19346 0
19582 0
20063 0
21991 0
22144 0
22305 0
23347 0
25065 0
25129 0
25230 0
25601 0
26289 0
26554 0
26564 0
27560 0
27871 0
29033 0
30206 0
30433 0
31926 0
32260 0
32617 0
34844 0
36818 0
37291 0
37343 0
40438 0
40970 0
41404 0
41707 0
42728 0
43207 0
44837 0
45312 0
46271 0
46394 0
46433 0
48064 0
48616 0
49239 0
50236 0
51005 0
51734 0
51827 0
52356 0
52595 0
52616 0
52786 0
54883 0
57494 0
59062 0
59815 0
60135 0
61606 0
63347 0
64297 0
65047 0
65212 0
65277 0
65479 0
66615 0
67125 0
67269 0
67585 0
67680 0
68176 0
68539 0
69873 0
73576 0
73707 0
73903 0
74409 0
74594 0
75350 0
75423 0
78574 0
79113 0
79222 0
79982 0
80875 0
81176 0
81390 0
81559 0
83023 0
83067 0
84435 0
85641 0
87114 0
88216 0
88408 0
89573 0
90675 0
92600 0
92660 0
93957 0
94078 0
94459 0
94597 0
94602 0
94938 0
95160 0
95604 0
96073 0
96220 0
97575 0
97847 0
98128 0
99053 0
99581 0
