c This is a uniform distributed  1-D DIMACS file 
c width height point_number
p 1000 1000 128
3 0
6 0
8 0
16 0
18 0
25 0
28 0
37 0
43 0
50 0
71 0
72 0
78 0
82 0
89 0
93 0
99 0
107 0
111 0
145 0
153 0
156 0
159 0
161 0
164 0
176 0
182 0
186 0
190 0
197 0
199 0
204 0
208 0
212 0
216 0
233 0
234 0
248 0
255 0
265 0
266 0
269 0
271 0
279 0
289 0
310 0
311 0
312 0
316 0
317 0
320 0
325 0
368 0
378 0
381 0
399 0
402 0
415 0
421 0
435 0
440 0
452 0
455 0
457 0
464 0
478 0
487 0
489 0
491 0
506 0
509 0
519 0
522 0
524 0
536 0
540 0
545 0
555 0
567 0
568 0
570 0
573 0
578 0
581 0
588 0
591 0
599 0
600 0
608 0
616 0
618 0
633 0
639 0
640 0
644 0
649 0
680 0
698 0
699 0
714 0
716 0
726 0
742 0
755 0
757 0
761 0
764 0
766 0
787 0
789 0
796 0
800 0
815 0
825 0
832 0
877 0
887 0
892 0
893 0
896 0
909 0
913 0
931 0
938 0
958 0
972 0
975 0
993 0
