c This is a uniform distributed  1-D DIMACS file 
c width height point_number
p 1000 1000 128
20 0
31 0
32 0
34 0
40 0
45 0
51 0
60 0
87 0
90 0
102 0
114 0
115 0
124 0
125 0
132 0
138 0
145 0
146 0
148 0
161 0
163 0
165 0
183 0
186 0
195 0
227 0
238 0
244 0
255 0
263 0
264 0
269 0
279 0
281 0
287 0
301 0
311 0
319 0
320 0
355 0
362 0
363 0
371 0
375 0
384 0
400 0
401 0
414 0
418 0
432 0
444 0
447 0
448 0
460 0
478 0
494 0
496 0
498 0
504 0
507 0
513 0
516 0
524 0
525 0
531 0
534 0
535 0
550 0
552 0
557 0
560 0
564 0
565 0
596 0
598 0
606 0
609 0
626 0
634 0
637 0
644 0
657 0
668 0
669 0
674 0
675 0
676 0
685 0
686 0
694 0
698 0
705 0
708 0
709 0
714 0
717 0
734 0
739 0
762 0
771 0
778 0
781 0
784 0
790 0
805 0
808 0
827 0
830 0
841 0
847 0
851 0
875 0
878 0
892 0
901 0
909 0
910 0
913 0
915 0
921 0
933 0
954 0
956 0
972 0
976 0
987 0
999 0
