c This is a uniform distributed  1-D DIMACS file 
c width height point_number
p 1000 1000 128
10 0
12 0
19 0
30 0
40 0
47 0
53 0
63 0
80 0
96 0
105 0
106 0
117 0
132 0
141 0
146 0
162 0
164 0
170 0
173 0
174 0
180 0
187 0
190 0
204 0
205 0
207 0
219 0
241 0
264 0
266 0
268 0
279 0
284 0
285 0
290 0
321 0
328 0
337 0
355 0
359 0
372 0
381 0
384 0
391 0
404 0
413 0
415 0
421 0
422 0
424 0
426 0
430 0
431 0
436 0
439 0
442 0
445 0
446 0
461 0
470 0
477 0
485 0
492 0
501 0
524 0
528 0
529 0
531 0
532 0
547 0
552 0
557 0
558 0
562 0
565 0
568 0
571 0
575 0
620 0
621 0
626 0
632 0
640 0
647 0
650 0
666 0
669 0
674 0
681 0
690 0
697 0
698 0
717 0
759 0
764 0
773 0
779 0
782 0
788 0
806 0
808 0
812 0
813 0
814 0
822 0
824 0
834 0
838 0
844 0
847 0
860 0
867 0
888 0
889 0
899 0
913 0
920 0
923 0
926 0
928 0
934 0
942 0
944 0
945 0
947 0
976 0
990 0
