c This is a uniform distributed  1-D DIMACS file 
c width height point_number
p 1000 1000 128
9 0
18 0
25 0
35 0
36 0
50 0
52 0
59 0
68 0
80 0
82 0
94 0
98 0
105 0
107 0
111 0
115 0
116 0
120 0
123 0
125 0
129 0
130 0
134 0
149 0
163 0
164 0
182 0
184 0
195 0
203 0
204 0
226 0
240 0
242 0
246 0
247 0
257 0
258 0
268 0
278 0
287 0
300 0
302 0
308 0
314 0
321 0
325 0
332 0
335 0
340 0
351 0
357 0
360 0
371 0
384 0
388 0
393 0
413 0
415 0
422 0
435 0
437 0
443 0
453 0
456 0
457 0
468 0
476 0
479 0
480 0
482 0
490 0
499 0
509 0
525 0
528 0
531 0
534 0
535 0
543 0
585 0
586 0
593 0
594 0
617 0
629 0
643 0
645 0
654 0
657 0
663 0
664 0
671 0
698 0
699 0
700 0
706 0
710 0
712 0
726 0
729 0
731 0
735 0
739 0
740 0
743 0
758 0
759 0
766 0
789 0
811 0
836 0
838 0
850 0
857 0
867 0
874 0
878 0
891 0
897 0
906 0
907 0
941 0
942 0
963 0
980 0
984 0
