c This is a uniform distributed  1-D DIMACS file 
c width height point_number
p 1000 1000 128
16 0
24 0
42 0
47 0
52 0
65 0
72 0
96 0
97 0
98 0
99 0
102 0
118 0
121 0
127 0
135 0
139 0
148 0
164 0
177 0
185 0
186 0
195 0
197 0
205 0
211 0
215 0
227 0
248 0
256 0
264 0
287 0
289 0
297 0
301 0
320 0
328 0
338 0
341 0
354 0
359 0
371 0
378 0
380 0
386 0
388 0
389 0
393 0
394 0
401 0
409 0
421 0
425 0
441 0
442 0
443 0
445 0
446 0
447 0
456 0
458 0
460 0
464 0
465 0
470 0
471 0
476 0
486 0
502 0
503 0
513 0
539 0
553 0
563 0
576 0
590 0
607 0
623 0
631 0
633 0
636 0
643 0
679 0
683 0
725 0
726 0
741 0
745 0
749 0
752 0
758 0
765 0
770 0
775 0
795 0
798 0
799 0
811 0
813 0
815 0
817 0
822 0
833 0
848 0
855 0
862 0
866 0
871 0
873 0
884 0
895 0
902 0
908 0
910 0
915 0
919 0
923 0
930 0
942 0
944 0
957 0
963 0
970 0
972 0
976 0
977 0
990 0
993 0
