c This is a uniform distributed  1-D DIMACS file 
c width height point_number
p 1000 1000 128
3 0
9 0
18 0
22 0
27 0
31 0
32 0
33 0
37 0
41 0
42 0
44 0
45 0
50 0
64 0
75 0
92 0
111 0
130 0
132 0
142 0
144 0
146 0
167 0
178 0
179 0
185 0
196 0
213 0
225 0
229 0
230 0
238 0
242 0
247 0
263 0
272 0
274 0
279 0
284 0
292 0
304 0
306 0
309 0
314 0
316 0
318 0
325 0
378 0
389 0
390 0
391 0
392 0
407 0
431 0
434 0
436 0
441 0
461 0
469 0
475 0
478 0
483 0
515 0
520 0
523 0
525 0
537 0
540 0
552 0
558 0
569 0
573 0
579 0
585 0
602 0
617 0
619 0
623 0
624 0
644 0
654 0
692 0
697 0
698 0
705 0
707 0
708 0
715 0
741 0
747 0
751 0
753 0
761 0
766 0
775 0
779 0
783 0
789 0
794 0
802 0
810 0
816 0
819 0
830 0
831 0
832 0
834 0
852 0
868 0
876 0
886 0
888 0
892 0
896 0
898 0
915 0
932 0
941 0
942 0
951 0
954 0
955 0
976 0
984 0
985 0
988 0
999 0
