c This is a uniform distributed  1-D DIMACS file 
c width height point_number
p 1000 1000 128
5 0
11 0
25 0
36 0
37 0
39 0
44 0
51 0
56 0
61 0
76 0
107 0
108 0
111 0
121 0
124 0
130 0
134 0
141 0
146 0
152 0
161 0
171 0
172 0
181 0
192 0
193 0
196 0
199 0
200 0
205 0
208 0
210 0
218 0
228 0
232 0
234 0
235 0
251 0
255 0
260 0
284 0
290 0
291 0
303 0
313 0
324 0
327 0
330 0
331 0
342 0
343 0
344 0
347 0
357 0
364 0
375 0
376 0
385 0
391 0
392 0
396 0
402 0
406 0
410 0
419 0
420 0
424 0
427 0
430 0
445 0
447 0
453 0
484 0
499 0
505 0
521 0
525 0
540 0
541 0
546 0
555 0
587 0
588 0
608 0
609 0
630 0
642 0
647 0
662 0
676 0
677 0
679 0
706 0
707 0
727 0
736 0
746 0
776 0
787 0
792 0
796 0
801 0
810 0
813 0
814 0
834 0
851 0
861 0
863 0
866 0
867 0
874 0
884 0
888 0
892 0
900 0
901 0
912 0
942 0
944 0
949 0
951 0
972 0
977 0
980 0
992 0
994 0
