c This is a uniform distributed  1-D DIMACS file 
c width height point_number
p 1000 1000 128
6 0
9 0
15 0
28 0
30 0
32 0
33 0
42 0
45 0
65 0
66 0
74 0
79 0
81 0
87 0
95 0
104 0
106 0
111 0
114 0
119 0
136 0
145 0
147 0
148 0
173 0
176 0
181 0
184 0
191 0
205 0
206 0
207 0
211 0
215 0
217 0
226 0
236 0
246 0
255 0
265 0
266 0
275 0
295 0
325 0
333 0
363 0
365 0
375 0
378 0
381 0
388 0
390 0
392 0
398 0
399 0
401 0
409 0
412 0
419 0
432 0
438 0
447 0
450 0
460 0
475 0
477 0
492 0
520 0
529 0
540 0
543 0
551 0
604 0
622 0
625 0
633 0
638 0
639 0
650 0
671 0
677 0
678 0
686 0
692 0
700 0
701 0
702 0
716 0
720 0
721 0
723 0
730 0
741 0
744 0
745 0
746 0
769 0
771 0
780 0
800 0
802 0
816 0
827 0
836 0
838 0
851 0
854 0
860 0
868 0
869 0
874 0
882 0
897 0
898 0
901 0
902 0
912 0
919 0
924 0
926 0
959 0
975 0
977 0
980 0
981 0
987 0
999 0
