c This is a uniform distributed  1-D DIMACS file 
c width height point_number
p 1000 1000 128
7 0
17 0
27 0
35 0
40 0
41 0
44 0
52 0
53 0
58 0
70 0
77 0
78 0
88 0
95 0
109 0
112 0
120 0
124 0
126 0
132 0
148 0
151 0
165 0
170 0
174 0
176 0
185 0
207 0
210 0
211 0
215 0
234 0
238 0
239 0
248 0
250 0
267 0
270 0
272 0
292 0
302 0
305 0
314 0
320 0
326 0
341 0
348 0
375 0
393 0
395 0
419 0
423 0
425 0
442 0
464 0
472 0
485 0
489 0
496 0
502 0
511 0
512 0
525 0
528 0
531 0
540 0
547 0
565 0
573 0
578 0
585 0
589 0
592 0
604 0
606 0
612 0
645 0
648 0
665 0
666 0
671 0
682 0
684 0
686 0
708 0
710 0
715 0
728 0
749 0
754 0
756 0
758 0
761 0
765 0
773 0
774 0
779 0
795 0
803 0
807 0
809 0
811 0
815 0
819 0
822 0
830 0
861 0
863 0
867 0
874 0
876 0
878 0
881 0
885 0
907 0
912 0
916 0
931 0
936 0
939 0
950 0
951 0
961 0
966 0
982 0
985 0
993 0
