c This is a uniform distributed  1-D DIMACS file 
c width height point_number
p 1000 1000 128
30 0
32 0
36 0
41 0
55 0
68 0
83 0
94 0
102 0
104 0
107 0
111 0
117 0
124 0
133 0
136 0
138 0
149 0
152 0
156 0
164 0
172 0
178 0
187 0
192 0
206 0
227 0
228 0
229 0
234 0
241 0
242 0
246 0
247 0
253 0
259 0
272 0
273 0
279 0
287 0
288 0
294 0
300 0
309 0
310 0
321 0
330 0
350 0
351 0
356 0
371 0
375 0
382 0
385 0
397 0
398 0
418 0
437 0
443 0
449 0
454 0
456 0
471 0
477 0
482 0
488 0
495 0
499 0
502 0
503 0
522 0
528 0
535 0
543 0
553 0
559 0
561 0
562 0
563 0
564 0
565 0
569 0
572 0
581 0
583 0
599 0
601 0
626 0
656 0
664 0
674 0
686 0
696 0
703 0
717 0
729 0
767 0
779 0
788 0
795 0
798 0
802 0
805 0
825 0
829 0
848 0
850 0
877 0
878 0
883 0
898 0
905 0
912 0
916 0
925 0
949 0
951 0
958 0
973 0
974 0
976 0
978 0
982 0
984 0
987 0
988 0
991 0
999 0
