c This is a uniform distributed  1-D DIMACS file 
c width height point_number
p 1000 1000 128
4 0
10 0
27 0
32 0
37 0
43 0
58 0
61 0
63 0
64 0
69 0
71 0
76 0
78 0
83 0
102 0
120 0
124 0
125 0
126 0
128 0
130 0
131 0
148 0
150 0
158 0
162 0
194 0
195 0
198 0
205 0
207 0
228 0
234 0
235 0
252 0
265 0
282 0
285 0
304 0
307 0
319 0
320 0
323 0
325 0
327 0
334 0
336 0
342 0
343 0
359 0
363 0
366 0
405 0
411 0
434 0
451 0
459 0
461 0
467 0
474 0
476 0
486 0
496 0
514 0
528 0
537 0
539 0
546 0
549 0
553 0
554 0
555 0
556 0
581 0
586 0
593 0
598 0
619 0
623 0
624 0
627 0
634 0
637 0
638 0
645 0
655 0
666 0
674 0
698 0
699 0
711 0
714 0
731 0
747 0
749 0
763 0
779 0
784 0
791 0
803 0
809 0
832 0
836 0
847 0
849 0
874 0
880 0
883 0
902 0
904 0
907 0
908 0
918 0
919 0
921 0
925 0
930 0
932 0
940 0
945 0
953 0
964 0
966 0
973 0
979 0
981 0
988 0
