c This is a uniform distributed  1-D DIMACS file 
c width height point_number
p 1000 1000 128
2 0
12 0
27 0
51 0
58 0
75 0
76 0
82 0
92 0
121 0
131 0
139 0
140 0
150 0
154 0
161 0
165 0
167 0
174 0
177 0
191 0
214 0
218 0
230 0
240 0
244 0
245 0
256 0
257 0
263 0
279 0
281 0
297 0
306 0
310 0
315 0
316 0
328 0
329 0
339 0
340 0
345 0
366 0
370 0
374 0
378 0
390 0
404 0
411 0
413 0
421 0
428 0
430 0
432 0
433 0
439 0
450 0
456 0
464 0
468 0
471 0
484 0
488 0
494 0
500 0
504 0
505 0
507 0
516 0
529 0
535 0
537 0
538 0
572 0
587 0
598 0
626 0
636 0
639 0
654 0
657 0
659 0
660 0
669 0
692 0
693 0
702 0
708 0
735 0
743 0
749 0
757 0
771 0
773 0
774 0
789 0
791 0
793 0
794 0
798 0
803 0
804 0
810 0
816 0
821 0
830 0
842 0
844 0
845 0
855 0
867 0
868 0
881 0
882 0
891 0
903 0
904 0
916 0
923 0
933 0
934 0
943 0
955 0
957 0
963 0
974 0
994 0
996 0
