c This is a uniform distributed  1-D DIMACS file 
c width height point_number
p 1000 1000 128
20 0
22 0
33 0
37 0
40 0
44 0
48 0
50 0
52 0
56 0
86 0
97 0
107 0
119 0
131 0
146 0
150 0
151 0
153 0
160 0
161 0
165 0
166 0
180 0
184 0
204 0
205 0
208 0
217 0
232 0
233 0
234 0
238 0
256 0
263 0
270 0
288 0
294 0
300 0
301 0
303 0
315 0
316 0
324 0
348 0
358 0
360 0
371 0
382 0
387 0
389 0
396 0
400 0
406 0
408 0
416 0
422 0
426 0
427 0
429 0
430 0
437 0
438 0
440 0
449 0
451 0
455 0
465 0
470 0
485 0
499 0
521 0
522 0
527 0
528 0
532 0
544 0
551 0
561 0
584 0
595 0
600 0
601 0
604 0
606 0
610 0
629 0
631 0
638 0
650 0
665 0
674 0
675 0
686 0
688 0
693 0
697 0
716 0
735 0
736 0
754 0
759 0
767 0
774 0
775 0
798 0
812 0
814 0
816 0
824 0
836 0
840 0
843 0
845 0
846 0
861 0
875 0
882 0
883 0
889 0
899 0
900 0
905 0
918 0
930 0
945 0
952 0
997 0
