c This is a uniform distributed  1-D DIMACS file 
c width height point_number
p 1000 1000 128
35 0
41 0
42 0
48 0
50 0
58 0
59 0
65 0
67 0
80 0
99 0
114 0
139 0
144 0
157 0
162 0
168 0
170 0
178 0
183 0
186 0
187 0
188 0
191 0
195 0
197 0
198 0
204 0
205 0
225 0
236 0
261 0
262 0
271 0
273 0
288 0
297 0
307 0
311 0
316 0
317 0
318 0
329 0
334 0
348 0
363 0
390 0
391 0
394 0
400 0
411 0
418 0
423 0
425 0
427 0
440 0
444 0
454 0
458 0
481 0
484 0
502 0
516 0
518 0
549 0
550 0
556 0
563 0
605 0
611 0
612 0
625 0
637 0
639 0
648 0
649 0
652 0
653 0
659 0
671 0
672 0
680 0
682 0
683 0
686 0
688 0
693 0
696 0
722 0
739 0
741 0
756 0
757 0
774 0
781 0
789 0
794 0
808 0
823 0
825 0
827 0
832 0
840 0
851 0
863 0
868 0
869 0
883 0
888 0
889 0
890 0
893 0
894 0
900 0
902 0
903 0
909 0
910 0
922 0
923 0
942 0
961 0
964 0
967 0
971 0
996 0
998 0
999 0
