c This is a uniform distributed  1-D DIMACS file 
c width height point_number
p 1000 1000 128
9 0
10 0
14 0
15 0
18 0
22 0
24 0
38 0
55 0
58 0
61 0
63 0
64 0
66 0
67 0
73 0
77 0
80 0
108 0
110 0
111 0
112 0
114 0
121 0
131 0
134 0
150 0
155 0
161 0
182 0
185 0
208 0
212 0
213 0
218 0
225 0
233 0
237 0
245 0
248 0
251 0
273 0
280 0
282 0
285 0
309 0
313 0
315 0
321 0
326 0
332 0
340 0
341 0
348 0
359 0
371 0
383 0
386 0
392 0
397 0
403 0
413 0
424 0
437 0
440 0
456 0
467 0
485 0
487 0
519 0
527 0
532 0
540 0
541 0
543 0
548 0
550 0
554 0
581 0
595 0
618 0
624 0
644 0
653 0
654 0
680 0
685 0
700 0
707 0
709 0
721 0
729 0
734 0
735 0
738 0
740 0
757 0
758 0
770 0
772 0
778 0
784 0
797 0
799 0
807 0
815 0
816 0
832 0
836 0
876 0
888 0
899 0
904 0
915 0
916 0
919 0
921 0
922 0
944 0
946 0
963 0
969 0
974 0
977 0
980 0
983 0
989 0
995 0
