c This is a uniform distributed  1-D DIMACS file 
c width height point_number
p 1000 1000 128
26 0
50 0
58 0
59 0
61 0
75 0
83 0
85 0
90 0
92 0
101 0
105 0
106 0
111 0
113 0
120 0
135 0
147 0
149 0
157 0
161 0
176 0
180 0
183 0
184 0
185 0
198 0
199 0
204 0
205 0
209 0
216 0
226 0
238 0
242 0
246 0
254 0
257 0
260 0
270 0
279 0
292 0
301 0
310 0
336 0
353 0
356 0
372 0
374 0
385 0
391 0
407 0
414 0
415 0
418 0
419 0
420 0
433 0
448 0
453 0
459 0
460 0
471 0
474 0
481 0
482 0
487 0
492 0
494 0
502 0
504 0
522 0
533 0
540 0
571 0
572 0
578 0
583 0
586 0
610 0
615 0
620 0
622 0
627 0
629 0
631 0
634 0
636 0
643 0
654 0
666 0
668 0
671 0
673 0
678 0
683 0
686 0
694 0
700 0
725 0
752 0
753 0
759 0
773 0
787 0
812 0
813 0
822 0
825 0
837 0
838 0
839 0
844 0
845 0
849 0
890 0
902 0
931 0
934 0
947 0
949 0
951 0
959 0
964 0
965 0
981 0
985 0
986 0
