c This is a uniform distributed  1-D DIMACS file 
c width height point_number
p 1000 1000 128
17 0
26 0
27 0
28 0
29 0
52 0
61 0
77 0
94 0
98 0
107 0
116 0
123 0
124 0
126 0
134 0
139 0
141 0
149 0
156 0
159 0
170 0
179 0
186 0
190 0
206 0
218 0
247 0
253 0
263 0
281 0
291 0
299 0
308 0
309 0
332 0
339 0
355 0
356 0
358 0
361 0
364 0
369 0
370 0
389 0
403 0
413 0
427 0
431 0
438 0
441 0
468 0
470 0
471 0
472 0
474 0
490 0
499 0
512 0
514 0
522 0
542 0
571 0
591 0
594 0
600 0
605 0
611 0
612 0
616 0
620 0
624 0
629 0
632 0
633 0
651 0
659 0
663 0
664 0
665 0
667 0
668 0
672 0
676 0
681 0
685 0
690 0
695 0
710 0
716 0
723 0
725 0
732 0
734 0
743 0
754 0
756 0
762 0
767 0
770 0
773 0
774 0
775 0
780 0
793 0
800 0
808 0
815 0
827 0
859 0
863 0
876 0
880 0
889 0
891 0
893 0
895 0
904 0
920 0
927 0
928 0
929 0
946 0
955 0
962 0
967 0
985 0
996 0
