c This is a uniform distributed  1-D DIMACS file 
c width height point_number
p 1000 1000 128
2 0
3 0
5 0
16 0
17 0
18 0
20 0
25 0
34 0
54 0
76 0
80 0
82 0
94 0
101 0
125 0
139 0
142 0
151 0
152 0
154 0
160 0
168 0
171 0
172 0
188 0
204 0
220 0
226 0
235 0
251 0
258 0
260 0
281 0
285 0
286 0
294 0
298 0
301 0
309 0
324 0
328 0
339 0
340 0
353 0
357 0
361 0
375 0
392 0
419 0
427 0
438 0
439 0
456 0
478 0
480 0
500 0
515 0
528 0
538 0
541 0
544 0
555 0
559 0
566 0
577 0
586 0
612 0
615 0
621 0
625 0
627 0
630 0
640 0
641 0
646 0
654 0
657 0
687 0
689 0
690 0
692 0
695 0
697 0
698 0
704 0
709 0
710 0
717 0
731 0
751 0
753 0
776 0
783 0
785 0
792 0
795 0
800 0
801 0
803 0
808 0
814 0
815 0
819 0
820 0
825 0
829 0
831 0
835 0
841 0
849 0
853 0
854 0
860 0
867 0
869 0
882 0
905 0
907 0
928 0
932 0
948 0
958 0
959 0
964 0
973 0
976 0
993 0
