c This is a uniform distributed  1-D DIMACS file 
c width height point_number
p 1000 1000 128
1 0
4 0
6 0
20 0
26 0
28 0
30 0
32 0
38 0
48 0
65 0
80 0
87 0
92 0
108 0
115 0
126 0
133 0
138 0
157 0
161 0
165 0
170 0
182 0
197 0
202 0
225 0
248 0
250 0
251 0
253 0
261 0
262 0
275 0
298 0
307 0
316 0
318 0
331 0
338 0
342 0
386 0
394 0
412 0
414 0
418 0
420 0
425 0
431 0
441 0
445 0
461 0
472 0
486 0
491 0
494 0
496 0
500 0
505 0
508 0
510 0
534 0
540 0
550 0
552 0
553 0
555 0
562 0
566 0
569 0
602 0
607 0
615 0
616 0
631 0
662 0
668 0
669 0
675 0
676 0
686 0
687 0
693 0
707 0
711 0
724 0
727 0
728 0
737 0
753 0
757 0
758 0
761 0
763 0
778 0
780 0
800 0
804 0
831 0
848 0
852 0
860 0
863 0
868 0
880 0
885 0
892 0
895 0
907 0
916 0
920 0
927 0
931 0
961 0
962 0
963 0
968 0
971 0
974 0
976 0
981 0
982 0
983 0
984 0
991 0
992 0
993 0
997 0
