c This is a uniform distributed  1-D DIMACS file 
c width height point_number
p 1000 1000 128
1 0
2 0
9 0
11 0
29 0
40 0
54 0
58 0
64 0
71 0
75 0
79 0
84 0
86 0
95 0
111 0
115 0
117 0
119 0
134 0
138 0
139 0
146 0
149 0
157 0
162 0
175 0
179 0
181 0
192 0
195 0
199 0
201 0
211 0
216 0
237 0
240 0
248 0
250 0
252 0
258 0
263 0
265 0
269 0
274 0
296 0
300 0
305 0
318 0
319 0
323 0
329 0
331 0
343 0
365 0
366 0
376 0
399 0
400 0
452 0
464 0
478 0
480 0
493 0
495 0
502 0
507 0
510 0
523 0
531 0
545 0
574 0
578 0
606 0
611 0
619 0
623 0
632 0
641 0
643 0
655 0
658 0
659 0
661 0
666 0
683 0
684 0
687 0
692 0
698 0
699 0
725 0
727 0
728 0
755 0
762 0
771 0
783 0
797 0
798 0
803 0
805 0
807 0
809 0
827 0
837 0
848 0
856 0
862 0
863 0
868 0
870 0
875 0
882 0
884 0
887 0
892 0
904 0
913 0
914 0
932 0
944 0
965 0
972 0
976 0
978 0
985 0
988 0
