c This is a uniform distributed  1-D DIMACS file 
c width height point_number
p 1000 1000 128
4 0
12 0
13 0
20 0
21 0
26 0
27 0
34 0
36 0
37 0
50 0
56 0
60 0
83 0
95 0
96 0
110 0
112 0
117 0
119 0
124 0
131 0
132 0
133 0
137 0
143 0
160 0
172 0
173 0
185 0
191 0
222 0
256 0
276 0
277 0
288 0
290 0
293 0
298 0
302 0
324 0
332 0
344 0
353 0
354 0
356 0
369 0
370 0
392 0
405 0
407 0
421 0
434 0
437 0
462 0
479 0
485 0
486 0
491 0
495 0
507 0
509 0
510 0
520 0
527 0
532 0
542 0
552 0
564 0
581 0
585 0
588 0
604 0
608 0
611 0
612 0
617 0
620 0
631 0
639 0
642 0
643 0
647 0
658 0
665 0
669 0
673 0
678 0
682 0
687 0
692 0
696 0
705 0
727 0
728 0
729 0
739 0
753 0
766 0
771 0
774 0
786 0
791 0
803 0
819 0
828 0
831 0
837 0
852 0
863 0
868 0
885 0
886 0
889 0
894 0
896 0
904 0
920 0
924 0
927 0
929 0
932 0
933 0
946 0
959 0
975 0
981 0
990 0
