c This is a uniform distributed  1-D DIMACS file 
c width height point_number
p 1000 1000 128
4 0
10 0
17 0
20 0
38 0
42 0
60 0
71 0
83 0
84 0
88 0
106 0
112 0
133 0
136 0
143 0
151 0
156 0
161 0
163 0
165 0
175 0
178 0
189 0
206 0
207 0
213 0
214 0
227 0
256 0
257 0
272 0
280 0
286 0
293 0
297 0
298 0
309 0
335 0
357 0
358 0
359 0
392 0
403 0
417 0
442 0
451 0
456 0
459 0
461 0
465 0
466 0
468 0
476 0
478 0
482 0
486 0
488 0
496 0
520 0
533 0
536 0
537 0
538 0
541 0
554 0
561 0
567 0
572 0
575 0
579 0
583 0
590 0
606 0
611 0
615 0
637 0
649 0
655 0
661 0
663 0
664 0
678 0
714 0
747 0
751 0
757 0
762 0
763 0
771 0
772 0
773 0
782 0
805 0
808 0
809 0
810 0
812 0
816 0
817 0
822 0
832 0
833 0
834 0
836 0
848 0
856 0
858 0
870 0
899 0
901 0
905 0
910 0
912 0
918 0
925 0
934 0
954 0
956 0
959 0
965 0
967 0
970 0
974 0
987 0
988 0
991 0
998 0
