c This is a uniform distributed  1-D DIMACS file 
c width height point_number
p 1000 1000 128
12 0
15 0
17 0
23 0
26 0
33 0
53 0
56 0
59 0
66 0
70 0
81 0
87 0
88 0
90 0
115 0
119 0
123 0
125 0
137 0
141 0
153 0
157 0
177 0
193 0
209 0
211 0
226 0
234 0
236 0
239 0
251 0
255 0
265 0
267 0
273 0
285 0
286 0
288 0
300 0
306 0
307 0
309 0
312 0
347 0
350 0
357 0
361 0
362 0
368 0
370 0
372 0
387 0
388 0
390 0
400 0
419 0
422 0
433 0
442 0
464 0
481 0
485 0
502 0
503 0
532 0
542 0
545 0
572 0
587 0
598 0
602 0
607 0
613 0
631 0
654 0
655 0
661 0
665 0
669 0
678 0
684 0
690 0
691 0
692 0
695 0
697 0
703 0
707 0
719 0
731 0
743 0
744 0
747 0
758 0
766 0
770 0
777 0
779 0
782 0
784 0
789 0
800 0
801 0
823 0
834 0
836 0
844 0
852 0
854 0
862 0
863 0
864 0
876 0
879 0
880 0
914 0
919 0
920 0
924 0
928 0
930 0
936 0
938 0
941 0
951 0
953 0
963 0
