c This is a uniform distributed  1-D DIMACS file 
c width height point_number
p 1000 1000 128
20 0
33 0
53 0
54 0
56 0
89 0
113 0
115 0
126 0
127 0
163 0
168 0
170 0
184 0
189 0
192 0
195 0
199 0
202 0
204 0
213 0
216 0
221 0
232 0
234 0
244 0
245 0
247 0
248 0
267 0
274 0
278 0
292 0
307 0
309 0
314 0
326 0
328 0
331 0
333 0
343 0
355 0
365 0
370 0
373 0
380 0
383 0
394 0
404 0
410 0
414 0
417 0
434 0
436 0
439 0
441 0
447 0
450 0
459 0
466 0
468 0
475 0
476 0
501 0
511 0
517 0
522 0
535 0
541 0
557 0
559 0
576 0
580 0
598 0
606 0
610 0
613 0
615 0
619 0
620 0
623 0
635 0
637 0
666 0
672 0
696 0
708 0
709 0
711 0
728 0
731 0
734 0
758 0
759 0
762 0
773 0
778 0
779 0
780 0
781 0
784 0
790 0
804 0
808 0
817 0
818 0
835 0
838 0
840 0
850 0
854 0
866 0
870 0
873 0
896 0
897 0
902 0
906 0
908 0
923 0
931 0
937 0
942 0
955 0
957 0
977 0
989 0
994 0
