c This is a uniform distributed  1-D DIMACS file 
c width height point_number
p 1000 1000 128
10 0
25 0
38 0
54 0
55 0
66 0
76 0
83 0
89 0
91 0
94 0
104 0
107 0
114 0
116 0
120 0
122 0
128 0
143 0
157 0
168 0
175 0
178 0
185 0
191 0
197 0
199 0
204 0
226 0
241 0
242 0
255 0
259 0
260 0
268 0
273 0
279 0
292 0
298 0
305 0
321 0
337 0
340 0
348 0
353 0
363 0
368 0
391 0
397 0
405 0
406 0
408 0
413 0
430 0
438 0
440 0
446 0
449 0
465 0
468 0
496 0
522 0
537 0
542 0
552 0
554 0
557 0
562 0
566 0
568 0
577 0
603 0
616 0
619 0
620 0
624 0
627 0
628 0
629 0
641 0
642 0
670 0
681 0
684 0
687 0
688 0
690 0
692 0
707 0
719 0
727 0
731 0
734 0
757 0
761 0
762 0
764 0
774 0
776 0
783 0
787 0
796 0
804 0
807 0
813 0
814 0
829 0
832 0
838 0
840 0
844 0
845 0
860 0
865 0
883 0
885 0
906 0
921 0
922 0
924 0
934 0
938 0
945 0
950 0
958 0
970 0
996 0
998 0
