c This is a uniform distributed  1-D DIMACS file 
c width height point_number
p 1000 1000 128
6 0
33 0
44 0
46 0
61 0
84 0
88 0
96 0
110 0
117 0
141 0
153 0
154 0
161 0
168 0
173 0
176 0
193 0
194 0
203 0
207 0
220 0
223 0
225 0
233 0
237 0
246 0
252 0
258 0
259 0
260 0
261 0
264 0
279 0
285 0
286 0
297 0
298 0
358 0
360 0
367 0
386 0
408 0
429 0
442 0
454 0
455 0
465 0
473 0
477 0
489 0
490 0
493 0
499 0
518 0
525 0
530 0
538 0
544 0
547 0
573 0
584 0
604 0
606 0
607 0
610 0
615 0
617 0
629 0
631 0
638 0
642 0
643 0
645 0
652 0
653 0
658 0
660 0
661 0
675 0
683 0
684 0
685 0
692 0
715 0
717 0
723 0
728 0
733 0
737 0
757 0
762 0
765 0
770 0
775 0
776 0
777 0
779 0
781 0
786 0
789 0
795 0
808 0
824 0
827 0
837 0
841 0
849 0
852 0
855 0
875 0
876 0
899 0
901 0
908 0
912 0
934 0
935 0
940 0
948 0
954 0
957 0
964 0
971 0
977 0
981 0
986 0
988 0
