c This is a uniform distributed  1-D DIMACS file 
c width height point_number
p 1000 1000 512
1 0
2 0
3 0
6 0
12 0
15 0
16 0
18 0
19 0
21 0
25 0
27 0
39 0
40 0
41 0
42 0
43 0
45 0
46 0
48 0
49 0
50 0
52 0
53 0
54 0
55 0
58 0
59 0
60 0
61 0
62 0
64 0
65 0
66 0
68 0
70 0
71 0
72 0
74 0
76 0
77 0
80 0
81 0
82 0
84 0
86 0
87 0
89 0
96 0
97 0
98 0
101 0
102 0
105 0
108 0
112 0
113 0
115 0
116 0
118 0
120 0
123 0
127 0
129 0
133 0
135 0
136 0
138 0
139 0
143 0
144 0
146 0
147 0
148 0
149 0
150 0
154 0
155 0
156 0
162 0
163 0
165 0
167 0
170 0
177 0
178 0
180 0
181 0
183 0
184 0
188 0
191 0
193 0
194 0
195 0
196 0
198 0
201 0
206 0
207 0
208 0
212 0
213 0
214 0
216 0
220 0
225 0
226 0
227 0
230 0
231 0
236 0
237 0
238 0
240 0
241 0
244 0
246 0
247 0
249 0
250 0
252 0
254 0
256 0
257 0
258 0
259 0
261 0
262 0
263 0
267 0
268 0
270 0
271 0
272 0
274 0
275 0
278 0
279 0
282 0
283 0
286 0
292 0
293 0
295 0
296 0
302 0
303 0
304 0
305 0
306 0
308 0
312 0
314 0
315 0
318 0
319 0
321 0
323 0
324 0
327 0
333 0
334 0
336 0
337 0
338 0
340 0
341 0
343 0
346 0
348 0
349 0
352 0
353 0
358 0
359 0
361 0
362 0
363 0
366 0
367 0
368 0
370 0
371 0
372 0
374 0
376 0
378 0
379 0
380 0
381 0
382 0
383 0
386 0
388 0
389 0
390 0
397 0
398 0
402 0
403 0
408 0
409 0
411 0
412 0
413 0
415 0
416 0
418 0
419 0
421 0
422 0
423 0
430 0
433 0
436 0
437 0
440 0
441 0
443 0
444 0
445 0
446 0
447 0
448 0
449 0
451 0
453 0
454 0
456 0
457 0
458 0
465 0
466 0
467 0
471 0
473 0
474 0
475 0
478 0
479 0
481 0
482 0
483 0
486 0
487 0
488 0
490 0
496 0
499 0
502 0
503 0
505 0
507 0
508 0
511 0
513 0
516 0
519 0
522 0
523 0
524 0
525 0
526 0
527 0
529 0
531 0
532 0
533 0
535 0
538 0
542 0
545 0
546 0
549 0
551 0
552 0
555 0
556 0
558 0
560 0
562 0
563 0
566 0
567 0
569 0
570 0
572 0
573 0
574 0
576 0
578 0
579 0
580 0
581 0
584 0
585 0
589 0
591 0
592 0
593 0
594 0
595 0
597 0
598 0
600 0
602 0
603 0
604 0
607 0
610 0
613 0
618 0
620 0
621 0
625 0
627 0
631 0
632 0
637 0
639 0
640 0
642 0
646 0
648 0
651 0
653 0
655 0
656 0
660 0
664 0
667 0
668 0
670 0
671 0
674 0
679 0
683 0
684 0
685 0
686 0
688 0
689 0
692 0
693 0
697 0
698 0
699 0
700 0
701 0
703 0
704 0
705 0
708 0
711 0
713 0
714 0
717 0
718 0
720 0
722 0
724 0
725 0
726 0
729 0
730 0
731 0
732 0
734 0
737 0
739 0
741 0
743 0
746 0
749 0
753 0
755 0
757 0
758 0
760 0
764 0
765 0
766 0
767 0
769 0
770 0
772 0
773 0
774 0
775 0
777 0
778 0
779 0
780 0
781 0
783 0
786 0
787 0
791 0
792 0
797 0
798 0
799 0
802 0
803 0
804 0
809 0
810 0
811 0
812 0
815 0
816 0
817 0
823 0
824 0
825 0
826 0
828 0
831 0
832 0
833 0
836 0
837 0
838 0
841 0
842 0
843 0
845 0
849 0
851 0
854 0
856 0
857 0
858 0
860 0
862 0
864 0
866 0
867 0
868 0
869 0
874 0
875 0
877 0
879 0
881 0
882 0
886 0
887 0
888 0
889 0
890 0
894 0
896 0
898 0
899 0
900 0
901 0
905 0
907 0
908 0
911 0
912 0
913 0
915 0
916 0
917 0
919 0
920 0
921 0
924 0
926 0
928 0
930 0
931 0
932 0
934 0
935 0
936 0
937 0
938 0
940 0
941 0
942 0
944 0
945 0
946 0
947 0
952 0
953 0
955 0
956 0
961 0
962 0
963 0
965 0
972 0
973 0
975 0
977 0
978 0
979 0
982 0
983 0
984 0
988 0
989 0
991 0
995 0
996 0
997 0
998 0
