c This is a uniform distributed  1-D DIMACS file 
c width height point_number
p 1000 1000 512
5 0
6 0
7 0
8 0
9 0
10 0
13 0
18 0
19 0
21 0
22 0
23 0
25 0
27 0
28 0
32 0
33 0
34 0
35 0
36 0
37 0
38 0
39 0
41 0
42 0
43 0
45 0
46 0
47 0
48 0
49 0
50 0
51 0
54 0
57 0
58 0
59 0
61 0
62 0
63 0
64 0
65 0
66 0
67 0
70 0
73 0
74 0
76 0
78 0
79 0
80 0
83 0
84 0
85 0
87 0
89 0
92 0
94 0
95 0
97 0
98 0
99 0
100 0
101 0
104 0
105 0
107 0
108 0
110 0
111 0
114 0
115 0
117 0
118 0
119 0
121 0
122 0
124 0
125 0
129 0
131 0
132 0
133 0
135 0
136 0
138 0
139 0
140 0
142 0
145 0
146 0
147 0
149 0
150 0
151 0
152 0
157 0
158 0
159 0
162 0
163 0
164 0
165 0
166 0
167 0
168 0
169 0
170 0
171 0
172 0
174 0
175 0
177 0
178 0
181 0
184 0
186 0
189 0
191 0
192 0
196 0
197 0
200 0
201 0
202 0
203 0
205 0
206 0
209 0
210 0
212 0
213 0
214 0
217 0
218 0
221 0
223 0
225 0
227 0
228 0
231 0
233 0
234 0
235 0
237 0
238 0
241 0
244 0
248 0
249 0
251 0
252 0
255 0
256 0
257 0
260 0
261 0
264 0
265 0
267 0
268 0
273 0
274 0
279 0
281 0
282 0
283 0
284 0
287 0
292 0
294 0
297 0
298 0
299 0
300 0
301 0
302 0
306 0
311 0
312 0
313 0
314 0
315 0
317 0
321 0
322 0
323 0
326 0
329 0
332 0
333 0
334 0
337 0
351 0
354 0
357 0
359 0
372 0
373 0
375 0
378 0
380 0
385 0
387 0
388 0
391 0
393 0
394 0
395 0
397 0
399 0
400 0
401 0
406 0
408 0
409 0
411 0
416 0
417 0
421 0
423 0
424 0
426 0
427 0
430 0
431 0
435 0
436 0
437 0
440 0
443 0
445 0
447 0
448 0
450 0
451 0
452 0
454 0
455 0
456 0
459 0
460 0
461 0
462 0
468 0
470 0
477 0
479 0
481 0
488 0
489 0
491 0
493 0
494 0
498 0
499 0
500 0
505 0
507 0
509 0
511 0
512 0
515 0
516 0
518 0
519 0
520 0
521 0
526 0
529 0
530 0
531 0
534 0
535 0
537 0
539 0
541 0
545 0
549 0
551 0
555 0
556 0
562 0
563 0
564 0
567 0
569 0
571 0
572 0
573 0
574 0
576 0
577 0
578 0
580 0
582 0
583 0
585 0
588 0
591 0
595 0
597 0
599 0
600 0
601 0
602 0
603 0
604 0
606 0
608 0
609 0
610 0
611 0
613 0
614 0
615 0
616 0
617 0
618 0
619 0
620 0
623 0
624 0
625 0
628 0
629 0
632 0
634 0
635 0
641 0
642 0
643 0
644 0
646 0
648 0
649 0
650 0
652 0
655 0
656 0
658 0
660 0
661 0
664 0
665 0
666 0
667 0
669 0
670 0
671 0
675 0
676 0
680 0
681 0
682 0
689 0
692 0
693 0
696 0
699 0
701 0
702 0
703 0
704 0
705 0
714 0
715 0
718 0
722 0
724 0
725 0
727 0
728 0
729 0
730 0
731 0
732 0
733 0
734 0
735 0
736 0
737 0
738 0
739 0
740 0
741 0
745 0
746 0
751 0
754 0
755 0
759 0
760 0
762 0
763 0
764 0
766 0
769 0
770 0
771 0
774 0
777 0
780 0
781 0
782 0
785 0
786 0
787 0
789 0
790 0
791 0
794 0
795 0
797 0
800 0
801 0
807 0
809 0
810 0
812 0
815 0
817 0
818 0
819 0
820 0
821 0
822 0
823 0
824 0
828 0
829 0
831 0
832 0
833 0
838 0
842 0
844 0
845 0
847 0
848 0
849 0
852 0
854 0
855 0
858 0
859 0
860 0
862 0
866 0
867 0
870 0
871 0
872 0
874 0
875 0
878 0
879 0
880 0
881 0
885 0
886 0
887 0
897 0
899 0
900 0
901 0
903 0
906 0
908 0
910 0
914 0
915 0
918 0
919 0
921 0
923 0
924 0
925 0
927 0
928 0
929 0
930 0
932 0
933 0
936 0
938 0
941 0
948 0
949 0
950 0
951 0
952 0
955 0
958 0
959 0
962 0
964 0
965 0
971 0
978 0
979 0
983 0
984 0
985 0
988 0
991 0
992 0
994 0
995 0
996 0
998 0
999 0
