c This is a uniform distributed  1-D DIMACS file 
c width height point_number
p 1000 1000 512
1 0
2 0
6 0
7 0
9 0
10 0
11 0
12 0
14 0
19 0
23 0
26 0
27 0
29 0
31 0
36 0
38 0
39 0
40 0
46 0
47 0
49 0
51 0
54 0
58 0
59 0
60 0
61 0
62 0
64 0
68 0
69 0
70 0
71 0
72 0
73 0
74 0
75 0
78 0
79 0
82 0
84 0
85 0
86 0
87 0
91 0
92 0
95 0
96 0
100 0
103 0
105 0
106 0
107 0
110 0
111 0
112 0
113 0
115 0
117 0
119 0
120 0
122 0
126 0
128 0
130 0
134 0
135 0
136 0
137 0
138 0
139 0
140 0
141 0
142 0
143 0
144 0
146 0
147 0
149 0
155 0
157 0
160 0
161 0
162 0
166 0
167 0
170 0
174 0
175 0
176 0
178 0
179 0
181 0
183 0
184 0
186 0
187 0
188 0
189 0
190 0
191 0
192 0
195 0
196 0
198 0
199 0
201 0
203 0
205 0
206 0
211 0
214 0
215 0
216 0
217 0
218 0
219 0
223 0
225 0
226 0
228 0
230 0
232 0
233 0
235 0
237 0
240 0
241 0
245 0
246 0
248 0
250 0
252 0
253 0
254 0
256 0
258 0
259 0
262 0
263 0
265 0
268 0
269 0
270 0
273 0
274 0
275 0
276 0
282 0
284 0
286 0
287 0
289 0
291 0
293 0
296 0
297 0
300 0
301 0
302 0
303 0
305 0
308 0
310 0
311 0
312 0
313 0
318 0
319 0
321 0
323 0
326 0
327 0
329 0
331 0
333 0
334 0
335 0
337 0
339 0
340 0
341 0
342 0
343 0
344 0
345 0
347 0
348 0
353 0
355 0
356 0
357 0
359 0
360 0
362 0
363 0
365 0
366 0
367 0
369 0
374 0
376 0
377 0
380 0
382 0
383 0
385 0
386 0
389 0
391 0
395 0
397 0
399 0
400 0
401 0
406 0
408 0
409 0
410 0
413 0
414 0
416 0
418 0
419 0
420 0
421 0
423 0
424 0
425 0
426 0
427 0
428 0
430 0
432 0
433 0
435 0
438 0
441 0
443 0
445 0
446 0
448 0
449 0
450 0
451 0
452 0
457 0
460 0
462 0
464 0
466 0
471 0
476 0
477 0
478 0
479 0
480 0
481 0
483 0
488 0
489 0
493 0
494 0
495 0
496 0
497 0
498 0
502 0
506 0
507 0
510 0
512 0
513 0
514 0
518 0
521 0
522 0
523 0
524 0
528 0
529 0
531 0
532 0
534 0
545 0
547 0
550 0
551 0
552 0
553 0
555 0
557 0
561 0
565 0
571 0
573 0
574 0
575 0
577 0
578 0
581 0
582 0
584 0
585 0
586 0
589 0
594 0
597 0
599 0
602 0
603 0
604 0
606 0
608 0
611 0
612 0
616 0
619 0
620 0
623 0
624 0
630 0
632 0
634 0
636 0
637 0
641 0
643 0
644 0
647 0
648 0
653 0
654 0
655 0
656 0
657 0
658 0
659 0
660 0
661 0
663 0
666 0
670 0
672 0
673 0
677 0
683 0
684 0
687 0
689 0
690 0
692 0
695 0
697 0
698 0
699 0
703 0
705 0
707 0
709 0
712 0
713 0
717 0
718 0
723 0
725 0
727 0
728 0
729 0
731 0
732 0
733 0
734 0
735 0
736 0
738 0
739 0
742 0
743 0
744 0
746 0
747 0
748 0
752 0
753 0
755 0
756 0
759 0
762 0
763 0
764 0
765 0
766 0
769 0
770 0
771 0
777 0
780 0
781 0
782 0
783 0
784 0
787 0
788 0
789 0
791 0
792 0
793 0
796 0
797 0
798 0
803 0
805 0
807 0
809 0
810 0
811 0
816 0
819 0
820 0
822 0
824 0
826 0
827 0
828 0
829 0
831 0
832 0
835 0
836 0
837 0
838 0
840 0
843 0
844 0
845 0
847 0
848 0
849 0
852 0
853 0
856 0
858 0
859 0
861 0
862 0
863 0
864 0
865 0
866 0
868 0
870 0
872 0
874 0
875 0
877 0
879 0
882 0
883 0
884 0
886 0
887 0
892 0
895 0
898 0
901 0
902 0
904 0
907 0
908 0
909 0
913 0
914 0
918 0
919 0
924 0
928 0
932 0
933 0
938 0
939 0
940 0
941 0
944 0
948 0
949 0
951 0
952 0
956 0
958 0
959 0
960 0
962 0
963 0
964 0
965 0
968 0
972 0
976 0
977 0
978 0
979 0
980 0
982 0
985 0
986 0
987 0
988 0
996 0
997 0
998 0
