c This is a uniform distributed  1-D DIMACS file 
c width height point_number
p 1000 1000 512
2 0
3 0
5 0
8 0
9 0
11 0
12 0
13 0
14 0
15 0
18 0
19 0
21 0
22 0
25 0
27 0
28 0
29 0
35 0
36 0
37 0
39 0
40 0
41 0
44 0
45 0
46 0
47 0
48 0
49 0
51 0
52 0
54 0
56 0
57 0
58 0
59 0
60 0
61 0
63 0
64 0
66 0
67 0
68 0
70 0
73 0
74 0
75 0
76 0
79 0
84 0
86 0
87 0
88 0
90 0
92 0
93 0
96 0
97 0
102 0
107 0
108 0
109 0
111 0
113 0
115 0
120 0
121 0
123 0
124 0
128 0
130 0
134 0
135 0
139 0
141 0
142 0
145 0
146 0
149 0
150 0
152 0
153 0
158 0
161 0
163 0
164 0
167 0
168 0
169 0
171 0
172 0
174 0
176 0
177 0
179 0
181 0
182 0
183 0
184 0
185 0
187 0
189 0
190 0
191 0
192 0
193 0
194 0
195 0
196 0
197 0
199 0
200 0
201 0
205 0
208 0
209 0
210 0
213 0
218 0
220 0
222 0
225 0
226 0
228 0
229 0
230 0
231 0
232 0
234 0
235 0
240 0
241 0
243 0
246 0
247 0
248 0
249 0
251 0
252 0
253 0
254 0
255 0
258 0
260 0
261 0
263 0
264 0
268 0
274 0
277 0
279 0
284 0
285 0
287 0
290 0
291 0
292 0
294 0
295 0
296 0
297 0
298 0
299 0
300 0
301 0
303 0
304 0
305 0
306 0
307 0
310 0
312 0
313 0
314 0
316 0
319 0
320 0
324 0
325 0
326 0
327 0
328 0
329 0
330 0
331 0
332 0
337 0
338 0
340 0
341 0
342 0
343 0
344 0
347 0
348 0
349 0
351 0
354 0
357 0
358 0
360 0
362 0
364 0
365 0
366 0
367 0
371 0
372 0
373 0
375 0
376 0
377 0
378 0
379 0
380 0
381 0
382 0
385 0
386 0
388 0
389 0
390 0
391 0
392 0
395 0
396 0
402 0
404 0
405 0
406 0
410 0
411 0
412 0
413 0
416 0
417 0
418 0
419 0
420 0
421 0
424 0
426 0
427 0
428 0
430 0
433 0
437 0
438 0
441 0
442 0
444 0
445 0
446 0
447 0
449 0
450 0
451 0
453 0
456 0
460 0
461 0
462 0
463 0
465 0
467 0
471 0
473 0
475 0
476 0
478 0
480 0
481 0
482 0
483 0
484 0
489 0
490 0
492 0
493 0
494 0
495 0
498 0
499 0
500 0
501 0
502 0
505 0
508 0
510 0
515 0
520 0
521 0
522 0
524 0
525 0
528 0
531 0
536 0
540 0
541 0
545 0
546 0
547 0
554 0
555 0
560 0
562 0
563 0
565 0
567 0
568 0
569 0
573 0
576 0
577 0
579 0
582 0
586 0
587 0
588 0
589 0
591 0
592 0
593 0
595 0
596 0
597 0
600 0
602 0
606 0
608 0
609 0
611 0
612 0
615 0
619 0
621 0
625 0
626 0
630 0
633 0
634 0
636 0
642 0
643 0
647 0
649 0
650 0
652 0
654 0
656 0
659 0
662 0
663 0
668 0
669 0
670 0
672 0
673 0
674 0
676 0
677 0
679 0
680 0
683 0
687 0
689 0
693 0
694 0
697 0
698 0
701 0
704 0
705 0
706 0
707 0
712 0
720 0
721 0
722 0
725 0
727 0
732 0
736 0
740 0
742 0
743 0
744 0
745 0
746 0
748 0
753 0
755 0
756 0
759 0
762 0
766 0
767 0
768 0
771 0
773 0
774 0
776 0
777 0
778 0
779 0
781 0
782 0
783 0
784 0
785 0
787 0
788 0
789 0
790 0
792 0
795 0
796 0
797 0
799 0
801 0
803 0
807 0
810 0
813 0
814 0
817 0
818 0
822 0
823 0
826 0
830 0
833 0
834 0
835 0
838 0
840 0
841 0
847 0
849 0
850 0
851 0
852 0
855 0
861 0
862 0
863 0
866 0
867 0
868 0
870 0
874 0
875 0
878 0
879 0
884 0
885 0
886 0
887 0
888 0
889 0
891 0
892 0
894 0
896 0
897 0
899 0
900 0
901 0
903 0
906 0
910 0
912 0
913 0
917 0
919 0
920 0
921 0
927 0
928 0
933 0
936 0
939 0
942 0
944 0
947 0
948 0
949 0
951 0
952 0
954 0
961 0
964 0
965 0
966 0
967 0
972 0
974 0
976 0
977 0
980 0
984 0
985 0
990 0
992 0
994 0
995 0
996 0
997 0
998 0
999 0
