c This is a uniform distributed  1-D DIMACS file 
c width height point_number
p 1000 1000 512
1 0
2 0
6 0
8 0
9 0
10 0
13 0
14 0
16 0
20 0
23 0
24 0
27 0
29 0
30 0
32 0
34 0
36 0
44 0
47 0
49 0
50 0
53 0
54 0
57 0
59 0
60 0
62 0
65 0
67 0
68 0
70 0
76 0
77 0
79 0
80 0
83 0
84 0
85 0
86 0
87 0
93 0
94 0
96 0
97 0
102 0
103 0
105 0
106 0
109 0
111 0
114 0
115 0
116 0
118 0
119 0
122 0
126 0
128 0
130 0
134 0
136 0
137 0
138 0
141 0
143 0
145 0
148 0
150 0
154 0
155 0
156 0
157 0
158 0
159 0
161 0
162 0
163 0
164 0
168 0
169 0
170 0
172 0
173 0
178 0
180 0
183 0
184 0
186 0
187 0
188 0
189 0
191 0
199 0
202 0
203 0
204 0
205 0
206 0
207 0
209 0
210 0
213 0
215 0
216 0
217 0
218 0
220 0
221 0
223 0
225 0
226 0
227 0
230 0
231 0
233 0
235 0
236 0
237 0
239 0
240 0
241 0
242 0
243 0
244 0
245 0
246 0
248 0
249 0
251 0
254 0
262 0
263 0
264 0
265 0
267 0
271 0
273 0
275 0
276 0
277 0
279 0
283 0
286 0
287 0
291 0
292 0
293 0
294 0
297 0
298 0
299 0
302 0
304 0
306 0
307 0
308 0
309 0
311 0
313 0
315 0
316 0
318 0
319 0
320 0
321 0
327 0
329 0
330 0
332 0
333 0
334 0
337 0
339 0
340 0
341 0
348 0
349 0
350 0
351 0
354 0
355 0
356 0
357 0
358 0
359 0
361 0
362 0
365 0
367 0
372 0
375 0
376 0
378 0
379 0
382 0
383 0
386 0
387 0
388 0
389 0
390 0
392 0
396 0
400 0
401 0
402 0
404 0
405 0
406 0
407 0
408 0
414 0
417 0
418 0
420 0
421 0
424 0
425 0
427 0
428 0
429 0
431 0
433 0
435 0
436 0
437 0
439 0
441 0
444 0
448 0
453 0
456 0
457 0
458 0
461 0
464 0
466 0
468 0
469 0
470 0
471 0
473 0
474 0
475 0
478 0
482 0
484 0
485 0
487 0
488 0
489 0
492 0
493 0
498 0
501 0
502 0
506 0
508 0
509 0
511 0
512 0
514 0
516 0
522 0
523 0
524 0
525 0
527 0
529 0
531 0
532 0
533 0
535 0
537 0
538 0
540 0
541 0
542 0
546 0
547 0
548 0
553 0
554 0
555 0
556 0
558 0
570 0
572 0
574 0
576 0
578 0
580 0
586 0
587 0
588 0
589 0
594 0
596 0
597 0
599 0
600 0
605 0
606 0
613 0
614 0
616 0
620 0
621 0
623 0
624 0
625 0
626 0
627 0
628 0
630 0
631 0
632 0
633 0
634 0
638 0
639 0
641 0
643 0
644 0
647 0
651 0
652 0
653 0
654 0
655 0
657 0
660 0
663 0
664 0
665 0
669 0
670 0
677 0
679 0
681 0
683 0
684 0
686 0
688 0
689 0
693 0
695 0
696 0
697 0
699 0
704 0
709 0
710 0
711 0
712 0
714 0
715 0
716 0
718 0
719 0
720 0
721 0
723 0
726 0
728 0
729 0
730 0
731 0
734 0
735 0
737 0
738 0
739 0
740 0
744 0
745 0
747 0
750 0
751 0
752 0
753 0
755 0
759 0
761 0
762 0
763 0
764 0
773 0
775 0
779 0
782 0
787 0
791 0
794 0
795 0
797 0
798 0
800 0
803 0
807 0
809 0
810 0
811 0
813 0
815 0
817 0
818 0
820 0
821 0
822 0
824 0
825 0
826 0
827 0
831 0
833 0
836 0
837 0
838 0
839 0
840 0
842 0
843 0
844 0
845 0
848 0
849 0
850 0
851 0
852 0
853 0
854 0
855 0
860 0
863 0
865 0
868 0
869 0
870 0
871 0
876 0
877 0
883 0
884 0
885 0
886 0
887 0
889 0
892 0
893 0
897 0
898 0
899 0
900 0
903 0
905 0
906 0
907 0
908 0
909 0
910 0
912 0
915 0
916 0
917 0
919 0
920 0
922 0
927 0
929 0
931 0
933 0
934 0
935 0
937 0
938 0
939 0
940 0
942 0
943 0
945 0
946 0
947 0
949 0
951 0
953 0
954 0
957 0
958 0
960 0
961 0
962 0
963 0
964 0
965 0
966 0
967 0
968 0
971 0
973 0
974 0
976 0
979 0
982 0
983 0
986 0
987 0
988 0
989 0
997 0
998 0
