c This is a uniform distributed  1-D DIMACS file 
c width height point_number
p 1000 1000 512
1 0
3 0
5 0
6 0
7 0
10 0
12 0
14 0
15 0
19 0
20 0
21 0
22 0
23 0
25 0
26 0
27 0
28 0
31 0
32 0
36 0
39 0
40 0
41 0
42 0
43 0
44 0
45 0
46 0
47 0
48 0
56 0
58 0
59 0
60 0
63 0
64 0
65 0
66 0
67 0
68 0
72 0
73 0
78 0
79 0
80 0
83 0
84 0
86 0
88 0
90 0
94 0
95 0
96 0
97 0
105 0
109 0
110 0
111 0
115 0
121 0
122 0
123 0
124 0
125 0
126 0
128 0
129 0
130 0
132 0
134 0
137 0
138 0
140 0
141 0
144 0
147 0
148 0
150 0
151 0
152 0
155 0
158 0
160 0
162 0
167 0
169 0
170 0
171 0
174 0
175 0
176 0
178 0
181 0
182 0
191 0
193 0
194 0
196 0
197 0
199 0
200 0
201 0
202 0
203 0
204 0
205 0
206 0
208 0
210 0
211 0
214 0
215 0
217 0
219 0
220 0
226 0
227 0
228 0
233 0
235 0
236 0
237 0
238 0
239 0
240 0
244 0
246 0
247 0
248 0
249 0
250 0
251 0
253 0
255 0
258 0
262 0
264 0
265 0
267 0
272 0
273 0
274 0
275 0
276 0
277 0
278 0
280 0
285 0
286 0
287 0
288 0
289 0
290 0
293 0
294 0
296 0
298 0
299 0
300 0
303 0
307 0
312 0
313 0
321 0
324 0
326 0
327 0
329 0
330 0
332 0
333 0
338 0
339 0
341 0
343 0
344 0
345 0
348 0
350 0
353 0
354 0
356 0
357 0
359 0
362 0
365 0
366 0
370 0
371 0
376 0
381 0
386 0
387 0
388 0
391 0
394 0
395 0
399 0
401 0
402 0
403 0
404 0
406 0
408 0
409 0
410 0
411 0
412 0
414 0
415 0
418 0
419 0
420 0
421 0
422 0
425 0
426 0
428 0
429 0
431 0
432 0
434 0
436 0
438 0
441 0
442 0
444 0
445 0
446 0
447 0
448 0
451 0
452 0
454 0
458 0
465 0
466 0
467 0
468 0
472 0
473 0
474 0
475 0
480 0
481 0
482 0
485 0
486 0
489 0
490 0
492 0
493 0
494 0
495 0
496 0
501 0
506 0
508 0
510 0
513 0
514 0
515 0
517 0
519 0
520 0
524 0
525 0
526 0
528 0
529 0
530 0
531 0
532 0
534 0
535 0
538 0
539 0
543 0
544 0
545 0
546 0
547 0
549 0
551 0
552 0
553 0
555 0
556 0
559 0
560 0
561 0
562 0
563 0
564 0
567 0
570 0
572 0
578 0
579 0
582 0
583 0
587 0
588 0
594 0
595 0
597 0
600 0
602 0
604 0
605 0
606 0
607 0
608 0
609 0
612 0
613 0
614 0
617 0
618 0
619 0
620 0
621 0
622 0
624 0
628 0
631 0
633 0
634 0
635 0
636 0
637 0
638 0
640 0
642 0
643 0
644 0
646 0
649 0
651 0
653 0
654 0
659 0
660 0
662 0
663 0
667 0
668 0
670 0
675 0
676 0
679 0
680 0
683 0
684 0
685 0
686 0
690 0
693 0
694 0
695 0
696 0
698 0
701 0
702 0
703 0
704 0
705 0
706 0
707 0
708 0
709 0
710 0
712 0
713 0
715 0
716 0
717 0
718 0
720 0
725 0
728 0
729 0
730 0
731 0
733 0
734 0
736 0
739 0
740 0
741 0
743 0
747 0
748 0
751 0
752 0
757 0
759 0
761 0
763 0
766 0
767 0
768 0
770 0
773 0
774 0
775 0
777 0
781 0
782 0
786 0
790 0
792 0
795 0
796 0
802 0
803 0
804 0
805 0
807 0
808 0
809 0
810 0
811 0
812 0
814 0
816 0
818 0
822 0
823 0
825 0
826 0
829 0
830 0
832 0
833 0
834 0
835 0
840 0
841 0
842 0
845 0
849 0
852 0
855 0
856 0
860 0
862 0
863 0
864 0
867 0
869 0
873 0
874 0
875 0
879 0
880 0
881 0
887 0
888 0
893 0
897 0
900 0
901 0
902 0
904 0
905 0
906 0
909 0
910 0
911 0
913 0
915 0
916 0
918 0
920 0
921 0
922 0
924 0
935 0
936 0
937 0
938 0
942 0
944 0
945 0
947 0
949 0
953 0
957 0
958 0
961 0
965 0
969 0
970 0
971 0
974 0
975 0
976 0
977 0
978 0
980 0
982 0
984 0
985 0
986 0
987 0
989 0
990 0
992 0
993 0
995 0
