c This is a uniform distributed  1-D DIMACS file 
c width height point_number
p 1000 1000 512
2 0
4 0
5 0
8 0
11 0
12 0
15 0
23 0
24 0
26 0
27 0
29 0
30 0
31 0
32 0
34 0
37 0
38 0
40 0
41 0
42 0
43 0
48 0
51 0
56 0
57 0
63 0
68 0
69 0
71 0
72 0
75 0
76 0
79 0
80 0
82 0
83 0
87 0
92 0
93 0
96 0
98 0
99 0
102 0
104 0
106 0
108 0
109 0
110 0
112 0
114 0
115 0
116 0
117 0
118 0
119 0
122 0
125 0
127 0
129 0
130 0
131 0
133 0
135 0
147 0
148 0
151 0
153 0
159 0
160 0
162 0
164 0
167 0
168 0
169 0
172 0
173 0
176 0
180 0
182 0
183 0
184 0
187 0
189 0
190 0
191 0
192 0
193 0
194 0
196 0
197 0
198 0
201 0
203 0
207 0
209 0
210 0
211 0
212 0
213 0
214 0
217 0
219 0
222 0
223 0
226 0
227 0
228 0
234 0
236 0
237 0
238 0
239 0
240 0
242 0
243 0
244 0
246 0
249 0
250 0
251 0
255 0
257 0
258 0
259 0
262 0
263 0
264 0
266 0
267 0
269 0
270 0
275 0
278 0
284 0
285 0
286 0
287 0
288 0
290 0
291 0
292 0
293 0
294 0
295 0
296 0
297 0
298 0
299 0
301 0
302 0
303 0
307 0
308 0
309 0
314 0
315 0
316 0
317 0
318 0
320 0
327 0
330 0
331 0
332 0
337 0
341 0
342 0
345 0
348 0
349 0
350 0
351 0
352 0
353 0
354 0
357 0
358 0
359 0
360 0
361 0
363 0
365 0
366 0
367 0
370 0
371 0
373 0
374 0
375 0
377 0
378 0
379 0
380 0
381 0
382 0
387 0
389 0
392 0
395 0
396 0
397 0
398 0
400 0
401 0
402 0
403 0
406 0
407 0
409 0
410 0
412 0
413 0
415 0
421 0
422 0
424 0
428 0
431 0
432 0
433 0
436 0
437 0
438 0
439 0
441 0
442 0
443 0
445 0
446 0
448 0
452 0
455 0
456 0
458 0
460 0
462 0
463 0
464 0
466 0
467 0
468 0
472 0
474 0
475 0
476 0
477 0
478 0
479 0
480 0
483 0
485 0
487 0
489 0
491 0
492 0
497 0
499 0
500 0
501 0
502 0
503 0
504 0
505 0
507 0
508 0
509 0
511 0
512 0
520 0
521 0
522 0
523 0
524 0
525 0
529 0
534 0
536 0
537 0
538 0
539 0
540 0
541 0
545 0
548 0
549 0
550 0
555 0
556 0
557 0
558 0
559 0
560 0
561 0
562 0
566 0
567 0
569 0
572 0
574 0
575 0
576 0
577 0
579 0
580 0
581 0
582 0
583 0
584 0
587 0
589 0
592 0
593 0
594 0
595 0
597 0
598 0
603 0
604 0
605 0
608 0
609 0
610 0
611 0
612 0
614 0
615 0
621 0
622 0
624 0
629 0
632 0
634 0
637 0
639 0
640 0
641 0
642 0
643 0
645 0
646 0
647 0
648 0
650 0
653 0
655 0
656 0
657 0
659 0
660 0
663 0
665 0
666 0
667 0
670 0
672 0
674 0
675 0
679 0
680 0
687 0
688 0
689 0
691 0
694 0
695 0
697 0
698 0
699 0
700 0
703 0
705 0
707 0
709 0
710 0
711 0
712 0
713 0
716 0
720 0
724 0
725 0
728 0
729 0
734 0
735 0
736 0
737 0
738 0
741 0
742 0
743 0
748 0
752 0
753 0
757 0
759 0
762 0
766 0
773 0
775 0
776 0
778 0
780 0
783 0
784 0
787 0
788 0
790 0
791 0
793 0
795 0
798 0
800 0
802 0
803 0
804 0
805 0
806 0
807 0
810 0
816 0
820 0
824 0
825 0
826 0
827 0
828 0
829 0
830 0
831 0
832 0
835 0
838 0
839 0
840 0
841 0
847 0
850 0
852 0
853 0
858 0
859 0
861 0
865 0
867 0
869 0
871 0
872 0
874 0
875 0
877 0
878 0
882 0
884 0
885 0
886 0
895 0
896 0
897 0
899 0
900 0
903 0
904 0
908 0
909 0
911 0
914 0
915 0
917 0
918 0
919 0
920 0
923 0
925 0
926 0
927 0
928 0
929 0
930 0
932 0
935 0
940 0
941 0
947 0
948 0
951 0
956 0
958 0
960 0
962 0
963 0
964 0
965 0
966 0
969 0
970 0
972 0
975 0
976 0
977 0
978 0
981 0
983 0
984 0
986 0
987 0
989 0
990 0
991 0
994 0
999 0
