c This is a uniform distributed  1-D DIMACS file 
c width height point_number
p 1000 1000 512
3 0
5 0
6 0
7 0
8 0
9 0
11 0
14 0
15 0
17 0
19 0
23 0
24 0
26 0
27 0
29 0
31 0
32 0
33 0
34 0
38 0
40 0
41 0
42 0
44 0
45 0
47 0
51 0
52 0
53 0
54 0
55 0
56 0
57 0
59 0
60 0
61 0
66 0
67 0
71 0
73 0
74 0
75 0
76 0
77 0
78 0
79 0
81 0
82 0
84 0
85 0
86 0
87 0
88 0
90 0
93 0
96 0
98 0
99 0
100 0
101 0
102 0
105 0
107 0
108 0
109 0
111 0
113 0
114 0
115 0
116 0
117 0
118 0
119 0
125 0
127 0
130 0
132 0
133 0
134 0
136 0
138 0
147 0
150 0
152 0
154 0
155 0
156 0
157 0
158 0
159 0
161 0
162 0
163 0
165 0
167 0
168 0
169 0
170 0
171 0
172 0
173 0
174 0
176 0
178 0
182 0
183 0
185 0
188 0
193 0
194 0
195 0
196 0
198 0
199 0
200 0
201 0
202 0
204 0
207 0
208 0
210 0
212 0
213 0
214 0
216 0
218 0
220 0
223 0
225 0
226 0
228 0
230 0
233 0
240 0
241 0
244 0
248 0
249 0
253 0
254 0
255 0
256 0
258 0
259 0
260 0
261 0
263 0
264 0
265 0
266 0
267 0
268 0
273 0
275 0
278 0
279 0
280 0
281 0
282 0
288 0
290 0
293 0
296 0
297 0
299 0
300 0
301 0
302 0
304 0
305 0
307 0
308 0
310 0
316 0
317 0
319 0
321 0
322 0
323 0
325 0
328 0
329 0
330 0
331 0
334 0
338 0
340 0
341 0
342 0
344 0
347 0
348 0
351 0
353 0
356 0
357 0
359 0
363 0
365 0
366 0
367 0
368 0
369 0
373 0
374 0
376 0
377 0
378 0
379 0
380 0
382 0
388 0
394 0
398 0
403 0
404 0
406 0
408 0
409 0
411 0
412 0
413 0
414 0
415 0
416 0
418 0
421 0
423 0
425 0
426 0
431 0
433 0
435 0
436 0
437 0
438 0
444 0
450 0
453 0
457 0
458 0
459 0
460 0
462 0
466 0
468 0
470 0
472 0
473 0
474 0
475 0
479 0
482 0
483 0
485 0
487 0
488 0
489 0
492 0
493 0
494 0
497 0
500 0
502 0
509 0
511 0
513 0
517 0
518 0
519 0
522 0
527 0
532 0
533 0
534 0
539 0
540 0
541 0
542 0
544 0
545 0
547 0
549 0
552 0
553 0
554 0
555 0
556 0
557 0
558 0
559 0
561 0
562 0
563 0
567 0
571 0
572 0
573 0
574 0
575 0
576 0
577 0
583 0
586 0
591 0
592 0
593 0
594 0
596 0
601 0
604 0
606 0
608 0
609 0
610 0
614 0
617 0
619 0
620 0
622 0
624 0
626 0
629 0
631 0
635 0
636 0
637 0
638 0
641 0
642 0
644 0
646 0
647 0
649 0
650 0
651 0
652 0
657 0
658 0
661 0
664 0
665 0
666 0
667 0
668 0
671 0
673 0
674 0
676 0
681 0
682 0
685 0
686 0
687 0
688 0
692 0
694 0
699 0
701 0
702 0
704 0
705 0
707 0
711 0
712 0
713 0
715 0
717 0
719 0
722 0
725 0
726 0
729 0
733 0
736 0
738 0
739 0
740 0
742 0
744 0
745 0
748 0
751 0
753 0
754 0
755 0
756 0
757 0
759 0
760 0
763 0
764 0
765 0
766 0
770 0
772 0
775 0
777 0
778 0
781 0
782 0
784 0
785 0
788 0
789 0
791 0
792 0
793 0
794 0
795 0
796 0
798 0
800 0
801 0
802 0
803 0
804 0
805 0
807 0
809 0
811 0
812 0
815 0
817 0
818 0
819 0
820 0
824 0
826 0
827 0
828 0
829 0
830 0
835 0
837 0
839 0
843 0
844 0
845 0
846 0
848 0
850 0
853 0
854 0
856 0
858 0
860 0
863 0
864 0
867 0
868 0
873 0
874 0
876 0
877 0
879 0
880 0
881 0
883 0
885 0
886 0
891 0
892 0
895 0
896 0
897 0
898 0
900 0
902 0
903 0
907 0
909 0
913 0
919 0
921 0
922 0
923 0
925 0
928 0
929 0
930 0
931 0
932 0
933 0
935 0
937 0
942 0
945 0
946 0
948 0
949 0
950 0
951 0
954 0
957 0
958 0
959 0
963 0
965 0
968 0
971 0
974 0
978 0
983 0
985 0
986 0
988 0
992 0
995 0
996 0
999 0
