c This is a uniform distributed  1-D DIMACS file 
c width height point_number
p 1000 1000 512
3 0
5 0
7 0
8 0
9 0
13 0
16 0
17 0
18 0
19 0
20 0
23 0
24 0
26 0
27 0
28 0
29 0
30 0
31 0
37 0
41 0
42 0
44 0
46 0
49 0
57 0
58 0
60 0
61 0
62 0
66 0
70 0
74 0
77 0
78 0
79 0
80 0
83 0
85 0
87 0
90 0
92 0
94 0
97 0
98 0
99 0
102 0
105 0
106 0
110 0
111 0
114 0
124 0
125 0
126 0
127 0
128 0
129 0
132 0
134 0
136 0
139 0
140 0
142 0
144 0
145 0
146 0
148 0
150 0
153 0
154 0
155 0
156 0
158 0
159 0
160 0
162 0
163 0
165 0
166 0
168 0
172 0
174 0
175 0
176 0
178 0
179 0
182 0
185 0
188 0
191 0
192 0
196 0
200 0
204 0
205 0
206 0
207 0
208 0
209 0
212 0
214 0
215 0
216 0
219 0
222 0
223 0
224 0
226 0
228 0
229 0
231 0
232 0
233 0
236 0
237 0
238 0
239 0
240 0
241 0
242 0
246 0
248 0
249 0
251 0
252 0
256 0
258 0
259 0
260 0
261 0
263 0
267 0
268 0
269 0
272 0
273 0
278 0
280 0
284 0
286 0
287 0
288 0
289 0
292 0
296 0
298 0
299 0
300 0
303 0
305 0
306 0
310 0
311 0
313 0
314 0
315 0
317 0
318 0
320 0
321 0
322 0
324 0
325 0
326 0
328 0
329 0
331 0
333 0
334 0
335 0
336 0
338 0
339 0
340 0
343 0
345 0
347 0
348 0
350 0
351 0
352 0
356 0
357 0
358 0
359 0
360 0
361 0
362 0
364 0
366 0
367 0
368 0
370 0
371 0
375 0
376 0
377 0
379 0
380 0
384 0
385 0
387 0
388 0
389 0
390 0
392 0
393 0
395 0
396 0
401 0
402 0
405 0
406 0
407 0
408 0
411 0
413 0
414 0
415 0
419 0
422 0
423 0
424 0
425 0
427 0
428 0
431 0
432 0
434 0
437 0
440 0
441 0
442 0
447 0
451 0
453 0
454 0
456 0
457 0
463 0
465 0
468 0
471 0
472 0
474 0
477 0
480 0
481 0
482 0
484 0
485 0
486 0
488 0
489 0
492 0
493 0
494 0
495 0
498 0
499 0
502 0
503 0
505 0
508 0
509 0
510 0
513 0
516 0
517 0
520 0
522 0
524 0
526 0
529 0
530 0
531 0
532 0
534 0
536 0
537 0
539 0
540 0
544 0
545 0
547 0
548 0
550 0
552 0
556 0
558 0
559 0
560 0
561 0
563 0
565 0
566 0
567 0
572 0
574 0
577 0
578 0
580 0
587 0
588 0
589 0
590 0
592 0
593 0
596 0
597 0
598 0
599 0
600 0
602 0
604 0
605 0
606 0
608 0
609 0
612 0
614 0
616 0
618 0
620 0
621 0
622 0
631 0
632 0
633 0
635 0
636 0
639 0
640 0
641 0
642 0
643 0
647 0
649 0
651 0
656 0
657 0
658 0
665 0
667 0
669 0
670 0
672 0
675 0
677 0
680 0
681 0
682 0
683 0
684 0
688 0
693 0
694 0
695 0
697 0
699 0
703 0
704 0
705 0
707 0
708 0
712 0
713 0
714 0
715 0
716 0
717 0
718 0
720 0
722 0
723 0
724 0
728 0
731 0
732 0
734 0
736 0
737 0
739 0
745 0
746 0
747 0
748 0
749 0
750 0
751 0
752 0
753 0
756 0
757 0
758 0
759 0
760 0
762 0
764 0
765 0
766 0
769 0
773 0
776 0
778 0
780 0
782 0
784 0
785 0
786 0
788 0
797 0
798 0
799 0
801 0
802 0
807 0
808 0
809 0
810 0
811 0
812 0
815 0
820 0
821 0
823 0
824 0
825 0
826 0
828 0
831 0
832 0
833 0
835 0
836 0
837 0
844 0
848 0
849 0
850 0
851 0
852 0
854 0
855 0
857 0
864 0
866 0
867 0
876 0
878 0
879 0
882 0
883 0
888 0
890 0
892 0
893 0
894 0
895 0
897 0
898 0
903 0
905 0
907 0
911 0
912 0
913 0
915 0
916 0
918 0
919 0
924 0
925 0
926 0
927 0
932 0
936 0
938 0
939 0
940 0
941 0
943 0
945 0
948 0
950 0
953 0
956 0
957 0
960 0
962 0
964 0
965 0
967 0
968 0
969 0
972 0
974 0
976 0
978 0
979 0
982 0
983 0
984 0
985 0
986 0
987 0
989 0
994 0
996 0
997 0
999 0
