c This is a uniform distributed  1-D DIMACS file 
c width height point_number
p 1000 1000 512
1 0
2 0
4 0
5 0
9 0
10 0
12 0
14 0
15 0
19 0
21 0
25 0
27 0
32 0
33 0
34 0
35 0
36 0
39 0
43 0
46 0
49 0
50 0
51 0
52 0
53 0
55 0
56 0
57 0
63 0
64 0
67 0
68 0
70 0
71 0
74 0
77 0
79 0
80 0
84 0
85 0
86 0
88 0
89 0
91 0
93 0
94 0
99 0
103 0
107 0
108 0
109 0
110 0
112 0
113 0
117 0
125 0
126 0
127 0
128 0
129 0
131 0
132 0
133 0
134 0
138 0
141 0
142 0
143 0
144 0
146 0
149 0
151 0
152 0
153 0
157 0
158 0
160 0
162 0
163 0
164 0
165 0
167 0
168 0
169 0
170 0
173 0
175 0
176 0
177 0
179 0
181 0
183 0
185 0
187 0
188 0
189 0
190 0
192 0
193 0
196 0
204 0
206 0
207 0
208 0
209 0
211 0
212 0
214 0
218 0
220 0
221 0
222 0
223 0
226 0
228 0
230 0
231 0
234 0
235 0
237 0
238 0
239 0
240 0
244 0
245 0
247 0
248 0
249 0
252 0
253 0
254 0
259 0
260 0
264 0
266 0
269 0
272 0
273 0
274 0
276 0
277 0
281 0
282 0
289 0
290 0
292 0
293 0
297 0
299 0
300 0
301 0
302 0
303 0
307 0
308 0
311 0
312 0
313 0
320 0
322 0
323 0
326 0
328 0
330 0
331 0
332 0
334 0
336 0
338 0
339 0
340 0
343 0
344 0
345 0
347 0
350 0
355 0
356 0
359 0
365 0
366 0
369 0
370 0
371 0
372 0
373 0
376 0
377 0
378 0
380 0
382 0
383 0
386 0
389 0
391 0
392 0
393 0
394 0
397 0
398 0
399 0
408 0
412 0
417 0
419 0
420 0
422 0
423 0
426 0
429 0
431 0
432 0
435 0
437 0
438 0
440 0
443 0
447 0
452 0
453 0
454 0
455 0
456 0
458 0
459 0
460 0
461 0
463 0
465 0
466 0
467 0
468 0
470 0
471 0
473 0
474 0
476 0
478 0
479 0
481 0
482 0
484 0
487 0
488 0
490 0
491 0
492 0
494 0
496 0
497 0
499 0
500 0
501 0
502 0
504 0
506 0
509 0
510 0
511 0
512 0
514 0
515 0
516 0
517 0
519 0
520 0
521 0
523 0
527 0
529 0
532 0
540 0
541 0
542 0
543 0
546 0
550 0
552 0
555 0
556 0
559 0
560 0
561 0
563 0
564 0
567 0
569 0
574 0
575 0
578 0
579 0
580 0
581 0
584 0
586 0
591 0
592 0
593 0
595 0
598 0
599 0
600 0
604 0
606 0
608 0
610 0
611 0
612 0
614 0
615 0
618 0
620 0
621 0
624 0
626 0
627 0
629 0
633 0
635 0
638 0
639 0
640 0
643 0
644 0
645 0
647 0
653 0
654 0
656 0
657 0
660 0
667 0
670 0
672 0
673 0
674 0
676 0
678 0
679 0
680 0
683 0
684 0
688 0
689 0
691 0
692 0
694 0
695 0
696 0
697 0
698 0
703 0
705 0
706 0
709 0
710 0
711 0
712 0
713 0
714 0
715 0
717 0
718 0
720 0
723 0
724 0
725 0
726 0
727 0
729 0
732 0
733 0
734 0
736 0
738 0
739 0
742 0
743 0
746 0
747 0
749 0
753 0
754 0
756 0
757 0
761 0
763 0
764 0
767 0
770 0
773 0
775 0
776 0
777 0
780 0
784 0
785 0
788 0
789 0
791 0
793 0
794 0
796 0
797 0
798 0
799 0
803 0
804 0
806 0
808 0
810 0
811 0
814 0
815 0
819 0
820 0
823 0
824 0
825 0
828 0
832 0
833 0
834 0
836 0
838 0
841 0
842 0
844 0
849 0
852 0
853 0
858 0
859 0
862 0
865 0
867 0
868 0
869 0
871 0
872 0
873 0
874 0
877 0
879 0
880 0
881 0
882 0
883 0
884 0
885 0
888 0
889 0
891 0
895 0
900 0
902 0
903 0
905 0
906 0
907 0
908 0
912 0
913 0
915 0
917 0
918 0
919 0
922 0
923 0
924 0
929 0
930 0
933 0
935 0
936 0
938 0
939 0
940 0
941 0
942 0
943 0
944 0
947 0
948 0
949 0
951 0
953 0
954 0
955 0
959 0
961 0
962 0
963 0
964 0
969 0
970 0
971 0
973 0
974 0
975 0
976 0
977 0
978 0
979 0
982 0
986 0
988 0
989 0
992 0
995 0
997 0
