c This is a uniform distributed  1-D DIMACS file 
c width height point_number
p 1000 1000 512
1 0
2 0
4 0
6 0
8 0
9 0
11 0
12 0
16 0
18 0
21 0
22 0
25 0
29 0
30 0
31 0
32 0
33 0
34 0
35 0
37 0
39 0
41 0
42 0
49 0
50 0
51 0
54 0
55 0
57 0
59 0
60 0
63 0
64 0
65 0
68 0
70 0
74 0
75 0
76 0
79 0
81 0
82 0
85 0
86 0
87 0
88 0
91 0
92 0
95 0
96 0
99 0
100 0
106 0
108 0
112 0
113 0
115 0
116 0
118 0
121 0
122 0
123 0
126 0
130 0
134 0
138 0
142 0
144 0
145 0
146 0
151 0
152 0
154 0
155 0
156 0
159 0
161 0
162 0
164 0
168 0
175 0
176 0
178 0
180 0
182 0
184 0
185 0
186 0
189 0
190 0
191 0
193 0
194 0
198 0
199 0
203 0
204 0
206 0
207 0
208 0
211 0
213 0
215 0
218 0
221 0
222 0
226 0
227 0
228 0
229 0
230 0
232 0
234 0
236 0
237 0
238 0
239 0
241 0
244 0
246 0
247 0
249 0
251 0
252 0
254 0
257 0
258 0
259 0
260 0
262 0
263 0
264 0
265 0
266 0
268 0
269 0
271 0
272 0
275 0
281 0
282 0
283 0
286 0
287 0
289 0
290 0
292 0
295 0
296 0
298 0
299 0
300 0
301 0
303 0
304 0
305 0
306 0
308 0
310 0
311 0
315 0
316 0
317 0
323 0
326 0
327 0
328 0
330 0
331 0
332 0
333 0
334 0
335 0
337 0
338 0
340 0
342 0
343 0
344 0
345 0
346 0
349 0
351 0
353 0
354 0
355 0
356 0
359 0
360 0
362 0
364 0
365 0
366 0
368 0
369 0
371 0
373 0
375 0
378 0
385 0
388 0
389 0
390 0
392 0
396 0
400 0
402 0
403 0
404 0
408 0
409 0
410 0
412 0
414 0
415 0
417 0
420 0
421 0
425 0
429 0
432 0
433 0
435 0
436 0
438 0
441 0
442 0
443 0
446 0
448 0
450 0
452 0
453 0
454 0
455 0
456 0
457 0
458 0
459 0
461 0
462 0
465 0
469 0
470 0
471 0
472 0
473 0
474 0
475 0
476 0
478 0
481 0
483 0
484 0
487 0
488 0
490 0
492 0
494 0
495 0
497 0
498 0
499 0
502 0
508 0
511 0
512 0
514 0
515 0
516 0
518 0
520 0
523 0
528 0
531 0
532 0
539 0
540 0
541 0
544 0
545 0
546 0
547 0
549 0
554 0
557 0
558 0
560 0
561 0
563 0
564 0
566 0
567 0
569 0
571 0
572 0
573 0
578 0
581 0
584 0
585 0
587 0
588 0
589 0
592 0
593 0
594 0
596 0
597 0
598 0
601 0
605 0
607 0
610 0
611 0
613 0
614 0
615 0
616 0
619 0
620 0
621 0
623 0
624 0
627 0
630 0
631 0
635 0
637 0
639 0
640 0
644 0
645 0
646 0
647 0
648 0
649 0
651 0
652 0
653 0
657 0
661 0
664 0
665 0
667 0
670 0
671 0
673 0
674 0
675 0
676 0
677 0
678 0
682 0
684 0
688 0
689 0
694 0
695 0
696 0
697 0
701 0
703 0
704 0
705 0
706 0
707 0
708 0
713 0
714 0
717 0
719 0
720 0
721 0
723 0
724 0
730 0
731 0
732 0
734 0
742 0
743 0
744 0
748 0
749 0
752 0
753 0
754 0
757 0
758 0
759 0
760 0
761 0
762 0
763 0
764 0
765 0
766 0
767 0
770 0
773 0
774 0
775 0
778 0
779 0
780 0
781 0
782 0
783 0
791 0
793 0
794 0
797 0
798 0
799 0
800 0
802 0
806 0
809 0
813 0
815 0
818 0
819 0
821 0
822 0
823 0
825 0
826 0
829 0
830 0
832 0
834 0
835 0
837 0
838 0
841 0
844 0
845 0
851 0
854 0
855 0
856 0
857 0
858 0
859 0
862 0
865 0
869 0
870 0
872 0
874 0
877 0
878 0
879 0
882 0
883 0
884 0
886 0
887 0
888 0
889 0
890 0
891 0
892 0
893 0
897 0
898 0
899 0
900 0
901 0
903 0
906 0
907 0
908 0
909 0
915 0
919 0
921 0
922 0
923 0
925 0
926 0
927 0
930 0
934 0
935 0
936 0
937 0
941 0
942 0
943 0
946 0
950 0
953 0
954 0
956 0
958 0
963 0
964 0
968 0
970 0
973 0
974 0
975 0
976 0
979 0
981 0
984 0
991 0
998 0
999 0
