c This is a uniform distributed  1-D DIMACS file 
c width height point_number
p 1000 1000 512
2 0
5 0
9 0
12 0
14 0
15 0
16 0
17 0
18 0
20 0
21 0
22 0
23 0
27 0
28 0
33 0
35 0
36 0
37 0
38 0
39 0
41 0
43 0
46 0
47 0
48 0
49 0
51 0
53 0
54 0
58 0
59 0
63 0
65 0
69 0
72 0
75 0
76 0
81 0
86 0
88 0
90 0
92 0
94 0
96 0
99 0
100 0
103 0
104 0
106 0
107 0
112 0
113 0
115 0
116 0
117 0
118 0
120 0
122 0
123 0
124 0
125 0
127 0
128 0
129 0
130 0
131 0
135 0
139 0
143 0
144 0
147 0
148 0
150 0
151 0
152 0
153 0
154 0
155 0
157 0
158 0
160 0
161 0
162 0
163 0
167 0
168 0
171 0
172 0
176 0
180 0
181 0
184 0
187 0
188 0
189 0
190 0
191 0
192 0
195 0
196 0
198 0
201 0
202 0
203 0
204 0
206 0
207 0
208 0
215 0
217 0
218 0
220 0
223 0
225 0
226 0
227 0
230 0
231 0
233 0
234 0
237 0
241 0
242 0
243 0
244 0
246 0
247 0
252 0
253 0
254 0
256 0
258 0
259 0
263 0
264 0
268 0
269 0
270 0
271 0
272 0
274 0
277 0
280 0
283 0
284 0
285 0
288 0
289 0
294 0
296 0
298 0
302 0
304 0
305 0
309 0
314 0
316 0
318 0
321 0
323 0
325 0
326 0
331 0
336 0
338 0
340 0
341 0
342 0
344 0
346 0
348 0
349 0
350 0
354 0
357 0
359 0
365 0
367 0
370 0
373 0
374 0
375 0
376 0
377 0
379 0
380 0
385 0
386 0
387 0
388 0
390 0
392 0
393 0
394 0
397 0
398 0
400 0
401 0
402 0
403 0
404 0
407 0
408 0
411 0
413 0
414 0
415 0
416 0
417 0
418 0
419 0
420 0
422 0
427 0
428 0
432 0
435 0
436 0
438 0
439 0
442 0
444 0
447 0
453 0
455 0
456 0
457 0
459 0
460 0
461 0
462 0
464 0
467 0
470 0
471 0
472 0
473 0
474 0
475 0
476 0
477 0
481 0
485 0
488 0
489 0
490 0
492 0
493 0
497 0
499 0
501 0
503 0
504 0
505 0
506 0
509 0
510 0
511 0
512 0
513 0
516 0
518 0
521 0
522 0
525 0
538 0
541 0
545 0
547 0
551 0
554 0
556 0
557 0
560 0
561 0
562 0
563 0
564 0
565 0
566 0
567 0
570 0
572 0
574 0
575 0
577 0
578 0
580 0
581 0
587 0
593 0
601 0
602 0
604 0
605 0
607 0
608 0
609 0
610 0
611 0
612 0
613 0
615 0
617 0
620 0
624 0
625 0
626 0
628 0
633 0
634 0
636 0
638 0
639 0
640 0
641 0
642 0
643 0
646 0
647 0
648 0
649 0
652 0
654 0
655 0
656 0
657 0
659 0
660 0
662 0
663 0
664 0
665 0
670 0
672 0
673 0
675 0
676 0
677 0
681 0
682 0
684 0
685 0
686 0
687 0
688 0
690 0
691 0
692 0
697 0
698 0
699 0
700 0
701 0
702 0
703 0
704 0
706 0
710 0
711 0
720 0
725 0
726 0
727 0
728 0
729 0
730 0
734 0
735 0
736 0
739 0
741 0
743 0
745 0
748 0
749 0
750 0
751 0
752 0
754 0
758 0
759 0
761 0
762 0
764 0
767 0
769 0
770 0
771 0
772 0
773 0
774 0
776 0
777 0
779 0
780 0
783 0
785 0
787 0
790 0
791 0
792 0
793 0
795 0
796 0
798 0
800 0
801 0
802 0
805 0
806 0
807 0
811 0
813 0
816 0
818 0
819 0
820 0
822 0
823 0
825 0
826 0
827 0
828 0
829 0
830 0
831 0
832 0
834 0
835 0
836 0
837 0
838 0
839 0
840 0
841 0
842 0
849 0
852 0
854 0
855 0
857 0
858 0
861 0
863 0
864 0
867 0
869 0
871 0
872 0
876 0
877 0
878 0
879 0
881 0
883 0
884 0
885 0
892 0
896 0
897 0
898 0
900 0
903 0
906 0
907 0
908 0
912 0
914 0
916 0
920 0
921 0
922 0
928 0
929 0
930 0
932 0
936 0
943 0
946 0
951 0
952 0
953 0
955 0
956 0
957 0
958 0
959 0
960 0
961 0
962 0
963 0
968 0
970 0
972 0
973 0
974 0
975 0
976 0
981 0
982 0
983 0
986 0
987 0
988 0
990 0
992 0
993 0
996 0
997 0
999 0
