c This is a uniform distributed  1-D DIMACS file 
c width height point_number
p 1000 1000 512
1 0
2 0
5 0
6 0
7 0
8 0
11 0
12 0
15 0
16 0
19 0
21 0
22 0
25 0
26 0
28 0
30 0
35 0
36 0
37 0
38 0
39 0
46 0
47 0
48 0
52 0
53 0
58 0
59 0
61 0
64 0
66 0
69 0
73 0
75 0
78 0
79 0
80 0
82 0
86 0
87 0
90 0
92 0
93 0
94 0
95 0
99 0
100 0
102 0
104 0
105 0
106 0
108 0
110 0
113 0
114 0
115 0
117 0
119 0
120 0
121 0
123 0
127 0
128 0
129 0
133 0
141 0
144 0
147 0
149 0
151 0
153 0
154 0
155 0
157 0
158 0
159 0
161 0
164 0
166 0
167 0
168 0
170 0
172 0
173 0
174 0
175 0
177 0
184 0
185 0
187 0
188 0
189 0
191 0
194 0
198 0
199 0
201 0
202 0
203 0
206 0
210 0
211 0
214 0
217 0
218 0
220 0
222 0
224 0
228 0
230 0
235 0
238 0
241 0
242 0
243 0
244 0
245 0
247 0
250 0
252 0
254 0
255 0
259 0
261 0
266 0
267 0
271 0
274 0
278 0
280 0
281 0
282 0
284 0
285 0
287 0
293 0
294 0
297 0
303 0
304 0
306 0
308 0
312 0
317 0
318 0
319 0
320 0
321 0
322 0
323 0
326 0
327 0
328 0
332 0
333 0
338 0
339 0
340 0
344 0
346 0
348 0
349 0
352 0
364 0
365 0
366 0
369 0
372 0
376 0
378 0
380 0
383 0
384 0
386 0
387 0
388 0
389 0
390 0
392 0
396 0
401 0
402 0
403 0
404 0
407 0
408 0
412 0
414 0
416 0
418 0
421 0
423 0
427 0
429 0
430 0
431 0
432 0
433 0
434 0
435 0
437 0
440 0
441 0
442 0
446 0
448 0
450 0
451 0
452 0
455 0
456 0
464 0
466 0
468 0
469 0
470 0
471 0
473 0
474 0
477 0
478 0
480 0
481 0
482 0
484 0
485 0
486 0
488 0
489 0
490 0
495 0
496 0
497 0
498 0
504 0
505 0
507 0
511 0
513 0
514 0
518 0
520 0
523 0
524 0
525 0
526 0
527 0
528 0
529 0
532 0
534 0
535 0
536 0
537 0
539 0
540 0
542 0
543 0
544 0
545 0
546 0
548 0
550 0
551 0
555 0
556 0
557 0
560 0
561 0
562 0
563 0
565 0
567 0
568 0
569 0
570 0
574 0
576 0
577 0
582 0
584 0
587 0
588 0
589 0
590 0
593 0
595 0
600 0
606 0
609 0
610 0
611 0
612 0
614 0
616 0
617 0
618 0
620 0
622 0
623 0
624 0
625 0
626 0
629 0
631 0
633 0
635 0
636 0
638 0
640 0
641 0
643 0
644 0
647 0
648 0
649 0
650 0
651 0
653 0
654 0
655 0
656 0
657 0
659 0
660 0
662 0
664 0
666 0
667 0
668 0
669 0
670 0
671 0
672 0
673 0
677 0
678 0
681 0
682 0
686 0
687 0
688 0
689 0
690 0
693 0
695 0
699 0
701 0
702 0
704 0
707 0
709 0
711 0
713 0
718 0
723 0
725 0
727 0
728 0
730 0
731 0
734 0
737 0
739 0
741 0
742 0
743 0
744 0
746 0
747 0
748 0
749 0
750 0
751 0
753 0
754 0
755 0
756 0
760 0
761 0
762 0
764 0
766 0
768 0
769 0
771 0
773 0
776 0
777 0
778 0
780 0
781 0
782 0
783 0
785 0
787 0
789 0
790 0
795 0
796 0
797 0
798 0
802 0
809 0
810 0
811 0
813 0
814 0
815 0
816 0
817 0
819 0
820 0
822 0
825 0
827 0
828 0
829 0
830 0
831 0
833 0
836 0
838 0
840 0
842 0
847 0
848 0
849 0
850 0
851 0
852 0
855 0
856 0
857 0
861 0
863 0
865 0
866 0
869 0
870 0
872 0
875 0
877 0
881 0
886 0
887 0
889 0
891 0
893 0
894 0
901 0
902 0
903 0
905 0
906 0
907 0
909 0
910 0
911 0
913 0
914 0
915 0
916 0
917 0
918 0
919 0
920 0
922 0
923 0
926 0
927 0
928 0
929 0
930 0
931 0
935 0
936 0
937 0
940 0
941 0
942 0
943 0
945 0
946 0
954 0
955 0
956 0
957 0
958 0
959 0
960 0
963 0
964 0
966 0
969 0
973 0
975 0
976 0
980 0
982 0
984 0
985 0
987 0
988 0
992 0
993 0
994 0
995 0
997 0
998 0
999 0
