c This is a uniform distributed  1-D DIMACS file 
c width height point_number
p 1000 1000 512
1 0
2 0
4 0
6 0
8 0
9 0
10 0
11 0
13 0
14 0
16 0
17 0
18 0
19 0
20 0
24 0
25 0
28 0
29 0
30 0
31 0
33 0
35 0
36 0
37 0
38 0
39 0
41 0
43 0
44 0
46 0
48 0
49 0
51 0
52 0
53 0
59 0
60 0
65 0
66 0
69 0
73 0
76 0
77 0
79 0
80 0
81 0
82 0
85 0
86 0
90 0
91 0
92 0
95 0
100 0
101 0
103 0
104 0
107 0
109 0
111 0
112 0
113 0
114 0
115 0
117 0
120 0
123 0
126 0
127 0
132 0
133 0
134 0
137 0
139 0
141 0
142 0
143 0
146 0
147 0
148 0
152 0
153 0
157 0
158 0
160 0
161 0
162 0
163 0
167 0
168 0
173 0
174 0
176 0
177 0
179 0
183 0
186 0
187 0
191 0
194 0
196 0
197 0
198 0
201 0
205 0
207 0
209 0
210 0
213 0
214 0
216 0
217 0
223 0
225 0
226 0
227 0
228 0
229 0
230 0
231 0
232 0
234 0
235 0
237 0
239 0
242 0
243 0
245 0
246 0
247 0
249 0
250 0
252 0
253 0
255 0
257 0
261 0
262 0
264 0
265 0
267 0
270 0
271 0
274 0
276 0
277 0
281 0
282 0
284 0
285 0
286 0
287 0
291 0
302 0
303 0
304 0
309 0
313 0
314 0
315 0
320 0
322 0
323 0
324 0
327 0
328 0
329 0
330 0
333 0
336 0
338 0
339 0
343 0
344 0
346 0
348 0
349 0
351 0
355 0
359 0
360 0
363 0
364 0
365 0
367 0
368 0
369 0
371 0
374 0
378 0
380 0
381 0
384 0
385 0
386 0
387 0
389 0
390 0
392 0
393 0
400 0
402 0
404 0
405 0
407 0
409 0
413 0
415 0
416 0
417 0
418 0
419 0
422 0
423 0
427 0
429 0
430 0
433 0
436 0
439 0
440 0
441 0
442 0
444 0
445 0
446 0
447 0
451 0
452 0
453 0
459 0
460 0
461 0
463 0
466 0
467 0
469 0
470 0
472 0
474 0
479 0
480 0
481 0
486 0
487 0
488 0
490 0
492 0
493 0
494 0
495 0
496 0
497 0
499 0
500 0
502 0
505 0
506 0
507 0
508 0
510 0
512 0
516 0
518 0
519 0
521 0
525 0
526 0
527 0
528 0
530 0
535 0
542 0
544 0
545 0
547 0
548 0
550 0
554 0
556 0
557 0
559 0
561 0
566 0
568 0
571 0
572 0
575 0
576 0
578 0
579 0
580 0
581 0
582 0
584 0
586 0
590 0
591 0
595 0
597 0
598 0
599 0
604 0
605 0
606 0
609 0
610 0
611 0
614 0
618 0
620 0
622 0
624 0
625 0
629 0
631 0
632 0
633 0
638 0
640 0
643 0
645 0
647 0
652 0
654 0
658 0
660 0
661 0
662 0
664 0
667 0
669 0
670 0
673 0
674 0
676 0
677 0
679 0
681 0
683 0
684 0
685 0
687 0
688 0
689 0
690 0
691 0
694 0
695 0
699 0
700 0
702 0
704 0
705 0
706 0
707 0
712 0
716 0
717 0
718 0
719 0
722 0
724 0
726 0
728 0
729 0
732 0
735 0
736 0
738 0
739 0
740 0
741 0
742 0
744 0
745 0
746 0
748 0
749 0
750 0
754 0
757 0
759 0
761 0
765 0
766 0
767 0
770 0
771 0
774 0
775 0
778 0
779 0
780 0
782 0
788 0
790 0
792 0
793 0
794 0
800 0
802 0
803 0
804 0
805 0
806 0
807 0
809 0
812 0
813 0
814 0
817 0
818 0
819 0
823 0
828 0
831 0
832 0
833 0
839 0
840 0
841 0
843 0
844 0
846 0
847 0
849 0
850 0
851 0
852 0
854 0
855 0
856 0
859 0
860 0
863 0
864 0
866 0
867 0
868 0
869 0
870 0
871 0
872 0
873 0
874 0
875 0
876 0
877 0
880 0
881 0
883 0
884 0
886 0
887 0
890 0
891 0
892 0
893 0
895 0
897 0
898 0
901 0
903 0
905 0
909 0
910 0
913 0
918 0
919 0
922 0
924 0
925 0
927 0
928 0
929 0
930 0
931 0
932 0
934 0
935 0
936 0
940 0
941 0
945 0
946 0
948 0
949 0
952 0
954 0
956 0
957 0
958 0
961 0
964 0
967 0
969 0
970 0
971 0
979 0
980 0
982 0
986 0
987 0
988 0
989 0
990 0
991 0
992 0
996 0
997 0
