c This is a uniform distributed  1-D DIMACS file 
c width height point_number
p 1000 1000 512
1 0
2 0
3 0
5 0
6 0
7 0
10 0
15 0
16 0
17 0
18 0
20 0
21 0
23 0
25 0
26 0
27 0
28 0
29 0
31 0
33 0
34 0
35 0
37 0
42 0
44 0
46 0
47 0
52 0
53 0
54 0
55 0
56 0
57 0
58 0
59 0
61 0
62 0
63 0
65 0
68 0
69 0
70 0
71 0
76 0
80 0
81 0
82 0
86 0
88 0
90 0
91 0
92 0
93 0
94 0
95 0
97 0
99 0
101 0
107 0
110 0
111 0
112 0
113 0
115 0
117 0
119 0
122 0
125 0
126 0
131 0
134 0
136 0
139 0
141 0
142 0
143 0
144 0
145 0
146 0
151 0
152 0
154 0
156 0
158 0
159 0
160 0
162 0
164 0
166 0
168 0
171 0
172 0
174 0
177 0
179 0
187 0
188 0
189 0
190 0
191 0
192 0
193 0
200 0
204 0
210 0
213 0
214 0
215 0
216 0
217 0
220 0
225 0
226 0
231 0
232 0
234 0
235 0
236 0
239 0
241 0
243 0
245 0
251 0
253 0
255 0
258 0
259 0
260 0
262 0
263 0
264 0
265 0
267 0
268 0
270 0
275 0
277 0
281 0
282 0
285 0
286 0
289 0
290 0
291 0
292 0
294 0
295 0
298 0
299 0
301 0
303 0
304 0
305 0
309 0
313 0
319 0
320 0
324 0
326 0
328 0
329 0
333 0
335 0
338 0
339 0
340 0
341 0
342 0
344 0
345 0
349 0
351 0
353 0
354 0
356 0
357 0
358 0
359 0
361 0
362 0
364 0
366 0
367 0
368 0
369 0
370 0
374 0
375 0
376 0
378 0
383 0
385 0
392 0
393 0
394 0
395 0
398 0
402 0
403 0
405 0
409 0
410 0
412 0
419 0
423 0
424 0
426 0
427 0
428 0
430 0
431 0
432 0
434 0
437 0
438 0
439 0
441 0
443 0
444 0
447 0
452 0
453 0
456 0
457 0
461 0
462 0
465 0
466 0
467 0
469 0
470 0
478 0
479 0
480 0
482 0
485 0
486 0
488 0
490 0
492 0
493 0
495 0
498 0
500 0
502 0
503 0
504 0
506 0
507 0
508 0
510 0
511 0
512 0
513 0
515 0
522 0
524 0
528 0
529 0
532 0
535 0
537 0
538 0
539 0
541 0
543 0
544 0
545 0
546 0
547 0
549 0
555 0
556 0
558 0
559 0
562 0
563 0
564 0
566 0
567 0
568 0
570 0
571 0
573 0
576 0
577 0
585 0
586 0
587 0
591 0
594 0
595 0
596 0
598 0
600 0
603 0
604 0
605 0
609 0
610 0
612 0
613 0
614 0
615 0
616 0
618 0
620 0
621 0
622 0
623 0
625 0
626 0
627 0
629 0
630 0
632 0
634 0
635 0
636 0
639 0
640 0
641 0
642 0
646 0
651 0
652 0
653 0
654 0
655 0
657 0
658 0
660 0
661 0
664 0
666 0
669 0
671 0
672 0
674 0
676 0
677 0
680 0
685 0
686 0
687 0
688 0
689 0
690 0
692 0
694 0
695 0
697 0
698 0
699 0
700 0
701 0
704 0
706 0
707 0
709 0
710 0
711 0
713 0
717 0
718 0
722 0
725 0
730 0
731 0
732 0
738 0
743 0
744 0
745 0
746 0
748 0
749 0
751 0
753 0
754 0
755 0
761 0
762 0
763 0
765 0
766 0
767 0
769 0
771 0
774 0
776 0
782 0
783 0
785 0
786 0
787 0
788 0
791 0
792 0
794 0
795 0
796 0
797 0
799 0
800 0
801 0
803 0
805 0
807 0
808 0
809 0
810 0
812 0
814 0
815 0
816 0
817 0
819 0
820 0
821 0
822 0
824 0
825 0
829 0
830 0
831 0
833 0
835 0
837 0
841 0
843 0
845 0
847 0
849 0
853 0
854 0
855 0
858 0
859 0
860 0
861 0
863 0
867 0
869 0
871 0
872 0
874 0
878 0
879 0
881 0
882 0
883 0
885 0
887 0
888 0
892 0
894 0
895 0
900 0
901 0
902 0
903 0
904 0
905 0
907 0
909 0
910 0
915 0
921 0
922 0
923 0
925 0
928 0
929 0
931 0
932 0
935 0
936 0
937 0
939 0
941 0
942 0
944 0
948 0
949 0
951 0
954 0
955 0
957 0
958 0
959 0
960 0
962 0
963 0
964 0
970 0
973 0
976 0
978 0
980 0
983 0
984 0
987 0
988 0
989 0
990 0
991 0
993 0
994 0
996 0
998 0
