c This is a uniform distributed  1-D DIMACS file 
c width height point_number
p 1000 1000 512
3 0
5 0
6 0
7 0
8 0
9 0
11 0
13 0
18 0
22 0
24 0
25 0
27 0
28 0
29 0
31 0
33 0
34 0
35 0
38 0
39 0
40 0
42 0
44 0
47 0
48 0
52 0
54 0
56 0
57 0
58 0
65 0
66 0
67 0
68 0
69 0
70 0
72 0
74 0
75 0
77 0
78 0
79 0
80 0
81 0
82 0
83 0
85 0
87 0
88 0
89 0
91 0
93 0
94 0
96 0
97 0
98 0
100 0
101 0
102 0
103 0
104 0
105 0
106 0
108 0
110 0
112 0
113 0
114 0
115 0
117 0
118 0
121 0
123 0
125 0
126 0
127 0
128 0
130 0
132 0
133 0
135 0
136 0
137 0
139 0
142 0
145 0
146 0
147 0
148 0
149 0
152 0
160 0
161 0
163 0
164 0
165 0
167 0
171 0
172 0
173 0
175 0
177 0
179 0
180 0
181 0
183 0
184 0
185 0
189 0
190 0
196 0
198 0
199 0
201 0
202 0
203 0
204 0
206 0
208 0
212 0
217 0
218 0
221 0
222 0
223 0
229 0
230 0
231 0
232 0
234 0
235 0
236 0
237 0
238 0
239 0
241 0
242 0
244 0
245 0
246 0
247 0
248 0
251 0
254 0
256 0
257 0
258 0
264 0
265 0
266 0
269 0
270 0
271 0
272 0
274 0
275 0
277 0
278 0
279 0
280 0
283 0
287 0
288 0
290 0
291 0
292 0
302 0
304 0
306 0
307 0
308 0
309 0
310 0
311 0
312 0
317 0
318 0
321 0
322 0
323 0
327 0
328 0
331 0
335 0
337 0
338 0
339 0
340 0
342 0
343 0
349 0
350 0
354 0
355 0
356 0
357 0
358 0
360 0
363 0
368 0
371 0
372 0
376 0
378 0
379 0
381 0
383 0
384 0
387 0
388 0
393 0
396 0
401 0
402 0
403 0
404 0
407 0
408 0
410 0
411 0
413 0
414 0
416 0
418 0
419 0
420 0
421 0
424 0
425 0
427 0
428 0
429 0
430 0
431 0
432 0
435 0
437 0
438 0
440 0
441 0
442 0
443 0
445 0
451 0
453 0
454 0
457 0
459 0
460 0
461 0
462 0
463 0
464 0
466 0
467 0
469 0
470 0
471 0
472 0
475 0
477 0
478 0
479 0
481 0
486 0
488 0
489 0
491 0
497 0
498 0
499 0
501 0
502 0
503 0
504 0
505 0
512 0
513 0
514 0
517 0
518 0
520 0
522 0
524 0
527 0
528 0
530 0
531 0
532 0
536 0
539 0
540 0
541 0
543 0
544 0
546 0
547 0
549 0
551 0
553 0
557 0
559 0
561 0
563 0
564 0
565 0
566 0
567 0
568 0
572 0
575 0
577 0
578 0
580 0
582 0
584 0
585 0
586 0
588 0
590 0
594 0
598 0
600 0
602 0
604 0
605 0
607 0
611 0
612 0
614 0
618 0
619 0
622 0
624 0
625 0
626 0
627 0
630 0
631 0
638 0
639 0
641 0
642 0
643 0
645 0
647 0
648 0
654 0
655 0
657 0
658 0
660 0
661 0
662 0
666 0
667 0
668 0
670 0
672 0
674 0
675 0
676 0
677 0
681 0
682 0
686 0
689 0
690 0
692 0
693 0
695 0
696 0
697 0
699 0
700 0
702 0
707 0
709 0
712 0
714 0
716 0
718 0
719 0
725 0
726 0
728 0
731 0
737 0
739 0
741 0
742 0
743 0
745 0
750 0
752 0
753 0
754 0
758 0
760 0
761 0
763 0
764 0
767 0
769 0
770 0
773 0
776 0
777 0
778 0
780 0
781 0
795 0
796 0
797 0
798 0
800 0
802 0
804 0
805 0
810 0
819 0
824 0
826 0
827 0
828 0
829 0
833 0
835 0
842 0
844 0
846 0
847 0
850 0
852 0
854 0
855 0
856 0
857 0
862 0
864 0
865 0
868 0
869 0
871 0
872 0
873 0
876 0
877 0
878 0
883 0
884 0
886 0
888 0
889 0
890 0
891 0
892 0
895 0
896 0
899 0
900 0
902 0
904 0
905 0
907 0
909 0
911 0
914 0
919 0
925 0
929 0
931 0
932 0
936 0
937 0
938 0
940 0
941 0
942 0
943 0
947 0
948 0
949 0
950 0
952 0
953 0
956 0
958 0
959 0
961 0
962 0
963 0
964 0
968 0
969 0
972 0
975 0
976 0
977 0
982 0
985 0
987 0
989 0
990 0
991 0
992 0
993 0
995 0
996 0
997 0
998 0
