c This is a uniform distributed  1-D DIMACS file 
c width height point_number
p 1000 1000 512
3 0
5 0
7 0
8 0
10 0
11 0
15 0
21 0
22 0
24 0
25 0
26 0
27 0
30 0
32 0
35 0
36 0
43 0
49 0
54 0
55 0
58 0
60 0
62 0
63 0
65 0
68 0
70 0
72 0
76 0
77 0
78 0
79 0
81 0
84 0
88 0
89 0
91 0
94 0
96 0
99 0
101 0
102 0
103 0
104 0
105 0
106 0
108 0
109 0
115 0
116 0
117 0
120 0
121 0
126 0
127 0
129 0
130 0
131 0
135 0
137 0
139 0
141 0
143 0
144 0
148 0
149 0
151 0
153 0
156 0
157 0
159 0
160 0
161 0
162 0
163 0
164 0
165 0
166 0
167 0
168 0
169 0
171 0
174 0
176 0
177 0
178 0
179 0
180 0
181 0
182 0
184 0
185 0
186 0
188 0
190 0
192 0
193 0
195 0
198 0
199 0
201 0
202 0
204 0
205 0
207 0
208 0
212 0
213 0
214 0
222 0
224 0
227 0
228 0
229 0
230 0
232 0
233 0
235 0
236 0
237 0
241 0
244 0
245 0
248 0
249 0
250 0
252 0
253 0
254 0
256 0
257 0
258 0
260 0
262 0
263 0
265 0
266 0
267 0
272 0
274 0
275 0
277 0
279 0
285 0
286 0
287 0
288 0
289 0
292 0
295 0
298 0
299 0
303 0
304 0
305 0
306 0
307 0
309 0
310 0
311 0
313 0
315 0
319 0
320 0
321 0
325 0
327 0
328 0
329 0
333 0
334 0
337 0
338 0
339 0
341 0
343 0
344 0
346 0
348 0
350 0
351 0
352 0
353 0
354 0
355 0
356 0
357 0
358 0
359 0
363 0
364 0
367 0
368 0
369 0
378 0
379 0
380 0
385 0
386 0
387 0
388 0
390 0
392 0
394 0
396 0
398 0
399 0
400 0
404 0
407 0
409 0
410 0
411 0
413 0
415 0
418 0
419 0
421 0
422 0
424 0
426 0
430 0
431 0
432 0
434 0
435 0
438 0
440 0
443 0
445 0
446 0
448 0
449 0
451 0
455 0
457 0
460 0
462 0
463 0
464 0
466 0
467 0
469 0
470 0
471 0
473 0
474 0
475 0
478 0
479 0
481 0
482 0
485 0
486 0
487 0
489 0
490 0
491 0
492 0
494 0
497 0
500 0
501 0
503 0
504 0
506 0
507 0
511 0
512 0
513 0
515 0
516 0
517 0
519 0
520 0
522 0
523 0
524 0
534 0
537 0
540 0
541 0
543 0
546 0
547 0
549 0
551 0
554 0
555 0
556 0
561 0
562 0
563 0
564 0
565 0
568 0
570 0
574 0
575 0
578 0
579 0
580 0
581 0
584 0
585 0
586 0
587 0
590 0
591 0
594 0
595 0
597 0
602 0
605 0
610 0
612 0
613 0
617 0
619 0
622 0
623 0
627 0
628 0
630 0
631 0
633 0
635 0
636 0
638 0
639 0
640 0
643 0
645 0
646 0
647 0
648 0
651 0
652 0
654 0
655 0
656 0
658 0
659 0
660 0
661 0
666 0
670 0
671 0
677 0
678 0
681 0
685 0
688 0
690 0
691 0
694 0
696 0
697 0
700 0
703 0
709 0
714 0
715 0
717 0
719 0
720 0
721 0
723 0
725 0
728 0
730 0
733 0
734 0
735 0
737 0
739 0
740 0
741 0
744 0
745 0
748 0
752 0
753 0
756 0
759 0
760 0
761 0
763 0
764 0
765 0
768 0
770 0
771 0
772 0
773 0
775 0
776 0
778 0
780 0
781 0
782 0
783 0
784 0
785 0
787 0
789 0
793 0
794 0
795 0
801 0
803 0
805 0
807 0
809 0
810 0
812 0
814 0
817 0
818 0
821 0
822 0
824 0
831 0
836 0
839 0
841 0
842 0
844 0
849 0
850 0
851 0
853 0
854 0
855 0
857 0
862 0
863 0
864 0
865 0
866 0
867 0
869 0
872 0
874 0
880 0
881 0
882 0
884 0
886 0
888 0
889 0
892 0
893 0
894 0
895 0
897 0
899 0
902 0
903 0
907 0
908 0
909 0
911 0
913 0
914 0
915 0
916 0
917 0
919 0
920 0
921 0
922 0
923 0
924 0
927 0
929 0
930 0
931 0
932 0
933 0
934 0
935 0
937 0
939 0
940 0
942 0
944 0
945 0
948 0
949 0
957 0
958 0
959 0
965 0
966 0
970 0
971 0
973 0
976 0
979 0
980 0
981 0
982 0
984 0
986 0
989 0
991 0
994 0
995 0
998 0
999 0
