c This is a uniform distributed  1-D DIMACS file 
c width height point_number
p 1000 1000 512
1 0
2 0
5 0
7 0
8 0
9 0
12 0
15 0
16 0
20 0
24 0
26 0
27 0
29 0
30 0
32 0
34 0
37 0
39 0
41 0
42 0
44 0
47 0
48 0
49 0
50 0
51 0
52 0
55 0
60 0
61 0
62 0
65 0
69 0
70 0
72 0
74 0
76 0
78 0
79 0
80 0
81 0
83 0
86 0
87 0
90 0
91 0
93 0
96 0
97 0
98 0
99 0
100 0
102 0
106 0
108 0
110 0
113 0
114 0
115 0
118 0
119 0
121 0
122 0
126 0
127 0
129 0
131 0
132 0
135 0
137 0
139 0
140 0
144 0
145 0
148 0
152 0
153 0
155 0
156 0
160 0
161 0
164 0
172 0
176 0
177 0
179 0
185 0
186 0
189 0
191 0
195 0
197 0
198 0
199 0
201 0
202 0
204 0
205 0
207 0
208 0
209 0
210 0
211 0
212 0
213 0
214 0
215 0
216 0
217 0
220 0
225 0
227 0
231 0
232 0
234 0
238 0
242 0
244 0
246 0
248 0
250 0
252 0
255 0
256 0
260 0
264 0
266 0
269 0
270 0
271 0
272 0
276 0
283 0
284 0
286 0
287 0
289 0
295 0
296 0
297 0
298 0
299 0
301 0
302 0
304 0
305 0
307 0
310 0
312 0
320 0
321 0
322 0
324 0
326 0
327 0
328 0
329 0
330 0
332 0
333 0
335 0
336 0
338 0
339 0
340 0
341 0
343 0
345 0
347 0
349 0
350 0
354 0
355 0
356 0
357 0
359 0
361 0
363 0
366 0
370 0
371 0
376 0
378 0
380 0
384 0
386 0
387 0
388 0
389 0
390 0
392 0
393 0
394 0
396 0
399 0
401 0
404 0
408 0
409 0
410 0
412 0
416 0
417 0
420 0
421 0
424 0
425 0
427 0
428 0
432 0
433 0
434 0
435 0
436 0
441 0
442 0
443 0
445 0
446 0
447 0
448 0
449 0
452 0
453 0
454 0
456 0
458 0
459 0
460 0
461 0
462 0
463 0
464 0
465 0
466 0
467 0
469 0
470 0
471 0
473 0
474 0
476 0
480 0
484 0
486 0
488 0
490 0
492 0
495 0
499 0
501 0
502 0
503 0
507 0
508 0
511 0
512 0
513 0
514 0
518 0
520 0
521 0
522 0
527 0
528 0
530 0
532 0
536 0
537 0
539 0
541 0
543 0
546 0
548 0
549 0
553 0
559 0
560 0
561 0
563 0
567 0
568 0
575 0
576 0
580 0
583 0
586 0
588 0
590 0
591 0
594 0
595 0
596 0
597 0
601 0
602 0
604 0
607 0
609 0
611 0
614 0
615 0
617 0
621 0
622 0
623 0
624 0
625 0
628 0
630 0
631 0
632 0
633 0
635 0
636 0
638 0
639 0
640 0
642 0
643 0
645 0
646 0
648 0
651 0
652 0
655 0
656 0
662 0
667 0
670 0
671 0
674 0
675 0
677 0
679 0
683 0
685 0
688 0
689 0
690 0
692 0
693 0
694 0
696 0
700 0
702 0
705 0
707 0
709 0
710 0
712 0
713 0
714 0
715 0
718 0
719 0
722 0
723 0
724 0
725 0
726 0
728 0
732 0
737 0
739 0
740 0
741 0
743 0
745 0
746 0
747 0
749 0
751 0
752 0
758 0
761 0
764 0
765 0
767 0
768 0
770 0
771 0
772 0
775 0
776 0
778 0
779 0
780 0
782 0
783 0
786 0
787 0
789 0
790 0
792 0
793 0
794 0
795 0
796 0
797 0
798 0
799 0
801 0
802 0
804 0
805 0
806 0
808 0
809 0
810 0
811 0
813 0
815 0
817 0
819 0
821 0
822 0
823 0
826 0
828 0
830 0
831 0
833 0
834 0
835 0
839 0
841 0
843 0
844 0
846 0
848 0
852 0
855 0
858 0
862 0
866 0
867 0
868 0
870 0
871 0
872 0
873 0
874 0
875 0
876 0
877 0
879 0
884 0
885 0
887 0
888 0
892 0
893 0
895 0
896 0
897 0
902 0
905 0
908 0
909 0
910 0
914 0
915 0
916 0
919 0
920 0
923 0
925 0
926 0
927 0
929 0
930 0
931 0
932 0
935 0
936 0
937 0
938 0
940 0
942 0
944 0
949 0
957 0
959 0
960 0
961 0
962 0
963 0
965 0
966 0
968 0
970 0
971 0
972 0
973 0
974 0
975 0
976 0
977 0
978 0
980 0
982 0
984 0
985 0
988 0
990 0
993 0
996 0
997 0
998 0
999 0
