c This is a uniform distributed  1-D DIMACS file 
c width height point_number
p 1000 1000 512
1 0
5 0
7 0
8 0
9 0
10 0
11 0
14 0
16 0
19 0
20 0
21 0
24 0
25 0
26 0
28 0
30 0
33 0
39 0
45 0
46 0
49 0
51 0
52 0
53 0
54 0
55 0
56 0
59 0
61 0
63 0
64 0
65 0
67 0
70 0
71 0
73 0
75 0
77 0
79 0
80 0
81 0
82 0
84 0
85 0
86 0
87 0
88 0
91 0
92 0
93 0
94 0
96 0
97 0
99 0
100 0
104 0
105 0
106 0
107 0
108 0
110 0
111 0
113 0
114 0
115 0
117 0
119 0
122 0
127 0
130 0
132 0
133 0
134 0
138 0
142 0
143 0
144 0
146 0
148 0
150 0
152 0
153 0
154 0
157 0
160 0
166 0
169 0
171 0
176 0
177 0
180 0
183 0
185 0
188 0
190 0
191 0
193 0
196 0
201 0
202 0
203 0
206 0
208 0
211 0
213 0
215 0
217 0
218 0
220 0
221 0
223 0
224 0
226 0
227 0
228 0
230 0
232 0
233 0
234 0
235 0
237 0
238 0
239 0
241 0
242 0
244 0
248 0
250 0
252 0
253 0
257 0
258 0
259 0
260 0
261 0
263 0
265 0
267 0
269 0
271 0
275 0
276 0
278 0
280 0
281 0
282 0
283 0
287 0
290 0
291 0
292 0
293 0
295 0
296 0
299 0
300 0
302 0
304 0
307 0
308 0
313 0
314 0
316 0
317 0
318 0
319 0
322 0
324 0
325 0
326 0
327 0
330 0
331 0
340 0
341 0
347 0
348 0
349 0
350 0
355 0
357 0
359 0
360 0
365 0
366 0
367 0
368 0
369 0
374 0
375 0
376 0
377 0
378 0
381 0
382 0
383 0
384 0
386 0
388 0
391 0
393 0
394 0
396 0
397 0
398 0
402 0
404 0
405 0
406 0
409 0
411 0
412 0
414 0
417 0
423 0
425 0
426 0
428 0
432 0
434 0
436 0
439 0
441 0
443 0
445 0
446 0
447 0
449 0
451 0
452 0
454 0
458 0
461 0
463 0
467 0
468 0
470 0
471 0
473 0
475 0
479 0
480 0
482 0
483 0
485 0
486 0
490 0
491 0
492 0
493 0
494 0
496 0
497 0
498 0
499 0
502 0
503 0
506 0
510 0
512 0
513 0
516 0
518 0
519 0
522 0
524 0
525 0
527 0
529 0
530 0
531 0
532 0
533 0
534 0
536 0
537 0
539 0
540 0
542 0
546 0
547 0
549 0
550 0
551 0
552 0
557 0
558 0
560 0
561 0
562 0
565 0
566 0
567 0
570 0
573 0
574 0
575 0
577 0
581 0
582 0
584 0
585 0
586 0
587 0
588 0
589 0
593 0
594 0
595 0
597 0
601 0
605 0
606 0
607 0
608 0
609 0
610 0
611 0
613 0
617 0
618 0
619 0
620 0
621 0
623 0
625 0
626 0
628 0
629 0
630 0
631 0
634 0
635 0
637 0
638 0
641 0
642 0
644 0
648 0
649 0
651 0
652 0
655 0
656 0
657 0
659 0
662 0
663 0
665 0
668 0
672 0
673 0
674 0
675 0
678 0
681 0
682 0
684 0
688 0
689 0
693 0
694 0
695 0
696 0
699 0
700 0
703 0
704 0
705 0
707 0
708 0
711 0
712 0
714 0
718 0
722 0
723 0
724 0
725 0
727 0
728 0
730 0
733 0
736 0
738 0
741 0
743 0
744 0
745 0
746 0
747 0
751 0
758 0
759 0
760 0
761 0
762 0
764 0
765 0
766 0
772 0
773 0
774 0
778 0
785 0
786 0
787 0
788 0
790 0
791 0
793 0
794 0
796 0
799 0
800 0
804 0
806 0
807 0
808 0
809 0
810 0
813 0
814 0
818 0
821 0
826 0
827 0
829 0
835 0
838 0
839 0
844 0
848 0
850 0
851 0
854 0
856 0
858 0
859 0
868 0
872 0
874 0
876 0
878 0
879 0
881 0
883 0
884 0
885 0
886 0
887 0
891 0
894 0
895 0
896 0
903 0
904 0
905 0
908 0
910 0
911 0
915 0
916 0
918 0
919 0
922 0
923 0
925 0
926 0
929 0
933 0
934 0
935 0
936 0
938 0
939 0
940 0
941 0
942 0
943 0
945 0
948 0
951 0
956 0
957 0
958 0
960 0
961 0
963 0
964 0
965 0
967 0
972 0
973 0
974 0
975 0
977 0
978 0
979 0
980 0
981 0
982 0
986 0
988 0
989 0
990 0
992 0
994 0
996 0
998 0
999 0
