c This is a uniform distributed  1-D DIMACS file 
c width height point_number
p 1000 1000 512
2 0
6 0
7 0
8 0
10 0
12 0
13 0
14 0
15 0
17 0
18 0
21 0
23 0
24 0
25 0
26 0
27 0
29 0
32 0
33 0
35 0
36 0
37 0
39 0
42 0
43 0
48 0
49 0
50 0
51 0
54 0
55 0
56 0
58 0
60 0
61 0
62 0
65 0
73 0
74 0
75 0
76 0
80 0
81 0
82 0
83 0
84 0
87 0
90 0
92 0
96 0
97 0
101 0
103 0
104 0
105 0
110 0
119 0
120 0
121 0
122 0
123 0
124 0
125 0
127 0
129 0
131 0
132 0
133 0
135 0
138 0
139 0
140 0
142 0
144 0
147 0
149 0
150 0
152 0
153 0
154 0
155 0
156 0
159 0
161 0
163 0
165 0
167 0
170 0
171 0
172 0
174 0
175 0
176 0
177 0
179 0
180 0
181 0
182 0
185 0
188 0
191 0
195 0
198 0
202 0
203 0
204 0
206 0
210 0
212 0
213 0
214 0
218 0
222 0
224 0
226 0
229 0
230 0
233 0
237 0
240 0
244 0
245 0
246 0
248 0
251 0
253 0
254 0
256 0
257 0
259 0
263 0
268 0
269 0
271 0
272 0
273 0
275 0
279 0
281 0
283 0
285 0
289 0
291 0
297 0
301 0
302 0
304 0
306 0
308 0
310 0
311 0
312 0
313 0
314 0
315 0
316 0
324 0
325 0
326 0
327 0
328 0
329 0
331 0
333 0
339 0
340 0
343 0
344 0
345 0
346 0
350 0
353 0
354 0
355 0
356 0
359 0
360 0
361 0
362 0
365 0
366 0
369 0
370 0
374 0
377 0
378 0
379 0
383 0
384 0
386 0
387 0
388 0
390 0
395 0
397 0
399 0
400 0
402 0
404 0
407 0
410 0
411 0
413 0
416 0
420 0
421 0
422 0
423 0
425 0
427 0
428 0
429 0
430 0
432 0
433 0
435 0
437 0
439 0
442 0
444 0
447 0
448 0
450 0
451 0
452 0
454 0
456 0
458 0
463 0
464 0
466 0
467 0
468 0
469 0
470 0
471 0
476 0
479 0
480 0
482 0
484 0
486 0
488 0
489 0
490 0
491 0
492 0
493 0
494 0
495 0
496 0
497 0
499 0
500 0
501 0
502 0
503 0
504 0
505 0
507 0
516 0
517 0
518 0
519 0
521 0
527 0
528 0
529 0
530 0
532 0
533 0
534 0
535 0
536 0
537 0
538 0
540 0
544 0
551 0
553 0
555 0
556 0
558 0
559 0
561 0
563 0
568 0
569 0
572 0
573 0
575 0
576 0
579 0
583 0
585 0
586 0
587 0
590 0
591 0
597 0
598 0
599 0
600 0
601 0
602 0
603 0
605 0
607 0
608 0
616 0
617 0
620 0
622 0
623 0
624 0
626 0
628 0
629 0
630 0
636 0
638 0
639 0
642 0
645 0
647 0
651 0
654 0
656 0
657 0
658 0
659 0
660 0
661 0
669 0
675 0
676 0
678 0
679 0
680 0
685 0
687 0
688 0
690 0
692 0
693 0
694 0
695 0
696 0
697 0
698 0
699 0
701 0
702 0
703 0
704 0
707 0
708 0
712 0
714 0
715 0
717 0
719 0
720 0
721 0
724 0
729 0
731 0
733 0
735 0
736 0
737 0
740 0
743 0
744 0
745 0
747 0
749 0
751 0
756 0
757 0
758 0
760 0
761 0
764 0
767 0
770 0
771 0
772 0
773 0
774 0
779 0
780 0
782 0
783 0
789 0
790 0
791 0
792 0
793 0
794 0
795 0
796 0
797 0
798 0
803 0
804 0
806 0
808 0
810 0
812 0
814 0
815 0
816 0
819 0
821 0
822 0
824 0
825 0
830 0
831 0
838 0
842 0
843 0
844 0
845 0
846 0
847 0
849 0
851 0
854 0
855 0
856 0
858 0
860 0
861 0
864 0
866 0
867 0
868 0
871 0
872 0
873 0
877 0
878 0
879 0
881 0
882 0
883 0
884 0
885 0
888 0
889 0
890 0
891 0
892 0
893 0
895 0
896 0
897 0
898 0
903 0
904 0
906 0
907 0
912 0
916 0
917 0
919 0
921 0
923 0
926 0
927 0
930 0
931 0
932 0
933 0
934 0
935 0
936 0
937 0
938 0
939 0
940 0
941 0
942 0
943 0
944 0
945 0
947 0
949 0
952 0
955 0
957 0
959 0
962 0
963 0
967 0
973 0
974 0
975 0
978 0
985 0
987 0
988 0
990 0
991 0
992 0
994 0
996 0
997 0
998 0
