c This is a uniform distributed  1-D DIMACS file 
c width height point_number
p 1000 1000 512
2 0
3 0
4 0
5 0
6 0
7 0
8 0
9 0
10 0
13 0
17 0
18 0
19 0
23 0
24 0
27 0
29 0
32 0
36 0
37 0
41 0
42 0
44 0
45 0
46 0
48 0
50 0
52 0
53 0
55 0
56 0
60 0
62 0
64 0
65 0
66 0
69 0
71 0
72 0
74 0
79 0
81 0
82 0
84 0
85 0
86 0
87 0
88 0
89 0
90 0
91 0
93 0
94 0
96 0
99 0
100 0
107 0
109 0
111 0
113 0
114 0
116 0
117 0
118 0
119 0
121 0
122 0
124 0
125 0
126 0
131 0
133 0
134 0
137 0
140 0
143 0
145 0
148 0
150 0
151 0
152 0
156 0
157 0
159 0
162 0
163 0
168 0
177 0
178 0
179 0
183 0
184 0
185 0
188 0
189 0
191 0
192 0
193 0
199 0
204 0
206 0
207 0
209 0
211 0
213 0
216 0
217 0
219 0
221 0
222 0
224 0
227 0
234 0
236 0
237 0
239 0
243 0
244 0
245 0
248 0
250 0
251 0
255 0
257 0
258 0
260 0
261 0
262 0
275 0
278 0
279 0
280 0
282 0
286 0
287 0
289 0
291 0
292 0
293 0
294 0
296 0
297 0
298 0
299 0
301 0
302 0
303 0
304 0
305 0
306 0
309 0
310 0
312 0
313 0
314 0
315 0
317 0
318 0
321 0
324 0
325 0
326 0
327 0
328 0
330 0
331 0
332 0
335 0
339 0
344 0
345 0
346 0
349 0
351 0
353 0
354 0
355 0
357 0
358 0
359 0
360 0
361 0
363 0
364 0
365 0
367 0
368 0
373 0
374 0
377 0
379 0
380 0
383 0
385 0
387 0
388 0
390 0
393 0
398 0
399 0
400 0
403 0
406 0
407 0
410 0
411 0
414 0
416 0
419 0
421 0
426 0
431 0
432 0
433 0
435 0
436 0
437 0
438 0
439 0
441 0
442 0
443 0
444 0
446 0
449 0
451 0
454 0
460 0
461 0
462 0
464 0
465 0
467 0
468 0
469 0
474 0
475 0
478 0
479 0
482 0
483 0
484 0
485 0
486 0
489 0
490 0
491 0
493 0
496 0
501 0
503 0
504 0
506 0
507 0
508 0
516 0
517 0
518 0
520 0
521 0
522 0
527 0
528 0
532 0
534 0
537 0
540 0
541 0
543 0
545 0
546 0
548 0
552 0
553 0
556 0
557 0
558 0
559 0
560 0
562 0
563 0
564 0
565 0
566 0
568 0
570 0
571 0
572 0
577 0
578 0
580 0
584 0
586 0
589 0
590 0
592 0
593 0
595 0
596 0
598 0
599 0
601 0
604 0
606 0
607 0
608 0
609 0
610 0
611 0
613 0
615 0
617 0
618 0
623 0
625 0
628 0
629 0
633 0
636 0
639 0
641 0
645 0
646 0
648 0
649 0
651 0
652 0
653 0
654 0
655 0
656 0
657 0
660 0
661 0
662 0
663 0
665 0
666 0
668 0
669 0
670 0
672 0
675 0
676 0
678 0
679 0
680 0
684 0
687 0
690 0
693 0
694 0
697 0
698 0
699 0
700 0
702 0
703 0
706 0
708 0
715 0
716 0
718 0
719 0
720 0
721 0
723 0
729 0
730 0
731 0
732 0
736 0
737 0
740 0
742 0
745 0
747 0
748 0
749 0
750 0
753 0
755 0
757 0
758 0
767 0
769 0
772 0
773 0
774 0
775 0
776 0
777 0
779 0
782 0
783 0
786 0
787 0
788 0
789 0
791 0
795 0
796 0
798 0
799 0
800 0
801 0
802 0
803 0
806 0
807 0
809 0
810 0
811 0
812 0
813 0
814 0
818 0
819 0
820 0
821 0
822 0
827 0
829 0
830 0
832 0
834 0
835 0
836 0
840 0
842 0
847 0
848 0
850 0
852 0
854 0
858 0
859 0
860 0
861 0
863 0
864 0
866 0
868 0
870 0
872 0
873 0
875 0
876 0
878 0
880 0
883 0
885 0
889 0
891 0
892 0
895 0
896 0
897 0
899 0
900 0
901 0
903 0
905 0
906 0
907 0
909 0
910 0
911 0
913 0
914 0
915 0
918 0
920 0
922 0
930 0
931 0
933 0
934 0
935 0
940 0
941 0
942 0
945 0
946 0
949 0
952 0
953 0
954 0
955 0
956 0
960 0
963 0
964 0
965 0
966 0
971 0
972 0
973 0
974 0
975 0
977 0
979 0
980 0
982 0
986 0
987 0
988 0
989 0
991 0
994 0
996 0
998 0
