c This is a uniform distributed  1-D DIMACS file 
c width height point_number
p 1000 1000 512
1 0
2 0
4 0
6 0
7 0
17 0
18 0
19 0
21 0
22 0
23 0
25 0
26 0
28 0
30 0
31 0
32 0
33 0
36 0
37 0
40 0
41 0
42 0
43 0
44 0
47 0
51 0
52 0
53 0
54 0
62 0
63 0
64 0
67 0
70 0
71 0
73 0
75 0
76 0
80 0
82 0
85 0
87 0
88 0
89 0
92 0
95 0
96 0
97 0
99 0
100 0
106 0
107 0
108 0
109 0
110 0
111 0
113 0
114 0
116 0
119 0
120 0
122 0
125 0
128 0
129 0
132 0
133 0
136 0
139 0
142 0
143 0
144 0
146 0
147 0
148 0
149 0
151 0
152 0
154 0
156 0
157 0
158 0
161 0
164 0
165 0
166 0
168 0
169 0
170 0
172 0
176 0
177 0
179 0
180 0
189 0
191 0
193 0
194 0
197 0
198 0
201 0
204 0
206 0
209 0
215 0
216 0
217 0
219 0
220 0
221 0
223 0
224 0
225 0
226 0
230 0
231 0
234 0
236 0
237 0
239 0
240 0
241 0
242 0
244 0
247 0
248 0
250 0
252 0
253 0
254 0
255 0
257 0
261 0
262 0
265 0
268 0
271 0
272 0
273 0
274 0
277 0
280 0
281 0
282 0
286 0
287 0
288 0
289 0
290 0
291 0
292 0
293 0
294 0
295 0
297 0
299 0
300 0
301 0
308 0
312 0
316 0
320 0
321 0
322 0
326 0
327 0
329 0
330 0
331 0
332 0
333 0
334 0
340 0
342 0
344 0
346 0
348 0
349 0
351 0
352 0
353 0
356 0
357 0
360 0
361 0
364 0
365 0
366 0
368 0
369 0
370 0
372 0
373 0
375 0
376 0
377 0
378 0
379 0
380 0
381 0
382 0
384 0
385 0
386 0
388 0
389 0
395 0
396 0
397 0
404 0
407 0
408 0
409 0
410 0
411 0
414 0
415 0
416 0
419 0
420 0
422 0
423 0
424 0
427 0
429 0
430 0
431 0
433 0
438 0
439 0
441 0
447 0
450 0
451 0
454 0
464 0
465 0
467 0
470 0
472 0
473 0
477 0
485 0
486 0
487 0
490 0
491 0
493 0
495 0
502 0
504 0
512 0
513 0
514 0
516 0
518 0
519 0
521 0
522 0
528 0
529 0
530 0
531 0
532 0
533 0
535 0
536 0
537 0
540 0
543 0
544 0
546 0
548 0
549 0
552 0
553 0
555 0
558 0
560 0
561 0
562 0
563 0
566 0
567 0
568 0
570 0
571 0
572 0
573 0
574 0
575 0
582 0
583 0
584 0
586 0
588 0
590 0
592 0
594 0
596 0
597 0
598 0
604 0
606 0
607 0
608 0
609 0
610 0
613 0
615 0
617 0
619 0
620 0
621 0
624 0
626 0
627 0
629 0
630 0
631 0
634 0
635 0
636 0
637 0
638 0
640 0
641 0
642 0
644 0
645 0
648 0
649 0
650 0
651 0
655 0
658 0
659 0
660 0
662 0
663 0
665 0
666 0
671 0
674 0
675 0
676 0
677 0
678 0
683 0
684 0
685 0
687 0
688 0
690 0
692 0
693 0
694 0
699 0
700 0
701 0
702 0
703 0
704 0
705 0
706 0
709 0
711 0
714 0
715 0
716 0
718 0
719 0
721 0
723 0
725 0
726 0
727 0
731 0
737 0
738 0
740 0
742 0
744 0
745 0
746 0
749 0
752 0
757 0
758 0
762 0
763 0
764 0
765 0
766 0
768 0
769 0
771 0
773 0
775 0
776 0
778 0
779 0
780 0
783 0
784 0
785 0
788 0
789 0
791 0
798 0
799 0
801 0
805 0
806 0
809 0
810 0
814 0
817 0
818 0
820 0
822 0
839 0
840 0
841 0
842 0
843 0
844 0
847 0
850 0
851 0
852 0
853 0
854 0
856 0
857 0
858 0
859 0
860 0
861 0
868 0
870 0
871 0
876 0
878 0
879 0
883 0
886 0
888 0
889 0
890 0
891 0
893 0
894 0
895 0
896 0
897 0
898 0
900 0
901 0
902 0
903 0
905 0
906 0
908 0
909 0
910 0
911 0
912 0
913 0
914 0
920 0
921 0
924 0
932 0
935 0
936 0
937 0
939 0
943 0
947 0
948 0
949 0
950 0
952 0
955 0
956 0
957 0
958 0
959 0
961 0
962 0
963 0
964 0
967 0
968 0
969 0
974 0
975 0
976 0
977 0
978 0
979 0
981 0
982 0
983 0
987 0
988 0
989 0
992 0
993 0
995 0
