c This is a uniform distributed  1-D DIMACS file 
c width height point_number
p 1000 1000 512
3 0
5 0
6 0
9 0
10 0
11 0
12 0
14 0
15 0
17 0
18 0
21 0
22 0
24 0
26 0
28 0
30 0
33 0
38 0
39 0
40 0
43 0
44 0
46 0
47 0
48 0
49 0
54 0
55 0
58 0
59 0
61 0
63 0
64 0
65 0
66 0
67 0
68 0
69 0
70 0
71 0
72 0
73 0
74 0
75 0
76 0
77 0
79 0
80 0
82 0
83 0
84 0
87 0
89 0
90 0
91 0
96 0
98 0
99 0
102 0
103 0
105 0
106 0
107 0
108 0
110 0
111 0
112 0
114 0
116 0
120 0
121 0
122 0
123 0
131 0
132 0
134 0
136 0
138 0
139 0
143 0
144 0
146 0
150 0
152 0
153 0
155 0
159 0
161 0
169 0
170 0
174 0
175 0
177 0
178 0
180 0
182 0
183 0
184 0
185 0
187 0
188 0
189 0
191 0
193 0
194 0
195 0
197 0
198 0
200 0
201 0
203 0
206 0
207 0
208 0
212 0
213 0
214 0
215 0
216 0
217 0
218 0
219 0
220 0
221 0
223 0
225 0
228 0
230 0
233 0
235 0
236 0
237 0
238 0
240 0
243 0
244 0
245 0
247 0
248 0
251 0
253 0
254 0
255 0
257 0
258 0
260 0
261 0
262 0
263 0
264 0
268 0
271 0
272 0
273 0
278 0
280 0
281 0
282 0
283 0
285 0
286 0
289 0
290 0
296 0
297 0
303 0
304 0
305 0
306 0
307 0
308 0
309 0
313 0
314 0
315 0
318 0
320 0
321 0
323 0
326 0
328 0
330 0
332 0
338 0
339 0
340 0
341 0
342 0
345 0
346 0
347 0
348 0
350 0
351 0
354 0
356 0
358 0
359 0
361 0
363 0
366 0
370 0
371 0
372 0
375 0
377 0
379 0
380 0
382 0
383 0
385 0
386 0
389 0
390 0
392 0
393 0
394 0
395 0
397 0
399 0
400 0
403 0
409 0
410 0
411 0
413 0
416 0
417 0
420 0
421 0
424 0
425 0
426 0
428 0
431 0
433 0
435 0
437 0
440 0
441 0
442 0
443 0
444 0
445 0
447 0
451 0
455 0
456 0
457 0
459 0
460 0
466 0
467 0
469 0
476 0
482 0
483 0
484 0
485 0
487 0
491 0
493 0
496 0
497 0
500 0
501 0
502 0
504 0
507 0
508 0
509 0
512 0
519 0
521 0
526 0
527 0
528 0
530 0
532 0
533 0
535 0
538 0
539 0
540 0
541 0
542 0
543 0
544 0
546 0
548 0
549 0
550 0
553 0
554 0
560 0
562 0
563 0
564 0
566 0
569 0
570 0
571 0
574 0
575 0
579 0
581 0
583 0
585 0
589 0
591 0
593 0
595 0
596 0
597 0
598 0
604 0
607 0
609 0
610 0
611 0
613 0
615 0
617 0
618 0
619 0
620 0
624 0
626 0
627 0
628 0
630 0
631 0
634 0
635 0
640 0
644 0
649 0
650 0
653 0
654 0
655 0
657 0
658 0
660 0
662 0
667 0
669 0
670 0
671 0
675 0
680 0
683 0
685 0
686 0
687 0
689 0
690 0
693 0
695 0
697 0
700 0
705 0
707 0
708 0
709 0
714 0
718 0
721 0
723 0
724 0
725 0
727 0
729 0
730 0
732 0
734 0
735 0
737 0
738 0
739 0
740 0
744 0
750 0
752 0
753 0
755 0
757 0
758 0
760 0
762 0
763 0
764 0
765 0
767 0
770 0
771 0
772 0
778 0
780 0
781 0
784 0
786 0
790 0
791 0
796 0
797 0
799 0
803 0
807 0
809 0
811 0
812 0
814 0
815 0
816 0
817 0
819 0
822 0
823 0
825 0
826 0
831 0
832 0
833 0
836 0
840 0
841 0
843 0
844 0
845 0
847 0
849 0
850 0
851 0
853 0
854 0
856 0
857 0
858 0
861 0
864 0
868 0
870 0
873 0
874 0
876 0
878 0
880 0
881 0
886 0
888 0
889 0
890 0
891 0
892 0
894 0
898 0
899 0
900 0
901 0
902 0
904 0
905 0
913 0
915 0
916 0
917 0
919 0
920 0
921 0
922 0
923 0
926 0
927 0
929 0
930 0
931 0
932 0
934 0
935 0
939 0
941 0
943 0
944 0
946 0
947 0
948 0
950 0
952 0
955 0
962 0
963 0
964 0
968 0
969 0
970 0
974 0
976 0
977 0
978 0
980 0
983 0
984 0
985 0
987 0
988 0
989 0
992 0
994 0
995 0
998 0
