c This is a uniform distributed  1-D DIMACS file 
c width height point_number
p 1000 1000 512
1 0
2 0
3 0
5 0
7 0
8 0
10 0
12 0
13 0
17 0
18 0
19 0
22 0
24 0
25 0
26 0
29 0
30 0
31 0
34 0
37 0
39 0
41 0
42 0
44 0
45 0
46 0
48 0
50 0
55 0
56 0
59 0
60 0
65 0
66 0
67 0
69 0
71 0
73 0
75 0
76 0
77 0
78 0
80 0
81 0
84 0
85 0
87 0
88 0
92 0
94 0
95 0
96 0
97 0
98 0
99 0
102 0
103 0
104 0
108 0
110 0
112 0
113 0
114 0
116 0
117 0
119 0
120 0
124 0
125 0
128 0
130 0
132 0
137 0
138 0
139 0
141 0
144 0
147 0
148 0
149 0
151 0
152 0
153 0
154 0
158 0
159 0
162 0
163 0
164 0
168 0
174 0
177 0
178 0
182 0
183 0
187 0
188 0
190 0
191 0
193 0
197 0
198 0
199 0
200 0
201 0
203 0
204 0
206 0
207 0
210 0
214 0
215 0
216 0
220 0
222 0
224 0
225 0
226 0
227 0
230 0
232 0
233 0
235 0
237 0
238 0
243 0
244 0
245 0
246 0
247 0
248 0
251 0
252 0
254 0
258 0
259 0
266 0
268 0
269 0
270 0
272 0
274 0
275 0
277 0
278 0
281 0
282 0
283 0
284 0
285 0
286 0
287 0
288 0
289 0
292 0
294 0
295 0
296 0
299 0
300 0
301 0
306 0
314 0
315 0
317 0
318 0
320 0
324 0
325 0
326 0
327 0
328 0
329 0
331 0
332 0
333 0
334 0
335 0
336 0
340 0
341 0
342 0
343 0
350 0
351 0
353 0
355 0
356 0
359 0
363 0
364 0
366 0
367 0
368 0
369 0
374 0
380 0
381 0
382 0
383 0
386 0
391 0
392 0
393 0
394 0
396 0
397 0
398 0
400 0
401 0
403 0
405 0
406 0
407 0
409 0
416 0
418 0
420 0
421 0
422 0
430 0
432 0
434 0
437 0
439 0
440 0
441 0
442 0
443 0
447 0
450 0
451 0
454 0
458 0
460 0
461 0
462 0
463 0
465 0
466 0
467 0
468 0
470 0
476 0
479 0
480 0
482 0
484 0
485 0
487 0
491 0
493 0
497 0
498 0
499 0
502 0
504 0
506 0
507 0
508 0
510 0
511 0
512 0
515 0
516 0
517 0
518 0
519 0
522 0
529 0
533 0
541 0
542 0
544 0
545 0
546 0
547 0
548 0
549 0
554 0
555 0
556 0
562 0
564 0
566 0
569 0
573 0
575 0
577 0
580 0
583 0
588 0
594 0
595 0
601 0
602 0
603 0
605 0
607 0
608 0
611 0
612 0
613 0
614 0
615 0
616 0
618 0
619 0
620 0
624 0
625 0
626 0
628 0
630 0
631 0
634 0
637 0
639 0
642 0
645 0
646 0
647 0
648 0
649 0
650 0
651 0
653 0
654 0
655 0
656 0
657 0
658 0
659 0
660 0
663 0
664 0
665 0
667 0
668 0
672 0
673 0
674 0
676 0
677 0
679 0
680 0
681 0
682 0
685 0
686 0
687 0
688 0
690 0
692 0
695 0
696 0
700 0
702 0
704 0
705 0
706 0
707 0
711 0
712 0
714 0
715 0
720 0
721 0
722 0
726 0
727 0
729 0
730 0
733 0
734 0
735 0
737 0
738 0
739 0
740 0
742 0
746 0
748 0
750 0
752 0
753 0
754 0
758 0
761 0
762 0
763 0
765 0
766 0
767 0
768 0
769 0
770 0
771 0
776 0
778 0
779 0
783 0
789 0
791 0
793 0
794 0
798 0
799 0
800 0
801 0
806 0
807 0
808 0
809 0
813 0
815 0
816 0
820 0
821 0
827 0
829 0
833 0
835 0
836 0
839 0
843 0
844 0
846 0
848 0
849 0
851 0
852 0
853 0
854 0
855 0
856 0
861 0
862 0
863 0
864 0
865 0
866 0
869 0
870 0
871 0
872 0
876 0
877 0
879 0
880 0
882 0
885 0
886 0
891 0
893 0
894 0
895 0
899 0
902 0
903 0
904 0
906 0
907 0
910 0
914 0
915 0
918 0
920 0
921 0
922 0
924 0
927 0
928 0
929 0
930 0
931 0
934 0
937 0
938 0
940 0
941 0
942 0
943 0
944 0
945 0
949 0
950 0
952 0
954 0
956 0
957 0
960 0
961 0
962 0
965 0
966 0
968 0
970 0
971 0
974 0
976 0
977 0
982 0
983 0
985 0
987 0
990 0
991 0
994 0
995 0
997 0
