c This is a uniform distributed  1-D DIMACS file 
c width height point_number
p 1000 1000 512
2 0
3 0
5 0
6 0
8 0
10 0
12 0
14 0
15 0
16 0
17 0
19 0
20 0
21 0
26 0
27 0
29 0
30 0
31 0
33 0
34 0
36 0
37 0
38 0
40 0
46 0
47 0
49 0
50 0
52 0
53 0
55 0
59 0
61 0
63 0
64 0
65 0
66 0
67 0
69 0
71 0
73 0
74 0
76 0
79 0
80 0
82 0
83 0
84 0
85 0
87 0
90 0
92 0
93 0
96 0
98 0
100 0
105 0
106 0
112 0
116 0
117 0
120 0
123 0
126 0
127 0
131 0
132 0
135 0
137 0
140 0
141 0
145 0
146 0
147 0
150 0
152 0
154 0
156 0
157 0
161 0
162 0
164 0
165 0
169 0
170 0
171 0
173 0
174 0
176 0
180 0
183 0
184 0
187 0
190 0
194 0
195 0
203 0
204 0
205 0
207 0
208 0
209 0
211 0
212 0
214 0
215 0
219 0
222 0
224 0
226 0
228 0
229 0
230 0
232 0
233 0
234 0
241 0
242 0
243 0
244 0
248 0
252 0
253 0
256 0
259 0
261 0
262 0
263 0
264 0
265 0
266 0
268 0
269 0
271 0
277 0
279 0
280 0
281 0
283 0
284 0
285 0
287 0
288 0
290 0
293 0
295 0
297 0
299 0
300 0
301 0
303 0
304 0
305 0
306 0
309 0
310 0
313 0
315 0
316 0
318 0
320 0
321 0
322 0
325 0
327 0
328 0
329 0
334 0
336 0
337 0
338 0
340 0
343 0
348 0
351 0
353 0
355 0
356 0
359 0
361 0
362 0
363 0
364 0
365 0
366 0
367 0
370 0
371 0
372 0
373 0
376 0
377 0
380 0
381 0
384 0
385 0
389 0
391 0
393 0
395 0
396 0
398 0
402 0
403 0
404 0
405 0
407 0
411 0
413 0
415 0
416 0
417 0
419 0
421 0
422 0
424 0
426 0
427 0
430 0
431 0
436 0
438 0
439 0
441 0
442 0
445 0
446 0
451 0
453 0
456 0
460 0
461 0
465 0
466 0
467 0
468 0
469 0
470 0
473 0
474 0
476 0
477 0
478 0
479 0
481 0
485 0
488 0
489 0
490 0
492 0
493 0
497 0
498 0
499 0
501 0
503 0
505 0
506 0
507 0
508 0
512 0
514 0
516 0
519 0
523 0
524 0
527 0
528 0
529 0
530 0
531 0
532 0
533 0
536 0
538 0
540 0
541 0
543 0
546 0
547 0
549 0
550 0
552 0
554 0
555 0
556 0
557 0
558 0
562 0
563 0
564 0
565 0
567 0
568 0
569 0
570 0
571 0
575 0
576 0
577 0
578 0
581 0
582 0
583 0
584 0
590 0
598 0
601 0
603 0
604 0
606 0
607 0
609 0
612 0
615 0
616 0
617 0
620 0
621 0
622 0
625 0
626 0
627 0
630 0
631 0
632 0
633 0
634 0
636 0
640 0
647 0
648 0
650 0
651 0
654 0
655 0
656 0
657 0
658 0
659 0
661 0
664 0
666 0
669 0
673 0
674 0
675 0
678 0
679 0
681 0
683 0
684 0
685 0
688 0
689 0
690 0
697 0
698 0
700 0
702 0
704 0
709 0
710 0
711 0
712 0
714 0
717 0
718 0
720 0
722 0
723 0
724 0
729 0
732 0
736 0
738 0
739 0
745 0
746 0
747 0
750 0
759 0
763 0
764 0
765 0
767 0
768 0
769 0
771 0
773 0
774 0
776 0
777 0
779 0
781 0
782 0
783 0
784 0
785 0
788 0
791 0
792 0
797 0
798 0
799 0
800 0
801 0
802 0
805 0
806 0
807 0
808 0
809 0
810 0
811 0
812 0
813 0
814 0
816 0
817 0
819 0
822 0
824 0
825 0
828 0
831 0
832 0
833 0
834 0
835 0
837 0
838 0
842 0
843 0
844 0
846 0
847 0
850 0
852 0
855 0
858 0
860 0
867 0
869 0
870 0
871 0
874 0
876 0
877 0
878 0
886 0
887 0
888 0
889 0
891 0
893 0
898 0
899 0
900 0
902 0
903 0
907 0
908 0
909 0
913 0
914 0
916 0
918 0
919 0
920 0
921 0
923 0
926 0
927 0
928 0
932 0
934 0
935 0
936 0
937 0
938 0
941 0
942 0
943 0
944 0
945 0
947 0
948 0
950 0
954 0
955 0
956 0
958 0
960 0
965 0
968 0
972 0
973 0
975 0
976 0
978 0
979 0
983 0
984 0
987 0
988 0
990 0
994 0
996 0
997 0
999 0
