c This is a uniform distributed  1-D DIMACS file 
c width height point_number
p 1000 1000 512
3 0
4 0
5 0
9 0
12 0
13 0
14 0
15 0
16 0
17 0
19 0
20 0
21 0
22 0
25 0
26 0
28 0
30 0
35 0
39 0
40 0
42 0
43 0
44 0
47 0
49 0
52 0
54 0
59 0
60 0
61 0
62 0
64 0
66 0
71 0
74 0
78 0
79 0
80 0
83 0
84 0
85 0
86 0
87 0
90 0
91 0
93 0
94 0
95 0
98 0
100 0
101 0
105 0
106 0
107 0
108 0
109 0
111 0
112 0
117 0
120 0
123 0
124 0
125 0
126 0
127 0
128 0
129 0
131 0
132 0
133 0
134 0
137 0
138 0
139 0
143 0
145 0
147 0
148 0
149 0
151 0
152 0
154 0
155 0
159 0
160 0
162 0
163 0
164 0
165 0
168 0
170 0
173 0
174 0
175 0
178 0
181 0
182 0
184 0
187 0
190 0
192 0
193 0
194 0
199 0
200 0
203 0
204 0
206 0
208 0
210 0
211 0
212 0
214 0
217 0
218 0
221 0
223 0
225 0
229 0
230 0
231 0
232 0
233 0
234 0
235 0
237 0
239 0
241 0
243 0
244 0
245 0
246 0
249 0
250 0
251 0
253 0
254 0
255 0
256 0
258 0
260 0
261 0
263 0
264 0
265 0
266 0
267 0
268 0
269 0
270 0
275 0
277 0
279 0
280 0
281 0
283 0
284 0
287 0
289 0
293 0
295 0
296 0
297 0
298 0
307 0
308 0
310 0
312 0
316 0
319 0
320 0
321 0
324 0
325 0
327 0
329 0
334 0
335 0
337 0
338 0
340 0
343 0
345 0
346 0
347 0
348 0
349 0
357 0
359 0
361 0
362 0
363 0
367 0
368 0
369 0
370 0
371 0
372 0
373 0
376 0
378 0
379 0
380 0
383 0
386 0
388 0
392 0
394 0
395 0
401 0
402 0
403 0
413 0
414 0
415 0
417 0
418 0
422 0
425 0
427 0
428 0
429 0
432 0
433 0
434 0
439 0
440 0
441 0
442 0
444 0
447 0
448 0
450 0
451 0
452 0
456 0
457 0
461 0
463 0
467 0
470 0
471 0
472 0
473 0
475 0
476 0
477 0
478 0
480 0
482 0
483 0
484 0
485 0
486 0
487 0
488 0
490 0
491 0
492 0
494 0
495 0
498 0
501 0
503 0
507 0
508 0
510 0
511 0
514 0
515 0
521 0
525 0
527 0
529 0
530 0
534 0
536 0
539 0
540 0
542 0
544 0
545 0
548 0
549 0
551 0
553 0
555 0
556 0
557 0
558 0
562 0
564 0
567 0
568 0
570 0
571 0
572 0
576 0
578 0
579 0
582 0
583 0
584 0
585 0
586 0
588 0
591 0
593 0
594 0
596 0
598 0
599 0
600 0
601 0
603 0
605 0
607 0
608 0
612 0
613 0
615 0
616 0
620 0
623 0
631 0
632 0
633 0
634 0
636 0
637 0
638 0
646 0
648 0
649 0
650 0
652 0
654 0
657 0
660 0
661 0
662 0
663 0
664 0
666 0
671 0
672 0
673 0
674 0
677 0
678 0
681 0
682 0
684 0
685 0
686 0
687 0
688 0
692 0
695 0
696 0
697 0
699 0
700 0
701 0
708 0
709 0
710 0
711 0
712 0
715 0
716 0
717 0
718 0
722 0
723 0
726 0
727 0
728 0
729 0
730 0
731 0
732 0
733 0
735 0
736 0
737 0
741 0
744 0
746 0
747 0
748 0
749 0
751 0
761 0
764 0
766 0
767 0
771 0
776 0
777 0
779 0
780 0
781 0
790 0
796 0
798 0
799 0
800 0
801 0
802 0
803 0
805 0
806 0
809 0
810 0
811 0
813 0
818 0
819 0
820 0
821 0
823 0
824 0
825 0
826 0
828 0
829 0
830 0
831 0
836 0
837 0
838 0
839 0
840 0
841 0
842 0
843 0
844 0
845 0
846 0
849 0
852 0
854 0
857 0
859 0
860 0
861 0
863 0
866 0
870 0
871 0
872 0
875 0
878 0
880 0
881 0
883 0
884 0
885 0
888 0
889 0
890 0
891 0
892 0
893 0
896 0
897 0
898 0
902 0
905 0
906 0
909 0
910 0
911 0
913 0
914 0
921 0
922 0
925 0
926 0
929 0
931 0
933 0
935 0
936 0
937 0
940 0
941 0
944 0
946 0
947 0
950 0
951 0
953 0
955 0
956 0
960 0
961 0
966 0
967 0
971 0
974 0
977 0
979 0
981 0
988 0
990 0
991 0
994 0
995 0
997 0
