c This is a uniform distributed  1-D DIMACS file 
c width height point_number
p 1000 1000 512
4 0
6 0
8 0
10 0
11 0
12 0
13 0
15 0
16 0
17 0
18 0
19 0
20 0
27 0
28 0
29 0
31 0
32 0
38 0
42 0
45 0
46 0
48 0
49 0
53 0
54 0
55 0
56 0
58 0
59 0
60 0
68 0
69 0
71 0
73 0
75 0
78 0
79 0
81 0
82 0
83 0
84 0
86 0
88 0
89 0
92 0
93 0
94 0
95 0
97 0
98 0
106 0
107 0
108 0
111 0
112 0
113 0
116 0
117 0
118 0
122 0
123 0
124 0
126 0
127 0
132 0
133 0
134 0
136 0
138 0
141 0
142 0
143 0
145 0
149 0
151 0
154 0
156 0
157 0
158 0
159 0
161 0
163 0
164 0
165 0
169 0
170 0
172 0
173 0
174 0
175 0
176 0
178 0
181 0
187 0
189 0
195 0
199 0
200 0
205 0
206 0
207 0
208 0
210 0
212 0
213 0
214 0
217 0
219 0
223 0
224 0
226 0
227 0
228 0
235 0
239 0
241 0
242 0
243 0
244 0
246 0
247 0
249 0
251 0
252 0
254 0
256 0
257 0
258 0
261 0
262 0
264 0
265 0
267 0
268 0
269 0
271 0
272 0
273 0
274 0
277 0
278 0
280 0
281 0
286 0
290 0
291 0
292 0
293 0
296 0
297 0
298 0
305 0
306 0
308 0
309 0
310 0
312 0
315 0
317 0
321 0
323 0
324 0
326 0
327 0
329 0
331 0
335 0
336 0
337 0
338 0
340 0
343 0
347 0
351 0
352 0
353 0
357 0
358 0
359 0
360 0
364 0
367 0
368 0
369 0
371 0
373 0
374 0
377 0
379 0
381 0
385 0
387 0
389 0
390 0
391 0
392 0
394 0
399 0
401 0
403 0
404 0
405 0
407 0
410 0
411 0
413 0
414 0
416 0
417 0
419 0
428 0
430 0
431 0
432 0
433 0
434 0
436 0
439 0
442 0
446 0
450 0
451 0
452 0
453 0
454 0
455 0
456 0
457 0
459 0
460 0
461 0
465 0
466 0
467 0
468 0
469 0
470 0
471 0
474 0
476 0
477 0
478 0
479 0
480 0
481 0
482 0
483 0
485 0
486 0
487 0
488 0
489 0
491 0
492 0
496 0
500 0
502 0
504 0
505 0
510 0
513 0
514 0
515 0
516 0
517 0
518 0
520 0
524 0
527 0
528 0
531 0
533 0
534 0
536 0
537 0
538 0
541 0
543 0
547 0
548 0
549 0
550 0
551 0
552 0
554 0
556 0
558 0
560 0
561 0
562 0
566 0
567 0
570 0
571 0
572 0
575 0
576 0
578 0
579 0
581 0
582 0
583 0
586 0
588 0
590 0
592 0
593 0
595 0
601 0
603 0
606 0
608 0
611 0
613 0
615 0
617 0
618 0
619 0
620 0
622 0
623 0
624 0
625 0
626 0
628 0
634 0
636 0
637 0
639 0
641 0
643 0
644 0
647 0
649 0
651 0
652 0
653 0
655 0
658 0
660 0
661 0
663 0
664 0
665 0
667 0
668 0
672 0
673 0
674 0
676 0
678 0
679 0
681 0
682 0
683 0
684 0
686 0
688 0
689 0
690 0
692 0
694 0
696 0
699 0
700 0
704 0
707 0
708 0
710 0
713 0
714 0
715 0
718 0
719 0
724 0
726 0
729 0
730 0
732 0
733 0
735 0
737 0
739 0
741 0
743 0
745 0
746 0
747 0
750 0
751 0
755 0
757 0
762 0
763 0
764 0
765 0
771 0
772 0
773 0
778 0
782 0
783 0
785 0
788 0
789 0
791 0
792 0
794 0
800 0
801 0
805 0
808 0
809 0
810 0
812 0
816 0
817 0
820 0
822 0
823 0
826 0
827 0
828 0
829 0
831 0
832 0
833 0
834 0
835 0
836 0
837 0
838 0
839 0
847 0
848 0
849 0
851 0
853 0
856 0
858 0
863 0
865 0
867 0
869 0
870 0
871 0
872 0
873 0
874 0
876 0
877 0
881 0
886 0
888 0
889 0
890 0
892 0
893 0
896 0
899 0
901 0
903 0
905 0
908 0
909 0
910 0
911 0
912 0
914 0
916 0
917 0
918 0
919 0
922 0
924 0
925 0
926 0
934 0
938 0
943 0
944 0
946 0
947 0
948 0
950 0
954 0
955 0
956 0
957 0
958 0
959 0
963 0
965 0
967 0
968 0
970 0
971 0
973 0
974 0
976 0
978 0
985 0
987 0
988 0
991 0
993 0
994 0
995 0
997 0
998 0
999 0
