c This is a uniform distributed  1-D DIMACS file 
c width height point_number
p 1000 1000 512
1 0
3 0
4 0
6 0
11 0
12 0
14 0
18 0
19 0
20 0
21 0
22 0
24 0
26 0
32 0
35 0
36 0
37 0
41 0
43 0
44 0
46 0
47 0
51 0
52 0
53 0
55 0
59 0
60 0
61 0
62 0
63 0
66 0
68 0
73 0
74 0
76 0
78 0
79 0
80 0
84 0
86 0
87 0
90 0
91 0
92 0
93 0
94 0
95 0
96 0
97 0
100 0
101 0
104 0
105 0
106 0
108 0
110 0
111 0
115 0
116 0
118 0
119 0
120 0
124 0
126 0
127 0
128 0
129 0
130 0
131 0
135 0
139 0
140 0
143 0
145 0
152 0
153 0
154 0
155 0
156 0
157 0
158 0
159 0
161 0
168 0
170 0
171 0
174 0
176 0
180 0
181 0
182 0
183 0
185 0
186 0
187 0
188 0
193 0
194 0
196 0
198 0
199 0
208 0
209 0
211 0
212 0
214 0
215 0
220 0
225 0
227 0
230 0
231 0
232 0
235 0
236 0
237 0
239 0
240 0
241 0
243 0
246 0
247 0
248 0
250 0
251 0
255 0
256 0
257 0
258 0
259 0
261 0
264 0
268 0
271 0
272 0
275 0
276 0
280 0
282 0
285 0
287 0
289 0
292 0
294 0
295 0
296 0
297 0
298 0
299 0
301 0
302 0
303 0
304 0
305 0
306 0
309 0
317 0
318 0
320 0
327 0
328 0
330 0
331 0
332 0
333 0
335 0
336 0
337 0
338 0
340 0
341 0
342 0
344 0
346 0
348 0
349 0
350 0
353 0
355 0
358 0
360 0
361 0
362 0
363 0
364 0
367 0
370 0
373 0
374 0
375 0
376 0
377 0
378 0
381 0
385 0
386 0
389 0
390 0
391 0
392 0
394 0
404 0
405 0
407 0
408 0
411 0
412 0
416 0
417 0
418 0
419 0
420 0
421 0
423 0
424 0
425 0
427 0
432 0
434 0
435 0
437 0
438 0
439 0
442 0
443 0
446 0
447 0
448 0
453 0
454 0
455 0
456 0
462 0
465 0
466 0
467 0
469 0
471 0
472 0
477 0
478 0
479 0
482 0
483 0
484 0
487 0
489 0
490 0
491 0
494 0
495 0
496 0
497 0
500 0
502 0
503 0
505 0
507 0
510 0
511 0
515 0
516 0
517 0
518 0
521 0
522 0
523 0
526 0
527 0
528 0
530 0
531 0
534 0
535 0
537 0
538 0
540 0
541 0
543 0
544 0
548 0
549 0
553 0
554 0
556 0
557 0
558 0
561 0
562 0
565 0
566 0
567 0
569 0
570 0
575 0
577 0
579 0
580 0
581 0
583 0
585 0
586 0
588 0
591 0
593 0
594 0
595 0
597 0
598 0
599 0
600 0
601 0
603 0
604 0
606 0
611 0
616 0
619 0
620 0
623 0
624 0
625 0
627 0
628 0
629 0
630 0
632 0
633 0
635 0
638 0
639 0
640 0
641 0
642 0
643 0
645 0
646 0
648 0
649 0
650 0
651 0
652 0
653 0
654 0
655 0
656 0
662 0
665 0
666 0
671 0
677 0
678 0
680 0
682 0
685 0
687 0
689 0
692 0
694 0
695 0
696 0
698 0
700 0
701 0
703 0
704 0
705 0
707 0
709 0
711 0
713 0
715 0
716 0
718 0
719 0
721 0
724 0
727 0
732 0
734 0
735 0
737 0
738 0
744 0
747 0
748 0
750 0
751 0
752 0
753 0
754 0
755 0
757 0
764 0
765 0
767 0
771 0
773 0
774 0
775 0
777 0
778 0
779 0
782 0
783 0
784 0
785 0
792 0
793 0
794 0
795 0
797 0
799 0
804 0
805 0
807 0
808 0
810 0
814 0
815 0
816 0
819 0
821 0
822 0
825 0
826 0
827 0
829 0
830 0
831 0
832 0
833 0
837 0
840 0
842 0
843 0
845 0
848 0
849 0
850 0
852 0
853 0
854 0
856 0
857 0
859 0
860 0
864 0
870 0
871 0
873 0
875 0
877 0
878 0
879 0
885 0
887 0
888 0
890 0
891 0
892 0
895 0
897 0
902 0
903 0
904 0
905 0
907 0
909 0
910 0
913 0
920 0
923 0
927 0
928 0
930 0
931 0
933 0
938 0
942 0
944 0
945 0
946 0
947 0
949 0
951 0
954 0
956 0
958 0
959 0
961 0
962 0
963 0
964 0
969 0
971 0
973 0
974 0
975 0
976 0
978 0
979 0
980 0
982 0
992 0
993 0
994 0
995 0
997 0
998 0
