c This is a uniform distributed  1-D DIMACS file 
c width height point_number
p 1000 1000 512
2 0
3 0
4 0
7 0
8 0
10 0
11 0
12 0
14 0
15 0
16 0
19 0
20 0
21 0
24 0
25 0
26 0
29 0
30 0
31 0
33 0
34 0
37 0
40 0
41 0
44 0
46 0
47 0
48 0
49 0
50 0
52 0
53 0
54 0
56 0
57 0
58 0
59 0
61 0
62 0
64 0
69 0
71 0
74 0
75 0
76 0
78 0
79 0
80 0
81 0
82 0
83 0
85 0
89 0
91 0
92 0
93 0
98 0
100 0
101 0
103 0
104 0
106 0
109 0
112 0
114 0
115 0
116 0
117 0
118 0
121 0
124 0
125 0
128 0
129 0
130 0
131 0
133 0
134 0
135 0
136 0
138 0
140 0
141 0
142 0
144 0
146 0
147 0
151 0
153 0
154 0
159 0
161 0
162 0
165 0
169 0
172 0
173 0
174 0
180 0
186 0
190 0
191 0
194 0
195 0
196 0
198 0
199 0
200 0
202 0
203 0
204 0
207 0
209 0
210 0
211 0
214 0
215 0
218 0
219 0
221 0
222 0
223 0
225 0
227 0
228 0
229 0
236 0
237 0
239 0
241 0
244 0
245 0
246 0
247 0
248 0
249 0
251 0
252 0
255 0
256 0
259 0
262 0
263 0
264 0
266 0
268 0
269 0
270 0
273 0
278 0
279 0
282 0
284 0
285 0
286 0
293 0
294 0
296 0
308 0
309 0
311 0
313 0
314 0
315 0
316 0
324 0
327 0
329 0
330 0
332 0
333 0
335 0
337 0
339 0
341 0
342 0
343 0
344 0
345 0
347 0
351 0
352 0
355 0
357 0
358 0
362 0
363 0
369 0
370 0
371 0
374 0
376 0
377 0
378 0
380 0
381 0
382 0
386 0
390 0
392 0
396 0
399 0
400 0
404 0
405 0
406 0
407 0
408 0
409 0
410 0
411 0
414 0
417 0
419 0
421 0
423 0
424 0
426 0
427 0
429 0
430 0
431 0
432 0
433 0
436 0
437 0
439 0
442 0
445 0
446 0
448 0
449 0
455 0
456 0
458 0
460 0
461 0
464 0
465 0
466 0
468 0
469 0
470 0
471 0
474 0
475 0
478 0
482 0
484 0
485 0
487 0
488 0
489 0
492 0
493 0
494 0
495 0
497 0
498 0
499 0
501 0
504 0
508 0
510 0
512 0
513 0
515 0
516 0
519 0
520 0
523 0
524 0
525 0
526 0
528 0
529 0
532 0
535 0
536 0
537 0
539 0
544 0
546 0
547 0
548 0
549 0
550 0
552 0
553 0
554 0
558 0
562 0
567 0
571 0
572 0
573 0
575 0
576 0
579 0
580 0
582 0
584 0
588 0
590 0
593 0
596 0
599 0
601 0
603 0
605 0
607 0
608 0
611 0
615 0
616 0
617 0
620 0
621 0
622 0
625 0
626 0
627 0
628 0
630 0
631 0
632 0
636 0
642 0
643 0
644 0
645 0
647 0
649 0
651 0
653 0
659 0
661 0
663 0
671 0
672 0
673 0
674 0
675 0
676 0
677 0
679 0
680 0
682 0
683 0
686 0
688 0
691 0
692 0
693 0
695 0
696 0
698 0
699 0
700 0
701 0
705 0
708 0
711 0
714 0
715 0
718 0
719 0
720 0
721 0
723 0
724 0
725 0
727 0
729 0
731 0
732 0
734 0
735 0
736 0
738 0
739 0
741 0
743 0
744 0
745 0
746 0
750 0
751 0
752 0
755 0
756 0
760 0
763 0
765 0
769 0
770 0
775 0
777 0
778 0
781 0
782 0
785 0
786 0
790 0
794 0
795 0
797 0
798 0
801 0
802 0
804 0
812 0
813 0
814 0
819 0
824 0
825 0
830 0
832 0
834 0
836 0
837 0
839 0
842 0
844 0
846 0
848 0
849 0
850 0
851 0
855 0
857 0
860 0
861 0
862 0
864 0
865 0
868 0
869 0
871 0
875 0
877 0
878 0
882 0
883 0
884 0
885 0
886 0
890 0
891 0
894 0
895 0
896 0
898 0
899 0
901 0
902 0
904 0
905 0
906 0
907 0
908 0
909 0
911 0
912 0
914 0
917 0
922 0
923 0
925 0
927 0
929 0
930 0
934 0
935 0
936 0
938 0
939 0
940 0
941 0
942 0
945 0
947 0
950 0
953 0
955 0
957 0
959 0
960 0
965 0
966 0
967 0
968 0
969 0
970 0
971 0
972 0
973 0
976 0
978 0
979 0
982 0
983 0
984 0
986 0
988 0
990 0
992 0
994 0
998 0
999 0
