c This is a uniform distributed  1-D DIMACS file 
c width height point_number
p 1000 1000 512
2 0
5 0
8 0
10 0
11 0
16 0
19 0
21 0
22 0
23 0
25 0
26 0
27 0
29 0
31 0
33 0
37 0
38 0
39 0
43 0
44 0
45 0
49 0
52 0
54 0
56 0
64 0
65 0
68 0
71 0
72 0
73 0
76 0
78 0
80 0
84 0
87 0
88 0
94 0
97 0
98 0
99 0
101 0
106 0
110 0
113 0
114 0
116 0
123 0
124 0
125 0
127 0
128 0
129 0
130 0
131 0
132 0
137 0
138 0
139 0
141 0
142 0
144 0
145 0
146 0
150 0
151 0
152 0
153 0
154 0
156 0
159 0
163 0
164 0
165 0
167 0
168 0
169 0
170 0
171 0
172 0
175 0
177 0
179 0
183 0
184 0
189 0
191 0
194 0
197 0
198 0
199 0
200 0
204 0
207 0
209 0
210 0
211 0
212 0
213 0
214 0
216 0
218 0
220 0
223 0
226 0
228 0
230 0
231 0
232 0
233 0
235 0
236 0
238 0
241 0
244 0
250 0
252 0
253 0
254 0
255 0
257 0
261 0
264 0
265 0
267 0
270 0
271 0
272 0
273 0
276 0
277 0
279 0
280 0
282 0
283 0
288 0
289 0
291 0
293 0
296 0
297 0
298 0
301 0
303 0
304 0
309 0
313 0
314 0
316 0
317 0
318 0
320 0
322 0
323 0
325 0
326 0
327 0
328 0
329 0
331 0
333 0
334 0
335 0
337 0
338 0
339 0
343 0
344 0
349 0
352 0
353 0
354 0
357 0
358 0
361 0
363 0
366 0
368 0
370 0
374 0
377 0
378 0
379 0
380 0
381 0
382 0
385 0
388 0
391 0
392 0
393 0
394 0
397 0
398 0
399 0
400 0
401 0
402 0
406 0
407 0
408 0
410 0
411 0
414 0
417 0
418 0
419 0
421 0
424 0
425 0
426 0
428 0
432 0
439 0
441 0
442 0
443 0
445 0
446 0
451 0
452 0
455 0
457 0
459 0
461 0
462 0
463 0
466 0
467 0
469 0
470 0
471 0
472 0
476 0
477 0
478 0
479 0
486 0
489 0
490 0
491 0
493 0
498 0
499 0
500 0
501 0
502 0
504 0
506 0
507 0
509 0
511 0
512 0
514 0
515 0
516 0
518 0
519 0
520 0
521 0
523 0
525 0
527 0
533 0
534 0
535 0
537 0
540 0
541 0
543 0
545 0
546 0
548 0
549 0
550 0
552 0
557 0
558 0
559 0
562 0
563 0
565 0
566 0
567 0
569 0
570 0
571 0
573 0
576 0
581 0
584 0
586 0
587 0
589 0
591 0
592 0
596 0
597 0
599 0
602 0
604 0
607 0
609 0
610 0
611 0
612 0
615 0
616 0
617 0
618 0
619 0
621 0
622 0
623 0
625 0
627 0
628 0
629 0
631 0
634 0
635 0
638 0
643 0
644 0
646 0
647 0
649 0
653 0
654 0
655 0
656 0
657 0
658 0
661 0
663 0
666 0
667 0
668 0
669 0
670 0
671 0
677 0
682 0
683 0
688 0
689 0
690 0
691 0
692 0
694 0
695 0
696 0
697 0
699 0
704 0
705 0
707 0
708 0
713 0
715 0
716 0
717 0
718 0
719 0
722 0
723 0
724 0
725 0
728 0
729 0
730 0
733 0
734 0
735 0
739 0
740 0
741 0
744 0
748 0
749 0
750 0
751 0
752 0
753 0
754 0
756 0
757 0
759 0
761 0
763 0
768 0
771 0
772 0
774 0
775 0
776 0
778 0
779 0
780 0
782 0
783 0
785 0
788 0
789 0
793 0
794 0
795 0
796 0
797 0
801 0
804 0
806 0
807 0
811 0
812 0
814 0
815 0
817 0
819 0
821 0
822 0
823 0
826 0
830 0
833 0
836 0
837 0
838 0
843 0
844 0
845 0
846 0
847 0
848 0
849 0
850 0
851 0
853 0
856 0
857 0
860 0
864 0
865 0
866 0
867 0
870 0
871 0
872 0
874 0
879 0
880 0
882 0
883 0
884 0
885 0
887 0
890 0
891 0
893 0
896 0
897 0
902 0
904 0
906 0
907 0
908 0
909 0
910 0
911 0
912 0
915 0
916 0
918 0
919 0
923 0
925 0
926 0
929 0
932 0
934 0
935 0
940 0
943 0
945 0
947 0
949 0
950 0
954 0
955 0
956 0
957 0
959 0
960 0
961 0
964 0
965 0
966 0
968 0
972 0
973 0
974 0
975 0
976 0
980 0
982 0
984 0
985 0
988 0
989 0
993 0
999 0
