c This is a uniform distributed  1-D DIMACS file 
c width height point_number
p 1000 1000 512
1 0
2 0
3 0
4 0
5 0
6 0
10 0
11 0
12 0
14 0
15 0
17 0
19 0
20 0
21 0
23 0
24 0
26 0
27 0
28 0
29 0
30 0
31 0
32 0
33 0
35 0
36 0
37 0
38 0
40 0
43 0
45 0
48 0
55 0
56 0
57 0
58 0
61 0
64 0
65 0
70 0
73 0
74 0
78 0
80 0
81 0
83 0
85 0
87 0
89 0
91 0
92 0
98 0
100 0
101 0
102 0
103 0
108 0
109 0
110 0
111 0
115 0
116 0
118 0
120 0
126 0
128 0
129 0
133 0
134 0
135 0
137 0
138 0
139 0
143 0
146 0
149 0
152 0
154 0
157 0
158 0
160 0
161 0
162 0
165 0
166 0
170 0
171 0
174 0
175 0
178 0
182 0
184 0
188 0
189 0
190 0
191 0
194 0
197 0
199 0
200 0
202 0
204 0
206 0
207 0
208 0
211 0
212 0
213 0
215 0
217 0
219 0
220 0
221 0
224 0
225 0
228 0
229 0
232 0
233 0
240 0
242 0
244 0
245 0
248 0
249 0
250 0
251 0
253 0
256 0
258 0
259 0
261 0
262 0
265 0
266 0
267 0
268 0
270 0
271 0
273 0
275 0
279 0
280 0
281 0
282 0
286 0
287 0
288 0
293 0
295 0
296 0
298 0
302 0
303 0
304 0
305 0
307 0
309 0
310 0
316 0
317 0
318 0
319 0
320 0
321 0
325 0
327 0
331 0
332 0
333 0
334 0
338 0
339 0
342 0
344 0
345 0
346 0
349 0
352 0
354 0
357 0
360 0
362 0
370 0
372 0
374 0
375 0
378 0
382 0
386 0
387 0
390 0
391 0
392 0
393 0
394 0
396 0
397 0
399 0
400 0
402 0
406 0
410 0
411 0
412 0
414 0
415 0
417 0
418 0
419 0
420 0
423 0
424 0
425 0
426 0
427 0
430 0
431 0
434 0
436 0
437 0
438 0
439 0
441 0
442 0
443 0
444 0
445 0
446 0
447 0
448 0
451 0
453 0
455 0
456 0
461 0
462 0
465 0
472 0
473 0
477 0
480 0
481 0
483 0
484 0
486 0
487 0
491 0
494 0
495 0
496 0
500 0
502 0
504 0
505 0
506 0
508 0
509 0
510 0
512 0
517 0
518 0
520 0
521 0
523 0
525 0
526 0
527 0
528 0
530 0
531 0
532 0
534 0
536 0
537 0
538 0
540 0
541 0
544 0
545 0
546 0
548 0
549 0
550 0
552 0
553 0
555 0
556 0
557 0
558 0
559 0
561 0
562 0
563 0
566 0
567 0
569 0
570 0
571 0
576 0
577 0
578 0
579 0
583 0
584 0
585 0
587 0
588 0
590 0
593 0
595 0
597 0
602 0
603 0
605 0
607 0
608 0
610 0
613 0
615 0
616 0
620 0
623 0
631 0
632 0
633 0
634 0
639 0
641 0
643 0
649 0
650 0
651 0
653 0
655 0
656 0
659 0
660 0
661 0
662 0
663 0
667 0
668 0
669 0
672 0
673 0
675 0
676 0
677 0
678 0
680 0
683 0
684 0
686 0
687 0
689 0
693 0
695 0
696 0
697 0
698 0
703 0
704 0
706 0
707 0
709 0
711 0
720 0
722 0
724 0
725 0
727 0
728 0
734 0
735 0
736 0
737 0
739 0
743 0
748 0
750 0
753 0
757 0
758 0
761 0
763 0
769 0
770 0
772 0
773 0
775 0
777 0
778 0
780 0
781 0
784 0
786 0
788 0
790 0
791 0
794 0
797 0
799 0
800 0
801 0
804 0
808 0
812 0
813 0
814 0
817 0
818 0
821 0
823 0
825 0
827 0
828 0
829 0
830 0
831 0
832 0
834 0
836 0
839 0
840 0
845 0
846 0
847 0
848 0
851 0
852 0
853 0
859 0
860 0
861 0
862 0
863 0
864 0
866 0
867 0
868 0
869 0
871 0
876 0
878 0
880 0
881 0
883 0
884 0
885 0
887 0
892 0
894 0
895 0
898 0
899 0
901 0
903 0
904 0
905 0
907 0
908 0
909 0
912 0
915 0
916 0
917 0
920 0
927 0
928 0
929 0
931 0
933 0
935 0
936 0
938 0
939 0
940 0
941 0
944 0
946 0
947 0
953 0
956 0
957 0
958 0
961 0
962 0
963 0
965 0
968 0
969 0
971 0
973 0
974 0
975 0
976 0
981 0
982 0
983 0
984 0
986 0
990 0
991 0
992 0
993 0
994 0
996 0
997 0
998 0
999 0
