c This is a uniform distributed  1-D DIMACS file 
c width height point_number
p 1000 1000 512
2 0
4 0
5 0
9 0
10 0
11 0
12 0
13 0
14 0
15 0
16 0
17 0
19 0
20 0
22 0
23 0
24 0
25 0
26 0
30 0
31 0
33 0
36 0
37 0
38 0
40 0
41 0
44 0
48 0
49 0
50 0
51 0
53 0
54 0
55 0
56 0
57 0
58 0
59 0
60 0
62 0
63 0
64 0
65 0
66 0
68 0
70 0
71 0
72 0
73 0
75 0
77 0
81 0
86 0
87 0
88 0
90 0
92 0
96 0
97 0
100 0
105 0
106 0
107 0
109 0
110 0
111 0
112 0
115 0
119 0
121 0
123 0
125 0
126 0
127 0
129 0
132 0
133 0
134 0
136 0
137 0
141 0
142 0
143 0
150 0
151 0
152 0
153 0
154 0
155 0
157 0
160 0
161 0
162 0
163 0
165 0
166 0
167 0
172 0
174 0
176 0
177 0
178 0
179 0
180 0
181 0
184 0
185 0
186 0
188 0
189 0
190 0
192 0
193 0
194 0
195 0
199 0
200 0
202 0
203 0
209 0
211 0
212 0
213 0
216 0
221 0
222 0
225 0
226 0
230 0
232 0
234 0
236 0
239 0
242 0
246 0
249 0
250 0
251 0
252 0
255 0
256 0
258 0
260 0
263 0
265 0
266 0
267 0
269 0
270 0
273 0
277 0
281 0
283 0
285 0
286 0
287 0
288 0
291 0
292 0
298 0
300 0
303 0
305 0
306 0
307 0
309 0
310 0
311 0
312 0
315 0
320 0
325 0
327 0
328 0
329 0
332 0
333 0
334 0
336 0
339 0
342 0
343 0
344 0
345 0
347 0
350 0
353 0
354 0
357 0
358 0
361 0
362 0
367 0
368 0
370 0
372 0
373 0
375 0
377 0
383 0
384 0
385 0
387 0
388 0
390 0
392 0
393 0
394 0
399 0
400 0
401 0
403 0
404 0
406 0
407 0
409 0
410 0
417 0
419 0
422 0
424 0
427 0
428 0
429 0
431 0
433 0
437 0
438 0
440 0
442 0
443 0
444 0
446 0
449 0
451 0
454 0
456 0
458 0
459 0
460 0
464 0
467 0
471 0
473 0
474 0
475 0
477 0
479 0
480 0
481 0
485 0
486 0
491 0
492 0
493 0
497 0
498 0
499 0
501 0
502 0
503 0
504 0
505 0
507 0
509 0
517 0
518 0
519 0
528 0
532 0
534 0
538 0
542 0
544 0
545 0
549 0
550 0
554 0
557 0
559 0
562 0
563 0
564 0
569 0
570 0
572 0
575 0
576 0
580 0
581 0
585 0
586 0
587 0
588 0
590 0
596 0
598 0
602 0
603 0
605 0
607 0
608 0
610 0
613 0
614 0
616 0
619 0
620 0
622 0
626 0
629 0
630 0
631 0
632 0
637 0
638 0
646 0
648 0
651 0
654 0
655 0
656 0
657 0
659 0
661 0
665 0
666 0
668 0
669 0
670 0
672 0
673 0
674 0
676 0
678 0
680 0
681 0
683 0
684 0
686 0
687 0
688 0
690 0
691 0
692 0
695 0
697 0
699 0
700 0
703 0
704 0
707 0
710 0
711 0
712 0
713 0
715 0
718 0
719 0
720 0
724 0
725 0
726 0
727 0
728 0
731 0
733 0
735 0
737 0
739 0
740 0
741 0
743 0
744 0
745 0
747 0
748 0
751 0
755 0
757 0
758 0
760 0
761 0
763 0
766 0
768 0
769 0
770 0
772 0
776 0
777 0
779 0
781 0
782 0
783 0
784 0
786 0
788 0
789 0
792 0
793 0
794 0
796 0
798 0
799 0
800 0
801 0
802 0
805 0
806 0
807 0
810 0
811 0
814 0
819 0
822 0
823 0
824 0
825 0
830 0
831 0
833 0
834 0
835 0
836 0
838 0
840 0
843 0
844 0
847 0
850 0
852 0
854 0
857 0
859 0
861 0
862 0
863 0
864 0
872 0
873 0
875 0
876 0
879 0
880 0
881 0
882 0
883 0
885 0
888 0
890 0
892 0
895 0
901 0
902 0
905 0
906 0
907 0
911 0
912 0
914 0
915 0
916 0
917 0
918 0
919 0
920 0
921 0
922 0
923 0
924 0
928 0
929 0
930 0
931 0
936 0
937 0
938 0
941 0
942 0
943 0
945 0
946 0
948 0
949 0
951 0
952 0
953 0
958 0
963 0
968 0
969 0
973 0
977 0
978 0
979 0
981 0
983 0
984 0
985 0
987 0
988 0
989 0
990 0
991 0
992 0
994 0
995 0
997 0
998 0
999 0
