c This is a uniform distributed  1-D DIMACS file 
c width height point_number
p 1000 1000 512
1 0
4 0
5 0
8 0
9 0
12 0
14 0
16 0
18 0
19 0
21 0
23 0
24 0
25 0
27 0
29 0
31 0
33 0
35 0
36 0
41 0
44 0
45 0
46 0
49 0
52 0
53 0
55 0
56 0
58 0
59 0
66 0
67 0
68 0
70 0
72 0
75 0
77 0
78 0
80 0
82 0
83 0
84 0
85 0
86 0
89 0
91 0
93 0
95 0
97 0
100 0
101 0
104 0
106 0
116 0
118 0
119 0
124 0
125 0
126 0
131 0
133 0
134 0
135 0
139 0
140 0
141 0
144 0
145 0
146 0
147 0
148 0
150 0
151 0
154 0
155 0
156 0
159 0
160 0
163 0
165 0
168 0
171 0
174 0
175 0
178 0
180 0
183 0
184 0
185 0
187 0
188 0
190 0
191 0
193 0
194 0
199 0
201 0
203 0
206 0
207 0
209 0
210 0
211 0
213 0
214 0
215 0
216 0
218 0
221 0
227 0
228 0
229 0
230 0
231 0
232 0
234 0
235 0
237 0
238 0
240 0
241 0
242 0
244 0
245 0
247 0
250 0
251 0
257 0
262 0
263 0
264 0
265 0
267 0
271 0
275 0
276 0
277 0
278 0
280 0
283 0
284 0
286 0
289 0
290 0
291 0
292 0
300 0
301 0
302 0
303 0
306 0
307 0
312 0
314 0
315 0
316 0
319 0
321 0
322 0
326 0
327 0
330 0
331 0
332 0
333 0
335 0
336 0
337 0
338 0
341 0
342 0
343 0
344 0
345 0
347 0
351 0
354 0
356 0
357 0
359 0
362 0
363 0
364 0
368 0
369 0
370 0
371 0
372 0
377 0
378 0
379 0
380 0
384 0
386 0
388 0
389 0
391 0
392 0
397 0
400 0
402 0
403 0
406 0
407 0
409 0
410 0
411 0
412 0
413 0
415 0
423 0
425 0
426 0
428 0
429 0
430 0
431 0
432 0
433 0
434 0
436 0
441 0
442 0
444 0
446 0
449 0
450 0
456 0
457 0
460 0
461 0
466 0
467 0
470 0
471 0
472 0
473 0
474 0
475 0
479 0
480 0
482 0
483 0
484 0
485 0
486 0
487 0
488 0
489 0
491 0
493 0
495 0
496 0
497 0
503 0
504 0
508 0
510 0
511 0
513 0
514 0
516 0
517 0
518 0
521 0
522 0
524 0
525 0
526 0
527 0
528 0
529 0
530 0
531 0
533 0
536 0
537 0
544 0
547 0
552 0
553 0
555 0
556 0
557 0
561 0
562 0
563 0
564 0
568 0
569 0
571 0
572 0
575 0
577 0
578 0
580 0
581 0
582 0
584 0
589 0
590 0
592 0
593 0
596 0
597 0
604 0
605 0
606 0
607 0
608 0
612 0
615 0
617 0
618 0
619 0
620 0
622 0
624 0
625 0
626 0
629 0
631 0
632 0
634 0
635 0
636 0
644 0
647 0
648 0
649 0
652 0
656 0
658 0
661 0
663 0
664 0
666 0
667 0
668 0
672 0
673 0
674 0
676 0
677 0
680 0
682 0
683 0
684 0
687 0
690 0
691 0
693 0
696 0
699 0
702 0
703 0
706 0
707 0
708 0
710 0
711 0
712 0
715 0
717 0
718 0
719 0
720 0
722 0
724 0
729 0
731 0
733 0
734 0
736 0
737 0
738 0
739 0
740 0
741 0
742 0
743 0
744 0
745 0
746 0
747 0
749 0
751 0
754 0
755 0
756 0
760 0
762 0
764 0
765 0
766 0
767 0
768 0
770 0
771 0
774 0
775 0
779 0
780 0
785 0
786 0
787 0
790 0
793 0
794 0
795 0
797 0
801 0
802 0
808 0
809 0
810 0
812 0
814 0
816 0
818 0
820 0
822 0
823 0
825 0
827 0
828 0
832 0
834 0
838 0
840 0
841 0
844 0
846 0
847 0
850 0
851 0
855 0
857 0
858 0
860 0
863 0
865 0
869 0
870 0
872 0
873 0
874 0
875 0
876 0
877 0
879 0
882 0
883 0
885 0
886 0
887 0
888 0
889 0
892 0
894 0
895 0
902 0
903 0
906 0
908 0
909 0
911 0
913 0
919 0
920 0
921 0
924 0
927 0
929 0
930 0
932 0
934 0
935 0
938 0
939 0
941 0
950 0
951 0
954 0
957 0
958 0
961 0
962 0
964 0
965 0
967 0
968 0
969 0
970 0
971 0
973 0
975 0
976 0
981 0
982 0
984 0
985 0
986 0
988 0
989 0
990 0
991 0
992 0
996 0
997 0
999 0
