c This is a uniform distributed  1-D DIMACS file 
c width height point_number
p 1000 1000 512
1 0
3 0
5 0
6 0
7 0
9 0
17 0
18 0
19 0
20 0
22 0
23 0
25 0
27 0
28 0
31 0
32 0
34 0
35 0
36 0
37 0
39 0
40 0
41 0
43 0
46 0
47 0
48 0
49 0
51 0
54 0
55 0
56 0
58 0
59 0
62 0
63 0
64 0
68 0
69 0
72 0
73 0
74 0
75 0
79 0
80 0
82 0
88 0
90 0
93 0
95 0
98 0
99 0
100 0
103 0
105 0
106 0
108 0
109 0
110 0
112 0
113 0
114 0
116 0
120 0
122 0
123 0
124 0
125 0
126 0
130 0
131 0
134 0
135 0
138 0
140 0
141 0
146 0
147 0
150 0
153 0
155 0
156 0
157 0
160 0
161 0
162 0
163 0
164 0
167 0
169 0
171 0
172 0
173 0
175 0
181 0
182 0
183 0
184 0
185 0
186 0
188 0
189 0
190 0
192 0
197 0
199 0
200 0
203 0
206 0
207 0
208 0
209 0
212 0
214 0
215 0
216 0
217 0
219 0
220 0
221 0
222 0
224 0
225 0
228 0
230 0
231 0
232 0
235 0
239 0
242 0
245 0
247 0
249 0
253 0
254 0
255 0
258 0
259 0
261 0
263 0
264 0
265 0
270 0
271 0
272 0
273 0
275 0
276 0
277 0
278 0
279 0
281 0
282 0
283 0
285 0
286 0
287 0
288 0
289 0
290 0
291 0
292 0
294 0
296 0
300 0
305 0
307 0
308 0
309 0
310 0
314 0
316 0
317 0
318 0
321 0
325 0
326 0
328 0
329 0
330 0
333 0
334 0
336 0
337 0
338 0
343 0
344 0
346 0
349 0
351 0
352 0
354 0
355 0
359 0
360 0
361 0
365 0
366 0
368 0
369 0
371 0
374 0
377 0
381 0
383 0
386 0
388 0
389 0
390 0
391 0
396 0
397 0
401 0
403 0
404 0
405 0
406 0
407 0
410 0
411 0
414 0
417 0
421 0
422 0
423 0
427 0
430 0
432 0
434 0
439 0
441 0
446 0
449 0
450 0
451 0
452 0
455 0
456 0
457 0
462 0
463 0
465 0
466 0
468 0
470 0
471 0
472 0
473 0
474 0
475 0
476 0
478 0
481 0
483 0
484 0
485 0
488 0
491 0
492 0
493 0
495 0
496 0
498 0
502 0
503 0
505 0
506 0
507 0
509 0
510 0
511 0
513 0
515 0
525 0
526 0
527 0
528 0
529 0
532 0
535 0
536 0
542 0
543 0
546 0
548 0
549 0
552 0
553 0
554 0
558 0
560 0
563 0
564 0
566 0
569 0
571 0
572 0
573 0
575 0
576 0
586 0
588 0
595 0
599 0
601 0
603 0
604 0
605 0
606 0
607 0
611 0
612 0
614 0
615 0
616 0
618 0
619 0
620 0
622 0
623 0
627 0
630 0
632 0
633 0
636 0
640 0
641 0
642 0
646 0
647 0
648 0
651 0
652 0
655 0
656 0
661 0
662 0
664 0
665 0
670 0
672 0
674 0
675 0
676 0
679 0
681 0
682 0
685 0
686 0
687 0
689 0
694 0
695 0
697 0
699 0
701 0
703 0
704 0
705 0
709 0
710 0
711 0
712 0
713 0
715 0
719 0
721 0
722 0
723 0
724 0
726 0
727 0
728 0
729 0
731 0
732 0
733 0
735 0
736 0
737 0
738 0
740 0
741 0
744 0
746 0
747 0
748 0
749 0
750 0
753 0
757 0
760 0
762 0
764 0
765 0
766 0
768 0
769 0
770 0
771 0
772 0
775 0
778 0
779 0
780 0
781 0
782 0
783 0
784 0
785 0
790 0
792 0
799 0
803 0
804 0
805 0
806 0
807 0
808 0
809 0
810 0
812 0
815 0
816 0
817 0
818 0
821 0
822 0
824 0
827 0
828 0
830 0
834 0
835 0
836 0
837 0
838 0
840 0
841 0
842 0
843 0
847 0
848 0
852 0
854 0
856 0
859 0
860 0
861 0
862 0
863 0
866 0
870 0
871 0
873 0
883 0
886 0
888 0
889 0
896 0
897 0
898 0
905 0
911 0
914 0
917 0
918 0
919 0
920 0
922 0
923 0
924 0
925 0
927 0
929 0
930 0
931 0
932 0
934 0
935 0
937 0
939 0
940 0
941 0
943 0
946 0
947 0
950 0
951 0
955 0
958 0
960 0
961 0
962 0
963 0
965 0
969 0
970 0
972 0
973 0
976 0
978 0
981 0
983 0
985 0
986 0
990 0
992 0
994 0
998 0
999 0
