c This is a uniform distributed  1-D DIMACS file 
c width height point_number
p 1000 1000 512
1 0
6 0
7 0
9 0
10 0
12 0
15 0
18 0
20 0
22 0
24 0
25 0
26 0
27 0
28 0
29 0
32 0
34 0
35 0
36 0
37 0
39 0
40 0
44 0
45 0
46 0
47 0
48 0
50 0
51 0
52 0
53 0
54 0
55 0
57 0
58 0
60 0
62 0
64 0
65 0
70 0
74 0
76 0
79 0
80 0
82 0
83 0
84 0
86 0
87 0
88 0
89 0
93 0
94 0
95 0
96 0
97 0
98 0
99 0
101 0
103 0
104 0
105 0
106 0
107 0
111 0
113 0
115 0
116 0
119 0
122 0
123 0
125 0
126 0
128 0
133 0
134 0
136 0
137 0
139 0
141 0
145 0
146 0
148 0
149 0
150 0
151 0
152 0
154 0
155 0
160 0
163 0
167 0
168 0
169 0
171 0
174 0
185 0
187 0
188 0
190 0
191 0
192 0
196 0
197 0
202 0
208 0
209 0
211 0
212 0
216 0
218 0
219 0
220 0
221 0
225 0
229 0
230 0
234 0
235 0
238 0
239 0
243 0
244 0
245 0
246 0
247 0
248 0
250 0
253 0
254 0
255 0
256 0
257 0
260 0
261 0
262 0
263 0
264 0
265 0
267 0
270 0
271 0
272 0
275 0
277 0
278 0
279 0
283 0
284 0
288 0
291 0
293 0
297 0
299 0
300 0
302 0
303 0
304 0
307 0
308 0
314 0
317 0
320 0
321 0
324 0
325 0
326 0
327 0
330 0
332 0
333 0
337 0
338 0
340 0
342 0
349 0
350 0
351 0
352 0
355 0
358 0
359 0
360 0
361 0
362 0
363 0
365 0
367 0
368 0
369 0
370 0
374 0
378 0
379 0
381 0
382 0
384 0
386 0
390 0
391 0
393 0
394 0
396 0
402 0
404 0
405 0
406 0
407 0
409 0
411 0
414 0
416 0
417 0
421 0
422 0
423 0
425 0
426 0
429 0
431 0
434 0
435 0
436 0
443 0
444 0
447 0
449 0
450 0
451 0
455 0
462 0
467 0
468 0
470 0
473 0
475 0
476 0
478 0
479 0
480 0
483 0
484 0
486 0
488 0
490 0
492 0
494 0
495 0
496 0
498 0
499 0
500 0
501 0
502 0
504 0
507 0
508 0
510 0
515 0
517 0
518 0
521 0
524 0
528 0
529 0
532 0
534 0
535 0
538 0
539 0
540 0
542 0
546 0
548 0
549 0
551 0
554 0
555 0
556 0
560 0
561 0
562 0
563 0
564 0
565 0
567 0
570 0
571 0
575 0
579 0
583 0
584 0
585 0
586 0
587 0
588 0
589 0
591 0
592 0
593 0
595 0
599 0
603 0
604 0
605 0
606 0
608 0
610 0
611 0
612 0
614 0
617 0
620 0
623 0
624 0
626 0
627 0
628 0
629 0
631 0
632 0
635 0
636 0
637 0
638 0
639 0
646 0
648 0
649 0
650 0
651 0
652 0
653 0
656 0
658 0
661 0
662 0
667 0
669 0
671 0
675 0
676 0
677 0
680 0
681 0
682 0
686 0
687 0
688 0
690 0
692 0
694 0
698 0
699 0
700 0
701 0
704 0
707 0
709 0
710 0
713 0
714 0
715 0
719 0
721 0
723 0
724 0
726 0
727 0
729 0
730 0
731 0
732 0
735 0
736 0
737 0
742 0
743 0
746 0
747 0
748 0
751 0
752 0
754 0
755 0
756 0
759 0
760 0
761 0
762 0
763 0
765 0
767 0
768 0
770 0
773 0
775 0
776 0
778 0
779 0
781 0
783 0
784 0
785 0
786 0
790 0
791 0
792 0
794 0
798 0
799 0
800 0
801 0
802 0
804 0
805 0
806 0
807 0
808 0
809 0
816 0
818 0
821 0
823 0
824 0
828 0
829 0
831 0
832 0
837 0
839 0
841 0
842 0
851 0
852 0
856 0
859 0
860 0
861 0
863 0
865 0
866 0
867 0
868 0
869 0
871 0
872 0
873 0
874 0
876 0
877 0
882 0
886 0
887 0
888 0
889 0
891 0
893 0
895 0
896 0
897 0
898 0
899 0
901 0
903 0
905 0
907 0
909 0
911 0
913 0
914 0
915 0
918 0
919 0
920 0
924 0
925 0
928 0
929 0
931 0
934 0
935 0
936 0
937 0
938 0
939 0
940 0
943 0
946 0
948 0
950 0
951 0
956 0
961 0
963 0
966 0
969 0
971 0
973 0
975 0
976 0
977 0
980 0
981 0
983 0
988 0
990 0
993 0
994 0
996 0
998 0
