c This is a uniform distributed  1-D DIMACS file 
c width height point_number
p 1000 1000 512
6 0
7 0
9 0
10 0
14 0
16 0
17 0
18 0
19 0
20 0
21 0
22 0
23 0
24 0
25 0
26 0
30 0
32 0
33 0
36 0
37 0
38 0
41 0
42 0
44 0
45 0
47 0
48 0
50 0
54 0
55 0
58 0
60 0
65 0
66 0
67 0
70 0
71 0
72 0
74 0
76 0
78 0
81 0
82 0
83 0
85 0
86 0
96 0
97 0
98 0
99 0
101 0
105 0
106 0
108 0
114 0
116 0
117 0
120 0
121 0
122 0
124 0
125 0
128 0
130 0
134 0
136 0
137 0
140 0
143 0
145 0
147 0
149 0
151 0
154 0
156 0
158 0
162 0
163 0
166 0
167 0
168 0
170 0
171 0
174 0
175 0
176 0
178 0
179 0
181 0
182 0
184 0
189 0
192 0
194 0
199 0
201 0
202 0
203 0
206 0
207 0
209 0
210 0
211 0
213 0
214 0
216 0
217 0
218 0
221 0
225 0
227 0
228 0
229 0
232 0
235 0
236 0
240 0
241 0
244 0
245 0
246 0
249 0
252 0
254 0
255 0
257 0
260 0
261 0
262 0
270 0
274 0
275 0
276 0
277 0
278 0
279 0
280 0
281 0
283 0
284 0
285 0
288 0
289 0
291 0
292 0
294 0
297 0
298 0
299 0
301 0
304 0
305 0
310 0
311 0
312 0
314 0
315 0
319 0
320 0
325 0
328 0
329 0
334 0
335 0
337 0
339 0
340 0
341 0
348 0
349 0
350 0
351 0
352 0
355 0
356 0
357 0
358 0
359 0
361 0
363 0
364 0
366 0
367 0
368 0
369 0
370 0
373 0
374 0
377 0
378 0
382 0
383 0
384 0
385 0
387 0
389 0
390 0
391 0
397 0
398 0
400 0
402 0
405 0
408 0
412 0
414 0
416 0
417 0
418 0
419 0
423 0
426 0
428 0
430 0
431 0
434 0
435 0
436 0
437 0
438 0
439 0
440 0
445 0
448 0
450 0
451 0
452 0
454 0
458 0
459 0
460 0
461 0
462 0
467 0
473 0
476 0
480 0
481 0
484 0
485 0
488 0
491 0
492 0
493 0
494 0
495 0
496 0
498 0
499 0
500 0
501 0
502 0
504 0
505 0
506 0
507 0
511 0
513 0
516 0
517 0
518 0
520 0
521 0
526 0
527 0
530 0
532 0
533 0
535 0
538 0
539 0
540 0
541 0
543 0
544 0
547 0
548 0
551 0
556 0
557 0
560 0
561 0
563 0
564 0
565 0
567 0
568 0
571 0
576 0
578 0
579 0
583 0
585 0
587 0
588 0
590 0
593 0
594 0
596 0
597 0
598 0
599 0
603 0
605 0
608 0
612 0
614 0
615 0
617 0
618 0
619 0
622 0
627 0
630 0
633 0
634 0
635 0
636 0
637 0
640 0
641 0
643 0
645 0
646 0
647 0
648 0
649 0
650 0
651 0
653 0
654 0
655 0
658 0
659 0
660 0
662 0
663 0
665 0
666 0
668 0
670 0
671 0
672 0
675 0
682 0
684 0
686 0
688 0
689 0
691 0
694 0
697 0
699 0
701 0
702 0
705 0
706 0
707 0
708 0
709 0
711 0
715 0
717 0
718 0
721 0
722 0
731 0
732 0
734 0
737 0
740 0
743 0
746 0
747 0
750 0
751 0
753 0
755 0
757 0
759 0
766 0
770 0
771 0
772 0
773 0
778 0
780 0
783 0
785 0
787 0
790 0
794 0
798 0
799 0
801 0
803 0
804 0
805 0
806 0
807 0
808 0
810 0
812 0
813 0
814 0
815 0
816 0
817 0
819 0
820 0
821 0
822 0
823 0
824 0
825 0
827 0
829 0
830 0
833 0
834 0
836 0
837 0
838 0
839 0
840 0
842 0
843 0
847 0
848 0
849 0
850 0
853 0
855 0
856 0
857 0
861 0
863 0
864 0
865 0
866 0
867 0
872 0
874 0
876 0
878 0
880 0
885 0
886 0
888 0
889 0
891 0
892 0
894 0
895 0
897 0
903 0
904 0
905 0
908 0
909 0
911 0
913 0
915 0
916 0
917 0
918 0
919 0
920 0
925 0
926 0
927 0
930 0
934 0
936 0
937 0
941 0
943 0
945 0
948 0
949 0
951 0
952 0
953 0
954 0
956 0
958 0
959 0
960 0
961 0
962 0
963 0
967 0
969 0
971 0
973 0
974 0
977 0
979 0
980 0
982 0
983 0
984 0
986 0
988 0
993 0
994 0
995 0
996 0
997 0
998 0
999 0
