c This is a uniform distributed  1-D DIMACS file 
c width height point_number
p 1000 1000 512
1 0
2 0
5 0
6 0
9 0
12 0
13 0
14 0
15 0
17 0
20 0
21 0
22 0
25 0
30 0
32 0
35 0
36 0
39 0
40 0
42 0
44 0
45 0
46 0
48 0
52 0
53 0
55 0
56 0
57 0
59 0
60 0
61 0
63 0
67 0
68 0
69 0
70 0
71 0
74 0
76 0
77 0
78 0
83 0
84 0
86 0
88 0
89 0
91 0
92 0
93 0
94 0
95 0
96 0
97 0
98 0
99 0
104 0
105 0
107 0
109 0
111 0
115 0
117 0
121 0
122 0
123 0
124 0
128 0
129 0
131 0
134 0
140 0
142 0
143 0
146 0
148 0
149 0
150 0
151 0
152 0
157 0
158 0
159 0
160 0
161 0
162 0
163 0
165 0
166 0
169 0
170 0
171 0
174 0
177 0
179 0
180 0
181 0
182 0
185 0
186 0
188 0
190 0
191 0
193 0
194 0
195 0
197 0
198 0
199 0
201 0
202 0
203 0
204 0
206 0
207 0
208 0
210 0
211 0
213 0
216 0
219 0
221 0
222 0
224 0
228 0
229 0
230 0
238 0
239 0
240 0
241 0
242 0
243 0
244 0
245 0
247 0
249 0
250 0
251 0
252 0
253 0
255 0
256 0
257 0
258 0
261 0
262 0
265 0
266 0
269 0
274 0
275 0
277 0
278 0
279 0
280 0
281 0
282 0
283 0
285 0
286 0
287 0
291 0
292 0
294 0
297 0
298 0
299 0
304 0
305 0
310 0
311 0
312 0
313 0
315 0
316 0
317 0
319 0
321 0
324 0
325 0
326 0
328 0
329 0
331 0
335 0
336 0
338 0
340 0
341 0
342 0
346 0
347 0
348 0
350 0
353 0
354 0
355 0
356 0
359 0
360 0
362 0
363 0
364 0
365 0
372 0
377 0
380 0
381 0
382 0
383 0
386 0
388 0
389 0
392 0
393 0
394 0
395 0
396 0
399 0
401 0
403 0
405 0
407 0
409 0
410 0
411 0
413 0
414 0
415 0
418 0
420 0
423 0
424 0
425 0
427 0
429 0
430 0
431 0
432 0
433 0
440 0
441 0
443 0
444 0
445 0
446 0
447 0
448 0
449 0
450 0
451 0
455 0
458 0
459 0
461 0
471 0
472 0
473 0
476 0
480 0
483 0
484 0
485 0
486 0
487 0
488 0
489 0
491 0
493 0
497 0
498 0
504 0
505 0
506 0
507 0
508 0
509 0
511 0
512 0
514 0
515 0
518 0
522 0
524 0
525 0
526 0
529 0
530 0
531 0
532 0
534 0
535 0
536 0
538 0
541 0
544 0
546 0
547 0
551 0
552 0
555 0
557 0
558 0
560 0
564 0
565 0
568 0
569 0
574 0
576 0
578 0
580 0
585 0
586 0
588 0
590 0
591 0
592 0
593 0
600 0
602 0
605 0
608 0
609 0
610 0
614 0
615 0
618 0
621 0
622 0
623 0
625 0
627 0
630 0
632 0
633 0
634 0
635 0
636 0
640 0
641 0
642 0
643 0
644 0
646 0
648 0
651 0
652 0
653 0
656 0
658 0
659 0
661 0
662 0
664 0
666 0
673 0
675 0
678 0
684 0
688 0
689 0
691 0
692 0
695 0
696 0
697 0
699 0
706 0
711 0
714 0
716 0
718 0
723 0
724 0
725 0
726 0
728 0
729 0
732 0
733 0
734 0
735 0
736 0
737 0
738 0
739 0
740 0
741 0
742 0
744 0
745 0
747 0
748 0
749 0
750 0
751 0
752 0
753 0
754 0
756 0
757 0
761 0
762 0
763 0
765 0
766 0
769 0
773 0
774 0
780 0
783 0
784 0
785 0
789 0
791 0
795 0
796 0
804 0
805 0
808 0
810 0
812 0
815 0
816 0
821 0
823 0
824 0
826 0
827 0
828 0
829 0
831 0
832 0
834 0
835 0
839 0
840 0
841 0
843 0
844 0
845 0
846 0
849 0
852 0
853 0
854 0
856 0
858 0
859 0
860 0
863 0
864 0
865 0
867 0
868 0
869 0
870 0
871 0
874 0
878 0
882 0
883 0
885 0
891 0
892 0
893 0
894 0
898 0
900 0
901 0
902 0
903 0
904 0
906 0
910 0
912 0
917 0
920 0
923 0
925 0
926 0
928 0
929 0
930 0
932 0
934 0
935 0
937 0
941 0
942 0
949 0
950 0
953 0
955 0
956 0
959 0
961 0
964 0
965 0
967 0
969 0
973 0
975 0
985 0
988 0
990 0
991 0
994 0
999 0
