c This is a uniform distributed  1-D DIMACS file 
c width height point_number
p 1000 1000 512
1 0
2 0
6 0
7 0
8 0
9 0
11 0
12 0
13 0
15 0
17 0
19 0
20 0
22 0
29 0
30 0
32 0
33 0
34 0
36 0
37 0
40 0
42 0
43 0
45 0
46 0
48 0
50 0
57 0
60 0
68 0
69 0
70 0
73 0
74 0
76 0
77 0
78 0
79 0
80 0
83 0
84 0
85 0
86 0
87 0
88 0
89 0
90 0
91 0
92 0
93 0
94 0
96 0
101 0
103 0
104 0
105 0
106 0
107 0
108 0
112 0
113 0
115 0
119 0
120 0
122 0
124 0
125 0
127 0
130 0
131 0
132 0
134 0
136 0
137 0
138 0
140 0
144 0
145 0
146 0
151 0
152 0
153 0
157 0
158 0
161 0
162 0
163 0
166 0
168 0
170 0
174 0
175 0
176 0
177 0
179 0
181 0
182 0
183 0
184 0
185 0
186 0
188 0
190 0
191 0
195 0
196 0
197 0
198 0
199 0
202 0
204 0
207 0
209 0
211 0
212 0
213 0
214 0
215 0
216 0
220 0
225 0
226 0
227 0
228 0
231 0
232 0
234 0
235 0
239 0
241 0
242 0
244 0
246 0
247 0
248 0
251 0
255 0
256 0
258 0
259 0
261 0
266 0
267 0
268 0
269 0
270 0
275 0
276 0
277 0
280 0
283 0
287 0
288 0
289 0
291 0
293 0
294 0
296 0
299 0
302 0
304 0
305 0
310 0
311 0
312 0
313 0
314 0
316 0
318 0
321 0
323 0
326 0
330 0
332 0
333 0
334 0
336 0
338 0
339 0
342 0
343 0
344 0
346 0
347 0
349 0
350 0
355 0
357 0
360 0
364 0
365 0
367 0
369 0
370 0
371 0
374 0
375 0
377 0
379 0
381 0
383 0
384 0
387 0
392 0
393 0
394 0
395 0
399 0
401 0
402 0
403 0
405 0
406 0
407 0
411 0
414 0
416 0
417 0
422 0
425 0
426 0
428 0
429 0
430 0
433 0
434 0
435 0
437 0
439 0
440 0
441 0
444 0
445 0
449 0
451 0
457 0
459 0
461 0
462 0
463 0
465 0
469 0
470 0
471 0
475 0
476 0
477 0
478 0
480 0
482 0
484 0
487 0
489 0
491 0
495 0
496 0
497 0
498 0
502 0
503 0
507 0
513 0
517 0
518 0
520 0
521 0
522 0
523 0
525 0
528 0
530 0
533 0
534 0
536 0
537 0
538 0
539 0
540 0
544 0
546 0
547 0
549 0
550 0
551 0
553 0
555 0
556 0
560 0
561 0
562 0
567 0
574 0
575 0
576 0
577 0
580 0
581 0
582 0
584 0
585 0
589 0
590 0
593 0
594 0
600 0
602 0
605 0
606 0
607 0
608 0
609 0
613 0
615 0
616 0
617 0
618 0
623 0
625 0
626 0
629 0
630 0
631 0
632 0
634 0
635 0
637 0
638 0
639 0
640 0
641 0
646 0
647 0
648 0
649 0
655 0
660 0
662 0
666 0
671 0
673 0
676 0
677 0
679 0
683 0
684 0
685 0
687 0
688 0
689 0
690 0
691 0
693 0
694 0
696 0
698 0
699 0
704 0
705 0
708 0
710 0
711 0
712 0
716 0
718 0
720 0
722 0
724 0
727 0
728 0
729 0
731 0
736 0
739 0
742 0
746 0
750 0
754 0
760 0
763 0
764 0
765 0
766 0
767 0
773 0
775 0
776 0
777 0
781 0
785 0
787 0
788 0
794 0
797 0
798 0
803 0
804 0
806 0
808 0
809 0
810 0
812 0
815 0
817 0
820 0
822 0
823 0
824 0
825 0
827 0
828 0
830 0
832 0
833 0
834 0
835 0
836 0
837 0
839 0
842 0
843 0
845 0
847 0
848 0
850 0
851 0
852 0
853 0
854 0
855 0
856 0
857 0
860 0
862 0
863 0
865 0
866 0
868 0
872 0
874 0
875 0
876 0
877 0
878 0
881 0
885 0
886 0
889 0
890 0
891 0
892 0
893 0
895 0
896 0
897 0
902 0
904 0
905 0
908 0
909 0
910 0
911 0
912 0
914 0
915 0
917 0
918 0
919 0
920 0
924 0
925 0
928 0
930 0
931 0
932 0
933 0
937 0
938 0
939 0
940 0
941 0
943 0
945 0
947 0
948 0
950 0
951 0
953 0
955 0
959 0
960 0
961 0
965 0
966 0
967 0
970 0
971 0
974 0
978 0
980 0
982 0
984 0
986 0
987 0
988 0
989 0
990 0
992 0
993 0
995 0
997 0
999 0
