c This is a uniform distributed  1-D DIMACS file 
c width height point_number
p 1000 1000 512
1 0
2 0
3 0
6 0
7 0
9 0
10 0
11 0
14 0
15 0
17 0
18 0
19 0
20 0
21 0
23 0
25 0
26 0
28 0
30 0
31 0
32 0
33 0
37 0
39 0
40 0
42 0
44 0
45 0
47 0
48 0
49 0
55 0
56 0
57 0
59 0
62 0
64 0
65 0
66 0
68 0
70 0
71 0
74 0
75 0
77 0
78 0
79 0
80 0
81 0
82 0
83 0
84 0
87 0
88 0
89 0
91 0
92 0
93 0
95 0
96 0
97 0
99 0
101 0
102 0
103 0
104 0
106 0
110 0
111 0
113 0
114 0
115 0
117 0
119 0
120 0
123 0
126 0
128 0
131 0
136 0
137 0
138 0
143 0
145 0
146 0
147 0
148 0
153 0
155 0
158 0
159 0
161 0
162 0
165 0
168 0
169 0
170 0
171 0
172 0
173 0
174 0
175 0
176 0
178 0
181 0
182 0
183 0
184 0
186 0
187 0
189 0
190 0
191 0
192 0
193 0
201 0
203 0
205 0
206 0
207 0
210 0
211 0
212 0
215 0
216 0
217 0
218 0
219 0
221 0
222 0
224 0
226 0
227 0
228 0
230 0
232 0
234 0
236 0
238 0
239 0
240 0
242 0
244 0
246 0
249 0
252 0
253 0
255 0
256 0
257 0
258 0
261 0
263 0
264 0
265 0
266 0
269 0
271 0
272 0
275 0
277 0
278 0
281 0
285 0
288 0
290 0
291 0
292 0
295 0
299 0
302 0
305 0
308 0
309 0
312 0
315 0
316 0
319 0
321 0
322 0
325 0
329 0
333 0
334 0
336 0
338 0
340 0
341 0
346 0
351 0
352 0
358 0
363 0
365 0
368 0
370 0
372 0
373 0
374 0
375 0
376 0
377 0
378 0
379 0
381 0
382 0
383 0
384 0
388 0
390 0
392 0
394 0
398 0
399 0
401 0
402 0
403 0
404 0
406 0
408 0
409 0
411 0
412 0
413 0
414 0
415 0
416 0
419 0
423 0
429 0
430 0
431 0
432 0
436 0
438 0
443 0
447 0
450 0
451 0
454 0
456 0
458 0
460 0
461 0
462 0
466 0
469 0
472 0
474 0
475 0
477 0
484 0
485 0
488 0
491 0
492 0
494 0
497 0
498 0
500 0
504 0
507 0
508 0
509 0
511 0
512 0
517 0
519 0
520 0
521 0
523 0
524 0
528 0
529 0
530 0
531 0
532 0
535 0
536 0
537 0
539 0
540 0
542 0
543 0
544 0
547 0
548 0
549 0
550 0
551 0
552 0
554 0
556 0
559 0
561 0
567 0
570 0
571 0
572 0
573 0
577 0
583 0
585 0
586 0
589 0
590 0
594 0
598 0
599 0
604 0
606 0
607 0
608 0
610 0
615 0
617 0
618 0
619 0
622 0
623 0
625 0
626 0
628 0
633 0
634 0
638 0
639 0
640 0
641 0
643 0
646 0
649 0
650 0
652 0
656 0
659 0
660 0
661 0
663 0
667 0
669 0
671 0
672 0
673 0
674 0
675 0
677 0
678 0
679 0
686 0
687 0
690 0
691 0
692 0
695 0
697 0
700 0
701 0
702 0
703 0
705 0
706 0
707 0
708 0
709 0
711 0
713 0
714 0
716 0
718 0
720 0
721 0
722 0
723 0
726 0
727 0
728 0
730 0
739 0
741 0
742 0
744 0
745 0
746 0
747 0
750 0
751 0
752 0
753 0
756 0
759 0
762 0
766 0
769 0
770 0
771 0
772 0
777 0
779 0
780 0
781 0
782 0
784 0
785 0
787 0
789 0
791 0
795 0
800 0
802 0
804 0
805 0
809 0
810 0
816 0
818 0
826 0
827 0
828 0
830 0
831 0
832 0
834 0
836 0
837 0
838 0
839 0
840 0
845 0
846 0
847 0
849 0
850 0
851 0
854 0
860 0
861 0
863 0
865 0
866 0
868 0
869 0
870 0
874 0
875 0
877 0
879 0
880 0
882 0
883 0
884 0
885 0
886 0
888 0
890 0
893 0
894 0
897 0
898 0
899 0
900 0
901 0
902 0
903 0
904 0
905 0
907 0
908 0
911 0
912 0
914 0
915 0
919 0
920 0
921 0
922 0
923 0
924 0
926 0
928 0
931 0
932 0
933 0
935 0
938 0
941 0
943 0
946 0
947 0
949 0
950 0
952 0
959 0
961 0
966 0
968 0
972 0
973 0
975 0
976 0
977 0
979 0
980 0
981 0
982 0
983 0
987 0
988 0
990 0
991 0
999 0
